Time	speed	torque	motor_current	motor_current_thd	motor_voltage	motor_power	line_voltage	line_current	line_power	motor_temperature	Test_Marker	BD_Target_Speed	BD_Target_Accel	BD_Update_Cmd	Mcl_Quantities.Speed_Rot_Mech	Mcl_Quantities.Torque	Mcl_Quantities.Torque_Ref	Mcl_Quantities.Stator_Flux_Mag	Mcl_Quantities.Flux_Ref	Mcl_Quantities.Id_stator_current	Mcl_Quantities.Iq_stator_current	Mcl_Quantities.Id_rotor_current	Rotor_Curr_Iq	Flux_Controller.Out	Torque_Controller.Out	DC_Bus_RMS	Mcl_Quantities.Electrical_Power	Mcl_Quantities.Stator_Temperature	Mcl_Quantities.Is_Abs	Mcl_Quantities.IsRMS	SR_Overheating_Temp
0.7404	0.0000	-0.0000	0.0000	0.0000	0.0000	-0.0100	230.3980	0.0301	1.7200	70.6804	NOT CONNECTED	NOT CONNECTED	NOT CONNECTED	NOT CONNECTED	NOT CONNECTED	NOT CONNECTED	NOT CONNECTED	NOT CONNECTED	NOT CONNECTED	NOT CONNECTED	NOT CONNECTED	NOT CONNECTED	NOT CONNECTED	NOT CONNECTED	NOT CONNECTED	NOT CONNECTED	NOT CONNECTED	NOT CONNECTED	NOT CONNECTED	NOT CONNECTED	NOT CONNECTED
1.4926	0.0000	-0.0000	0.0000	0.0000	0.0000	-0.0100	230.3610	0.0000	1.6400	70.5738	NOT CONNECTED	NOT CONNECTED	NOT CONNECTED	NOT CONNECTED	NOT CONNECTED	NOT CONNECTED	NOT CONNECTED	NOT CONNECTED	NOT CONNECTED	NOT CONNECTED	NOT CONNECTED	NOT CONNECTED	NOT CONNECTED	NOT CONNECTED	NOT CONNECTED	NOT CONNECTED	NOT CONNECTED	NOT CONNECTED	NOT CONNECTED	NOT CONNECTED	NOT CONNECTED
1.5326	0.0000	-0.0000	0.0000	0.0000	0.0000	-0.0100	230.3610	0.0000	1.6400	70.5738	NOT CONNECTED	0.0000	500.0000	0.0000	0.0000	0.0000	0.0000	0.0672	0.0350	-1.8853	0.2396	-1.8977	0.1020	0.0000	0.0000	321.3419	0.0000	70.9571	1.9005	0.0047	87.4957
2.1381	0.0000	-0.0000	0.0000	0.0000	0.0000	-0.0100	230.3460	0.0000	1.6300	70.4265	NOT CONNECTED	0.0000	500.0000	0.0000	0.0000	0.0000	0.0000	0.0672	0.0350	-1.8853	0.2396	-1.8977	0.1020	0.0000	0.0000	321.2892	0.0000	70.7701	1.9005	0.0047	87.3898
2.2381	0.0000	-0.0000	0.0000	0.0000	0.0000	-0.0100	230.3460	0.0000	1.6300	70.4265	NOT CONNECTED	0.0000	500.0000	0.0000	0.0000	0.0000	0.0000	0.0672	0.0350	-1.8853	0.2396	-1.8977	0.1020	0.0000	0.0000	321.2892	0.0000	70.7701	1.9005	0.0047	87.3898
2.7434	0.0000	-0.0000	0.0000	0.0000	0.0000	-0.0100	230.3460	0.0000	1.6300	70.4265	NOT CONNECTED	0.0000	500.0000	0.0000	0.0000	0.0000	0.0000	0.0672	0.0350	-1.8853	0.2396	-1.8977	0.1020	0.0000	0.0000	321.3027	0.0000	70.5894	1.9005	0.0047	87.3898
3.3499	0.0000	-0.0000	0.0000	0.0000	0.0000	-0.0100	230.3460	0.0000	1.6300	70.4265	NOT CONNECTED	0.0000	500.0000	0.0000	0.0000	0.0000	0.0000	0.0672	0.0350	-1.8853	0.2396	-1.8977	0.1020	0.0000	0.0000	321.2404	0.0000	70.4076	1.9005	0.0046	87.2844
3.9552	0.0000	-0.0000	0.0000	0.0000	0.0000	-0.0100	230.2860	0.0000	1.6400	70.0726	NOT CONNECTED	0.0000	500.0000	0.0000	0.0000	0.0000	0.0000	0.0672	0.0350	-1.8853	0.2396	-1.8977	0.1020	0.0000	0.0000	321.2432	0.0000	70.2390	1.9005	0.0050	87.1793
4.4873	0.0000	-0.0000	0.0000	0.0000	0.0000	-0.0100	230.2860	0.0000	1.6400	70.0726	NOT CONNECTED	0.0000	500.0000	0.0000	0.0000	0.0000	0.0000	0.0672	0.0350	-1.8853	0.2396	-1.8977	0.1020	0.0000	0.0000	321.2323	0.0000	70.0759	1.9005	0.0049	87.1793
4.5619	0.0000	-0.0000	0.0000	0.0000	0.0000	-0.0100	230.2860	0.0000	1.6400	70.0726	NOT CONNECTED	0.0000	500.0000	0.0000	0.0000	0.0000	0.0000	0.0672	0.0350	-1.8853	0.2396	-1.8977	0.1020	0.0000	0.0000	321.2323	0.0000	70.0759	1.9005	0.0049	87.1793
5.1670	0.0000	-0.0000	0.0000	0.0000	0.0000	-0.0100	230.2800	0.0000	1.6300	69.9770	NOT CONNECTED	0.0000	500.0000	0.0000	0.0000	0.0000	0.0000	0.0672	0.0350	-1.8853	0.2396	-1.8977	0.1020	0.0000	0.0000	321.2134	0.0000	69.9183	1.9005	0.0046	87.0747
5.2187	0.0000	-0.0000	0.0000	0.0000	0.0000	-0.0100	230.2800	0.0000	1.6300	69.9770	NOT CONNECTED	0.0000	500.0000	0.0000	0.0000	0.0000	0.0000	0.0672	0.0350	-1.8853	0.2396	-1.8977	0.1020	0.0000	0.0000	321.2134	0.0000	69.9183	1.9005	0.0046	87.0747
5.7728	0.0000	-0.0000	0.0000	0.0000	0.0000	-0.0100	230.2750	0.0000	1.6300	69.8298	NOT CONNECTED	0.0000	500.0000	0.0000	0.0000	0.0000	0.0000	0.0672	0.0350	-1.8853	0.2396	-1.8977	0.1020	0.0000	0.0000	321.2499	0.0000	69.7658	1.9005	0.0045	87.0747
5.9828	0.0000	-0.0000	0.0000	0.0000	0.0000	-0.0100	230.2750	0.0000	1.6300	69.8298	NOT CONNECTED	0.0000	500.0000	0.0000	0.0000	0.0000	0.0000	0.0672	0.0350	-1.8853	0.2396	-1.8977	0.1020	0.0000	0.0000	321.2499	0.0000	69.7658	1.9005	0.0045	87.0747
6.3786	0.0000	-0.0000	0.0000	0.0000	0.0000	-0.0100	230.2770	0.0000	1.6300	69.7343	NOT CONNECTED	0.0000	500.0000	0.0000	0.0000	0.0000	0.0000	0.0672	0.0350	-1.8853	0.2396	-1.8977	0.1020	0.0000	0.0000	321.2161	0.0000	69.6123	1.9005	0.0046	86.9705
6.7277	0.0000	-0.0000	0.0000	0.0000	0.0000	-0.0100	230.2770	0.0000	1.6300	69.7343	NOT CONNECTED	0.0000	500.0000	0.0000	0.0000	0.0000	0.0000	0.0672	0.0350	-1.8853	0.2396	-1.8977	0.1020	0.0000	0.0000	321.2215	0.0000	69.4699	1.9005	0.0049	86.8668
6.9840	0.0000	-0.0000	0.0000	0.0000	0.0000	-0.0100	230.2770	0.0000	1.6300	69.7343	NOT CONNECTED	0.0000	500.0000	0.0000	0.0000	0.0000	0.0000	0.0672	0.0350	-1.8853	0.2396	-1.8977	0.1020	0.0000	0.0000	321.2215	0.0000	69.4699	1.9005	0.0049	86.8668
7.4762	0.0000	-0.0000	0.0000	0.0000	0.0000	-0.0100	230.2880	0.0000	1.6400	69.6092	NOT CONNECTED	0.0000	500.0000	0.0000	0.0000	0.0000	0.0000	0.0672	0.0350	-1.8853	0.2396	-1.8977	0.1020	0.0000	0.0000	321.2716	0.0000	69.3321	1.9005	0.0045	86.8668
7.5895	0.0000	-0.0000	0.0000	0.0000	0.0000	-0.0100	230.2880	0.0000	1.6400	69.6092	NOT CONNECTED	0.0000	500.0000	0.0000	0.0000	0.0000	0.0000	0.0672	0.0350	-1.8853	0.2396	-1.8977	0.1020	0.0000	0.0000	321.2716	0.0000	69.3321	1.9005	0.0045	86.8668
8.1948	0.0000	-0.0000	0.0000	0.0000	0.0000	-0.0100	230.2950	0.0000	1.6300	69.5384	NOT CONNECTED	0.0000	500.0000	0.0000	0.0000	0.0000	0.0000	0.0672	0.0350	-1.8853	0.2396	-1.8977	0.1020	0.0000	0.0000	321.2310	0.0000	69.1988	1.9005	0.0048	86.7634
8.2168	0.0000	-0.0000	0.0000	0.0000	0.0000	-0.0100	230.2950	0.0000	1.6300	69.5384	NOT CONNECTED	0.0000	500.0000	0.0000	0.0000	0.0000	0.0000	0.0672	0.0350	-1.8853	0.2396	-1.8977	0.1020	0.0000	0.0000	321.2310	0.0000	69.1988	1.9005	0.0048	86.7634
8.8004	0.0000	-0.0000	0.0000	0.0000	0.0000	-0.0100	230.3050	0.0000	1.6400	69.3615	NOT CONNECTED	0.0000	500.0000	0.0000	0.0000	0.0000	0.0000	0.0672	0.0350	-1.8853	0.2396	-1.8977	0.1020	0.0000	0.0000	321.2865	0.0000	69.0698	1.9005	0.0047	86.7634
8.9778	0.0000	-0.0000	0.0000	0.0000	0.0000	-0.0100	230.3050	0.0000	1.6400	69.3615	NOT CONNECTED	0.0000	500.0000	0.0000	0.0000	0.0000	0.0000	0.0672	0.0350	-1.8853	0.2396	-1.8977	0.1020	0.0000	0.0000	321.2865	0.0000	69.0698	1.9005	0.0047	86.7634
9.3899	0.0000	-0.0000	0.0000	0.0000	0.0000	-0.0100	230.3330	0.0000	1.6300	69.2801	NOT CONNECTED	0.0000	500.0000	0.0000	0.0000	0.0000	0.0000	0.0672	0.0350	-1.8853	0.2396	-1.8977	0.1020	0.0000	0.0000	321.2892	0.0000	68.9450	1.9005	0.0047	86.6605
9.7100	0.0000	-0.0000	0.0000	0.0000	0.0000	-0.0100	230.3330	0.0000	1.6300	69.2801	NOT CONNECTED	0.0000	500.0000	0.0000	0.0000	0.0000	0.0000	0.0672	0.0350	-1.8853	0.2396	-1.8977	0.1020	0.0000	0.0000	321.3148	0.0000	68.8242	1.9005	0.0050	86.5580
9.9956	0.0000	-0.0000	0.0000	0.0000	0.0000	-0.0100	230.3330	0.0000	1.6300	69.2801	NOT CONNECTED	0.0000	500.0000	0.0000	0.0000	0.0000	0.0000	0.0672	0.0350	-1.8853	0.2396	-1.8977	0.1020	0.0000	0.0000	321.3148	0.0000	68.8242	1.9005	0.0050	86.5580
10.4389	0.0000	-0.0000	0.0000	0.0000	0.0000	-0.0100	230.3510	0.0000	1.6300	69.1487	NOT CONNECTED	0.0000	500.0000	0.0000	0.0000	0.0000	0.0000	0.0672	0.0350	-1.8853	0.2396	-1.8977	0.1020	0.0000	0.0000	321.3541	0.0000	68.7072	1.9005	0.0049	86.5580
10.6012	0.0000	-0.0000	0.0000	0.0000	0.0000	-0.0100	230.3510	0.0000	1.6300	69.1487	NOT CONNECTED	0.0000	500.0000	0.0000	0.0000	0.0000	0.0000	0.0672	0.0350	-1.8853	0.2396	-1.8977	0.1020	0.0000	0.0000	321.3541	0.0000	68.7072	1.9005	0.0049	86.5580
11.1806	0.0000	-0.0000	0.0000	0.0000	0.0000	-0.0100	230.3900	0.0000	1.6400	69.0466	NOT CONNECTED	0.0000	500.0000	0.0000	0.0000	0.0000	0.0000	0.0672	0.0350	-1.8853	0.2396	-1.8977	0.1020	0.0000	0.0000	321.3649	0.0000	68.5894	1.9005	0.0047	86.4559
11.2228	0.0000	-0.0000	0.0000	0.0000	0.0000	-0.0100	230.3900	0.0000	1.6400	69.0466	NOT CONNECTED	0.0000	500.0000	0.0000	0.0000	0.0000	0.0000	0.0672	0.0350	-1.8853	0.2396	-1.8977	0.1020	0.0000	0.0000	321.3649	0.0000	68.5894	1.9005	0.0047	86.4559
11.8115	0.0000	-0.0000	0.0000	0.0000	0.0000	-0.0100	230.4080	0.0000	1.6500	68.9667	NOT CONNECTED	0.0000	500.0000	0.0000	0.0000	0.0000	0.0000	0.0672	0.0350	-1.8853	0.2396	-1.8977	0.1020	0.0000	0.0000	321.3947	0.0000	68.4799	1.9005	0.0047	86.4559
11.9157	0.0000	-0.0000	0.0000	0.0000	0.0000	-0.0100	230.4080	0.0000	1.6500	68.9667	NOT CONNECTED	0.0000	500.0000	0.0000	0.0000	0.0000	0.0000	0.0672	0.0350	-1.8853	0.2396	-1.8977	0.1020	0.0000	0.0000	321.3947	0.0000	68.4799	1.9005	0.0047	86.4559
12.4176	0.0000	-0.0000	0.0000	0.0000	0.0000	-0.0100	230.4500	0.0000	1.6500	68.8365	NOT CONNECTED	0.0000	500.0000	0.0000	0.0000	0.0000	0.0000	0.0672	0.0350	-1.8853	0.2396	-1.8977	0.1020	0.0000	0.0000	321.4285	0.0000	68.3739	1.9005	0.0047	86.3542
12.6615	0.0000	-0.0000	0.0000	0.0000	0.0000	-0.0100	230.4500	0.0000	1.6500	68.8365	NOT CONNECTED	0.0000	500.0000	0.0000	0.0000	0.0000	0.0000	0.0672	0.0350	-1.8853	0.2396	-1.8977	0.1020	0.0000	0.0000	321.4285	0.0000	68.3739	1.9005	0.0047	86.3542
13.0230	0.0000	-0.0000	0.0000	0.0000	0.0000	-0.0100	230.4500	0.0000	1.6500	68.8365	NOT CONNECTED	0.0000	500.0000	0.0000	0.0000	0.0000	0.0000	0.0672	0.0350	-1.8853	0.2396	-1.8977	0.1020	0.0000	0.0000	321.4366	0.0000	68.2713	1.9005	0.0045	86.2529
13.6290	0.0000	-0.0000	0.0000	0.0000	0.0000	-0.0100	230.4920	0.0000	1.6500	68.7387	NOT CONNECTED	0.0000	500.0000	0.0000	0.0000	0.0000	0.0000	0.0672	0.0350	-1.8853	0.2396	-1.8977	0.1020	0.0000	0.0000	321.4636	0.0000	68.1678	1.9005	0.0045	86.2529
13.6376	0.0000	-0.0000	0.0000	0.0000	0.0000	-0.0100	230.4920	0.0000	1.6500	68.7387	NOT CONNECTED	0.0000	500.0000	0.0000	0.0000	0.0000	0.0000	0.0672	0.0350	-1.8853	0.2396	-1.8977	0.1020	0.0000	0.0000	321.4636	0.0000	68.1678	1.9005	0.0045	86.2529
14.2188	0.0000	-0.0000	0.0000	0.0000	0.0000	-0.0100	230.5140	0.0000	1.6500	68.6492	NOT CONNECTED	0.0000	500.0000	0.0000	0.0000	0.0000	0.0000	0.0672	0.0350	-1.8853	0.2396	-1.8977	0.1020	0.0000	0.0000	321.4947	0.0000	68.0756	1.9005	0.0049	86.1520
14.3826	0.0000	-0.0000	0.0000	0.0000	0.0000	-0.0100	230.5140	0.0000	1.6500	68.6492	NOT CONNECTED	0.0000	500.0000	0.0000	0.0000	0.0000	0.0000	0.0672	0.0350	-1.8853	0.2396	-1.8977	0.1020	0.0000	0.0000	321.4947	0.0000	68.0756	1.9005	0.0049	86.1520
14.8086	0.0000	-0.0000	0.0000	0.0000	0.0000	-0.0100	230.5500	0.0000	1.6400	68.5110	NOT CONNECTED	0.0000	500.0000	0.0000	0.0000	0.0000	0.0000	0.0672	0.0350	-1.8853	0.2396	-1.8977	0.1020	0.0000	0.0000	321.5380	0.0000	67.9823	1.9005	0.0046	86.1520
15.1282	0.0000	-0.0000	0.0000	0.0000	0.0000	-0.0100	230.5500	0.0000	1.6400	68.5110	NOT CONNECTED	8000.0000	500.0000	0.0000	0.0000	0.0000	0.0000	0.0672	0.0350	-1.8853	0.2396	-1.8977	0.1020	0.0000	0.0000	321.5651	0.0000	67.8919	1.9005	0.0047	86.0515
15.4300	0.0000	-0.0000	0.0000	0.0000	0.0000	-0.0100	230.5500	0.0000	1.6400	68.5110	NOT CONNECTED	8000.0000	500.0000	0.0000	0.0000	0.0000	0.0000	0.0672	0.0350	-1.8853	0.2396	-1.8977	0.1020	0.0000	0.0000	321.5651	0.0000	67.8919	1.9005	0.0047	86.0515
15.8670	0.0000	-0.0000	0.0000	0.0000	0.0000	-0.0100	230.5660	0.0000	1.6400	68.4396	NOT CONNECTED	8000.0000	500.0000	0.0000	0.0000	0.0000	0.0000	0.0672	0.0350	-1.8853	0.2396	-1.8977	0.1020	0.0000	0.0000	321.5610	0.0000	67.8007	1.9005	0.0049	85.9514
16.0352	0.0000	-0.0000	0.0000	0.0000	0.0000	-0.0100	230.5660	0.0000	1.6400	68.4396	NOT CONNECTED	8000.0000	500.0000	0.0000	0.0000	0.0000	0.0000	0.0672	0.0350	-1.8853	0.2396	-1.8977	0.1020	0.0000	0.0000	321.5610	0.0000	67.8007	1.9005	0.0049	85.9514
16.6030	0.0000	-0.0000	0.0000	0.0000	0.0000	-0.0100	230.5940	0.0000	1.6400	68.3318	NOT CONNECTED	8000.0000	500.0000	0.0000	0.0000	0.0000	0.0000	0.0672	0.0350	-1.8853	0.2396	-1.8977	0.1020	0.0000	0.0000	321.6179	0.0000	67.7125	1.9005	0.0047	85.9514
16.6571	0.0000	-0.0000	0.0000	0.0000	0.0000	-0.0100	230.5940	0.0000	1.6400	68.3318	NOT CONNECTED	8000.0000	500.0000	0.0000	0.0000	0.0000	0.0000	0.0672	0.0350	-1.8853	0.2396	-1.8977	0.1020	0.0000	0.0000	321.6179	0.0000	67.7125	1.9005	0.0047	85.9514
17.2626	0.0000	-0.0000	0.0000	0.0000	0.0000	-0.0100	230.6070	0.0000	1.6400	68.2529	NOT CONNECTED	8000.0000	500.0000	0.0000	0.0000	0.0000	0.0000	0.0672	0.0350	-1.8853	0.2396	-1.8977	0.1020	0.0000	0.0000	321.6192	0.0000	67.6304	1.9005	0.0048	85.8517
17.3411	0.0000	-0.0000	0.0000	0.0000	0.0000	-0.0100	230.6070	0.0000	1.6400	68.2529	NOT CONNECTED	8000.0000	500.0000	0.0000	0.0000	0.0000	0.0000	0.0672	0.0350	-1.8853	0.2396	-1.8977	0.1020	0.0000	0.0000	321.6192	0.0000	67.6304	1.9005	0.0048	85.8517
17.8676	0.0000	-0.0000	0.0000	0.0000	0.0000	-0.0100	230.6260	0.0000	1.6500	68.1479	NOT CONNECTED	8000.0000	500.0000	0.0000	0.0000	0.0000	0.0000	0.0672	0.0350	-1.8853	0.2396	-1.8977	0.1020	0.0000	0.0000	321.6314	0.0000	67.5508	1.9005	0.0049	85.8517
18.0835	0.0000	-0.0000	0.0000	0.0000	0.0000	-0.0100	230.6260	0.0000	1.6500	68.1479	NOT CONNECTED	8000.0000	500.0000	0.0000	0.0000	0.0000	0.0000	0.0672	0.0350	-1.8853	0.2396	-1.8977	0.1020	0.0000	0.0000	321.6314	0.0000	67.5508	1.9005	0.0049	85.8517
18.4729	0.0000	-0.0000	0.0000	0.0000	0.0000	-0.0100	230.6330	0.0000	1.6500	68.0164	NOT CONNECTED	8000.0000	500.0000	0.0000	0.0000	0.0000	0.0000	0.0672	0.0350	-1.8853	0.2396	-1.8977	0.1020	0.0000	0.0000	321.6504	0.0000	67.4736	1.9005	0.0047	85.7524
18.8166	0.0000	-0.0000	0.0000	0.0000	0.0000	-0.0100	230.6330	0.0000	1.6500	68.0164	NOT CONNECTED	8000.0000	500.0000	0.0000	0.0000	0.0000	0.0000	0.0672	0.0350	-1.8853	0.2396	-1.8977	0.1020	0.0000	0.0000	321.6382	0.0000	67.3988	1.9005	0.0047	85.6535
19.0791	0.0000	-0.0000	0.0000	0.0000	0.0000	-0.0100	230.6330	0.0000	1.6500	68.0164	NOT CONNECTED	8000.0000	500.0000	0.0000	0.0000	0.0000	0.0000	0.0672	0.0350	-1.8853	0.2396	-1.8977	0.1020	0.0000	0.0000	321.6382	0.0000	67.3988	1.9005	0.0047	85.6535
19.5618	0.0000	-0.0000	0.0000	0.0000	0.0000	-0.0100	230.6450	0.0000	1.6500	67.9623	NOT CONNECTED	8000.0000	500.0000	0.0000	0.0000	-0.0022	0.0000	0.0672	0.0350	0.0001	-0.0046	-1.8977	-0.0160	1.5050	0.0000	316.4888	-0.0018	67.3232	1.9005	0.0044	85.6535
19.7010	0.0000	-0.0000	0.0000	0.0000	0.0000	-0.0100	230.6450	0.0000	1.6500	67.9623	NOT CONNECTED	8000.0000	500.0000	0.0000	0.0000	-0.0022	0.0000	0.0672	0.0350	0.0001	-0.0046	-1.8977	-0.0160	1.5050	0.0000	316.4888	-0.0018	67.3232	1.9005	0.0044	85.6535
20.3064	75.0000	-0.0320	0.0000	0.0000	0.0000	-0.0100	230.6490	0.0000	1.6400	67.8407	NOT CONNECTED	8000.0000	500.0000	0.0000	2.9090	0.0142	0.0000	0.1208	0.0350	2.0634	0.0176	2.0093	-0.1279	14.0000	0.0000	314.4837	43.0036	67.2980	2.0470	1.0659	85.5550
21.0380	0.0000	-0.0020	1.3639	0.0000	12.7550	39.8700	230.6280	0.4936	54.2300	67.8088	NOT CONNECTED	8000.0000	500.0000	0.0000	0.3789	0.0276	0.0000	0.1349	0.0350	3.0341	0.0353	3.0496	0.0681	17.9999	0.0000	309.5959	91.9069	68.4499	3.0384	2.1533	85.5096
21.4850	0.0000	-0.0020	2.0258	0.0000	19.0610	87.9600	230.6050	0.9159	111.2300	67.7634	NOT CONNECTED	8000.0000	500.0000	0.0000	0.3789	0.0276	0.0000	0.1349	0.0350	3.0341	0.0353	3.0496	0.0681	17.9999	0.0000	309.5959	91.9069	68.4499	3.0384	2.1533	85.5096
21.7762	0.0000	-0.0020	2.0258	0.0000	19.0610	87.9600	230.6050	0.9159	111.2300	67.7634	NOT CONNECTED	8000.0000	500.0000	0.0000	0.3789	0.0276	0.0000	0.1349	0.0350	3.0341	0.0353	3.0496	0.0681	17.9999	0.0000	309.5959	91.9069	68.4499	3.0384	2.1533	85.5096
22.0910	0.0000	-0.0020	2.0258	0.0000	19.0610	87.9600	230.6050	0.9159	111.2300	67.7634	NOT CONNECTED	8000.0000	500.0000	0.0000	-3.6813	0.0133	0.0257	0.0742	0.0806	0.8989	0.0269	0.4723	0.0484	7.2733	0.3610	319.4130	8.3793	70.2401	0.4899	0.6917	85.7548
22.5231	0.0000	-0.0230	0.6432	0.0000	5.9970	9.0000	230.6720	0.1833	16.6100	67.7563	NOT CONNECTED	8000.0000	500.0000	0.0000	146.8078	0.2274	0.2258	0.0808	0.0806	0.9182	0.4639	0.8370	0.5177	6.1353	9.8112	318.5200	14.7489	70.1942	1.0197	0.6821	85.7548
22.6962	0.0000	-0.0230	0.6432	0.0000	5.9970	9.0000	230.6720	0.1833	16.6100	67.7563	NOT CONNECTED	8000.0000	500.0000	0.0000	146.8078	0.2274	0.2258	0.0808	0.0806	0.9182	0.4639	0.8370	0.5177	6.1353	9.8112	318.5200	14.7489	70.1942	1.0197	0.6821	85.7548
23.2617	321.0000	-0.1090	0.6559	0.0000	8.4390	8.9700	230.6540	0.1837	16.8100	67.7496	NOT CONNECTED	8000.0000	500.0000	0.0000	474.9695	0.1167	0.1014	0.0709	0.0708	0.2306	0.2805	0.1300	0.3201	1.4236	16.5326	319.2814	7.8103	70.1429	0.3507	0.2532	85.8317
23.2858	321.0000	-0.1090	0.6559	0.0000	8.4390	8.9700	230.6540	0.1837	16.8100	67.7496	NOT CONNECTED	8000.0000	500.0000	0.0000	474.9695	0.1167	0.1014	0.0709	0.0708	0.2306	0.2805	0.1300	0.3201	1.4236	16.5326	319.2814	7.8103	70.1429	0.3507	0.2532	85.8317
23.8754	682.0000	-0.1070	0.2619	0.0000	22.5590	8.6000	230.6490	0.1631	14.6500	67.7270	NOT CONNECTED	8000.0000	500.0000	0.0000	764.3311	0.1425	0.1309	0.0710	0.0709	0.2054	0.3299	0.1712	0.3274	1.3660	25.3091	318.5672	11.6614	70.0284	0.3480	0.2697	85.8317
23.9993	682.0000	-0.1070	0.2619	0.0000	22.5590	8.6000	230.6490	0.1631	14.6500	67.7270	NOT CONNECTED	8000.0000	500.0000	0.0000	764.3311	0.1425	0.1309	0.0710	0.0709	0.2054	0.3299	0.1712	0.3274	1.3660	25.3091	318.5672	11.6614	70.0284	0.3480	0.2697	85.8317
24.4810	1055.0000	-0.1090	0.2755	0.0000	31.5380	12.2500	230.6460	0.2009	18.7900	67.7488	NOT CONNECTED	8000.0000	500.0000	0.0000	1060.6716	0.1232	0.1359	0.0710	0.0708	0.3059	0.2823	0.1832	0.3219	1.3423	34.3114	317.8558	17.1202	69.9266	0.3783	0.2828	85.7669
24.7410	1055.0000	-0.1090	0.2755	0.0000	31.5380	12.2500	230.6460	0.2009	18.7900	67.7488	NOT CONNECTED	8000.0000	500.0000	0.0000	1060.6716	0.1232	0.1359	0.0710	0.0708	0.3059	0.2823	0.1832	0.3219	1.3423	34.3114	317.8558	17.1202	69.9266	0.3783	0.2828	85.7669
25.0866	1055.0000	-0.1090	0.2755	0.0000	31.5380	12.2500	230.6460	0.2009	18.7900	67.7488	NOT CONNECTED	8000.0000	500.0000	0.0000	1357.1518	0.1523	0.1784	0.0711	0.0709	0.2335	0.3621	0.1508	0.3747	1.5600	43.5095	317.1176	21.5192	69.8229	0.4052	0.2961	85.6830
25.4933	1426.0000	-0.1100	0.2938	0.0000	49.7370	20.0600	230.6390	0.2762	27.5100	67.7305	NOT CONNECTED	8000.0000	500.0000	0.0000	1670.7437	0.1452	0.1381	0.0709	0.0709	0.2305	0.3358	0.1973	0.3551	1.8732	52.6707	316.4270	26.0899	69.7291	0.4014	0.3020	85.6830
25.6922	1426.0000	-0.1100	0.2938	0.0000	49.7370	20.0600	230.6390	0.2762	27.5100	67.7305	NOT CONNECTED	8000.0000	500.0000	0.0000	1670.7437	0.1452	0.1381	0.0709	0.0709	0.2305	0.3358	0.1973	0.3551	1.8732	52.6707	316.4270	26.0899	69.7291	0.4014	0.3020	85.6830
26.2299	1800.0000	-0.1090	0.3012	0.0000	58.9570	24.2500	230.6360	0.3150	32.1600	67.7468	NOT CONNECTED	8000.0000	500.0000	0.0000	1670.7437	0.1452	0.1381	0.0709	0.0709	0.2305	0.3358	0.1973	0.3551	1.8732	52.6707	316.4270	26.0899	69.7291	0.4014	0.3020	85.6830
26.8717	2168.0000	-0.1100	0.3122	0.0000	77.1790	32.6800	230.6300	0.3887	41.2900	67.8011	NOT CONNECTED	8000.0000	500.0000	0.0000	2250.6921	0.1338	0.1768	0.0709	0.0708	0.2949	0.3067	0.2389	0.3636	1.8527	70.2700	315.2097	36.5392	69.5585	0.4669	0.3166	85.6051
26.9986	2168.0000	-0.1100	0.3122	0.0000	77.1790	32.6800	230.6300	0.3887	41.2900	67.8011	NOT CONNECTED	8000.0000	500.0000	0.0000	2250.6921	0.1338	0.1768	0.0709	0.0708	0.2949	0.3067	0.2389	0.3636	1.8527	70.2700	315.2097	36.5392	69.5585	0.4669	0.3166	85.6051
27.4766	2555.0000	-0.1100	0.3180	0.0000	86.2100	37.2400	230.6240	0.4274	46.2900	67.7886	NOT CONNECTED	8000.0000	500.0000	0.0000	2560.1219	0.1654	0.1393	0.0709	0.0709	0.2331	0.4103	0.1722	0.3612	1.3767	78.8956	314.5022	42.0303	69.4773	0.4086	0.3221	85.5322
27.7399	2555.0000	-0.1100	0.3180	0.0000	86.2100	37.2400	230.6240	0.4274	46.2900	67.7886	NOT CONNECTED	8000.0000	500.0000	0.0000	2560.1219	0.1654	0.1393	0.0709	0.0709	0.2331	0.4103	0.1722	0.3612	1.3767	78.8956	314.5022	42.0303	69.4773	0.4086	0.3221	85.5322
28.0830	2555.0000	-0.1100	0.3180	0.0000	86.2100	37.2400	230.6240	0.4274	46.2900	67.7886	NOT CONNECTED	8000.0000	500.0000	0.0000	2864.0695	0.1709	0.1376	0.0708	0.0710	0.3702	0.3922	0.2930	0.3723	1.0968	88.0195	313.7988	47.6307	69.3998	0.4888	0.3301	85.4639
28.4951	2926.0000	-0.1110	0.3282	0.0000	104.4840	46.3600	230.6190	0.5026	56.0800	67.7460	NOT CONNECTED	8000.0000	500.0000	0.0000	3163.6043	0.1292	0.1473	0.0709	0.0708	0.3312	0.2921	0.2454	0.3920	1.6468	96.7025	313.2958	53.5276	69.3228	0.4456	0.3300	85.4639
28.6874	2926.0000	-0.1110	0.3282	0.0000	104.4840	46.3600	230.6190	0.5026	56.0800	67.7460	NOT CONNECTED	8000.0000	500.0000	0.0000	3163.6043	0.1292	0.1473	0.0709	0.0708	0.3312	0.2921	0.2454	0.3920	1.6468	96.7025	313.2958	53.5276	69.3228	0.4456	0.3300	85.4639
29.2226	3292.0000	-0.1120	0.3347	0.0000	113.7330	51.5700	230.6150	0.5441	61.5900	67.7402	NOT CONNECTED	8000.0000	500.0000	0.0000	3467.7996	0.1600	0.1446	0.0709	0.0709	0.2276	0.3880	0.2472	0.3849	1.8618	105.9453	312.5821	59.0726	69.2517	0.4567	0.3440	85.4009
29.2940	3292.0000	-0.1120	0.3347	0.0000	113.7330	51.5700	230.6150	0.5441	61.5900	67.7402	NOT CONNECTED	8000.0000	500.0000	0.0000	3467.7996	0.1600	0.1446	0.0709	0.0709	0.2276	0.3880	0.2472	0.3849	1.8618	105.9453	312.5821	59.0726	69.2517	0.4567	0.3440	85.4009
29.8995	3663.0000	-0.1150	0.3464	0.0000	132.0820	62.3300	230.6080	0.6302	72.9500	67.6960	NOT CONNECTED	8000.0000	500.0000	0.0000	3758.8529	0.1478	0.1913	0.0710	0.0709	0.2761	0.3413	0.2912	0.4623	2.0980	116.1904	312.0402	66.4410	69.1845	0.5585	0.3528	85.4009
30.0013	3663.0000	-0.1150	0.3464	0.0000	132.0820	62.3300	230.6080	0.6302	72.9500	67.6960	NOT CONNECTED	8000.0000	500.0000	0.0000	3758.8529	0.1478	0.1913	0.0710	0.0709	0.2761	0.3413	0.2912	0.4623	2.0980	116.1904	312.0402	66.4410	69.1845	0.5585	0.3528	85.4009
30.5052	4053.0000	-0.1150	0.3532	0.0000	141.1740	68.2400	230.6050	0.6784	79.1900	67.5909	NOT CONNECTED	8000.0000	500.0000	0.0000	4069.8229	0.1479	0.1664	0.0710	0.0709	0.2957	0.3572	0.1761	0.3925	1.7802	125.7982	311.3784	73.9810	69.1205	0.4623	0.3596	85.3429
30.7436	4053.0000	-0.1150	0.3532	0.0000	141.1740	68.2400	230.6050	0.6784	79.1900	67.5909	NOT CONNECTED	8000.0000	500.0000	0.0000	4069.8229	0.1479	0.1664	0.0710	0.0709	0.2957	0.3572	0.1761	0.3925	1.7802	125.7982	311.3784	73.9810	69.1205	0.4623	0.3596	85.3429
31.1108	4053.0000	-0.1150	0.3532	0.0000	141.1740	68.2400	230.6050	0.6784	79.1900	67.5909	NOT CONNECTED	8000.0000	500.0000	0.0000	4375.2690	0.1816	0.1513	0.0709	0.0710	0.3550	0.4090	0.2647	0.4905	2.4218	135.5682	310.7464	81.0944	69.0595	0.4831	0.3672	85.2904
31.5005	4423.0000	-0.1200	0.3676	0.0000	159.6280	80.2000	230.6030	0.7718	91.7400	67.5271	NOT CONNECTED	8000.0000	500.0000	0.0000	4668.5645	0.1762	0.1857	0.0710	0.0709	0.3611	0.3999	0.3329	0.4919	1.5457	143.2088	310.1906	87.8694	68.9992	0.5755	0.3619	85.2904
31.7158	4423.0000	-0.1200	0.3676	0.0000	159.6280	80.2000	230.6030	0.7718	91.7400	67.5271	NOT CONNECTED	8000.0000	500.0000	0.0000	4668.5645	0.1762	0.1857	0.0710	0.0709	0.3611	0.3999	0.3329	0.4919	1.5457	143.2088	310.1906	87.8694	68.9992	0.5755	0.3619	85.2904
32.2431	4803.0000	-0.1220	0.3719	0.0000	168.9520	86.2400	230.6010	0.8175	97.9700	67.4418	NOT CONNECTED	8000.0000	500.0000	0.0000	4976.1108	0.2120	0.1693	0.0709	0.0711	0.2882	0.5238	0.2036	0.4660	2.4234	152.6105	309.6031	94.2900	68.9431	0.4742	0.3836	85.2442
32.3220	4803.0000	-0.1220	0.3719	0.0000	168.9520	86.2400	230.6010	0.8175	97.9700	67.4418	NOT CONNECTED	8000.0000	500.0000	0.0000	4976.1108	0.2120	0.1693	0.0709	0.0711	0.2882	0.5238	0.2036	0.4660	2.4234	152.6105	309.6031	94.2900	68.9431	0.4742	0.3836	85.2442
33.0007	5172.0000	-0.1240	0.3840	0.0000	187.4240	99.3300	230.5940	0.9142	111.5700	67.3817	NOT CONNECTED	8000.0000	500.0000	0.0000	5534.5716	0.1834	0.1781	0.0711	0.0710	0.2982	0.4338	0.2822	0.4230	-4.3670	164.9590	308.5680	114.1450	68.8452	0.5569	0.3813	85.0289
33.4370	5551.0000	-0.1260	0.3896	0.0000	196.6330	105.9100	230.5930	0.9612	118.2800	67.2781	NOT CONNECTED	8000.0000	500.0000	0.0000	5534.5716	0.1834	0.1781	0.0711	0.0710	0.2982	0.4338	0.2822	0.4230	-4.3670	164.9590	308.5680	114.1450	68.8452	0.5569	0.3813	85.0289
33.7390	5551.0000	-0.1260	0.3896	0.0000	196.6330	105.9100	230.5930	0.9612	118.2800	67.2781	NOT CONNECTED	8000.0000	500.0000	0.0000	5534.5716	0.1834	0.1781	0.0711	0.0710	0.2982	0.4338	0.2822	0.4230	-4.3670	164.9590	308.5680	114.1450	68.8452	0.5569	0.3813	85.0289
34.0425	5551.0000	-0.1260	0.3896	0.0000	196.6330	105.9100	230.5930	0.9612	118.2800	67.2781	NOT CONNECTED	8000.0000	500.0000	0.0000	5848.9564	0.1943	0.1548	0.0700	0.0690	0.0580	0.5049	0.1547	0.5780	2.3332	164.1142	308.1121	120.4575	68.7952	0.5347	0.3886	84.8199
34.4968	5919.0000	-0.1290	0.3890	0.0000	213.0180	119.2900	230.5880	1.0533	131.5300	67.1867	NOT CONNECTED	8000.0000	500.0000	0.0000	6135.5338	0.2013	0.1875	0.0675	0.0656	0.0410	0.4965	0.0425	0.5748	2.8343	169.3164	308.1372	127.2228	68.7449	0.4187	0.3607	84.8199
34.6324	5919.0000	-0.1290	0.3890	0.0000	213.0180	119.2900	230.5880	1.0533	131.5300	67.1867	NOT CONNECTED	8000.0000	500.0000	0.0000	6135.5338	0.2013	0.1875	0.0675	0.0656	0.0410	0.4965	0.0425	0.5748	2.8343	169.3164	308.1372	127.2228	68.7449	0.4187	0.3607	84.8199
35.2386	6297.0000	-0.1320	0.3566	0.0000	213.6270	124.5200	230.5890	1.0893	136.5100	67.0761	NOT CONNECTED	8000.0000	500.0000	0.0000	6435.3849	0.1638	0.1773	0.0618	0.0640	-0.1915	0.4598	-0.3223	0.4499	-1.1503	170.9740	307.6216	134.6319	68.6918	0.6743	0.3555	84.6181
35.2426	6297.0000	-0.1320	0.3566	0.0000	213.6270	124.5200	230.5890	1.0893	136.5100	67.0761	NOT CONNECTED	8000.0000	500.0000	0.0000	6435.3849	0.1638	0.1773	0.0618	0.0640	-0.1915	0.4598	-0.3223	0.4499	-1.1503	170.9740	307.6216	134.6319	68.6918	0.6743	0.3555	84.6181
35.8438	6669.0000	-0.1360	0.4003	0.0000	212.1400	136.0700	230.5880	1.1758	148.6000	67.0133	NOT CONNECTED	8000.0000	500.0000	0.0000	6725.1417	0.2038	0.2225	0.0604	0.0593	-0.4251	0.5846	-0.3204	0.4870	-1.8244	167.5392	307.0863	142.2847	68.6422	0.6439	0.3921	84.6181
36.0021	6669.0000	-0.1360	0.4003	0.0000	212.1400	136.0700	230.5880	1.1758	148.6000	67.0133	NOT CONNECTED	8000.0000	500.0000	0.0000	6725.1417	0.2038	0.2225	0.0604	0.0593	-0.4251	0.5846	-0.3204	0.4870	-1.8244	167.5392	307.0863	142.2847	68.6422	0.6439	0.3921	84.6181
36.4481	7043.0000	-0.1370	0.4515	0.0000	212.5640	142.0500	230.5830	1.2220	155.0100	66.9154	NOT CONNECTED	8000.0000	500.0000	0.0000	7044.9714	0.1543	0.1636	0.0594	0.0588	-0.4643	0.3884	-0.3891	0.4178	3.0720	168.2230	306.6727	150.9001	68.6024	0.8166	0.4516	84.4209
36.7461	7043.0000	-0.1370	0.4515	0.0000	212.5640	142.0500	230.5830	1.2220	155.0100	66.9154	NOT CONNECTED	8000.0000	500.0000	0.0000	7044.9714	0.1543	0.1636	0.0594	0.0588	-0.4643	0.3884	-0.3891	0.4178	3.0720	168.2230	306.6727	150.9001	68.6024	0.8166	0.4516	84.4209
37.0543	7043.0000	-0.1370	0.4515	0.0000	212.5640	142.0500	230.5830	1.2220	155.0100	66.9154	NOT CONNECTED	8000.0000	500.0000	0.0000	7340.9250	0.1948	0.1797	0.0567	0.0530	-0.6155	0.5564	-0.4588	0.5392	-8.3899	174.4481	306.2405	167.7009	68.5772	0.6984	0.5499	84.2362
37.4956	7417.0000	-0.1400	0.5831	0.0000	213.2670	157.8500	230.5810	1.3389	172.1100	66.8576	NOT CONNECTED	8000.0000	500.0000	0.0000	7626.8980	0.2142	0.2270	0.0512	0.0531	-0.7405	0.6884	-1.0355	0.6432	-13.9815	165.1767	305.8042	170.6236	68.5705	1.0784	0.6427	84.2362
37.6597	7417.0000	-0.1400	0.5831	0.0000	213.2670	157.8500	230.5810	1.3389	172.1100	66.8576	NOT CONNECTED	8000.0000	500.0000	0.0000	7626.8980	0.2142	0.2270	0.0512	0.0531	-0.7405	0.6884	-1.0355	0.6432	-13.9815	165.1767	305.8042	170.6236	68.5705	1.0784	0.6427	84.2362
38.2389	7790.0000	-0.1450	0.6417	0.0000	213.6190	164.9400	230.5790	1.3955	179.7400	66.7638	NOT CONNECTED	8000.0000	500.0000	0.0000	7937.4821	0.2238	0.2046	0.0524	0.0507	-0.7431	0.7499	-0.9072	0.4505	0.5686	170.0236	305.2976	182.7813	68.5900	0.8422	0.6724	84.0668
38.2500	7790.0000	-0.1450	0.6417	0.0000	213.6190	164.9400	230.5790	1.3955	179.7400	66.7638	NOT CONNECTED	8000.0000	500.0000	0.0000	7937.4821	0.2238	0.2046	0.0524	0.0507	-0.7431	0.7499	-0.9072	0.4505	0.5686	170.0236	305.2976	182.7813	68.5900	0.8422	0.6724	84.0668
38.8552	8032.0000	-0.0630	0.6671	0.0000	216.5750	132.3600	230.6050	1.1905	146.8100	66.7301	NOT CONNECTED	8000.0000	500.0000	0.0000	8016.1362	0.1427	0.1192	0.0524	0.0513	-0.9245	0.4929	-0.6304	0.0857	-12.5370	182.4802	311.7597	97.8345	68.6104	0.9147	0.5722	84.0668
39.0000	8032.0000	-0.0630	0.6671	0.0000	216.5750	132.3600	230.6050	1.1905	146.8100	66.7301	NOT CONNECTED	8000.0000	500.0000	0.0000	8016.1362	0.1427	0.1192	0.0524	0.0513	-0.9245	0.4929	-0.6304	0.0857	-12.5370	182.4802	311.7597	97.8345	68.6104	0.9147	0.5722	84.0668
39.4614	8032.0000	-0.0630	0.6671	0.0000	216.5750	132.3600	230.6050	1.1905	146.8100	66.7301	NOT CONNECTED	8000.0000	500.0000	0.0000	7999.0909	0.1525	0.1186	0.0514	0.0517	-0.5585	0.3922	-0.4689	0.1829	-18.1434	175.2464	310.8365	107.9360	68.6001	1.2530	0.5800	83.9187
40.0666	7996.0000	-0.0640	0.6314	0.0000	217.8230	102.3000	230.6020	0.9562	113.5300	66.5754	NOT CONNECTED	8000.0000	500.0000	0.0000	8007.2326	0.1161	0.1101	0.0511	0.0525	-0.8292	0.4177	-0.8533	0.2365	-11.0712	176.4220	310.6706	110.1203	68.5950	0.9376	0.5931	83.7680
40.2485	7996.0000	-0.0640	0.6314	0.0000	217.8230	102.3000	230.6020	0.9562	113.5300	66.5754	NOT CONNECTED	8000.0000	500.0000	0.0000	8007.2326	0.1161	0.1101	0.0511	0.0525	-0.8292	0.4177	-0.8533	0.2365	-11.0712	176.4220	310.6706	110.1203	68.5950	0.9376	0.5931	83.7680
40.6721	8002.0000	-0.0630	0.6081	0.0000	218.3720	102.8300	230.6060	0.9580	113.9800	66.5271	NOT CONNECTED	8000.0000	500.0000	0.0000	7994.1496	0.0758	0.1265	0.0506	0.0510	-0.6911	0.2185	-0.6940	0.2551	-1.8524	173.2419	310.7351	107.7006	68.5851	1.0953	0.6273	83.7680
41.0021	8002.0000	-0.0630	0.6081	0.0000	218.3720	102.8300	230.6060	0.9580	113.9800	66.5271	NOT CONNECTED	8000.0000	500.0000	0.0000	8014.2104	0.0730	0.1002	0.0506	0.0520	-0.5836	0.2073	-0.8390	0.1892	-13.7406	177.7583	310.7095	109.4779	68.5847	1.0153	0.5808	83.6095
41.2776	8002.0000	-0.0630	0.6081	0.0000	218.3720	102.8300	230.6060	0.9580	113.9800	66.5271	NOT CONNECTED	8000.0000	500.0000	0.0000	8014.2104	0.0730	0.1002	0.0506	0.0520	-0.5836	0.2073	-0.8390	0.1892	-13.7406	177.7583	310.7095	109.4779	68.5847	1.0153	0.5808	83.6095
41.8499	8000.0000	-0.0640	0.6077	0.0000	218.3670	103.1300	230.6070	0.9619	114.3500	66.4051	NOT CONNECTED	8000.0000	500.0000	0.0000	8009.3146	0.1025	0.1067	0.0523	0.0509	-0.7061	0.3107	-0.6299	0.4184	-7.1183	166.7369	310.7626	108.1838	68.5758	0.6929	0.5828	83.6095
41.8830	8000.0000	-0.0640	0.6077	0.0000	218.3670	103.1300	230.6070	0.9619	114.3500	66.4051	NOT CONNECTED	8000.0000	500.0000	0.0000	8009.3146	0.1025	0.1067	0.0523	0.0509	-0.7061	0.3107	-0.6299	0.4184	-7.1183	166.7369	310.7626	108.1838	68.5758	0.6929	0.5828	83.6095
42.4888	8004.0000	-0.0630	0.6070	0.0000	218.4070	102.9400	230.6070	0.9598	114.1600	66.3438	NOT CONNECTED	8000.0000	500.0000	0.0000	7983.9417	0.0753	0.1400	0.0515	0.0518	-0.7473	0.2191	-0.8693	0.2023	-15.3027	177.0244	310.7516	106.8638	68.5671	1.0828	0.5759	83.4544
42.5949	8004.0000	-0.0630	0.6070	0.0000	218.4070	102.9400	230.6070	0.9598	114.1600	66.3438	NOT CONNECTED	8000.0000	500.0000	0.0000	7983.9417	0.0753	0.1400	0.0515	0.0518	-0.7473	0.2191	-0.8693	0.2023	-15.3027	177.0244	310.7516	106.8638	68.5671	1.0828	0.5759	83.4544
43.0788	8002.0000	-0.0620	0.6036	0.0000	218.4740	103.4900	230.6070	0.9638	114.6900	66.2767	NOT CONNECTED	8000.0000	500.0000	0.0000	8003.2408	0.0929	0.1145	0.0518	0.0517	-0.6508	0.2641	-0.9107	0.1612	5.5323	178.5004	310.7740	109.2660	68.5565	0.8907	0.5794	83.3031
43.3461	8002.0000	-0.0620	0.6036	0.0000	218.4740	103.4900	230.6070	0.9638	114.6900	66.2767	NOT CONNECTED	8000.0000	500.0000	0.0000	8003.2408	0.0929	0.1145	0.0518	0.0517	-0.6508	0.2641	-0.9107	0.1612	5.5323	178.5004	310.7740	109.2660	68.5565	0.8907	0.5794	83.3031
43.6836	8002.0000	-0.0620	0.6036	0.0000	218.4740	103.4900	230.6070	0.9638	114.6900	66.2767	NOT CONNECTED	8000.0000	500.0000	0.0000	8001.9766	0.1223	0.1164	0.0525	0.0507	-0.9225	0.4695	-0.9656	0.2480	-5.3008	177.1934	310.8364	107.3956	68.5483	0.6305	0.5923	83.3031
44.2131	8002.0000	-0.0620	0.6072	0.0000	218.3890	103.2000	230.6090	0.9616	114.4000	66.1752	NOT CONNECTED	8000.0000	500.0000	0.0000	8002.0314	0.1221	0.1179	0.0503	0.0520	-0.8033	0.4180	-1.0168	0.2680	-9.3725	175.1262	310.5951	108.9631	68.5458	0.8656	0.5678	83.1465
44.2894	8002.0000	-0.0620	0.6072	0.0000	218.3890	103.2000	230.6090	0.9616	114.4000	66.1752	NOT CONNECTED	8000.0000	500.0000	0.0000	8002.0314	0.1221	0.1179	0.0503	0.0520	-0.8033	0.4180	-1.0168	0.2680	-9.3725	175.1262	310.5951	108.9631	68.5458	0.8656	0.5678	83.1465
44.8791	8001.0000	-0.0710	0.6085	0.0000	218.1360	107.5000	230.6080	0.9932	118.8900	66.1191	NOT CONNECTED	8000.0000	500.0000	0.0000	8004.2765	0.1107	0.1185	0.0527	0.0517	-0.6705	0.3629	-0.7546	0.3624	-1.4385	171.0938	310.2327	113.9876	68.5342	0.7704	0.5980	83.1465
45.0034	8001.0000	-0.0710	0.6085	0.0000	218.1360	107.5000	230.6080	0.9932	118.8900	66.1191	NOT CONNECTED	8000.0000	500.0000	0.0000	8004.2765	0.1107	0.1185	0.0527	0.0517	-0.6705	0.3629	-0.7546	0.3624	-1.4385	171.0938	310.2327	113.9876	68.5342	0.7704	0.5980	83.1465
45.4853	8000.0000	-0.0830	0.6143	0.0000	217.8970	110.9600	230.6060	1.0195	122.4600	66.0409	NOT CONNECTED	8000.0000	500.0000	0.0000	8002.6247	0.1598	0.1248	0.0513	0.0501	-0.9248	0.5361	-0.8066	0.2688	-0.5842	177.6918	310.0957	119.5572	68.5262	0.9204	0.5894	82.9937
45.7527	8000.0000	-0.0830	0.6143	0.0000	217.8970	110.9600	230.6060	1.0195	122.4600	66.0409	NOT CONNECTED	8000.0000	500.0000	0.0000	8002.6247	0.1598	0.1248	0.0513	0.0501	-0.9248	0.5361	-0.8066	0.2688	-0.5842	177.6918	310.0957	119.5572	68.5262	0.9204	0.5894	82.9937
46.0907	8000.0000	-0.0830	0.6143	0.0000	217.8970	110.9600	230.6060	1.0195	122.4600	66.0409	NOT CONNECTED	8000.0000	500.0000	0.0000	8003.4821	0.1293	0.1276	0.0527	0.0515	-0.9501	0.4749	-0.6851	0.4178	-3.0652	172.5623	309.8324	119.3305	68.5182	0.7465	0.6016	82.8460
46.5990	8001.0000	-0.0910	0.6195	0.0000	218.0000	116.6400	230.6060	1.0617	128.4200	65.9832	NOT CONNECTED	8000.0000	500.0000	0.0000	8001.4106	0.1253	0.1358	0.0518	0.0523	-0.8640	0.4722	-0.7306	0.2220	-12.3110	179.0916	309.2840	132.1866	68.5134	1.0459	0.6247	82.8460
46.6961	8001.0000	-0.0910	0.6195	0.0000	218.0000	116.6400	230.6060	1.0617	128.4200	65.9832	NOT CONNECTED	8000.0000	500.0000	0.0000	8001.4106	0.1253	0.1358	0.0518	0.0523	-0.8640	0.4722	-0.7306	0.2220	-12.3110	179.0916	309.2840	132.1866	68.5134	1.0459	0.6247	82.8460
47.3015	7994.0000	-0.1050	0.6361	0.0000	217.4140	120.3000	230.6050	1.0884	132.2400	65.9177	NOT CONNECTED	8000.0000	500.0000	0.0000	7989.0380	0.1701	0.1615	0.0505	0.0510	-0.6655	0.5336	-0.7897	0.4206	3.0868	167.4605	308.7704	137.2090	68.5177	1.0335	0.6203	82.6933
47.3345	7994.0000	-0.1050	0.6361	0.0000	217.4140	120.3000	230.6050	1.0884	132.2400	65.9177	NOT CONNECTED	8000.0000	500.0000	0.0000	7989.0380	0.1701	0.1615	0.0505	0.0510	-0.6655	0.5336	-0.7897	0.4206	3.0868	167.4605	308.7704	137.2090	68.5177	1.0335	0.6203	82.6933
47.9060	7998.0000	-0.1110	0.6595	0.0000	216.6600	135.2000	230.5990	1.1984	148.0900	65.8605	NOT CONNECTED	8000.0000	500.0000	0.0000	7984.6708	0.1381	0.1770	0.0518	0.0520	-0.8782	0.4976	-0.7801	0.3145	-14.0510	177.2936	308.0928	149.9604	68.5185	1.0850	0.6337	82.6933
48.1780	7998.0000	-0.1110	0.6595	0.0000	216.6600	135.2000	230.5990	1.1984	148.0900	65.8605	NOT CONNECTED	8000.0000	500.0000	0.0000	7984.6708	0.1381	0.1770	0.0518	0.0520	-0.8782	0.4976	-0.7801	0.3145	-14.0510	177.2936	308.0928	149.9604	68.5185	1.0850	0.6337	82.6933
48.5129	7998.0000	-0.1110	0.6595	0.0000	216.6600	135.2000	230.5990	1.1984	148.0900	65.8605	NOT CONNECTED	8000.0000	500.0000	0.0000	7985.9904	0.1905	0.1934	0.0503	0.0496	-0.9521	0.6683	-0.9269	0.3331	4.8015	174.6002	306.8341	166.4612	68.5247	1.1576	0.6646	82.5474
48.9181	7985.0000	-0.1420	0.6780	0.0000	216.1320	145.8800	230.5930	1.2747	159.1600	65.8203	NOT CONNECTED	8000.0000	500.0000	0.0000	7989.4163	0.1759	0.2075	0.0496	0.0510	-0.8079	0.5721	-1.1371	0.4335	-11.7490	171.2607	305.8615	182.8412	68.5416	1.0806	0.7083	82.4087
49.1186	7985.0000	-0.1420	0.6780	0.0000	216.1320	145.8800	230.5930	1.2747	159.1600	65.8203	NOT CONNECTED	8000.0000	500.0000	0.0000	7989.4163	0.1759	0.2075	0.0496	0.0510	-0.8079	0.5721	-1.1371	0.4335	-11.7490	171.2607	305.8615	182.8412	68.5416	1.0806	0.7083	82.4087
49.6575	7996.0000	-0.1600	0.7358	0.0000	214.5570	174.9400	230.5830	1.4848	190.1500	65.7905	NOT CONNECTED	8000.0000	500.0000	0.0000	7997.9270	0.2399	0.2099	0.0485	0.0480	-0.8497	0.7896	-1.0968	0.4483	-13.2885	171.6964	305.5678	195.3892	68.5688	1.3811	0.7679	82.4087
49.7238	7996.0000	-0.1600	0.7358	0.0000	214.5570	174.9400	230.5830	1.4848	190.1500	65.7905	NOT CONNECTED	8000.0000	500.0000	0.0000	7997.9270	0.2399	0.2099	0.0485	0.0480	-0.8497	0.7896	-1.0968	0.4483	-13.2885	171.6964	305.5678	195.3892	68.5688	1.3811	0.7679	82.4087
50.3299	7989.0000	-0.1730	0.7707	0.0000	213.7450	191.3700	230.5800	1.6070	207.6200	65.7176	NOT CONNECTED	8000.0000	500.0000	0.0000	7997.7830	0.2228	0.2214	0.0480	0.0504	-0.8179	0.7416	-1.1912	0.5435	-2.1216	167.4141	304.8141	202.8763	68.6066	1.2371	0.7435	82.2717
50.5080	7989.0000	-0.1730	0.7707	0.0000	213.7450	191.3700	230.5800	1.6070	207.6200	65.7176	NOT CONNECTED	8000.0000	500.0000	0.0000	7997.7830	0.2228	0.2214	0.0480	0.0504	-0.8179	0.7416	-1.1912	0.5435	-2.1216	167.4141	304.8141	202.8763	68.6066	1.2371	0.7435	82.2717
50.9346	7989.0000	-0.2040	0.8037	0.0000	213.0030	207.4500	230.5730	1.7216	224.6300	65.6435	NOT CONNECTED	8000.0000	500.0000	0.0000	7994.4911	0.2395	0.2468	0.0502	0.0510	-0.7046	0.7320	-1.0397	0.6427	-14.2402	167.9063	303.8467	233.6849	68.6461	1.0516	0.7992	82.2717
51.2556	7989.0000	-0.2040	0.8037	0.0000	213.0030	207.4500	230.5730	1.7216	224.6300	65.6435	NOT CONNECTED	8000.0000	500.0000	0.0000	8003.3101	0.2757	0.2512	0.0497	0.0487	-0.8395	0.9578	-1.0171	0.6553	-13.6202	161.2386	303.1639	239.6435	68.6963	1.1962	0.8216	82.1451
51.5410	7989.0000	-0.2040	0.8037	0.0000	213.0030	207.4500	230.5730	1.7216	224.6300	65.6435	NOT CONNECTED	8000.0000	500.0000	0.0000	8003.3101	0.2757	0.2512	0.0497	0.0487	-0.8395	0.9578	-1.0171	0.6553	-13.6202	161.2386	303.1639	239.6435	68.6963	1.1962	0.8216	82.1451
52.0010	7991.0000	-0.2160	0.8541	0.0000	212.0120	230.7200	230.5680	1.8952	249.4000	65.6526	0.0000	8000.0000	500.0000	0.0000	7996.6546	0.2488	0.2708	0.0491	0.0511	-0.8919	0.8371	-0.9696	0.6045	-13.5749	171.3852	303.0454	246.6972	68.7528	1.2683	0.8469	82.0313
52.1466	7991.0000	-0.2160	0.8541	0.0000	212.0120	230.7200	230.5680	1.8952	249.4000	65.6526	0.0000	8000.0000	500.0000	0.0000	7996.6546	0.2488	0.2708	0.0491	0.0511	-0.8919	0.8371	-0.9696	0.6045	-13.5749	171.3852	303.0454	246.6972	68.7528	1.2683	0.8469	82.0313
52.7472	7994.0000	-0.2250	0.8692	0.0000	211.7790	237.5500	230.5670	1.9500	256.8300	65.6208	0.0000	8000.0000	500.0000	0.0000	8002.4277	0.2945	0.2691	0.0464	0.0476	-0.9942	1.0224	-1.2108	0.5783	-7.9656	169.7337	303.1229	247.4653	68.8145	1.4671	0.8975	82.0313
52.7519	7994.0000	-0.2250	0.8692	0.0000	211.7790	237.5500	230.5670	1.9500	256.8300	65.6208	0.0000	8000.0000	500.0000	0.0000	8002.4277	0.2945	0.2691	0.0464	0.0476	-0.9942	1.0224	-1.2108	0.5783	-7.9656	169.7337	303.1229	247.4653	68.8145	1.4671	0.8975	82.0313
53.3576	7993.0000	-0.2280	0.8850	0.0000	211.5420	244.7200	230.5640	2.0082	264.1800	65.6392	0.0000	8000.0000	500.0000	0.0000	7993.3592	0.2674	0.2850	0.0503	0.0505	-0.7974	0.9298	-1.0815	0.6178	-10.9531	168.2604	303.1426	251.0823	68.8833	1.0411	0.8552	81.9181
53.4951	7993.0000	-0.2280	0.8850	0.0000	211.5420	244.7200	230.5640	2.0082	264.1800	65.6392	0.0000	8000.0000	500.0000	0.0000	7993.3592	0.2674	0.2850	0.0503	0.0505	-0.7974	0.9298	-1.0815	0.6178	-10.9531	168.2604	303.1426	251.0823	68.8833	1.0411	0.8552	81.9181
53.9630	7999.0000	-0.2330	0.8874	0.0000	211.7840	247.1900	230.5650	2.0297	266.5000	65.5475	0.0000	8000.0000	500.0000	0.0000	7998.0045	0.2919	0.2806	0.0495	0.0472	-0.8928	1.0165	-0.9615	0.5926	-5.6495	171.3247	303.3105	251.8325	68.9457	1.3150	0.8617	81.8122
54.2283	7999.0000	-0.2330	0.8874	0.0000	211.7840	247.1900	230.5650	2.0297	266.5000	65.5475	0.0000	8000.0000	500.0000	0.0000	7998.0045	0.2919	0.2806	0.0495	0.0472	-0.8928	1.0165	-0.9615	0.5926	-5.6495	171.3247	303.3105	251.8325	68.9457	1.3150	0.8617	81.8122
54.5684	7999.0000	-0.2330	0.8874	0.0000	211.7840	247.1900	230.5650	2.0297	266.5000	65.5475	0.0000	8000.0000	500.0000	0.0000	8008.2217	0.2503	0.2671	0.0500	0.0505	-0.8499	0.8017	-1.0561	0.6078	-6.2253	170.4126	303.5058	249.6439	69.0027	1.0275	0.8595	81.8122
54.9984	8003.0000	-0.2330	0.8849	0.0000	211.9060	246.3000	230.5660	2.0320	265.3400	65.5473	1.0000	8000.0000	500.0000	0.0000	7993.6915	0.2556	0.2869	0.0465	0.0503	-0.8784	0.8835	-1.3335	0.5781	-3.0501	171.7814	303.4327	252.2643	69.0573	1.5631	0.8594	81.7112
55.1572	8003.0000	-0.2330	0.8849	0.0000	211.9060	246.3000	230.5660	2.0320	265.3400	65.5473	1.0000	8000.0000	500.0000	0.0000	7993.6915	0.2556	0.2869	0.0465	0.0503	-0.8784	0.8835	-1.3335	0.5781	-3.0501	171.7814	303.4327	252.2643	69.0573	1.5631	0.8594	81.7112
55.7632	8004.0000	-0.2330	0.8877	0.0000	211.7680	247.0900	230.5640	2.0416	266.0800	65.5419	1.0000	8000.0000	500.0000	0.0000	8010.0641	0.2923	0.2662	0.0499	0.0468	-0.9436	1.0244	-1.0189	0.6155	-9.3223	173.0046	303.4788	255.2285	69.1117	1.1109	0.9020	81.7112
55.8571	8004.0000	-0.2330	0.8877	0.0000	211.7680	247.0900	230.5640	2.0416	266.0800	65.5419	1.0000	8000.0000	500.0000	0.0000	8010.0641	0.2923	0.2662	0.0499	0.0468	-0.9436	1.0244	-1.0189	0.6155	-9.3223	173.0046	303.4788	255.2285	69.1117	1.1109	0.9020	81.7112
56.3532	8000.0000	-0.2330	0.8827	0.0000	212.0920	246.1600	230.5640	2.0412	265.0000	65.5443	1.0000	8000.0000	500.0000	0.0000	8002.5682	0.2804	0.2762	0.0492	0.0470	-0.9735	0.9768	-1.1308	0.4931	3.3282	176.4559	303.6140	253.8671	69.1677	1.3170	0.8593	81.6032
56.5983	8000.0000	-0.2330	0.8827	0.0000	212.0920	246.1600	230.5640	2.0412	265.0000	65.5443	1.0000	8000.0000	500.0000	0.0000	8002.5682	0.2804	0.2762	0.0492	0.0470	-0.9735	0.9768	-1.1308	0.4931	3.3282	176.4559	303.6140	253.8671	69.1677	1.3170	0.8593	81.6032
56.9582	8000.0000	-0.2330	0.8827	0.0000	212.0920	246.1600	230.5640	2.0412	265.0000	65.5443	1.0000	8000.0000	500.0000	0.0000	7994.1129	0.2647	0.2873	0.0479	0.0504	-0.7446	0.8588	-1.1675	0.6316	-6.9249	164.9008	303.7436	250.5818	69.2162	1.3376	0.8631	81.4996
57.3440	7999.0000	-0.2350	0.8828	0.0000	212.1420	246.4400	230.5620	2.0451	265.2100	65.5229	1.0000	8000.0000	500.0000	0.0000	8004.0929	0.3306	0.2749	0.0502	0.0475	-0.9024	1.1715	-1.1440	0.4853	2.4579	177.7007	304.0379	258.4539	69.2662	1.0310	0.8668	81.4996
57.5636	7999.0000	-0.2350	0.8828	0.0000	212.1420	246.4400	230.5620	2.0451	265.2100	65.5229	1.0000	8000.0000	500.0000	0.0000	8004.0929	0.3306	0.2749	0.0502	0.0475	-0.9024	1.1715	-1.1440	0.4853	2.4579	177.7007	304.0379	258.4539	69.2662	1.0310	0.8668	81.4996
58.0955	7996.0000	-0.2340	0.8836	0.0000	212.1890	246.6100	230.5600	2.0522	265.2600	65.5237	1.0000	8000.0000	500.0000	0.0000	7996.4017	0.2668	0.2854	0.0497	0.0493	-0.8731	0.9116	-1.0470	0.7025	-8.0936	166.2867	304.0063	251.7315	69.3134	1.2284	0.8670	81.4001
58.1696	7996.0000	-0.2340	0.8836	0.0000	212.1890	246.6100	230.5600	2.0522	265.2600	65.5237	1.0000	8000.0000	500.0000	0.0000	7996.4017	0.2668	0.2854	0.0497	0.0493	-0.8731	0.9116	-1.0470	0.7025	-8.0936	166.2867	304.0063	251.7315	69.3134	1.2284	0.8670	81.4001
58.7747	7991.0000	-0.2340	0.8834	0.0000	212.2730	247.1400	230.5600	2.0581	265.6700	65.4989	1.0000	8000.0000	500.0000	0.0000	7997.6332	0.2544	0.2837	0.0470	0.0515	-0.6181	0.7890	-1.2563	0.6973	-10.2621	170.6017	304.0614	259.5392	69.3611	1.4789	0.8907	81.4001
58.8296	7991.0000	-0.2340	0.8834	0.0000	212.2730	247.1400	230.5600	2.0581	265.6700	65.4989	1.0000	8000.0000	500.0000	0.0000	7997.6332	0.2544	0.2837	0.0470	0.0515	-0.6181	0.7890	-1.2563	0.6973	-10.2621	170.6017	304.0614	259.5392	69.3611	1.4789	0.8907	81.4001
59.3800	7996.0000	-0.2340	0.8817	0.0000	212.5270	247.5700	230.5590	2.0647	265.9100	65.5038	1.0000	8000.0000	500.0000	0.0000	7986.0854	0.2960	0.2988	0.0507	0.0491	-0.7450	0.9642	-1.0590	0.6752	0.1721	161.4751	304.0795	251.7307	69.4106	1.2659	0.8649	81.2949
59.5640	7996.0000	-0.2340	0.8817	0.0000	212.5270	247.5700	230.5590	2.0647	265.9100	65.5038	1.0000	8000.0000	500.0000	0.0000	7986.0854	0.2960	0.2988	0.0507	0.0491	-0.7450	0.9642	-1.0590	0.6752	0.1721	161.4751	304.0795	251.7307	69.4106	1.2659	0.8649	81.2949
59.9853	8001.0000	-0.2330	0.8823	0.0000	212.5150	247.7700	230.5580	2.0698	266.1000	65.4742	1.0000	8000.0000	500.0000	0.0000	8003.9040	0.2738	0.2755	0.0474	0.0514	-0.7193	0.9427	-1.2370	0.6013	-8.0931	169.6951	304.1575	256.0421	69.4518	1.3350	0.8643	81.1935
60.2913	8001.0000	-0.2330	0.8823	0.0000	212.5150	247.7700	230.5580	2.0698	266.1000	65.4742	1.0000	8000.0000	500.0000	0.0000	8020.1030	0.2911	0.2547	0.0509	0.0480	-0.9733	1.0505	-0.9341	0.6741	-8.6965	166.3358	304.1945	251.5117	69.4917	1.0554	0.8626	81.1935
60.5916	8001.0000	-0.2330	0.8823	0.0000	212.5150	247.7700	230.5580	2.0698	266.1000	65.4742	1.0000	8000.0000	500.0000	0.0000	8020.1030	0.2911	0.2547	0.0509	0.0480	-0.9733	1.0505	-0.9341	0.6741	-8.6965	166.3358	304.1945	251.5117	69.4917	1.0554	0.8626	81.1935
61.0262	7995.0000	-0.2330	0.8808	0.0000	212.6750	247.8400	230.5560	2.0730	266.0900	65.4681	1.0000	8000.0000	500.0000	0.0000	8005.9661	0.2806	0.2731	0.0494	0.0503	-0.8281	0.8861	-1.0623	0.6211	-12.4666	170.1448	304.2617	253.6091	69.5310	1.2051	0.8625	81.0954
61.1970	7995.0000	-0.2330	0.8808	0.0000	212.6750	247.8400	230.5560	2.0730	266.0900	65.4681	1.0000	8000.0000	500.0000	0.0000	8005.9661	0.2806	0.2731	0.0494	0.0503	-0.8281	0.8861	-1.0623	0.6211	-12.4666	170.1448	304.2617	253.6091	69.5310	1.2051	0.8625	81.0954
61.7665	8001.0000	-0.2340	0.8814	0.0000	212.5580	247.4900	230.5520	2.0731	265.5900	65.5226	2.0000	8000.0000	500.0000	0.0000	8002.5209	0.3251	0.2773	0.0478	0.0465	-0.9201	1.2043	-1.1473	0.5961	-13.6121	172.8217	304.4084	255.8491	69.5705	1.4066	0.8947	81.0954
61.8032	8001.0000	-0.2340	0.8814	0.0000	212.5580	247.4900	230.5520	2.0731	265.5900	65.5226	2.0000	8000.0000	500.0000	0.0000	8002.5209	0.3251	0.2773	0.0478	0.0465	-0.9201	1.2043	-1.1473	0.5961	-13.6121	172.8217	304.4084	255.8491	69.5705	1.4066	0.8947	81.0954
62.4084	8000.0000	-0.2350	0.8807	0.0000	212.5720	247.1400	230.5480	2.0728	265.2400	65.4954	2.0000	8000.0000	500.0000	0.0000	8000.7940	0.2826	0.2796	0.0470	0.0499	-0.7274	0.9295	-1.3502	0.6268	1.0451	166.6614	304.4449	250.8641	69.6133	1.4653	0.8619	80.9914
62.6304	8000.0000	-0.2350	0.8807	0.0000	212.5720	247.1400	230.5480	2.0728	265.2400	65.4954	2.0000	8000.0000	500.0000	0.0000	8000.7940	0.2826	0.2796	0.0470	0.0499	-0.7274	0.9295	-1.3502	0.6268	1.0451	166.6614	304.4449	250.8641	69.6133	1.4653	0.8619	80.9914
63.0148	7996.0000	-0.2330	0.8799	0.0000	212.6150	246.8700	230.5460	2.0729	264.9700	65.4939	2.0000	8000.0000	500.0000	0.0000	8004.1587	0.3422	0.2749	0.0507	0.0482	-0.7968	1.1649	-0.9278	0.6088	-1.7992	172.1621	304.4863	258.9694	69.6458	1.1752	0.8614	80.8914
63.3791	7996.0000	-0.2330	0.8799	0.0000	212.6150	246.8700	230.5460	2.0729	264.9700	65.4939	2.0000	8000.0000	500.0000	0.0000	8004.1587	0.3422	0.2749	0.0507	0.0482	-0.7968	1.1649	-0.9278	0.6088	-1.7992	172.1621	304.4863	258.9694	69.6458	1.1752	0.8614	80.8914
64.1207	7997.0000	-0.2340	0.8791	0.0000	212.5850	246.0600	230.5400	2.0692	264.0000	65.4980	2.0000	8000.0000	500.0000	0.0000	7992.9361	0.2631	0.2891	0.0521	0.0496	-0.8164	0.8656	-0.9454	0.6971	-12.8710	162.8359	304.4665	251.2658	69.7056	1.0817	0.8615	80.7949
64.1288	7997.0000	-0.2340	0.8791	0.0000	212.5850	246.0600	230.5400	2.0692	264.0000	65.4980	2.0000	8000.0000	500.0000	0.0000	7992.9361	0.2631	0.2891	0.0521	0.0496	-0.8164	0.8656	-0.9454	0.6971	-12.8710	162.8359	304.4665	251.2658	69.7056	1.0817	0.8615	80.7949
64.7353	7997.0000	-0.2330	0.8787	0.0000	212.6020	246.0400	230.5370	2.0694	263.9300	65.4517	2.0000	8000.0000	500.0000	0.0000	7989.0398	0.2633	0.2942	0.0523	0.0512	-0.8660	0.9114	-0.8304	0.5572	-5.4083	173.5467	304.5429	254.8017	69.7365	1.1936	0.8994	80.7949
64.8668	7997.0000	-0.2330	0.8787	0.0000	212.6020	246.0400	230.5370	2.0694	263.9300	65.4517	2.0000	8000.0000	500.0000	0.0000	7989.0398	0.2633	0.2942	0.0523	0.0512	-0.8660	0.9114	-0.8304	0.5572	-5.4083	173.5467	304.5429	254.8017	69.7365	1.1936	0.8994	80.7949
65.3412	8002.0000	-0.2330	0.8782	0.0000	212.6180	246.0200	230.5340	2.0722	263.9400	65.4541	2.0000	8000.0000	500.0000	0.0000	7998.9417	0.3016	0.2810	0.0471	0.0478	-0.9846	1.0787	-1.2730	0.6966	-6.0455	165.8107	304.5333	250.7402	69.7748	1.4461	0.8591	80.6923
65.6062	8002.0000	-0.2330	0.8782	0.0000	212.6180	246.0200	230.5340	2.0722	263.9400	65.4541	2.0000	8000.0000	500.0000	0.0000	7998.9417	0.3016	0.2810	0.0471	0.0478	-0.9846	1.0787	-1.2730	0.6966	-6.0455	165.8107	304.5333	250.7402	69.7748	1.4461	0.8591	80.6923
65.9304	8002.0000	-0.2330	0.8782	0.0000	212.6180	246.0200	230.5340	2.0722	263.9400	65.4541	2.0000	8000.0000	500.0000	0.0000	8005.3104	0.2836	0.2724	0.0502	0.0485	-0.8591	0.9555	-1.0316	0.7177	12.7368	161.3754	304.5078	252.0137	69.7990	1.0645	0.8522	80.6923
66.3500	8001.0000	-0.2330	0.8770	0.0000	212.6690	245.8300	230.5290	2.0732	263.7100	65.4757	2.0000	8000.0000	500.0000	0.0000	7998.2744	0.2681	0.2811	0.0497	0.0515	-0.7202	0.8731	-1.0037	0.6000	1.7902	171.0277	304.6732	253.1535	69.8220	1.1864	0.8494	80.5937
66.5358	8001.0000	-0.2330	0.8770	0.0000	212.6690	245.8300	230.5290	2.0732	263.7100	65.4757	2.0000	8000.0000	500.0000	0.0000	7998.2744	0.2681	0.2811	0.0497	0.0515	-0.7202	0.8731	-1.0037	0.6000	1.7902	171.0277	304.6732	253.1535	69.8220	1.1864	0.8494	80.5937
67.1040	8001.0000	-0.2330	0.8786	0.0000	212.4920	245.8200	230.5180	2.0763	263.6100	65.4783	2.0000	8000.0000	500.0000	0.0000	8007.3918	0.2777	0.2685	0.0501	0.0483	-0.9479	0.9820	-1.0931	0.6077	5.3826	168.2385	304.7055	248.0961	69.8440	1.2666	0.8481	80.4974
67.1420	8001.0000	-0.2330	0.8786	0.0000	212.4920	245.8200	230.5180	2.0763	263.6100	65.4783	2.0000	8000.0000	500.0000	0.0000	8007.3918	0.2777	0.2685	0.0501	0.0483	-0.9479	0.9820	-1.0931	0.6077	5.3826	168.2385	304.7055	248.0961	69.8440	1.2666	0.8481	80.4974
67.7475	7999.0000	-0.2330	0.8780	0.0000	212.6100	245.7100	230.5130	2.0751	263.4100	65.4441	2.0000	8000.0000	500.0000	0.0000	8000.1802	0.2575	0.2774	0.0501	0.0507	-0.8742	0.9031	-1.1206	0.6133	-12.0535	170.6400	304.7194	249.2271	69.8683	1.2615	0.8727	80.4974
67.8398	7999.0000	-0.2330	0.8780	0.0000	212.6100	245.7100	230.5130	2.0751	263.4100	65.4441	2.0000	8000.0000	500.0000	0.0000	8000.1802	0.2575	0.2774	0.0501	0.0507	-0.8742	0.9031	-1.1206	0.6133	-12.0535	170.6400	304.7194	249.2271	69.8683	1.2615	0.8727	80.4974
68.3528	7986.0000	-0.2330	0.8714	0.0000	213.1000	244.9300	230.5030	2.0688	262.3100	65.4604	3.0000	8000.0000	500.0000	0.0000	7998.5669	0.3224	0.2794	0.0502	0.0465	-0.9931	1.1603	-1.0821	0.5183	-12.1412	179.4080	304.7189	252.7728	69.8976	1.2143	0.8530	80.3945
68.5790	7986.0000	-0.2330	0.8714	0.0000	213.1000	244.9300	230.5030	2.0688	262.3100	65.4604	3.0000	8000.0000	500.0000	0.0000	7998.5669	0.3224	0.2794	0.0502	0.0465	-0.9931	1.1603	-1.0821	0.5183	-12.1412	179.4080	304.7189	252.7728	69.8976	1.2143	0.8530	80.3945
68.9576	7986.0000	-0.2330	0.8714	0.0000	213.1000	244.9300	230.5030	2.0688	262.3100	65.4604	3.0000	8000.0000	500.0000	0.0000	8006.1183	0.2829	0.2695	0.0481	0.0497	-0.9768	0.9916	-1.0839	0.6373	-10.2440	168.1470	304.7687	248.3007	69.9182	1.2909	0.8500	80.2967
69.4893	7996.0000	-0.2340	0.8736	0.0000	213.0140	245.8500	230.4960	2.0786	263.3300	65.4556	3.0000	8000.0000	500.0000	0.0000	8002.0949	0.2836	0.2747	0.0491	0.0504	-0.6566	0.9286	-0.9309	0.7034	-12.3197	167.7525	304.7987	248.3007	69.9379	1.5504	0.8538	80.2967
69.5476	7996.0000	-0.2340	0.8736	0.0000	213.0140	245.8500	230.4960	2.0786	263.3300	65.4556	3.0000	8000.0000	500.0000	0.0000	8002.0949	0.2836	0.2747	0.0491	0.0504	-0.6566	0.9286	-0.9309	0.7034	-12.3197	167.7525	304.7987	248.3007	69.9379	1.5504	0.8538	80.2967
70.1540	7996.0000	-0.2320	0.8738	0.0000	212.9740	245.3400	230.4900	2.0759	262.7200	65.4483	3.0000	8000.0000	500.0000	0.0000	7992.5345	0.3304	0.2870	0.0514	0.0465	-1.0232	1.1903	-0.9453	0.6430	-1.0925	174.2712	304.8540	254.7639	69.9576	1.0554	0.8500	80.2023
70.2304	7996.0000	-0.2320	0.8738	0.0000	212.9740	245.3400	230.4900	2.0759	262.7200	65.4483	3.0000	8000.0000	500.0000	0.0000	7992.5345	0.3304	0.2870	0.0514	0.0465	-1.0232	1.1903	-0.9453	0.6430	-1.0925	174.2712	304.8540	254.7639	69.9576	1.0554	0.8500	80.2023
70.7592	7987.0000	-0.2310	0.8705	0.0000	213.1650	244.8600	230.4780	2.0729	262.1600	65.4623	3.0000	8000.0000	500.0000	0.0000	8004.3085	0.2822	0.2716	0.0524	0.0496	-0.9259	0.9516	-0.9239	0.6917	-14.4816	162.0600	304.8185	247.2982	69.9778	1.1401	0.8802	80.2023
71.0009	7987.0000	-0.2310	0.8705	0.0000	213.1650	244.8600	230.4780	2.0729	262.1600	65.4623	3.0000	8000.0000	500.0000	0.0000	8004.3085	0.2822	0.2716	0.0524	0.0496	-0.9259	0.9516	-0.9239	0.6917	-14.4816	162.0600	304.8185	247.2982	69.9778	1.1401	0.8802	80.2023
71.3646	7987.0000	-0.2310	0.8705	0.0000	213.1650	244.8600	230.4780	2.0729	262.1600	65.4623	3.0000	8000.0000	500.0000	0.0000	8002.5052	0.2589	0.2740	0.0483	0.0516	-0.9100	0.8936	-1.0111	0.6138	-3.3646	171.8283	304.7965	253.5569	70.0027	1.5571	0.8510	80.1019
71.7436	8004.0000	-0.2310	0.8714	0.0000	213.1010	244.9000	230.4730	2.0742	262.2700	65.4288	3.0000	8000.0000	500.0000	0.0000	8002.0558	0.2770	0.2745	0.0480	0.0485	-0.9117	0.9620	-1.1085	0.7039	4.0977	162.0656	304.8045	249.3550	70.0194	1.3140	0.8502	80.0052
71.9698	8004.0000	-0.2310	0.8714	0.0000	213.1010	244.9000	230.4730	2.0742	262.2700	65.4288	3.0000	8000.0000	500.0000	0.0000	8002.0558	0.2770	0.2745	0.0480	0.0485	-0.9117	0.9620	-1.1085	0.7039	4.0977	162.0656	304.8045	249.3550	70.0194	1.3140	0.8502	80.0052
72.4890	8002.0000	-0.2320	0.8696	0.0000	213.1830	244.4200	230.4600	2.0722	261.6900	65.4480	3.0000	8000.0000	500.0000	0.0000	8002.6329	0.2464	0.2737	0.0495	0.0512	-0.7447	0.7794	-1.1018	0.5661	-4.5687	174.0251	304.8698	251.5071	70.0349	1.2286	0.8493	80.0052
72.5759	8002.0000	-0.2320	0.8696	0.0000	213.1830	244.4200	230.4600	2.0722	261.6900	65.4480	3.0000	8000.0000	500.0000	0.0000	8002.6329	0.2464	0.2737	0.0495	0.0512	-0.7447	0.7794	-1.1018	0.5661	-4.5687	174.0251	304.8698	251.5071	70.0349	1.2286	0.8493	80.0052
73.1655	8001.0000	-0.2320	0.8701	0.0000	213.1650	244.5400	230.4510	2.0738	261.7800	65.4480	3.0000	8000.0000	500.0000	0.0000	7995.3118	0.2284	0.2832	0.0464	0.0509	-0.7067	0.6962	-1.3496	0.5961	-6.1095	169.3869	304.9139	253.1276	70.0493	1.5205	0.8488	79.9120
73.2268	8001.0000	-0.2320	0.8701	0.0000	213.1650	244.5400	230.4510	2.0738	261.7800	65.4480	3.0000	8000.0000	500.0000	0.0000	7995.3118	0.2284	0.2832	0.0464	0.0509	-0.7067	0.6962	-1.3496	0.5961	-6.1095	169.3869	304.9139	253.1276	70.0493	1.5205	0.8488	79.9120
73.7714	8004.0000	-0.2300	0.8686	0.0000	213.1330	243.6100	230.4350	2.0705	260.8300	65.4173	3.0000	8000.0000	500.0000	0.0000	8010.5922	0.2781	0.2631	0.0513	0.0485	-0.8601	0.9831	-1.0356	0.6068	15.7696	168.2126	305.0022	247.8015	70.0657	0.8711	0.8897	79.9120
74.0014	8004.0000	-0.2300	0.8686	0.0000	213.1330	243.6100	230.4350	2.0705	260.8300	65.4173	3.0000	8000.0000	500.0000	0.0000	8010.5922	0.2781	0.2631	0.0513	0.0485	-0.8601	0.9831	-1.0356	0.6068	15.7696	168.2126	305.0022	247.8015	70.0657	0.8711	0.8897	79.9120
74.3768	7994.0000	-0.2320	0.8697	0.0000	213.1650	244.2300	230.4260	2.0738	261.4100	65.4057	3.0000	8000.0000	500.0000	0.0000	8005.3611	0.2431	0.2699	0.0473	0.0508	-0.8876	0.8058	-1.1238	0.6234	-8.8999	169.3236	305.0166	249.1731	70.0869	1.3372	0.8510	79.8125
74.7369	7994.0000	-0.2320	0.8697	0.0000	213.1650	244.2300	230.4260	2.0738	261.4100	65.4057	3.0000	8000.0000	500.0000	0.0000	8007.4553	0.3169	0.2672	0.0506	0.0466	-1.0393	1.1721	-0.9365	0.5267	5.8690	176.8187	304.8875	252.4732	70.1002	1.2523	0.8499	79.7172
74.9824	7994.0000	-0.2320	0.8697	0.0000	213.1650	244.2300	230.4260	2.0738	261.4100	65.4057	3.0000	8000.0000	500.0000	0.0000	8007.4553	0.3169	0.2672	0.0506	0.0466	-1.0393	1.1721	-0.9365	0.5267	5.8690	176.8187	304.8875	252.4732	70.1002	1.2523	0.8499	79.7172
75.4902	8000.0000	-0.2320	0.8692	0.0000	213.1800	244.1800	230.4140	2.0754	261.3500	65.4318	3.0000	8000.0000	500.0000	0.0000	8004.8850	0.2926	0.2705	0.0506	0.0469	-1.0355	1.0692	-0.8856	0.5332	-4.9271	173.9548	304.9237	251.0261	70.1130	1.2395	0.8489	79.7172
75.5721	8000.0000	-0.2320	0.8692	0.0000	213.1800	244.1800	230.4140	2.0754	261.3500	65.4318	3.0000	8000.0000	500.0000	0.0000	8004.8850	0.2926	0.2705	0.0506	0.0469	-1.0355	1.0692	-0.8856	0.5332	-4.9271	173.9548	304.9237	251.0261	70.1130	1.2395	0.8489	79.7172
76.1774	7999.0000	-0.2310	0.8692	0.0000	213.1240	243.9600	230.4070	2.0746	261.1100	65.4130	4.0000	8000.0000	500.0000	0.0000	8003.0169	0.2847	0.2732	0.0488	0.0506	-0.7774	0.9691	-1.0604	0.6216	-9.9192	167.7651	304.9106	250.3448	70.1249	1.2611	0.8485	79.6255
76.2366	7999.0000	-0.2310	0.8692	0.0000	213.1240	243.9600	230.4070	2.0746	261.1100	65.4130	4.0000	8000.0000	500.0000	0.0000	8003.0169	0.2847	0.2732	0.0488	0.0506	-0.7774	0.9691	-1.0604	0.6216	-9.9192	167.7651	304.9106	250.3448	70.1249	1.2611	0.8485	79.6255
76.7820	7996.0000	-0.2310	0.8696	0.0000	213.1920	244.6600	230.3890	2.0791	261.7000	65.3888	4.0000	8000.0000	500.0000	0.0000	8009.9359	0.3296	0.2644	0.0491	0.0475	-0.8012	1.1196	-0.9845	0.6018	-13.0135	172.4537	304.8923	255.8917	70.1389	1.3548	0.8913	79.6255
77.0905	7996.0000	-0.2310	0.8696	0.0000	213.1920	244.6600	230.3890	2.0791	261.7000	65.3888	4.0000	8000.0000	500.0000	0.0000	8004.9193	0.2935	0.2706	0.0465	0.0497	-0.7634	0.9731	-1.3904	0.6355	-6.0794	168.1231	305.0241	248.7982	70.1589	1.3036	0.8491	79.5271
77.3877	7996.0000	-0.2310	0.8696	0.0000	213.1920	244.6600	230.3890	2.0791	261.7000	65.3888	4.0000	8000.0000	500.0000	0.0000	8004.9193	0.2935	0.2706	0.0465	0.0497	-0.7634	0.9731	-1.3904	0.6355	-6.0794	168.1231	305.0241	248.7982	70.1589	1.3036	0.8491	79.5271
77.8385	7999.0000	-0.2310	0.8717	0.0000	213.1010	245.2300	230.3800	2.0830	262.3700	65.3825	4.0000	8000.0000	500.0000	0.0000	7998.2003	0.2895	0.2797	0.0499	0.0509	-0.6678	0.9012	-1.0026	0.5583	-3.6185	173.4938	304.9638	256.2282	70.1692	1.2853	0.8484	79.4338
77.9942	7999.0000	-0.2310	0.8717	0.0000	213.1010	245.2300	230.3800	2.0830	262.3700	65.3825	4.0000	8000.0000	500.0000	0.0000	7998.2003	0.2895	0.2797	0.0499	0.0509	-0.6678	0.9012	-1.0026	0.5583	-3.6185	173.4938	304.9638	256.2282	70.1692	1.2853	0.8484	79.4338
78.5990	8002.0000	-0.2320	0.8699	0.0000	213.1960	244.8000	230.3620	2.0824	261.8800	65.3721	4.0000	8000.0000	500.0000	0.0000	7988.1410	0.2796	0.2927	0.0504	0.0491	-0.8235	0.9887	-1.0900	0.7323	-12.2280	164.4615	304.9233	248.6093	70.1811	1.2362	0.8474	79.4338
79.0922	8002.0000	-0.2320	0.8699	0.0000	213.1960	244.8000	230.3620	2.0824	261.8800	65.3721	4.0000	8000.0000	500.0000	0.0000	8000.6430	0.2612	0.2764	0.0499	0.0515	-0.7270	0.8186	-1.1228	0.5703	1.3118	174.4678	304.9427	253.3466	70.1912	1.1387	0.8480	79.3445
79.2052	8002.0000	-0.2320	0.8699	0.0000	213.1960	244.8000	230.3620	2.0824	261.8800	65.3721	4.0000	8000.0000	500.0000	0.0000	8000.6430	0.2612	0.2764	0.0499	0.0515	-0.7270	0.8186	-1.1228	0.5703	1.3118	174.4678	304.9427	253.3466	70.1912	1.1387	0.8480	79.3445
79.8109	7998.0000	-0.2300	0.8696	0.0000	213.1790	244.4900	230.3570	2.0813	261.5700	65.3652	4.0000	8000.0000	500.0000	0.0000	7995.0413	0.2841	0.2838	0.0509	0.0480	-0.9849	1.0204	-1.0764	0.5636	-10.0998	173.2626	304.8086	249.0087	70.2049	1.1964	0.8836	79.3445
79.8370	7998.0000	-0.2300	0.8696	0.0000	213.1790	244.4900	230.3570	2.0813	261.5700	65.3652	4.0000	8000.0000	500.0000	0.0000	7995.0413	0.2841	0.2838	0.0509	0.0480	-0.9849	1.0204	-1.0764	0.5636	-10.0998	173.2626	304.8086	249.0087	70.2049	1.1964	0.8836	79.3445
80.4163	8000.0000	-0.2310	0.8721	0.0000	213.1020	245.4700	230.3460	2.0889	262.5300	65.3832	4.0000	8000.0000	500.0000	0.0000	7999.9011	0.2353	0.2772	0.0489	0.0510	-0.6735	0.6938	-1.2050	0.7173	-13.9733	168.4718	304.9369	252.0321	70.2210	1.2366	0.8501	79.2485
80.5651	8000.0000	-0.2310	0.8721	0.0000	213.1020	245.4700	230.3460	2.0889	262.5300	65.3832	4.0000	8000.0000	500.0000	0.0000	7999.9011	0.2353	0.2772	0.0489	0.0510	-0.6735	0.6938	-1.2050	0.7173	-13.9733	168.4718	304.9369	252.0321	70.2210	1.2366	0.8501	79.2485
81.0218	8000.0000	-0.2290	0.8695	0.0000	213.1760	244.5100	230.3420	2.0838	261.5600	65.3624	4.0000	8000.0000	500.0000	0.0000	8003.3993	0.2790	0.2726	0.0484	0.0476	-0.8332	0.9339	-1.1596	0.6060	-8.8229	172.8280	304.9518	250.9713	70.2306	1.2360	0.8510	79.1567
81.3010	8000.0000	-0.2290	0.8695	0.0000	213.1760	244.5100	230.3420	2.0838	261.5600	65.3624	4.0000	8000.0000	500.0000	0.0000	8003.3993	0.2790	0.2726	0.0484	0.0476	-0.8332	0.9339	-1.1596	0.6060	-8.8229	172.8280	304.9518	250.9713	70.2306	1.2360	0.8510	79.1567
81.6275	8000.0000	-0.2290	0.8695	0.0000	213.1760	244.5100	230.3420	2.0838	261.5600	65.3624	4.0000	8000.0000	500.0000	0.0000	7997.3430	0.2569	0.2806	0.0505	0.0499	-0.6700	0.8416	-1.1003	0.6408	-0.8692	168.1268	304.9735	249.4853	70.2392	1.1253	0.8489	79.1567
82.0412	8005.0000	-0.2320	0.8694	0.0000	213.2030	244.5700	230.3340	2.0838	261.5900	65.3475	4.0000	8000.0000	500.0000	0.0000	8001.2125	0.3321	0.2756	0.0502	0.0472	-0.8263	1.1699	-1.0358	0.6787	-10.1763	171.4467	305.0469	253.7449	70.2475	1.2247	0.8514	79.0681
82.2330	8005.0000	-0.2320	0.8694	0.0000	213.2030	244.5700	230.3340	2.0838	261.5900	65.3475	4.0000	8000.0000	500.0000	0.0000	8001.2125	0.3321	0.2756	0.0502	0.0472	-0.8263	1.1699	-1.0358	0.6787	-10.1763	171.4467	305.0469	253.7449	70.2475	1.2247	0.8514	79.0681
82.7837	7998.0000	-0.2310	0.8702	0.0000	213.1820	244.9400	230.3300	2.0860	261.9400	65.3310	4.0000	8000.0000	500.0000	0.0000	8012.8944	0.2779	0.2603	0.0513	0.0498	-0.9507	0.9827	-0.9629	0.6268	-1.6568	169.0062	304.9744	247.7616	70.2597	1.1815	0.8838	79.0681
82.8378	7998.0000	-0.2310	0.8702	0.0000	213.1820	244.9400	230.3300	2.0860	261.9400	65.3310	4.0000	8000.0000	500.0000	0.0000	8012.8944	0.2779	0.2603	0.0513	0.0498	-0.9507	0.9827	-0.9629	0.6268	-1.6568	169.0062	304.9744	247.7616	70.2597	1.1815	0.8838	79.0681
83.4431	7999.0000	-0.2310	0.8680	0.0000	213.2380	244.1000	230.3230	2.0818	261.0600	65.3269	5.0000	8000.0000	500.0000	0.0000	7998.5203	0.2962	0.2789	0.0509	0.0505	-0.6607	0.9253	-0.9176	0.6137	-12.9785	174.2133	304.9520	257.2380	70.2733	1.2613	0.8501	78.9737
83.5351	7999.0000	-0.2310	0.8680	0.0000	213.2380	244.1000	230.3230	2.0818	261.0600	65.3269	5.0000	8000.0000	500.0000	0.0000	7998.5203	0.2962	0.2789	0.0509	0.0505	-0.6607	0.9253	-0.9176	0.6137	-12.9785	174.2133	304.9520	257.2380	70.2733	1.2613	0.8501	78.9737
84.0487	7997.0000	-0.2320	0.8684	0.0000	213.2360	244.3500	230.3190	2.0847	261.3000	65.3144	5.0000	8000.0000	500.0000	0.0000	8000.4740	0.2605	0.2760	0.0472	0.0492	-0.8403	0.8656	-1.3992	0.7018	4.3677	161.9485	305.0157	246.5722	70.2809	1.3754	0.8490	78.8832
84.4188	7997.0000	-0.2320	0.8684	0.0000	213.2360	244.3500	230.3190	2.0847	261.3000	65.3144	5.0000	8000.0000	500.0000	0.0000	7990.2993	0.2382	0.2892	0.0477	0.0517	-0.7971	0.7520	-1.2946	0.6200	-1.4044	173.5876	305.1169	253.2577	70.2882	1.3478	0.8499	78.8832
84.6549	7997.0000	-0.2320	0.8684	0.0000	213.2360	244.3500	230.3190	2.0847	261.3000	65.3144	5.0000	8000.0000	500.0000	0.0000	7990.2993	0.2382	0.2892	0.0477	0.0517	-0.7971	0.7520	-1.2946	0.6200	-1.4044	173.5876	305.1169	253.2577	70.2882	1.3478	0.8499	78.8832
85.1542	8004.0000	-0.2320	0.8688	0.0000	213.0510	243.4000	230.3150	2.0784	260.4300	65.3053	5.0000	8000.0000	500.0000	0.0000	7999.9984	0.2526	0.2740	0.0466	0.0513	-0.8233	0.8462	-1.2356	0.6037	-3.9626	172.4957	305.1999	251.7663	70.2952	1.4535	0.8502	78.7961
85.2445	8004.0000	-0.2320	0.8688	0.0000	213.0510	243.4000	230.3150	2.0784	260.4300	65.3053	5.0000	8000.0000	500.0000	0.0000	7999.9984	0.2526	0.2740	0.0466	0.0513	-0.8233	0.8462	-1.2356	0.6037	-3.9626	172.4957	305.1999	251.7663	70.2952	1.4535	0.8502	78.7961
85.8498	8004.0000	-0.2290	0.8677	0.0000	213.0550	242.9100	230.3120	2.0742	259.8900	65.2992	5.0000	8000.0000	500.0000	0.0000	8008.8786	0.2999	0.2648	0.0510	0.0484	-0.8303	1.0757	-0.9793	0.7322	1.7426	160.9364	305.1362	246.9283	70.3066	0.9565	0.8871	78.7961
85.9002	8004.0000	-0.2290	0.8677	0.0000	213.0550	242.9100	230.3120	2.0742	259.8900	65.2992	5.0000	8000.0000	500.0000	0.0000	8008.8786	0.2999	0.2648	0.0510	0.0484	-0.8303	1.0757	-0.9793	0.7322	1.7426	160.9364	305.1362	246.9283	70.3066	0.9565	0.8871	78.7961
86.4559	7999.0000	-0.2300	0.8685	0.0000	213.0170	243.0500	230.3070	2.0763	260.0500	65.2724	5.0000	8000.0000	500.0000	0.0000	8004.6081	0.2346	0.2706	0.0516	0.0507	-0.8165	0.7480	-0.9178	0.5948	0.7913	171.4059	305.0637	249.1279	70.3193	1.3250	0.8519	78.7032
86.6420	7999.0000	-0.2300	0.8685	0.0000	213.0170	243.0500	230.3070	2.0763	260.0500	65.2724	5.0000	8000.0000	500.0000	0.0000	8004.6081	0.2346	0.2706	0.0516	0.0507	-0.8165	0.7480	-0.9178	0.5948	0.7913	171.4059	305.0637	249.1279	70.3193	1.3250	0.8519	78.7032
87.0448	8002.0000	-0.2290	0.8684	0.0000	213.0730	243.3800	230.3020	2.0804	260.3400	65.2696	5.0000	8000.0000	500.0000	0.0000	7998.1659	0.2444	0.2787	0.0463	0.0509	-0.6408	0.8120	-1.2074	0.6102	-3.2991	171.5155	305.1143	251.5960	70.3262	1.4762	0.8498	78.6144
87.3809	8002.0000	-0.2290	0.8684	0.0000	213.0730	243.3800	230.3020	2.0804	260.3400	65.2696	5.0000	8000.0000	500.0000	0.0000	8005.7336	0.2443	0.2690	0.0463	0.0512	-0.8235	0.7648	-1.3625	0.5219	-0.7066	176.0865	305.0466	251.9345	70.3323	1.3518	0.8495	78.6144
87.6346	8002.0000	-0.2290	0.8684	0.0000	213.0730	243.3800	230.3020	2.0804	260.3400	65.2696	5.0000	8000.0000	500.0000	0.0000	8005.7336	0.2443	0.2690	0.0463	0.0512	-0.8235	0.7648	-1.3625	0.5219	-0.7066	176.0865	305.0466	251.9345	70.3323	1.3518	0.8495	78.6144
88.1190	7998.0000	-0.2290	0.8683	0.0000	213.0370	243.2300	230.2950	2.0771	260.2200	65.2599	5.0000	8000.0000	500.0000	0.0000	8003.4249	0.2813	0.2739	0.0496	0.0476	-0.9759	0.9860	-1.1343	0.5248	-14.4630	169.2869	305.0486	248.9267	70.3384	1.0911	0.8481	78.5289
88.2408	7998.0000	-0.2290	0.8683	0.0000	213.0370	243.2300	230.2950	2.0771	260.2200	65.2599	5.0000	8000.0000	500.0000	0.0000	8003.4249	0.2813	0.2739	0.0496	0.0476	-0.9759	0.9860	-1.1343	0.5248	-14.4630	169.2869	305.0486	248.9267	70.3384	1.0911	0.8481	78.5289
88.8453	7992.0000	-0.2290	0.8688	0.0000	213.0610	243.5000	230.2910	2.0809	260.5400	65.2798	5.0000	8000.0000	500.0000	0.0000	8005.8187	0.2829	0.2691	0.0502	0.0506	-0.6452	0.9043	-1.0475	0.5902	-5.8189	172.4510	305.0995	249.4218	70.3486	1.0599	0.8879	78.5289
88.8619	7992.0000	-0.2290	0.8688	0.0000	213.0610	243.5000	230.2910	2.0809	260.5400	65.2798	5.0000	8000.0000	500.0000	0.0000	8005.8187	0.2829	0.2691	0.0502	0.0506	-0.6452	0.9043	-1.0475	0.5902	-5.8189	172.4510	305.0995	249.4218	70.3486	1.0599	0.8879	78.5289
89.4519	7997.0000	-0.2270	0.8683	0.0000	213.0820	243.3600	230.2840	2.0798	260.3200	65.2475	5.0000	8000.0000	500.0000	0.0000	7983.7942	0.3132	0.2978	0.0471	0.0467	-0.9950	1.1123	-1.3482	0.5863	-12.9553	177.8902	305.1054	252.9768	70.3596	1.4909	0.8520	78.4377
89.6011	7997.0000	-0.2270	0.8683	0.0000	213.0820	243.3600	230.2840	2.0798	260.3200	65.2475	5.0000	8000.0000	500.0000	0.0000	7983.7942	0.3132	0.2978	0.0471	0.0467	-0.9950	1.1123	-1.3482	0.5863	-12.9553	177.8902	305.1054	252.9768	70.3596	1.4909	0.8520	78.4377
90.0574	7991.0000	-0.2300	0.8687	0.0000	213.0980	243.7700	230.2820	2.0839	260.7700	65.2170	6.0000	8000.0000	500.0000	0.0000	7998.0045	0.2597	0.2793	0.0479	0.0499	-0.7304	0.8853	-1.1949	0.6484	0.3751	165.2188	305.0654	249.3817	70.3646	1.3221	0.8473	78.3505
90.3463	7991.0000	-0.2300	0.8687	0.0000	213.0980	243.7700	230.2820	2.0839	260.7700	65.2170	6.0000	8000.0000	500.0000	0.0000	7998.0045	0.2597	0.2793	0.0479	0.0499	-0.7304	0.8853	-1.1949	0.6484	0.3751	165.2188	305.0654	249.3817	70.3646	1.3221	0.8473	78.3505
90.6630	7991.0000	-0.2300	0.8687	0.0000	213.0980	243.7700	230.2820	2.0839	260.7700	65.2170	6.0000	8000.0000	500.0000	0.0000	8001.3768	0.3244	0.2750	0.0496	0.0483	-0.6826	1.1497	-1.1013	0.5799	-3.3288	174.7182	304.9893	254.8773	70.3691	1.2189	0.8486	78.3505
91.1011	8001.0000	-0.2300	0.8686	0.0000	213.1380	244.0400	230.2740	2.0854	261.0700	65.2560	NOT CONNECTED	8000.0000	500.0000	0.0000	8002.4597	0.3286	0.2734	0.0491	0.0481	-0.9168	1.1605	-1.1497	0.5150	-3.0297	177.4950	305.0271	255.3768	70.3734	1.1109	0.8476	78.2658
91.2528	8001.0000	-0.2300	0.8686	0.0000	213.1380	244.0400	230.2740	2.0854	261.0700	65.2560	NOT CONNECTED	8000.0000	500.0000	0.0000	8002.4597	0.3286	0.2734	0.0491	0.0481	-0.9168	1.1605	-1.1497	0.5150	-3.0297	177.4950	305.0271	255.3768	70.3734	1.1109	0.8476	78.2658
91.8586	8080.0000	-0.0960	0.8685	0.0000	213.1000	243.6800	230.2680	2.0832	260.5900	65.2151	NOT CONNECTED	0.0000	500.0000	0.0000	8089.0853	0.1375	0.1022	0.0521	0.0519	-0.6204	0.3544	-0.9067	0.2694	-6.7487	175.0170	313.9037	100.5442	70.3819	0.6513	0.7134	78.2658
92.1239	8080.0000	-0.0960	0.8685	0.0000	213.1000	243.6800	230.2680	2.0832	260.5900	65.2151	NOT CONNECTED	0.0000	500.0000	0.0000	8089.0853	0.1375	0.1022	0.0521	0.0519	-0.6204	0.3544	-0.9067	0.2694	-6.7487	175.0170	313.9037	100.5442	70.3819	0.6513	0.7134	78.2658
92.4641	8080.0000	-0.0960	0.8685	0.0000	213.1000	243.6800	230.2680	2.0832	260.5900	65.2151	NOT CONNECTED	0.0000	500.0000	0.0000	8025.4581	0.0382	0.0848	0.0521	0.0523	-0.5013	0.0430	-0.6314	0.2234	-5.4009	179.7347	314.1649	98.6410	70.3170	0.7967	0.5305	78.1762
92.8690	8004.0000	-0.0560	0.5722	0.0000	221.2150	82.7300	230.3550	0.8694	92.6200	65.1807	NOT CONNECTED	0.0000	500.0000	0.0000	7997.9684	0.0903	0.1188	0.0532	0.0526	-0.7406	0.2649	-0.6018	0.2964	-2.6131	176.9848	313.3976	106.5826	70.2299	0.8470	0.5735	78.0645
93.0849	8004.0000	-0.0560	0.5722	0.0000	221.2150	82.7300	230.3550	0.8694	92.6200	65.1807	NOT CONNECTED	0.0000	500.0000	0.0000	7997.9684	0.0903	0.1188	0.0532	0.0526	-0.7406	0.2649	-0.6018	0.2964	-2.6131	176.9848	313.3976	106.5826	70.2299	0.8470	0.5735	78.0645
93.6135	8005.0000	-0.0610	0.5746	0.0000	220.5240	101.8400	230.2890	1.0166	111.9000	65.1301	NOT CONNECTED	0.0000	500.0000	0.0000	8000.5952	0.1281	0.1154	0.0529	0.0514	-0.8265	0.3855	-0.7772	0.2282	-3.5030	177.9800	313.3740	106.8674	70.1497	0.7789	0.5399	78.0645
93.6911	8005.0000	-0.0610	0.5746	0.0000	220.5240	101.8400	230.2890	1.0166	111.9000	65.1301	NOT CONNECTED	0.0000	500.0000	0.0000	8000.5952	0.1281	0.1154	0.0529	0.0514	-0.8265	0.3855	-0.7772	0.2282	-3.5030	177.9800	313.3740	106.8674	70.1497	0.7789	0.5399	78.0645
94.3571	8002.0000	-0.0620	0.5677	0.0000	220.8070	100.5500	230.2880	1.0059	110.5100	65.0981	NOT CONNECTED	0.0000	500.0000	0.0000	8005.5296	0.1072	0.1089	0.0515	0.0526	-0.6410	0.3587	-0.7301	0.2872	0.5985	174.5809	313.3132	104.6532	70.0077	0.8910	0.5910	77.9411
94.8053	8002.0000	-0.0610	0.5686	0.0000	220.7070	101.0200	230.2840	1.0079	111.0200	65.0894	NOT CONNECTED	0.0000	500.0000	0.0000	8005.5296	0.1072	0.1089	0.0515	0.0526	-0.6410	0.3587	-0.7301	0.2872	0.5985	174.5809	313.3132	104.6532	70.0077	0.8910	0.5910	77.9411
95.0910	8002.0000	-0.0610	0.5686	0.0000	220.7070	101.0200	230.2840	1.0079	111.0200	65.0894	NOT CONNECTED	0.0000	500.0000	0.0000	8005.5296	0.1072	0.1089	0.0515	0.0526	-0.6410	0.3587	-0.7301	0.2872	0.5985	174.5809	313.3132	104.6532	70.0077	0.8910	0.5910	77.9411
95.8391	7998.0000	-0.0610	0.5680	0.0000	220.7470	100.7500	230.2790	1.0057	110.7800	65.0535	NOT CONNECTED	0.0000	500.0000	0.0000	8008.0306	0.0747	0.0953	0.0522	0.0528	-0.7670	0.2794	-0.7990	0.2316	0.5506	175.8405	313.4592	84.1041	69.8718	0.7036	0.5396	77.6868
95.9853	7998.0000	-0.0610	0.5680	0.0000	220.7470	100.7500	230.2790	1.0057	110.7800	65.0535	NOT CONNECTED	0.0000	500.0000	0.0000	8008.0306	0.0747	0.0953	0.0522	0.0528	-0.7670	0.2794	-0.7990	0.2316	0.5506	175.8405	313.4592	84.1041	69.8718	0.7036	0.5396	77.6868
96.5746	7877.0000	0.0060	0.5431	0.0000	221.3840	84.8700	230.2800	0.8930	95.7500	64.9715	NOT CONNECTED	0.0000	500.0000	0.0000	7737.5484	0.0213	-0.0000	0.0350	0.0349	-1.7143	0.1053	-1.7118	-0.0173	-11.3867	115.1883	317.2415	33.2628	69.8116	1.7389	0.8416	77.6868
96.5914	7877.0000	0.0060	0.5431	0.0000	221.3840	84.8700	230.2800	0.8930	95.7500	64.9715	NOT CONNECTED	0.0000	500.0000	0.0000	7737.5484	0.0213	-0.0000	0.0350	0.0349	-1.7143	0.1053	-1.7118	-0.0173	-11.3867	115.1883	317.2415	33.2628	69.8116	1.7389	0.8416	77.6868
97.1969	7474.0000	0.0090	1.1924	0.0000	147.6210	27.9600	230.2990	0.4398	42.1000	64.9684	NOT CONNECTED	0.0000	500.0000	0.0000	7404.6000	-0.0097	0.0066	0.0349	0.0348	-1.8095	-0.0290	-1.9306	0.0521	-10.8933	109.0515	317.0674	39.0333	69.9530	1.5595	1.2003	77.5560
97.3211	7474.0000	0.0090	1.1924	0.0000	147.6210	27.9600	230.2990	0.4398	42.1000	64.9684	NOT CONNECTED	0.0000	500.0000	0.0000	7404.6000	-0.0097	0.0066	0.0349	0.0348	-1.8095	-0.0290	-1.9306	0.0521	-10.8933	109.0515	317.0674	39.0333	69.9530	1.5595	1.2003	77.5560
97.8014	7095.0000	0.0080	1.2189	0.0000	135.2520	33.5700	230.2730	0.4887	48.0100	64.9747	NOT CONNECTED	0.0000	500.0000	0.0000	7088.0540	0.0323	0.0197	0.0348	0.0349	-1.6125	0.1670	-1.8176	0.0257	-11.3988	102.5340	316.7020	38.2377	70.1402	1.7875	1.2349	77.5560
98.0657	7095.0000	0.0080	1.2189	0.0000	135.2520	33.5700	230.2730	0.4887	48.0100	64.9747	NOT CONNECTED	0.0000	500.0000	0.0000	7088.0540	0.0323	0.0197	0.0348	0.0349	-1.6125	0.1670	-1.8176	0.0257	-11.3988	102.5340	316.7020	38.2377	70.1402	1.7875	1.2349	77.5560
98.3920	7095.0000	0.0080	1.2189	0.0000	135.2520	33.5700	230.2730	0.4887	48.0100	64.9747	NOT CONNECTED	0.0000	500.0000	0.0000	6807.2316	0.0220	-0.0000	0.0349	0.0349	-1.7931	0.1451	-1.7690	0.0429	-12.0580	97.9971	316.8464	36.2782	70.3170	1.6758	1.2057	77.5230
98.8067	6729.0000	0.0150	1.2179	0.0000	130.5820	31.7900	230.2720	0.4724	46.2000	64.9754	NOT CONNECTED	0.0000	500.0000	0.0000	6499.3396	-0.0071	-0.0000	0.0347	0.0348	-1.6668	-0.0574	-1.6143	0.0336	-10.9813	96.4128	316.9973	34.6364	70.4747	1.8430	1.2083	77.4948
98.9975	6729.0000	0.0150	1.2179	0.0000	130.5820	31.7900	230.2720	0.4724	46.2000	64.9754	NOT CONNECTED	0.0000	500.0000	0.0000	6499.3396	-0.0071	-0.0000	0.0347	0.0348	-1.6668	-0.0574	-1.6143	0.0336	-10.9813	96.4128	316.9973	34.6364	70.4747	1.8430	1.2083	77.4948
99.5522	6356.0000	0.0170	1.2183	0.0000	121.1930	27.7600	230.2670	0.4358	42.2100	65.0098	NOT CONNECTED	0.0000	500.0000	0.0000	6202.1947	0.0134	-0.0000	0.0347	0.0348	-1.9290	0.0789	-1.5901	-0.0102	-10.4357	91.0251	317.0877	32.6304	70.6347	1.7970	1.2100	77.4948
99.5870	6356.0000	0.0170	1.2183	0.0000	121.1930	27.7600	230.2670	0.4358	42.2100	65.0098	NOT CONNECTED	0.0000	500.0000	0.0000	6202.1947	0.0134	-0.0000	0.0347	0.0348	-1.9290	0.0789	-1.5901	-0.0102	-10.4357	91.0251	317.0877	32.6304	70.6347	1.7970	1.2100	77.4948
100.1926	5984.0000	0.0200	1.2191	0.0000	116.4840	26.4800	230.2640	0.4244	40.9800	65.0301	NOT CONNECTED	0.0000	500.0000	0.0000	5896.1777	0.0120	0.0008	0.0349	0.0348	-1.8683	0.1263	-1.8330	0.0173	-11.3209	87.3415	317.1158	32.5022	70.7970	1.7558	1.2116	77.4649
100.2964	5984.0000	0.0200	1.2191	0.0000	116.4840	26.4800	230.2640	0.4244	40.9800	65.0301	NOT CONNECTED	0.0000	500.0000	0.0000	5896.1777	0.0120	0.0008	0.0349	0.0348	-1.8683	0.1263	-1.8330	0.0173	-11.3209	87.3415	317.1158	32.5022	70.7970	1.7558	1.2116	77.4649
100.7987	5637.0000	0.0100	1.2233	0.0000	107.3170	24.3900	230.2620	0.4043	38.7900	65.0656	NOT CONNECTED	0.0000	500.0000	0.0000	5650.0158	-0.0380	-0.0000	0.0350	0.0348	-1.5121	-0.1415	-1.8203	0.0587	-9.2941	83.9852	316.4918	30.0899	70.9521	1.3214	1.2459	77.4649
101.0367	5637.0000	0.0100	1.2233	0.0000	107.3170	24.3900	230.2620	0.4043	38.7900	65.0656	NOT CONNECTED	0.0000	500.0000	0.0000	5650.0158	-0.0380	-0.0000	0.0350	0.0348	-1.5121	-0.1415	-1.8203	0.0587	-9.2941	83.9852	316.4918	30.0899	70.9521	1.3214	1.2459	77.4649
101.4028	5302.0000	0.0200	1.2587	0.0000	104.2210	27.3400	230.2580	0.4319	41.9400	65.0924	NOT CONNECTED	0.0000	500.0000	0.0000	5311.1994	-0.0547	-0.0000	0.0349	0.0348	-1.0984	-0.3198	-2.2521	0.0769	-11.4217	69.4600	316.9577	30.0960	71.1188	2.0754	1.2593	77.4252
101.7635	5302.0000	0.0200	1.2587	0.0000	104.2210	27.3400	230.2580	0.4319	41.9400	65.0924	NOT CONNECTED	0.0000	500.0000	0.0000	5054.8237	0.0122	-0.0000	0.0348	0.0348	-1.9599	0.1263	-1.1352	0.0591	-13.5628	71.4243	316.9278	27.8472	71.2872	1.8692	1.2633	77.3906
102.0096	5302.0000	0.0200	1.2587	0.0000	104.2210	27.3400	230.2580	0.4319	41.9400	65.0924	NOT CONNECTED	0.0000	500.0000	0.0000	5054.8237	0.0122	-0.0000	0.0348	0.0348	-1.9599	0.1263	-1.1352	0.0591	-13.5628	71.4243	316.9278	27.8472	71.2872	1.8692	1.2633	77.3906
102.5062	4962.0000	0.0180	1.2658	0.0000	95.5840	26.4500	230.2580	0.4226	41.0900	65.1920	NOT CONNECTED	0.0000	500.0000	0.0000	4819.0085	0.0312	-0.0000	0.0350	0.0352	-2.2836	0.0861	-1.2514	-0.1740	-12.5432	82.3143	317.5207	21.9510	71.4518	1.0747	1.2713	77.3906
102.6152	4962.0000	0.0180	1.2658	0.0000	95.5840	26.4500	230.2580	0.4226	41.0900	65.1920	NOT CONNECTED	0.0000	500.0000	0.0000	4819.0085	0.0312	-0.0000	0.0350	0.0352	-2.2836	0.0861	-1.2514	-0.1740	-12.5432	82.3143	317.5207	21.9510	71.4518	1.0747	1.2713	77.3906
103.2200	4591.0000	0.0430	1.2708	0.0000	91.4330	24.2300	230.2590	0.4049	39.0100	65.2047	NOT CONNECTED	0.0000	500.0000	0.0000	4485.0553	0.0109	-0.0000	0.0350	0.0348	-1.8483	0.0738	-1.9644	-0.1059	-9.0132	70.1319	317.5305	19.3585	71.6274	1.1332	1.2831	77.5137
103.2411	4591.0000	0.0430	1.2708	0.0000	91.4330	24.2300	230.2590	0.4049	39.0100	65.2047	NOT CONNECTED	0.0000	500.0000	0.0000	4485.0553	0.0109	-0.0000	0.0350	0.0348	-1.8483	0.0738	-1.9644	-0.1059	-9.0132	70.1319	317.5305	19.3585	71.6274	1.1332	1.2831	77.5137
103.8261	4193.0000	0.0350	1.2835	0.0000	81.4760	15.5000	230.2650	0.3226	29.9100	65.3172	NOT CONNECTED	0.0000	500.0000	0.0000	4084.5347	-0.0693	-0.0161	0.0348	0.0349	-1.9789	-0.2496	-1.4708	0.0237	-8.0230	61.3527	317.6190	21.7039	71.7917	2.3769	1.2879	77.5137
103.9990	4193.0000	0.0350	1.2835	0.0000	81.4760	15.5000	230.2650	0.3226	29.9100	65.3172	NOT CONNECTED	0.0000	500.0000	0.0000	4084.5347	-0.0693	-0.0161	0.0348	0.0349	-1.9789	-0.2496	-1.4708	0.0237	-8.0230	61.3527	317.6190	21.7039	71.7917	2.3769	1.2879	77.5137
104.4315	3803.0000	0.0410	1.2763	0.0000	76.6770	19.1100	230.2620	0.3521	33.3300	65.3786	NOT CONNECTED	0.0000	500.0000	0.0000	3802.1314	0.0139	-0.0000	0.0347	0.0354	-2.3500	-0.0222	-1.1606	-0.1062	-7.7440	61.8720	317.5664	19.9243	71.9519	1.5815	1.2813	77.6318
104.7451	3803.0000	0.0410	1.2763	0.0000	76.6770	19.1100	230.2620	0.3521	33.3300	65.3786	NOT CONNECTED	0.0000	500.0000	0.0000	3475.6374	-0.0423	-0.0273	0.0349	0.0348	-1.0836	-0.2243	-2.0866	-0.0210	-10.2905	44.3985	317.4662	20.8359	72.1068	2.3798	1.2806	77.7470
105.0371	3803.0000	0.0410	1.2763	0.0000	76.6770	19.1100	230.2620	0.3521	33.3300	65.3786	NOT CONNECTED	0.0000	500.0000	0.0000	3475.6374	-0.0423	-0.0273	0.0349	0.0348	-1.0836	-0.2243	-2.0866	-0.0210	-10.2905	44.3985	317.4662	20.8359	72.1068	2.3798	1.2806	77.7470
105.4890	3426.0000	0.0450	1.2778	0.0000	67.3930	19.1700	230.2660	0.3511	33.2800	65.4647	NOT CONNECTED	0.0000	500.0000	0.0000	3253.9047	0.0042	-0.0000	0.0349	0.0353	-2.2014	-0.0739	-1.7788	0.0507	-12.8064	41.8195	317.3256	23.0729	72.2578	1.3640	1.2800	77.7470
105.6423	3426.0000	0.0450	1.2778	0.0000	67.3930	19.1700	230.2660	0.3511	33.2800	65.4647	NOT CONNECTED	0.0000	500.0000	0.0000	3253.9047	0.0042	-0.0000	0.0349	0.0353	-2.2014	-0.0739	-1.7788	0.0507	-12.8064	41.8195	317.3256	23.0729	72.2578	1.3640	1.2800	77.7470
106.2268	3056.0000	0.0440	1.2780	0.0000	62.6700	19.1100	230.2690	0.3476	32.9600	65.5116	NOT CONNECTED	0.0000	500.0000	0.0000	2867.4196	0.0095	-0.0553	0.0346	0.0348	-1.9883	0.0684	-1.1134	-0.1057	-14.4079	39.9943	317.5201	23.1949	72.4137	1.7524	1.2915	77.8583
106.2486	3056.0000	0.0440	1.2780	0.0000	62.6700	19.1100	230.2690	0.3476	32.9600	65.5116	NOT CONNECTED	0.0000	500.0000	0.0000	2867.4196	0.0095	-0.0553	0.0346	0.0348	-1.9883	0.0684	-1.1134	-0.1057	-14.4079	39.9943	317.5201	23.1949	72.4137	1.7524	1.2915	77.8583
106.8540	2682.0000	0.0460	1.2833	0.0000	53.6590	20.1600	230.2760	0.3554	33.9200	65.5942	NOT CONNECTED	0.0000	500.0000	0.0000	2573.7240	-0.0334	-0.0592	0.0356	0.0350	-1.0347	-0.2513	-2.3023	-0.1743	-12.0125	40.3481	317.3512	25.3891	72.5632	2.3319	1.2929	77.8583
107.0016	2682.0000	0.0460	1.2833	0.0000	53.6590	20.1600	230.2760	0.3554	33.9200	65.5942	NOT CONNECTED	0.0000	500.0000	0.0000	2573.7240	-0.0334	-0.0592	0.0356	0.0350	-1.0347	-0.2513	-2.3023	-0.1743	-12.0125	40.3481	317.3512	25.3891	72.5632	2.3319	1.2929	77.8583
107.4595	2293.0000	0.0440	1.2802	0.0000	49.1310	20.2000	230.2770	0.3544	33.8800	65.7771	NOT CONNECTED	0.0000	500.0000	0.0000	2262.2283	0.0069	-0.0069	0.0348	0.0348	-1.7645	0.0507	-2.1603	-0.1398	-15.6251	30.0883	317.3202	22.2113	72.7074	2.4121	1.2878	77.9654
107.7376	2293.0000	0.0440	1.2802	0.0000	49.1310	20.2000	230.2770	0.3544	33.8800	65.7771	NOT CONNECTED	0.0000	500.0000	0.0000	2262.2283	0.0069	-0.0069	0.0348	0.0348	-1.7645	0.0507	-2.1603	-0.1398	-15.6251	30.0883	317.3202	22.2113	72.7074	2.4121	1.2878	77.9654
108.0650	2293.0000	0.0440	1.2802	0.0000	49.1310	20.2000	230.2770	0.3544	33.8800	65.7771	NOT CONNECTED	0.0000	500.0000	0.0000	1973.2847	-0.0107	-0.0702	0.0354	0.0354	-1.8295	-0.1321	-2.4613	-0.0004	-13.0868	28.1031	317.2068	23.1130	72.8459	2.3121	1.2822	78.0689
108.4868	1921.0000	0.0480	1.2774	0.0000	39.8850	21.4800	230.2820	0.3622	34.8000	65.8332	NOT CONNECTED	0.0000	500.0000	0.0000	1649.1596	-0.0033	0.0233	0.0347	0.0348	-1.2555	-0.0592	-1.3576	-0.0336	-14.5480	24.2511	317.1298	28.6259	72.9806	1.5719	1.2850	78.0689
108.6706	1921.0000	0.0480	1.2774	0.0000	39.8850	21.4800	230.2820	0.3622	34.8000	65.8332	NOT CONNECTED	0.0000	500.0000	0.0000	1649.1596	-0.0033	0.0233	0.0347	0.0348	-1.2555	-0.0592	-1.3576	-0.0336	-14.5480	24.2511	317.1298	28.6259	72.9806	1.5719	1.2850	78.0689
109.2287	1543.0000	0.0470	1.2765	0.0000	35.4030	22.0900	230.2840	0.3652	35.2700	65.9326	NOT CONNECTED	0.0000	500.0000	0.0000	1389.7388	0.0141	-0.1292	0.0352	0.0348	-1.3542	0.0407	-1.5627	0.0750	-9.4942	19.4620	317.0510	26.8285	73.1156	1.4452	1.2555	78.1679
109.2759	1543.0000	0.0470	1.2765	0.0000	35.4030	22.0900	230.2840	0.3652	35.2700	65.9326	NOT CONNECTED	0.0000	500.0000	0.0000	1389.7388	0.0141	-0.1292	0.0352	0.0348	-1.3542	0.0407	-1.5627	0.0750	-9.4942	19.4620	317.0510	26.8285	73.1156	1.4452	1.2555	78.1679
109.8808	1148.0000	0.0510	1.2314	0.0000	25.5660	21.8300	230.2920	0.3582	34.5700	66.0599	NOT CONNECTED	0.0000	500.0000	0.0000	1060.6194	-0.1438	-0.0515	0.0346	0.0356	-1.5002	-0.6708	-1.3079	-0.1126	-12.6383	13.8391	317.1179	23.8150	73.2222	1.3375	1.2404	78.1679
109.9978	1148.0000	0.0510	1.2314	0.0000	25.5660	21.8300	230.2920	0.3582	34.5700	66.0599	NOT CONNECTED	0.0000	500.0000	0.0000	1060.6194	-0.1438	-0.0515	0.0346	0.0356	-1.5002	-0.6708	-1.3079	-0.1126	-12.6383	13.8391	317.1179	23.8150	73.2222	1.3375	1.2404	78.1679
110.4872	766.0000	0.0470	1.2268	0.0000	21.6290	22.6800	230.2970	0.3648	35.2100	66.1594	NOT CONNECTED	0.0000	500.0000	0.0000	778.7283	-0.0755	-0.1438	0.0355	0.0352	-1.3575	-0.3755	-1.6332	0.0981	-12.2187	12.4444	317.0601	26.5999	73.3218	1.5601	1.2392	78.2593
110.7346	766.0000	0.0470	1.2268	0.0000	21.6290	22.6800	230.2970	0.3648	35.2100	66.1594	NOT CONNECTED	0.0000	500.0000	0.0000	778.7283	-0.0755	-0.1438	0.0355	0.0352	-1.3575	-0.3755	-1.6332	0.0981	-12.2187	12.4444	317.0601	26.5999	73.3218	1.5601	1.2392	78.2593
111.0929	766.0000	0.0470	1.2268	0.0000	21.6290	22.6800	230.2970	0.3648	35.2100	66.1594	NOT CONNECTED	0.0000	500.0000	0.0000	439.4780	0.0293	0.0347	0.0353	0.0352	-1.9115	0.1401	-1.9476	0.0176	-12.6325	6.2917	317.0108	30.7952	73.4125	1.9317	1.2134	78.3397
111.4827	394.0000	0.0520	1.2016	0.0000	14.9910	24.1000	230.3050	0.3732	36.2900	66.2415	NOT CONNECTED	0.0000	500.0000	0.0000	0.0000	0.0000	0.0000	0.0672	0.0351	-1.8860	0.2168	-1.8962	0.0924	-11.9970	4.0370	321.3122	0.0000	73.4984	1.8984	1.2059	78.3397
111.6999	394.0000	0.0520	1.2016	0.0000	14.9910	24.1000	230.3050	0.3732	36.2900	66.2415	NOT CONNECTED	0.0000	500.0000	0.0000	0.0000	0.0000	0.0000	0.0672	0.0351	-1.8860	0.2168	-1.8962	0.0924	-11.9970	4.0370	321.3122	0.0000	73.4984	1.8984	1.2059	78.3397
112.2250	21.0000	0.0040	1.1973	0.0000	13.2030	25.4000	230.3080	0.3869	37.5700	66.2879	NOT CONNECTED	0.0000	500.0000	0.0000	0.0000	0.0000	0.0000	0.0672	0.0351	-1.8860	0.2168	-1.8962	0.0924	-11.9970	4.0370	321.3257	0.0000	73.3545	1.8984	0.0094	78.4140
112.3034	21.0000	0.0040	1.1973	0.0000	13.2030	25.4000	230.3080	0.3869	37.5700	66.2879	NOT CONNECTED	0.0000	500.0000	0.0000	0.0000	0.0000	0.0000	0.0672	0.0351	-1.8860	0.2168	-1.8962	0.0924	-11.9970	4.0370	321.3257	0.0000	73.3545	1.8984	0.0094	78.4140
112.9098	0.0000	0.0000	0.0000	0.0000	0.0000	-0.0100	230.3320	0.0000	1.7600	66.2642	NOT CONNECTED	0.0000	500.0000	0.0000	0.0000	0.0000	0.0000	0.0672	0.0351	-1.8860	0.2168	-1.8962	0.0924	-11.9970	4.0370	321.2756	0.0000	73.1217	1.8984	0.0057	78.4140
112.9760	0.0000	0.0000	0.0000	0.0000	0.0000	-0.0100	230.3320	0.0000	1.7600	66.2642	NOT CONNECTED	0.0000	500.0000	0.0000	0.0000	0.0000	0.0000	0.0672	0.0351	-1.8860	0.2168	-1.8962	0.0924	-11.9970	4.0370	321.2756	0.0000	73.1217	1.8984	0.0057	78.4140
113.4988	0.0000	0.0000	0.0000	0.0000	0.0000	-0.0100	230.3350	0.0000	1.7600	66.2307	NOT CONNECTED	0.0000	500.0000	0.0000	0.0000	0.0000	0.0000	0.0672	0.0351	-1.8860	0.2168	-1.8962	0.0924	0.0000	0.0000	321.2905	0.0000	72.8998	1.8984	0.0056	78.3840
113.7066	0.0000	0.0000	0.0000	0.0000	0.0000	-0.0100	230.3350	0.0000	1.7600	66.2307	NOT CONNECTED	0.0000	500.0000	0.0000	0.0000	0.0000	0.0000	0.0672	0.0351	-1.8860	0.2168	-1.8962	0.0924	0.0000	0.0000	321.2905	0.0000	72.8998	1.8984	0.0056	78.3840
114.1067	NOT CONNECTED	NOT CONNECTED	NOT CONNECTED	NOT CONNECTED	NOT CONNECTED	NOT CONNECTED	NOT CONNECTED	NOT CONNECTED	NOT CONNECTED	NOT CONNECTED	NOT CONNECTED	0.0000	500.0000	0.0000	0.0000	0.0000	0.0000	0.0672	0.0351	-1.8860	0.2168	-1.8962	0.0924	0.0000	0.0000	321.3054	0.0000	72.6877	1.8984	0.0047	78.3120
