Time	speed	torque	motor_current	motor_current_thd	motor_voltage	motor_power	line_voltage	line_current	line_power	motor_temperature	Test_Marker	BD_Target_Speed	BD_Target_Accel	BD_Update_Cmd	Mcl_Quantities.Speed_Rot_Mech	Mcl_Quantities.Torque	Mcl_Quantities.Torque_Ref	Mcl_Quantities.Stator_Flux_Mag	Mcl_Quantities.Flux_Ref	Mcl_Quantities.Id_stator_current	Mcl_Quantities.Iq_stator_current	Mcl_Quantities.Id_rotor_current	Rotor_Curr_Iq	Flux_Controller.Out	Torque_Controller.Out	DC_Bus_RMS	Mcl_Quantities.Electrical_Power	Mcl_Quantities.Stator_Temperature	Mcl_Quantities.Is_Abs	Mcl_Quantities.IsRMS	SR_Overheating_Temp
0.7456	0.0000	-0.0000	0.0000	0.0000	0.0000	-0.0100	230.6370	0.0000	1.6400	72.4669	NOT CONNECTED	NOT CONNECTED	NOT CONNECTED	NOT CONNECTED	NOT CONNECTED	NOT CONNECTED	NOT CONNECTED	NOT CONNECTED	NOT CONNECTED	NOT CONNECTED	NOT CONNECTED	NOT CONNECTED	NOT CONNECTED	NOT CONNECTED	NOT CONNECTED	NOT CONNECTED	NOT CONNECTED	NOT CONNECTED	NOT CONNECTED	NOT CONNECTED	NOT CONNECTED
1.4642	0.0000	-0.0000	0.0000	0.0000	0.0000	-0.0100	230.6380	0.0000	1.6400	72.3279	NOT CONNECTED	0.0000	500.0000	0.0000	0.0000	0.0000	0.0000	0.0672	0.0351	-1.8707	0.3084	-1.8914	0.1315	0.0000	0.0000	321.5503	0.0000	69.6329	1.8959	0.0053	95.9474
1.4765	0.0000	-0.0000	0.0000	0.0000	0.0000	-0.0100	230.6380	0.0000	1.6400	72.3279	NOT CONNECTED	0.0000	500.0000	0.0000	0.0000	0.0000	0.0000	0.0672	0.0351	-1.8707	0.3084	-1.8914	0.1315	0.0000	0.0000	321.5503	0.0000	69.6329	1.8959	0.0053	95.9474
2.0696	0.0000	-0.0030	0.0000	0.0000	0.0000	-0.0100	230.6360	0.0000	1.6600	72.1805	NOT CONNECTED	0.0000	500.0000	0.0000	0.0000	0.0000	0.0000	0.0672	0.0351	-1.8707	0.3084	-1.8914	0.1315	0.0000	0.0000	321.7735	0.0000	69.3941	1.8959	0.0047	95.9474
2.2240	0.0000	-0.0030	0.0000	0.0000	0.0000	-0.0100	230.6360	0.0000	1.6600	72.1805	NOT CONNECTED	0.0000	500.0000	0.0000	0.0000	0.0000	0.0000	0.0672	0.0351	-1.8707	0.3084	-1.8914	0.1315	0.0000	0.0000	321.7735	0.0000	69.3941	1.8959	0.0047	95.9474
2.6751	0.0000	0.0000	0.0000	0.0000	0.0000	-0.0100	230.6350	0.0000	1.6500	72.0326	NOT CONNECTED	0.0000	500.0000	0.0000	0.0000	0.0000	0.0000	0.0672	0.0351	-1.8707	0.3084	-1.8914	0.1315	0.0000	0.0000	321.7817	0.0000	69.1633	1.8959	0.0048	95.8043
2.9678	0.0000	0.0000	0.0000	0.0000	0.0000	-0.0100	230.6350	0.0000	1.6500	72.0326	NOT CONNECTED	0.0000	500.0000	0.0000	0.0000	0.0000	0.0000	0.0672	0.0351	-1.8707	0.3084	-1.8914	0.1315	0.0000	0.0000	321.7817	0.0000	69.1633	1.8959	0.0048	95.8043
3.2812	0.0000	0.0000	0.0000	0.0000	0.0000	-0.0100	230.6350	0.0000	1.6500	72.0326	NOT CONNECTED	0.0000	500.0000	0.0000	0.0000	0.0000	0.0000	0.0672	0.0351	-1.8707	0.3084	-1.8914	0.1315	0.0000	0.0000	321.7708	0.0000	68.9402	1.8959	0.0047	95.6618
3.7347	0.0000	-0.0000	0.0000	0.0000	0.0000	-0.0100	230.6330	0.0000	1.6500	71.8988	NOT CONNECTED	0.0000	500.0000	0.0000	0.0000	0.0000	0.0000	0.0672	0.0351	-1.8707	0.3084	-1.8914	0.1315	0.0000	0.0000	321.7587	0.0000	68.7158	1.8959	0.0048	95.6618
3.8864	0.0000	-0.0000	0.0000	0.0000	0.0000	-0.0100	230.6330	0.0000	1.6500	71.8988	NOT CONNECTED	0.0000	500.0000	0.0000	0.0000	0.0000	0.0000	0.0672	0.0351	-1.8707	0.3084	-1.8914	0.1315	0.0000	0.0000	321.7587	0.0000	68.7158	1.8959	0.0048	95.6618
4.4699	0.0000	-0.0000	0.0000	0.0000	0.0000	-0.0100	230.6330	0.0000	1.6600	71.7588	NOT CONNECTED	0.0000	500.0000	0.0000	0.0000	0.0000	0.0000	0.0672	0.0351	-1.8707	0.3084	-1.8914	0.1315	0.0000	0.0000	321.7533	0.0000	68.5076	1.8959	0.0046	95.5201
4.4924	0.0000	-0.0000	0.0000	0.0000	0.0000	-0.0100	230.6330	0.0000	1.6600	71.7588	NOT CONNECTED	0.0000	500.0000	0.0000	0.0000	0.0000	0.0000	0.0672	0.0351	-1.8707	0.3084	-1.8914	0.1315	0.0000	0.0000	321.7533	0.0000	68.5076	1.8959	0.0046	95.5201
5.0979	0.0000	-0.0000	0.0000	0.0000	0.0000	-0.0100	230.6310	0.0000	1.6700	71.5961	NOT CONNECTED	0.0000	500.0000	0.0000	0.0000	0.0000	0.0000	0.0672	0.0351	-1.8707	0.3084	-1.8914	0.1315	0.0000	0.0000	321.7749	0.0000	68.3064	1.8959	0.0048	95.5201
5.2224	0.0000	-0.0000	0.0000	0.0000	0.0000	-0.0100	230.6310	0.0000	1.6700	71.5961	NOT CONNECTED	0.0000	500.0000	0.0000	0.0000	0.0000	0.0000	0.0672	0.0351	-1.8707	0.3084	-1.8914	0.1315	0.0000	0.0000	321.7749	0.0000	68.3064	1.8959	0.0048	95.5201
5.7042	0.0000	-0.0000	0.0000	0.0000	0.0000	-0.0100	230.6300	0.0000	1.6500	71.4682	NOT CONNECTED	0.0000	500.0000	0.0000	0.0000	0.0000	0.0000	0.0672	0.0351	-1.8707	0.3084	-1.8914	0.1315	0.0000	0.0000	321.7343	0.0000	68.1118	1.8959	0.0048	95.3790
5.9652	0.0000	-0.0000	0.0000	0.0000	0.0000	-0.0100	230.6300	0.0000	1.6500	71.4682	NOT CONNECTED	0.0000	500.0000	0.0000	0.0000	0.0000	0.0000	0.0672	0.0351	-1.8707	0.3084	-1.8914	0.1315	0.0000	0.0000	321.7343	0.0000	68.1118	1.8959	0.0048	95.3790
6.2925	0.0000	-0.0000	0.0000	0.0000	0.0000	-0.0100	230.6300	0.0000	1.6500	71.4682	NOT CONNECTED	0.0000	500.0000	0.0000	0.0000	0.0000	0.0000	0.0672	0.0351	-1.8707	0.3084	-1.8914	0.1315	0.0000	0.0000	321.7397	0.0000	67.9236	1.8959	0.0049	95.2385
6.7170	0.0000	-0.0000	0.0000	0.0000	0.0000	-0.0100	230.6270	0.0000	1.6500	71.3604	NOT CONNECTED	0.0000	500.0000	0.0000	0.0000	0.0000	0.0000	0.0672	0.0351	-1.8707	0.3084	-1.8914	0.1315	0.0000	0.0000	321.7438	0.0000	67.7415	1.8959	0.0049	95.2385
6.8987	0.0000	-0.0000	0.0000	0.0000	0.0000	-0.0100	230.6270	0.0000	1.6500	71.3604	NOT CONNECTED	0.0000	500.0000	0.0000	0.0000	0.0000	0.0000	0.0672	0.0351	-1.8707	0.3084	-1.8914	0.1315	0.0000	0.0000	321.7438	0.0000	67.7415	1.8959	0.0049	95.2385
7.4525	0.0000	-0.0000	0.0000	0.0000	0.0000	-0.0100	230.6270	0.0000	1.6500	71.2416	NOT CONNECTED	0.0000	500.0000	0.0000	0.0000	0.0000	0.0000	0.0672	0.0351	-1.8707	0.3084	-1.8914	0.1315	0.0000	0.0000	321.7397	0.0000	67.5582	1.8959	0.0046	95.0987
7.5211	0.0000	-0.0000	0.0000	0.0000	0.0000	-0.0100	230.6270	0.0000	1.6500	71.2416	NOT CONNECTED	0.0000	500.0000	0.0000	0.0000	0.0000	0.0000	0.0672	0.0351	-1.8707	0.3084	-1.8914	0.1315	0.0000	0.0000	321.7397	0.0000	67.5582	1.8959	0.0046	95.0987
8.1425	0.0000	-0.0000	0.0000	0.0000	0.0000	-0.0100	230.6240	0.0000	1.6500	71.0858	NOT CONNECTED	0.0000	500.0000	0.0000	0.0000	0.0000	0.0000	0.0672	0.0351	-1.8707	0.3084	-1.8914	0.1315	0.0000	0.0000	321.7478	0.0000	67.3811	1.8959	0.0046	94.9596
8.1886	0.0000	-0.0000	0.0000	0.0000	0.0000	-0.0100	230.6240	0.0000	1.6500	71.0858	NOT CONNECTED	0.0000	500.0000	0.0000	0.0000	0.0000	0.0000	0.0672	0.0351	-1.8707	0.3084	-1.8914	0.1315	0.0000	0.0000	321.7478	0.0000	67.3811	1.8959	0.0046	94.9596
8.7480	0.0000	-0.0000	0.0000	0.0000	0.0000	-0.0100	230.6190	0.0000	1.6500	70.9591	NOT CONNECTED	0.0000	500.0000	0.0000	0.0000	0.0000	0.0000	0.0672	0.0351	-1.8707	0.3084	-1.8914	0.1315	0.0000	0.0000	321.7126	0.0000	67.2168	1.8959	0.0048	94.9596
8.9284	0.0000	-0.0000	0.0000	0.0000	0.0000	-0.0100	230.6190	0.0000	1.6500	70.9591	NOT CONNECTED	0.0000	500.0000	0.0000	0.0000	0.0000	0.0000	0.0672	0.0351	-1.8707	0.3084	-1.8914	0.1315	0.0000	0.0000	321.7126	0.0000	67.2168	1.8959	0.0048	94.9596
9.3534	0.0000	-0.0000	0.0000	0.0000	0.0000	-0.0100	230.6160	0.0000	1.6400	70.7835	NOT CONNECTED	0.0000	500.0000	0.0000	0.0000	0.0000	0.0000	0.0672	0.0351	-1.8707	0.3084	-1.8914	0.1315	0.0000	0.0000	321.7208	0.0000	67.0577	1.8959	0.0046	94.8212
9.6714	0.0000	-0.0000	0.0000	0.0000	0.0000	-0.0100	230.6160	0.0000	1.6400	70.7835	NOT CONNECTED	0.0000	500.0000	0.0000	0.0000	0.0000	0.0000	0.0672	0.0351	-1.8707	0.3084	-1.8914	0.1315	0.0000	0.0000	321.6869	0.0000	66.9038	1.8959	0.0046	94.8212
9.9589	0.0000	-0.0000	0.0000	0.0000	0.0000	-0.0100	230.6160	0.0000	1.6400	70.7835	NOT CONNECTED	0.0000	500.0000	0.0000	0.0000	0.0000	0.0000	0.0672	0.0351	-1.8707	0.3084	-1.8914	0.1315	0.0000	0.0000	321.6869	0.0000	66.9038	1.8959	0.0046	94.8212
10.4133	0.0000	-0.0000	0.0000	0.0000	0.0000	-0.0100	230.6100	0.0000	1.6500	70.6440	NOT CONNECTED	0.0000	500.0000	0.0000	0.0000	0.0000	0.0000	0.0672	0.0351	-1.8707	0.3084	-1.8914	0.1315	0.0000	0.0000	321.6950	0.0000	66.7549	1.8959	0.0044	94.6833
10.5488	0.0000	-0.0000	0.0000	0.0000	0.0000	-0.0100	230.6100	0.0000	1.6500	70.6440	NOT CONNECTED	0.0000	500.0000	0.0000	0.0000	0.0000	0.0000	0.0672	0.0351	-1.8707	0.3084	-1.8914	0.1315	0.0000	0.0000	321.6950	0.0000	66.7549	1.8959	0.0044	94.6833
11.1508	0.0000	-0.0000	0.0000	0.0000	0.0000	-0.0100	230.6040	0.0000	1.6500	70.5378	NOT CONNECTED	0.0000	500.0000	0.0000	0.0000	0.0000	0.0000	0.0672	0.0351	-1.8707	0.3084	-1.8914	0.1315	0.0000	0.0000	321.7303	0.0000	66.6107	1.8959	0.0046	94.5461
11.1542	0.0000	-0.0000	0.0000	0.0000	0.0000	-0.0100	230.6040	0.0000	1.6500	70.5378	NOT CONNECTED	0.0000	500.0000	0.0000	0.0000	0.0000	0.0000	0.0672	0.0351	-1.8707	0.3084	-1.8914	0.1315	0.0000	0.0000	321.7303	0.0000	66.6107	1.8959	0.0046	94.5461
11.7600	0.0000	-0.0000	0.0000	0.0000	0.0000	-0.0100	230.5950	0.0000	1.6400	70.4109	NOT CONNECTED	0.0000	500.0000	0.0000	0.0000	0.0000	0.0000	0.0672	0.0351	-1.8707	0.3084	-1.8914	0.1315	0.0000	0.0000	321.6476	0.0000	66.4711	1.8959	0.0047	94.5461
11.9006	0.0000	-0.0000	0.0000	0.0000	0.0000	-0.0100	230.5950	0.0000	1.6400	70.4109	NOT CONNECTED	0.0000	500.0000	0.0000	0.0000	0.0000	0.0000	0.0672	0.0351	-1.8707	0.3084	-1.8914	0.1315	0.0000	0.0000	321.6476	0.0000	66.4711	1.8959	0.0047	94.5461
12.3656	0.0000	-0.0000	0.0000	0.0000	0.0000	-0.0100	230.5900	0.0000	1.6300	70.3067	NOT CONNECTED	0.0000	500.0000	0.0000	0.0000	0.0000	0.0000	0.0672	0.0351	-1.8707	0.3084	-1.8914	0.1315	0.0000	0.0000	321.6382	0.0000	66.3359	1.8959	0.0048	94.4096
12.6429	0.0000	-0.0000	0.0000	0.0000	0.0000	-0.0100	230.5900	0.0000	1.6300	70.3067	NOT CONNECTED	0.0000	500.0000	0.0000	0.0000	0.0000	0.0000	0.0672	0.0351	-1.8707	0.3084	-1.8914	0.1315	0.0000	0.0000	321.6382	0.0000	66.3359	1.8959	0.0048	94.4096
12.9711	0.0000	-0.0000	0.0000	0.0000	0.0000	-0.0100	230.5900	0.0000	1.6300	70.3067	NOT CONNECTED	0.0000	500.0000	0.0000	0.0000	0.0000	0.0000	0.0672	0.0351	-1.8707	0.3084	-1.8914	0.1315	0.0000	0.0000	321.6301	0.0000	66.1997	1.8959	0.0048	94.4096
13.3786	0.0000	-0.0000	0.0000	0.0000	0.0000	-0.0100	230.5790	0.0000	1.6500	70.1792	NOT CONNECTED	0.0000	500.0000	0.0000	0.0000	0.0000	0.0000	0.0672	0.0351	-1.8707	0.3084	-1.8914	0.1315	0.0000	0.0000	321.6165	0.0000	66.0732	1.8959	0.0047	94.2736
13.5769	0.0000	-0.0000	0.0000	0.0000	0.0000	-0.0100	230.5790	0.0000	1.6500	70.1792	NOT CONNECTED	0.0000	500.0000	0.0000	0.0000	0.0000	0.0000	0.0672	0.0351	-1.8707	0.3084	-1.8914	0.1315	0.0000	0.0000	321.6165	0.0000	66.0732	1.8959	0.0047	94.2736
14.1824	0.0000	-0.0000	0.0000	0.0000	0.0000	-0.0100	230.5630	0.0000	1.6500	69.9750	NOT CONNECTED	0.0000	500.0000	0.0000	0.0000	0.0000	0.0000	0.0672	0.0351	-1.8707	0.3084	-1.8914	0.1315	0.0000	0.0000	321.6205	0.0000	65.9506	1.8959	0.0048	94.1383
14.3539	0.0000	-0.0000	0.0000	0.0000	0.0000	-0.0100	230.5630	0.0000	1.6500	69.9750	NOT CONNECTED	0.0000	500.0000	0.0000	0.0000	0.0000	0.0000	0.0672	0.0351	-1.8707	0.3084	-1.8914	0.1315	0.0000	0.0000	321.6205	0.0000	65.9506	1.8959	0.0048	94.1383
14.7878	0.0000	-0.0000	0.0000	0.0000	0.0000	-0.0100	230.5540	0.0000	1.6500	69.8536	NOT CONNECTED	0.0000	500.0000	0.0000	0.0000	0.0000	0.0000	0.0672	0.0351	-1.8707	0.3084	-1.8914	0.1315	0.0000	0.0000	321.5637	0.0000	65.8270	1.8959	0.0049	94.1383
15.0976	0.0000	-0.0000	0.0000	0.0000	0.0000	-0.0100	230.5540	0.0000	1.6500	69.8536	NOT CONNECTED	0.0000	500.0000	0.0000	0.0000	0.0000	0.0000	0.0672	0.0351	-1.8707	0.3084	-1.8914	0.1315	0.0000	0.0000	321.5637	0.0000	65.8270	1.8959	0.0049	94.1383
15.4093	0.0000	-0.0000	0.0000	0.0000	0.0000	-0.0100	230.5540	0.0000	1.6500	69.8536	NOT CONNECTED	10000.0000	500.0000	0.0000	0.0000	0.0000	0.0000	0.0672	0.0351	-1.8707	0.3084	-1.8914	0.1315	0.0000	0.0000	321.5745	0.0000	65.7120	1.8959	0.0045	94.0037
15.8301	0.0000	-0.0000	0.0000	0.0000	0.0000	-0.0100	230.5380	0.0000	1.6500	69.7024	NOT CONNECTED	10000.0000	500.0000	0.0000	0.0000	0.0000	0.0000	0.0672	0.0351	-1.8707	0.3084	-1.8914	0.1315	0.0000	0.0000	321.5299	0.0000	65.6007	1.8959	0.0046	94.0037
16.0138	0.0000	-0.0000	0.0000	0.0000	0.0000	-0.0100	230.5380	0.0000	1.6500	69.7024	NOT CONNECTED	10000.0000	500.0000	0.0000	0.0000	0.0000	0.0000	0.0672	0.0351	-1.8707	0.3084	-1.8914	0.1315	0.0000	0.0000	321.5299	0.0000	65.6007	1.8959	0.0046	94.0037
16.5625	0.0000	-0.0000	0.0000	0.0000	0.0000	-0.0100	230.5280	0.0000	1.6600	69.5820	NOT CONNECTED	10000.0000	500.0000	0.0000	0.0000	0.0000	0.0000	0.0672	0.0351	-1.8707	0.3084	-1.8914	0.1315	0.0000	0.0000	321.5353	0.0000	65.4884	1.8959	0.0050	93.8696
16.6366	0.0000	-0.0000	0.0000	0.0000	0.0000	-0.0100	230.5280	0.0000	1.6600	69.5820	NOT CONNECTED	10000.0000	500.0000	0.0000	0.0000	0.0000	0.0000	0.0672	0.0351	-1.8707	0.3084	-1.8914	0.1315	0.0000	0.0000	321.5353	0.0000	65.4884	1.8959	0.0050	93.8696
17.2423	0.0000	-0.0000	0.0000	0.0000	0.0000	-0.0100	230.5080	0.0000	1.6600	69.4637	NOT CONNECTED	10000.0000	500.0000	0.0000	0.0000	0.0000	0.0000	0.0672	0.0351	-1.8707	0.3084	-1.8914	0.1315	0.0000	0.0000	321.4758	0.0000	65.3840	1.8959	0.0047	93.7362
17.2951	0.0000	-0.0000	0.0000	0.0000	0.0000	-0.0100	230.5080	0.0000	1.6600	69.4637	NOT CONNECTED	10000.0000	500.0000	0.0000	0.0000	0.0000	0.0000	0.0672	0.0351	-1.8707	0.3084	-1.8914	0.1315	0.0000	0.0000	321.4758	0.0000	65.3840	1.8959	0.0047	93.7362
17.8477	0.0000	-0.0000	0.0000	0.0000	0.0000	-0.0100	230.4960	0.0000	1.6400	69.3477	NOT CONNECTED	10000.0000	500.0000	0.0000	0.0000	0.0000	0.0000	0.0672	0.0351	-1.8707	0.3084	-1.8914	0.1315	0.0000	0.0000	321.4596	0.0000	65.2786	1.8959	0.0047	93.7362
18.0338	0.0000	-0.0000	0.0000	0.0000	0.0000	-0.0100	230.4960	0.0000	1.6400	69.3477	NOT CONNECTED	10000.0000	500.0000	0.0000	0.0000	0.0000	0.0000	0.0672	0.0351	-1.8707	0.3084	-1.8914	0.1315	0.0000	0.0000	321.4596	0.0000	65.2786	1.8959	0.0047	93.7362
18.4532	0.0000	-0.0000	0.0000	0.0000	0.0000	-0.0100	230.4770	0.0000	1.6400	69.2122	NOT CONNECTED	10000.0000	500.0000	0.0000	0.0000	0.0000	0.0000	0.0672	0.0351	-1.8707	0.3084	-1.8914	0.1315	0.0000	0.0000	321.4380	0.0000	65.1806	1.8959	0.0049	93.6033
18.7817	0.0000	-0.0000	0.0000	0.0000	0.0000	-0.0100	230.4770	0.0000	1.6400	69.2122	NOT CONNECTED	10000.0000	500.0000	0.0000	0.0000	0.0000	0.0000	0.0672	0.0351	-1.8707	0.3084	-1.8914	0.1315	0.0000	0.0000	321.4339	0.0000	65.0856	1.8959	0.0047	93.6033
19.0588	0.0000	-0.0000	0.0000	0.0000	0.0000	-0.0100	230.4770	0.0000	1.6400	69.2122	NOT CONNECTED	10000.0000	500.0000	0.0000	0.0000	0.0000	0.0000	0.0672	0.0351	-1.8707	0.3084	-1.8914	0.1315	0.0000	0.0000	321.4339	0.0000	65.0856	1.8959	0.0047	93.6033
19.5110	0.0000	-0.0000	0.0000	0.0000	0.0000	-0.0100	230.4690	0.0000	1.6500	69.0668	NOT CONNECTED	10000.0000	500.0000	0.0000	0.0000	0.0000	0.0000	0.0672	0.0351	-1.8707	0.3084	-1.8914	0.1315	0.0000	0.0000	321.4339	0.0000	65.0856	1.8959	0.0047	93.6033
20.2541	56.0000	0.0670	0.0000	0.0000	0.0000	-0.0100	230.4490	0.0389	1.9700	68.9815	NOT CONNECTED	10000.0000	500.0000	0.0000	-1.3364	0.0039	0.0000	0.1204	0.0351	2.0310	0.0061	2.0209	0.0644	13.7550	0.0000	314.8463	41.8643	64.9478	2.0229	0.9696	93.3394
20.8593	0.0000	0.0000	1.3261	0.0000	12.8350	37.2900	230.4040	0.4784	51.1600	68.8919	NOT CONNECTED	10000.0000	500.0000	0.0000	-0.0498	-0.0155	0.0000	0.1353	0.0351	3.0383	-0.0220	3.0221	-0.0414	19.9499	0.0000	310.2777	90.7979	65.2379	3.0183	1.9569	93.3394
20.9952	0.0000	0.0000	1.3261	0.0000	12.8350	37.2900	230.4040	0.4784	51.1600	68.8919	NOT CONNECTED	10000.0000	500.0000	0.0000	-0.0498	-0.0155	0.0000	0.1353	0.0351	3.0383	-0.0220	3.0221	-0.0414	19.9499	0.0000	310.2777	90.7979	65.2379	3.0183	1.9569	93.3394
21.4650	0.0000	0.0000	2.0120	0.0000	19.4040	86.3300	230.3680	0.9188	109.3600	68.8309	NOT CONNECTED	10000.0000	500.0000	0.0000	-0.0736	-0.0136	0.0000	0.1357	0.0351	3.0303	-0.0170	3.0220	-0.0362	18.3399	0.0000	310.1214	91.2041	66.0031	3.0263	2.1515	93.2864
21.7363	0.0000	0.0000	2.0120	0.0000	19.4040	86.3300	230.3680	0.9188	109.3600	68.8309	NOT CONNECTED	10000.0000	500.0000	0.0000	-0.0736	-0.0136	0.0000	0.1357	0.0351	3.0303	-0.0170	3.0220	-0.0362	18.3399	0.0000	310.1214	91.2041	66.0031	3.0263	2.1515	93.2864
22.0698	0.0000	0.0000	2.0120	0.0000	19.4040	86.3300	230.3680	0.9188	109.3600	68.8309	NOT CONNECTED	10000.0000	500.0000	0.0000	-0.6544	0.0149	0.0058	0.0683	0.0806	0.8786	0.0300	0.0722	0.0547	7.1856	0.3464	318.6931	7.3116	68.3280	0.0888	0.6949	93.2864
22.4757	0.0000	-0.0000	0.7807	0.0000	7.6300	12.8300	230.4210	0.2608	22.6500	68.8397	NOT CONNECTED	10000.0000	500.0000	0.0000	186.9509	0.1677	0.2211	0.0806	0.0799	0.8760	0.3514	0.8073	0.4760	5.5821	10.9859	318.0805	14.4913	68.2651	1.0161	0.6939	93.5336
22.6757	0.0000	-0.0000	0.7807	0.0000	7.6300	12.8300	230.4210	0.2608	22.6500	68.8397	NOT CONNECTED	10000.0000	500.0000	0.0000	186.9509	0.1677	0.2211	0.0806	0.0799	0.8760	0.3514	0.8073	0.4760	5.5821	10.9859	318.0805	14.4913	68.2651	1.0161	0.6939	93.5336
23.2495	318.0000	-0.1120	0.6746	0.0000	12.7920	11.5100	230.3750	0.2141	19.8000	68.7789	NOT CONNECTED	10000.0000	500.0000	0.0000	511.3270	0.1305	0.1449	0.0711	0.0709	0.1222	0.3122	0.0973	0.3330	1.1572	17.9882	319.0731	8.1091	68.1847	0.3360	0.2508	93.5341
23.2812	318.0000	-0.1120	0.6746	0.0000	12.7920	11.5100	230.3750	0.2141	19.8000	68.7789	NOT CONNECTED	10000.0000	500.0000	0.0000	511.3270	0.1305	0.1449	0.0711	0.0709	0.1222	0.3122	0.0973	0.3330	1.1572	17.9882	319.0731	8.1091	68.1847	0.3360	0.2508	93.5341
23.8873	698.0000	-0.1070	0.2476	0.0000	18.5840	7.0000	230.3700	0.1473	12.7900	68.7855	NOT CONNECTED	10000.0000	500.0000	0.0000	819.5104	0.1565	0.1271	0.0710	0.0710	0.2366	0.3708	0.1242	0.3513	1.2432	27.0661	318.2669	13.0812	68.0498	0.3387	0.2639	93.5341
23.9907	698.0000	-0.1070	0.2476	0.0000	18.5840	7.0000	230.3700	0.1473	12.7900	68.7855	NOT CONNECTED	10000.0000	500.0000	0.0000	819.5104	0.1565	0.1271	0.0710	0.0710	0.2366	0.3708	0.1242	0.3513	1.2432	27.0661	318.2669	13.0812	68.0498	0.3387	0.2639	93.5341
24.4924	1072.0000	-0.1090	0.2718	0.0000	36.7220	14.3200	230.3490	0.2243	21.0600	68.7655	NOT CONNECTED	10000.0000	500.0000	0.0000	1121.6309	0.1394	0.1368	0.0709	0.0709	0.1793	0.3301	0.1725	0.3803	1.6217	36.2026	317.4638	17.2264	67.9288	0.3759	0.2787	93.4314
24.7415	1072.0000	-0.1090	0.2718	0.0000	36.7220	14.3200	230.3490	0.2243	21.0600	68.7655	NOT CONNECTED	10000.0000	500.0000	0.0000	1121.6309	0.1394	0.1368	0.0709	0.0709	0.1793	0.3301	0.1725	0.3803	1.6217	36.2026	317.4638	17.2264	67.9288	0.3759	0.2787	93.4314
25.0833	1072.0000	-0.1090	0.2718	0.0000	36.7220	14.3200	230.3490	0.2243	21.0600	68.7655	NOT CONNECTED	10000.0000	500.0000	0.0000	1418.9267	0.1532	0.1323	0.0709	0.0709	0.1840	0.3642	0.1727	0.4007	1.5970	45.0343	316.8718	21.9800	67.8192	0.4012	0.2864	93.4314
25.4877	1443.0000	-0.1100	0.2803	0.0000	45.9140	18.2900	230.3400	0.2635	25.5200	68.7374	NOT CONNECTED	10000.0000	500.0000	0.0000	1712.9414	0.1310	0.1458	0.0709	0.0708	0.2255	0.3117	0.1680	0.3191	1.5621	53.7692	316.2527	27.2610	67.7108	0.3658	0.2936	93.3166
25.6878	1443.0000	-0.1100	0.2803	0.0000	45.9140	18.2900	230.3400	0.2635	25.5200	68.7374	NOT CONNECTED	10000.0000	500.0000	0.0000	1712.9414	0.1310	0.1458	0.0709	0.0708	0.2255	0.3117	0.1680	0.3191	1.5621	53.7692	316.2527	27.2610	67.7108	0.3658	0.2936	93.3166
26.2498	1823.0000	-0.1090	0.2945	0.0000	64.1580	26.5400	230.3220	0.3397	34.5300	68.7632	NOT CONNECTED	10000.0000	500.0000	0.0000	2021.6325	0.1349	0.1307	0.0709	0.0709	0.2169	0.3222	0.2013	0.3941	1.8726	63.2699	315.6366	32.4182	67.6072	0.3909	0.3024	93.2068
26.2935	1823.0000	-0.1090	0.2945	0.0000	64.1580	26.5400	230.3220	0.3397	34.5300	68.7632	NOT CONNECTED	10000.0000	500.0000	0.0000	2021.6325	0.1349	0.1307	0.0709	0.0709	0.2169	0.3222	0.2013	0.3941	1.8726	63.2699	315.6366	32.4182	67.6072	0.3909	0.3024	93.2068
26.8982	2202.0000	-0.1100	0.3007	0.0000	73.1840	30.8300	230.3120	0.3781	39.2200	68.7320	NOT CONNECTED	10000.0000	500.0000	0.0000	2318.0316	0.1485	0.1556	0.0709	0.0709	0.2157	0.3531	0.1726	0.4318	1.5209	72.0314	314.9706	37.3630	67.5044	0.4311	0.3074	93.2068
26.9941	2202.0000	-0.1100	0.3007	0.0000	73.1840	30.8300	230.3120	0.3781	39.2200	68.7320	NOT CONNECTED	10000.0000	500.0000	0.0000	2318.0316	0.1485	0.1556	0.0709	0.0709	0.2157	0.3531	0.1726	0.4318	1.5209	72.0314	314.9706	37.3630	67.5044	0.4311	0.3074	93.2068
27.5043	2565.0000	-0.1110	0.3117	0.0000	91.4390	39.9800	230.2960	0.4568	49.0600	68.6983	NOT CONNECTED	10000.0000	500.0000	0.0000	2629.5309	0.1339	0.1354	0.0709	0.0709	0.2517	0.3374	0.1893	0.4477	1.8809	81.4267	314.3222	43.3074	67.4102	0.4449	0.3132	93.1026
27.7374	2565.0000	-0.1110	0.3117	0.0000	91.4390	39.9800	230.2960	0.4568	49.0600	68.6983	NOT CONNECTED	10000.0000	500.0000	0.0000	2629.5309	0.1339	0.1354	0.0709	0.0709	0.2517	0.3374	0.1893	0.4477	1.8809	81.4267	314.3222	43.3074	67.4102	0.4449	0.3132	93.1026
28.0939	2565.0000	-0.1110	0.3117	0.0000	91.4390	39.9800	230.2960	0.4568	49.0600	68.6983	NOT CONNECTED	10000.0000	500.0000	0.0000	2915.3859	0.1450	0.1718	0.0709	0.0709	0.2151	0.3487	0.2367	0.3559	1.5841	89.8858	313.7308	48.5574	67.3198	0.4825	0.3214	93.1026
28.4776	2940.0000	-0.1120	0.3164	0.0000	100.6620	44.5400	230.2900	0.4946	53.9900	68.6357	NOT CONNECTED	10000.0000	500.0000	0.0000	3222.8669	0.1575	0.1517	0.0709	0.0709	0.2933	0.3576	0.1810	0.3970	2.0446	99.7316	313.2427	55.0297	67.2334	0.4339	0.3271	93.0034
28.6997	2940.0000	-0.1120	0.3164	0.0000	100.6620	44.5400	230.2900	0.4946	53.9900	68.6357	NOT CONNECTED	10000.0000	500.0000	0.0000	3222.8669	0.1575	0.1517	0.0709	0.0709	0.2933	0.3576	0.1810	0.3970	2.0446	99.7316	313.2427	55.0297	67.2334	0.4339	0.3271	93.0034
29.2476	3317.0000	-0.1140	0.3283	0.0000	118.9690	54.7000	230.2780	0.5776	64.7700	68.5903	NOT CONNECTED	10000.0000	500.0000	0.0000	3518.4708	0.1503	0.1641	0.0709	0.0709	0.2622	0.3489	0.1619	0.3842	1.7716	108.1346	312.5750	61.2846	67.1499	0.4237	0.3354	92.9096
29.3046	3317.0000	-0.1140	0.3283	0.0000	118.9690	54.7000	230.2780	0.5776	64.7700	68.5903	NOT CONNECTED	10000.0000	500.0000	0.0000	3518.4708	0.1503	0.1641	0.0709	0.0709	0.2622	0.3489	0.1619	0.3842	1.7716	108.1346	312.5750	61.2846	67.1499	0.4237	0.3354	92.9096
29.9112	3701.0000	-0.1150	0.3334	0.0000	128.0360	59.8300	230.2740	0.6198	70.2600	68.5693	NOT CONNECTED	10000.0000	500.0000	0.0000	3823.2477	0.1513	0.1696	0.0709	0.0709	0.2062	0.3634	0.1774	0.3947	1.8927	117.0189	312.0929	67.1253	67.0705	0.4548	0.3415	92.9096
29.9930	3701.0000	-0.1150	0.3334	0.0000	128.0360	59.8300	230.2740	0.6198	70.2600	68.5693	NOT CONNECTED	10000.0000	500.0000	0.0000	3823.2477	0.1513	0.1696	0.0709	0.0709	0.2062	0.3634	0.1774	0.3947	1.8927	117.0189	312.0929	67.1253	67.0705	0.4548	0.3415	92.9096
30.5156	4067.0000	-0.1150	0.3448	0.0000	146.4110	70.8300	230.2640	0.7101	81.7600	68.4824	NOT CONNECTED	10000.0000	500.0000	0.0000	4121.8300	0.1700	0.1716	0.0709	0.0709	0.2712	0.4022	0.2311	0.4406	1.8807	126.3331	311.4126	73.4788	66.9944	0.5260	0.3479	92.8213
30.7357	4067.0000	-0.1150	0.3448	0.0000	146.4110	70.8300	230.2640	0.7101	81.7600	68.4824	NOT CONNECTED	10000.0000	500.0000	0.0000	4121.8300	0.1700	0.1716	0.0709	0.0709	0.2712	0.4022	0.2311	0.4406	1.8807	126.3331	311.4126	73.4788	66.9944	0.5260	0.3479	92.8213
31.1214	4441.0000	-0.1160	0.3505	0.0000	155.7020	76.5700	230.2580	0.7546	87.7200	68.3774	NOT CONNECTED	10000.0000	500.0000	0.0000	4421.6938	0.1774	0.1796	0.0709	0.0710	0.1930	0.4249	0.2630	0.3837	1.1338	135.4958	310.9351	80.0398	66.9216	0.5474	0.3573	92.7382
31.4763	4441.0000	-0.1160	0.3505	0.0000	155.7020	76.5700	230.2580	0.7546	87.7200	68.3774	NOT CONNECTED	10000.0000	500.0000	0.0000	4719.8375	0.1793	0.1919	0.0710	0.0710	0.3250	0.4186	0.2854	0.4136	1.1603	143.9749	310.3814	87.3818	66.8492	0.4659	0.3599	92.7382
31.7119	4441.0000	-0.1160	0.3505	0.0000	155.7020	76.5700	230.2580	0.7546	87.7200	68.3774	NOT CONNECTED	10000.0000	500.0000	0.0000	4719.8375	0.1793	0.1919	0.0710	0.0710	0.3250	0.4186	0.2854	0.4136	1.1603	143.9749	310.3814	87.3818	66.8492	0.4659	0.3599	92.7382
32.2473	4811.0000	-0.1230	0.3616	0.0000	174.1780	88.2900	230.2480	0.8436	99.8400	68.2856	NOT CONNECTED	10000.0000	500.0000	0.0000	4719.8375	0.1793	0.1919	0.0710	0.0710	0.3250	0.4186	0.2854	0.4136	1.1603	143.9749	310.3814	87.3818	66.8492	0.4659	0.3599	92.7382
32.8261	5190.0000	-0.1250	0.3663	0.0000	183.2880	94.3500	230.2430	0.8886	106.0700	68.2006	NOT CONNECTED	10000.0000	500.0000	0.0000	5269.3763	0.1604	0.2110	0.0707	0.0710	0.2470	0.3729	0.2896	0.5704	-9.1360	157.9541	309.4725	102.4394	66.7279	0.5344	0.3691	92.6615
32.9786	5190.0000	-0.1250	0.3663	0.0000	183.2880	94.3500	230.2430	0.8886	106.0700	68.2006	NOT CONNECTED	10000.0000	500.0000	0.0000	5269.3763	0.1604	0.2110	0.0707	0.0710	0.2470	0.3729	0.2896	0.5704	-9.1360	157.9541	309.4725	102.4394	66.7279	0.5344	0.3691	92.6615
33.4327	5554.0000	-0.1270	0.3784	0.0000	201.9520	107.3300	230.2340	0.9809	119.1800	68.1184	NOT CONNECTED	10000.0000	500.0000	0.0000	5585.6455	0.2008	0.1645	0.0708	0.0711	0.2967	0.4963	0.2551	0.5150	-0.3010	164.2872	308.8235	110.9463	66.6642	0.5714	0.3686	92.4024
33.7363	5554.0000	-0.1270	0.3784	0.0000	201.9520	107.3300	230.2340	0.9809	119.1800	68.1184	NOT CONNECTED	10000.0000	500.0000	0.0000	5881.7104	0.2086	0.1774	0.0702	0.0682	0.1031	0.5365	0.1077	0.5289	4.5130	170.4456	308.4641	119.3262	66.6032	0.4211	0.3728	92.4024
34.0225	5554.0000	-0.1270	0.3784	0.0000	201.9520	107.3300	230.2340	0.9809	119.1800	68.1184	NOT CONNECTED	10000.0000	500.0000	0.0000	5881.7104	0.2086	0.1774	0.0702	0.0682	0.1031	0.5365	0.1077	0.5289	4.5130	170.4456	308.4641	119.3262	66.6032	0.4211	0.3728	92.4024
34.4755	5928.0000	-0.1330	0.3822	0.0000	211.0640	113.8000	230.2300	1.0259	125.5000	68.0060	NOT CONNECTED	10000.0000	500.0000	0.0000	6178.1985	0.1855	0.1723	0.0662	0.0672	0.1375	0.4499	-0.0454	0.5165	-9.8058	167.9509	308.2763	126.0858	66.5418	0.5102	0.3423	92.1501
34.6276	5928.0000	-0.1330	0.3822	0.0000	211.0640	113.8000	230.2300	1.0259	125.5000	68.0060	NOT CONNECTED	10000.0000	500.0000	0.0000	6178.1985	0.1855	0.1723	0.0662	0.0672	0.1375	0.4499	-0.0454	0.5165	-9.8058	167.9509	308.2763	126.0858	66.5418	0.5102	0.3423	92.1501
35.2329	6299.0000	-0.1340	0.3419	0.0000	214.0380	123.8900	230.2240	1.0973	135.3500	67.8883	NOT CONNECTED	10000.0000	500.0000	0.0000	6477.4131	0.1823	0.1871	0.0636	0.0612	-0.2683	0.5029	-0.1784	0.4936	-1.7858	174.8486	307.8810	132.7768	66.4798	0.5092	0.3516	91.9043
35.2522	6299.0000	-0.1340	0.3419	0.0000	214.0380	123.8900	230.2240	1.0973	135.3500	67.8883	NOT CONNECTED	10000.0000	500.0000	0.0000	6477.4131	0.1823	0.1871	0.0636	0.0612	-0.2683	0.5029	-0.1784	0.4936	-1.7858	174.8486	307.8810	132.7768	66.4798	0.5092	0.3516	91.9043
35.8394	6688.0000	-0.1380	0.3741	0.0000	212.2830	129.4800	230.2180	1.1400	141.3800	67.7815	NOT CONNECTED	10000.0000	500.0000	0.0000	6769.8813	0.1707	0.2226	0.0581	0.0602	-0.3850	0.4730	-0.5613	0.4792	1.2057	165.1158	307.3915	140.0663	66.4225	0.7101	0.3958	91.9043
35.9949	6688.0000	-0.1380	0.3741	0.0000	212.2830	129.4800	230.2180	1.1400	141.3800	67.7815	NOT CONNECTED	10000.0000	500.0000	0.0000	6769.8813	0.1707	0.2226	0.0581	0.0602	-0.3850	0.4730	-0.5613	0.4792	1.2057	165.1158	307.3915	140.0663	66.4225	0.7101	0.3958	91.9043
36.4442	7060.0000	-0.1380	0.4865	0.0000	213.1000	143.0700	230.2120	1.2431	156.0100	67.7361	NOT CONNECTED	10000.0000	500.0000	0.0000	7081.4241	0.2421	0.1957	0.0559	0.0552	-0.4850	0.7603	-0.7848	0.4022	-9.2860	174.6499	306.9290	152.6663	66.3767	0.6993	0.4576	91.6645
36.7458	7060.0000	-0.1380	0.4865	0.0000	213.1000	143.0700	230.2120	1.2431	156.0100	67.7361	NOT CONNECTED	10000.0000	500.0000	0.0000	7081.4241	0.2421	0.1957	0.0559	0.0552	-0.4850	0.7603	-0.7848	0.4022	-9.2860	174.6499	306.9290	152.6663	66.3767	0.6993	0.4576	91.6645
37.0495	7060.0000	-0.1380	0.4865	0.0000	213.1000	143.0700	230.2120	1.2431	156.0100	67.7361	NOT CONNECTED	10000.0000	500.0000	0.0000	7382.6076	0.1982	0.2035	0.0554	0.0545	-0.7756	0.6307	-0.7608	0.5883	-2.9037	170.2815	306.4086	160.8887	66.3453	0.8101	0.5587	91.6645
37.4919	7443.0000	-0.1410	0.5559	0.0000	213.4000	151.7600	230.2080	1.3063	165.3700	67.6092	NOT CONNECTED	10000.0000	500.0000	0.0000	7684.8786	0.2018	0.2087	0.0520	0.0535	-0.6585	0.6454	-0.9059	0.4093	-8.1643	174.1667	305.8831	172.4893	66.3354	0.9664	0.6319	91.4404
37.6561	7443.0000	-0.1410	0.5559	0.0000	213.4000	151.7600	230.2080	1.3063	165.3700	67.6092	NOT CONNECTED	10000.0000	500.0000	0.0000	7684.8786	0.2018	0.2087	0.0520	0.0535	-0.6585	0.6454	-0.9059	0.4093	-8.1643	174.1667	305.8831	172.4893	66.3354	0.9664	0.6319	91.4404
38.2456	8060.0000	-0.1470	0.7503	0.0000	213.8680	177.6100	230.1960	1.5024	193.2300	67.5149	NOT CONNECTED	10000.0000	500.0000	0.0000	7985.5608	0.1812	0.2006	0.0499	0.0516	-0.7759	0.6220	-0.9674	0.4459	-9.9782	172.4077	304.9395	188.2028	66.3516	1.1563	0.7201	91.2327
38.7430	8060.0000	-0.1470	0.7503	0.0000	213.8680	177.6100	230.1960	1.5024	193.2300	67.5149	NOT CONNECTED	10000.0000	500.0000	0.0000	8271.1713	0.1907	0.2169	0.0469	0.0478	-0.9739	0.6645	-1.1921	0.5008	0.5397	164.7117	304.6524	194.2503	66.3802	1.3285	0.7884	91.2327
38.8512	8060.0000	-0.1470	0.7503	0.0000	213.8680	177.6100	230.1960	1.5024	193.2300	67.5149	NOT CONNECTED	10000.0000	500.0000	0.0000	8271.1713	0.1907	0.2169	0.0469	0.0478	-0.9739	0.6645	-1.1921	0.5008	0.5397	164.7117	304.6524	194.2503	66.3802	1.3285	0.7884	91.2327
39.4566	8429.0000	-0.1510	0.8147	0.0000	213.8540	187.1400	230.1930	1.5729	203.4900	67.4250	NOT CONNECTED	10000.0000	500.0000	0.0000	8581.1754	0.1928	0.2117	0.0449	0.0479	-0.9546	0.6560	-1.4397	0.5487	-7.0719	169.1124	304.1099	209.7114	66.4347	1.2581	0.8493	91.0513
39.4867	8429.0000	-0.1510	0.8147	0.0000	213.8540	187.1400	230.1930	1.5729	203.4900	67.4250	NOT CONNECTED	10000.0000	500.0000	0.0000	8581.1754	0.1928	0.2117	0.0449	0.0479	-0.9546	0.6560	-1.4397	0.5487	-7.0719	169.1124	304.1099	209.7114	66.4347	1.2581	0.8493	91.0513
40.0618	8792.0000	-0.1530	0.9368	0.0000	213.5910	206.5100	230.1840	1.7174	224.2500	67.3709	NOT CONNECTED	10000.0000	500.0000	0.0000	8880.0269	0.2295	0.2226	0.0429	0.0425	-1.3233	0.9299	-1.4516	0.3962	4.6013	174.1130	303.4907	224.4294	66.5097	1.5093	0.9466	91.0513
40.2478	8792.0000	-0.1530	0.9368	0.0000	213.5910	206.5100	230.1840	1.7174	224.2500	67.3709	NOT CONNECTED	10000.0000	500.0000	0.0000	8880.0269	0.2295	0.2226	0.0429	0.0425	-1.3233	0.9299	-1.4516	0.3962	4.6013	174.1130	303.4907	224.4294	66.5097	1.5093	0.9466	91.0513
40.6674	9182.0000	-0.1530	0.9970	0.0000	213.3560	216.9400	230.1820	1.8013	235.5500	67.3757	NOT CONNECTED	10000.0000	500.0000	0.0000	9185.1550	0.1865	0.2240	0.0426	0.0434	-1.2857	0.7828	-1.5169	0.4999	3.6575	167.2881	303.0686	233.2436	66.6152	1.4813	1.0077	90.9000
40.9883	9182.0000	-0.1530	0.9970	0.0000	213.3560	216.9400	230.1820	1.8013	235.5500	67.3757	NOT CONNECTED	10000.0000	500.0000	0.0000	9498.8696	0.1746	0.2034	0.0401	0.0423	-1.2328	0.6481	-1.6459	0.4565	-6.0780	170.9330	302.5104	246.0740	66.7465	1.9964	1.0753	90.7687
41.2577	9182.0000	-0.1530	0.9970	0.0000	213.3560	216.9400	230.1820	1.8013	235.5500	67.3757	NOT CONNECTED	10000.0000	500.0000	0.0000	9498.8696	0.1746	0.2034	0.0401	0.0423	-1.2328	0.6481	-1.6459	0.4565	-6.0780	170.9330	302.5104	246.0740	66.7465	1.9964	1.0753	90.7687
41.7441	9539.0000	-0.1550	1.1041	0.0000	213.0610	236.5400	230.1770	1.9459	256.5100	67.3485	NOT CONNECTED	10000.0000	500.0000	0.0000	9780.6036	0.2633	0.2245	0.0418	0.0383	-1.1831	1.0661	-1.6149	0.4974	-8.9911	174.3546	301.7964	265.5151	66.8928	1.7263	1.1341	90.7687
41.8631	9539.0000	-0.1550	1.1041	0.0000	213.0610	236.5400	230.1770	1.9459	256.5100	67.3485	NOT CONNECTED	10000.0000	500.0000	0.0000	9780.6036	0.2633	0.2245	0.0418	0.0383	-1.1831	1.0661	-1.6149	0.4974	-8.9911	174.3546	301.7964	265.5151	66.8928	1.7263	1.1341	90.7687
42.4687	9927.0000	-0.1630	1.1582	0.0000	212.8030	249.3700	230.1740	2.0408	270.3000	67.3356	NOT CONNECTED	10000.0000	500.0000	0.0000	10052.9695	0.1041	0.1423	0.0398	0.0405	-1.7669	0.5148	-1.3630	0.2912	-5.0545	170.1659	305.6725	176.0740	67.0618	1.3376	1.1783	90.6714
42.4792	9927.0000	-0.1630	1.1582	0.0000	212.8030	249.3700	230.1740	2.0408	270.3000	67.3356	NOT CONNECTED	10000.0000	500.0000	0.0000	10052.9695	0.1041	0.1423	0.0398	0.0405	-1.7669	0.5148	-1.3630	0.2912	-5.0545	170.1659	305.6725	176.0740	67.0618	1.3376	1.1783	90.6714
43.0730	10026.0000	-0.0700	1.0837	0.0000	218.3290	152.5600	230.2430	1.3700	167.4300	67.3401	NOT CONNECTED	10000.0000	500.0000	0.0000	9994.9265	0.1037	0.1500	0.0401	0.0396	-1.6329	0.4452	-1.1104	0.1322	-6.3029	179.7433	308.1125	177.0480	67.2082	1.6992	1.0441	90.6714
43.2514	10026.0000	-0.0700	1.0837	0.0000	218.3290	152.5600	230.2430	1.3700	167.4300	67.3401	NOT CONNECTED	10000.0000	500.0000	0.0000	9994.9265	0.1037	0.1500	0.0401	0.0396	-1.6329	0.4452	-1.1104	0.1322	-6.3029	179.7433	308.1125	177.0480	67.2082	1.6992	1.0441	90.6714
43.6798	9995.0000	-0.0880	1.0763	0.0000	218.1500	161.9600	230.2190	1.4353	176.8800	67.3321	NOT CONNECTED	10000.0000	500.0000	0.0000	9992.3958	0.1662	0.1521	0.0414	0.0408	-1.0976	0.5670	-1.5901	0.2428	-0.5168	172.5443	307.5499	167.6910	67.3161	1.5319	1.0759	90.6066
44.0010	9995.0000	-0.0880	1.0763	0.0000	218.1500	161.9600	230.2190	1.4353	176.8800	67.3321	NOT CONNECTED	10000.0000	500.0000	0.0000	10004.2765	0.1332	0.1363	0.0406	0.0417	-1.4594	0.5712	-1.5680	0.3943	4.5904	171.2807	307.6912	172.2774	67.4467	1.3887	1.0659	90.5080
44.2854	9995.0000	-0.0880	1.0763	0.0000	218.1500	161.9600	230.2190	1.4353	176.8800	67.3321	NOT CONNECTED	10000.0000	500.0000	0.0000	10004.2765	0.1332	0.1363	0.0406	0.0417	-1.4594	0.5712	-1.5680	0.3943	4.5904	171.2807	307.6912	172.2774	67.4467	1.3887	1.0659	90.5080
44.7428	9993.0000	-0.0840	1.0702	0.0000	218.0000	165.8900	230.2250	1.4652	181.1400	67.3487	NOT CONNECTED	10000.0000	500.0000	0.0000	9998.3257	0.1823	0.1498	0.0404	0.0418	-1.2064	0.7298	-1.8847	0.4002	-7.6438	172.5956	307.3183	197.6280	67.5580	1.3137	1.0940	90.5080
44.8751	9993.0000	-0.0840	1.0702	0.0000	218.0000	165.8900	230.2250	1.4652	181.1400	67.3487	NOT CONNECTED	10000.0000	500.0000	0.0000	9998.3257	0.1823	0.1498	0.0404	0.0418	-1.2064	0.7298	-1.8847	0.4002	-7.6438	172.5956	307.3183	197.6280	67.5580	1.3137	1.0940	90.5080
45.4637	10006.0000	-0.0890	1.0959	0.0000	217.4240	174.2700	230.2320	1.5253	190.1700	67.3535	NOT CONNECTED	10000.0000	500.0000	0.0000	9965.2459	0.2013	0.1933	0.0396	0.0413	-1.2039	0.8294	-1.5552	0.3341	-14.9310	176.3151	307.2840	199.2403	67.6624	1.9796	1.0624	90.4162
45.4957	10006.0000	-0.0890	1.0959	0.0000	217.4240	174.2700	230.2320	1.5253	190.1700	67.3535	NOT CONNECTED	10000.0000	500.0000	0.0000	9965.2459	0.2013	0.1933	0.0396	0.0413	-1.2039	0.8294	-1.5552	0.3341	-14.9310	176.3151	307.2840	199.2403	67.6624	1.9796	1.0624	90.4162
46.0703	9997.0000	-0.0880	1.1138	0.0000	216.9870	173.7900	230.2550	1.5253	189.4900	67.3524	NOT CONNECTED	10000.0000	500.0000	0.0000	9973.7938	0.1856	0.1812	0.0395	0.0405	-1.2024	0.7498	-1.4771	0.2640	1.8832	172.6506	307.5454	187.5570	67.7575	1.9158	1.0582	90.4162
46.3772	9997.0000	-0.0880	1.1138	0.0000	216.9870	173.7900	230.2550	1.5253	189.4900	67.3524	NOT CONNECTED	10000.0000	500.0000	0.0000	9993.1430	0.1429	0.1546	0.0394	0.0416	-1.6041	0.6404	-1.7174	0.3250	8.0623	173.8090	307.5242	182.4485	67.8472	1.5144	1.0365	90.3367
46.6750	9997.0000	-0.0880	1.1138	0.0000	216.9870	173.7900	230.2550	1.5253	189.4900	67.3524	NOT CONNECTED	10000.0000	500.0000	0.0000	9993.1430	0.1429	0.1546	0.0394	0.0416	-1.6041	0.6404	-1.7174	0.3250	8.0623	173.8090	307.5242	182.4485	67.8472	1.5144	1.0365	90.3367
47.1318	9999.0000	-0.0860	1.0809	0.0000	217.6820	171.0700	230.2720	1.5058	186.5700	67.3360	NOT CONNECTED	10000.0000	500.0000	0.0000	10006.2325	0.1314	0.1359	0.0410	0.0397	-1.9844	0.7305	-1.9588	0.5345	0.7764	163.9999	307.5984	179.3773	67.9646	1.4650	1.0680	90.2401
47.2812	9999.0000	-0.0860	1.0809	0.0000	217.6820	171.0700	230.2720	1.5058	186.5700	67.3360	NOT CONNECTED	10000.0000	500.0000	0.0000	10006.2325	0.1314	0.1359	0.0410	0.0397	-1.9844	0.7305	-1.9588	0.5345	0.7764	163.9999	307.5984	179.3773	67.9646	1.4650	1.0680	90.2401
47.8872	10000.0000	-0.0880	1.1129	0.0000	217.4400	169.7400	230.3060	1.4956	185.2000	67.3367	NOT CONNECTED	10000.0000	500.0000	0.0000	9990.6275	0.1519	0.1575	0.0412	0.0416	-1.1048	0.5338	-1.9143	0.2685	10.2429	174.0439	307.4866	185.8139	68.0560	1.3887	1.0690	90.2401
47.9782	10000.0000	-0.0880	1.1129	0.0000	217.4400	169.7400	230.3060	1.4956	185.2000	67.3367	NOT CONNECTED	10000.0000	500.0000	0.0000	9990.6275	0.1519	0.1575	0.0412	0.0416	-1.1048	0.5338	-1.9143	0.2685	10.2429	174.0439	307.4866	185.8139	68.0560	1.3887	1.0690	90.2401
48.4913	9989.0000	-0.0980	1.1230	0.0000	217.0050	179.1900	230.3430	1.5650	195.0500	67.3808	NOT CONNECTED	10000.0000	500.0000	0.0000	10009.1421	0.1654	0.1379	0.0402	0.0392	-1.1591	0.5185	-1.7229	0.3581	-4.9652	171.0013	307.3205	185.1467	68.1479	1.4595	1.0953	90.1537
48.7386	9989.0000	-0.0980	1.1230	0.0000	217.0050	179.1900	230.3430	1.5650	195.0500	67.3808	NOT CONNECTED	10000.0000	500.0000	0.0000	10009.1421	0.1654	0.1379	0.0402	0.0392	-1.1591	0.5185	-1.7229	0.3581	-4.9652	171.0013	307.3205	185.1467	68.1479	1.4595	1.0953	90.1537
49.0972	9989.0000	-0.0980	1.1230	0.0000	217.0050	179.1900	230.3430	1.5650	195.0500	67.3808	NOT CONNECTED	10000.0000	500.0000	0.0000	9975.8874	0.2036	0.1851	0.0419	0.0405	-1.7278	0.9281	-1.7842	0.1887	-25.8010	179.4564	306.9148	195.6215	68.2475	1.2280	1.0539	90.1537
49.4751	9998.0000	-0.1000	1.1171	0.0000	217.2900	178.3400	230.3660	1.5618	194.4100	67.4086	NOT CONNECTED	10000.0000	500.0000	0.0000	9995.1026	0.1852	0.1629	0.0405	0.0393	-1.4224	0.8050	-1.5184	0.2435	-10.9556	182.0401	307.1509	207.5740	68.3303	1.5495	1.0784	90.0789
49.7033	9998.0000	-0.1000	1.1171	0.0000	217.2900	178.3400	230.3660	1.5618	194.4100	67.4086	NOT CONNECTED	10000.0000	500.0000	0.0000	9995.1026	0.1852	0.1629	0.0405	0.0393	-1.4224	0.8050	-1.5184	0.2435	-10.9556	182.0401	307.1509	207.5740	68.3303	1.5495	1.0784	90.0789
50.3088	9993.0000	-0.1060	1.0928	0.0000	217.3150	183.8600	230.4140	1.6007	199.9900	67.4222	NOT CONNECTED	10000.0000	500.0000	0.0000	9976.3980	0.1634	0.1954	0.0389	0.0408	-1.1292	0.5058	-1.7241	0.3985	-11.1668	167.8614	306.0018	205.9215	68.4312	1.8282	1.1036	89.9877
50.3608	9993.0000	-0.1060	1.0928	0.0000	217.3150	183.8600	230.4140	1.6007	199.9900	67.4222	NOT CONNECTED	10000.0000	500.0000	0.0000	9976.3980	0.1634	0.1954	0.0389	0.0408	-1.1292	0.5058	-1.7241	0.3985	-11.1668	167.8614	306.0018	205.9215	68.4312	1.8282	1.1036	89.9877
50.9146	9997.0000	-0.1190	1.1208	0.0000	216.4410	195.6600	230.4340	1.6856	212.2100	67.4604	NOT CONNECTED	10000.0000	500.0000	0.0000	9984.9238	0.2175	0.1946	0.0407	0.0410	-1.2691	0.9042	-1.6893	0.4099	-10.3351	174.9277	305.5951	227.3442	68.5223	1.3805	1.1100	89.9877
51.1010	9997.0000	-0.1190	1.1208	0.0000	216.4410	195.6600	230.4340	1.6856	212.2100	67.4604	NOT CONNECTED	10000.0000	500.0000	0.0000	9984.9238	0.2175	0.1946	0.0407	0.0410	-1.2691	0.9042	-1.6893	0.4099	-10.3351	174.9277	305.5951	227.3442	68.5223	1.3805	1.1100	89.9877
51.5201	9991.0000	-0.1340	1.1468	0.0000	215.8140	215.6800	230.4740	1.8313	233.8200	67.4813	NOT CONNECTED	10000.0000	500.0000	0.0000	10008.7189	0.1636	0.1735	0.0407	0.0395	-1.4824	0.6404	-1.3071	0.5373	-12.1630	165.5844	305.1100	227.7512	68.6139	1.2385	1.1227	89.9070
51.8456	9991.0000	-0.1340	1.1468	0.0000	215.8140	215.6800	230.4740	1.8313	233.8200	67.4813	NOT CONNECTED	10000.0000	500.0000	0.0000	10000.0218	0.1177	0.1916	0.0393	0.0410	-1.2814	0.3914	-1.7081	0.4896	10.6615	169.6202	305.0783	234.9158	68.7086	1.5608	1.1334	89.8390
52.1250	9991.0000	-0.1340	1.1468	0.0000	215.8140	215.6800	230.4740	1.8313	233.8200	67.4813	NOT CONNECTED	10000.0000	500.0000	0.0000	10000.0218	0.1177	0.1916	0.0393	0.0410	-1.2814	0.3914	-1.7081	0.4896	10.6615	169.6202	305.0783	234.9158	68.7086	1.5608	1.1334	89.8390
52.7321	9998.0000	-0.1450	1.1539	0.0000	215.2490	220.6000	230.4980	1.8681	238.6800	67.5134	NOT CONNECTED	10000.0000	500.0000	0.0000	9991.5973	0.2413	0.2155	0.0424	0.0377	-1.6381	1.1091	-1.6790	0.4028	8.7044	175.3613	303.8180	254.4367	68.8112	1.8498	1.1488	89.8390
52.7397	9998.0000	-0.1450	1.1539	0.0000	215.2490	220.6000	230.4980	1.8681	238.6800	67.5134	NOT CONNECTED	10000.0000	500.0000	0.0000	9991.5973	0.2413	0.2155	0.0424	0.0377	-1.6381	1.1091	-1.6790	0.4028	8.7044	175.3613	303.8180	254.4367	68.8112	1.8498	1.1488	89.8390
53.3373	9992.0000	-0.1670	1.1909	0.0000	214.3110	246.3100	230.5250	2.0519	265.8500	67.5388	NOT CONNECTED	10000.0000	500.0000	0.0000	9994.6305	0.2141	0.2264	0.0382	0.0406	-1.4748	0.8609	-1.5663	0.4241	-5.1067	171.1076	303.0661	272.7241	68.9346	1.8454	1.1889	89.7610
53.4716	9992.0000	-0.1670	1.1909	0.0000	214.3110	246.3100	230.5250	2.0519	265.8500	67.5388	NOT CONNECTED	10000.0000	500.0000	0.0000	9994.6305	0.2141	0.2264	0.0382	0.0406	-1.4748	0.8609	-1.5663	0.4241	-5.1067	171.1076	303.0661	272.7241	68.9346	1.8454	1.1889	89.7610
53.9424	9987.0000	-0.1760	1.2167	0.0000	213.3030	266.6400	230.5460	2.2032	287.4900	67.6140	NOT CONNECTED	10000.0000	500.0000	0.0000	10002.0827	0.2616	0.2274	0.0397	0.0371	-1.5144	1.1321	-1.6596	0.4024	-9.4623	179.2668	302.8485	292.4280	69.0467	1.7486	1.1882	89.7610
54.3117	9987.0000	-0.1760	1.2167	0.0000	213.3030	266.6400	230.5460	2.2032	287.4900	67.6140	NOT CONNECTED	10000.0000	500.0000	0.0000	9990.6042	0.2889	0.2585	0.0406	0.0393	-1.1194	1.1798	-1.7520	0.6725	-14.4088	164.7157	301.8087	292.2038	69.1686	1.5190	1.2106	89.6969
54.5478	9987.0000	-0.1760	1.2167	0.0000	213.3030	266.6400	230.5460	2.2032	287.4900	67.6140	NOT CONNECTED	10000.0000	500.0000	0.0000	9990.6042	0.2889	0.2585	0.0406	0.0393	-1.1194	1.1798	-1.7520	0.6725	-14.4088	164.7157	301.8087	292.2038	69.1686	1.5190	1.2106	89.6969
55.0531	10004.0000	-0.2070	1.2403	0.0000	212.7020	281.8700	230.5500	2.3114	303.6400	67.6540	NOT CONNECTED	10000.0000	500.0000	0.0000	9983.5972	0.2780	0.2838	0.0350	0.0390	-1.5637	1.2318	-1.8574	0.6187	-25.7345	162.2623	300.6882	327.3451	69.2944	2.1659	1.2507	89.6502
55.1379	10004.0000	-0.2070	1.2403	0.0000	212.7020	281.8700	230.5500	2.3114	303.6400	67.6540	NOT CONNECTED	10000.0000	500.0000	0.0000	9983.5972	0.2780	0.2838	0.0350	0.0390	-1.5637	1.2318	-1.8574	0.6187	-25.7345	162.2623	300.6882	327.3451	69.2944	2.1659	1.2507	89.6502
55.7273	10002.0000	-0.2190	1.2876	0.0000	211.6800	312.4100	230.5490	2.5341	336.3100	67.7188	0.0000	10000.0000	500.0000	0.0000	9993.0300	0.2462	0.2820	0.0398	0.0394	-1.4557	1.0071	-1.7175	0.6038	-13.4230	164.5744	300.3583	326.6310	69.4333	1.9604	1.2785	89.6502
55.8001	10002.0000	-0.2190	1.2876	0.0000	211.6800	312.4100	230.5490	2.5341	336.3100	67.7188	0.0000	10000.0000	500.0000	0.0000	9993.0300	0.2462	0.2820	0.0398	0.0394	-1.4557	1.0071	-1.7175	0.6038	-13.4230	164.5744	300.3583	326.6310	69.4333	1.9604	1.2785	89.6502
56.3325	10001.0000	-0.2240	1.3039	0.0000	211.2220	321.0300	230.5470	2.5980	345.0900	67.7617	0.0000	10000.0000	500.0000	0.0000	9988.4010	0.3467	0.2960	0.0391	0.0351	-1.4897	1.6310	-1.6172	0.4432	-3.9093	179.5318	300.2698	331.3846	69.5950	1.7012	1.3147	89.6024
56.5310	10001.0000	-0.2240	1.3039	0.0000	211.2220	321.0300	230.5470	2.5980	345.0900	67.7617	0.0000	10000.0000	500.0000	0.0000	9988.4010	0.3467	0.2960	0.0391	0.0351	-1.4897	1.6310	-1.6172	0.4432	-3.9093	179.5318	300.2698	331.3846	69.5950	1.7012	1.3147	89.6024
56.9388	9989.0000	-0.2260	1.3138	0.0000	211.1980	327.8200	230.5340	2.6548	352.2100	67.8228	0.0000	10000.0000	500.0000	0.0000	9988.0665	0.2657	0.3004	0.0361	0.0387	-1.4816	1.1437	-1.9982	0.6464	-6.4943	160.4781	300.0767	350.5510	69.7394	2.0315	1.2602	89.6024
57.2799	9989.0000	-0.2260	1.3138	0.0000	211.1980	327.8200	230.5340	2.6548	352.2100	67.8228	0.0000	10000.0000	500.0000	0.0000	9997.0493	0.3220	0.2943	0.0375	0.0396	-1.3505	1.3592	-1.8688	0.5764	-12.7618	176.1694	300.0037	347.4466	69.8812	1.8684	1.3251	89.5683
57.5442	9989.0000	-0.2260	1.3138	0.0000	211.1980	327.8200	230.5340	2.6548	352.2100	67.8228	0.0000	10000.0000	500.0000	0.0000	9997.0493	0.3220	0.2943	0.0375	0.0396	-1.3505	1.3592	-1.8688	0.5764	-12.7618	176.1694	300.0037	347.4466	69.8812	1.8684	1.3251	89.5683
58.0123	9997.0000	-0.2350	1.3274	0.0000	210.8260	335.3400	230.5180	2.7125	360.0500	67.8885	0.0000	10000.0000	500.0000	0.0000	9989.9362	0.3189	0.3038	0.0367	0.0374	-1.4739	1.4701	-1.8569	0.7409	8.2824	156.0708	300.3038	332.7436	70.0353	2.1016	1.2914	89.5456
58.1500	9997.0000	-0.2350	1.3274	0.0000	210.8260	335.3400	230.5180	2.7125	360.0500	67.8885	0.0000	10000.0000	500.0000	0.0000	9989.9362	0.3189	0.3038	0.0367	0.0374	-1.4739	1.4701	-1.8569	0.7409	8.2824	156.0708	300.3038	332.7436	70.0353	2.1016	1.2914	89.5456
58.7473	10003.0000	-0.2310	1.3323	0.0000	210.4890	336.8900	230.4760	2.7356	361.4500	67.9621	1.0000	10000.0000	500.0000	0.0000	9986.2760	0.2468	0.3089	0.0387	0.0401	-1.4640	1.0772	-1.8909	0.5210	-2.5862	176.0010	300.3078	356.9962	70.1703	1.7824	1.3691	89.5456
58.7550	10003.0000	-0.2310	1.3323	0.0000	210.4890	336.8900	230.4760	2.7356	361.4500	67.9621	1.0000	10000.0000	500.0000	0.0000	9986.2760	0.2468	0.3089	0.0387	0.0401	-1.4640	1.0772	-1.8909	0.5210	-2.5862	176.0010	300.3078	356.9962	70.1703	1.7824	1.3691	89.5456
59.3612	9995.0000	-0.2340	1.3289	0.0000	210.6820	336.3300	230.4500	2.7346	360.7900	68.0263	1.0000	10000.0000	500.0000	0.0000	10000.0439	0.3275	0.2901	0.0401	0.0364	-1.4383	1.6034	-1.6985	0.5372	-9.8387	170.5184	300.4020	355.7056	70.3350	2.1134	1.2877	89.5101
59.5892	9995.0000	-0.2340	1.3289	0.0000	210.6820	336.3300	230.4500	2.7346	360.7900	68.0263	1.0000	10000.0000	500.0000	0.0000	10000.0439	0.3275	0.2901	0.0401	0.0364	-1.4383	1.6034	-1.6985	0.5372	-9.8387	170.5184	300.4020	355.7056	70.3350	2.1134	1.2877	89.5101
59.9666	9998.0000	-0.2320	1.3238	0.0000	210.7700	335.0300	230.3850	2.7336	359.1700	68.0749	1.0000	10000.0000	500.0000	0.0000	10000.8039	0.2438	0.2891	0.0374	0.0398	-1.4655	1.0222	-1.7714	0.5903	-3.7403	168.4732	300.2551	355.9106	70.4550	1.9602	1.2813	89.5101
60.3426	9998.0000	-0.2320	1.3238	0.0000	210.7700	335.0300	230.3850	2.7336	359.1700	68.0749	1.0000	10000.0000	500.0000	0.0000	10000.6920	0.3400	0.2900	0.0397	0.0352	-1.4030	1.6303	-1.6692	0.5065	-10.9992	179.1435	300.1888	363.8141	70.5744	1.8223	1.2964	89.4838
60.5723	9998.0000	-0.2320	1.3238	0.0000	210.7700	335.0300	230.3850	2.7336	359.1700	68.0749	1.0000	10000.0000	500.0000	0.0000	10000.6920	0.3400	0.2900	0.0397	0.0352	-1.4030	1.6303	-1.6692	0.5065	-10.9992	179.1435	300.1888	363.8141	70.5744	1.8223	1.2964	89.4838
61.0860	9998.0000	-0.2340	1.3313	0.0000	210.5800	337.6500	230.3500	2.7531	361.8600	68.1888	1.0000	10000.0000	500.0000	0.0000	10004.8733	0.2937	0.2862	0.0375	0.0390	-1.5370	1.2993	-1.7606	0.6411	0.8541	165.3367	299.9738	346.6999	70.7057	2.0161	1.3300	89.4696
61.1772	9998.0000	-0.2340	1.3313	0.0000	210.5800	337.6500	230.3500	2.7531	361.8600	68.1888	1.0000	10000.0000	500.0000	0.0000	10004.8733	0.2937	0.2862	0.0375	0.0390	-1.5370	1.2993	-1.7606	0.6411	0.8541	165.3367	299.9738	346.6999	70.7057	2.0161	1.3300	89.4696
61.7829	9994.0000	-0.2320	1.3291	0.0000	210.9390	337.4100	230.2820	2.7534	361.5300	68.2494	1.0000	10000.0000	500.0000	0.0000	9995.3613	0.3455	0.2999	0.0369	0.0353	-1.3053	1.5911	-1.9890	0.5617	-13.3662	176.5818	300.0148	363.8094	70.8407	1.9146	1.3316	89.4696
61.8294	9994.0000	-0.2320	1.3291	0.0000	210.9390	337.4100	230.2820	2.7534	361.5300	68.2494	1.0000	10000.0000	500.0000	0.0000	9995.3613	0.3455	0.2999	0.0369	0.0353	-1.3053	1.5911	-1.9890	0.5617	-13.3662	176.5818	300.0148	363.8094	70.8407	1.9146	1.3316	89.4696
62.3879	10002.0000	-0.2340	1.3313	0.0000	210.8500	338.9900	230.2490	2.7682	363.1100	68.3211	1.0000	10000.0000	500.0000	0.0000	9995.4779	0.2771	0.2996	0.0362	0.0387	-1.4576	1.1603	-1.9125	0.6229	-14.9906	163.3353	300.1531	348.8502	70.9750	2.2885	1.2789	89.4412
62.5693	10002.0000	-0.2340	1.3313	0.0000	210.8500	338.9900	230.2490	2.7682	363.1100	68.3211	1.0000	10000.0000	500.0000	0.0000	9995.4779	0.2771	0.2996	0.0362	0.0387	-1.4576	1.1603	-1.9125	0.6229	-14.9906	163.3353	300.1531	348.8502	70.9750	2.2885	1.2789	89.4412
63.3094	10004.0000	-0.2340	1.3256	0.0000	210.8630	334.7400	230.2000	2.7431	358.4000	68.4151	1.0000	10000.0000	500.0000	0.0000	10009.9359	0.3086	0.2767	0.0395	0.0377	-1.2621	1.3044	-1.6112	0.6803	-20.9371	158.0702	300.2707	330.6138	71.1559	1.5064	1.3018	89.4200
63.5191	10004.0000	-0.2340	1.3256	0.0000	210.8630	334.7400	230.2000	2.7431	358.4000	68.4151	1.0000	10000.0000	500.0000	0.0000	10009.9359	0.3086	0.2767	0.0395	0.0377	-1.2621	1.3044	-1.6112	0.6803	-20.9371	158.0702	300.2707	330.6138	71.1559	1.5064	1.3018	89.4200
64.0508	9999.0000	-0.2310	1.3261	0.0000	210.6880	334.4900	230.1810	2.7461	358.0100	68.4536	1.0000	10000.0000	500.0000	0.0000	9999.6126	0.2207	0.2908	0.0399	0.0403	-1.3133	0.8967	-1.6767	0.5359	-18.2123	175.4019	300.3157	338.9706	71.2652	1.7440	1.3040	89.3931
64.1257	9999.0000	-0.2310	1.3261	0.0000	210.6880	334.4900	230.1810	2.7461	358.0100	68.4536	1.0000	10000.0000	500.0000	0.0000	9999.6126	0.2207	0.2908	0.0399	0.0403	-1.3133	0.8967	-1.6767	0.5359	-18.2123	175.4019	300.3157	338.9706	71.2652	1.7440	1.3040	89.3931
64.7303	10006.0000	-0.2340	1.3244	0.0000	210.7530	335.4700	230.1690	2.7586	358.9800	68.5398	1.0000	10000.0000	500.0000	0.0000	10003.8825	0.3168	0.2848	0.0396	0.0359	-1.5105	1.5439	-1.7626	0.4940	-0.5234	174.7256	300.4697	354.8214	71.3724	1.7106	1.3289	89.3931
64.7951	10006.0000	-0.2340	1.3244	0.0000	210.7530	335.4700	230.1690	2.7586	358.9800	68.5398	1.0000	10000.0000	500.0000	0.0000	10003.8825	0.3168	0.2848	0.0396	0.0359	-1.5105	1.5439	-1.7626	0.4940	-0.5234	174.7256	300.4697	354.8214	71.3724	1.7106	1.3289	89.3931
65.3368	10000.0000	-0.2350	1.3202	0.0000	210.9520	333.5600	230.1750	2.7447	356.9300	68.6301	2.0000	10000.0000	500.0000	0.0000	9996.2752	0.2579	0.2952	0.0399	0.0395	-1.3764	1.0748	-1.7344	0.6211	-18.7653	169.5925	300.5818	353.0810	71.4919	1.8393	1.2976	89.3609
65.5383	10000.0000	-0.2350	1.3202	0.0000	210.9520	333.5600	230.1750	2.7447	356.9300	68.6301	2.0000	10000.0000	500.0000	0.0000	9996.2752	0.2579	0.2952	0.0399	0.0395	-1.3764	1.0748	-1.7344	0.6211	-18.7653	169.5925	300.5818	353.0810	71.4919	1.8393	1.2976	89.3609
65.9416	10000.0000	-0.2350	1.3202	0.0000	210.9520	333.5600	230.1750	2.7447	356.9300	68.6301	2.0000	10000.0000	500.0000	0.0000	10001.6852	0.3510	0.2895	0.0360	0.0348	-1.7053	1.7109	-2.1934	0.4771	-14.2523	174.7626	300.3469	363.9260	71.5817	2.2327	1.3077	89.3609
66.3933	9996.0000	-0.2350	1.3315	0.0000	210.5890	336.8900	230.2060	2.7712	360.2700	68.6933	2.0000	10000.0000	500.0000	0.0000	10011.3289	0.2560	0.2770	0.0413	0.0389	-1.3296	1.0911	-1.5248	0.6113	-18.9504	167.0641	300.5403	349.4649	71.6824	1.8482	1.3227	89.3360
66.5470	9996.0000	-0.2350	1.3315	0.0000	210.5890	336.8900	230.2060	2.7712	360.2700	68.6933	2.0000	10000.0000	500.0000	0.0000	10011.3289	0.2560	0.2770	0.0413	0.0389	-1.3296	1.0911	-1.5248	0.6113	-18.9504	167.0641	300.5403	349.4649	71.6824	1.8482	1.3227	89.3360
67.1276	9997.0000	-0.2330	1.3302	0.0000	210.9410	338.0600	230.2350	2.7766	361.4600	68.7645	2.0000	10000.0000	500.0000	0.0000	9999.4506	0.3679	0.2910	0.0402	0.0373	-1.3703	1.6639	-1.7936	0.5053	-2.6381	178.6663	300.8220	367.0494	71.7756	1.6318	1.2871	89.3248
67.1539	9997.0000	-0.2330	1.3302	0.0000	210.9410	338.0600	230.2350	2.7766	361.4600	68.7645	2.0000	10000.0000	500.0000	0.0000	9999.4506	0.3679	0.2910	0.0402	0.0373	-1.3703	1.6639	-1.7936	0.5053	-2.6381	178.6663	300.8220	367.0494	71.7756	1.6318	1.2871	89.3248
67.7592	9997.0000	-0.2320	1.3212	0.0000	211.1050	335.1900	230.3060	2.7620	358.3900	68.8709	2.0000	10000.0000	500.0000	0.0000	10008.3074	0.2668	0.2798	0.0358	0.0386	-1.2983	1.1189	-1.7577	0.7066	-20.5896	157.3392	300.8062	330.7643	71.8549	2.1317	1.3090	89.3248
67.8687	9997.0000	-0.2320	1.3212	0.0000	211.1050	335.1900	230.3060	2.7620	358.3900	68.8709	2.0000	10000.0000	500.0000	0.0000	10008.3074	0.2668	0.2798	0.0358	0.0386	-1.2983	1.1189	-1.7577	0.7066	-20.5896	157.3392	300.8062	330.7643	71.8549	2.1317	1.3090	89.3248
68.3639	10003.0000	-0.2320	1.3240	0.0000	210.9740	335.9000	230.3410	2.7676	359.0700	68.9577	2.0000	10000.0000	500.0000	0.0000	10008.6012	0.2196	0.2799	0.0375	0.0405	-1.2020	0.8035	-1.8082	0.5450	-0.6899	173.7527	300.8506	342.4693	71.9444	2.3017	1.2815	89.2897
68.6144	10003.0000	-0.2320	1.3240	0.0000	210.9740	335.9000	230.3410	2.7676	359.0700	68.9577	2.0000	10000.0000	500.0000	0.0000	10008.6012	0.2196	0.2799	0.0375	0.0405	-1.2020	0.8035	-1.8082	0.5450	-0.6899	173.7527	300.8506	342.4693	71.9444	2.3017	1.2815	89.2897
68.9702	10003.0000	-0.2320	1.3240	0.0000	210.9740	335.9000	230.3410	2.7676	359.0700	68.9577	2.0000	10000.0000	500.0000	0.0000	10009.2633	0.3200	0.2787	0.0397	0.0374	-1.4817	1.4205	-1.5774	0.5585	16.2750	167.1786	300.9757	332.3187	72.0170	1.6116	1.2897	89.2897
69.3585	9990.0000	-0.2320	1.3266	0.0000	211.0260	335.9800	230.4150	2.7707	359.1000	68.9680	2.0000	10000.0000	500.0000	0.0000	9996.7089	0.2680	0.2943	0.0359	0.0402	-1.3587	1.0938	-1.9384	0.5958	3.8011	169.3522	301.1903	332.1701	72.0898	2.2092	1.2864	89.2566
69.5759	9990.0000	-0.2320	1.3266	0.0000	211.0260	335.9800	230.4150	2.7707	359.1000	68.9680	2.0000	10000.0000	500.0000	0.0000	9996.7089	0.2680	0.2943	0.0359	0.0402	-1.3587	1.0938	-1.9384	0.5958	3.8011	169.3522	301.1903	332.1701	72.0898	2.2092	1.2864	89.2566
70.1120	9993.0000	-0.2300	1.3255	0.0000	211.1340	336.5700	230.4470	2.7744	359.6500	69.0462	2.0000	10000.0000	500.0000	0.0000	9998.4644	0.3146	0.2919	0.0383	0.0355	-1.5422	1.4835	-1.8089	0.4829	-15.2598	179.8607	301.1410	337.8827	72.1681	2.0895	1.3080	89.2287
70.1814	9993.0000	-0.2300	1.3255	0.0000	211.1340	336.5700	230.4470	2.7744	359.6500	69.0462	2.0000	10000.0000	500.0000	0.0000	9998.4644	0.3146	0.2919	0.0383	0.0355	-1.5422	1.4835	-1.8089	0.4829	-15.2598	179.8607	301.1410	337.8827	72.1681	2.0895	1.3080	89.2287
70.7866	10013.0000	-0.2330	1.3184	0.0000	211.3550	335.0600	230.5020	2.7654	358.0900	69.1306	2.0000	10000.0000	500.0000	0.0000	9997.0236	0.2829	0.2933	0.0399	0.0398	-1.4784	1.1735	-1.5539	0.6871	-13.4756	167.0518	301.3136	351.4444	72.2431	1.7222	1.3500	89.2287
70.8449	10013.0000	-0.2330	1.3184	0.0000	211.3550	335.0600	230.5020	2.7654	358.0900	69.1306	2.0000	10000.0000	500.0000	0.0000	9997.0236	0.2829	0.2933	0.0399	0.0398	-1.4784	1.1735	-1.5539	0.6871	-13.4756	167.0518	301.3136	351.4444	72.2431	1.7222	1.3500	89.2287
71.3928	9998.0000	-0.2340	1.3144	0.0000	211.5180	332.6000	230.5240	2.7478	355.3600	69.1882	2.0000	10000.0000	500.0000	0.0000	10006.5053	0.3345	0.2811	0.0367	0.0353	-1.5501	1.6076	-1.9326	0.5889	-13.9768	174.5125	301.1674	360.6529	72.3297	2.0878	1.2682	89.1958
71.5818	9998.0000	-0.2340	1.3144	0.0000	211.5180	332.6000	230.5240	2.7478	355.3600	69.1882	2.0000	10000.0000	500.0000	0.0000	10006.5053	0.3345	0.2811	0.0367	0.0353	-1.5501	1.6076	-1.9326	0.5889	-13.9768	174.5125	301.1674	360.6529	72.3297	2.0878	1.2682	89.1958
71.9979	10000.0000	-0.2340	1.3181	0.0000	211.4890	335.6400	230.5470	2.7706	358.5500	69.2423	2.0000	10000.0000	500.0000	0.0000	10011.7147	0.2636	0.2757	0.0369	0.0387	-1.3257	1.0909	-1.9707	0.6995	-19.5936	159.7979	301.3037	351.7364	72.3837	1.9802	1.2801	89.1958
72.3221	10000.0000	-0.2340	1.3181	0.0000	211.4890	335.6400	230.5470	2.7706	358.5500	69.2423	2.0000	10000.0000	500.0000	0.0000	9999.0041	0.2690	0.2925	0.0402	0.0388	-1.5442	1.1483	-1.4945	0.6837	-21.2745	161.5062	301.2624	351.3263	72.4489	1.9149	1.3026	89.1697
72.5878	10000.0000	-0.2340	1.3181	0.0000	211.4890	335.6400	230.5470	2.7706	358.5500	69.2423	2.0000	10000.0000	500.0000	0.0000	9999.0041	0.2690	0.2925	0.0402	0.0388	-1.5442	1.1483	-1.4945	0.6837	-21.2745	161.5062	301.2624	351.3263	72.4489	1.9149	1.3026	89.1697
73.0647	10004.0000	-0.2350	1.3233	0.0000	211.4870	337.3800	230.5490	2.7847	360.2400	69.3151	3.0000	10000.0000	500.0000	0.0000	9999.8725	0.3580	0.2886	0.0402	0.0376	-1.2177	1.6707	-1.4717	0.6096	-8.0180	172.4156	301.4250	353.3991	72.5124	1.8372	1.2627	89.1563
73.1924	10004.0000	-0.2350	1.3233	0.0000	211.4870	337.3800	230.5490	2.7847	360.2400	69.3151	3.0000	10000.0000	500.0000	0.0000	9999.8725	0.3580	0.2886	0.0402	0.0376	-1.2177	1.6707	-1.4717	0.6096	-8.0180	172.4156	301.4250	353.3991	72.5124	1.8372	1.2627	89.1563
73.7985	10002.0000	-0.2360	1.3083	0.0000	212.0400	330.7100	230.5420	2.7373	353.2000	69.4074	3.0000	10000.0000	500.0000	0.0000	10002.3764	0.3026	0.2881	0.0382	0.0376	-1.5097	1.4026	-1.6055	0.7384	3.4693	156.5189	301.2023	332.8626	72.5583	1.8334	1.2848	89.1563
73.9095	10002.0000	-0.2360	1.3083	0.0000	212.0400	330.7100	230.5420	2.7373	353.2000	69.4074	3.0000	10000.0000	500.0000	0.0000	10002.3764	0.3026	0.2881	0.0382	0.0376	-1.5097	1.4026	-1.6055	0.7384	3.4693	156.5189	301.2023	332.8626	72.5583	1.8334	1.2848	89.1563
74.4035	9994.0000	-0.2340	1.3248	0.0000	211.2740	337.1500	230.5250	2.7853	359.9500	69.4274	3.0000	10000.0000	500.0000	0.0000	10000.1908	0.2677	0.2916	0.0417	0.0403	-1.3484	1.2016	-1.6633	0.5251	-0.2594	175.7893	301.0325	339.9561	72.6262	2.0174	1.2766	89.1178
74.6585	9994.0000	-0.2340	1.3248	0.0000	211.2740	337.1500	230.5250	2.7853	359.9500	69.4274	3.0000	10000.0000	500.0000	0.0000	10000.1908	0.2677	0.2916	0.0417	0.0403	-1.3484	1.2016	-1.6633	0.5251	-0.2594	175.7893	301.0325	339.9561	72.6262	2.0174	1.2766	89.1178
75.0102	9994.0000	-0.2340	1.3248	0.0000	211.2740	337.1500	230.5250	2.7853	359.9500	69.4274	3.0000	10000.0000	500.0000	0.0000	9992.9122	0.2924	0.3008	0.0346	0.0367	-1.2547	1.2566	-2.2129	0.6789	-9.7047	165.9586	301.0089	338.4818	72.6766	1.8279	1.2757	89.1178
75.4063	10004.0000	-0.2310	1.3229	0.0000	211.4950	337.1800	230.4800	2.7868	359.8500	69.5339	3.0000	10000.0000	500.0000	0.0000	10005.8152	0.2542	0.2826	0.0387	0.0400	-1.4742	1.1144	-1.7663	0.6327	-23.8486	166.9934	301.2032	331.9482	72.7271	1.8344	1.2796	89.0863
75.6157	10004.0000	-0.2310	1.3229	0.0000	211.4950	337.1800	230.4800	2.7868	359.8500	69.5339	3.0000	10000.0000	500.0000	0.0000	10005.8152	0.2542	0.2826	0.0387	0.0400	-1.4742	1.1144	-1.7663	0.6327	-23.8486	166.9934	301.2032	331.9482	72.7271	1.8344	1.2796	89.0863
76.1531	10002.0000	-0.2290	1.3212	0.0000	211.5220	336.3700	230.4510	2.7811	359.0700	69.6137	3.0000	10000.0000	500.0000	0.0000	10011.6576	0.2913	0.2741	0.0372	0.0405	-1.3195	1.1957	-1.9293	0.5952	6.3947	169.2060	301.0595	336.9125	72.7824	2.0695	1.3039	89.0580
76.2053	10002.0000	-0.2290	1.3212	0.0000	211.5220	336.3700	230.4510	2.7811	359.0700	69.6137	3.0000	10000.0000	500.0000	0.0000	10011.6576	0.2913	0.2741	0.0372	0.0405	-1.3195	1.1957	-1.9293	0.5952	6.3947	169.2060	301.0595	336.9125	72.7824	2.0695	1.3039	89.0580
76.8109	9996.0000	-0.2330	1.3243	0.0000	211.0980	336.9500	230.3420	2.7891	359.6400	69.6991	3.0000	10000.0000	500.0000	0.0000	10008.9124	0.3485	0.2793	0.0400	0.0362	-1.3917	1.6693	-1.7736	0.6253	1.3487	162.6073	301.1327	357.2260	72.8484	1.7929	1.3396	89.0580
77.4165	9996.0000	-0.2330	1.3243	0.0000	211.0980	336.9500	230.3420	2.7891	359.6400	69.6991	3.0000	10000.0000	500.0000	0.0000	9998.4982	0.2502	0.2922	0.0363	0.0400	-1.2996	1.0468	-2.0274	0.5896	-5.4930	168.1966	301.1885	354.9494	72.9309	2.0862	1.3041	89.0258
77.4237	9996.0000	-0.2330	1.3243	0.0000	211.0980	336.9500	230.3420	2.7891	359.6400	69.6991	3.0000	10000.0000	500.0000	0.0000	9998.4982	0.2502	0.2922	0.0363	0.0400	-1.2996	1.0468	-2.0274	0.5896	-5.4930	168.1966	301.1885	354.9494	72.9309	2.0862	1.3041	89.0258
78.0219	10004.0000	-0.2300	1.3246	0.0000	211.0260	335.5600	230.3100	2.7786	358.2800	69.7408	3.0000	10000.0000	500.0000	0.0000	9999.3188	0.3346	0.2912	0.0383	0.0351	-1.5702	1.6124	-1.9209	0.4601	-9.6680	181.7343	301.1196	363.2122	72.9746	1.8596	1.2773	89.0258
78.1646	10004.0000	-0.2300	1.3246	0.0000	211.0260	335.5600	230.3100	2.7786	358.2800	69.7408	3.0000	10000.0000	500.0000	0.0000	9999.3188	0.3346	0.2912	0.0383	0.0351	-1.5702	1.6124	-1.9209	0.4601	-9.6680	181.7343	301.1196	363.2122	72.9746	1.8596	1.2773	89.0258
78.6276	10006.0000	-0.2340	1.3184	0.0000	211.2540	335.2300	230.2430	2.7807	357.7400	69.8023	3.0000	10000.0000	500.0000	0.0000	10001.1804	0.2699	0.2892	0.0359	0.0386	-1.4054	1.2182	-1.8264	0.6293	-1.6651	164.5583	301.1259	350.9980	73.0184	2.0924	1.2862	89.0023
78.9009	10006.0000	-0.2340	1.3184	0.0000	211.2540	335.2300	230.2430	2.7807	357.7400	69.8023	3.0000	10000.0000	500.0000	0.0000	10001.1804	0.2699	0.2892	0.0359	0.0386	-1.4054	1.2182	-1.8264	0.6293	-1.6651	164.5583	301.1259	350.9980	73.0184	2.0924	1.2862	89.0023
79.2321	10006.0000	-0.2340	1.3184	0.0000	211.2540	335.2300	230.2430	2.7807	357.7400	69.8023	3.0000	10000.0000	500.0000	0.0000	9998.6894	0.3380	0.2924	0.0407	0.0370	-1.2227	1.5312	-1.8413	0.5869	-15.3360	173.9192	300.9778	367.7870	73.0621	1.3911	1.2894	88.9882
79.6401	9996.0000	-0.2320	1.3240	0.0000	210.9960	336.1900	230.2170	2.7861	358.8400	69.8716	4.0000	10000.0000	500.0000	0.0000	10006.9145	0.2856	0.2812	0.0401	0.0383	-1.4491	1.2274	-1.5343	0.6562	0.2071	160.0156	300.8836	330.6450	73.1117	1.8665	1.3177	88.9882
79.8377	9996.0000	-0.2320	1.3240	0.0000	210.9960	336.1900	230.2170	2.7861	358.8400	69.8716	4.0000	10000.0000	500.0000	0.0000	10006.9145	0.2856	0.2812	0.0401	0.0383	-1.4491	1.2274	-1.5343	0.6562	0.2071	160.0156	300.8836	330.6450	73.1117	1.8665	1.3177	88.9882
80.4433	10003.0000	-0.2310	1.3227	0.0000	210.9480	335.2300	230.1810	2.7801	357.8400	69.9040	4.0000	10000.0000	500.0000	0.0000	9990.3967	0.2620	0.3022	0.0369	0.0410	-1.3129	1.0240	-1.9563	0.5139	4.3606	173.4406	300.8478	340.7834	73.1689	2.2773	1.2996	88.9541
80.5072	10003.0000	-0.2310	1.3227	0.0000	210.9480	335.2300	230.1810	2.7801	357.8400	69.9040	4.0000	10000.0000	500.0000	0.0000	9990.3967	0.2620	0.3022	0.0369	0.0410	-1.3129	1.0240	-1.9563	0.5139	4.3606	173.4406	300.8478	340.7834	73.1689	2.2773	1.2996	88.9541
81.0498	10000.0000	-0.2330	1.3146	0.0000	211.3580	332.2100	230.1740	2.7595	354.6300	70.0003	4.0000	10000.0000	500.0000	0.0000	10006.3806	0.3182	0.2803	0.0349	0.0365	-1.3326	1.4065	-2.1138	0.6265	14.1644	163.3993	300.9859	339.8694	73.2209	2.1386	1.3152	88.9541
81.2482	10000.0000	-0.2330	1.3146	0.0000	211.3580	332.2100	230.1740	2.7595	354.6300	70.0003	4.0000	10000.0000	500.0000	0.0000	10006.3806	0.3182	0.2803	0.0349	0.0365	-1.3326	1.4065	-2.1138	0.6265	14.1644	163.3993	300.9859	339.8694	73.2209	2.1386	1.3152	88.9541
81.6549	10012.0000	-0.2280	1.3097	0.0000	211.8110	331.4600	230.1830	2.7533	353.6800	70.0715	4.0000	10000.0000	500.0000	0.0000	10005.2533	0.2539	0.2818	0.0381	0.0401	-1.4813	1.0481	-1.7803	0.5973	-22.8490	168.4823	300.9840	342.5309	73.2791	2.1163	1.3177	88.9234
81.9887	10012.0000	-0.2280	1.3097	0.0000	211.8110	331.4600	230.1830	2.7533	353.6800	70.0715	4.0000	10000.0000	500.0000	0.0000	10008.2340	0.3126	0.2782	0.0381	0.0355	-1.5176	1.4530	-1.8813	0.4650	-21.2936	175.0874	301.1185	340.8935	73.3335	1.8837	1.3059	88.9030
82.2607	10012.0000	-0.2280	1.3097	0.0000	211.8110	331.4600	230.1830	2.7533	353.6800	70.0715	4.0000	10000.0000	500.0000	0.0000	10008.2340	0.3126	0.2782	0.0381	0.0355	-1.5176	1.4530	-1.8813	0.4650	-21.2936	175.0874	301.1185	340.8935	73.3335	1.8837	1.3059	88.9030
82.7413	10001.0000	-0.2310	1.3121	0.0000	211.4450	331.6000	230.2210	2.7552	354.0100	70.1251	4.0000	10000.0000	500.0000	0.0000	9996.5900	0.3043	0.2925	0.0392	0.0355	-1.5438	1.4362	-1.8026	0.6173	-20.3064	170.8960	301.0686	345.5234	73.3830	1.9326	1.3154	88.9030
82.8504	10001.0000	-0.2310	1.3121	0.0000	211.4450	331.6000	230.2210	2.7552	354.0100	70.1251	4.0000	10000.0000	500.0000	0.0000	9996.5900	0.3043	0.2925	0.0392	0.0355	-1.5438	1.4362	-1.8026	0.6173	-20.3064	170.8960	301.0686	345.5234	73.3830	1.9326	1.3154	88.9030
83.4562	10001.0000	-0.2290	1.3138	0.0000	211.6970	332.4000	230.2510	2.7590	354.6000	70.1676	4.0000	10000.0000	500.0000	0.0000	9993.5405	0.2703	0.2989	0.0353	0.0396	-1.3856	1.2298	-2.1502	0.6346	-3.6249	164.8725	301.1444	351.5353	73.4228	2.1625	1.2664	88.8751
83.4918	10001.0000	-0.2290	1.3138	0.0000	211.6970	332.4000	230.2510	2.7590	354.6000	70.1676	4.0000	10000.0000	500.0000	0.0000	9993.5405	0.2703	0.2989	0.0353	0.0396	-1.3856	1.2298	-2.1502	0.6346	-3.6249	164.8725	301.1444	351.5353	73.4228	2.1625	1.2664	88.8751
84.0612	10002.0000	-0.2330	1.3227	0.0000	211.1830	337.0500	230.3170	2.7962	359.5800	70.2148	4.0000	10000.0000	500.0000	0.0000	10004.0340	0.3370	0.2853	0.0372	0.0352	-1.4063	1.5439	-1.8908	0.5560	-8.7891	178.7130	301.2699	362.0706	73.4567	2.1223	1.2901	88.8751
84.2509	10002.0000	-0.2330	1.3227	0.0000	211.1830	337.0500	230.3170	2.7962	359.5800	70.2148	4.0000	10000.0000	500.0000	0.0000	10004.0340	0.3370	0.2853	0.0372	0.0352	-1.4063	1.5439	-1.8908	0.5560	-8.7891	178.7130	301.2699	362.0706	73.4567	2.1223	1.2901	88.8751
84.6666	9997.0000	-0.2300	1.3148	0.0000	211.4670	334.4400	230.3520	2.7759	356.8000	70.2649	4.0000	10000.0000	500.0000	0.0000	9996.2834	0.2854	0.2950	0.0391	0.0387	-1.4196	1.2088	-1.7802	0.6364	-6.5032	163.7928	301.3250	351.9638	73.4882	1.8613	1.2692	88.8517
84.9987	9997.0000	-0.2300	1.3148	0.0000	211.4670	334.4400	230.3520	2.7759	356.8000	70.2649	4.0000	10000.0000	500.0000	0.0000	9998.8992	0.2578	0.2903	0.0387	0.0407	-1.5128	1.0401	-1.7995	0.5549	-13.7058	171.1738	301.4965	353.0770	73.5131	1.7660	1.2632	88.8394
85.2724	9997.0000	-0.2300	1.3148	0.0000	211.4670	334.4400	230.3520	2.7759	356.8000	70.2649	4.0000	10000.0000	500.0000	0.0000	9998.8992	0.2578	0.2903	0.0387	0.0407	-1.5128	1.0401	-1.7995	0.5549	-13.7058	171.1738	301.4965	353.0770	73.5131	1.7660	1.2632	88.8394
85.7430	10005.0000	-0.2290	1.3096	0.0000	211.7680	331.3600	230.4180	2.7552	353.5300	70.3337	4.0000	10000.0000	500.0000	0.0000	10003.1073	0.3319	0.2853	0.0372	0.0396	-1.3122	1.3101	-1.9703	0.5294	4.9974	174.6295	301.3478	349.2903	73.5354	1.8377	1.2870	88.8394
85.8623	10005.0000	-0.2290	1.3096	0.0000	211.7680	331.3600	230.4180	2.7552	353.5300	70.3337	4.0000	10000.0000	500.0000	0.0000	10003.1073	0.3319	0.2853	0.0372	0.0396	-1.3122	1.3101	-1.9703	0.5294	4.9974	174.6295	301.3478	349.2903	73.5354	1.8377	1.2870	88.8394
86.4679	10000.0000	-0.2310	1.3095	0.0000	211.9450	332.3500	230.4480	2.7619	354.6000	70.3547	4.0000	10000.0000	500.0000	0.0000	10001.0907	0.2790	0.2889	0.0362	0.0386	-1.5072	1.2486	-1.9866	0.6750	-21.2396	160.2689	301.4495	329.9422	73.5864	1.9148	1.2939	88.7999
86.4841	10000.0000	-0.2310	1.3095	0.0000	211.9450	332.3500	230.4480	2.7619	354.6000	70.3547	4.0000	10000.0000	500.0000	0.0000	10001.0907	0.2790	0.2889	0.0362	0.0386	-1.5072	1.2486	-1.9866	0.6750	-21.2396	160.2689	301.4495	329.9422	73.5864	1.9148	1.2939	88.7999
87.0804	9998.0000	-0.2320	1.3138	0.0000	211.5800	334.9500	230.4970	2.7798	357.3300	70.4040	5.0000	10000.0000	500.0000	0.0000	10001.0091	0.2497	0.2887	0.0391	0.0408	-1.4117	1.0375	-1.7625	0.5142	-0.4149	175.2838	301.4832	339.3857	73.6218	1.7938	1.2947	88.7999
87.2499	9998.0000	-0.2320	1.3138	0.0000	211.5800	334.9500	230.4970	2.7798	357.3300	70.4040	5.0000	10000.0000	500.0000	0.0000	10001.0091	0.2497	0.2887	0.0391	0.0408	-1.4117	1.0375	-1.7625	0.5142	-0.4149	175.2838	301.4832	339.3857	73.6218	1.7938	1.2947	88.7999
87.6792	9998.0000	-0.2320	1.3138	0.0000	211.5800	334.9500	230.4970	2.7798	357.3300	70.4040	5.0000	10000.0000	500.0000	0.0000	9992.6535	0.3198	0.2977	0.0376	0.0369	-1.5133	1.4405	-1.8853	0.6179	-6.7126	156.0359	301.4716	340.6877	73.6591	1.8370	1.3054	88.7659
88.1089	10000.0000	-0.2270	1.3096	0.0000	211.7140	332.4500	230.5200	2.7651	354.7200	70.4745	5.0000	10000.0000	500.0000	0.0000	10007.7899	0.2472	0.2787	0.0392	0.0398	-1.4939	1.0648	-1.7411	0.5629	-23.6277	168.8392	301.4835	338.7306	73.7051	1.5283	1.3107	88.7406
88.2839	10000.0000	-0.2270	1.3096	0.0000	211.7140	332.4500	230.5200	2.7651	354.7200	70.4745	5.0000	10000.0000	500.0000	0.0000	10007.7899	0.2472	0.2787	0.0392	0.0398	-1.4939	1.0648	-1.7411	0.5629	-23.6277	168.8392	301.4835	338.7306	73.7051	1.5283	1.3107	88.7406
88.8491	9985.0000	-0.2300	1.3059	0.0000	212.1790	331.5400	230.5440	2.7578	353.5900	70.5165	5.0000	10000.0000	500.0000	0.0000	9991.8853	0.3114	0.3005	0.0404	0.0368	-1.4315	1.4669	-1.7335	0.6541	-7.1470	164.4110	301.5331	356.1830	73.7515	1.7201	1.3389	88.7406
88.8897	9985.0000	-0.2300	1.3059	0.0000	212.1790	331.5400	230.5440	2.7578	353.5900	70.5165	5.0000	10000.0000	500.0000	0.0000	9991.8853	0.3114	0.3005	0.0404	0.0368	-1.4315	1.4669	-1.7335	0.6541	-7.1470	164.4110	301.5331	356.1830	73.7515	1.7201	1.3389	88.7406
89.4955	10001.0000	-0.2300	1.3120	0.0000	211.6730	333.6700	230.5500	2.7727	356.0400	70.5577	5.0000	10000.0000	500.0000	0.0000	9994.8053	0.2413	0.2960	0.0363	0.0398	-1.2506	0.9078	-2.0703	0.6132	-13.3610	170.4358	301.6670	350.3452	73.7969	1.9936	1.2580	88.7131
89.5802	10001.0000	-0.2300	1.3120	0.0000	211.6730	333.6700	230.5500	2.7727	356.0400	70.5577	5.0000	10000.0000	500.0000	0.0000	9994.8053	0.2413	0.2960	0.0363	0.0398	-1.2506	0.9078	-2.0703	0.6132	-13.3610	170.4358	301.6670	350.3452	73.7969	1.9936	1.2580	88.7131
90.1017	9996.0000	-0.2300	1.3115	0.0000	211.7140	332.8900	230.5500	2.7662	355.2000	70.6138	5.0000	10000.0000	500.0000	0.0000	9992.0240	0.3449	0.2997	0.0393	0.0363	-1.2492	1.6618	-1.8549	0.4862	-2.4207	178.8462	301.5977	359.8685	73.8089	1.6457	1.2578	88.7131
90.3256	9996.0000	-0.2300	1.3115	0.0000	211.7140	332.8900	230.5500	2.7662	355.2000	70.6138	5.0000	10000.0000	500.0000	0.0000	9992.0240	0.3449	0.2997	0.0393	0.0363	-1.2492	1.6618	-1.8549	0.4862	-2.4207	178.8462	301.5977	359.8685	73.8089	1.6457	1.2578	88.7131
90.6906	9996.0000	-0.2300	1.3115	0.0000	211.7140	332.8900	230.5500	2.7662	355.2000	70.6138	5.0000	10000.0000	500.0000	0.0000	10000.3691	0.3259	0.2896	0.0380	0.0357	-1.5329	1.5132	-1.8745	0.5372	-8.8500	179.5257	301.6226	359.0299	73.8226	1.8119	1.2673	88.6900
91.0573	10000.0000	-0.2310	1.3131	0.0000	211.6590	334.0600	230.5440	2.7769	356.3400	70.6310	5.0000	10000.0000	500.0000	0.0000	9995.2168	0.2938	0.2967	0.0357	0.0393	-1.4957	1.2484	-2.1695	0.6528	-19.0821	165.3457	301.5235	351.9323	73.8404	2.0250	1.2706	88.6721
91.2962	10000.0000	-0.2310	1.3131	0.0000	211.6590	334.0600	230.5440	2.7769	356.3400	70.6310	5.0000	10000.0000	500.0000	0.0000	9995.2168	0.2938	0.2967	0.0357	0.0393	-1.4957	1.2484	-2.1695	0.6528	-19.0821	165.3457	301.5235	351.9323	73.8404	2.0250	1.2706	88.6721
91.8043	10002.0000	-0.2320	1.3132	0.0000	211.6030	335.0600	230.5260	2.7833	357.4300	70.6751	5.0000	10000.0000	500.0000	0.0000	10003.1003	0.3472	0.2859	0.0347	0.0354	-1.4928	1.6898	-2.1535	0.4991	-18.2802	177.8996	301.4872	340.1908	73.8642	2.0124	1.3096	88.6721
91.9016	10002.0000	-0.2320	1.3132	0.0000	211.6030	335.0600	230.5260	2.7833	357.4300	70.6751	5.0000	10000.0000	500.0000	0.0000	10003.1003	0.3472	0.2859	0.0347	0.0354	-1.4928	1.6898	-2.1535	0.4991	-18.2802	177.8996	301.4872	340.1908	73.8642	2.0124	1.3096	88.6721
92.5065	9996.0000	-0.2290	1.3117	0.0000	211.6690	334.2900	230.5140	2.7790	356.5200	70.7593	5.0000	10000.0000	500.0000	0.0000	9990.4794	0.2720	0.3017	0.0411	0.0387	-1.5453	1.2184	-1.4308	0.5896	-2.3399	165.2351	301.4496	333.4561	73.9033	1.9430	1.3022	88.6349
92.5492	9996.0000	-0.2290	1.3117	0.0000	211.6690	334.2900	230.5140	2.7790	356.5200	70.7593	5.0000	10000.0000	500.0000	0.0000	9990.4794	0.2720	0.3017	0.0411	0.0387	-1.5453	1.2184	-1.4308	0.5896	-2.3399	165.2351	301.4496	333.4561	73.9033	1.9430	1.3022	88.6349
93.0971	10003.0000	-0.2310	1.3128	0.0000	211.6180	333.8200	230.4770	2.7763	356.1100	70.7845	5.0000	10000.0000	500.0000	0.0000	9997.1856	0.3060	0.2928	0.0387	0.0386	-1.2576	1.2737	-1.8467	0.6293	-0.4993	163.7631	301.5074	334.3376	73.9405	1.5942	1.3015	88.6349
93.2888	10003.0000	-0.2310	1.3128	0.0000	211.6180	333.8200	230.4770	2.7763	356.1100	70.7845	5.0000	10000.0000	500.0000	0.0000	9997.1856	0.3060	0.2928	0.0387	0.0386	-1.2576	1.2737	-1.8467	0.6293	-0.4993	163.7631	301.5074	334.3376	73.9405	1.5942	1.3015	88.6349
94.0396	10004.0000	-0.2300	1.3066	0.0000	211.9640	331.3900	230.4570	2.7606	353.4700	70.8070	6.0000	10000.0000	500.0000	0.0000	9990.9644	0.2641	0.2998	0.0355	0.0412	-1.4923	1.0027	-2.1099	0.6235	-26.7367	167.0413	301.5148	350.7631	74.0115	2.1604	1.3118	88.5831
94.2125	10004.0000	-0.2300	1.3066	0.0000	211.9640	331.3900	230.4570	2.7606	353.4700	70.8070	6.0000	10000.0000	500.0000	0.0000	9990.9644	0.2641	0.2998	0.0355	0.0412	-1.4923	1.0027	-2.1099	0.6235	-26.7367	167.0413	301.5148	350.7631	74.0115	2.1604	1.3118	88.5831
94.7840	10000.0000	-0.2310	1.3090	0.0000	211.9980	331.4300	230.4120	2.7546	353.4400	70.8711	NOT CONNECTED	10000.0000	500.0000	0.0000	10007.1849	0.3167	0.2803	0.0401	0.0382	-1.4476	1.4829	-1.7031	0.7685	-10.0425	156.9600	301.2244	351.5655	74.0502	1.6283	1.3140	88.5831
94.8178	10000.0000	-0.2310	1.3090	0.0000	211.9980	331.4300	230.4120	2.7546	353.4400	70.8711	NOT CONNECTED	10000.0000	500.0000	0.0000	10007.1849	0.3167	0.2803	0.0401	0.0382	-1.4476	1.4829	-1.7031	0.7685	-10.0425	156.9600	301.2244	351.5655	74.0502	1.6283	1.3140	88.5831
95.4388	10076.0000	-0.1300	1.3026	0.0000	211.8280	328.3200	230.3660	2.7449	350.8300	70.9319	NOT CONNECTED	0.0000	500.0000	0.0000	10100.2241	0.1666	0.1155	0.0406	0.0392	-1.6692	0.7644	-1.4117	0.3186	2.0493	175.9092	309.2152	176.4173	74.0928	1.3408	1.1906	88.5567
95.7572	10076.0000	-0.1300	1.3026	0.0000	211.8280	328.3200	230.3660	2.7449	350.8300	70.9319	NOT CONNECTED	0.0000	500.0000	0.0000	9988.4873	0.1226	0.1567	0.0413	0.0415	-1.4957	0.6037	-1.2986	0.3714	-16.6561	169.1601	311.4930	162.5130	74.0122	1.5737	1.0097	88.5567
96.0455	10076.0000	-0.1300	1.3026	0.0000	211.8280	328.3200	230.3660	2.7449	350.8300	70.9319	NOT CONNECTED	0.0000	500.0000	0.0000	9988.4873	0.1226	0.1567	0.0413	0.0415	-1.4957	0.6037	-1.2986	0.3714	-16.6561	169.1601	311.4930	162.5130	74.0122	1.5737	1.0097	88.5567
96.5066	10005.0000	-0.0790	1.0468	0.0000	221.1040	137.7600	230.4380	1.3398	150.4200	70.9195	NOT CONNECTED	0.0000	500.0000	0.0000	10023.3728	0.2033	0.1087	0.0420	0.0410	-0.9066	0.7634	-0.9554	0.5318	-13.3383	167.5387	310.3342	169.8273	73.9026	1.5917	1.0592	88.5282
96.6662	10005.0000	-0.0790	1.0468	0.0000	221.1040	137.7600	230.4380	1.3398	150.4200	70.9195	NOT CONNECTED	0.0000	500.0000	0.0000	10023.3728	0.2033	0.1087	0.0420	0.0410	-0.9066	0.7634	-0.9554	0.5318	-13.3383	167.5387	310.3342	169.8273	73.9026	1.5917	1.0592	88.5282
97.2487	9993.0000	-0.0870	1.0929	0.0000	219.2750	167.0000	230.3240	1.5609	180.6800	70.9469	NOT CONNECTED	0.0000	500.0000	0.0000	9970.6220	0.1798	0.1773	0.0415	0.0421	-1.5355	0.7503	-1.1262	0.4080	-10.1700	171.7977	310.3929	168.2772	73.8224	1.7558	1.0792	88.4490
97.2724	9993.0000	-0.0870	1.0929	0.0000	219.2750	167.0000	230.3240	1.5609	180.6800	70.9469	NOT CONNECTED	0.0000	500.0000	0.0000	9970.6220	0.1798	0.1773	0.0415	0.0421	-1.5355	0.7503	-1.1262	0.4080	-10.1700	171.7977	310.3929	168.2772	73.8224	1.7558	1.0792	88.4490
97.8622	9997.0000	-0.0850	1.0930	0.0000	219.3520	164.9200	230.3080	1.5434	178.5300	70.9392	NOT CONNECTED	0.0000	500.0000	0.0000	9998.0844	0.1871	0.1415	0.0391	0.0419	-1.1393	0.7239	-2.0957	0.4452	-19.1111	169.5736	310.3825	185.6056	73.7519	1.6169	1.1012	88.4490
98.0028	9997.0000	-0.0850	1.0930	0.0000	219.3520	164.9200	230.3080	1.5434	178.5300	70.9392	NOT CONNECTED	0.0000	500.0000	0.0000	9998.0844	0.1871	0.1415	0.0391	0.0419	-1.1393	0.7239	-2.0957	0.4452	-19.1111	169.5736	310.3825	185.6056	73.7519	1.6169	1.1012	88.4490
98.4675	9994.0000	-0.0850	1.0896	0.0000	219.2410	163.7400	230.2700	1.5322	177.3000	70.9417	NOT CONNECTED	0.0000	500.0000	0.0000	9964.2667	0.1550	0.1853	0.0397	0.0411	-0.9332	0.4744	-1.5305	0.2149	-14.3132	176.1175	310.3613	178.1340	73.6875	1.2470	1.0293	88.3669
98.7464	9994.0000	-0.0850	1.0896	0.0000	219.2410	163.7400	230.2700	1.5322	177.3000	70.9417	NOT CONNECTED	0.0000	500.0000	0.0000	9964.2667	0.1550	0.1853	0.0397	0.0411	-0.9332	0.4744	-1.5305	0.2149	-14.3132	176.1175	310.3613	178.1340	73.6875	1.2470	1.0293	88.3669
99.0736	9994.0000	-0.0850	1.0896	0.0000	219.2410	163.7400	230.2700	1.5322	177.3000	70.9417	NOT CONNECTED	0.0000	500.0000	0.0000	10017.9267	0.1736	0.1152	0.0411	0.0421	-1.2654	0.7283	-1.1603	0.2783	0.5763	176.0657	310.4765	183.8691	73.5981	1.9303	1.0296	88.3669
99.4992	10001.0000	-0.0850	1.0888	0.0000	219.1430	164.3400	230.2530	1.5351	178.0100	70.9293	NOT CONNECTED	0.0000	500.0000	0.0000	10020.5133	0.1897	0.1107	0.0418	0.0402	-1.2126	0.8011	-1.2587	0.3106	-14.5241	173.7654	310.4780	163.1048	73.5117	1.7324	1.0284	88.2903
99.6790	10001.0000	-0.0850	1.0888	0.0000	219.1430	164.3400	230.2530	1.5351	178.0100	70.9293	NOT CONNECTED	0.0000	500.0000	0.0000	10020.5133	0.1897	0.1107	0.0418	0.0402	-1.2126	0.8011	-1.2587	0.3106	-14.5241	173.7654	310.4780	163.1048	73.5117	1.7324	1.0284	88.2903
100.2484	9931.0000	-0.0230	1.0511	0.0000	219.9270	149.6100	230.2380	1.4320	163.8500	70.9158	NOT CONNECTED	0.0000	500.0000	0.0000	9708.7630	0.0253	0.0401	0.0349	0.0349	-1.6914	0.0609	-1.7130	0.0255	-10.4095	145.1199	316.5042	58.7710	73.4045	1.6740	1.1165	88.2165
100.2842	9931.0000	-0.0230	1.0511	0.0000	219.9270	149.6100	230.2380	1.4320	163.8500	70.9158	NOT CONNECTED	0.0000	500.0000	0.0000	9708.7630	0.0253	0.0401	0.0349	0.0349	-1.6914	0.0609	-1.7130	0.0255	-10.4095	145.1199	316.5042	58.7710	73.4045	1.6740	1.1165	88.2165
100.8894	9515.0000	0.0000	1.1989	0.0000	186.9340	53.8900	230.2770	0.6657	67.8000	70.9421	NOT CONNECTED	0.0000	500.0000	0.0000	9402.5846	0.0172	0.0303	0.0349	0.0349	-1.7802	0.0706	-1.7129	0.0714	-9.9143	139.5579	316.0152	64.7420	73.3947	1.7459	1.2389	88.2165
100.9908	9515.0000	0.0000	1.1989	0.0000	186.9340	53.8900	230.2770	0.6657	67.8000	70.9421	NOT CONNECTED	0.0000	500.0000	0.0000	9402.5846	0.0172	0.0303	0.0349	0.0349	-1.7802	0.0706	-1.7129	0.0714	-9.9143	139.5579	316.0152	64.7420	73.3947	1.7459	1.2389	88.2165
101.4957	9149.0000	0.0000	1.2271	0.0000	173.6450	57.5000	230.2490	0.6992	71.7500	70.9608	NOT CONNECTED	0.0000	500.0000	0.0000	9098.5353	0.0306	0.0294	0.0348	0.0349	-1.6406	0.1159	-1.7297	0.0634	-10.0660	135.9586	316.2754	60.5438	73.4128	1.7890	1.2002	88.1233
101.7452	9149.0000	0.0000	1.2271	0.0000	173.6450	57.5000	230.2490	0.6992	71.7500	70.9608	NOT CONNECTED	0.0000	500.0000	0.0000	9098.5353	0.0306	0.0294	0.0348	0.0349	-1.6406	0.1159	-1.7297	0.0634	-10.0660	135.9586	316.2754	60.5438	73.4128	1.7890	1.2002	88.1233
102.0851	9149.0000	0.0000	1.2271	0.0000	173.6450	57.5000	230.2490	0.6992	71.7500	70.9608	NOT CONNECTED	0.0000	500.0000	0.0000	8799.8662	0.0372	0.0230	0.0348	0.0349	-1.8301	0.2171	-1.6453	0.0613	-10.2478	131.3260	316.4868	55.1811	73.4181	1.8506	1.2020	88.1233
102.4776	8773.0000	0.0000	1.2278	0.0000	168.7700	52.6600	230.2570	0.6524	66.8900	70.9629	NOT CONNECTED	0.0000	500.0000	0.0000	8487.3267	0.0117	0.0346	0.0348	0.0348	-1.7417	0.0641	-1.7296	0.0377	-12.5809	127.4731	316.5242	52.9350	73.4246	1.8918	1.2037	88.0622
102.6907	8773.0000	0.0000	1.2278	0.0000	168.7700	52.6600	230.2570	0.6524	66.8900	70.9629	NOT CONNECTED	0.0000	500.0000	0.0000	8487.3267	0.0117	0.0346	0.0348	0.0348	-1.7417	0.0641	-1.7296	0.0377	-12.5809	127.4731	316.5242	52.9350	73.4246	1.8918	1.2037	88.0622
103.2497	8406.0000	0.0000	1.2268	0.0000	159.1800	46.8200	230.2750	0.6069	61.1700	70.9362	NOT CONNECTED	0.0000	500.0000	0.0000	8185.5907	0.0316	0.0322	0.0348	0.0349	-1.8198	0.1827	-1.6842	0.0597	-12.1621	121.6055	316.5252	49.9857	73.4324	1.7433	1.2056	88.0021
103.2970	8406.0000	0.0000	1.2268	0.0000	159.1800	46.8200	230.2750	0.6069	61.1700	70.9362	NOT CONNECTED	0.0000	500.0000	0.0000	8185.5907	0.0316	0.0322	0.0348	0.0349	-1.8198	0.1827	-1.6842	0.0597	-12.1621	121.6055	316.5252	49.9857	73.4324	1.7433	1.2056	88.0021
103.9022	8022.0000	0.0000	1.2267	0.0000	154.4960	44.6800	230.2850	0.5913	59.0700	70.9809	NOT CONNECTED	0.0000	500.0000	0.0000	7880.7966	0.0333	0.0337	0.0348	0.0349	-1.8198	0.1682	-1.8245	0.0580	-10.2813	116.4446	316.6295	46.3915	73.4433	1.7692	1.2459	88.0021
103.9889	8022.0000	0.0000	1.2267	0.0000	154.4960	44.6800	230.2850	0.5913	59.0700	70.9809	NOT CONNECTED	0.0000	500.0000	0.0000	7880.7966	0.0333	0.0337	0.0348	0.0349	-1.8198	0.1682	-1.8245	0.0580	-10.2813	116.4446	316.6295	46.3915	73.4433	1.7692	1.2459	88.0021
104.5076	7649.0000	0.0040	1.2272	0.0000	144.9750	38.9300	230.3140	0.5454	53.3800	71.0224	NOT CONNECTED	0.0000	500.0000	0.0000	7596.7773	0.0053	0.0139	0.0348	0.0348	-1.9048	0.0600	-1.6936	-0.0122	-11.5091	113.6140	316.8113	42.5176	73.4651	1.6406	1.2108	87.9260
104.7439	7649.0000	0.0040	1.2272	0.0000	144.9750	38.9300	230.3140	0.5454	53.3800	71.0224	NOT CONNECTED	0.0000	500.0000	0.0000	7596.7773	0.0053	0.0139	0.0348	0.0348	-1.9048	0.0600	-1.6936	-0.0122	-11.5091	113.6140	316.8113	42.5176	73.4651	1.6406	1.2108	87.9260
105.0966	7649.0000	0.0040	1.2272	0.0000	144.9750	38.9300	230.3140	0.5454	53.3800	71.0224	NOT CONNECTED	0.0000	500.0000	0.0000	7294.0749	0.0196	0.0144	0.0349	0.0349	-1.7831	0.1085	-1.8667	0.0645	-9.9499	109.1575	316.8124	41.7358	73.4774	1.7997	1.2135	87.9260
105.4815	7276.0000	0.0070	1.2263	0.0000	140.1800	36.6300	230.3320	0.5245	51.1100	70.9689	NOT CONNECTED	0.0000	500.0000	0.0000	7006.4327	0.0013	-0.0000	0.0347	0.0348	-1.8500	0.0449	-1.6609	0.0615	-11.9180	106.0672	317.1075	37.8843	73.4909	1.6212	1.2144	87.8503
105.7025	7276.0000	0.0070	1.2263	0.0000	140.1800	36.6300	230.3320	0.5245	51.1100	70.9689	NOT CONNECTED	0.0000	500.0000	0.0000	7006.4327	0.0013	-0.0000	0.0347	0.0348	-1.8500	0.0449	-1.6609	0.0615	-11.9180	106.0672	317.1075	37.8843	73.4909	1.6212	1.2144	87.8503
106.2508	6901.0000	0.0070	1.2274	0.0000	130.8300	32.6800	230.3660	0.4886	47.1800	71.0032	NOT CONNECTED	0.0000	500.0000	0.0000	6709.3886	-0.0074	-0.0000	0.0347	0.0348	-1.7311	-0.0089	-1.6407	-0.0071	-11.3028	101.3064	317.2828	36.0472	73.5054	1.7188	1.2157	87.7741
106.3074	6901.0000	0.0070	1.2274	0.0000	130.8300	32.6800	230.3660	0.4886	47.1800	71.0032	NOT CONNECTED	0.0000	500.0000	0.0000	6709.3886	-0.0074	-0.0000	0.0347	0.0348	-1.7311	-0.0089	-1.6407	-0.0071	-11.3028	101.3064	317.2828	36.0472	73.5054	1.7188	1.2157	87.7741
106.9139	6529.0000	0.0150	1.2275	0.0000	126.1870	30.5200	230.3830	0.4684	45.0100	71.0182	NOT CONNECTED	0.0000	500.0000	0.0000	6409.0660	-0.0125	-0.0000	0.0349	0.0348	-1.6774	-0.0595	-1.8259	0.0156	-11.5937	92.4145	317.4770	33.2021	73.5231	1.6542	1.2432	87.7741
106.9935	6529.0000	0.0150	1.2275	0.0000	126.1870	30.5200	230.3830	0.4684	45.0100	71.0182	NOT CONNECTED	0.0000	500.0000	0.0000	6409.0660	-0.0125	-0.0000	0.0349	0.0348	-1.6774	-0.0595	-1.8259	0.0156	-11.5937	92.4145	317.4770	33.2021	73.5231	1.6542	1.2432	87.7741
107.5191	6160.0000	0.0190	1.2283	0.0000	116.8340	26.8100	230.4210	0.4347	41.3800	71.0554	NOT CONNECTED	0.0000	500.0000	0.0000	6093.6641	-0.0076	0.0065	0.0348	0.0348	-1.6805	-0.0720	-1.8686	-0.0363	-11.4305	92.9470	317.6201	33.3066	73.5482	1.8510	1.2206	87.6859
107.7427	6160.0000	0.0190	1.2283	0.0000	116.8340	26.8100	230.4210	0.4347	41.3800	71.0554	NOT CONNECTED	0.0000	500.0000	0.0000	6093.6641	-0.0076	0.0065	0.0348	0.0348	-1.6805	-0.0720	-1.8686	-0.0363	-11.4305	92.9470	317.6201	33.3066	73.5482	1.8510	1.2206	87.6859
108.1238	5788.0000	0.0220	1.2289	0.0000	112.1460	25.4100	230.4390	0.4204	39.8600	71.0530	NOT CONNECTED	0.0000	500.0000	0.0000	5813.7754	0.0211	-0.0000	0.0349	0.0348	-1.9257	0.1459	-1.9024	-0.0552	-12.2871	89.8711	317.6729	31.7098	73.5673	1.6939	1.2221	87.6859
108.4838	5788.0000	0.0220	1.2289	0.0000	112.1460	25.4100	230.4390	0.4204	39.8600	71.0530	NOT CONNECTED	0.0000	500.0000	0.0000	5541.7400	0.0430	-0.0000	0.0350	0.0348	-2.2550	0.2069	-1.9816	0.0765	-11.2198	73.2371	317.5070	31.0620	73.5887	1.6932	1.2500	87.5972
108.7298	5788.0000	0.0220	1.2289	0.0000	112.1460	25.4100	230.4390	0.4204	39.8600	71.0530	NOT CONNECTED	0.0000	500.0000	0.0000	5541.7400	0.0430	-0.0000	0.0350	0.0348	-2.2550	0.2069	-1.9816	0.0765	-11.2198	73.2371	317.5070	31.0620	73.5887	1.6932	1.2500	87.5972
109.2477	5455.0000	0.0170	1.2567	0.0000	104.2610	27.7200	230.4680	0.4417	42.3300	71.0772	NOT CONNECTED	0.0000	500.0000	0.0000	5259.5607	-0.0118	-0.0000	0.0349	0.0348	-1.8341	0.0256	-1.2974	0.0683	-13.0897	68.0542	317.4959	28.3822	73.6272	1.2852	1.2583	87.5077
109.3357	5455.0000	0.0170	1.2567	0.0000	104.2610	27.7200	230.4680	0.4417	42.3300	71.0772	NOT CONNECTED	0.0000	500.0000	0.0000	5259.5607	-0.0118	-0.0000	0.0349	0.0348	-1.8341	0.0256	-1.2974	0.0683	-13.0897	68.0542	317.4959	28.3822	73.6272	1.2852	1.2583	87.5077
109.9408	5105.0000	0.0180	1.2627	0.0000	100.0350	26.8700	230.4860	0.4338	41.4900	71.1057	NOT CONNECTED	0.0000	500.0000	0.0000	4988.7993	-0.0274	-0.0000	0.0349	0.0348	-1.2874	-0.1902	-2.2049	0.0605	-10.8871	65.4132	317.4637	31.5102	73.6686	1.7326	1.2689	87.5077
109.9930	5105.0000	0.0180	1.2627	0.0000	100.0350	26.8700	230.4860	0.4338	41.4900	71.1057	NOT CONNECTED	0.0000	500.0000	0.0000	4988.7993	-0.0274	-0.0000	0.0349	0.0348	-1.2874	-0.1902	-2.2049	0.0605	-10.8871	65.4132	317.4637	31.5102	73.6686	1.7326	1.2689	87.5077
110.5461	4770.0000	0.0140	1.2651	0.0000	91.7440	27.1200	230.5210	0.4337	41.6200	71.1119	NOT CONNECTED	0.0000	500.0000	0.0000	4743.8069	-0.0076	-0.0000	0.0349	0.0348	-1.4004	-0.0871	-1.6508	-0.0861	-9.6111	74.1114	317.5840	31.9204	73.7119	1.2920	1.2627	87.5965
110.7422	4770.0000	0.0140	1.2651	0.0000	91.7440	27.1200	230.5210	0.4337	41.6200	71.1119	NOT CONNECTED	0.0000	500.0000	0.0000	4743.8069	-0.0076	-0.0000	0.0349	0.0348	-1.4004	-0.0871	-1.6508	-0.0861	-9.6111	74.1114	317.5840	31.9204	73.7119	1.2920	1.2627	87.5965
111.1524	4400.0000	0.0440	1.2646	0.0000	87.6950	26.1300	230.5370	0.4246	40.7000	71.1586	NOT CONNECTED	0.0000	500.0000	0.0000	4433.0913	-0.0358	-0.0000	0.0350	0.0348	-1.2542	-0.1607	-1.3715	-0.2102	-11.7090	59.6931	318.4622	19.1027	73.7545	1.4205	1.2842	87.6834
111.4825	4400.0000	0.0440	1.2646	0.0000	87.6950	26.1300	230.5370	0.4246	40.7000	71.1586	NOT CONNECTED	0.0000	500.0000	0.0000	4078.7107	0.0324	-0.0000	0.0349	0.0348	-2.3040	0.1705	-1.9884	-0.1575	-9.9956	47.4537	318.7430	17.3192	73.8071	1.1241	1.2926	87.6834
111.7578	4400.0000	0.0440	1.2646	0.0000	87.6950	26.1300	230.5370	0.4246	40.7000	71.1586	NOT CONNECTED	0.0000	500.0000	0.0000	4078.7107	0.0324	-0.0000	0.0349	0.0348	-2.3040	0.1705	-1.9884	-0.1575	-9.9956	47.4537	318.7430	17.3192	73.8071	1.1241	1.2926	87.6834
112.2478	3968.0000	0.0490	1.2906	0.0000	77.4590	12.4900	230.5710	0.2971	26.7300	71.2262	NOT CONNECTED	0.0000	500.0000	0.0000	3756.2593	0.0175	-0.0000	0.0350	0.0348	-1.8878	0.1405	-2.0658	-0.1833	-9.5419	47.9686	318.0637	21.9300	73.8599	1.1221	1.2801	87.7709
112.3626	3968.0000	0.0490	1.2906	0.0000	77.4590	12.4900	230.5710	0.2971	26.7300	71.2262	NOT CONNECTED	0.0000	500.0000	0.0000	3756.2593	0.0175	-0.0000	0.0350	0.0348	-1.8878	0.1405	-2.0658	-0.1833	-9.5419	47.9686	318.0637	21.9300	73.8599	1.1221	1.2801	87.7709
112.9690	3571.0000	0.0430	1.2763	0.0000	72.2950	18.5700	230.5790	0.3521	32.6700	71.2786	NOT CONNECTED	0.0000	500.0000	0.0000	3423.2736	-0.0077	-0.1031	0.0351	0.0348	-1.8315	0.0235	-2.2682	-0.0857	-11.5067	56.7560	318.2702	22.7226	73.9115	2.0299	1.2840	87.7709
112.9807	3571.0000	0.0430	1.2763	0.0000	72.2950	18.5700	230.5790	0.3521	32.6700	71.2786	NOT CONNECTED	0.0000	500.0000	0.0000	3423.2736	-0.0077	-0.1031	0.0351	0.0348	-1.8315	0.0235	-2.2682	-0.0857	-11.5067	56.7560	318.2702	22.7226	73.9115	2.0299	1.2840	87.7709
113.5752	3199.0000	0.0450	1.2756	0.0000	62.8710	19.5400	230.6040	0.3573	33.5000	71.3009	NOT CONNECTED	0.0000	500.0000	0.0000	3059.8035	0.0171	-0.0000	0.0345	0.0348	-2.1416	0.1164	-1.4637	-0.0617	-9.5357	52.4271	318.0781	20.7527	73.9587	1.6268	1.2821	87.8520
113.7415	3199.0000	0.0450	1.2756	0.0000	62.8710	19.5400	230.6040	0.3573	33.5000	71.3009	NOT CONNECTED	0.0000	500.0000	0.0000	3059.8035	0.0171	-0.0000	0.0345	0.0348	-2.1416	0.1164	-1.4637	-0.0617	-9.5357	52.4271	318.0781	20.7527	73.9587	1.6268	1.2821	87.8520
114.1807	2819.0000	0.0460	1.2764	0.0000	58.2830	19.8000	230.6120	0.3555	33.3000	71.3779	NOT CONNECTED	0.0000	500.0000	0.0000	2777.2122	-0.0190	-0.0000	0.0345	0.0349	-1.2947	-0.1362	-1.1419	-0.0965	-9.0114	45.2770	318.2135	24.0923	74.0065	1.6153	1.2822	87.9283
114.4758	2819.0000	0.0460	1.2764	0.0000	58.2830	19.8000	230.6120	0.3555	33.3000	71.3779	NOT CONNECTED	0.0000	500.0000	0.0000	2777.2122	-0.0190	-0.0000	0.0345	0.0349	-1.2947	-0.1362	-1.1419	-0.0965	-9.0114	45.2770	318.2135	24.0923	74.0065	1.6153	1.2822	87.9283
114.7852	2819.0000	0.0460	1.2764	0.0000	58.2830	19.8000	230.6120	0.3555	33.3000	71.3779	NOT CONNECTED	0.0000	500.0000	0.0000	2455.5663	0.0081	-0.0138	0.0346	0.0348	-1.3729	-0.0080	-1.3819	0.0149	-11.2965	35.0926	318.2080	24.2415	74.0546	1.6536	1.2811	87.9283
115.3912	2176.0000	0.0410	1.2674	0.0000	44.3770	20.4300	230.6340	0.3591	33.8000	71.4763	NOT CONNECTED	0.0000	500.0000	0.0000	2194.0669	-0.0961	-0.0000	0.0346	0.0351	-2.3011	-0.3524	-1.1587	-0.0701	-5.9812	4.4262	318.1189	22.9980	74.0972	1.4037	1.2750	88.0012
115.7390	2176.0000	0.0410	1.2674	0.0000	44.3770	20.4300	230.6340	0.3591	33.8000	71.4763	NOT CONNECTED	0.0000	500.0000	0.0000	1865.0259	0.0017	-0.0000	0.0346	0.0348	-1.4543	-0.0096	-1.2355	-0.2043	-6.8260	19.8346	317.9487	26.2993	74.1397	1.3070	1.2769	88.0012
115.9961	2176.0000	0.0410	1.2674	0.0000	44.3770	20.4300	230.6340	0.3591	33.8000	71.4763	NOT CONNECTED	0.0000	500.0000	0.0000	1865.0259	0.0017	-0.0000	0.0346	0.0348	-1.4543	-0.0096	-1.2355	-0.2043	-6.8260	19.8346	317.9487	26.2993	74.1397	1.3070	1.2769	88.0012
116.4825	1805.0000	0.0480	1.2647	0.0000	39.8040	21.0000	230.6400	0.3628	34.3200	71.5388	NOT CONNECTED	0.0000	500.0000	0.0000	1535.8457	0.0059	0.0379	0.0350	0.0348	-2.0223	0.0659	-1.9543	-0.0119	-8.7256	19.6944	317.6928	23.6446	74.1796	1.9477	1.2628	88.0678
116.6021	1805.0000	0.0480	1.2647	0.0000	39.8040	21.0000	230.6400	0.3628	34.3200	71.5388	NOT CONNECTED	0.0000	500.0000	0.0000	1535.8457	0.0059	0.0379	0.0350	0.0348	-2.0223	0.0659	-1.9543	-0.0119	-8.7256	19.6944	317.6928	23.6446	74.1796	1.9477	1.2628	88.0678
117.2079	1414.0000	0.0470	1.2379	0.0000	30.0190	21.5800	230.6460	0.3640	34.6000	71.6220	NOT CONNECTED	0.0000	500.0000	0.0000	1240.1466	0.0320	0.0241	0.0348	0.0349	-1.9286	0.1807	-1.6173	-0.1089	-12.4862	16.5031	317.9770	26.2474	74.2072	1.6453	1.2410	88.1295
117.2444	1414.0000	0.0470	1.2379	0.0000	30.0190	21.5800	230.6460	0.3640	34.6000	71.6220	NOT CONNECTED	0.0000	500.0000	0.0000	1240.1466	0.0320	0.0241	0.0348	0.0349	-1.9286	0.1807	-1.6173	-0.1089	-12.4862	16.5031	317.9770	26.2474	74.2072	1.6453	1.2410	88.1295
117.8137	1028.0000	0.0500	1.2316	0.0000	25.8320	22.1700	230.6440	0.3672	34.9700	71.6742	NOT CONNECTED	0.0000	500.0000	0.0000	956.9516	-0.0504	-0.0682	0.0352	0.0349	-1.9474	-0.2255	-1.9565	-0.0825	-13.1412	12.7406	317.7949	24.2793	74.2312	1.8501	1.2424	88.1295
117.9862	1028.0000	0.0500	1.2316	0.0000	25.8320	22.1700	230.6440	0.3672	34.9700	71.6742	NOT CONNECTED	0.0000	500.0000	0.0000	956.9516	-0.0504	-0.0682	0.0352	0.0349	-1.9474	-0.2255	-1.9565	-0.0825	-13.1412	12.7406	317.7949	24.2793	74.2312	1.8501	1.2424	88.1295
118.4196	659.0000	0.0500	1.2170	0.0000	18.3670	23.8500	230.6370	0.3788	36.2700	71.7458	NOT CONNECTED	0.0000	500.0000	0.0000	651.5972	-0.0211	-0.0510	0.0352	0.0349	-1.4663	-0.1145	-1.9341	-0.1049	-11.9806	7.8000	317.7988	28.8015	74.2519	1.8460	1.2225	88.1805
118.7412	659.0000	0.0500	1.2170	0.0000	18.3670	23.8500	230.6370	0.3788	36.2700	71.7458	NOT CONNECTED	0.0000	500.0000	0.0000	339.2632	-0.0304	0.0045	0.0355	0.0349	-1.7480	-0.1436	-1.9663	0.0097	-9.9277	4.5821	317.4233	26.1784	74.2655	1.9442	1.2288	88.1805
119.0249	659.0000	0.0500	1.2170	0.0000	18.3670	23.8500	230.6370	0.3788	36.2700	71.7458	NOT CONNECTED	0.0000	500.0000	0.0000	339.2632	-0.0304	0.0045	0.0355	0.0349	-1.7480	-0.1436	-1.9663	0.0097	-9.9277	4.5821	317.4233	26.1784	74.2655	1.9442	1.2288	88.1805
119.4823	284.0000	0.0480	1.2053	0.0000	15.3030	24.6400	230.6330	0.3844	36.9400	71.7571	NOT CONNECTED	0.0000	500.0000	0.0000	0.0000	0.0000	0.0000	0.0672	0.0350	-1.8853	0.2396	-1.8977	0.1020	-12.1243	4.4024	321.7370	0.0000	74.2395	1.9005	0.7876	88.2253
119.6305	284.0000	0.0480	1.2053	0.0000	15.3030	24.6400	230.6330	0.3844	36.9400	71.7571	NOT CONNECTED	0.0000	500.0000	0.0000	0.0000	0.0000	0.0000	0.0672	0.0350	-1.8853	0.2396	-1.8977	0.1020	-12.1243	4.4024	321.7370	0.0000	74.2395	1.9005	0.7876	88.2253
120.2287	12.0000	0.0020	0.0000	0.0000	0.0000	-0.0100	230.6360	0.0303	1.7700	71.7396	NOT CONNECTED	0.0000	500.0000	0.0000	0.0000	0.0000	0.0000	0.0672	0.0350	-1.8853	0.2396	-1.8977	0.1020	-12.1243	4.4024	321.7573	0.0000	73.9440	1.9005	0.0056	88.2493
120.2362	12.0000	0.0020	0.0000	0.0000	0.0000	-0.0100	230.6360	0.0303	1.7700	71.7396	NOT CONNECTED	0.0000	500.0000	0.0000	0.0000	0.0000	0.0000	0.0672	0.0350	-1.8853	0.2396	-1.8977	0.1020	-12.1243	4.4024	321.7573	0.0000	73.9440	1.9005	0.0056	88.2493
120.8412	0.0000	-0.0010	0.0000	0.0000	0.0000	-0.0100	230.6190	0.0302	1.7800	71.6493	NOT CONNECTED	0.0000	500.0000	0.0000	0.0000	0.0000	0.0000	0.0672	0.0350	-1.8853	0.2396	-1.8977	0.1020	-12.1243	4.4024	321.7383	0.0000	73.6473	1.9005	0.0057	88.2493
120.9609	0.0000	-0.0010	0.0000	0.0000	0.0000	-0.0100	230.6190	0.0302	1.7800	71.6493	NOT CONNECTED	0.0000	500.0000	0.0000	0.0000	0.0000	0.0000	0.0672	0.0350	-1.8853	0.2396	-1.8977	0.1020	-12.1243	4.4024	321.7383	0.0000	73.6473	1.9005	0.0057	88.2493
121.4461	0.0000	-0.0010	0.0000	0.0000	0.0000	-0.0100	230.6030	0.0301	1.7600	71.5112	NOT CONNECTED	0.0000	500.0000	0.0000	0.0000	0.0000	0.0000	0.0672	0.0350	-1.8853	0.2396	-1.8977	0.1020	0.0000	0.0000	321.6734	0.0000	73.3633	1.9005	0.0050	88.1403
121.7331	0.0000	-0.0010	0.0000	0.0000	0.0000	-0.0100	230.6030	0.0301	1.7600	71.5112	NOT CONNECTED	0.0000	500.0000	0.0000	0.0000	0.0000	0.0000	0.0672	0.0350	-1.8853	0.2396	-1.8977	0.1020	0.0000	0.0000	321.6734	0.0000	73.3633	1.9005	0.0050	88.1403
122.0520	0.0000	-0.0010	0.0000	0.0000	0.0000	-0.0100	230.6030	0.0301	1.7600	71.5112	NOT CONNECTED	0.0000	500.0000	0.0000	0.0000	0.0000	0.0000	0.0672	0.0350	-1.8853	0.2396	-1.8977	0.1020	0.0000	0.0000	321.6463	0.0000	73.0909	1.9005	0.0050	88.1403
122.4800	0.0000	-0.0000	0.0000	0.0000	0.0000	-0.0100	230.5720	0.0000	1.6300	71.3807	NOT CONNECTED	0.0000	500.0000	0.0000	0.0000	0.0000	0.0000	0.0672	0.0350	-1.8853	0.2396	-1.8977	0.1020	0.0000	0.0000	321.6125	0.0000	72.8289	1.9005	0.0047	88.0318
122.6570	0.0000	-0.0000	0.0000	0.0000	0.0000	-0.0100	230.5720	0.0000	1.6300	71.3807	NOT CONNECTED	0.0000	500.0000	0.0000	0.0000	0.0000	0.0000	0.0672	0.0350	-1.8853	0.2396	-1.8977	0.1020	0.0000	0.0000	321.6125	0.0000	72.8289	1.9005	0.0047	88.0318
123.2442	0.0000	-0.0000	0.0000	0.0000	0.0000	-0.0100	230.5380	0.0000	1.6400	71.2816	NOT CONNECTED	0.0000	500.0000	0.0000	0.0000	0.0000	0.0000	0.0672	0.0350	-1.8853	0.2396	-1.8977	0.1020	0.0000	0.0000	321.5948	0.0000	72.5665	1.9005	0.0045	87.9237
123.2626	NOT CONNECTED	NOT CONNECTED	NOT CONNECTED	NOT CONNECTED	NOT CONNECTED	NOT CONNECTED	NOT CONNECTED	NOT CONNECTED	NOT CONNECTED	NOT CONNECTED	NOT CONNECTED	0.0000	500.0000	0.0000	0.0000	0.0000	0.0000	0.0672	0.0350	-1.8853	0.2396	-1.8977	0.1020	0.0000	0.0000	321.5948	0.0000	72.5665	1.9005	0.0045	87.9237
