Time	speed	torque	motor_current	motor_current_thd	motor_voltage	motor_power	line_voltage	line_current	line_power	motor_temperature	Test_Marker	BD_Target_Speed	BD_Target_Accel	BD_Update_Cmd	Mcl_Quantities.Speed_Rot_Mech	Mcl_Quantities.Torque	Mcl_Quantities.Torque_Ref	Mcl_Quantities.Stator_Flux_Mag	Mcl_Quantities.Flux_Ref	Mcl_Quantities.Id_stator_current	Mcl_Quantities.Iq_stator_current	Mcl_Quantities.Id_rotor_current	Rotor_Curr_Iq	Flux_Controller.Out	Torque_Controller.Out	DC_Bus_RMS	Mcl_Quantities.Electrical_Power	Mcl_Quantities.Stator_Temperature	Mcl_Quantities.Is_Abs	Mcl_Quantities.IsRMS	SR_Overheating_Temp
0.7342	0.0000	-0.0140	0.0000	0.0000	0.0000	-0.0100	230.5120	0.0000	1.6500	71.5538	NOT CONNECTED	NOT CONNECTED	NOT CONNECTED	NOT CONNECTED	NOT CONNECTED	NOT CONNECTED	NOT CONNECTED	NOT CONNECTED	NOT CONNECTED	NOT CONNECTED	NOT CONNECTED	NOT CONNECTED	NOT CONNECTED	NOT CONNECTED	NOT CONNECTED	NOT CONNECTED	NOT CONNECTED	NOT CONNECTED	NOT CONNECTED	NOT CONNECTED	NOT CONNECTED
1.4710	0.0000	-0.0140	0.0000	0.0000	0.0000	-0.0100	230.5430	0.0000	1.6500	71.3758	NOT CONNECTED	NOT CONNECTED	NOT CONNECTED	NOT CONNECTED	NOT CONNECTED	NOT CONNECTED	NOT CONNECTED	NOT CONNECTED	NOT CONNECTED	NOT CONNECTED	NOT CONNECTED	NOT CONNECTED	NOT CONNECTED	NOT CONNECTED	NOT CONNECTED	NOT CONNECTED	NOT CONNECTED	NOT CONNECTED	NOT CONNECTED	NOT CONNECTED	NOT CONNECTED
2.2179	0.0000	-0.0140	0.0000	0.0000	0.0000	-0.0100	230.5590	0.0000	1.6700	71.2268	NOT CONNECTED	NOT CONNECTED	NOT CONNECTED	NOT CONNECTED	NOT CONNECTED	NOT CONNECTED	NOT CONNECTED	NOT CONNECTED	NOT CONNECTED	NOT CONNECTED	NOT CONNECTED	NOT CONNECTED	NOT CONNECTED	NOT CONNECTED	NOT CONNECTED	NOT CONNECTED	NOT CONNECTED	NOT CONNECTED	NOT CONNECTED	NOT CONNECTED	NOT CONNECTED
2.8268	0.0000	-0.0140	0.0000	0.0000	0.0000	-0.0100	230.5810	0.0000	1.6600	71.1087	NOT CONNECTED	0.0000	500.0000	0.0000	0.0000	0.0000	0.0000	0.0672	0.0359	-1.9293	0.5071	-1.9835	0.2130	0.0000	0.0000	321.7194	0.0000	71.6827	1.9949	0.0205	102.2082
2.9619	0.0000	-0.0140	0.0000	0.0000	0.0000	-0.0100	230.5810	0.0000	1.6600	71.1087	NOT CONNECTED	0.0000	500.0000	0.0000	0.0000	0.0000	0.0000	0.0672	0.0359	-1.9293	0.5071	-1.9835	0.2130	0.0000	0.0000	321.7194	0.0000	71.6827	1.9949	0.0205	102.2082
3.4163	0.0000	-0.0140	0.0000	0.0000	0.0000	-0.0100	230.5910	0.0000	1.6500	70.9514	NOT CONNECTED	0.0000	500.0000	0.0000	0.0000	0.0000	0.0000	0.0672	0.0359	-1.9293	0.5071	-1.9835	0.2130	0.0000	0.0000	321.7438	0.0000	71.4112	1.9949	0.0046	102.0340
3.7021	0.0000	-0.0140	0.0000	0.0000	0.0000	-0.0100	230.5910	0.0000	1.6500	70.9514	NOT CONNECTED	0.0000	500.0000	0.0000	0.0000	0.0000	0.0000	0.0672	0.0359	-1.9293	0.5071	-1.9835	0.2130	0.0000	0.0000	321.7438	0.0000	71.4112	1.9949	0.0046	102.0340
4.0217	0.0000	-0.0140	0.0000	0.0000	0.0000	-0.0100	230.5910	0.0000	1.6500	70.9514	NOT CONNECTED	0.0000	500.0000	0.0000	0.0000	0.0000	0.0000	0.0672	0.0359	-1.9293	0.5071	-1.9835	0.2130	0.0000	0.0000	321.7546	0.0000	71.1596	1.9949	0.0046	102.0340
4.4384	0.0000	-0.0140	0.0000	0.0000	0.0000	-0.0100	230.6100	0.0000	1.6600	70.8021	NOT CONNECTED	0.0000	500.0000	0.0000	0.0000	0.0000	0.0000	0.0672	0.0359	-1.9293	0.5071	-1.9835	0.2130	0.0000	0.0000	321.7952	0.0000	70.8952	1.9949	0.0048	101.8606
4.6274	0.0000	-0.0140	0.0000	0.0000	0.0000	-0.0100	230.6100	0.0000	1.6600	70.8021	NOT CONNECTED	0.0000	500.0000	0.0000	0.0000	0.0000	0.0000	0.0672	0.0359	-1.9293	0.5071	-1.9835	0.2130	0.0000	0.0000	321.7952	0.0000	70.8952	1.9949	0.0048	101.8606
5.1705	0.0000	-0.0140	0.0000	0.0000	0.0000	-0.0100	230.6190	0.0000	1.6700	70.6708	NOT CONNECTED	0.0000	500.0000	0.0000	0.0000	0.0000	0.0000	0.0672	0.0359	-1.9293	0.5071	-1.9835	0.2130	0.0000	0.0000	321.8181	0.0000	70.6500	1.9949	0.0047	101.6881
5.2331	0.0000	-0.0140	0.0000	0.0000	0.0000	-0.0100	230.6190	0.0000	1.6700	70.6708	NOT CONNECTED	0.0000	500.0000	0.0000	0.0000	0.0000	0.0000	0.0672	0.0359	-1.9293	0.5071	-1.9835	0.2130	0.0000	0.0000	321.8181	0.0000	70.6500	1.9949	0.0047	101.6881
5.8388	0.0000	-0.0140	0.0000	0.0000	0.0000	-0.0100	230.6250	0.0000	1.6500	70.5075	NOT CONNECTED	0.0000	500.0000	0.0000	0.0000	0.0000	0.0000	0.0672	0.0359	-1.9293	0.5071	-1.9835	0.2130	0.0000	0.0000	321.7803	0.0000	70.4128	1.9949	0.0050	101.6881
5.9068	0.0000	-0.0140	0.0000	0.0000	0.0000	-0.0100	230.6250	0.0000	1.6500	70.5075	NOT CONNECTED	0.0000	500.0000	0.0000	0.0000	0.0000	0.0000	0.0672	0.0359	-1.9293	0.5071	-1.9835	0.2130	0.0000	0.0000	321.7803	0.0000	70.4128	1.9949	0.0050	101.6881
6.4449	0.0000	-0.0140	0.0000	0.0000	0.0000	-0.0100	230.6330	0.0000	1.6500	70.3824	NOT CONNECTED	0.0000	500.0000	0.0000	0.0000	0.0000	0.0000	0.0672	0.0359	-1.9293	0.5071	-1.9835	0.2130	0.0000	0.0000	321.8209	0.0000	70.1835	1.9949	0.0048	101.5166
6.6502	0.0000	-0.0140	0.0000	0.0000	0.0000	-0.0100	230.6330	0.0000	1.6500	70.3824	NOT CONNECTED	0.0000	500.0000	0.0000	0.0000	0.0000	0.0000	0.0672	0.0359	-1.9293	0.5071	-1.9835	0.2130	0.0000	0.0000	321.8209	0.0000	70.1835	1.9949	0.0048	101.5166
7.0512	0.0000	-0.0140	0.0000	0.0000	0.0000	-0.0100	230.6340	0.0000	1.6500	70.2596	NOT CONNECTED	0.0000	500.0000	0.0000	0.0000	0.0000	0.0000	0.0672	0.0359	-1.9293	0.5071	-1.9835	0.2130	0.0000	0.0000	321.8114	0.0000	69.9526	1.9949	0.0048	101.5166
7.3877	0.0000	-0.0140	0.0000	0.0000	0.0000	-0.0100	230.6340	0.0000	1.6500	70.2596	NOT CONNECTED	0.0000	500.0000	0.0000	0.0000	0.0000	0.0000	0.0672	0.0359	-1.9293	0.5071	-1.9835	0.2130	0.0000	0.0000	321.8330	0.0000	69.7383	1.9949	0.0047	101.3459
7.6556	0.0000	-0.0140	0.0000	0.0000	0.0000	-0.0100	230.6340	0.0000	1.6500	70.2596	NOT CONNECTED	0.0000	500.0000	0.0000	0.0000	0.0000	0.0000	0.0672	0.0359	-1.9293	0.5071	-1.9835	0.2130	0.0000	0.0000	321.8330	0.0000	69.7383	1.9949	0.0047	101.3459
8.1227	0.0000	-0.0140	0.0000	0.0000	0.0000	-0.0100	230.6350	0.0000	1.6500	70.1043	NOT CONNECTED	0.0000	500.0000	0.0000	0.0000	0.0000	0.0000	0.0672	0.0359	-1.9293	0.5071	-1.9835	0.2130	0.0000	0.0000	321.8236	0.0000	69.5310	1.9949	0.0045	101.1761
8.2610	0.0000	-0.0140	0.0000	0.0000	0.0000	-0.0100	230.6350	0.0000	1.6500	70.1043	NOT CONNECTED	0.0000	500.0000	0.0000	0.0000	0.0000	0.0000	0.0672	0.0359	-1.9293	0.5071	-1.9835	0.2130	0.0000	0.0000	321.8236	0.0000	69.5310	1.9949	0.0045	101.1761
8.8633	0.0000	-0.0140	0.0000	0.0000	0.0000	-0.0100	230.6370	0.0000	1.6400	69.9577	NOT CONNECTED	0.0000	500.0000	0.0000	0.0000	0.0000	0.0000	0.0672	0.0359	-1.9293	0.5071	-1.9835	0.2130	0.0000	0.0000	321.7938	0.0000	69.3222	1.9949	0.0048	101.1761
8.8826	0.0000	-0.0140	0.0000	0.0000	0.0000	-0.0100	230.6370	0.0000	1.6400	69.9577	NOT CONNECTED	0.0000	500.0000	0.0000	0.0000	0.0000	0.0000	0.0672	0.0359	-1.9293	0.5071	-1.9835	0.2130	0.0000	0.0000	321.7938	0.0000	69.3222	1.9949	0.0048	101.1761
9.5047	0.0000	-0.0140	0.0000	0.0000	0.0000	-0.0100	230.6350	0.0000	1.6400	69.8174	NOT CONNECTED	0.0000	500.0000	0.0000	0.0000	0.0000	0.0000	0.0672	0.0359	-1.9293	0.5071	-1.9835	0.2130	0.0000	0.0000	321.7681	0.0000	69.1204	1.9949	0.0046	101.0072
9.6019	0.0000	-0.0140	0.0000	0.0000	0.0000	-0.0100	230.6350	0.0000	1.6400	69.8174	NOT CONNECTED	0.0000	500.0000	0.0000	0.0000	0.0000	0.0000	0.0672	0.0359	-1.9293	0.5071	-1.9835	0.2130	0.0000	0.0000	321.7681	0.0000	69.1204	1.9949	0.0046	101.0072
10.1096	0.0000	-0.0140	0.0000	0.0000	0.0000	-0.0100	230.6320	0.0000	1.6300	69.6863	NOT CONNECTED	0.0000	500.0000	0.0000	0.0000	0.0000	0.0000	0.0672	0.0359	-1.9293	0.5071	-1.9835	0.2130	0.0000	0.0000	321.7790	0.0000	68.9331	1.9949	0.0047	101.0072
10.3424	0.0000	-0.0140	0.0000	0.0000	0.0000	-0.0100	230.6320	0.0000	1.6300	69.6863	NOT CONNECTED	0.0000	500.0000	0.0000	0.0000	0.0000	0.0000	0.0672	0.0359	-1.9293	0.5071	-1.9835	0.2130	0.0000	0.0000	321.7790	0.0000	68.9331	1.9949	0.0047	101.0072
10.7161	0.0000	-0.0140	0.0000	0.0000	0.0000	-0.0100	230.6250	0.0000	1.6300	69.5051	NOT CONNECTED	0.0000	500.0000	0.0000	0.0000	0.0000	0.0000	0.0672	0.0359	-1.9293	0.5071	-1.9835	0.2130	0.0000	0.0000	321.8236	0.0000	68.7518	1.9949	0.0046	100.8392
11.0767	0.0000	-0.0140	0.0000	0.0000	0.0000	-0.0100	230.6250	0.0000	1.6300	69.5051	NOT CONNECTED	0.0000	500.0000	0.0000	0.0000	0.0000	0.0000	0.0672	0.0359	-1.9293	0.5071	-1.9835	0.2130	0.0000	0.0000	321.7857	0.0000	68.5764	1.9949	0.0046	100.6720
11.3216	0.0000	-0.0140	0.0000	0.0000	0.0000	-0.0100	230.6250	0.0000	1.6300	69.5051	NOT CONNECTED	0.0000	500.0000	0.0000	0.0000	0.0000	0.0000	0.0672	0.0359	-1.9293	0.5071	-1.9835	0.2130	0.0000	0.0000	321.7857	0.0000	68.5764	1.9949	0.0046	100.6720
11.8078	0.0000	-0.0140	0.0000	0.0000	0.0000	-0.0100	230.6210	0.0000	1.6500	69.3941	NOT CONNECTED	0.0000	500.0000	0.0000	0.0000	0.0000	0.0000	0.0672	0.0359	-1.9293	0.5071	-1.9835	0.2130	0.0000	0.0000	321.7560	0.0000	68.3995	1.9949	0.0048	100.6720
11.9273	0.0000	-0.0140	0.0000	0.0000	0.0000	-0.0100	230.6210	0.0000	1.6500	69.3941	NOT CONNECTED	0.0000	500.0000	0.0000	0.0000	0.0000	0.0000	0.0672	0.0359	-1.9293	0.5071	-1.9835	0.2130	0.0000	0.0000	321.7560	0.0000	68.3995	1.9949	0.0048	100.6720
12.5447	0.0000	-0.0140	0.0000	0.0000	0.0000	-0.0100	230.6100	0.0000	1.6500	69.2236	NOT CONNECTED	0.0000	500.0000	0.0000	0.0000	0.0000	0.0000	0.0672	0.0359	-1.9293	0.5071	-1.9835	0.2130	0.0000	0.0000	321.7519	0.0000	68.2285	1.9949	0.0046	100.5056
12.5478	0.0000	-0.0140	0.0000	0.0000	0.0000	-0.0100	230.6100	0.0000	1.6500	69.2236	NOT CONNECTED	0.0000	500.0000	0.0000	0.0000	0.0000	0.0000	0.0672	0.0359	-1.9293	0.5071	-1.9835	0.2130	0.0000	0.0000	321.7519	0.0000	68.2285	1.9949	0.0046	100.5056
13.1542	0.0000	-0.0140	0.0000	0.0000	0.0000	-0.0100	230.6030	0.0000	1.6600	69.0904	NOT CONNECTED	0.0000	500.0000	0.0000	0.0000	0.0000	0.0000	0.0672	0.0359	-1.9293	0.5071	-1.9835	0.2130	0.0000	0.0000	321.7384	0.0000	68.0697	1.9949	0.0048	100.5056
13.2761	0.0000	-0.0140	0.0000	0.0000	0.0000	-0.0100	230.6030	0.0000	1.6600	69.0904	NOT CONNECTED	0.0000	500.0000	0.0000	0.0000	0.0000	0.0000	0.0672	0.0359	-1.9293	0.5071	-1.9835	0.2130	0.0000	0.0000	321.7384	0.0000	68.0697	1.9949	0.0048	100.5056
13.7591	0.0000	-0.0140	0.0000	0.0000	0.0000	-0.0100	230.6030	0.0000	1.6600	69.0904	NOT CONNECTED	0.0000	500.0000	0.0000	0.0000	0.0000	0.0000	0.0672	0.0359	-1.9293	0.5071	-1.9835	0.2130	0.0000	0.0000	321.7668	0.0000	67.9159	1.9949	0.0044	100.3401
14.2713	0.0000	-0.0140	0.0000	0.0000	0.0000	-0.0100	230.5920	0.0000	1.6400	68.8936	NOT CONNECTED	0.0000	500.0000	0.0000	0.0000	0.0000	0.0000	0.0672	0.0359	-1.9293	0.5071	-1.9835	0.2130	0.0000	0.0000	321.7154	0.0000	67.7669	1.9949	0.0047	100.1755
14.3651	0.0000	-0.0140	0.0000	0.0000	0.0000	-0.0100	230.5920	0.0000	1.6400	68.8936	NOT CONNECTED	0.0000	500.0000	0.0000	0.0000	0.0000	0.0000	0.0672	0.0359	-1.9293	0.5071	-1.9835	0.2130	0.0000	0.0000	321.7154	0.0000	67.7669	1.9949	0.0047	100.1755
14.9701	0.0000	-0.0140	0.0000	0.0000	0.0000	-0.0100	230.5750	0.0000	1.6400	68.7875	NOT CONNECTED	0.0000	500.0000	0.0000	0.0000	0.0000	0.0000	0.0672	0.0359	-1.9293	0.5071	-1.9835	0.2130	0.0000	0.0000	321.7180	0.0000	67.6225	1.9949	0.0048	100.1755
15.0125	0.0000	-0.0140	0.0000	0.0000	0.0000	-0.0100	230.5750	0.0000	1.6400	68.7875	NOT CONNECTED	0.0000	500.0000	0.0000	0.0000	0.0000	0.0000	0.0672	0.0359	-1.9293	0.5071	-1.9835	0.2130	0.0000	0.0000	321.7180	0.0000	67.6225	1.9949	0.0048	100.1755
15.5767	0.0000	-0.0140	0.0000	0.0000	0.0000	-0.0100	230.5680	0.0000	1.6400	68.6527	NOT CONNECTED	0.0000	500.0000	0.0000	0.0000	0.0000	0.0000	0.0672	0.0359	-1.9293	0.5071	-1.9835	0.2130	0.0000	0.0000	321.6869	0.0000	67.4769	1.9949	0.0047	100.0117
15.7455	0.0000	-0.0140	0.0000	0.0000	0.0000	-0.0100	230.5680	0.0000	1.6400	68.6527	NOT CONNECTED	0.0000	500.0000	0.0000	0.0000	0.0000	0.0000	0.0672	0.0359	-1.9293	0.5071	-1.9835	0.2130	0.0000	0.0000	321.6869	0.0000	67.4769	1.9949	0.0047	100.0117
16.1666	0.0000	-0.0140	0.0000	0.0000	0.0000	-0.0100	230.5480	0.0000	1.6400	68.5239	NOT CONNECTED	0.0000	500.0000	0.0000	0.0000	0.0000	0.0000	0.0672	0.0359	-1.9293	0.5071	-1.9835	0.2130	0.0000	0.0000	321.6707	0.0000	67.3416	1.9949	0.0045	99.8487
16.4764	0.0000	-0.0140	0.0000	0.0000	0.0000	-0.0100	230.5480	0.0000	1.6400	68.5239	NOT CONNECTED	0.0000	500.0000	0.0000	0.0000	0.0000	0.0000	0.0672	0.0359	-1.9293	0.5071	-1.9835	0.2130	0.0000	0.0000	321.6707	0.0000	67.3416	1.9949	0.0045	99.8487
16.7876	0.0000	-0.0140	0.0000	0.0000	0.0000	-0.0100	230.5480	0.0000	1.6400	68.5239	NOT CONNECTED	12000.0000	500.0000	0.0000	0.0000	0.0000	0.0000	0.0672	0.0359	-1.9293	0.5071	-1.9835	0.2130	0.0000	0.0000	321.6463	0.0000	67.2104	1.9949	0.0049	99.8487
17.2174	0.0000	-0.0140	0.0000	0.0000	0.0000	-0.0100	230.5360	0.0000	1.6200	68.4192	NOT CONNECTED	12000.0000	500.0000	0.0000	0.0000	0.0000	0.0000	0.0672	0.0359	-1.9293	0.5071	-1.9835	0.2130	0.0000	0.0000	321.6124	0.0000	67.0833	1.9949	0.0049	99.6865
17.3937	0.0000	-0.0140	0.0000	0.0000	0.0000	-0.0100	230.5360	0.0000	1.6200	68.4192	NOT CONNECTED	12000.0000	500.0000	0.0000	0.0000	0.0000	0.0000	0.0672	0.0359	-1.9293	0.5071	-1.9835	0.2130	0.0000	0.0000	321.6124	0.0000	67.0833	1.9949	0.0049	99.6865
17.9610	0.0000	-0.0140	0.0000	0.0000	0.0000	-0.0100	230.5140	0.0000	1.6500	68.2888	NOT CONNECTED	12000.0000	500.0000	0.0000	0.0000	0.0000	0.0000	0.0672	0.0359	-1.9293	0.5071	-1.9835	0.2130	0.0000	0.0000	321.6273	0.0000	66.9551	1.9949	0.0046	99.6865
18.0150	0.0000	-0.0140	0.0000	0.0000	0.0000	-0.0100	230.5140	0.0000	1.6500	68.2888	NOT CONNECTED	12000.0000	500.0000	0.0000	0.0000	0.0000	0.0000	0.0672	0.0359	-1.9293	0.5071	-1.9835	0.2130	0.0000	0.0000	321.6273	0.0000	66.9551	1.9949	0.0046	99.6865
18.6205	0.0000	-0.0140	0.0000	0.0000	0.0000	-0.0100	230.5010	0.0000	1.6300	68.1511	NOT CONNECTED	12000.0000	500.0000	0.0000	0.0000	0.0000	0.0000	0.0672	0.0359	-1.9293	0.5071	-1.9835	0.2130	0.0000	0.0000	321.5772	0.0000	66.8358	1.9949	0.0045	99.5252
18.6903	0.0000	-0.0140	0.0000	0.0000	0.0000	-0.0100	230.5010	0.0000	1.6300	68.1511	NOT CONNECTED	12000.0000	500.0000	0.0000	0.0000	0.0000	0.0000	0.0672	0.0359	-1.9293	0.5071	-1.9835	0.2130	0.0000	0.0000	321.5772	0.0000	66.8358	1.9949	0.0045	99.5252
19.2264	0.0000	-0.0140	0.0000	0.0000	0.0000	-0.0100	230.4780	0.0000	1.6500	68.0392	NOT CONNECTED	12000.0000	500.0000	0.0000	0.0000	0.0000	0.0000	0.0672	0.0359	-1.9293	0.5071	-1.9835	0.2130	0.0000	0.0000	321.5407	0.0000	66.7155	1.9949	0.0046	99.3647
19.4391	0.0000	-0.0140	0.0000	0.0000	0.0000	-0.0100	230.4780	0.0000	1.6500	68.0392	NOT CONNECTED	12000.0000	500.0000	0.0000	0.0000	0.0000	0.0000	0.0672	0.0359	-1.9293	0.5071	-1.9835	0.2130	0.0000	0.0000	321.5407	0.0000	66.7155	1.9949	0.0046	99.3647
19.8157	0.0000	-0.0070	0.0000	0.0000	0.0000	-0.0100	230.4660	0.0000	1.6400	67.9025	NOT CONNECTED	12000.0000	500.0000	0.0000	0.0000	0.0000	0.0000	0.0672	0.0359	-1.9293	0.5071	-1.9835	0.2130	0.0000	0.0000	321.5515	0.0000	66.6035	1.9949	0.0044	99.3647
20.1750	0.0000	-0.0070	0.0000	0.0000	0.0000	-0.0100	230.4660	0.0000	1.6400	67.9025	NOT CONNECTED	12000.0000	500.0000	0.0000	0.0000	0.0000	0.0000	0.0672	0.0359	-1.9293	0.5071	-1.9835	0.2130	0.0000	0.0000	321.5001	0.0000	66.4993	1.9949	0.0046	99.2049
20.4215	0.0000	-0.0070	0.0000	0.0000	0.0000	-0.0100	230.4660	0.0000	1.6400	67.9025	NOT CONNECTED	12000.0000	500.0000	0.0000	0.0000	0.0000	0.0000	0.0672	0.0359	-1.9293	0.5071	-1.9835	0.2130	0.0000	0.0000	321.5001	0.0000	66.4993	1.9949	0.0046	99.2049
20.9462	0.0000	0.0000	0.5402	0.0000	5.2840	6.0400	230.4470	0.1476	11.6300	67.9365	NOT CONNECTED	12000.0000	500.0000	0.0000	0.0000	0.0000	0.0000	0.0672	0.0359	-1.9293	0.5071	-1.9835	0.2130	0.0000	0.0000	321.5001	0.0000	66.4993	1.9949	0.0046	99.2049
21.6848	0.0000	0.0000	2.0082	0.0000	18.5000	83.8600	230.3720	0.9147	107.9700	68.0986	NOT CONNECTED	12000.0000	500.0000	0.0000	0.0000	0.0000	0.0000	0.0672	0.0359	-1.9293	0.5071	-1.9835	0.2130	0.0000	0.0000	321.5001	0.0000	66.4993	1.9949	0.0046	99.2049
22.4417	0.0000	-0.0000	0.6571	0.0000	5.8480	8.7300	230.4120	0.1886	16.8400	68.2608	NOT CONNECTED	12000.0000	500.0000	0.0000	-0.1100	-0.0190	0.0000	0.1095	0.0359	1.0030	-0.0297	0.9788	-0.0353	7.7549	0.0000	318.7701	11.5214	67.8661	0.9793	1.0687	99.0237
23.1794	267.0000	-0.1130	0.6457	0.0000	7.7230	8.6700	230.3790	0.1835	16.3300	68.3110	NOT CONNECTED	12000.0000	500.0000	0.0000	-0.1100	-0.0190	0.0000	0.1095	0.0359	1.0030	-0.0297	0.9788	-0.0353	7.7549	0.0000	318.7701	11.5214	67.8661	0.9793	1.0687	99.0237
23.7848	629.0000	-0.1060	0.3731	0.0000	13.6700	6.4500	230.3640	0.1526	13.0200	68.3520	NOT CONNECTED	12000.0000	500.0000	0.0000	34.7692	0.0846	0.1234	0.0807	0.0806	0.8904	0.1741	0.8977	0.3676	7.5266	4.8944	318.8039	11.3840	64.3599	0.9406	0.6233	99.0237
23.9561	629.0000	-0.1060	0.3731	0.0000	13.6700	6.4500	230.3640	0.1526	13.0200	68.3520	NOT CONNECTED	12000.0000	500.0000	0.0000	34.7692	0.0846	0.1234	0.0807	0.0806	0.8904	0.1741	0.8977	0.3676	7.5266	4.8944	318.8039	11.3840	64.3599	0.9406	0.6233	99.0237
24.3899	1025.0000	-0.1090	0.2521	0.0000	30.6000	11.7100	230.3380	0.1990	18.0700	68.3918	NOT CONNECTED	12000.0000	500.0000	0.0000	352.1019	0.1305	0.1528	0.0711	0.0709	0.1752	0.3077	0.0448	0.3061	0.9322	13.2990	319.4897	5.8393	64.2892	0.3398	0.6833	99.1582
24.7051	1025.0000	-0.1090	0.2521	0.0000	30.6000	11.7100	230.3380	0.1990	18.0700	68.3918	NOT CONNECTED	12000.0000	500.0000	0.0000	662.2162	0.1429	0.1187	0.0708	0.0709	0.1455	0.3385	0.1634	0.2934	1.2513	22.2753	318.7822	10.2148	64.1593	0.3418	0.2478	99.1582
24.9953	1025.0000	-0.1090	0.2521	0.0000	30.6000	11.7100	230.3380	0.1990	18.0700	68.3918	NOT CONNECTED	12000.0000	500.0000	0.0000	662.2162	0.1429	0.1187	0.0708	0.0709	0.1455	0.3385	0.1634	0.2934	1.2513	22.2753	318.7822	10.2148	64.1593	0.3418	0.2478	99.1582
25.4604	1398.0000	-0.1100	0.2685	0.0000	48.7950	19.5000	230.3130	0.2758	26.7700	68.3830	NOT CONNECTED	12000.0000	500.0000	0.0000	954.3618	0.1238	0.1693	0.0710	0.0708	0.2105	0.2919	0.0953	0.3032	1.2945	31.3758	318.0736	15.0153	64.0221	0.3960	0.2573	99.0426
25.6015	1398.0000	-0.1100	0.2685	0.0000	48.7950	19.5000	230.3130	0.2758	26.7700	68.3830	NOT CONNECTED	12000.0000	500.0000	0.0000	954.3618	0.1238	0.1693	0.0710	0.0708	0.2105	0.2919	0.0953	0.3032	1.2945	31.3758	318.0736	15.0153	64.0221	0.3960	0.2573	99.0426
26.1996	1775.0000	-0.1100	0.2759	0.0000	58.0120	23.7000	230.2990	0.3158	31.3500	68.3604	NOT CONNECTED	12000.0000	500.0000	0.0000	1257.5428	0.1454	0.1730	0.0710	0.0709	0.1508	0.3472	0.1438	0.3457	1.0952	40.3734	317.4219	19.5467	63.8870	0.3999	0.2696	98.8986
26.2070	1775.0000	-0.1100	0.2759	0.0000	58.0120	23.7000	230.2990	0.3158	31.3500	68.3604	NOT CONNECTED	12000.0000	500.0000	0.0000	1257.5428	0.1454	0.1730	0.0710	0.0709	0.1508	0.3472	0.1438	0.3457	1.0952	40.3734	317.4219	19.5467	63.8870	0.3999	0.2696	98.8986
26.9686	2152.0000	-0.1100	0.2868	0.0000	76.2470	32.2400	230.2810	0.3924	40.6500	68.3890	NOT CONNECTED	12000.0000	500.0000	0.0000	1850.3739	0.1485	0.1655	0.0710	0.0709	0.1826	0.3492	0.1047	0.3985	1.3001	58.1651	316.1759	29.0606	63.6516	0.3914	0.2819	98.7600
27.3860	2524.0000	-0.1110	0.2925	0.0000	85.2880	36.7800	230.2700	0.4321	45.5500	68.3469	NOT CONNECTED	12000.0000	500.0000	0.0000	1850.3739	0.1485	0.1655	0.0710	0.0709	0.1826	0.3492	0.1047	0.3985	1.3001	58.1651	316.1759	29.0606	63.6516	0.3914	0.2819	98.7600
27.7011	2524.0000	-0.1110	0.2925	0.0000	85.2880	36.7800	230.2700	0.4321	45.5500	68.3469	NOT CONNECTED	12000.0000	500.0000	0.0000	2156.7356	0.1351	0.1542	0.0709	0.0708	0.2490	0.3160	0.2096	0.3847	1.5213	67.3013	315.4747	35.0458	63.5392	0.4384	0.2902	98.7600
27.9917	2524.0000	-0.1110	0.2925	0.0000	85.2880	36.7800	230.2700	0.4321	45.5500	68.3469	NOT CONNECTED	12000.0000	500.0000	0.0000	2156.7356	0.1351	0.1542	0.0709	0.0708	0.2490	0.3160	0.2096	0.3847	1.5213	67.3013	315.4747	35.0458	63.5392	0.4384	0.2902	98.7600
28.4611	2893.0000	-0.1120	0.3054	0.0000	103.5610	46.6800	230.2520	0.5143	56.0800	68.2533	NOT CONNECTED	12000.0000	500.0000	0.0000	2461.6899	0.1339	0.1416	0.0709	0.0709	0.2306	0.3168	0.1023	0.3650	1.2944	76.0671	314.8726	40.4732	63.4315	0.3551	0.2966	98.6269
28.5978	2893.0000	-0.1120	0.3054	0.0000	103.5610	46.6800	230.2520	0.5143	56.0800	68.2533	NOT CONNECTED	12000.0000	500.0000	0.0000	2461.6899	0.1339	0.1416	0.0709	0.0709	0.2306	0.3168	0.1023	0.3650	1.2944	76.0671	314.8726	40.4732	63.4315	0.3551	0.2966	98.6269
29.2027	3275.0000	-0.1130	0.3108	0.0000	112.8140	51.6500	230.2460	0.5562	61.4300	68.2055	NOT CONNECTED	12000.0000	500.0000	0.0000	2763.8138	0.1416	0.1509	0.0709	0.0709	0.2057	0.3271	0.1248	0.3563	1.1117	84.8335	314.2045	46.2741	63.3240	0.3808	0.2990	98.4990
29.2036	3275.0000	-0.1130	0.3108	0.0000	112.8140	51.6500	230.2460	0.5562	61.4300	68.2055	NOT CONNECTED	12000.0000	500.0000	0.0000	2763.8138	0.1416	0.1509	0.0709	0.0709	0.2057	0.3271	0.1248	0.3563	1.1117	84.8335	314.2045	46.2741	63.3240	0.3808	0.2990	98.4990
29.8087	3641.0000	-0.1130	0.3219	0.0000	131.1510	62.3200	230.2360	0.6440	72.6900	68.0756	NOT CONNECTED	12000.0000	500.0000	0.0000	3068.6808	0.1617	0.1521	0.0709	0.0709	0.2207	0.3805	0.2003	0.3192	1.7804	94.2229	313.6877	51.8220	63.2252	0.4609	0.3119	98.4990
29.9684	3641.0000	-0.1130	0.3219	0.0000	131.1510	62.3200	230.2360	0.6440	72.6900	68.0756	NOT CONNECTED	12000.0000	500.0000	0.0000	3068.6808	0.1617	0.1521	0.0709	0.0709	0.2207	0.3805	0.2003	0.3192	1.7804	94.2229	313.6877	51.8220	63.2252	0.4609	0.3119	98.4990
30.4141	4030.0000	-0.1140	0.3287	0.0000	140.2600	68.1300	230.2300	0.6916	78.7900	67.9869	NOT CONNECTED	12000.0000	500.0000	0.0000	3367.1910	0.1701	0.1682	0.0709	0.0709	0.2377	0.3870	0.2338	0.3887	1.4825	102.7165	313.0159	58.0793	63.1305	0.4918	0.3168	98.3767
30.7210	4030.0000	-0.1140	0.3287	0.0000	140.2600	68.1300	230.2300	0.6916	78.7900	67.9869	NOT CONNECTED	12000.0000	500.0000	0.0000	3666.0507	0.1680	0.1688	0.0710	0.0709	0.2866	0.3872	0.1576	0.4054	1.4983	112.8882	312.4580	65.3157	63.0395	0.4264	0.3224	98.3767
31.0205	4030.0000	-0.1140	0.3287	0.0000	140.2600	68.1300	230.2300	0.6916	78.7900	67.9869	NOT CONNECTED	12000.0000	500.0000	0.0000	3666.0507	0.1680	0.1688	0.0710	0.0709	0.2866	0.3872	0.1576	0.4054	1.4983	112.8882	312.4580	65.3157	63.0395	0.4264	0.3224	98.3767
31.4663	4405.0000	-0.1190	0.3395	0.0000	158.6400	79.2600	230.2240	0.7786	90.4000	67.8935	NOT CONNECTED	12000.0000	500.0000	0.0000	3967.7727	0.1575	0.1777	0.0710	0.0709	0.2152	0.3848	0.2421	0.4095	1.6003	120.6753	311.9443	70.9687	62.9488	0.4377	0.3317	98.2597
31.6254	4405.0000	-0.1190	0.3395	0.0000	158.6400	79.2600	230.2240	0.7786	90.4000	67.8935	NOT CONNECTED	12000.0000	500.0000	0.0000	3967.7727	0.1575	0.1777	0.0710	0.0709	0.2152	0.3848	0.2421	0.4095	1.6003	120.6753	311.9443	70.9687	62.9488	0.4377	0.3317	98.2597
32.2173	4777.0000	-0.1220	0.3448	0.0000	167.9670	85.2400	230.2230	0.8231	96.5400	67.7610	NOT CONNECTED	12000.0000	500.0000	0.0000	4278.6555	0.1516	0.1546	0.0709	0.0709	0.2503	0.3598	0.2340	0.4957	1.6252	131.4793	311.3122	78.0073	62.8644	0.4872	0.3336	98.1488
32.2310	4777.0000	-0.1220	0.3448	0.0000	167.9670	85.2400	230.2230	0.8231	96.5400	67.7610	NOT CONNECTED	12000.0000	500.0000	0.0000	4278.6555	0.1516	0.1546	0.0709	0.0709	0.2503	0.3598	0.2340	0.4957	1.6252	131.4793	311.3122	78.0073	62.8644	0.4872	0.3336	98.1488
32.8373	5150.0000	-0.1240	0.3557	0.0000	186.4320	97.7800	230.2210	0.9163	109.4800	67.6280	NOT CONNECTED	12000.0000	500.0000	0.0000	4569.2699	0.1627	0.1981	0.0710	0.0709	0.1337	0.3977	0.1295	0.3950	1.2071	140.1461	310.7846	84.9618	62.7841	0.4612	0.3453	98.1488
32.9661	5150.0000	-0.1240	0.3557	0.0000	186.4320	97.7800	230.2210	0.9163	109.4800	67.6280	NOT CONNECTED	12000.0000	500.0000	0.0000	4569.2699	0.1627	0.1981	0.0710	0.0709	0.1337	0.3977	0.1295	0.3950	1.2071	140.1461	310.7846	84.9618	62.7841	0.4612	0.3453	98.1488
33.4421	5521.0000	-0.1280	0.3611	0.0000	195.6420	104.1100	230.2230	0.9625	115.9400	67.4985	NOT CONNECTED	12000.0000	500.0000	0.0000	4876.0828	0.1725	0.1906	0.0710	0.0709	0.2706	0.3827	0.0708	0.4434	1.2129	149.4449	310.1593	93.5735	62.7042	0.4224	0.3551	98.0435
33.7179	5521.0000	-0.1280	0.3611	0.0000	195.6420	104.1100	230.2230	0.9625	115.9400	67.4985	NOT CONNECTED	12000.0000	500.0000	0.0000	4876.0828	0.1725	0.1906	0.0710	0.0709	0.2706	0.3827	0.0708	0.4434	1.2129	149.4449	310.1593	93.5735	62.7042	0.4224	0.3551	98.0435
34.0323	5521.0000	-0.1280	0.3611	0.0000	195.6420	104.1100	230.2230	0.9625	115.9400	67.4985	NOT CONNECTED	12000.0000	500.0000	0.0000	5170.2919	0.1984	0.1968	0.0710	0.0710	0.2366	0.4730	0.2924	0.4459	8.6018	153.1890	309.6653	100.0496	62.6336	0.5968	0.3583	98.0435
34.4616	5899.0000	-0.1340	0.3657	0.0000	212.8310	117.1700	230.2260	1.0518	128.6900	67.3599	NOT CONNECTED	12000.0000	500.0000	0.0000	5468.0494	0.1689	0.1952	0.0712	0.0709	0.2739	0.3768	0.2293	0.4713	-7.9014	163.0166	309.0551	112.2250	62.5615	0.5510	0.3522	97.7488
34.6384	5899.0000	-0.1340	0.3657	0.0000	212.8310	117.1700	230.2260	1.0518	128.6900	67.3599	NOT CONNECTED	12000.0000	500.0000	0.0000	5468.0494	0.1689	0.1952	0.0712	0.0709	0.2739	0.3768	0.2293	0.4713	-7.9014	163.0166	309.0551	112.2250	62.5615	0.5510	0.3522	97.7488
35.2001	6266.0000	-0.1350	0.3443	0.0000	214.0380	122.8400	230.2290	1.0931	134.2900	67.2328	NOT CONNECTED	12000.0000	500.0000	0.0000	5773.0091	0.2064	0.1979	0.0719	0.0708	0.2722	0.5176	0.1163	0.4778	-0.9377	167.1384	308.7512	119.1678	62.4918	0.4776	0.3654	97.4620
35.2439	6266.0000	-0.1350	0.3443	0.0000	214.0380	122.8400	230.2290	1.0931	134.2900	67.2328	NOT CONNECTED	12000.0000	500.0000	0.0000	5773.0091	0.2064	0.1979	0.0719	0.0708	0.2722	0.5176	0.1163	0.4778	-0.9377	167.1384	308.7512	119.1678	62.4918	0.4776	0.3654	97.4620
35.9669	6624.0000	-0.1360	0.4111	0.0000	212.4260	135.6600	230.2360	1.1885	148.0000	67.1071	NOT CONNECTED	12000.0000	500.0000	0.0000	6336.7102	0.2131	0.1736	0.0630	0.0644	-0.0441	0.5415	-0.3436	0.4270	1.0647	172.4000	308.0474	136.7637	62.3633	0.4533	0.3339	97.1822
36.3586	7027.0000	-0.1390	0.4681	0.0000	212.9080	141.9200	230.2400	1.2368	154.7600	66.9646	NOT CONNECTED	12000.0000	500.0000	0.0000	6336.7102	0.2131	0.1736	0.0630	0.0644	-0.0441	0.5415	-0.3436	0.4270	1.0647	172.4000	308.0474	136.7637	62.3633	0.4533	0.3339	97.1822
36.7201	7027.0000	-0.1390	0.4681	0.0000	212.9080	141.9200	230.2400	1.2368	154.7600	66.9646	NOT CONNECTED	12000.0000	500.0000	0.0000	6637.9606	0.2119	0.1902	0.0600	0.0606	-0.4606	0.6043	-0.4843	0.4675	-4.3829	164.7989	307.5407	141.8812	62.2985	0.6644	0.4007	97.1822
36.9647	7027.0000	-0.1390	0.4681	0.0000	212.9080	141.9200	230.2400	1.2368	154.7600	66.9646	NOT CONNECTED	12000.0000	500.0000	0.0000	6637.9606	0.2119	0.1902	0.0600	0.0606	-0.4606	0.6043	-0.4843	0.4675	-4.3829	164.7989	307.5407	141.8812	62.2985	0.6644	0.4007	97.1822
37.4585	7392.0000	-0.1420	0.6028	0.0000	213.6990	156.3900	230.2530	1.3437	170.3100	66.8650	NOT CONNECTED	12000.0000	500.0000	0.0000	6933.9451	0.1550	0.2148	0.0583	0.0595	-0.4514	0.4334	-0.4793	0.5327	-9.1768	169.8322	307.1789	152.2865	62.2429	0.7268	0.4581	96.9088
37.5702	7392.0000	-0.1420	0.6028	0.0000	213.6990	156.3900	230.2530	1.3437	170.3100	66.8650	NOT CONNECTED	12000.0000	500.0000	0.0000	6933.9451	0.1550	0.2148	0.0583	0.0595	-0.4514	0.4334	-0.4793	0.5327	-9.1768	169.8322	307.1789	152.2865	62.2429	0.7268	0.4581	96.9088
38.1756	8019.0000	-0.1500	0.7305	0.0000	214.0540	173.2400	230.2670	1.4741	188.5400	66.6775	NOT CONNECTED	12000.0000	500.0000	0.0000	7235.0907	0.1932	0.1985	0.0539	0.0551	-0.7724	0.6530	-0.8909	0.6657	1.5095	168.0050	306.7066	156.3019	62.2101	0.9656	0.5643	96.6465
38.7117	8019.0000	-0.1500	0.7305	0.0000	214.0540	173.2400	230.2670	1.4741	188.5400	66.6775	NOT CONNECTED	12000.0000	500.0000	0.0000	7540.7352	0.2132	0.2094	0.0525	0.0544	-0.6746	0.6138	-0.7982	0.3734	0.6667	172.9665	306.1937	170.5040	62.1903	1.0412	0.6285	96.6465
38.7802	8019.0000	-0.1500	0.7305	0.0000	214.0540	173.2400	230.2670	1.4741	188.5400	66.6775	NOT CONNECTED	12000.0000	500.0000	0.0000	7540.7352	0.2132	0.2094	0.0525	0.0544	-0.6746	0.6138	-0.7982	0.3734	0.6667	172.9665	306.1937	170.5040	62.1903	1.0412	0.6285	96.6465
39.3704	8391.0000	-0.1520	0.8605	0.0000	213.9170	192.0600	230.2830	1.6132	208.8100	66.5858	NOT CONNECTED	12000.0000	500.0000	0.0000	7835.5295	0.1566	0.2063	0.0504	0.0520	-0.7621	0.5106	-1.0809	0.5532	-11.6119	167.7091	305.6698	181.2332	62.1905	1.2201	0.6932	96.4045
39.4586	8391.0000	-0.1520	0.8605	0.0000	213.9170	192.0600	230.2830	1.6132	208.8100	66.5858	NOT CONNECTED	12000.0000	500.0000	0.0000	7835.5295	0.1566	0.2063	0.0504	0.0520	-0.7621	0.5106	-1.0809	0.5532	-11.6119	167.7091	305.6698	181.2332	62.1905	1.2201	0.6932	96.4045
39.9758	8763.0000	-0.1550	0.9207	0.0000	213.8910	200.3500	230.2920	1.6774	217.7700	66.5288	NOT CONNECTED	12000.0000	500.0000	0.0000	8131.2045	0.2232	0.2088	0.0483	0.0481	-1.0309	0.8023	-1.1493	0.4697	-1.0966	169.2910	305.0881	192.9939	62.2093	1.3354	0.7566	96.4045
40.2039	8763.0000	-0.1550	0.9207	0.0000	213.8910	200.3500	230.2920	1.6774	217.7700	66.5288	NOT CONNECTED	12000.0000	500.0000	0.0000	8131.2045	0.2232	0.2088	0.0483	0.0481	-1.0309	0.8023	-1.1493	0.4697	-1.0966	169.2910	305.0881	192.9939	62.2093	1.3354	0.7566	96.4045
40.5659	8763.0000	-0.1550	0.9207	0.0000	213.8910	200.3500	230.2920	1.6774	217.7700	66.5288	NOT CONNECTED	12000.0000	500.0000	0.0000	8433.1159	0.2286	0.2114	0.0479	0.0458	-1.1155	0.8008	-1.2704	0.3711	-7.2916	174.8499	304.5735	206.7332	62.2505	1.1390	0.8526	96.1902
40.9647	9143.0000	-0.1580	1.0356	0.0000	213.6120	220.2300	230.3140	1.8260	239.1500	66.4496	NOT CONNECTED	12000.0000	500.0000	0.0000	8726.5545	0.1956	0.2180	0.0465	0.0463	-1.2494	0.7581	-1.3420	0.4348	-11.9316	170.9874	304.1876	213.8814	62.3245	1.2096	0.9542	95.9949
41.1714	9143.0000	-0.1580	1.0356	0.0000	213.6120	220.2300	230.3140	1.8260	239.1500	66.4496	NOT CONNECTED	12000.0000	500.0000	0.0000	8726.5545	0.1956	0.2180	0.0465	0.0463	-1.2494	0.7581	-1.3420	0.4348	-11.9316	170.9874	304.1876	213.8814	62.3245	1.2096	0.9542	95.9949
41.7049	9514.0000	-0.1560	1.0867	0.0000	213.5330	227.3500	230.3260	1.8812	246.7700	66.3741	NOT CONNECTED	12000.0000	500.0000	0.0000	9025.3844	0.1818	0.2211	0.0422	0.0444	-1.2684	0.7217	-1.4099	0.4113	-12.3165	172.3909	303.5414	227.3624	62.4163	1.7259	0.9743	95.9949
41.7611	9514.0000	-0.1560	1.0867	0.0000	213.5330	227.3500	230.3260	1.8812	246.7700	66.3741	NOT CONNECTED	12000.0000	500.0000	0.0000	9025.3844	0.1818	0.2211	0.0422	0.0444	-1.2684	0.7217	-1.4099	0.4113	-12.3165	172.3909	303.5414	227.3624	62.4163	1.7259	0.9743	95.9949
42.3665	9874.0000	-0.1630	1.2042	0.0000	212.7240	257.5700	230.3420	2.1015	279.0500	66.3477	NOT CONNECTED	12000.0000	500.0000	0.0000	9328.3613	0.2522	0.2115	0.0448	0.0407	-1.5343	1.0148	-1.4456	0.3836	-12.3652	175.2288	303.3076	237.4778	62.5266	1.6553	1.0544	95.8310
42.4582	9874.0000	-0.1630	1.2042	0.0000	212.7240	257.5700	230.3420	2.1015	279.0500	66.3477	NOT CONNECTED	12000.0000	500.0000	0.0000	9328.3613	0.2522	0.2115	0.0448	0.0407	-1.5343	1.0148	-1.4456	0.3836	-12.3652	175.2288	303.3076	237.4778	62.5266	1.6553	1.0544	95.8310
42.9713	10254.0000	-0.1630	1.2696	0.0000	212.1150	276.1600	230.3530	2.2402	299.1000	66.2804	NOT CONNECTED	12000.0000	500.0000	0.0000	9623.1439	0.2005	0.2275	0.0387	0.0414	-1.2353	0.7290	-1.9603	0.4325	-12.8252	170.5012	302.3781	258.6814	62.6593	1.7936	1.1085	95.8310
43.1983	10254.0000	-0.1630	1.2696	0.0000	212.1150	276.1600	230.3530	2.2402	299.1000	66.2804	NOT CONNECTED	12000.0000	500.0000	0.0000	9623.1439	0.2005	0.2275	0.0387	0.0414	-1.2353	0.7290	-1.9603	0.4325	-12.8252	170.5012	302.3781	258.6814	62.6593	1.7936	1.1085	95.8310
43.5772	10254.0000	-0.1630	1.2696	0.0000	212.1150	276.1600	230.3530	2.2402	299.1000	66.2804	NOT CONNECTED	12000.0000	500.0000	0.0000	9924.0902	0.2704	0.2413	0.0404	0.0366	-1.5800	1.2069	-1.7509	0.3937	-16.7066	176.7057	301.4612	283.7679	62.8190	1.5772	1.1693	95.7041
43.9649	10641.0000	-0.1690	1.3610	0.0000	211.5830	301.6300	230.3790	2.4279	326.1000	66.3110	NOT CONNECTED	12000.0000	500.0000	0.0000	10230.6690	0.2404	0.2469	0.0384	0.0382	-1.6591	1.0849	-1.8769	0.4494	-9.7735	168.0422	300.9038	294.7247	63.0303	1.8054	1.2869	95.5974
44.1824	10641.0000	-0.1690	1.3610	0.0000	211.5830	301.6300	230.3790	2.4279	326.1000	66.3110	NOT CONNECTED	12000.0000	500.0000	0.0000	10230.6690	0.2404	0.2469	0.0384	0.0382	-1.6591	1.0849	-1.8769	0.4494	-9.7735	168.0422	300.9038	294.7247	63.0303	1.8054	1.2869	95.5974
44.7062	11014.0000	-0.1740	1.3954	0.0000	211.6890	308.0200	230.3950	2.4818	332.8300	66.3000	NOT CONNECTED	12000.0000	500.0000	0.0000	10548.9839	0.1942	0.2365	0.0347	0.0387	-1.5346	0.7358	-1.9904	0.4178	-16.9696	174.0726	300.2170	320.1775	63.2497	2.1619	1.3058	95.5974
44.7887	11014.0000	-0.1740	1.3954	0.0000	211.6890	308.0200	230.3950	2.4818	332.8300	66.3000	NOT CONNECTED	12000.0000	500.0000	0.0000	10548.9839	0.1942	0.2365	0.0347	0.0387	-1.5346	0.7358	-1.9904	0.4178	-16.9696	174.0726	300.2170	320.1775	63.2497	2.1619	1.3058	95.5974
45.3949	11403.0000	-0.1780	1.4767	0.0000	211.1560	328.1200	230.4150	2.6358	353.9500	66.3538	NOT CONNECTED	12000.0000	500.0000	0.0000	10851.8360	0.2622	0.2440	0.0359	0.0348	-1.7279	1.3266	-2.1109	0.6323	-15.2011	156.0705	300.3057	318.4586	63.4839	1.9828	1.3669	95.5300
45.4586	11403.0000	-0.1780	1.4767	0.0000	211.1560	328.1200	230.4150	2.6358	353.9500	66.3538	NOT CONNECTED	12000.0000	500.0000	0.0000	10851.8360	0.2622	0.2440	0.0359	0.0348	-1.7279	1.3266	-2.1109	0.6323	-15.2011	156.0705	300.3057	318.4586	63.4839	1.9828	1.3669	95.5300
45.9846	11763.0000	-0.1820	1.5206	0.0000	210.7380	344.7200	230.4220	2.7575	371.7300	66.3758	NOT CONNECTED	12000.0000	500.0000	0.0000	11160.5725	0.2134	0.2288	0.0357	0.0340	-1.9161	1.0339	-1.8026	0.5689	-5.9935	157.6837	299.9716	329.8034	63.7340	2.1473	1.3985	95.5300
46.2082	11763.0000	-0.1820	1.5206	0.0000	210.7380	344.7200	230.4220	2.7575	371.7300	66.3758	NOT CONNECTED	12000.0000	500.0000	0.0000	11160.5725	0.2134	0.2288	0.0357	0.0340	-1.9161	1.0339	-1.8026	0.5689	-5.9935	157.6837	299.9716	329.8034	63.7340	2.1473	1.3985	95.5300
46.5740	11763.0000	-0.1820	1.5206	0.0000	210.7380	344.7200	230.4220	2.7575	371.7300	66.3758	NOT CONNECTED	12000.0000	500.0000	0.0000	11434.9469	0.2461	0.2638	0.0359	0.0329	-1.7790	1.2040	-1.7982	0.6310	-12.0676	157.3562	299.0611	356.1054	64.0011	2.0718	1.4480	95.5059
46.9685	12030.0000	-0.1110	1.5129	0.0000	213.2980	304.4200	230.4810	2.5128	329.9700	66.4203	NOT CONNECTED	12000.0000	500.0000	0.0000	11743.0260	0.1927	0.2554	0.0324	0.0343	-1.6642	0.8634	-2.3464	0.4542	-13.5052	171.5849	298.7917	376.8839	64.2984	1.9803	1.5570	95.4928
47.1794	12030.0000	-0.1110	1.5129	0.0000	213.2980	304.4200	230.4810	2.5128	329.9700	66.4203	NOT CONNECTED	12000.0000	500.0000	0.0000	11743.0260	0.1927	0.2554	0.0324	0.0343	-1.6642	0.8634	-2.3464	0.4542	-13.5052	171.5849	298.7917	376.8839	64.2984	1.9803	1.5570	95.4928
47.7153	12014.0000	-0.1090	1.4168	0.0000	217.2400	227.2500	230.5200	1.9542	245.6300	66.4939	NOT CONNECTED	12000.0000	500.0000	0.0000	12040.2397	0.2203	0.1942	0.0334	0.0314	-2.1194	1.2187	-1.8546	0.3009	-0.1086	169.8796	301.8143	288.6323	64.6279	2.0198	1.5451	95.4928
47.7860	12014.0000	-0.1090	1.4168	0.0000	217.2400	227.2500	230.5200	1.9542	245.6300	66.4939	NOT CONNECTED	12000.0000	500.0000	0.0000	12040.2397	0.2203	0.1942	0.0334	0.0314	-2.1194	1.2187	-1.8546	0.3009	-0.1086	169.8796	301.8143	288.6323	64.6279	2.0198	1.5451	95.4928
48.3902	12020.0000	-0.1100	1.4555	0.0000	216.3860	244.5700	230.5070	2.0694	264.1900	66.5366	NOT CONNECTED	12000.0000	500.0000	0.0000	11993.7335	0.2010	0.1800	0.0343	0.0341	-1.8352	1.0759	-2.3904	0.2156	-7.3530	175.7633	305.3816	246.5361	64.8868	1.4332	1.3707	95.5142
48.5726	12020.0000	-0.1100	1.4555	0.0000	216.3860	244.5700	230.5070	2.0694	264.1900	66.5366	NOT CONNECTED	12000.0000	500.0000	0.0000	11993.7335	0.2010	0.1800	0.0343	0.0341	-1.8352	1.0759	-2.3904	0.2156	-7.3530	175.7633	305.3816	246.5361	64.8868	1.4332	1.3707	95.5142
48.9963	12014.0000	-0.1090	1.4887	0.0000	215.9420	246.8600	230.5200	2.0970	266.8900	66.6341	NOT CONNECTED	12000.0000	500.0000	0.0000	12007.8336	0.1395	0.1553	0.0329	0.0321	-1.8675	0.6567	-1.6814	0.2595	3.6020	177.0570	304.9068	253.6629	65.1001	1.9436	1.4190	95.5142
49.3199	12014.0000	-0.1090	1.4887	0.0000	215.9420	246.8600	230.5200	2.0970	266.8900	66.6341	NOT CONNECTED	12000.0000	500.0000	0.0000	11982.1781	0.0656	0.1894	0.0335	0.0332	-2.3243	0.2924	-1.2755	0.3974	-15.1289	171.4996	304.6212	254.6034	65.3250	2.7253	1.4135	95.5358
49.6017	12014.0000	-0.1090	1.4887	0.0000	215.9420	246.8600	230.5200	2.0970	266.8900	66.6341	NOT CONNECTED	12000.0000	500.0000	0.0000	11982.1781	0.0656	0.1894	0.0335	0.0332	-2.3243	0.2924	-1.2755	0.3974	-15.1289	171.4996	304.6212	254.6034	65.3250	2.7253	1.4135	95.5358
50.1898	12005.0000	-0.1100	1.4465	0.0000	216.7360	240.6200	230.5390	2.0454	260.0700	66.6952	NOT CONNECTED	12000.0000	500.0000	0.0000	12000.1075	0.2292	0.1658	0.0323	0.0311	-1.3688	1.1194	-2.7480	0.0802	-24.7257	187.0748	305.0511	264.9088	65.5740	1.6894	1.5214	95.5281
50.2083	12005.0000	-0.1100	1.4465	0.0000	216.7360	240.6200	230.5390	2.0454	260.0700	66.6952	NOT CONNECTED	12000.0000	500.0000	0.0000	12000.1075	0.2292	0.1658	0.0323	0.0311	-1.3688	1.1194	-2.7480	0.0802	-24.7257	187.0748	305.0511	264.9088	65.5740	1.6894	1.5214	95.5281
50.8139	11994.0000	-0.1100	1.4528	0.0000	216.1080	249.6800	230.5440	2.1135	269.5600	66.7521	NOT CONNECTED	12000.0000	500.0000	0.0000	12035.2890	0.1998	0.1185	0.0333	0.0328	-2.0877	1.1594	-2.0657	0.5047	-9.2282	167.7102	305.5752	251.2771	65.7994	2.3780	1.4019	95.5281
50.9687	11994.0000	-0.1100	1.4528	0.0000	216.1080	249.6800	230.5440	2.1135	269.5600	66.7521	NOT CONNECTED	12000.0000	500.0000	0.0000	12035.2890	0.1998	0.1185	0.0333	0.0328	-2.0877	1.1594	-2.0657	0.5047	-9.2282	167.7102	305.5752	251.2771	65.7994	2.3780	1.4019	95.5281
51.4187	11995.0000	-0.1150	1.5007	0.0000	215.6340	259.4900	230.5420	2.1925	280.2000	66.8451	NOT CONNECTED	12000.0000	500.0000	0.0000	12041.0778	0.0555	0.1133	0.0351	0.0343	-2.0886	0.1657	-2.0714	0.4643	-4.1132	173.2420	305.1562	266.1329	65.9875	1.4182	1.4106	95.5318
51.7204	11995.0000	-0.1150	1.5007	0.0000	215.6340	259.4900	230.5420	2.1925	280.2000	66.8451	NOT CONNECTED	12000.0000	500.0000	0.0000	12041.0778	0.0555	0.1133	0.0351	0.0343	-2.0886	0.1657	-2.0714	0.4643	-4.1132	173.2420	305.1562	266.1329	65.9875	1.4182	1.4106	95.5318
52.0250	11995.0000	-0.1150	1.5007	0.0000	215.6340	259.4900	230.5420	2.1925	280.2000	66.8451	NOT CONNECTED	12000.0000	500.0000	0.0000	12024.6929	0.2189	0.1379	0.0340	0.0316	-2.3685	1.3667	-1.6292	0.4057	-4.8080	167.2148	304.5768	263.6866	66.1847	2.0747	1.3901	95.5318
52.5888	12023.0000	-0.1220	1.5042	0.0000	215.2910	266.2300	230.5450	2.2476	287.1800	66.9758	NOT CONNECTED	12000.0000	500.0000	0.0000	11995.9355	0.1825	0.1807	0.0333	0.0346	-1.7584	0.8211	-2.1797	0.4501	-11.5573	172.6322	304.1938	282.8619	66.3668	1.9154	1.4265	95.5459
52.6302	12023.0000	-0.1220	1.5042	0.0000	215.2910	266.2300	230.5450	2.2476	287.1800	66.9758	NOT CONNECTED	12000.0000	500.0000	0.0000	11995.9355	0.1825	0.1807	0.0333	0.0346	-1.7584	0.8211	-2.1797	0.4501	-11.5573	172.6322	304.1938	282.8619	66.3668	1.9154	1.4265	95.5459
53.2358	12020.0000	-0.1400	1.4777	0.0000	215.1830	273.8600	230.5430	2.2817	294.8100	67.0379	NOT CONNECTED	12000.0000	500.0000	0.0000	12039.1836	0.1645	0.1277	0.0318	0.0320	-1.3999	0.6228	-2.3051	0.4807	-7.6454	172.9971	303.7609	286.0043	66.5853	2.6406	1.5038	95.5403
53.3251	12020.0000	-0.1400	1.4777	0.0000	215.1830	273.8600	230.5430	2.2817	294.8100	67.0379	NOT CONNECTED	12000.0000	500.0000	0.0000	12039.1836	0.1645	0.1277	0.0318	0.0320	-1.3999	0.6228	-2.3051	0.4807	-7.6454	172.9971	303.7609	286.0043	66.5853	2.6406	1.5038	95.5403
53.8421	12029.0000	-0.1500	1.4926	0.0000	214.2260	293.7600	230.5380	2.4293	315.8800	67.1136	NOT CONNECTED	12000.0000	500.0000	0.0000	11994.1671	0.1913	0.1918	0.0324	0.0333	-2.2833	1.2046	-2.6755	0.2860	-6.9414	173.7281	303.3201	282.3296	66.7851	1.6474	1.4432	95.5403
54.0698	12029.0000	-0.1500	1.4926	0.0000	214.2260	293.7600	230.5380	2.4293	315.8800	67.1136	NOT CONNECTED	12000.0000	500.0000	0.0000	11994.1671	0.1913	0.1918	0.0324	0.0333	-2.2833	1.2046	-2.6755	0.2860	-6.9414	173.7281	303.3201	282.3296	66.7851	1.6474	1.4432	95.5403
54.4476	12029.0000	-0.1500	1.4926	0.0000	214.2260	293.7600	230.5380	2.4293	315.8800	67.1136	NOT CONNECTED	12000.0000	500.0000	0.0000	12007.9898	0.3072	0.1835	0.0336	0.0301	-1.9427	1.8504	-1.4939	0.2027	-1.3034	179.4746	302.9561	312.3944	66.9686	2.5610	1.4548	95.5497
54.9670	11991.0000	-0.1600	1.5269	0.0000	213.5750	306.9900	230.5390	2.5313	330.1500	67.1727	NOT CONNECTED	12000.0000	500.0000	0.0000	11949.3081	0.1782	0.2678	0.0323	0.0304	-2.0114	0.8801	-1.9169	0.4826	-13.8251	174.9646	302.3062	321.9693	67.1571	1.8079	1.4621	95.5497
55.0376	11991.0000	-0.1600	1.5269	0.0000	213.5750	306.9900	230.5390	2.5313	330.1500	67.1727	NOT CONNECTED	12000.0000	500.0000	0.0000	11949.3081	0.1782	0.2678	0.0323	0.0304	-2.0114	0.8801	-1.9169	0.4826	-13.8251	174.9646	302.3062	321.9693	67.1571	1.8079	1.4621	95.5497
55.6427	11986.0000	-0.1770	1.5413	0.0000	212.9240	319.3600	230.5310	2.6225	343.2100	67.2964	NOT CONNECTED	12000.0000	500.0000	0.0000	11985.6565	0.2521	0.2278	0.0321	0.0328	-1.6468	1.2885	-1.7012	0.2994	-17.9258	169.4688	301.9080	319.2535	67.3478	1.8205	1.5260	95.5732
55.6960	11986.0000	-0.1770	1.5413	0.0000	212.9240	319.3600	230.5310	2.6225	343.2100	67.2964	NOT CONNECTED	12000.0000	500.0000	0.0000	11985.6565	0.2521	0.2278	0.0321	0.0328	-1.6468	1.2885	-1.7012	0.2994	-17.9258	169.4688	301.9080	319.2535	67.3478	1.8205	1.5260	95.5732
56.2487	11985.0000	-0.1880	1.5615	0.0000	211.9640	343.9100	230.5240	2.7960	369.0600	67.4237	NOT CONNECTED	12000.0000	500.0000	0.0000	12009.5157	0.2146	0.2028	0.0342	0.0336	-2.1677	1.1507	-1.6274	0.3261	-5.1423	178.5674	301.2758	338.9605	67.5689	2.3726	1.5202	95.5826
56.5492	11985.0000	-0.1880	1.5615	0.0000	211.9640	343.9100	230.5240	2.7960	369.0600	67.4237	NOT CONNECTED	12000.0000	500.0000	0.0000	12006.6843	0.2951	0.2189	0.0317	0.0323	-1.4216	1.5052	-2.3713	0.4278	-12.0106	176.3270	300.6337	365.3869	67.7664	2.0628	1.5109	95.5826
56.8381	11985.0000	-0.1880	1.5615	0.0000	211.9640	343.9100	230.5240	2.7960	369.0600	67.4237	NOT CONNECTED	12000.0000	500.0000	0.0000	12006.6843	0.2951	0.2189	0.0317	0.0323	-1.4216	1.5052	-2.3713	0.4278	-12.0106	176.3270	300.6337	365.3869	67.7664	2.0628	1.5109	95.5826
57.2882	11972.0000	-0.2040	1.5902	0.0000	211.1780	358.4000	230.5190	2.8998	384.3900	67.5343	NOT CONNECTED	12000.0000	500.0000	0.0000	12028.7449	0.2317	0.1999	0.0321	0.0295	-1.6055	1.1727	-1.7292	0.4877	-15.3944	175.4149	300.0144	369.4606	67.9651	2.8283	1.5505	95.6040
57.4275	11972.0000	-0.2040	1.5902	0.0000	211.1780	358.4000	230.5190	2.8998	384.3900	67.5343	NOT CONNECTED	12000.0000	500.0000	0.0000	12028.7449	0.2317	0.1999	0.0321	0.0295	-1.6055	1.1727	-1.7292	0.4877	-15.3944	175.4149	300.0144	369.4606	67.9651	2.8283	1.5505	95.6040
58.0335	12008.0000	-0.2220	1.6414	0.0000	209.7870	390.2500	230.5060	3.1359	418.4900	67.6609	0.0000	12000.0000	500.0000	0.0000	12010.1965	0.1918	0.2359	0.0313	0.0325	-1.7569	0.9027	-1.9579	0.5726	-13.4940	161.4304	298.9759	379.4416	68.1633	2.2866	1.5607	95.6040
58.0342	12008.0000	-0.2220	1.6414	0.0000	209.7870	390.2500	230.5060	3.1359	418.4900	67.6609	0.0000	12000.0000	500.0000	0.0000	12010.1965	0.1918	0.2359	0.0313	0.0325	-1.7569	0.9027	-1.9579	0.5726	-13.4940	161.4304	298.9759	379.4416	68.1633	2.2866	1.5607	95.6040
58.6230	12025.0000	-0.2290	1.6495	0.0000	209.6180	394.5500	230.5040	3.1665	422.8500	67.7802	0.0000	12000.0000	500.0000	0.0000	11999.3078	0.2329	0.2651	0.0330	0.0320	-1.5415	1.0944	-2.1951	0.6727	-15.9887	162.8069	298.2127	402.6473	68.3876	2.1393	1.5845	95.6473
58.7781	12025.0000	-0.2290	1.6495	0.0000	209.6180	394.5500	230.5040	3.1665	422.8500	67.7802	0.0000	12000.0000	500.0000	0.0000	11999.3078	0.2329	0.2651	0.0330	0.0320	-1.5415	1.0944	-2.1951	0.6727	-15.9887	162.8069	298.2127	402.6473	68.3876	2.1393	1.5845	95.6473
59.2286	12020.0000	-0.2300	1.6468	0.0000	209.2110	405.5400	230.4980	3.2588	434.4800	67.8377	0.0000	12000.0000	500.0000	0.0000	12015.5598	0.3389	0.2515	0.0331	0.0306	-1.1684	1.7890	-2.3513	0.3677	-20.9143	179.6560	298.1815	424.0169	68.6278	2.2348	1.6090	95.6818
59.5084	12020.0000	-0.2300	1.6468	0.0000	209.2110	405.5400	230.4980	3.2588	434.4800	67.8377	0.0000	12000.0000	500.0000	0.0000	12015.5598	0.3389	0.2515	0.0331	0.0306	-1.1684	1.7890	-2.3513	0.3677	-20.9143	179.6560	298.1815	424.0169	68.6278	2.2348	1.6090	95.6818
59.8333	12020.0000	-0.2300	1.6468	0.0000	209.2110	405.5400	230.4980	3.2588	434.4800	67.8377	0.0000	12000.0000	500.0000	0.0000	12011.8856	0.3069	0.2640	0.0346	0.0309	-1.8734	1.7401	-1.5780	0.6752	-14.5933	155.7454	297.5251	411.3412	68.8723	2.1060	1.6220	95.6818
60.2503	11985.0000	-0.2320	1.6456	0.0000	209.2380	406.3600	230.4950	3.2569	435.0000	68.0007	0.0000	12000.0000	500.0000	0.0000	12015.3045	0.2248	0.2637	0.0291	0.0337	-1.6934	0.9598	-2.5218	0.4027	-12.0378	173.3773	297.4322	426.9971	69.0983	2.6449	1.6097	95.7352
60.4397	11985.0000	-0.2320	1.6456	0.0000	209.2380	406.3600	230.4950	3.2569	435.0000	68.0007	0.0000	12000.0000	500.0000	0.0000	12015.3045	0.2248	0.2637	0.0291	0.0337	-1.6934	0.9598	-2.5218	0.4027	-12.0378	173.3773	297.4322	426.9971	69.0983	2.6449	1.6097	95.7352
60.9940	12026.0000	-0.2330	1.6414	0.0000	209.1900	408.1100	230.4890	3.2797	436.6400	68.0997	1.0000	12000.0000	500.0000	0.0000	12011.6932	0.2971	0.2695	0.0310	0.0294	-2.3295	1.8285	-1.8583	0.7513	-11.5771	146.7708	297.1767	423.0580	69.3112	2.2145	1.6125	95.7352
61.0449	12026.0000	-0.2330	1.6414	0.0000	209.1900	408.1100	230.4890	3.2797	436.6400	68.0997	1.0000	12000.0000	500.0000	0.0000	12011.6932	0.2971	0.2695	0.0310	0.0294	-2.3295	1.8285	-1.8583	0.7513	-11.5771	146.7708	297.1767	423.0580	69.3112	2.2145	1.6125	95.7352
61.6514	12000.0000	-0.2330	1.6432	0.0000	209.3650	408.3500	230.4860	3.2784	436.7900	68.2688	1.0000	12000.0000	500.0000	0.0000	12009.1812	0.2197	0.2758	0.0328	0.0329	-2.0262	1.1547	-1.9914	0.5583	-15.0796	172.7013	297.5444	420.1324	69.5292	2.3261	1.6332	95.8063
61.8521	12000.0000	-0.2330	1.6432	0.0000	209.3650	408.3500	230.4860	3.2784	436.7900	68.2688	1.0000	12000.0000	500.0000	0.0000	12009.1812	0.2197	0.2758	0.0328	0.0329	-2.0262	1.1547	-1.9914	0.5583	-15.0796	172.7013	297.5444	420.1324	69.5292	2.3261	1.6332	95.8063
62.2403	12021.0000	-0.2340	1.6453	0.0000	209.4060	409.3500	230.4760	3.2923	437.6900	68.3873	1.0000	12000.0000	500.0000	0.0000	11985.6565	0.2637	0.3050	0.0279	0.0331	-1.7870	1.3603	-2.4162	0.6208	-11.1997	171.8889	297.3991	428.3280	69.7628	2.3363	1.6606	95.8582
62.5850	12021.0000	-0.2340	1.6453	0.0000	209.4060	409.3500	230.4760	3.2923	437.6900	68.3873	1.0000	12000.0000	500.0000	0.0000	11978.2544	0.3483	0.3172	0.0287	0.0294	-1.7835	2.0565	-2.2057	0.5100	8.4849	177.6099	297.2726	424.2638	69.9601	2.6457	1.6249	95.8582
62.8457	12021.0000	-0.2340	1.6453	0.0000	209.4060	409.3500	230.4760	3.2923	437.6900	68.3873	1.0000	12000.0000	500.0000	0.0000	11978.2544	0.3483	0.3172	0.0287	0.0294	-1.7835	2.0565	-2.2057	0.5100	8.4849	177.6099	297.2726	424.2638	69.9601	2.6457	1.6249	95.8582
63.3306	11981.0000	-0.2320	1.6434	0.0000	209.2750	409.0700	230.4720	3.2988	437.3500	68.5439	1.0000	12000.0000	500.0000	0.0000	12002.0064	0.2595	0.2852	0.0279	0.0324	-1.8539	1.3670	-2.6555	0.5729	-16.1457	170.8662	297.4383	424.1047	70.1630	2.5952	1.6156	95.9193
63.4518	11981.0000	-0.2320	1.6434	0.0000	209.2750	409.0700	230.4720	3.2988	437.3500	68.5439	1.0000	12000.0000	500.0000	0.0000	12002.0064	0.2595	0.2852	0.0279	0.0324	-1.8539	1.3670	-2.6555	0.5729	-16.1457	170.8662	297.4383	424.1047	70.1630	2.5952	1.6156	95.9193
64.0577	12021.0000	-0.2340	1.6484	0.0000	209.3930	412.4400	230.4590	3.3220	440.6000	68.6196	1.0000	12000.0000	500.0000	0.0000	11992.6133	0.3574	0.2966	0.0295	0.0275	-1.9948	2.2746	-2.7611	0.4824	-3.7148	179.0343	297.7254	431.4094	70.3512	2.2351	1.6002	95.9193
64.0651	12021.0000	-0.2340	1.6484	0.0000	209.3930	412.4400	230.4590	3.3220	440.6000	68.6196	1.0000	12000.0000	500.0000	0.0000	11992.6133	0.3574	0.2966	0.0295	0.0275	-1.9948	2.2746	-2.7611	0.4824	-3.7148	179.0343	297.7254	431.4094	70.3512	2.2351	1.6002	95.9193
64.6637	12023.0000	-0.2320	1.6470	0.0000	209.1200	412.3300	230.4550	3.3211	440.6300	68.7346	1.0000	12000.0000	500.0000	0.0000	11998.0967	0.2860	0.2905	0.0334	0.0315	-1.7282	1.5097	-2.0990	0.5857	-6.9493	163.7932	297.6141	421.4712	70.5273	2.0905	1.6102	95.9899
64.8150	12023.0000	-0.2320	1.6470	0.0000	209.1200	412.3300	230.4550	3.3211	440.6300	68.7346	1.0000	12000.0000	500.0000	0.0000	11998.0967	0.2860	0.2905	0.0334	0.0315	-1.7282	1.5097	-2.0990	0.5857	-6.9493	163.7932	297.6141	421.4712	70.5273	2.0905	1.6102	95.9899
65.2687	11969.0000	-0.2370	1.6631	0.0000	209.1820	412.9800	230.4400	3.3410	441.3000	68.8739	1.0000	12000.0000	500.0000	0.0000	11992.0036	0.3490	0.3001	0.0280	0.0318	-1.4864	1.7758	-2.5027	0.5026	-18.2101	175.5076	297.6552	441.3004	70.7300	2.8491	1.6626	96.0371
65.5606	11969.0000	-0.2370	1.6631	0.0000	209.1820	412.9800	230.4400	3.3410	441.3000	68.8739	1.0000	12000.0000	500.0000	0.0000	11992.0036	0.3490	0.3001	0.0280	0.0318	-1.4864	1.7758	-2.5027	0.5026	-18.2101	175.5076	297.6552	441.3004	70.7300	2.8491	1.6626	96.0371
65.8746	11969.0000	-0.2370	1.6631	0.0000	209.1820	412.9800	230.4400	3.3410	441.3000	68.8739	1.0000	12000.0000	500.0000	0.0000	12017.5286	0.3212	0.2657	0.0300	0.0312	-1.7714	1.7591	-2.0186	0.6981	-11.3882	157.0603	297.5494	424.4776	70.9118	2.1751	1.6168	96.0371
66.3062	12037.0000	-0.2330	1.6627	0.0000	208.8790	416.3900	230.4340	3.3650	444.8100	69.0208	1.0000	12000.0000	500.0000	0.0000	12017.5286	0.3212	0.2657	0.0300	0.0312	-1.7714	1.7591	-2.0186	0.6981	-11.3882	157.0603	297.5494	424.4776	70.9118	2.1751	1.6168	96.0371
67.0060	12022.0000	-0.2320	1.6686	0.0000	209.2280	413.4400	230.4220	3.3467	441.4700	69.1209	1.0000	12000.0000	500.0000	0.0000	12013.8905	0.3218	0.2731	0.0287	0.0300	-1.4816	1.6979	-2.5270	0.4401	-1.1477	177.3342	297.3225	428.5511	71.2376	2.9616	1.6249	96.0928
67.0471	12022.0000	-0.2320	1.6686	0.0000	209.2280	413.4400	230.4220	3.3467	441.4700	69.1209	1.0000	12000.0000	500.0000	0.0000	12013.8905	0.3218	0.2731	0.0287	0.0300	-1.4816	1.6979	-2.5270	0.4401	-1.1477	177.3342	297.3225	428.5511	71.2376	2.9616	1.6249	96.0928
67.6116	12037.0000	-0.2300	1.6706	0.0000	209.2660	412.8800	230.4130	3.3393	440.8500	69.2945	1.0000	12000.0000	500.0000	0.0000	12009.7384	0.2441	0.2787	0.0291	0.0327	-1.4451	1.0981	-2.8221	0.6235	-16.9061	166.2216	297.5326	431.8054	71.4132	2.3499	1.6365	96.1692
67.7853	12037.0000	-0.2300	1.6706	0.0000	209.2660	412.8800	230.4130	3.3393	440.8500	69.2945	1.0000	12000.0000	500.0000	0.0000	12009.7384	0.2441	0.2787	0.0291	0.0327	-1.4451	1.0981	-2.8221	0.6235	-16.9061	166.2216	297.5326	431.8054	71.4132	2.3499	1.6365	96.1692
68.2005	11981.0000	-0.2360	1.6616	0.0000	209.3780	413.6600	230.3940	3.3341	441.4600	69.3903	2.0000	12000.0000	500.0000	0.0000	11961.4871	0.3011	0.3393	0.0280	0.0326	-1.5526	1.5278	-2.5857	0.6880	-10.9362	168.6581	297.7943	430.1236	71.6061	2.2262	1.6399	96.2258
68.5364	11981.0000	-0.2360	1.6616	0.0000	209.3780	413.6600	230.3940	3.3341	441.4600	69.3903	2.0000	12000.0000	500.0000	0.0000	11984.1656	0.3491	0.3085	0.0340	0.0282	-1.7684	2.0521	-2.0963	0.4175	-7.7067	181.6276	297.6069	430.9089	71.7625	2.4310	1.6186	96.2258
68.8071	11981.0000	-0.2360	1.6616	0.0000	209.3780	413.6600	230.3940	3.3341	441.4600	69.3903	2.0000	12000.0000	500.0000	0.0000	11984.1656	0.3491	0.3085	0.0340	0.0282	-1.7684	2.0521	-2.0963	0.4175	-7.7067	181.6276	297.6069	430.9089	71.7625	2.4310	1.6186	96.2258
69.3838	11980.0000	-0.2350	1.6714	0.0000	208.9370	416.3000	230.3840	3.3604	444.2600	69.5008	2.0000	12000.0000	500.0000	0.0000	11986.2871	0.2439	0.3073	0.0294	0.0326	-1.3534	1.1099	-2.0703	0.6379	-14.7680	166.2166	297.5545	430.9836	71.9147	2.7028	1.6280	96.2882
69.4123	11980.0000	-0.2350	1.6714	0.0000	208.9370	416.3000	230.3840	3.3604	444.2600	69.5008	2.0000	12000.0000	500.0000	0.0000	11986.2871	0.2439	0.3073	0.0294	0.0326	-1.3534	1.1099	-2.0703	0.6379	-14.7680	166.2166	297.5545	430.9836	71.9147	2.7028	1.6280	96.2882
70.0184	12001.0000	-0.2320	1.6568	0.0000	209.2710	413.1600	230.3720	3.3412	440.8100	69.6551	2.0000	12000.0000	500.0000	0.0000	12026.6093	0.3749	0.2558	0.0335	0.0276	-2.0986	2.5225	-2.2517	0.4968	-7.1297	176.1028	297.4033	443.1269	72.0579	2.7134	1.6234	96.2882
70.1284	12001.0000	-0.2320	1.6568	0.0000	209.2710	413.1600	230.3720	3.3412	440.8100	69.6551	2.0000	12000.0000	500.0000	0.0000	12026.6093	0.3749	0.2558	0.0335	0.0276	-2.0986	2.5225	-2.2517	0.4968	-7.1297	176.1028	297.4033	443.1269	72.0579	2.7134	1.6234	96.2882
70.6237	12006.0000	-0.2330	1.6523	0.0000	209.1320	413.5300	230.3630	3.3448	441.2400	69.7912	2.0000	12000.0000	500.0000	0.0000	11999.5176	0.3146	0.2910	0.0306	0.0315	-1.7095	1.6958	-1.9330	0.5670	-13.8756	162.1221	297.4312	422.6722	72.2084	2.4160	1.6399	96.3560
70.8624	12006.0000	-0.2330	1.6523	0.0000	209.1320	413.5300	230.3630	3.3448	441.2400	69.7912	2.0000	12000.0000	500.0000	0.0000	11999.5176	0.3146	0.2910	0.0306	0.0315	-1.7095	1.6958	-1.9330	0.5670	-13.8756	162.1221	297.4312	422.6722	72.2084	2.4160	1.6399	96.3560
71.2281	12006.0000	-0.2330	1.6523	0.0000	209.1320	413.5300	230.3630	3.3448	441.2400	69.7912	2.0000	12000.0000	500.0000	0.0000	11996.8097	0.3375	0.2941	0.0294	0.0322	-1.4034	1.6503	-2.1698	0.5374	-11.1376	173.9931	297.4707	440.2932	72.3724	2.7339	1.6755	96.4108
71.6042	11980.0000	-0.2340	1.6569	0.0000	209.0710	418.8400	230.3450	3.3849	446.7000	69.8952	2.0000	12000.0000	500.0000	0.0000	11994.8036	0.3049	0.2978	0.0309	0.0303	-1.4808	1.5674	-1.9933	0.6747	-7.7734	159.4674	297.4159	426.4625	72.5167	2.0675	1.6318	96.4108
71.8342	11980.0000	-0.2340	1.6569	0.0000	209.0710	418.8400	230.3450	3.3849	446.7000	69.8952	2.0000	12000.0000	500.0000	0.0000	11994.8036	0.3049	0.2978	0.0309	0.0303	-1.4808	1.5674	-1.9933	0.6747	-7.7734	159.4674	297.4159	426.4625	72.5167	2.0675	1.6318	96.4108
72.3438	12025.0000	-0.2330	1.6493	0.0000	209.2950	414.7300	230.3430	3.3557	442.2400	69.9903	2.0000	12000.0000	500.0000	0.0000	12012.9277	0.2304	0.2760	0.0337	0.0335	-1.7491	1.1401	-2.0799	0.5357	-7.4645	172.1605	297.3192	440.3074	72.6490	2.0142	1.6146	96.4673
72.4404	12025.0000	-0.2330	1.6493	0.0000	209.2950	414.7300	230.3430	3.3557	442.2400	69.9903	2.0000	12000.0000	500.0000	0.0000	12012.9277	0.2304	0.2760	0.0337	0.0335	-1.7491	1.1401	-2.0799	0.5357	-7.4645	172.1605	297.3192	440.3074	72.6490	2.0142	1.6146	96.4673
73.0457	12023.0000	-0.2300	1.6509	0.0000	209.1510	417.0700	230.3290	3.3766	444.7600	70.0988	2.0000	12000.0000	500.0000	0.0000	12001.9434	0.3306	0.2895	0.0323	0.0291	-1.5498	1.8786	-2.3753	0.7277	-9.7627	156.7695	297.3253	430.6477	72.7673	2.0466	1.6096	96.4673
73.0823	12023.0000	-0.2300	1.6509	0.0000	209.1510	417.0700	230.3290	3.3766	444.7600	70.0988	2.0000	12000.0000	500.0000	0.0000	12001.9434	0.3306	0.2895	0.0323	0.0291	-1.5498	1.8786	-2.3753	0.7277	-9.7627	156.7695	297.3253	430.6477	72.7673	2.0466	1.6096	96.4673
73.6509	11990.0000	-0.2320	1.6547	0.0000	209.1590	418.5200	230.3210	3.3911	446.3500	70.2053	2.0000	12000.0000	500.0000	0.0000	12004.7516	0.2478	0.2869	0.0290	0.0330	-1.8090	1.2830	-2.4242	0.5768	-15.3506	171.2585	297.3596	435.1672	72.8778	2.4449	1.6155	96.5376
73.8159	11990.0000	-0.2320	1.6547	0.0000	209.1590	418.5200	230.3210	3.3911	446.3500	70.2053	2.0000	12000.0000	500.0000	0.0000	12004.7516	0.2478	0.2869	0.0290	0.0330	-1.8090	1.2830	-2.4242	0.5768	-15.3506	171.2585	297.3596	435.1672	72.8778	2.4449	1.6155	96.5376
74.2567	11998.0000	-0.2330	1.6602	0.0000	209.0870	418.0700	230.3090	3.3952	445.9300	70.3558	2.0000	12000.0000	500.0000	0.0000	12018.5929	0.3120	0.2681	0.0316	0.0281	-1.8310	1.8585	-2.2292	0.4731	-8.0118	177.3210	297.1317	438.1724	73.0162	2.5252	1.6707	96.5858
74.5495	11998.0000	-0.2330	1.6602	0.0000	209.0870	418.0700	230.3090	3.3952	445.9300	70.3558	2.0000	12000.0000	500.0000	0.0000	12018.5929	0.3120	0.2681	0.0316	0.0281	-1.8310	1.8585	-2.2292	0.4731	-8.0118	177.3210	297.1317	438.1724	73.0162	2.5252	1.6707	96.5858
74.8616	11998.0000	-0.2330	1.6602	0.0000	209.0870	418.0700	230.3090	3.3952	445.9300	70.3558	2.0000	12000.0000	500.0000	0.0000	11997.9323	0.2500	0.2963	0.0308	0.0321	-1.7710	1.2973	-2.3224	0.5862	-13.4188	166.1063	297.2346	429.0951	73.1536	2.3619	1.6506	96.5858
75.2826	11984.0000	-0.2330	1.6657	0.0000	208.8650	421.7300	230.3020	3.4172	449.6400	70.4315	3.0000	12000.0000	500.0000	0.0000	11986.1694	0.3668	0.3107	0.0315	0.0299	-1.0337	2.0540	-2.5802	0.4988	-18.0021	175.0234	297.3916	450.6456	73.2815	2.0943	1.6535	96.6423
75.4683	11984.0000	-0.2330	1.6657	0.0000	208.8650	421.7300	230.3020	3.4172	449.6400	70.4315	3.0000	12000.0000	500.0000	0.0000	11986.1694	0.3668	0.3107	0.0315	0.0299	-1.0337	2.0540	-2.5802	0.4988	-18.0021	175.0234	297.3916	450.6456	73.2815	2.0943	1.6535	96.6423
76.0740	11989.0000	-0.2350	1.6676	0.0000	208.9420	421.4100	230.2930	3.4198	449.3500	70.5652	3.0000	12000.0000	500.0000	0.0000	11995.0857	0.2741	0.3001	0.0276	0.0313	-1.8192	1.5280	-2.5638	0.6115	-13.2786	161.0971	297.4344	427.1996	73.4150	2.5980	1.6527	96.6423
76.1439	11989.0000	-0.2350	1.6676	0.0000	208.9420	421.4100	230.2930	3.4198	449.3500	70.5652	3.0000	12000.0000	500.0000	0.0000	11995.0857	0.2741	0.3001	0.0276	0.0313	-1.8192	1.5280	-2.5638	0.6115	-13.2786	161.0971	297.4344	427.1996	73.4150	2.5980	1.6527	96.6423
76.6789	11989.0000	-0.2350	1.6676	0.0000	208.9420	421.4100	230.2930	3.4198	449.3500	70.5652	3.0000	12000.0000	500.0000	0.0000	12007.9222	0.3309	0.2839	0.0286	0.0327	-1.6875	1.6586	-2.3640	0.5149	-15.8673	175.5652	297.2703	450.7306	73.5312	2.7299	1.6376	96.7121
77.2853	11990.0000	-0.2330	1.6501	0.0000	209.2500	414.3700	230.2900	3.3633	441.7200	70.7404	3.0000	12000.0000	500.0000	0.0000	12020.4032	0.3394	0.2678	0.0324	0.0297	-1.7797	1.9684	-2.3648	0.7457	-5.5908	156.6496	297.3297	430.7907	73.6629	2.0193	1.6597	96.7691
77.4434	11990.0000	-0.2330	1.6501	0.0000	209.2500	414.3700	230.2900	3.3633	441.7200	70.7404	3.0000	12000.0000	500.0000	0.0000	12020.4032	0.3394	0.2678	0.0324	0.0297	-1.7797	1.9684	-2.3648	0.7457	-5.5908	156.6496	297.3297	430.7907	73.6629	2.0193	1.6597	96.7691
77.8902	12001.0000	-0.2340	1.6621	0.0000	209.1080	415.7200	230.2810	3.3827	443.1200	70.8578	3.0000	12000.0000	500.0000	0.0000	11989.8809	0.2448	0.3049	0.0279	0.0332	-1.8070	1.2506	-2.6803	0.5111	-19.4960	174.0113	297.5669	435.4092	73.7784	2.5333	1.6146	96.7691
78.1889	12001.0000	-0.2340	1.6621	0.0000	209.1080	415.7200	230.2810	3.3827	443.1200	70.8578	3.0000	12000.0000	500.0000	0.0000	11989.8809	0.2448	0.3049	0.0279	0.0332	-1.8070	1.2506	-2.6803	0.5111	-19.4960	174.0113	297.5669	435.4092	73.7784	2.5333	1.6146	96.7691
78.4958	12001.0000	-0.2340	1.6621	0.0000	209.1080	415.7200	230.2810	3.3827	443.1200	70.8578	3.0000	12000.0000	500.0000	0.0000	11992.5748	0.3247	0.3001	0.0334	0.0289	-1.4024	1.7247	-1.7047	0.4753	-4.4965	175.1552	297.2763	429.6170	73.8621	2.7863	1.6303	96.8277
78.9657	11990.0000	-0.2340	1.6589	0.0000	209.1350	418.3700	230.2710	3.3976	445.8000	70.9854	3.0000	12000.0000	500.0000	0.0000	12019.6758	0.2549	0.2649	0.0314	0.0329	-2.0772	1.4354	-1.9154	0.5690	-14.7636	166.7894	297.4228	428.7846	73.9667	2.7050	1.6379	96.8277
79.1017	11990.0000	-0.2340	1.6589	0.0000	209.1350	418.3700	230.2710	3.3976	445.8000	70.9854	3.0000	12000.0000	500.0000	0.0000	12019.6758	0.2549	0.2649	0.0314	0.0329	-2.0772	1.4354	-1.9154	0.5690	-14.7636	166.7894	297.4228	428.7846	73.9667	2.7050	1.6379	96.8277
79.7066	11984.0000	-0.2350	1.6766	0.0000	209.1100	417.0100	230.2660	3.3898	444.4100	71.0764	3.0000	12000.0000	500.0000	0.0000	12024.9331	0.3764	0.2590	0.0343	0.0274	-1.8640	2.4102	-1.8522	0.6295	-11.4703	175.5345	297.5191	442.5506	74.0788	2.6433	1.6730	96.8947
79.7102	11984.0000	-0.2350	1.6766	0.0000	209.1100	417.0100	230.2660	3.3898	444.4100	71.0764	3.0000	12000.0000	500.0000	0.0000	12024.9331	0.3764	0.2590	0.0343	0.0274	-1.8640	2.4102	-1.8522	0.6295	-11.4703	175.5345	297.5191	442.5506	74.0788	2.6433	1.6730	96.8947
80.3122	11991.0000	-0.2320	1.6354	0.0000	209.4640	409.9400	230.2580	3.3356	436.8100	71.1629	3.0000	12000.0000	500.0000	0.0000	12013.0338	0.2509	0.2739	0.0297	0.0320	-1.3076	1.1349	-1.8696	0.4695	-10.2892	165.9235	297.5928	434.4008	74.2080	2.9294	1.6425	96.9495
80.4575	11991.0000	-0.2320	1.6354	0.0000	209.4640	409.9400	230.2580	3.3356	436.8100	71.1629	3.0000	12000.0000	500.0000	0.0000	12013.0338	0.2509	0.2739	0.0297	0.0320	-1.3076	1.1349	-1.8696	0.4695	-10.2892	165.9235	297.5928	434.4008	74.2080	2.9294	1.6425	96.9495
80.9028	11988.0000	-0.2300	1.6526	0.0000	209.2940	413.1300	230.2500	3.3596	440.1800	71.2572	3.0000	12000.0000	500.0000	0.0000	11992.5189	0.2693	0.2990	0.0342	0.0317	-1.4451	1.2935	-2.4307	0.5572	-21.5312	165.3543	297.8966	423.7726	74.3040	2.4233	1.6310	96.9495
81.1962	11988.0000	-0.2300	1.6526	0.0000	209.2940	413.1300	230.2500	3.3596	440.1800	71.2572	3.0000	12000.0000	500.0000	0.0000	11992.5189	0.2693	0.2990	0.0342	0.0317	-1.4451	1.2935	-2.4307	0.5572	-21.5312	165.3543	297.8966	423.7726	74.3040	2.4233	1.6310	96.9495
81.5090	11988.0000	-0.2300	1.6526	0.0000	209.2940	413.1300	230.2500	3.3596	440.1800	71.2572	3.0000	12000.0000	500.0000	0.0000	11996.7130	0.3163	0.2922	0.0316	0.0326	-1.5830	1.5081	-2.2566	0.5784	-12.6049	173.5138	297.6370	441.1534	74.3810	2.1338	1.5985	97.0117
81.9689	11988.0000	-0.2340	1.6342	0.0000	209.6310	409.2000	230.2440	3.3327	435.8200	71.3732	3.0000	12000.0000	500.0000	0.0000	12013.7868	0.3891	0.2704	0.0316	0.0306	-1.4836	2.0922	-2.2523	0.4811	-8.7840	175.5176	297.6876	437.5555	74.4493	2.3827	1.6184	97.0117
82.0980	11988.0000	-0.2340	1.6342	0.0000	209.6310	409.2000	230.2440	3.3327	435.8200	71.3732	3.0000	12000.0000	500.0000	0.0000	12013.7868	0.3891	0.2704	0.0316	0.0306	-1.4836	2.0922	-2.2523	0.4811	-8.7840	175.5176	297.6876	437.5555	74.4493	2.3827	1.6184	97.0117
82.7025	11992.0000	-0.2330	1.6571	0.0000	209.3630	412.0400	230.2370	3.3527	439.0900	71.4569	4.0000	12000.0000	500.0000	0.0000	11996.8482	0.2726	0.2920	0.0330	0.0315	-1.7724	1.4077	-2.1076	0.6245	-14.2650	163.2529	297.7356	418.1277	74.5214	2.3584	1.6022	97.0810
82.7031	11992.0000	-0.2330	1.6571	0.0000	209.3630	412.0400	230.2370	3.3527	439.0900	71.4569	4.0000	12000.0000	500.0000	0.0000	11996.8482	0.2726	0.2920	0.0330	0.0315	-1.7724	1.4077	-2.1076	0.6245	-14.2650	163.2529	297.7356	418.1277	74.5214	2.3584	1.6022	97.0810
83.3095	11989.0000	-0.2310	1.6548	0.0000	209.2370	411.5500	230.2280	3.3586	438.7700	71.5698	4.0000	12000.0000	500.0000	0.0000	11994.6229	0.2914	0.2939	0.0314	0.0335	-1.6830	1.4033	-1.8932	0.5816	-13.5939	170.8669	297.8296	437.9379	74.6173	2.6701	1.6450	97.1266
83.5725	11989.0000	-0.2310	1.6548	0.0000	209.2370	411.5500	230.2280	3.3586	438.7700	71.5698	4.0000	12000.0000	500.0000	0.0000	11994.6229	0.2914	0.2939	0.0314	0.0335	-1.6830	1.4033	-1.8932	0.5816	-13.5939	170.8669	297.8296	437.9379	74.6173	2.6701	1.6450	97.1266
83.8989	11989.0000	-0.2310	1.6548	0.0000	209.2370	411.5500	230.2280	3.3586	438.7700	71.5698	4.0000	12000.0000	500.0000	0.0000	12011.4554	0.3520	0.2726	0.0295	0.0309	-1.4656	1.8218	-2.4597	0.5203	-6.8600	176.4807	297.9641	440.0945	74.7108	2.3603	1.6423	97.1266
84.3138	11994.0000	-0.2330	1.6389	0.0000	209.4360	409.4900	230.2240	3.3376	436.1100	71.6342	4.0000	12000.0000	500.0000	0.0000	12000.1529	0.2693	0.2875	0.0329	0.0308	-1.7289	1.4162	-2.4163	0.7084	-4.9350	156.1549	297.9962	420.3169	74.7932	2.2935	1.6204	97.1770
84.5048	11994.0000	-0.2330	1.6389	0.0000	209.4360	409.4900	230.2240	3.3376	436.1100	71.6342	4.0000	12000.0000	500.0000	0.0000	12000.1529	0.2693	0.2875	0.0329	0.0308	-1.7289	1.4162	-2.4163	0.7084	-4.9350	156.1549	297.9962	420.3169	74.7932	2.2935	1.6204	97.1770
85.0515	11989.0000	-0.2330	1.6462	0.0000	209.5270	406.5700	230.2100	3.3267	433.1600	71.7276	4.0000	12000.0000	500.0000	0.0000	12009.1252	0.2295	0.2745	0.0281	0.0337	-1.5141	1.0034	-2.6736	0.5472	-14.5538	174.1003	297.8240	430.4911	74.8686	2.7208	1.6210	97.1770
85.1105	11989.0000	-0.2330	1.6462	0.0000	209.5270	406.5700	230.2100	3.3267	433.1600	71.7276	4.0000	12000.0000	500.0000	0.0000	12009.1252	0.2295	0.2745	0.0281	0.0337	-1.5141	1.0034	-2.6736	0.5472	-14.5538	174.1003	297.8240	430.4911	74.8686	2.7208	1.6210	97.1770
85.7148	11987.0000	-0.2320	1.6564	0.0000	209.5240	407.1800	230.2020	3.3306	433.8400	71.8106	4.0000	12000.0000	500.0000	0.0000	12019.6455	0.3099	0.2601	0.0323	0.0301	-1.5263	1.6298	-2.1927	0.6192	4.6564	156.5129	297.9678	418.7778	74.9393	2.4560	1.6104	97.2411
85.7916	11987.0000	-0.2320	1.6564	0.0000	209.5240	407.1800	230.2020	3.3306	433.8400	71.8106	4.0000	12000.0000	500.0000	0.0000	12019.6455	0.3099	0.2601	0.0323	0.0301	-1.5263	1.6298	-2.1927	0.6192	4.6564	156.5129	297.9678	418.7778	74.9393	2.4560	1.6104	97.2411
86.3215	11980.0000	-0.2310	1.6663	0.0000	209.3730	408.3100	230.1890	3.3312	434.9800	71.9326	4.0000	12000.0000	500.0000	0.0000	12027.1630	0.2701	0.2485	0.0328	0.0326	-1.4260	1.3110	-2.2502	0.5232	-16.4959	172.3177	298.1583	418.4455	75.0300	2.6307	1.6622	97.2870
86.5352	11980.0000	-0.2310	1.6663	0.0000	209.3730	408.3100	230.1890	3.3312	434.9800	71.9326	4.0000	12000.0000	500.0000	0.0000	12027.1630	0.2701	0.2485	0.0328	0.0326	-1.4260	1.3110	-2.2502	0.5232	-16.4959	172.3177	298.1583	418.4455	75.0300	2.6307	1.6622	97.2870
86.9270	12037.0000	-0.2300	1.6312	0.0000	209.8850	403.3400	230.1850	3.2906	429.5400	72.0290	4.0000	12000.0000	500.0000	0.0000	12028.6982	0.2713	0.2475	0.0332	0.0285	-1.6251	1.4836	-1.6963	0.5523	-13.8324	173.5310	297.9576	424.9797	75.1156	1.6465	1.6469	97.2870
87.2695	12037.0000	-0.2300	1.6312	0.0000	209.8850	403.3400	230.1850	3.2906	429.5400	72.0290	4.0000	12000.0000	500.0000	0.0000	12007.9164	0.2444	0.2728	0.0290	0.0326	-1.3221	1.1277	-2.0690	0.4787	-10.0323	168.1642	298.2252	417.9567	75.2049	3.0166	1.6422	97.3377
87.5316	12037.0000	-0.2300	1.6312	0.0000	209.8850	403.3400	230.1850	3.2906	429.5400	72.0290	4.0000	12000.0000	500.0000	0.0000	12007.9164	0.2444	0.2728	0.0290	0.0326	-1.3221	1.1277	-2.0690	0.4787	-10.0323	168.1642	298.2252	417.9567	75.2049	3.0166	1.6422	97.3377
88.0196	11976.0000	-0.2320	1.6480	0.0000	209.5900	407.9000	230.1700	3.3208	434.2300	72.0931	4.0000	12000.0000	500.0000	0.0000	11988.2373	0.3391	0.2983	0.0321	0.0288	-1.9447	2.0561	-2.6078	0.5210	-13.7782	178.2103	297.9389	431.8460	75.2687	2.1737	1.6065	97.3377
88.1383	11976.0000	-0.2320	1.6480	0.0000	209.5900	407.9000	230.1700	3.3208	434.2300	72.0931	4.0000	12000.0000	500.0000	0.0000	11988.2373	0.3391	0.2983	0.0321	0.0288	-1.9447	2.0561	-2.6078	0.5210	-13.7782	178.2103	297.9389	431.8460	75.2687	2.1737	1.6065	97.3377
88.7439	11995.0000	-0.2310	1.6522	0.0000	209.2630	409.9400	230.1660	3.3428	436.6000	72.1760	4.0000	12000.0000	500.0000	0.0000	12021.2320	0.3040	0.2568	0.0291	0.0317	-1.8360	1.6425	-2.0004	0.5103	-15.1626	163.0505	297.8553	418.9935	75.3224	2.4710	1.6403	97.4042
88.7624	11995.0000	-0.2310	1.6522	0.0000	209.2630	409.9400	230.1660	3.3428	436.6000	72.1760	4.0000	12000.0000	500.0000	0.0000	12021.2320	0.3040	0.2568	0.0291	0.0317	-1.8360	1.6425	-2.0004	0.5103	-15.1626	163.0505	297.8553	418.9935	75.3224	2.4710	1.6403	97.4042
89.3492	12014.0000	-0.2300	1.6515	0.0000	209.2870	408.3900	230.1590	3.3392	434.9900	72.3001	5.0000	12000.0000	500.0000	0.0000	12024.0973	0.2293	0.2538	0.0313	0.0339	-2.1201	0.9977	-1.8514	0.6137	-14.1055	171.2679	297.5811	441.3831	75.4176	2.4938	1.6458	97.4467
89.5069	12014.0000	-0.2300	1.6515	0.0000	209.2870	408.3900	230.1590	3.3392	434.9900	72.3001	5.0000	12000.0000	500.0000	0.0000	12024.0973	0.2293	0.2538	0.0313	0.0339	-2.1201	0.9977	-1.8514	0.6137	-14.1055	171.2679	297.5811	441.3831	75.4176	2.4938	1.6458	97.4467
89.9548	12024.0000	-0.2330	1.6335	0.0000	209.6540	405.7600	230.1570	3.3179	432.0800	72.3414	5.0000	12000.0000	500.0000	0.0000	12019.8705	0.3212	0.2589	0.0347	0.0303	-1.9119	1.8453	-2.0237	0.7343	-12.5098	161.3251	297.4983	421.5476	75.4780	2.4479	1.6095	97.4467
90.3642	12024.0000	-0.2330	1.6335	0.0000	209.6540	405.7600	230.1570	3.3179	432.0800	72.3414	5.0000	12000.0000	500.0000	0.0000	12026.8168	0.2275	0.2493	0.0303	0.0335	-1.5126	0.9811	-2.3564	0.5998	-5.8121	174.7888	297.8819	429.6317	75.5302	2.7101	1.6114	97.5015
90.5608	12024.0000	-0.2330	1.6335	0.0000	209.6540	405.7600	230.1570	3.3179	432.0800	72.3414	5.0000	12000.0000	500.0000	0.0000	12026.8168	0.2275	0.2493	0.0303	0.0335	-1.5126	0.9811	-2.3564	0.5998	-5.8121	174.7888	297.8819	429.6317	75.5302	2.7101	1.6114	97.5015
91.1084	11992.0000	-0.2320	1.6456	0.0000	209.5740	406.4600	230.1480	3.3233	432.9200	72.4627	5.0000	12000.0000	500.0000	0.0000	12000.7439	0.2582	0.2830	0.0325	0.0300	-1.9207	1.4103	-1.7224	0.4493	-27.2307	176.6197	297.9558	420.9239	75.5750	2.6689	1.5958	97.5015
91.1664	11992.0000	-0.2320	1.6456	0.0000	209.5740	406.4600	230.1480	3.3233	432.9200	72.4627	5.0000	12000.0000	500.0000	0.0000	12000.7439	0.2582	0.2830	0.0325	0.0300	-1.9207	1.4103	-1.7224	0.4493	-27.2307	176.6197	297.9558	420.9239	75.5750	2.6689	1.5958	97.5015
91.7717	11990.0000	-0.2300	1.6665	0.0000	209.5620	406.9700	230.1460	3.3257	433.4500	72.5171	5.0000	12000.0000	500.0000	0.0000	12029.6296	0.2894	0.2452	0.0285	0.0327	-1.9614	1.5681	-2.4683	0.4799	-11.6137	172.0952	298.1800	418.0700	75.6187	2.1680	1.6397	97.5674
91.8489	11990.0000	-0.2300	1.6665	0.0000	209.5620	406.9700	230.1460	3.3257	433.4500	72.5171	5.0000	12000.0000	500.0000	0.0000	12029.6296	0.2894	0.2452	0.0285	0.0327	-1.9614	1.5681	-2.4683	0.4799	-11.6137	172.0952	298.1800	418.0700	75.6187	2.1680	1.6397	97.5674
92.3783	11972.0000	-0.2310	1.6398	0.0000	209.6870	406.0700	230.1420	3.3099	432.2500	72.6104	5.0000	12000.0000	500.0000	0.0000	12004.8332	0.2800	0.2770	0.0328	0.0282	-1.9465	1.6450	-1.6517	0.4775	-12.0182	176.5497	298.1261	427.1599	75.7020	2.0608	1.6545	97.6050
92.5846	11972.0000	-0.2310	1.6398	0.0000	209.6870	406.0700	230.1420	3.3099	432.2500	72.6104	5.0000	12000.0000	500.0000	0.0000	12004.8332	0.2800	0.2770	0.0328	0.0282	-1.9465	1.6450	-1.6517	0.4775	-12.0182	176.5497	298.1261	427.1599	75.7020	2.0608	1.6545	97.6050
92.9831	12038.0000	-0.2300	1.6696	0.0000	209.2770	412.0400	230.1390	3.3543	438.6900	72.6747	5.0000	12000.0000	500.0000	0.0000	12022.2473	0.2930	0.2536	0.0293	0.0316	-2.1509	1.7197	-2.7544	0.5319	-16.1585	162.2290	298.0396	416.8756	75.7741	2.2735	1.6280	97.6050
93.3309	12038.0000	-0.2300	1.6696	0.0000	209.2770	412.0400	230.1390	3.3543	438.6900	72.6747	5.0000	12000.0000	500.0000	0.0000	12021.5922	0.3446	0.2560	0.0330	0.0310	-1.1534	1.7522	-2.3924	0.5587	-10.9824	173.5672	297.7544	433.1761	75.8228	1.8814	1.6313	97.6537
93.5886	12038.0000	-0.2300	1.6696	0.0000	209.2770	412.0400	230.1390	3.3543	438.6900	72.6747	5.0000	12000.0000	500.0000	0.0000	12021.5922	0.3446	0.2560	0.0330	0.0310	-1.1534	1.7522	-2.3924	0.5587	-10.9824	173.5672	297.7544	433.1761	75.8228	1.8814	1.6313	97.6537
94.0621	12037.0000	-0.2300	1.6317	0.0000	209.7810	403.5300	230.1430	3.3057	429.7700	72.7873	5.0000	12000.0000	500.0000	0.0000	11990.9289	0.2712	0.2962	0.0283	0.0318	-1.3451	1.2593	-2.9492	0.6490	-12.1504	163.1094	297.8453	411.4540	75.8876	2.3255	1.6221	97.7189
94.1945	12037.0000	-0.2300	1.6317	0.0000	209.7810	403.5300	230.1430	3.3057	429.7700	72.7873	5.0000	12000.0000	500.0000	0.0000	11990.9289	0.2712	0.2962	0.0283	0.0318	-1.3451	1.2593	-2.9492	0.6490	-12.1504	163.1094	297.8453	411.4540	75.8876	2.3255	1.6221	97.7189
94.7992	11995.0000	-0.2310	1.6400	0.0000	209.5750	405.0400	230.1420	3.3186	431.4400	72.8740	5.0000	12000.0000	500.0000	0.0000	11996.2619	0.2321	0.2873	0.0327	0.0336	-1.5249	1.0440	-1.8944	0.4949	-15.4736	174.0871	297.9368	425.9397	75.9396	2.2305	1.6002	97.7189
94.7996	11995.0000	-0.2310	1.6400	0.0000	209.5750	405.0400	230.1420	3.3186	431.4400	72.8740	5.0000	12000.0000	500.0000	0.0000	11996.2619	0.2321	0.2873	0.0327	0.0336	-1.5249	1.0440	-1.8944	0.4949	-15.4736	174.0871	297.9368	425.9397	75.9396	2.2305	1.6002	97.7189
95.4055	11993.0000	-0.2300	1.6416	0.0000	209.6330	403.0700	230.1460	3.3067	429.4800	72.9427	5.0000	12000.0000	500.0000	0.0000	11997.5208	0.3266	0.2862	0.0339	0.0289	-2.0289	2.0208	-1.6050	0.6580	-4.5550	154.5102	297.9551	418.2409	76.0034	2.2828	1.6085	97.7657
95.5418	11993.0000	-0.2300	1.6416	0.0000	209.6330	403.0700	230.1460	3.3067	429.4800	72.9427	5.0000	12000.0000	500.0000	0.0000	11997.5208	0.3266	0.2862	0.0339	0.0289	-2.0289	2.0208	-1.6050	0.6580	-4.5550	154.5102	297.9551	418.2409	76.0034	2.2828	1.6085	97.7657
95.9951	11982.0000	-0.2310	1.6257	0.0000	209.9000	400.6000	230.1510	3.2754	426.4300	72.9704	6.0000	12000.0000	500.0000	0.0000	11995.0379	0.2843	0.2893	0.0331	0.0292	-2.1106	1.7542	-1.6819	0.7107	-10.5064	154.0820	298.0640	417.6877	76.0475	2.2905	1.6093	97.7657
96.2889	11982.0000	-0.2310	1.6257	0.0000	209.9000	400.6000	230.1510	3.2754	426.4300	72.9704	6.0000	12000.0000	500.0000	0.0000	11995.0379	0.2843	0.2893	0.0331	0.0292	-2.1106	1.7542	-1.6819	0.7107	-10.5064	154.0820	298.0640	417.6877	76.0475	2.2905	1.6093	97.7657
96.6010	11982.0000	-0.2310	1.6257	0.0000	209.9000	400.6000	230.1510	3.2754	426.4300	72.9704	6.0000	12000.0000	500.0000	0.0000	11992.7182	0.2511	0.2908	0.0297	0.0331	-1.3752	1.2085	-2.1037	0.4870	-7.3282	172.8513	298.1631	422.2769	76.0953	2.4941	1.6177	97.8085
97.0398	12031.0000	-0.2290	1.6202	0.0000	209.7340	402.1300	230.1570	3.2944	428.1200	73.0831	NOT CONNECTED	12000.0000	500.0000	0.0000	11992.7182	0.2511	0.2908	0.0297	0.0331	-1.3752	1.2085	-2.1037	0.4870	-7.3282	172.8513	298.1631	422.2769	76.0953	2.4941	1.6177	97.8085
97.7165	11993.0000	-0.2290	1.6346	0.0000	209.8340	405.4000	230.1590	3.3103	431.5400	73.1505	NOT CONNECTED	12000.0000	500.0000	0.0000	11990.1805	0.2963	0.2944	0.0314	0.0294	-1.8560	1.6767	-2.3743	0.4266	-4.0231	180.0044	298.2151	418.0462	76.1458	2.3886	1.6036	97.8639
97.7777	11993.0000	-0.2290	1.6346	0.0000	209.8340	405.4000	230.1590	3.3103	431.5400	73.1505	NOT CONNECTED	12000.0000	500.0000	0.0000	11990.1805	0.2963	0.2944	0.0314	0.0294	-1.8560	1.6767	-2.3743	0.4266	-4.0231	180.0044	298.2151	418.0462	76.1458	2.3886	1.6036	97.8639
98.3221	12073.0000	-0.1330	1.6422	0.0000	209.7620	405.4800	230.1700	3.3085	431.6100	73.2270	NOT CONNECTED	12000.0000	500.0000	0.0000	12024.3747	0.2682	0.2509	0.0324	0.0324	-2.2326	1.5866	-2.3621	0.4912	-9.4818	170.3087	297.8395	421.8965	76.2012	1.9657	1.6291	97.8963
98.7910	12073.0000	-0.1330	1.6422	0.0000	209.7620	405.4800	230.1700	3.3085	431.6100	73.2270	NOT CONNECTED	12000.0000	500.0000	0.0000	11983.4545	0.3550	0.3043	0.0325	0.0280	-1.5740	2.0882	-2.6588	0.5378	-3.8233	176.1838	298.0389	428.7391	76.2541	1.6764	1.6175	97.8963
98.9276	12073.0000	-0.1330	1.6422	0.0000	209.7620	405.4800	230.1700	3.3085	431.6100	73.2270	NOT CONNECTED	12000.0000	500.0000	0.0000	11983.4545	0.3550	0.3043	0.0325	0.0280	-1.5740	2.0882	-2.6588	0.5378	-3.8233	176.1838	298.0389	428.7391	76.2541	1.6764	1.6175	97.8963
99.5277	12030.0000	-0.1040	1.3895	0.0000	218.8790	216.1600	230.2520	1.9640	232.1200	73.2567	NOT CONNECTED	0.0000	500.0000	0.0000	11989.4275	0.3711	0.2969	0.0284	0.0308	-1.4507	2.0410	-2.1354	0.5088	-11.3439	176.4689	297.8850	436.7981	76.3004	3.1061	1.6155	97.9376
99.5489	12030.0000	-0.1040	1.3895	0.0000	218.8790	216.1600	230.2520	1.9640	232.1200	73.2567	NOT CONNECTED	0.0000	500.0000	0.0000	11989.4275	0.3711	0.2969	0.0284	0.0308	-1.4507	2.0410	-2.1354	0.5088	-11.3439	176.4689	297.8850	436.7981	76.3004	3.1061	1.6155	97.9376
100.1696	11984.0000	-0.1070	1.4195	0.0000	217.7340	234.4300	230.2210	2.0960	251.4400	73.3070	NOT CONNECTED	0.0000	500.0000	0.0000	12023.8688	0.1728	0.1477	0.0318	0.0344	-1.9387	0.9690	-2.2055	0.2435	-21.2667	178.9918	308.3261	229.7548	76.2761	1.9848	1.3697	97.9376
100.2651	11984.0000	-0.1070	1.4195	0.0000	217.7340	234.4300	230.2210	2.0960	251.4400	73.3070	NOT CONNECTED	0.0000	500.0000	0.0000	12023.8688	0.1728	0.1477	0.0318	0.0344	-1.9387	0.9690	-2.2055	0.2435	-21.2667	178.9918	308.3261	229.7548	76.2761	1.9848	1.3697	97.9376
100.7604	11992.0000	-0.1080	1.4224	0.0000	217.8690	233.5700	230.2420	2.0775	250.6800	73.2974	NOT CONNECTED	0.0000	500.0000	0.0000	12013.3403	0.1189	0.1405	0.0324	0.0339	-2.2557	0.7718	-1.7017	0.4274	-15.6253	174.6354	307.1080	246.6572	76.1484	1.9966	1.4161	98.0028
101.0084	11992.0000	-0.1080	1.4224	0.0000	217.8690	233.5700	230.2420	2.0775	250.6800	73.2974	NOT CONNECTED	0.0000	500.0000	0.0000	12013.3403	0.1189	0.1405	0.0324	0.0339	-2.2557	0.7718	-1.7017	0.4274	-15.6253	174.6354	307.1080	246.6572	76.1484	1.9966	1.4161	98.0028
101.3662	11992.0000	-0.1080	1.4224	0.0000	217.8690	233.5700	230.2420	2.0775	250.6800	73.2974	NOT CONNECTED	0.0000	500.0000	0.0000	11960.3378	0.0922	0.2115	0.0306	0.0328	-2.2158	0.4143	-2.5803	0.2279	-4.5966	171.1838	306.6413	251.3109	76.0862	1.8282	1.4206	97.9830
101.7486	11983.0000	-0.1100	1.3921	0.0000	218.1740	231.4100	230.2490	2.0578	248.1200	73.3373	NOT CONNECTED	0.0000	500.0000	0.0000	12019.5966	0.1152	0.1325	0.0323	0.0339	-2.1925	0.7052	-1.6947	0.3901	-17.0984	174.3943	307.3019	243.6425	76.0031	2.0566	1.3865	97.9830
101.9711	11983.0000	-0.1100	1.3921	0.0000	218.1740	231.4100	230.2490	2.0578	248.1200	73.3373	NOT CONNECTED	0.0000	500.0000	0.0000	12019.5966	0.1152	0.1325	0.0323	0.0339	-2.1925	0.7052	-1.6947	0.3901	-17.0984	174.3943	307.3019	243.6425	76.0031	2.0566	1.3865	97.9830
102.4888	11892.0000	-0.0270	1.3569	0.0000	220.4240	181.6600	230.2890	1.7059	198.6900	73.3136	NOT CONNECTED	0.0000	500.0000	0.0000	12025.7899	0.2150	0.1251	0.0352	0.0320	-1.4887	1.0947	-1.9010	0.2641	-6.7443	185.3574	307.0700	249.0684	75.8989	1.7269	1.3572	97.9667
102.5769	11892.0000	-0.0270	1.3569	0.0000	220.4240	181.6600	230.2890	1.7059	198.6900	73.3136	NOT CONNECTED	0.0000	500.0000	0.0000	12025.7899	0.2150	0.1251	0.0352	0.0320	-1.4887	1.0947	-1.9010	0.2641	-6.7443	185.3574	307.0700	249.0684	75.8989	1.7269	1.3572	97.9667
103.1980	11446.0000	-0.0160	1.2199	0.0000	225.2950	88.3300	230.3350	0.9560	99.9800	73.3185	NOT CONNECTED	0.0000	500.0000	0.0000	11990.1187	0.1326	0.1678	0.0319	0.0328	-1.6222	0.5616	-2.5493	0.2881	-10.2449	180.0612	308.5380	229.9392	75.7951	1.7873	1.3696	97.9548
103.2225	11446.0000	-0.0160	1.2199	0.0000	225.2950	88.3300	230.3350	0.9560	99.9800	73.3185	NOT CONNECTED	0.0000	500.0000	0.0000	11990.1187	0.1326	0.1678	0.0319	0.0328	-1.6222	0.5616	-2.5493	0.2881	-10.2449	180.0612	308.5380	229.9392	75.7951	1.7873	1.3696	97.9548
103.8034	11098.0000	-0.0160	1.1517	0.0000	225.0410	85.7300	230.3220	0.9330	97.2600	73.2893	NOT CONNECTED	0.0000	500.0000	0.0000	11704.3147	0.0231	0.0634	0.0360	0.0360	-1.6845	0.0604	-1.8839	0.1023	-12.8515	180.0956	315.4142	96.1030	75.6661	1.7997	1.2353	97.9548
103.9666	11098.0000	-0.0160	1.1517	0.0000	225.0410	85.7300	230.3220	0.9330	97.2600	73.2893	NOT CONNECTED	0.0000	500.0000	0.0000	11704.3147	0.0231	0.0634	0.0360	0.0360	-1.6845	0.0604	-1.8839	0.1023	-12.8515	180.0956	315.4142	96.1030	75.6661	1.7997	1.2353	97.9548
104.4089	10716.0000	-0.0120	1.1189	0.0000	224.9030	83.9900	230.3320	0.9167	95.3700	73.2788	NOT CONNECTED	0.0000	500.0000	0.0000	11388.5492	0.0569	0.0574	0.0380	0.0374	-1.5886	0.1785	-1.5435	0.1568	1.7755	179.4209	314.9357	104.1298	75.4995	1.7246	1.1522	97.9071
104.7087	10716.0000	-0.0120	1.1189	0.0000	224.9030	83.9900	230.3320	0.9167	95.3700	73.2788	NOT CONNECTED	0.0000	500.0000	0.0000	11388.5492	0.0569	0.0574	0.0380	0.0374	-1.5886	0.1785	-1.5435	0.1568	1.7755	179.4209	314.9357	104.1298	75.4995	1.7246	1.1522	97.9071
105.0144	10716.0000	-0.0120	1.1189	0.0000	224.9030	83.9900	230.3320	0.9167	95.3700	73.2788	NOT CONNECTED	0.0000	500.0000	0.0000	11076.5348	0.0852	0.0681	0.0374	0.0379	-1.5646	0.4152	-1.7483	0.1806	-14.0921	177.7043	315.5935	92.1696	75.2912	1.8070	1.1116	97.9071
105.4647	10343.0000	-0.0040	1.2420	0.0000	197.6740	72.2600	230.3500	0.8334	86.0900	73.2236	NOT CONNECTED	0.0000	500.0000	0.0000	10771.0832	0.0644	0.0652	0.0379	0.0395	-1.8229	0.4278	-1.8363	0.1354	-3.2889	181.8156	315.8085	85.1265	75.0704	1.5338	1.0583	97.8129
105.6210	10343.0000	-0.0040	1.2420	0.0000	197.6740	72.2600	230.3500	0.8334	86.0900	73.2236	NOT CONNECTED	0.0000	500.0000	0.0000	10771.0832	0.0644	0.0652	0.0379	0.0395	-1.8229	0.4278	-1.8363	0.1354	-3.2889	181.8156	315.8085	85.1265	75.0704	1.5338	1.0583	97.8129
106.2114	9965.0000	-0.0010	1.2477	0.0000	191.8930	72.3500	230.3580	0.8349	86.3700	73.1735	NOT CONNECTED	0.0000	500.0000	0.0000	10487.4497	0.0139	0.0268	0.0353	0.0350	-1.7685	0.0695	-1.6946	0.0181	-12.0365	158.7282	315.6861	76.3659	74.8294	1.8832	1.0370	97.7074
106.2269	9965.0000	-0.0010	1.2477	0.0000	191.8930	72.3500	230.3580	0.8349	86.3700	73.1735	NOT CONNECTED	0.0000	500.0000	0.0000	10487.4497	0.0139	0.0268	0.0353	0.0350	-1.7685	0.0695	-1.6946	0.0181	-12.0365	158.7282	315.6861	76.3659	74.8294	1.8832	1.0370	97.7074
106.8317	9602.0000	-0.0000	1.2481	0.0000	182.4370	69.8700	230.3750	0.8162	84.2500	73.2021	NOT CONNECTED	0.0000	500.0000	0.0000	10161.7956	0.0516	0.0479	0.0348	0.0349	-1.8464	0.2913	-1.6845	0.1322	-10.4579	152.1992	315.6079	77.9655	74.6674	1.8524	1.2199	97.7074
106.9699	9602.0000	-0.0000	1.2481	0.0000	182.4370	69.8700	230.3750	0.8162	84.2500	73.2021	NOT CONNECTED	0.0000	500.0000	0.0000	10161.7956	0.0516	0.0479	0.0348	0.0349	-1.8464	0.2913	-1.6845	0.1322	-10.4579	152.1992	315.6079	77.9655	74.6674	1.8524	1.2199	97.7074
107.4374	9204.0000	-0.0000	1.2473	0.0000	177.5640	63.0400	230.3850	0.7555	77.3900	73.1332	NOT CONNECTED	0.0000	500.0000	0.0000	9848.6260	0.0532	0.0618	0.0349	0.0349	-1.8364	0.3276	-1.8160	0.0658	-11.6620	149.7070	315.4445	78.6890	74.5573	1.8655	1.2133	97.5778
107.7114	9204.0000	-0.0000	1.2473	0.0000	177.5640	63.0400	230.3850	0.7555	77.3900	73.1332	NOT CONNECTED	0.0000	500.0000	0.0000	9848.6260	0.0532	0.0618	0.0349	0.0349	-1.8364	0.3276	-1.8160	0.0658	-11.6620	149.7070	315.4445	78.6890	74.5573	1.8655	1.2133	97.5778
108.0437	9204.0000	-0.0000	1.2473	0.0000	177.5640	63.0400	230.3850	0.7555	77.3900	73.1332	NOT CONNECTED	0.0000	500.0000	0.0000	9554.6459	0.0519	0.0458	0.0349	0.0349	-1.7342	0.2356	-1.8871	0.0965	-12.0174	143.4552	316.1183	71.5471	74.4255	1.9002	1.2182	97.5778
108.4622	8841.0000	-0.0000	1.2485	0.0000	167.9500	56.0700	230.4010	0.6901	70.4400	73.1029	NOT CONNECTED	0.0000	500.0000	0.0000	9251.5636	0.0246	0.0410	0.0348	0.0349	-1.6408	0.0764	-1.8032	0.0698	-12.3115	139.3891	316.4362	65.9715	74.3055	1.8270	1.2200	97.4782
108.6491	8841.0000	-0.0000	1.2485	0.0000	167.9500	56.0700	230.4010	0.6901	70.4400	73.1029	NOT CONNECTED	0.0000	500.0000	0.0000	9251.5636	0.0246	0.0410	0.0348	0.0349	-1.6408	0.0764	-1.8032	0.0698	-12.3115	139.3891	316.4362	65.9715	74.3055	1.8270	1.2200	97.4782
109.2104	8464.0000	-0.0000	1.2476	0.0000	163.1080	53.1500	230.4100	0.6642	67.6600	73.0664	NOT CONNECTED	0.0000	500.0000	0.0000	8957.5806	0.0498	0.0266	0.0349	0.0349	-1.7060	0.1987	-1.8690	0.1002	-10.9984	132.6138	316.6775	62.9934	74.1913	1.7607	1.2224	97.3806
109.2547	8464.0000	-0.0000	1.2476	0.0000	163.1080	53.1500	230.4100	0.6642	67.6600	73.0664	NOT CONNECTED	0.0000	500.0000	0.0000	8957.5806	0.0498	0.0266	0.0349	0.0349	-1.7060	0.1987	-1.8690	0.1002	-10.9984	132.6138	316.6775	62.9934	74.1913	1.7607	1.2224	97.3806
109.8604	8098.0000	0.0000	1.2474	0.0000	153.5360	46.3400	230.4290	0.6075	60.8900	73.0722	NOT CONNECTED	0.0000	500.0000	0.0000	8661.5093	0.0291	0.0248	0.0349	0.0349	-1.8126	0.1723	-1.8867	0.0206	-10.6676	128.7569	316.8573	57.7788	74.0846	1.8835	1.2346	97.3806
109.9693	8098.0000	0.0000	1.2474	0.0000	153.5360	46.3400	230.4290	0.6075	60.8900	73.0722	NOT CONNECTED	0.0000	500.0000	0.0000	8661.5093	0.0291	0.0248	0.0349	0.0349	-1.8126	0.1723	-1.8867	0.0206	-10.6676	128.7569	316.8573	57.7788	74.0846	1.8835	1.2346	97.3806
110.4659	7722.0000	0.0020	1.2474	0.0000	148.8200	43.5300	230.4340	0.5874	58.0500	73.0886	NOT CONNECTED	0.0000	500.0000	0.0000	8357.8971	0.0047	0.0227	0.0349	0.0348	-1.7903	0.0222	-1.8508	0.0865	-10.6288	122.9220	316.9770	54.0036	73.9956	1.7444	1.2259	97.2655
110.7065	7722.0000	0.0020	1.2474	0.0000	148.8200	43.5300	230.4340	0.5874	58.0500	73.0886	NOT CONNECTED	0.0000	500.0000	0.0000	8357.8971	0.0047	0.0227	0.0349	0.0348	-1.7903	0.0222	-1.8508	0.0865	-10.6288	122.9220	316.9770	54.0036	73.9956	1.7444	1.2259	97.2655
111.0716	7722.0000	0.0020	1.2474	0.0000	148.8200	43.5300	230.4340	0.5874	58.0500	73.0886	NOT CONNECTED	0.0000	500.0000	0.0000	8048.5043	0.0322	0.0286	0.0348	0.0349	-1.8454	0.1674	-1.7638	0.0640	-12.3742	119.2507	317.0464	51.0338	73.8980	1.8918	1.2277	97.2655
111.4626	7347.0000	0.0060	1.2482	0.0000	139.3280	38.3300	230.4530	0.5449	52.9400	73.0547	NOT CONNECTED	0.0000	500.0000	0.0000	7750.1652	0.0154	0.0175	0.0349	0.0348	-1.7343	0.0364	-1.8119	0.0681	-10.1706	114.3414	317.0455	48.1038	73.8020	1.7272	1.2299	97.1503
111.6767	7347.0000	0.0060	1.2482	0.0000	139.3280	38.3300	230.4530	0.5449	52.9400	73.0547	NOT CONNECTED	0.0000	500.0000	0.0000	7750.1652	0.0154	0.0175	0.0349	0.0348	-1.7343	0.0364	-1.8119	0.0681	-10.1706	114.3414	317.0455	48.1038	73.8020	1.7272	1.2299	97.1503
112.2051	6975.0000	0.0070	1.2480	0.0000	134.6460	37.3800	230.4620	0.5371	52.0200	73.0413	NOT CONNECTED	0.0000	500.0000	0.0000	7451.6949	0.0014	0.0048	0.0348	0.0348	-1.7807	-0.0084	-1.7555	0.0960	-11.7902	111.5432	317.1392	44.6061	73.7151	1.7098	1.2333	97.0360
112.2815	6975.0000	0.0070	1.2480	0.0000	134.6460	37.3800	230.4620	0.5371	52.0200	73.0413	NOT CONNECTED	0.0000	500.0000	0.0000	7451.6949	0.0014	0.0048	0.0348	0.0348	-1.7807	-0.0084	-1.7555	0.0960	-11.7902	111.5432	317.1392	44.6061	73.7151	1.7098	1.2333	97.0360
112.8880	6600.0000	0.0170	1.2475	0.0000	125.1990	32.0600	230.4800	0.4889	46.7300	73.0255	NOT CONNECTED	0.0000	500.0000	0.0000	7146.3697	0.0042	0.0026	0.0349	0.0348	-1.6678	-0.0531	-1.7980	0.0882	-11.2554	105.5641	317.2817	44.0649	73.6350	1.7388	1.2497	97.0360
112.9693	6600.0000	0.0170	1.2475	0.0000	125.1990	32.0600	230.4800	0.4889	46.7300	73.0255	NOT CONNECTED	0.0000	500.0000	0.0000	7146.3697	0.0042	0.0026	0.0349	0.0348	-1.6678	-0.0531	-1.7980	0.0882	-11.2554	105.5641	317.2817	44.0649	73.6350	1.7388	1.2497	97.0360
113.4940	6237.0000	0.0190	1.2478	0.0000	120.5710	30.3300	230.4900	0.4726	44.9700	72.9480	NOT CONNECTED	0.0000	500.0000	0.0000	6834.4422	0.0104	0.0347	0.0349	0.0348	-1.6609	-0.0107	-1.9065	0.0251	-9.9636	96.6394	317.4256	39.3912	73.5638	1.8866	1.2367	96.9090
113.7115	6237.0000	0.0190	1.2478	0.0000	120.5710	30.3300	230.4900	0.4726	44.9700	72.9480	NOT CONNECTED	0.0000	500.0000	0.0000	6834.4422	0.0104	0.0347	0.0349	0.0348	-1.6609	-0.0107	-1.9065	0.0251	-9.9636	96.6394	317.4256	39.3912	73.5638	1.8866	1.2367	96.9090
114.0995	5860.0000	0.0180	1.2478	0.0000	111.2090	26.5600	230.5070	0.4363	41.1500	72.9551	NOT CONNECTED	0.0000	500.0000	0.0000	6547.3944	0.0141	-0.0000	0.0349	0.0348	-1.8208	0.0617	-1.6990	-0.0272	-12.4835	98.3228	317.6023	37.1320	73.4907	1.6423	1.2377	96.9090
114.4630	5860.0000	0.0180	1.2478	0.0000	111.2090	26.5600	230.5070	0.4363	41.1500	72.9551	NOT CONNECTED	0.0000	500.0000	0.0000	6249.7349	-0.0108	-0.0000	0.0349	0.0348	-1.7665	-0.0418	-1.7724	0.0283	-12.0792	91.3725	317.6899	33.9267	73.4222	1.7234	1.2389	96.7806
114.7038	5860.0000	0.0180	1.2478	0.0000	111.2090	26.5600	230.5070	0.4363	41.1500	72.9551	NOT CONNECTED	0.0000	500.0000	0.0000	6249.7349	-0.0108	-0.0000	0.0349	0.0348	-1.7665	-0.0418	-1.7724	0.0283	-12.0792	91.3725	317.6899	33.9267	73.4222	1.7234	1.2389	96.7806
115.2945	5269.0000	0.0170	1.2704	0.0000	103.2880	28.0400	230.5180	0.4504	42.7600	72.9107	NOT CONNECTED	0.0000	500.0000	0.0000	5951.1672	-0.0101	-0.0000	0.0349	0.0348	-1.7666	-0.0140	-1.7336	0.0166	-12.0673	88.4863	317.8234	33.0799	73.3580	1.7279	1.2412	96.6523
115.7210	5269.0000	0.0170	1.2704	0.0000	103.2880	28.0400	230.5180	0.4504	42.7600	72.9107	NOT CONNECTED	0.0000	500.0000	0.0000	5661.2437	0.0370	-0.0000	0.0345	0.0348	-2.1191	0.1460	-1.4068	-0.0857	-12.7616	90.4834	317.5387	39.1302	73.2985	1.6105	1.2592	96.6523
115.8993	5269.0000	0.0170	1.2704	0.0000	103.2880	28.0400	230.5180	0.4504	42.7600	72.9107	NOT CONNECTED	0.0000	500.0000	0.0000	5661.2437	0.0370	-0.0000	0.0345	0.0348	-2.1191	0.1460	-1.4068	-0.0857	-12.7616	90.4834	317.5387	39.1302	73.2985	1.6105	1.2592	96.6523
116.4718	4926.0000	0.0150	1.2755	0.0000	94.7930	27.8400	230.5350	0.4470	42.5100	72.9058	NOT CONNECTED	0.0000	500.0000	0.0000	5367.5224	-0.0405	-0.0000	0.0348	0.0348	-1.4665	-0.1683	-2.2828	0.0687	-11.6177	71.6280	317.7695	30.1460	73.2537	2.1800	1.2664	96.5145
116.5057	4926.0000	0.0150	1.2755	0.0000	94.7930	27.8400	230.5350	0.4470	42.5100	72.9058	NOT CONNECTED	0.0000	500.0000	0.0000	5367.5224	-0.0405	-0.0000	0.0348	0.0348	-1.4665	-0.1683	-2.2828	0.0687	-11.6177	71.6280	317.7695	30.1460	73.2537	2.1800	1.2664	96.5145
117.1157	4611.0000	0.0150	1.2751	0.0000	90.6300	27.8500	230.5420	0.4460	42.4100	72.8885	NOT CONNECTED	0.0000	500.0000	0.0000	5115.7874	-0.0342	-0.0000	0.0348	0.0348	-1.3513	-0.1927	-2.2291	-0.0757	-13.4100	82.7222	317.7588	31.7463	73.2143	1.5374	1.2696	96.5145
117.2096	4611.0000	0.0150	1.2751	0.0000	90.6300	27.8500	230.5420	0.4460	42.4100	72.8885	NOT CONNECTED	0.0000	500.0000	0.0000	5115.7874	-0.0342	-0.0000	0.0348	0.0348	-1.3513	-0.1927	-2.2291	-0.0757	-13.4100	82.7222	317.7588	31.7463	73.2143	1.5374	1.2696	96.5145
117.7162	4230.0000	0.0290	1.3049	0.0000	82.2640	13.8800	230.5600	0.3197	28.6200	72.9152	NOT CONNECTED	0.0000	500.0000	0.0000	4853.6704	-0.0206	-0.0000	0.0348	0.0348	-1.5889	-0.0480	-2.1901	0.0485	-11.4331	64.8936	317.6897	29.9144	73.1784	1.7591	1.2753	96.3783
117.9701	4230.0000	0.0290	1.3049	0.0000	82.2640	13.8800	230.5600	0.3197	28.6200	72.9152	NOT CONNECTED	0.0000	500.0000	0.0000	4853.6704	-0.0206	-0.0000	0.0348	0.0348	-1.5889	-0.0480	-2.1901	0.0485	-11.4331	64.8936	317.6897	29.9144	73.1784	1.7591	1.2753	96.3783
118.3225	4230.0000	0.0290	1.3049	0.0000	82.2640	13.8800	230.5600	0.3197	28.6200	72.9152	NOT CONNECTED	0.0000	500.0000	0.0000	4585.8049	-0.0006	-0.0000	0.0349	0.0348	-1.8345	0.0301	-2.2095	0.0378	-11.5030	62.2222	317.5584	29.9033	73.1462	2.0451	1.2753	96.4381
118.7157	3778.0000	0.0460	1.3022	0.0000	77.1810	12.1800	230.5630	0.2996	26.5700	72.9019	NOT CONNECTED	0.0000	500.0000	0.0000	4244.6320	-0.0218	-0.0000	0.0347	0.0348	-1.3956	-0.1053	-1.3414	-0.0292	-11.1883	65.4872	318.1520	30.2907	73.1210	1.4473	1.3094	96.4381
118.9265	3778.0000	0.0460	1.3022	0.0000	77.1810	12.1800	230.5630	0.2996	26.5700	72.9019	NOT CONNECTED	0.0000	500.0000	0.0000	4244.6320	-0.0218	-0.0000	0.0347	0.0348	-1.3956	-0.1053	-1.3414	-0.0292	-11.1883	65.4872	318.1520	30.2907	73.1210	1.4473	1.3094	96.4381
119.4700	3390.0000	0.0430	1.2838	0.0000	66.4110	18.5400	230.5690	0.3553	32.6800	72.9429	NOT CONNECTED	0.0000	500.0000	0.0000	3930.3996	-0.0241	-0.0000	0.0349	0.0348	-1.3486	-0.0909	-1.9865	-0.1332	-10.5562	53.1694	318.9852	14.0456	73.1043	1.3336	1.3048	96.4904
119.5340	3390.0000	0.0430	1.2838	0.0000	66.4110	18.5400	230.5690	0.3553	32.6800	72.9429	NOT CONNECTED	0.0000	500.0000	0.0000	3930.3996	-0.0241	-0.0000	0.0349	0.0348	-1.3486	-0.0909	-1.9865	-0.1332	-10.5562	53.1694	318.9852	14.0456	73.1043	1.3336	1.3048	96.4904
120.1387	3010.0000	0.0430	1.2851	0.0000	61.8280	19.9800	230.5730	0.3660	33.9400	72.9566	NOT CONNECTED	0.0000	500.0000	0.0000	3545.3329	-0.0208	-0.0000	0.0347	0.0348	-1.4565	-0.0469	-1.2621	-0.2840	-8.1966	71.5849	318.3812	20.1628	73.0915	1.6910	1.2953	96.4904
120.2059	3010.0000	0.0430	1.2851	0.0000	61.8280	19.9800	230.5730	0.3660	33.9400	72.9566	NOT CONNECTED	0.0000	500.0000	0.0000	3545.3329	-0.0208	-0.0000	0.0347	0.0348	-1.4565	-0.0469	-1.2621	-0.2840	-8.1966	71.5849	318.3812	20.1628	73.0915	1.6910	1.2953	96.4904
120.7434	2630.0000	0.0460	1.2812	0.0000	52.5490	20.0900	230.5820	0.3638	33.8600	72.9935	NOT CONNECTED	0.0000	500.0000	0.0000	3240.6290	-0.0066	-0.0000	0.0347	0.0348	-1.6713	0.0045	-1.1962	0.0473	-13.3636	42.6844	318.3313	21.8181	73.0734	1.5291	1.2902	96.5441
120.9716	2630.0000	0.0460	1.2812	0.0000	52.5490	20.0900	230.5820	0.3638	33.8600	72.9935	NOT CONNECTED	0.0000	500.0000	0.0000	3240.6290	-0.0066	-0.0000	0.0347	0.0348	-1.6713	0.0045	-1.1962	0.0473	-13.3636	42.6844	318.3313	21.8181	73.0734	1.5291	1.2902	96.5441
121.3506	2245.0000	0.0420	1.2786	0.0000	47.7810	20.5800	230.5850	0.3664	34.1900	73.0474	NOT CONNECTED	0.0000	500.0000	0.0000	2983.2005	0.0172	-0.0000	0.0350	0.0348	-1.6191	0.0587	-1.3405	0.0091	-11.4913	41.8340	318.4707	26.8963	73.0575	1.2177	1.2909	96.5930
121.7100	2245.0000	0.0420	1.2786	0.0000	47.7810	20.5800	230.5850	0.3664	34.1900	73.0474	NOT CONNECTED	0.0000	500.0000	0.0000	2621.0916	-0.0235	-0.0380	0.0346	0.0348	-1.3043	-0.0887	-1.2932	-0.0931	-9.5463	44.3297	318.2487	22.7616	73.0441	1.9234	1.2898	96.5930
121.9559	2245.0000	0.0420	1.2786	0.0000	47.7810	20.5800	230.5850	0.3664	34.1900	73.0474	NOT CONNECTED	0.0000	500.0000	0.0000	2621.0916	-0.0235	-0.0380	0.0346	0.0348	-1.3043	-0.0887	-1.2932	-0.0931	-9.5463	44.3297	318.2487	22.7616	73.0441	1.9234	1.2898	96.5930
122.4551	1857.0000	0.0550	1.2697	0.0000	38.6230	21.1100	230.5940	0.3691	34.5200	73.1415	NOT CONNECTED	0.0000	500.0000	0.0000	2366.8560	-0.0493	-0.1125	0.0352	0.0350	-1.2154	-0.3093	-2.0056	-0.0281	-9.6730	35.8631	318.2338	24.2529	73.0298	1.7615	1.2856	96.6350
122.5613	1857.0000	0.0550	1.2697	0.0000	38.6230	21.1100	230.5940	0.3691	34.5200	73.1415	NOT CONNECTED	0.0000	500.0000	0.0000	2366.8560	-0.0493	-0.1125	0.0352	0.0350	-1.2154	-0.3093	-2.0056	-0.0281	-9.6730	35.8631	318.2338	24.2529	73.0298	1.7615	1.2856	96.6350
123.1661	1478.0000	0.0440	1.2512	0.0000	33.3690	21.5800	230.5960	0.3706	34.7800	73.1733	NOT CONNECTED	0.0000	500.0000	0.0000	2049.2994	-0.1062	-0.0000	0.0347	0.0354	-2.1125	-0.4521	-1.3250	0.0154	-9.8855	27.6007	318.1475	23.2812	73.0142	1.3131	1.2806	96.6350
123.2002	1478.0000	0.0440	1.2512	0.0000	33.3690	21.5800	230.5960	0.3706	34.7800	73.1733	NOT CONNECTED	0.0000	500.0000	0.0000	2049.2994	-0.1062	-0.0000	0.0347	0.0354	-2.1125	-0.4521	-1.3250	0.0154	-9.8855	27.6007	318.1475	23.2812	73.0142	1.3131	1.2806	96.6350
123.7725	1108.0000	0.0470	1.2475	0.0000	25.0860	23.3800	230.6010	0.3833	36.2600	73.2434	NOT CONNECTED	0.0000	500.0000	0.0000	1729.5748	-0.0920	-0.0904	0.0349	0.0351	-1.6731	-0.4139	-1.5292	-0.0985	-9.4787	21.3916	318.2151	23.7968	72.9972	1.5062	1.2579	96.6725
123.9707	1108.0000	0.0470	1.2475	0.0000	25.0860	23.3800	230.6010	0.3833	36.2600	73.2434	NOT CONNECTED	0.0000	500.0000	0.0000	1729.5748	-0.0920	-0.0904	0.0349	0.0351	-1.6731	-0.4139	-1.5292	-0.0985	-9.4787	21.3916	318.2151	23.7968	72.9972	1.5062	1.2579	96.6725
124.3780	729.0000	0.0500	1.2429	0.0000	21.2990	24.2800	230.6030	0.3899	37.0600	73.3066	NOT CONNECTED	0.0000	500.0000	0.0000	1423.5940	-0.0456	-0.0961	0.0351	0.0349	-2.0630	-0.2023	-1.7021	0.0144	-12.8239	20.7652	318.1051	24.3786	72.9712	1.7295	1.2586	96.7044
124.7079	729.0000	0.0500	1.2429	0.0000	21.2990	24.2800	230.6030	0.3899	37.0600	73.3066	NOT CONNECTED	0.0000	500.0000	0.0000	1125.9459	0.0083	-0.1226	0.0352	0.0348	-1.9773	0.0587	-1.6154	-0.1361	-9.8553	13.8978	317.9059	26.6987	72.9475	1.5598	1.2553	96.7044
124.9840	729.0000	0.0500	1.2429	0.0000	21.2990	24.2800	230.6030	0.3899	37.0600	73.3066	NOT CONNECTED	0.0000	500.0000	0.0000	1125.9459	0.0083	-0.1226	0.0352	0.0348	-1.9773	0.0587	-1.6154	-0.1361	-9.8553	13.8978	317.9059	26.6987	72.9475	1.5598	1.2553	96.7044
125.4587	360.0000	0.0520	1.2321	0.0000	15.1550	26.3700	230.6080	0.4063	38.8800	73.3319	NOT CONNECTED	0.0000	500.0000	0.0000	782.8318	-0.0478	0.0652	0.0351	0.0349	-1.9836	-0.2245	-1.9604	-0.2019	-10.8028	8.9811	317.8990	26.3963	72.9247	1.9586	1.2514	96.7269
125.5894	360.0000	0.0520	1.2321	0.0000	15.1550	26.3700	230.6080	0.4063	38.8800	73.3319	NOT CONNECTED	0.0000	500.0000	0.0000	782.8318	-0.0478	0.0652	0.0351	0.0349	-1.9836	-0.2245	-1.9604	-0.2019	-10.8028	8.9811	317.8990	26.3963	72.9247	1.9586	1.2514	96.7269
126.1936	22.0000	0.0080	0.9565	0.0000	10.3820	15.1800	230.6200	0.3215	25.6100	73.3176	NOT CONNECTED	0.0000	500.0000	0.0000	509.6581	-0.0286	-0.0778	0.0346	0.0350	-1.5338	-0.1426	-1.5226	-0.0828	-10.0370	5.5796	317.6952	28.5476	72.8958	1.5362	1.2379	96.7465
126.1940	22.0000	0.0080	0.9565	0.0000	10.3820	15.1800	230.6200	0.3215	25.6100	73.3176	NOT CONNECTED	0.0000	500.0000	0.0000	509.6581	-0.0286	-0.0778	0.0346	0.0350	-1.5338	-0.1426	-1.5226	-0.0828	-10.0370	5.5796	317.6952	28.5476	72.8958	1.5362	1.2379	96.7465
126.8006	0.0000	-0.0080	0.0000	0.0000	0.0000	-0.0100	230.6310	0.0304	1.7500	73.1976	NOT CONNECTED	0.0000	500.0000	0.0000	0.0000	0.0000	0.0000	0.0672	0.0351	-1.8707	0.3084	-1.8914	0.1315	-11.9891	4.8804	321.5734	0.0000	72.8697	1.8959	1.2530	96.7465
126.9695	0.0000	-0.0080	0.0000	0.0000	0.0000	-0.0100	230.6310	0.0304	1.7500	73.1976	NOT CONNECTED	0.0000	500.0000	0.0000	0.0000	0.0000	0.0000	0.0672	0.0351	-1.8707	0.3084	-1.8914	0.1315	-11.9891	4.8804	321.5734	0.0000	72.8697	1.8959	1.2530	96.7465
127.3896	0.0000	0.0000	0.0000	0.0000	0.0000	-0.0100	230.6310	0.0304	1.7700	73.1087	NOT CONNECTED	0.0000	500.0000	0.0000	0.0000	0.0000	0.0000	0.0672	0.0351	-1.8707	0.3084	-1.8914	0.1315	-11.9891	4.8804	321.8033	0.0000	72.6520	1.8959	0.0057	96.7610
127.7129	0.0000	0.0000	0.0000	0.0000	0.0000	-0.0100	230.6310	0.0304	1.7700	73.1087	NOT CONNECTED	0.0000	500.0000	0.0000	0.0000	0.0000	0.0000	0.0672	0.0351	-1.8707	0.3084	-1.8914	0.1315	-11.9891	4.8804	321.8033	0.0000	72.6520	1.8959	0.0057	96.7610
128.5046	NOT CONNECTED	NOT CONNECTED	NOT CONNECTED	NOT CONNECTED	NOT CONNECTED	NOT CONNECTED	NOT CONNECTED	NOT CONNECTED	NOT CONNECTED	NOT CONNECTED	NOT CONNECTED	0.0000	500.0000	0.0000	0.0000	0.0000	0.0000	0.0672	0.0351	-1.8707	0.3084	-1.8914	0.1315	0.0000	0.0000	321.7857	0.0000	72.0195	1.8959	0.0059	96.6732
129.1109	NOT CONNECTED	NOT CONNECTED	NOT CONNECTED	NOT CONNECTED	NOT CONNECTED	NOT CONNECTED	NOT CONNECTED	NOT CONNECTED	NOT CONNECTED	NOT CONNECTED	NOT CONNECTED	0.0000	500.0000	0.0000	0.0000	0.0000	0.0000	0.0672	0.0351	-1.8707	0.3084	-1.8914	0.1315	0.0000	0.0000	321.8331	0.0000	71.6949	1.8959	0.0049	96.6732
