WindyBPMp50_OrcaH34_Dyno_High_Speed_Torque__170Vac_Yongchang_Y108_20250312_103546
Report created on: 2025/03/12: 12:58:02


Step N. = 	0
Target Speed = 	4445

Speed Mainboard (rpm_M)	Speed TestBench (rpm_M)	Speed Error (rpm_M)	Speed Error %	Torque TestBench (Nm_M)	Torque Ref (Nm)	Torque MainBoard (Nm_M)	Torque MainBoard Error (Nm_M)	Torque MainBoard Error %	Flux Ref (V/rad/s)	Flux (V/rad/s)	Id * Iq (A^2)	Id (Apeak)	Iq (Apeak)	Id Rotor (Apeak)	Iq Rotor (Apeak)	IMotor Measured (Arms)	IMotor MainBoard (Arms)	IMotor Error (Arms)	IMotor Error %	Motor Current THD %	Vsdref (Vpeak)	Vsqref (Vpeak)	Vout MainBoard (Vrms)	Vout Measured (Vrms)	Vout Error (Vrms)	Vout Error %	Motor Power MainBoard (W)	Motor Power Measured (W)	Motor Power Error (W)	Motor Power Error %	Line Voltage (Vrms)	Line Current (Arms)	Line Power (W)	Line Power Factor	Bulk Ripple (V)	DC Bus Voltage (Vrms)	Motor Mechanical Power (W)	Motor Efficiency	Inverter Efficiency	Overall Efficiency	Temperature (deg C)	Estimated Temperature (deg C)	Motor cos-phi	Electrical Power Alpha-Beta [W]	Electrical Power Error [W]	Electrical Power Error [%]	Bus Voltage Usage [%]	Rotational Losses [W]	Kt [Nm/Arms]	
4442.0753	4442.0000	-0.0753	-0.0017	0.1573	0.1922	0.1902	-0.0329	-20.9019	0.0646	0.0645	-0.6769	-1.4412	0.4680	-1.4586	0.3014	1.0823	1.0832	-0.0009	-0.0874	0.0000	-6.3304	117.7102	144.5104	152.7480	8.2376	5.3929	97.3818	101.4333	4.0516	3.9943	169.9930	0.9700	114.7200	0.6953	nan	154.5880	73.1849	72.0956	88.3920	63.7286	34.4575	52.2611	0.3539	112.3890	-10.9557	-10.8008	98.8092	8.1857	0.1454	
4442.6224	4443.2000	0.5776	0.0130	0.2417	0.2844	0.2801	-0.0384	-15.9048	0.0631	0.0628	-1.1091	-1.5355	0.7245	-1.6594	0.4193	1.1918	1.1900	0.0018	0.1491	0.0000	-13.2621	117.3251	144.6299	150.0466	5.4167	3.6100	158.1701	150.7770	-7.3931	-4.9033	169.9659	1.3694	167.9240	0.7215	nan	152.7467	112.4609	74.5908	89.7875	66.9731	34.4184	52.7583	0.4868	157.4624	-6.6854	-4.4340	98.2323	13.9900	0.2028	
4442.3685	4445.0909	2.7224	0.0612	0.2900	0.3359	0.3271	-0.0371	-12.7966	0.0617	0.0608	-1.3828	-1.5702	0.8782	-1.7306	0.4735	1.2419	1.2418	0.0002	0.0127	0.0000	-9.9927	119.8207	147.3575	149.5620	2.2045	1.4740	181.7920	176.1491	-5.6429	-3.2035	170.0424	1.5701	194.7564	0.7295	nan	152.3245	134.9919	76.6346	90.4457	69.3129	34.6466	53.2349	0.5475	181.7345	-5.5854	-3.1708	98.1864	14.7182	0.2335	
4442.3507	4443.5556	1.2049	0.0271	0.3362	0.3797	0.3424	-0.0062	-1.8383	0.0644	0.0599	-1.1787	-1.3516	0.8749	-1.9106	0.5478	1.2897	1.2937	-0.0039	-0.3051	0.0000	-12.8749	118.1162	145.6861	149.1549	3.4688	2.3256	180.3349	198.9567	18.6218	9.3597	170.1741	1.7487	218.9667	0.7358	nan	151.9927	156.4539	78.6419	90.8612	71.4548	34.9599	53.6195	0.5971	205.8717	-6.9151	-3.4757	98.1329	13.9549	0.2607	
4451.4360	4445.2500	-6.1860	-0.1392	0.3824	0.3836	0.4135	-0.0311	-8.1282	0.0614	0.0607	-1.5654	-1.4114	1.1067	-1.8874	0.6153	1.3334	1.3380	-0.0046	-0.3439	0.0000	-10.4925	116.4173	143.3084	148.7602	5.4519	3.6649	215.6042	218.6012	2.9971	1.3710	170.1923	1.9027	239.7850	0.7405	nan	151.6716	177.9976	81.4259	91.1655	74.2322	35.3862	54.0179	0.6363	224.6652	-6.0640	-2.7740	98.0805	10.0400	0.2868	
4439.4007	4446.3750	6.9743	0.1569	0.4297	0.4827	0.4701	-0.0403	-9.3778	0.0584	0.0600	-2.1110	-1.5811	1.3350	-1.8527	0.6342	1.4044	1.4100	-0.0056	-0.3991	0.0000	-9.2355	123.0408	151.1856	147.9924	-3.1932	-2.1577	267.7429	247.3363	-20.4067	-8.2506	170.1256	2.1274	270.6900	0.7479	nan	151.0133	200.1012	80.9044	91.3724	73.9242	35.8507	54.4507	0.6871	255.8309	-8.4947	-3.4345	97.9996	13.2696	0.3060	
4443.4619	4444.5000	1.0381	0.0234	0.4765	0.5099	0.5099	-0.0334	-7.0175	0.0586	0.0570	-2.3391	-1.5960	1.4687	-2.0662	0.7408	1.4598	1.4659	-0.0061	-0.4203	0.0000	-9.3478	115.6377	142.3609	147.4298	5.0689	3.4382	278.4841	269.8725	-8.6116	-3.1910	170.0358	2.3048	294.9175	0.7526	nan	150.5571	221.7758	82.1784	91.5077	75.1995	36.4733	54.9218	0.7240	277.2689	-7.3964	-2.7407	97.9228	11.3088	0.3264	
4440.7146	4445.1250	4.4104	0.0992	0.5205	0.5708	0.5806	-0.0601	-11.5412	0.0564	0.0591	-2.6650	-1.5410	1.7299	-2.1154	0.7537	1.5335	1.5395	-0.0060	-0.3923	0.0000	-13.8788	118.6720	146.5892	146.6964	0.1072	0.0731	339.5051	297.4725	-42.0326	-14.1299	169.9074	2.5215	324.7975	0.7581	nan	149.9271	242.2889	81.4492	91.5871	74.5969	37.1637	55.4360	0.7635	306.0431	-8.5706	-2.8811	97.8451	14.4820	0.3394	
4438.8402	4442.6250	3.7848	0.0852	0.5684	0.6273	0.6080	-0.0396	-6.9673	0.0540	0.0607	-2.9361	-1.5603	1.8810	-1.9655	0.8706	1.6098	1.6174	-0.0075	-0.4682	0.0000	-9.2975	120.2396	147.8154	146.0070	-1.8084	-1.2386	361.4919	324.7812	-36.7107	-11.3032	169.7781	2.7353	354.4375	0.7632	nan	149.3255	264.4254	81.4166	91.6329	74.6045	37.9839	56.0252	0.7978	334.3183	-9.5371	-2.9365	97.7777	15.3577	0.3531	
4452.0089	4445.0000	-7.0089	-0.1577	0.6132	0.6284	0.6419	-0.0286	-4.6706	0.0563	0.0562	-2.6644	-1.4232	1.8687	-2.1921	0.9601	1.6916	1.7002	-0.0086	-0.5085	0.0000	-12.7589	109.2114	135.3730	145.3632	9.9902	6.8726	331.5501	353.6675	22.1174	6.2537	169.6930	2.9624	386.0775	0.7680	nan	148.7915	285.4553	80.7130	91.6053	73.9374	38.9363	56.6753	0.8304	360.5817	-6.9142	-1.9550	97.6959	18.3467	0.3625	
4445.4769	4445.9091	0.4322	0.0097	0.6596	0.6912	0.6823	-0.0227	-3.4406	0.0557	0.0538	-2.9948	-1.4590	2.0464	-2.4773	0.9636	1.7513	1.7607	-0.0094	-0.5393	0.0000	-6.6240	111.3051	136.9240	145.1181	8.1941	5.6465	356.0543	375.0718	19.0176	5.0704	169.8034	3.1277	409.3027	0.7707	nan	148.6291	307.1099	81.8816	91.6367	75.0336	40.1856	57.4118	0.8521	383.8730	-8.8012	-2.3465	97.6378	14.2602	0.3767	
4449.9634	4444.1111	-5.8523	-0.1317	0.7060	0.7144	0.7305	-0.0245	-3.4696	0.0592	0.0501	-2.4201	-1.1566	2.0739	-2.6035	1.0240	1.8204	1.8295	-0.0091	-0.4989	0.0000	-10.9837	118.5914	146.1994	144.7819	-1.4175	-0.9791	389.3638	398.3956	9.0318	2.2670	169.8836	3.3086	434.9111	0.7738	nan	148.4105	328.5627	82.4715	91.6039	75.5472	41.4045	58.1400	0.8727	409.3244	-10.9288	-2.7432	97.5550	11.5376	0.3878	
4444.0916	4442.4444	-1.6471	-0.0371	0.7518	0.7852	0.7814	-0.0296	-3.9376	0.0565	0.0562	-2.7067	-1.1771	2.3007	-2.4219	1.0905	1.9095	1.9192	-0.0097	-0.5085	0.0000	-14.7038	112.9585	139.6077	144.3651	4.7574	3.2954	416.0081	427.1067	11.0986	2.5985	169.9241	3.5335	466.7611	0.7774	nan	148.0542	349.7358	81.8849	91.5043	74.9282	42.6850	58.9364	0.8945	438.1640	-11.0573	-2.5889	97.5083	12.9195	0.3937	
4443.1371	4442.2857	-0.8514	-0.0192	0.7971	0.8429	0.8244	-0.0273	-3.4208	0.0540	0.0556	-3.1988	-1.2459	2.5429	-2.4959	1.1444	2.0167	2.0252	-0.0085	-0.4196	0.0000	-6.6509	105.3729	130.2209	143.7397	13.5188	9.4051	413.6431	459.3114	45.6683	9.9428	169.9429	3.7873	502.7857	0.7812	nan	147.6027	370.8269	80.7354	91.3533	73.7545	44.1076	59.8385	0.9148	469.0685	-9.7571	-2.1243	97.3829	16.2091	0.3953	
4445.5534	4445.5556	0.0022	0.0000	0.8442	0.8868	0.9018	-0.0576	-6.8182	0.0485	0.0467	-2.9020	-0.9391	3.1896	-3.1446	1.1910	2.1325	2.1422	-0.0097	-0.4526	0.0000	-2.9053	121.6025	149.2067	143.1196	-6.0871	-4.2532	585.9560	492.5133	-93.4426	-18.9726	169.9301	4.0514	540.1289	0.7845	nan	147.1807	393.0170	79.7986	91.1845	72.7640	45.8838	60.9584	0.9317	509.3847	-16.8714	-3.4256	97.2407	18.1451	0.3959	
4446.9756	4445.3333	-1.6422	-0.0369	0.8898	0.9322	0.9534	-0.0637	-7.1546	0.0436	0.0504	-1.4427	-0.3875	3.7344	-2.9966	1.2424	2.2527	2.2634	-0.0107	-0.4752	0.0000	-1.6362	121.2003	148.6397	142.5164	-6.1232	-4.2965	681.4866	524.8989	-156.5877	-29.8320	169.9398	4.3118	576.8378	0.7872	nan	146.8194	414.2041	78.9113	90.9959	71.8060	47.8145	62.1698	0.9439	544.9015	-20.0026	-3.8108	97.0692	19.2640	0.3950	
4442.8811	4445.0000	2.1189	0.0477	0.9354	0.9824	0.9351	0.0003	0.0324	0.0484	0.0493	-1.0473	-0.3767	3.3565	-3.2485	1.3406	2.4195	2.4352	-0.0157	-0.6494	0.0000	6.4286	116.3084	144.6024	143.0641	-1.5382	-1.0752	583.0391	562.9989	-20.0402	-3.5595	169.9836	4.9922	626.2678	0.7380	nan	147.8671	435.4301	77.3425	89.8976	69.5291	50.1231	63.6162	0.9391	579.3974	-16.3985	-2.9127	96.7519	21.2002	0.3866	
4446.8066	4445.0000	-1.8066	-0.0406	0.9821	1.0687	1.0378	-0.0557	-5.6736	0.0537	0.0512	-2.2566	-0.7269	3.2704	-3.1086	1.3249	2.5650	2.5864	-0.0214	-0.8330	0.0000	-7.6634	113.7928	140.4738	141.3747	0.9009	0.6372	573.5771	601.0500	27.4729	4.5708	169.8996	5.1136	666.8211	0.7675	nan	146.6316	457.1525	76.0591	90.1366	68.5571	52.9027	65.3932	0.9569	614.6882	-13.6382	-2.2691	96.4149	23.1305	0.3829	
4438.4857	4435.6250	-2.8607	-0.0645	1.0285	1.1021	1.0620	-0.0335	-3.2575	0.0453	0.0460	-1.1260	-0.2859	3.9136	-3.7030	1.3706	2.7148	2.7417	-0.0269	-0.9902	0.0000	1.5019	109.3779	134.4942	139.8155	5.3213	3.8059	632.0908	640.4213	8.3304	1.3008	169.7927	5.2425	709.5213	0.7971	nan	145.1590	477.7358	74.5972	90.2610	67.3322	56.1556	67.3632	0.9741	661.9723	-21.5511	-3.3651	96.3189	25.8127	0.3789	
4391.5148	4390.2222	-1.2926	-0.0294	1.0748	1.1663	1.1124	-0.0376	-3.5007	0.0469	0.0486	0.4222	0.0981	3.9262	-3.6278	1.4170	2.8428	2.8763	-0.0335	-1.1770	0.0000	2.4995	112.7607	138.3676	139.4309	1.0633	0.7626	663.7912	674.3511	10.5599	1.5659	169.7441	5.5202	749.4344	0.7998	nan	144.3139	494.1217	73.2736	89.9814	65.9326	59.9007	69.4526	0.9822	692.5856	-18.2345	-2.7040	96.6164	28.1289	0.3781	
4218.2648	4215.3750	-2.8898	-0.0686	1.1215	1.2928	1.1345	-0.0130	-1.1584	0.0454	0.0540	0.7013	0.1781	4.1728	-3.6473	1.5200	2.8471	2.8849	-0.0377	-1.3249	0.0000	12.2225	116.6025	143.8706	139.4753	-4.3953	-3.1513	731.1857	677.5075	-53.6782	-7.9229	169.7051	5.5475	753.0575	0.7999	nan	144.3029	495.0650	73.0715	89.9676	65.7407	63.9238	71.2655	0.9850	696.9884	-19.4809	-2.8754	96.6545	27.7089	0.3939	
4024.7904	4018.5000	-6.2904	-0.1565	1.1688	1.1555	1.1944	-0.0256	-2.1928	0.0494	0.0473	1.4078	0.3455	4.0190	-3.8661	1.6447	2.8386	2.8770	-0.0384	-1.3512	0.0000	4.8558	120.8487	148.4717	139.3818	-9.0899	-6.5216	736.2190	674.9125	-61.3065	-9.0836	169.6207	5.5290	750.0250	0.7997	nan	144.2748	491.8271	72.8727	89.9853	65.5747	67.4884	72.5930	0.9849	692.1775	-17.2650	-2.5581	96.6085	27.3692	0.4117	

Torque compensated Offset = 	0
Mean Torque Mainboard Error perc = 	-6.506188026454143


Step N. = 	1
Target Speed = 	7620

Speed Mainboard (rpm_M)	Speed TestBench (rpm_M)	Speed Error (rpm_M)	Speed Error %	Torque TestBench (Nm_M)	Torque Ref (Nm)	Torque MainBoard (Nm_M)	Torque MainBoard Error (Nm_M)	Torque MainBoard Error %	Flux Ref (V/rad/s)	Flux (V/rad/s)	Id * Iq (A^2)	Id (Apeak)	Iq (Apeak)	Id Rotor (Apeak)	Iq Rotor (Apeak)	IMotor Measured (Arms)	IMotor MainBoard (Arms)	IMotor Error (Arms)	IMotor Error %	Motor Current THD %	Vsdref (Vpeak)	Vsqref (Vpeak)	Vout MainBoard (Vrms)	Vout Measured (Vrms)	Vout Error (Vrms)	Vout Error %	Motor Power MainBoard (W)	Motor Power Measured (W)	Motor Power Error (W)	Motor Power Error %	Line Voltage (Vrms)	Line Current (Arms)	Line Power (W)	Line Power Factor	Bulk Ripple (V)	DC Bus Voltage (Vrms)	Motor Mechanical Power (W)	Motor Efficiency	Inverter Efficiency	Overall Efficiency	Temperature (deg C)	Estimated Temperature (deg C)	Motor cos-phi	Electrical Power Alpha-Beta [W]	Electrical Power Error [W]	Electrical Power Error [%]	Bus Voltage Usage [%]	Rotational Losses [W]	Kt [Nm/Arms]	
7615.7323	7615.5000	-0.2323	-0.0031	0.1754	0.2332	0.2356	-0.0602	-34.3431	0.0339	0.0353	-3.1054	-2.6396	1.1729	-2.7945	0.3059	1.9913	1.9945	-0.0032	-0.1593	0.0000	-15.9589	121.4831	150.1050	148.0776	-2.0273	-1.3691	277.7977	248.4625	-29.3352	-11.8067	170.0921	2.1752	278.1562	0.7517	nan	149.9135	139.8618	56.2768	89.3163	50.2648	44.4231	59.4417	0.4864	268.7360	-20.2735	-8.1596	98.7753	38.0518	0.0881	
7616.6858	7619.1250	2.4392	0.0320	0.2214	0.2842	0.2763	-0.0549	-24.8186	0.0345	0.0334	-3.4396	-2.5671	1.3385	-2.9627	0.3894	2.0454	2.0483	-0.0029	-0.1421	0.0000	-18.5781	117.1812	145.3464	147.2825	1.9361	1.3145	307.0812	295.3225	-11.7587	-3.9816	170.0279	2.5375	327.6350	0.7594	nan	149.5523	176.6290	59.8195	90.1366	53.9188	46.7156	60.5080	0.5660	310.5809	-15.2584	-5.1667	98.4823	43.6245	0.1082	
7620.3756	7618.2000	-2.1756	-0.0286	0.2476	0.3065	0.3123	-0.0647	-26.1329	0.0336	0.0350	-4.0281	-2.5397	1.5841	-2.8967	0.4089	2.0721	2.0776	-0.0055	-0.2663	0.0000	-17.0612	117.7936	145.7963	147.0802	1.2839	0.8730	346.2886	317.8560	-28.4326	-8.9451	170.0316	2.7095	351.0800	0.7621	nan	149.4336	197.5291	62.1444	90.5366	56.2634	48.7777	61.3166	0.6021	334.7092	-16.8532	-5.3021	98.4251	42.6915	0.1195	
7620.0534	7619.7778	-0.2756	-0.0036	0.2738	0.3352	0.3433	-0.0696	-25.4043	0.0334	0.0321	-4.2798	-2.4840	1.7248	-3.0454	0.4452	2.1062	2.1105	-0.0043	-0.2047	0.0000	-16.2614	117.3036	145.1054	146.6171	1.5118	1.0311	364.9193	343.4511	-21.4682	-6.2507	170.0134	2.9060	378.3300	0.7658	nan	149.1260	218.4585	63.6081	90.7807	57.7438	50.8359	62.0757	0.6421	362.0234	-18.5723	-5.4076	98.3176	44.1740	0.1300	
7620.4450	7618.2500	-2.1950	-0.0288	0.2983	0.3571	0.3558	-0.0576	-19.3099	0.0336	0.0335	-4.2817	-2.4297	1.7646	-3.0050	0.4847	2.1356	2.1383	-0.0027	-0.1255	0.0000	-16.3679	114.0846	141.3691	146.1703	4.8011	3.2846	362.5522	363.7687	1.2165	0.3344	169.9257	3.0637	400.0625	0.7685	nan	148.8381	237.9383	65.4100	90.9279	59.4759	52.7948	62.8517	0.6728	379.0451	-15.2763	-4.1995	98.2075	42.1492	0.1397	
7622.5283	7620.0000	-2.5283	-0.0332	0.3237	0.3808	0.3795	-0.0557	-17.2134	0.0331	0.0306	-4.5894	-2.3745	1.9322	-3.1948	0.5156	2.1736	2.1791	-0.0055	-0.2515	0.0000	-15.9248	115.8480	143.5626	145.5476	1.9850	1.3638	390.8523	388.0800	-2.7723	-0.7144	169.8063	3.2532	426.3825	0.7718	nan	148.3897	258.3411	66.5696	91.0168	60.5895	54.6290	63.6176	0.7082	405.6207	-17.5407	-4.5199	98.0847	42.4733	0.1489	
7616.5754	7617.1250	0.5496	0.0072	0.3498	0.4083	0.3797	-0.0300	-8.5670	0.0343	0.0329	-4.5048	-2.3977	1.8781	-3.0258	0.5270	2.2045	2.2129	-0.0084	-0.3816	0.0000	-14.0756	118.5706	146.3427	145.0541	-1.2886	-0.8884	383.7808	406.9137	23.1330	5.6850	169.7039	3.4010	446.8612	0.7742	nan	148.0507	278.9828	68.5660	91.0604	62.4365	56.3542	64.3915	0.7347	426.1133	-19.1996	-4.7183	97.9760	37.6090	0.1587	
7619.9464	7617.0000	-2.9464	-0.0387	0.3741	0.4387	0.4391	-0.0650	-17.3715	0.0312	0.0315	-5.3692	-2.2852	2.3499	-3.1891	0.5979	2.2615	2.2732	-0.0118	-0.5199	0.0000	-10.0154	104.2307	128.2665	144.3410	16.0745	11.1365	401.5589	439.4243	37.8654	8.6171	169.6950	3.6542	482.6200	0.7783	nan	147.5692	298.4351	67.9151	91.0497	61.8365	58.1617	65.2439	0.7772	456.2660	-16.8417	-3.8327	97.8124	45.3284	0.1654	
7623.2107	7619.0000	-4.2107	-0.0553	0.3993	0.4565	0.4694	-0.0700	-17.5407	0.0321	0.0309	-4.9891	-2.0429	2.4589	-3.2340	0.5924	2.2992	2.3126	-0.0133	-0.5789	0.0000	-15.0085	119.8831	148.0713	143.9940	-4.0773	-2.8315	490.0669	460.2389	-29.8280	-6.4810	169.7792	3.8151	505.4300	0.7803	nan	147.4201	318.6122	69.2272	91.0589	63.0375	59.9359	66.1922	0.8026	482.6849	-22.4460	-4.8770	97.6759	42.1183	0.1737	
7619.8008	7621.3333	1.5325	0.0201	0.4262	0.4894	0.4924	-0.0662	-15.5265	0.0302	0.0329	-5.2407	-1.9158	2.8075	-3.1307	0.6475	2.3549	2.3666	-0.0117	-0.4957	0.0000	-17.5494	115.6563	143.3792	143.4917	0.1125	0.0784	540.9613	488.3200	-52.6413	-10.7801	169.8812	4.0338	536.5267	0.7829	nan	147.1659	340.1698	69.6614	91.0150	63.4023	61.8272	67.1862	0.8343	507.7707	-19.4507	-3.9832	97.5034	43.0650	0.1810	
7619.7987	7618.2500	-1.5487	-0.0203	0.4493	0.5152	0.5481	-0.0989	-22.0132	0.0277	0.0292	-4.9301	-1.4573	3.4172	-3.4319	0.6550	2.4115	2.4213	-0.0098	-0.4065	0.0000	-11.7464	127.6597	157.1870	142.9923	-14.1947	-9.9269	682.1393	514.1300	-168.0093	-32.6784	169.9373	4.2377	565.3425	0.7850	nan	146.9115	358.4032	69.7106	90.9413	63.3957	63.7260	68.2369	0.8608	544.3753	-30.2453	-5.8828	97.3322	44.7966	0.1863	
7618.7745	7620.1111	1.3367	0.0175	0.4741	0.5352	0.5332	-0.0591	-12.4692	0.0306	0.0300	-4.4389	-1.5994	2.9886	-3.4880	0.7257	2.5193	2.5363	-0.0169	-0.6710	0.0000	-5.5734	116.6455	143.7224	143.5191	-0.2032	-0.1416	537.9252	547.8133	9.8881	1.8050	169.9686	4.8072	607.9511	0.7450	nan	147.9996	378.3298	69.0625	90.1113	62.2338	65.7796	69.4409	0.8748	568.7092	-20.8959	-3.8144	96.9726	47.5452	0.1882	
7619.9316	7617.6250	-2.3066	-0.0303	0.5008	0.5538	0.6027	-0.1020	-20.3601	0.0313	0.0268	-2.7777	-1.0162	3.2396	-3.6095	0.6653	2.5934	2.6126	-0.0192	-0.7404	0.0000	-2.9433	128.5807	157.8942	143.7841	-14.1101	-9.8134	630.4911	575.4062	-55.0848	-9.5732	169.9854	5.1842	641.3300	0.7278	nan	148.1076	399.4562	69.4218	89.7208	62.2858	68.0327	70.8768	0.8909	597.9797	-22.5734	-3.9230	97.0808	45.7256	0.1931	
7613.7309	7617.6667	3.9358	0.0517	0.5244	0.5788	0.6146	-0.0902	-17.1982	0.0274	0.0272	-1.1657	-0.4266	3.8556	-3.9103	0.7085	2.6843	2.6979	-0.0135	-0.5045	0.0000	-9.3031	106.7003	131.5223	142.8087	11.2864	7.9031	649.4333	606.7422	-42.6911	-7.0361	169.9650	5.3845	676.4178	0.7391	nan	147.4914	418.3600	68.9522	89.6993	61.8497	70.4227	72.2860	0.9138	630.2514	-23.5091	-3.8746	96.8251	47.7238	0.1954	
7617.0275	7615.3750	-1.6525	-0.0217	0.5506	0.6547	0.6006	-0.0500	-9.0834	0.0294	0.0303	-1.0817	-0.4941	3.4880	-3.6568	0.8024	2.7937	2.8141	-0.0204	-0.7306	0.0000	-3.9995	120.6819	148.7133	141.2388	-7.4745	-5.2921	660.9667	641.7713	-19.1954	-2.9910	169.8664	5.5392	715.1525	0.7601	nan	146.3643	439.1127	68.4221	89.7391	61.4014	73.1920	73.9353	0.9390	671.1533	-29.3820	-4.5783	96.4981	48.8709	0.1971	
7603.5509	7604.7778	1.2269	0.0161	0.5742	0.7066	0.6372	-0.0630	-10.9664	0.0268	0.0296	-1.2645	-0.3537	3.9708	-3.9096	0.8263	2.8943	2.9186	-0.0243	-0.8391	0.0000	6.3283	112.5367	139.2999	138.5557	-0.7443	-0.5372	673.4966	679.3322	5.8357	0.8590	169.6627	5.5933	755.2544	0.7959	nan	144.4458	457.2928	67.3153	89.9475	60.5484	76.3450	75.8267	0.9780	703.8363	-24.5040	-3.6071	95.9222	55.2164	0.1984	
7280.0040	7269.2500	-10.7540	-0.1479	0.6044	0.6694	0.6588	-0.0544	-8.9974	0.0270	0.0278	-1.1871	-0.3082	4.0031	-3.9803	0.8634	2.9024	2.9259	-0.0235	-0.8084	0.0000	8.7631	107.9277	133.4488	137.9660	4.5172	3.2742	647.8324	682.9862	35.1538	5.1471	169.5341	5.6137	759.5825	0.7981	nan	144.0419	460.0664	67.3610	89.9160	60.5683	79.6771	77.4844	0.9847	710.7998	-27.8135	-4.0723	95.7819	53.2979	0.2082	
7034.1110	7034.7143	0.6033	0.0086	0.6270	0.7076	0.8028	-0.1758	-28.0440	0.0346	0.0288	-2.0671	-0.5392	3.8290	-4.1218	0.8656	2.8965	2.9199	-0.0234	-0.8082	0.0000	-5.0647	110.9446	136.0417	137.9290	1.8873	1.3683	641.4491	682.1829	40.7338	5.9711	169.5057	5.6092	758.8700	0.7982	nan	144.0418	461.8907	67.7078	89.8946	60.8656	82.6391	78.7565	0.9858	708.1735	-25.9907	-3.8099	95.7563	49.7043	0.2165	

Torque compensated Offset = 	0
Mean Torque Mainboard Error perc = 	-18.631099903242145


Step N. = 	2
Target Speed = 	10160

Speed Mainboard (rpm_M)	Speed TestBench (rpm_M)	Speed Error (rpm_M)	Speed Error %	Torque TestBench (Nm_M)	Torque Ref (Nm)	Torque MainBoard (Nm_M)	Torque MainBoard Error (Nm_M)	Torque MainBoard Error %	Flux Ref (V/rad/s)	Flux (V/rad/s)	Id * Iq (A^2)	Id (Apeak)	Iq (Apeak)	Id Rotor (Apeak)	Iq Rotor (Apeak)	IMotor Measured (Arms)	IMotor MainBoard (Arms)	IMotor Error (Arms)	IMotor Error %	Motor Current THD %	Vsdref (Vpeak)	Vsqref (Vpeak)	Vout MainBoard (Vrms)	Vout Measured (Vrms)	Vout Error (Vrms)	Vout Error %	Motor Power MainBoard (W)	Motor Power Measured (W)	Motor Power Error (W)	Motor Power Error %	Line Voltage (Vrms)	Line Current (Arms)	Line Power (W)	Line Power Factor	Bulk Ripple (V)	DC Bus Voltage (Vrms)	Motor Mechanical Power (W)	Motor Efficiency	Inverter Efficiency	Overall Efficiency	Temperature (deg C)	Estimated Temperature (deg C)	Motor cos-phi	Electrical Power Alpha-Beta [W]	Electrical Power Error [W]	Electrical Power Error [%]	Bus Voltage Usage [%]	Rotational Losses [W]	Kt [Nm/Arms]	
10152.5381	10156.8000	4.2619	0.0420	0.1822	0.2194	0.2290	-0.0468	-25.6855	0.0250	0.0246	-4.3156	-2.7968	1.5474	-3.2214	0.2988	2.2483	2.2083	0.0400	1.7809	0.0000	-21.9613	119.5267	149.1060	147.7324	-1.3736	-0.9298	369.2222	352.4910	-16.7312	-4.7466	170.1306	2.9815	389.8100	0.7684	nan	149.3749	193.7940	54.9330	90.4230	49.6729	49.4383	62.7140	0.6126	336.6966	15.7944	4.4808	98.9009	67.0749	0.0810	
10160.9592	10152.3333	-8.6258	-0.0850	0.2131	0.2672	0.2774	-0.0643	-30.1696	0.0239	0.0248	-5.2212	-2.6298	2.0018	-3.2226	0.3492	2.2777	2.2811	-0.0034	-0.1510	0.0000	-13.2278	120.6613	149.4663	147.4231	-2.0432	-1.3859	418.2585	381.0589	-37.1996	-9.7622	170.1501	3.1983	419.6656	0.7712	nan	148.5318	226.5688	59.4574	90.8005	53.9877	52.5338	64.0096	0.6552	400.1814	-19.1225	-5.0182	99.2535	59.3921	0.0936	
10157.7813	10160.2500	2.4687	0.0243	0.2253	0.2863	0.2914	-0.0662	-29.3823	0.0232	0.0246	-5.5795	-2.5853	2.1605	-3.3225	0.3786	2.3116	2.2980	0.0136	0.5864	0.0000	-6.8524	116.9985	143.8446	146.7955	2.9509	2.0102	404.9061	408.9375	4.0314	0.9858	170.0435	3.4139	449.6050	0.7745	nan	148.3815	239.6611	58.6056	90.9547	53.3045	55.1721	65.0029	0.6958	420.3120	-11.3745	-2.7815	98.9312	70.3877	0.0974	
10160.7828	10159.6250	-1.1578	-0.0114	0.2450	0.3063	0.3065	-0.0615	-25.1219	0.0239	0.0243	-5.3970	-2.4712	2.2122	-3.3212	0.3960	2.3356	2.3408	-0.0052	-0.2227	0.0000	-14.6463	118.8769	147.3386	146.2899	-1.0487	-0.7169	455.5145	427.1600	-28.3545	-6.6379	169.8799	3.5570	469.1062	0.7763	nan	147.8895	260.6588	61.0216	91.0583	55.5653	57.7410	65.9994	0.7218	445.9069	-18.7469	-4.3887	98.9184	64.6172	0.1049	
10161.3158	10158.0000	-3.3158	-0.0326	0.2589	0.3179	0.3156	-0.0567	-21.9149	0.0240	0.0247	-5.5194	-2.5234	2.2067	-3.2718	0.4377	2.3520	2.3625	-0.0106	-0.4490	0.0000	-11.3722	114.2131	140.8476	145.9158	5.0682	3.4734	417.9771	439.2563	21.2792	4.8444	169.7574	3.6523	482.0912	0.7776	nan	147.6164	275.3772	62.6932	91.1148	57.1229	60.0695	66.9336	0.7390	462.9055	-23.6493	-5.3839	98.8480	59.7036	0.1101	
10155.7428	10166.1111	10.3683	0.1020	0.2729	0.3339	0.3481	-0.0752	-27.5644	0.0236	0.0223	-5.7097	-2.3087	2.4890	-3.4615	0.4165	2.3828	2.3753	0.0075	0.3132	0.0000	-15.5957	122.9564	151.8843	145.2627	-6.6216	-4.5584	515.2290	460.3378	-54.8912	-11.9241	169.6840	3.8180	505.2244	0.7798	nan	147.4333	290.5156	63.1098	91.1155	57.5028	62.1926	67.7836	0.7679	481.7015	-21.3638	-4.6409	98.5278	62.0998	0.1145	
10157.7612	10160.1429	2.3817	0.0234	0.2900	0.3522	0.3514	-0.0614	-21.1802	0.0233	0.0221	-5.7734	-2.2868	2.5395	-3.4570	0.4898	2.4194	2.4194	0.0000	0.0012	0.0000	-13.9574	110.8786	136.9869	144.6444	7.6575	5.2940	466.7490	483.9814	17.2324	3.5605	169.7201	4.0018	531.2429	0.7822	nan	147.0574	308.5506	63.7536	91.1036	58.0819	64.3707	68.7568	0.7985	503.4333	-19.4519	-4.0191	98.3592	63.5202	0.1199	
10159.5485	10155.0000	-4.5485	-0.0448	0.3045	0.3667	0.3606	-0.0561	-18.4397	0.0232	0.0247	-5.6314	-2.1815	2.6280	-3.3861	0.4938	2.4492	2.4494	-0.0002	-0.0074	0.0000	-14.9888	116.1267	143.6286	144.3050	0.6764	0.4687	504.7660	502.4800	-2.2860	-0.4549	169.9070	4.1432	551.7225	0.7838	nan	146.9669	323.8141	64.4435	91.0748	58.6917	66.2193	69.6811	0.8208	520.7838	-18.3038	-3.6427	98.1888	63.2470	0.1243	
10157.4076	10149.6667	-7.7409	-0.0763	0.3190	0.3826	0.3640	-0.0450	-14.1027	0.0251	0.0231	-5.6777	-2.3356	2.4557	-3.4469	0.4977	2.4847	2.4852	-0.0005	-0.0206	0.0000	-13.2811	120.2237	148.4647	143.8348	-4.6299	-3.2189	488.5827	521.9433	33.3607	6.3916	170.0318	4.2939	573.3222	0.7853	nan	146.8497	339.0559	64.9602	91.0384	59.1388	68.2442	70.6863	0.8432	543.7943	-21.8510	-4.1865	97.9469	63.2665	0.1284	
10156.5742	10165.5556	8.9813	0.0884	0.3347	0.3987	0.3742	-0.0395	-11.8004	0.0244	0.0229	-5.5214	-2.1938	2.5693	-3.5308	0.5193	2.5407	2.5247	0.0161	0.6322	0.0000	-9.3267	115.0042	141.7748	142.9686	1.1938	0.8350	468.7128	547.2289	78.5161	14.3479	170.0310	4.4925	601.6989	0.7877	nan	146.5240	356.2645	65.1036	90.9473	59.2100	70.1437	71.7290	0.8698	563.5719	-16.3430	-2.9865	97.5736	65.0754	0.1317	
10158.0269	10157.6250	-0.4019	-0.0040	0.3491	0.4201	0.4062	-0.0571	-16.3592	0.0223	0.0221	-5.3742	-1.8133	3.0833	-3.6577	0.5348	2.6173	2.6087	0.0086	0.3302	0.0000	-12.3625	125.7496	155.2354	142.9888	-12.2466	-8.5647	618.2796	576.6450	-41.6346	-7.2201	169.9919	4.9076	637.7875	0.7646	nan	146.1403	371.3656	64.4010	90.4136	58.2272	72.3340	72.9942	0.8896	593.6435	-16.9985	-2.9478	97.8447	70.6868	0.1334	
10158.7701	10162.3750	3.6049	0.0355	0.3655	0.4188	0.4190	-0.0535	-14.6361	0.0215	0.0211	-3.7581	-1.2813	3.3111	-3.7098	0.5712	2.6676	2.6597	0.0079	0.2958	0.0000	-6.5475	118.2768	145.5149	142.6227	-2.8921	-2.0278	597.3891	596.5137	-0.8754	-0.1467	169.9281	5.1351	661.4362	0.7580	nan	146.6752	388.9654	65.2066	90.1847	58.8064	74.5503	74.3110	0.9052	615.7126	-19.1989	-3.2185	97.2372	66.6900	0.1370	
10153.0938	10153.6667	0.5729	0.0056	0.3803	0.4929	0.4165	-0.0362	-9.5204	0.0199	0.0240	-1.3857	-0.5338	3.5422	-3.7901	0.6054	2.8311	2.7683	0.0628	2.2186	0.0000	4.7941	113.1869	139.1173	141.9622	2.8449	2.0040	595.0222	636.2989	41.2766	6.4870	169.8159	5.7039	712.6589	0.7358	nan	146.6190	404.4045	63.5561	89.2851	56.7461	76.9611	75.6982	0.9141	647.1106	-10.8117	-1.6992	96.8242	71.9550	0.1343	
10148.4494	10153.8750	5.4256	0.0534	0.3932	0.4437	0.4327	-0.0395	-10.0378	0.0178	0.0197	2.5384	0.5953	4.0437	-4.1696	0.6536	2.8796	2.8827	-0.0031	-0.1075	0.0000	1.9936	122.6588	150.6822	140.3155	-10.3667	-7.3881	738.8950	660.9000	-77.9950	-11.8013	169.7126	5.6371	736.6237	0.7700	nan	145.6851	418.1467	63.2698	89.7201	56.7656	80.0187	77.7765	0.9444	688.9767	-28.0767	-4.2482	96.3148	75.5976	0.1366	
10147.5420	10151.7500	4.2080	0.0415	0.4106	0.4875	0.4794	-0.0687	-16.7405	0.0210	0.0213	0.0097	-0.0595	3.9321	-4.0123	0.5981	2.8649	2.8888	-0.0239	-0.8343	0.0000	-1.9775	122.8162	151.2427	139.2825	-11.9602	-8.5870	717.8859	674.2687	-43.6172	-6.4688	169.6525	5.5189	747.8988	0.7988	nan	144.6339	436.5309	64.7413	90.1551	58.3676	82.9066	79.3569	0.9756	704.7416	-30.4729	-4.5194	96.3014	70.7098	0.1433	
10066.7567	9886.1111	-180.6456	-1.8273	0.4242	0.5209	0.4676	-0.0434	-10.2254	0.0190	0.0224	-0.9327	-0.2630	4.0198	-3.9114	0.6716	2.8672	2.8842	-0.0170	-0.5934	0.0000	4.4250	118.6813	146.1007	139.2131	-6.8876	-4.9475	717.9227	675.7222	-42.2005	-6.2452	169.6452	5.5303	749.8200	0.7992	nan	144.1120	439.1732	64.9932	90.1179	58.5706	85.5459	80.5420	0.9774	711.1780	-35.4558	-5.2471	96.6007	67.8119	0.1480	
9701.4730	9561.3750	-140.0980	-1.4652	0.4419	0.5841	0.4554	-0.0135	-3.0539	0.0182	0.0247	-0.1963	-0.0520	4.0886	-3.9062	0.6446	2.8649	2.8872	-0.0223	-0.7795	0.0000	-2.4486	110.8378	137.1946	139.2973	2.1027	1.5095	679.8361	675.0412	-4.7948	-0.7103	169.6946	5.5264	749.3900	0.7991	nan	144.1255	442.4275	65.5408	90.0788	59.0384	88.0460	81.7112	0.9766	711.4908	-36.4495	-5.3996	96.6500	62.7805	0.1542	
9444.5480	9320.2857	-124.2623	-1.3332	0.4550	0.5468	0.5470	-0.0920	-20.2162	0.0230	0.0226	3.4662	0.8461	4.0642	-3.9387	0.6734	2.8631	2.8870	-0.0239	-0.8346	0.0000	-7.5935	111.8571	137.6563	139.3449	1.6885	1.2118	662.7758	675.3800	12.6042	1.8662	169.8047	5.5276	750.0686	0.7991	nan	144.2405	444.0833	65.7531	90.0424	59.2057	90.3336	82.8093	0.9774	701.6222	-26.2422	-3.8856	96.6059	60.4232	0.1589	

Torque compensated Offset = 	0
Mean Torque Mainboard Error perc = 	-18.119501390073225


Step N. = 	3
Target Speed = 	12700

Speed Mainboard (rpm_M)	Speed TestBench (rpm_M)	Speed Error (rpm_M)	Speed Error %	Torque TestBench (Nm_M)	Torque Ref (Nm)	Torque MainBoard (Nm_M)	Torque MainBoard Error (Nm_M)	Torque MainBoard Error %	Flux Ref (V/rad/s)	Flux (V/rad/s)	Id * Iq (A^2)	Id (Apeak)	Iq (Apeak)	Id Rotor (Apeak)	Iq Rotor (Apeak)	IMotor Measured (Arms)	IMotor MainBoard (Arms)	IMotor Error (Arms)	IMotor Error %	Motor Current THD %	Vsdref (Vpeak)	Vsqref (Vpeak)	Vout MainBoard (Vrms)	Vout Measured (Vrms)	Vout Error (Vrms)	Vout Error %	Motor Power MainBoard (W)	Motor Power Measured (W)	Motor Power Error (W)	Motor Power Error %	Line Voltage (Vrms)	Line Current (Arms)	Line Power (W)	Line Power Factor	Bulk Ripple (V)	DC Bus Voltage (Vrms)	Motor Mechanical Power (W)	Motor Efficiency	Inverter Efficiency	Overall Efficiency	Temperature (deg C)	Estimated Temperature (deg C)	Motor cos-phi	Electrical Power Alpha-Beta [W]	Electrical Power Error [W]	Electrical Power Error [%]	Bus Voltage Usage [%]	Rotational Losses [W]	Kt [Nm/Arms]	
12697.7116	12688.6250	-9.0866	-0.0716	0.1839	0.2650	0.2641	-0.0802	-43.6300	0.0179	0.0166	-6.3674	-2.6213	2.4296	-3.5996	0.3814	2.4420	2.4517	-0.0098	-0.3997	0.0000	-12.2678	113.3565	139.7561	145.3941	5.6380	3.8777	461.9208	454.8713	-7.0495	-1.5498	169.7146	3.7711	500.4237	0.7818	nan	146.5693	244.3107	53.6610	90.8975	48.7765	53.1293	68.3376	0.7396	486.7626	-31.8914	-7.0111	99.1980	101.0131	0.0753	
12700.8109	12710.6667	9.8557	0.0775	0.2082	0.2792	0.2723	-0.0641	-30.7954	0.0187	0.0181	-5.9679	-2.4733	2.4731	-3.5283	0.3551	2.4749	2.4823	-0.0073	-0.2969	0.0000	-17.7682	125.9069	155.7926	144.7226	-11.0701	-7.6492	534.3098	481.9111	-52.3987	-10.8731	169.6992	3.9771	529.3733	0.7844	nan	146.3514	277.1561	57.5120	91.0343	52.3557	56.4309	69.7315	0.7768	512.5570	-30.6459	-6.3592	98.8870	90.8872	0.0841	
12700.7912	12708.4444	7.6532	0.0602	0.2149	0.2857	0.2935	-0.0786	-36.5860	0.0180	0.0169	-5.6776	-2.1089	2.8471	-3.6412	0.3675	2.4879	2.4893	-0.0015	-0.0588	0.0000	-19.3348	127.9762	158.6618	144.5827	-14.0792	-9.7378	609.8881	492.6222	-117.2659	-23.8044	169.8438	4.0551	540.6689	0.7850	nan	146.4999	285.9787	58.0541	91.1136	52.8952	59.4500	70.8782	0.7907	522.6872	-30.0650	-6.1031	98.6913	90.3368	0.0864	
12697.1635	12691.7778	-5.3857	-0.0424	0.2220	0.3032	0.2960	-0.0740	-33.3449	0.0170	0.0182	-6.0874	-2.1168	2.9586	-3.6574	0.3769	2.5145	2.5179	-0.0034	-0.1350	0.0000	-12.0585	125.4978	154.4999	144.0526	-10.4474	-7.2525	595.9168	511.3422	-84.5746	-16.5397	170.0163	4.1950	561.1833	0.7868	nan	146.3381	295.0566	57.7056	91.1187	52.5807	62.2589	71.9702	0.8150	541.2393	-29.8971	-5.8468	98.4382	96.2943	0.0883	
12698.2503	12699.6250	1.3747	0.0108	0.2325	0.3190	0.2924	-0.0599	-25.7547	0.0173	0.0172	-6.1680	-2.2408	2.7546	-3.6629	0.4256	2.5552	2.5625	-0.0073	-0.2860	0.0000	-10.2654	117.3408	144.3978	142.9597	-1.4380	-1.0059	518.3662	533.7425	15.3763	2.8808	170.0644	4.3667	586.0688	0.7892	nan	145.9140	309.2016	57.9302	91.0717	52.7580	64.9021	73.1529	0.8436	561.7662	-28.0237	-5.2504	97.9754	99.4927	0.0910	
12701.5159	12704.7500	3.2341	0.0255	0.2380	0.3300	0.3509	-0.1129	-47.4381	0.0180	0.0189	-5.1048	-1.5596	3.3336	-3.5127	0.3994	2.5834	2.5944	-0.0110	-0.4252	0.0000	-20.6591	134.3195	166.4605	143.2265	-23.2340	-16.2218	720.8502	542.2675	-178.5827	-32.9326	170.0355	4.5724	597.4800	0.7685	nan	146.3799	316.6444	58.3928	90.7592	52.9969	67.6031	74.4688	0.8461	580.4089	-38.1414	-7.0337	97.8458	96.5945	0.0921	
12698.9443	12702.2500	3.3057	0.0260	0.2485	0.3562	0.2844	-0.0359	-14.4417	0.0144	0.0208	-1.1431	-0.5646	3.6299	-3.4731	0.4678	2.6245	2.6384	-0.0139	-0.5297	0.0000	5.7951	119.3577	148.5114	144.3565	-4.1549	-2.8782	614.2665	558.0225	-56.2440	-10.0792	169.9737	5.0520	620.7875	0.7229	nan	147.6644	330.5487	59.2374	89.8898	53.2486	70.0226	75.6900	0.8504	595.5986	-37.5761	-6.7338	97.7599	93.1984	0.0947	
12700.1313	12701.2500	1.1187	0.0088	0.2555	0.3186	0.3298	-0.0743	-29.0669	0.0179	0.0167	-3.1449	-1.2689	3.2449	-3.8580	0.4129	2.6478	2.6614	-0.0136	-0.5138	0.0000	-11.9241	128.1328	158.0062	144.3372	-13.6689	-9.4701	643.6040	569.5375	-74.0665	-13.0047	169.8750	5.2356	635.1500	0.7142	nan	147.8799	339.8322	59.6665	89.6700	53.5029	72.3443	76.8936	0.8604	605.5775	-36.0400	-6.3279	97.6044	91.9570	0.0965	
12695.5246	12686.0000	-9.5246	-0.0751	0.2640	0.3435	0.3344	-0.0704	-26.6805	0.0173	0.0143	-3.3991	-1.3148	3.2556	-3.9227	0.4782	2.7126	2.7374	-0.0248	-0.9145	0.0000	-5.7694	124.5464	153.7646	143.2620	-10.5026	-7.3311	622.4293	589.4550	-32.9743	-5.5940	169.7530	5.4571	659.8075	0.7123	nan	147.1493	350.7174	59.4997	89.3373	53.1554	74.6320	78.2199	0.8757	624.8173	-35.3623	-5.9992	97.3586	93.0424	0.0973	
12694.0876	12703.5000	9.4124	0.0741	0.2725	0.3822	0.3326	-0.0601	-22.0389	0.0174	0.0161	-2.1732	-0.9425	3.2881	-3.9972	0.4469	2.7537	2.7743	-0.0206	-0.7487	0.0000	-13.2305	126.9538	156.6701	141.7930	-14.8771	-10.4921	651.5087	610.0700	-41.4387	-6.7924	169.6530	5.4241	680.0125	0.7390	nan	146.3338	362.5079	59.4217	89.7142	53.3094	77.0736	79.6675	0.9021	642.9701	-32.9001	-5.3928	96.8972	96.1934	0.0990	
12696.5656	12701.8750	5.3094	0.0418	0.2815	0.3077	0.3517	-0.0702	-24.9495	0.0177	0.0131	-2.5963	-1.0002	3.3714	-3.9977	0.4782	2.7676	2.7878	-0.0202	-0.7290	0.0000	-1.8779	116.1045	142.7714	141.0309	-1.7405	-1.2341	583.2167	620.3400	37.1233	5.9843	169.6006	5.4050	690.2225	0.7530	nan	145.8488	374.4328	60.3594	89.8755	54.2484	79.5599	81.0277	0.9176	652.8123	-32.4723	-5.2346	96.6967	91.7333	0.1017	
12699.7603	12679.7143	-20.0460	-0.1581	0.2900	0.3631	0.4308	-0.1408	-48.5593	0.0190	0.0153	0.9660	0.1468	3.9745	-3.8976	0.4491	2.7747	2.7994	-0.0247	-0.8919	0.0000	-3.3078	130.7569	160.8011	140.3787	-20.4224	-14.5481	776.9807	628.4486	-148.5322	-23.6347	169.6104	5.3818	698.3114	0.7650	nan	145.1253	385.0682	61.2724	89.9953	55.1423	81.6652	82.1984	0.9315	670.1659	-41.7174	-6.6381	96.7294	87.3411	0.1045	
12683.0646	12669.2500	-13.8146	-0.1090	0.2960	0.3920	0.3826	-0.0866	-29.2613	0.0176	0.0169	-1.2043	-0.5316	3.6011	-3.8604	0.4504	2.8057	2.8279	-0.0222	-0.7902	0.0000	3.6220	112.8924	138.8347	139.7043	0.8695	0.6224	612.8628	648.5825	35.7197	5.5073	169.6603	5.3338	718.5450	0.7940	nan	144.1082	392.7085	60.5490	90.2633	54.6535	83.7446	83.4386	0.9553	682.5972	-34.0147	-5.2445	96.9441	95.2329	0.1055	
12582.6871	12579.0000	-3.6871	-0.0293	0.3043	0.4136	0.3854	-0.0811	-26.6671	0.0170	0.0172	-0.4472	-0.2231	3.7876	-4.1476	0.4816	2.8099	2.8284	-0.0185	-0.6602	0.0000	-3.5714	128.4297	157.5228	139.7007	-17.8220	-12.7573	741.9661	651.2650	-90.7011	-13.9269	169.7837	5.3314	721.5300	0.7971	nan	144.0815	400.7785	61.5388	90.2617	55.5460	85.8775	84.6501	0.9579	684.6381	-33.3731	-5.1243	96.9596	88.2530	0.1083	
12361.3905	12351.2500	-10.1405	-0.0821	0.3117	0.4130	0.3414	-0.0297	-9.5237	0.0153	0.0170	-1.3662	-0.3998	3.8701	-3.8563	0.5448	2.8094	2.8332	-0.0238	-0.8471	0.0000	-1.3842	130.4909	159.8885	139.7202	-20.1682	-14.4347	756.2760	655.3575	-100.9185	-15.3990	169.9090	5.3686	726.4675	0.7964	nan	144.1068	403.2168	61.5272	90.2116	55.5047	87.9711	85.8069	0.9639	686.1211	-30.7636	-4.6942	96.9563	88.8565	0.1110	
12193.5100	12189.3750	-4.1350	-0.0339	0.3187	0.4612	0.3514	-0.0326	-10.2287	0.0150	0.0192	-1.5875	-0.5123	3.8068	-3.8461	0.5255	2.8133	2.8321	-0.0188	-0.6697	0.0000	5.3072	122.0140	151.3227	139.6908	-11.6320	-8.3269	672.8663	653.2838	-19.5825	-2.9976	169.9743	5.3559	724.5013	0.7958	nan	144.1554	406.8782	62.2846	90.1701	56.1621	89.9628	86.9491	0.9598	689.4891	-36.2053	-5.5421	96.9029	81.6250	0.1133	
11958.9657	11945.0909	-13.8747	-0.1162	0.3274	0.4328	0.3656	-0.0382	-11.6655	0.0157	0.0188	-0.6303	-0.2290	3.9295	-3.9416	0.5723	2.8140	2.8416	-0.0275	-0.9776	0.0000	0.8578	113.7541	139.6427	139.6325	-0.0102	-0.0073	675.3507	655.7564	-19.5944	-2.9881	169.9904	5.3877	727.7036	0.7946	nan	144.1053	409.4984	62.4477	90.1132	56.2736	92.0548	88.1106	0.9635	687.8523	-32.0959	-4.8945	96.8962	80.2885	0.1163	
11783.9023	11776.8333	-7.0690	-0.0600	0.3352	0.3657	0.3644	-0.0293	-8.7295	0.0154	0.0168	1.4449	0.3060	3.9861	-4.0458	0.5960	2.8207	2.8413	-0.0206	-0.7312	0.0000	-0.4921	124.6795	152.7372	139.4987	-13.2385	-9.4900	749.2885	658.4850	-90.8035	-13.7898	169.9618	5.4048	731.1633	0.7959	nan	144.1080	413.3477	62.7733	90.0599	56.5335	93.8983	89.2177	0.9662	700.4454	-41.9604	-6.3723	96.8015	77.4074	0.1188	
11531.7182	11531.2000	-0.5182	-0.0045	0.3429	0.4209	0.3979	-0.0550	-16.0461	0.0175	0.0166	1.0387	0.1969	3.9582	-3.9096	0.5042	2.8226	2.8499	-0.0273	-0.9671	0.0000	-1.8430	108.2666	133.4802	139.4298	5.9496	4.2671	645.8838	658.9980	13.1142	1.9900	169.8951	5.4141	731.9690	0.7958	nan	144.0203	414.0571	62.8324	90.0308	56.5685	95.7400	90.2802	0.9668	696.1265	-37.1285	-5.6341	96.8127	76.0119	0.1215	

Torque compensated Offset = 	0
Mean Torque Mainboard Error perc = 	-26.074098464617986


Step N. = 	4
Target Speed = 	15240

Speed Mainboard (rpm_M)	Speed TestBench (rpm_M)	Speed Error (rpm_M)	Speed Error %	Torque TestBench (Nm_M)	Torque Ref (Nm)	Torque MainBoard (Nm_M)	Torque MainBoard Error (Nm_M)	Torque MainBoard Error %	Flux Ref (V/rad/s)	Flux (V/rad/s)	Id * Iq (A^2)	Id (Apeak)	Iq (Apeak)	Id Rotor (Apeak)	Iq Rotor (Apeak)	IMotor Measured (Arms)	IMotor MainBoard (Arms)	IMotor Error (Arms)	IMotor Error %	Motor Current THD %	Vsdref (Vpeak)	Vsqref (Vpeak)	Vout MainBoard (Vrms)	Vout Measured (Vrms)	Vout Error (Vrms)	Vout Error %	Motor Power MainBoard (W)	Motor Power Measured (W)	Motor Power Error (W)	Motor Power Error %	Line Voltage (Vrms)	Line Current (Arms)	Line Power (W)	Line Power Factor	Bulk Ripple (V)	DC Bus Voltage (Vrms)	Motor Mechanical Power (W)	Motor Efficiency	Inverter Efficiency	Overall Efficiency	Temperature (deg C)	Estimated Temperature (deg C)	Motor cos-phi	Electrical Power Alpha-Beta [W]	Electrical Power Error [W]	Electrical Power Error [%]	Bus Voltage Usage [%]	Rotational Losses [W]	Kt [Nm/Arms]	
15233.0816	15231.2500	-1.8316	-0.0120	0.1890	0.3260	0.2459	-0.0569	-30.0845	0.0139	0.0165	-3.2650	-1.3536	3.2964	-3.6505	0.3541	2.7448	2.6816	0.0633	2.3046	0.0000	-12.8819	118.7192	146.5482	143.0883	-3.4599	-2.4180	634.2000	593.6075	-40.5925	-6.8383	170.0488	5.3594	662.5800	0.7271	nan	148.5146	301.4628	50.7738	89.5884	45.4885	59.1374	74.4210	0.8726	601.1521	-7.5446	-1.2710	96.3460	150.7290	0.0689	
15235.1199	15232.1000	-3.0199	-0.0198	0.2007	0.3284	0.2424	-0.0417	-20.7927	0.0127	0.0135	0.6189	-0.1715	3.3636	-3.9855	0.3989	2.7608	2.7733	-0.0125	-0.4522	0.0000	-0.1223	126.5904	156.2280	142.0809	-14.1471	-9.9571	603.7653	610.9770	7.2117	1.1804	169.9789	5.3107	678.9210	0.7521	nan	146.3034	320.1365	52.3980	89.9924	47.1541	63.2165	76.2314	0.8993	643.6817	-32.7047	-5.3529	97.1140	145.7067	0.0727	
15235.2082	15231.5000	-3.7082	-0.0243	0.2052	0.2733	0.2720	-0.0667	-32.5149	0.0136	0.0120	-1.0431	-0.5247	3.5799	-4.1081	0.4152	2.7676	2.7779	-0.0103	-0.3720	0.0000	-7.1692	126.1184	155.1533	141.4237	-13.7296	-9.7081	671.9136	616.0825	-55.8311	-9.0623	169.8215	5.2642	683.2525	0.7644	nan	145.9178	327.3814	53.1457	90.1678	47.9192	66.9410	77.8491	0.9088	655.5122	-39.4297	-6.4001	96.9202	140.9586	0.0742	
15235.9895	15224.7500	-11.2395	-0.0738	0.2087	0.2898	0.2805	-0.0718	-34.3755	0.0137	0.0131	-5.7709	-1.7931	3.2933	-4.0616	0.4173	2.7719	2.7820	-0.0102	-0.3674	0.0000	6.2579	122.6731	150.7308	141.0352	-9.6956	-6.8746	595.5750	621.7175	26.1425	4.2049	169.6625	5.2503	688.7100	0.7732	nan	145.2327	332.8157	53.5336	90.2726	48.3260	70.1473	79.2181	0.9182	655.4450	-33.7275	-5.4249	97.1101	139.0636	0.0753	
15233.9752	15223.5000	-10.4752	-0.0688	0.2102	0.3182	0.3096	-0.0994	-47.2538	0.0141	0.0144	-0.5791	-0.2828	3.7489	-3.8886	0.3699	2.7826	2.7803	0.0023	0.0824	0.0000	-9.1408	127.5097	156.9128	140.6510	-16.2618	-11.5618	720.6440	631.0025	-89.6415	-14.2062	169.6020	5.2081	697.9075	0.7901	nan	145.3291	335.1839	53.1227	90.4136	48.0303	73.0836	80.5496	0.9308	662.8599	-31.8574	-5.0487	96.7810	143.3023	0.0756	
15226.1944	15176.0000	-50.1944	-0.3307	0.2143	0.2818	0.3560	-0.1417	-66.1044	0.0154	0.0115	-0.6908	-0.2293	3.9117	-3.9800	0.3961	2.7871	2.7977	-0.0106	-0.3817	0.0000	-10.9854	120.5608	148.9045	140.3562	-8.5483	-6.0904	706.1282	625.5767	-80.5516	-12.8764	169.6314	5.1651	692.3067	0.7901	nan	144.4937	340.6219	54.4643	90.3611	49.2145	75.7948	81.8522	0.9233	669.5299	-43.9533	-7.0260	97.1367	130.5501	0.0769	
15128.0676	15055.2222	-72.8454	-0.4839	0.2162	0.3334	0.2628	-0.0466	-21.5538	0.0137	0.0151	-4.5482	-1.7699	2.9997	-3.8322	0.3177	2.7813	2.7964	-0.0151	-0.5440	0.0000	2.4190	103.8319	129.5635	140.5341	10.9706	7.8063	443.0046	625.9344	182.9298	29.2251	169.7200	5.1764	692.9733	0.7888	nan	144.3045	340.8904	54.4655	90.3257	49.1961	78.4543	83.1965	0.9246	685.7853	-59.8509	-9.5618	97.3874	129.9087	0.0777	
14995.6892	14985.2857	-10.4035	-0.0694	0.2227	0.3267	0.3168	-0.0940	-42.2232	0.0148	0.0141	-0.4337	-0.2799	3.5435	-3.9043	0.4253	2.7801	2.8055	-0.0255	-0.9159	0.0000	-6.9764	118.0507	145.1957	140.5547	-4.6410	-3.3019	615.7996	627.9686	12.1690	1.9378	169.8159	5.1865	695.3700	0.7895	nan	144.5443	349.4950	55.6695	90.3063	50.2723	80.6906	84.4107	0.9278	679.6823	-51.7137	-8.2351	97.2401	122.3290	0.0801	
14949.2914	14845.3333	-103.9581	-0.7003	0.2224	0.3263	0.3414	-0.1189	-53.4701	0.0143	0.0136	-0.5286	-0.1597	3.9652	-3.9886	0.3949	2.7735	2.7928	-0.0193	-0.6945	0.0000	-9.2828	113.6280	140.1170	140.3666	0.2496	0.1778	677.3677	621.2267	-56.1411	-9.0371	169.8142	5.1448	687.8711	0.7873	nan	144.6381	345.8133	55.6668	90.3115	50.2735	82.8777	85.5809	0.9213	688.5083	-67.2816	-10.8304	97.0469	118.8804	0.0802	
14726.6990	14596.5556	-130.1434	-0.8916	0.2287	0.2881	0.3054	-0.0767	-33.5584	0.0136	0.0125	5.8311	1.4384	4.0635	-4.1586	0.3937	2.7641	2.7888	-0.0247	-0.8922	0.0000	6.3656	110.1638	135.2952	140.1298	4.8346	3.4501	685.5803	616.1511	-69.4292	-11.2682	169.7437	5.1220	682.7011	0.7852	nan	144.5894	349.5119	56.7257	90.2519	51.1960	84.9367	86.7224	0.9184	667.5737	-51.4226	-8.3458	96.9158	110.1261	0.0827	
14446.0912	14346.8889	-99.2024	-0.6915	0.2282	0.3230	0.3731	-0.1448	-63.4646	0.0160	0.0148	-1.5169	-0.4542	3.8620	-3.7071	0.3596	2.7522	2.7791	-0.0269	-0.9769	0.0000	-4.8902	125.2058	153.8893	140.1023	-13.7869	-9.8406	737.2846	615.8511	-121.4335	-19.7180	169.6677	5.0574	681.5000	0.7942	nan	144.5763	342.8811	55.6757	90.3670	50.3126	86.8047	87.7819	0.9221	674.4380	-58.5869	-9.5132	96.9055	116.8595	0.0829	
14241.0540	14146.5556	-94.4985	-0.6680	0.2321	0.3605	0.3150	-0.0829	-35.7273	0.0145	0.0159	-0.8591	-0.3406	3.5889	-3.7665	0.3145	2.7459	2.7636	-0.0177	-0.6435	0.0000	-2.2214	108.7338	134.5012	139.7630	5.2618	3.7648	591.5861	610.2844	18.6983	3.0639	169.6579	5.0208	675.4256	0.7929	nan	144.4891	343.8485	56.3457	90.3555	50.9114	88.6003	88.8319	0.9181	665.4720	-55.1876	-9.0429	96.7295	110.1344	0.0845	
14061.5898	14001.3333	-60.2565	-0.4304	0.2334	0.3692	0.3711	-0.1376	-58.9539	0.0168	0.0165	0.8261	0.1703	3.9269	-3.7128	0.4225	2.7462	2.7656	-0.0194	-0.7051	0.0000	-12.2565	132.4469	163.5604	139.5878	-23.9726	-17.1739	774.7721	607.8089	-166.9632	-27.4697	169.6880	5.0074	672.9422	0.7920	nan	144.4743	342.2776	56.3218	90.3213	50.8706	90.2251	89.8725	0.9154	667.1913	-59.3825	-9.7699	96.6178	108.3833	0.0850	
13935.7134	13902.5556	-33.1579	-0.2385	0.2410	0.3625	0.3506	-0.1096	-45.4665	0.0162	0.0144	-4.3534	-1.3660	3.4315	-4.0282	0.4322	2.7400	2.7624	-0.0223	-0.8149	0.0000	-12.6038	122.9637	151.6800	139.8386	-11.8414	-8.4679	650.8294	613.7633	-37.0660	-6.0391	169.8010	5.0396	679.6744	0.7943	nan	144.5221	350.8673	57.1664	90.3026	51.6227	91.8356	90.9795	0.9248	654.5493	-40.7860	-6.6452	96.7594	105.6513	0.0880	
13841.8838	13781.8750	-60.0088	-0.4354	0.2414	0.3436	0.3483	-0.1069	-44.2922	0.0163	0.0150	-2.3529	-0.7915	3.5994	-3.9262	0.4206	2.7388	2.7600	-0.0211	-0.7719	0.0000	-3.6994	129.9573	159.7289	139.7689	-19.9600	-14.2807	714.5014	610.3575	-104.1439	-17.0628	169.9264	5.0199	675.9388	0.7924	nan	144.5916	348.3607	57.0743	90.2979	51.5369	93.3444	92.0353	0.9206	625.6826	-15.3251	-2.5108	96.6646	104.1389	0.0881	

Torque compensated Offset = 	0
Mean Torque Mainboard Error perc = 	-41.98905392508275


Step N. = 	5
Target Speed = 	17780

Speed Mainboard (rpm_M)	Speed TestBench (rpm_M)	Speed Error (rpm_M)	Speed Error %	Torque TestBench (Nm_M)	Torque Ref (Nm)	Torque MainBoard (Nm_M)	Torque MainBoard Error (Nm_M)	Torque MainBoard Error %	Flux Ref (V/rad/s)	Flux (V/rad/s)	Id * Iq (A^2)	Id (Apeak)	Iq (Apeak)	Id Rotor (Apeak)	Iq Rotor (Apeak)	IMotor Measured (Arms)	IMotor MainBoard (Arms)	IMotor Error (Arms)	IMotor Error %	Motor Current THD %	Vsdref (Vpeak)	Vsqref (Vpeak)	Vout MainBoard (Vrms)	Vout Measured (Vrms)	Vout Error (Vrms)	Vout Error %	Motor Power MainBoard (W)	Motor Power Measured (W)	Motor Power Error (W)	Motor Power Error %	Line Voltage (Vrms)	Line Current (Arms)	Line Power (W)	Line Power Factor	Bulk Ripple (V)	DC Bus Voltage (Vrms)	Motor Mechanical Power (W)	Motor Efficiency	Inverter Efficiency	Overall Efficiency	Temperature (deg C)	Estimated Temperature (deg C)	Motor cos-phi	Electrical Power Alpha-Beta [W]	Electrical Power Error [W]	Electrical Power Error [%]	Bus Voltage Usage [%]	Rotational Losses [W]	Kt [Nm/Arms]	
15861.3213	15861.3213	0.0000	0.0000	0.1931	0.3317	0.2715	-0.0784	-40.6044	0.0132	0.0137	-4.8232	-1.5494	3.3851	-3.8247	0.3571	2.7801	2.7974	-0.0173	-0.6219	0.0000	-9.7145	123.0552	151.8469	140.7384	-11.1085	-7.8930	636.1239	622.8963	-13.2277	-2.1236	169.7640	5.1215	689.3587	0.7929	nan	144.3746	320.7798	51.4992	90.3587	46.5340	58.3028	73.3629	0.9191	661.8679	-38.9717	-6.2565	97.4815	157.4768	0.0695	
15926.2794	15926.2794	0.0000	0.0000	0.1965	0.3337	0.2642	-0.0677	-34.4293	0.0140	0.0144	-2.4403	-1.1030	3.1336	-3.9583	0.3450	2.7758	2.7898	-0.0139	-0.5018	0.0000	-8.2728	123.3164	151.7462	140.7113	-11.0349	-7.8422	609.3010	623.1275	13.8265	2.2189	169.6303	5.1254	689.0650	0.7925	nan	144.4036	327.7182	52.6055	90.4305	47.5712	62.6871	75.1374	0.9211	648.4621	-25.3346	-4.0657	97.4430	148.9645	0.0708	
15748.7373	15748.7373	0.0000	0.0000	0.2001	0.2807	0.3191	-0.1190	-59.4797	0.0143	0.0128	-4.5226	-1.2535	3.6521	-4.0999	0.3514	2.7801	2.7937	-0.0136	-0.4890	0.0000	9.6829	127.7145	157.4838	140.7604	-16.7234	-11.8807	679.2965	625.0289	-54.2677	-8.6824	169.6034	5.1455	691.2044	0.7920	nan	144.5909	330.0240	52.8071	90.4259	47.7512	66.4808	76.6251	0.9221	657.9805	-32.9516	-5.2720	97.3509	146.1544	0.0720	
15704.0190	15704.0190	0.0000	0.0000	0.2019	0.3605	0.2948	-0.0929	-46.0369	0.0129	0.0148	1.5927	0.4079	4.0161	-3.9661	0.3406	2.7810	2.7905	-0.0095	-0.3422	0.0000	-12.2757	128.2219	158.4481	140.6701	-17.7780	-12.6381	776.6273	624.8389	-151.7884	-24.2924	169.6470	5.1384	690.9622	0.7926	nan	144.3634	332.0094	53.1384	90.4303	48.0534	69.8394	78.0089	0.9221	675.1399	-50.3010	-8.0502	97.4420	142.1569	0.0726	
15658.4285	15658.4285	0.0000	0.0000	0.2048	0.3220	0.3028	-0.0980	-47.8618	0.0143	0.0132	-0.2363	-0.1847	3.6852	-3.7714	0.3496	2.7729	2.7904	-0.0176	-0.6339	0.0000	-12.9760	128.4853	158.3526	140.8956	-17.4570	-12.3901	719.6074	625.5744	-94.0329	-15.0315	169.7646	5.1357	691.5956	0.7932	nan	144.5718	335.7836	53.6794	90.4538	48.5550	72.8265	79.3273	0.9245	670.2986	-44.7242	-7.1493	97.4573	138.4740	0.0739	
15644.1465	15644.1465	0.0000	0.0000	0.2041	0.2896	0.3259	-0.1218	-59.6689	0.0143	0.0113	0.3346	0.0543	3.9393	-4.1164	0.3580	2.7757	2.7932	-0.0175	-0.6302	0.0000	-3.1261	131.4404	161.4998	140.9231	-20.5766	-14.6013	781.0836	626.8088	-154.2748	-24.6127	169.9169	5.1411	692.9538	0.7933	nan	144.6364	334.4088	53.3508	90.4546	48.2584	75.4935	80.5643	0.9252	679.5466	-52.7378	-8.4137	97.4327	139.4088	0.0735	
15610.8800	15610.8800	0.0000	0.0000	0.2051	0.2808	0.2973	-0.0922	-44.9432	0.0136	0.0134	-4.4536	-1.3493	3.5397	-3.9463	0.4017	2.7710	2.7857	-0.0147	-0.5291	0.0000	-2.5306	122.9155	150.6078	141.1277	-9.4801	-6.7174	657.2322	629.9771	-27.2551	-4.3264	170.0299	5.1890	696.9529	0.7899	nan	144.8276	335.3617	53.2403	90.3901	48.1239	78.1393	81.9032	0.9301	664.8039	-34.8268	-5.5283	97.4457	140.7856	0.0740	
15596.4133	15596.4133	0.0000	0.0000	0.2054	0.3400	0.2696	-0.0642	-31.2398	0.0131	0.0145	-0.3760	-0.5104	3.5565	-3.7921	0.3912	2.7711	2.7895	-0.0184	-0.6639	0.0000	-8.4059	124.9308	153.7245	140.6921	-13.0323	-9.2630	671.8763	616.9767	-54.8996	-8.8982	169.9646	5.0799	682.3922	0.7903	nan	144.6974	335.5431	54.3928	90.4142	49.1789	80.2503	83.0739	0.9136	677.0520	-60.0754	-9.7371	97.2321	126.5199	0.0741	
15537.4674	15537.4674	0.0000	0.0000	0.2094	0.3216	0.2758	-0.0664	-31.6845	0.0141	0.0130	-3.7470	-1.3585	3.2553	-3.8374	0.4341	2.7687	2.7843	-0.0157	-0.5655	0.0000	-5.0250	128.5043	157.6225	140.5641	-17.0584	-12.1357	630.0024	622.5022	-7.5002	-1.2048	169.7608	5.1308	688.6611	0.7907	nan	144.4559	340.7835	54.7435	90.3931	49.4842	82.3868	84.2904	0.9235	653.4035	-30.9013	-4.9640	97.3059	125.9866	0.0756	
15463.2697	15463.2697	0.0000	0.0000	0.2096	0.3507	0.3211	-0.1116	-53.2490	0.0139	0.0156	2.3263	0.5666	4.0434	-3.6932	0.3904	2.7652	2.7811	-0.0159	-0.5759	0.0000	-11.2953	127.3986	156.7470	140.3510	-16.3960	-11.6822	758.2776	617.0067	-141.2709	-22.8962	169.6304	5.0907	682.6822	0.7906	nan	144.3414	339.3287	55.0010	90.3797	49.7095	84.4258	85.4786	0.9179	683.2564	-66.2497	-10.7373	97.2356	121.3027	0.0758	
15367.3686	15367.3686	0.0000	0.0000	0.2097	0.3168	0.3205	-0.1108	-52.8688	0.0154	0.0135	-4.4218	-1.4016	3.4017	-4.0433	0.3765	2.7679	2.7875	-0.0196	-0.7087	0.0000	-11.8244	131.7594	162.5720	140.3632	-22.2088	-15.8224	691.5228	622.1022	-69.4206	-11.1590	169.6424	5.1241	688.6744	0.7923	nan	144.1359	337.4100	54.2360	90.3332	48.9933	86.3680	86.6388	0.9245	653.6693	-31.5670	-5.0743	97.3828	127.0163	0.0757	
15345.8067	15345.8067	0.0000	0.0000	0.2109	0.3584	0.3000	-0.0891	-42.2463	0.0141	0.0149	1.6753	0.1494	3.6308	-3.9259	0.3506	2.7584	2.7786	-0.0202	-0.7336	0.0000	-2.8482	128.9189	159.2433	140.5268	-18.7165	-13.3188	741.0680	617.7473	-123.3207	-19.9630	169.8075	5.1001	683.8127	0.7896	nan	144.1944	338.9324	54.8642	90.3386	49.5636	88.1896	87.8472	0.9201	664.5203	-46.7730	-7.5715	97.4568	121.2983	0.0765	
15324.9125	15324.9125	0.0000	0.0000	0.2117	0.3221	0.2901	-0.0784	-37.0334	0.0138	0.0145	-3.0015	-1.0999	3.3936	-3.7627	0.2998	2.7563	2.7767	-0.0204	-0.7401	0.0000	-10.1509	107.9965	133.8637	140.5286	6.6648	4.7427	555.0338	620.2086	65.1748	10.5085	169.9807	5.0928	686.3414	0.7928	nan	144.5229	339.7649	54.7803	90.3644	49.5021	89.9580	89.0579	0.9245	680.0624	-59.8538	-9.6506	97.2364	122.2750	0.0768	
15281.0540	15281.0540	0.0000	0.0000	0.2102	0.3210	0.2897	-0.0795	-37.8102	0.0137	0.0137	-1.9143	-0.7455	3.4894	-4.0515	0.3327	2.7547	2.7696	-0.0149	-0.5405	0.0000	-3.2775	124.0228	153.2652	140.4978	-12.7674	-9.0873	643.3064	619.1178	-24.1887	-3.9070	170.0288	5.0795	685.3122	0.7935	nan	144.6803	336.4048	54.3368	90.3411	49.0885	91.5351	90.1142	0.9236	654.0753	-34.9575	-5.6463	97.1092	123.9310	0.0763	
15238.6558	15238.6558	0.0000	0.0000	0.2133	0.2680	0.3508	-0.1374	-64.4220	0.0156	0.0124	-1.5784	-0.4716	3.7761	-3.9149	0.3774	2.7547	2.7714	-0.0166	-0.6041	0.0000	-10.6464	126.4277	155.7464	140.3599	-15.3865	-10.9622	729.1390	618.9044	-110.2346	-17.8112	169.8622	5.0815	685.2122	0.7938	nan	144.4241	340.4352	55.0189	90.3234	49.6954	93.0180	91.2107	0.9241	681.2051	-62.3007	-10.0663	97.1860	118.9381	0.0774	
15217.3568	15217.3568	0.0000	0.0000	0.2145	0.3322	0.3115	-0.0970	-45.2306	0.0134	0.0143	0.1026	-0.0214	3.9627	-3.8346	0.3646	2.7498	2.7693	-0.0195	-0.7077	0.0000	0.9022	126.3850	156.1925	140.1036	-16.0889	-11.4836	748.4208	619.3875	-129.0333	-20.8324	169.6322	5.0946	685.9262	0.7937	nan	144.1203	341.8176	55.1855	90.2994	49.8323	94.5248	92.3133	0.9282	647.9296	-28.5421	-4.6081	97.2131	117.8481	0.0780	
15140.3098	15140.3098	0.0000	0.0000	0.2171	0.2874	0.2470	-0.0299	-13.7526	0.0118	0.0123	-1.5067	-0.6574	3.6070	-4.1173	0.4307	2.7447	2.7626	-0.0180	-0.6548	0.0000	-4.4658	121.1138	149.2330	140.2014	-9.0316	-6.4419	661.7319	616.4650	-45.2669	-7.3430	169.6869	5.0646	682.5987	0.7943	nan	144.2296	344.2471	55.8530	90.3117	50.4421	95.9206	93.3654	0.9249	662.5293	-46.0643	-7.4723	97.2076	112.3964	0.0791	
15086.7075	15086.7075	0.0000	0.0000	0.2175	0.3241	0.2573	-0.0398	-18.3081	0.0125	0.0144	4.3237	1.0169	3.6972	-4.0172	0.3050	2.7390	2.7636	-0.0246	-0.8967	0.0000	5.6093	120.2316	149.2302	140.3265	-8.9037	-6.3450	703.9857	610.9000	-93.0857	-15.2375	169.9510	5.0252	676.5000	0.7921	nan	144.4240	343.6235	56.2634	90.3035	50.8081	97.2708	94.4067	0.9176	647.3422	-36.4422	-5.9653	97.1630	107.4384	0.0794	
15018.1705	15018.1705	0.0000	0.0000	0.2169	0.3397	0.3046	-0.0877	-40.4326	0.0134	0.0137	0.9992	0.2275	3.9719	-4.0454	0.3457	2.7368	2.7574	-0.0206	-0.7528	0.0000	3.2048	124.8786	153.9523	140.5252	-13.4271	-9.5549	751.9242	614.6856	-137.2386	-22.3266	170.0339	5.0441	680.8556	0.7938	nan	144.4870	341.1013	55.4947	90.2815	50.1016	98.6375	95.4608	0.9228	655.8295	-41.1440	-6.6935	97.2581	113.3208	0.0792	
15001.8928	15001.8928	0.0000	0.0000	0.2155	0.3174	0.2915	-0.0760	-35.2844	0.0139	0.0133	1.4754	0.1929	3.5647	-3.7907	0.3587	2.7297	2.7472	-0.0175	-0.6418	0.0000	8.5339	112.3406	139.7168	140.3415	0.6247	0.4451	625.2490	610.9025	-14.3465	-2.3484	169.9083	5.0111	676.4675	0.7945	nan	144.4293	338.5489	55.4201	90.3077	50.0485	99.9627	96.5015	0.9207	655.7433	-44.8408	-7.3401	97.1697	112.2659	0.0789	
14884.3785	14884.3785	0.0000	0.0000	0.2162	0.3370	0.3247	-0.1084	-50.1452	0.0151	0.0138	0.2972	-0.1219	3.6603	-3.6208	0.3852	2.7249	2.7490	-0.0241	-0.8833	0.0000	-18.5638	130.3422	161.2899	140.0295	-21.2604	-15.1828	723.5397	607.9050	-115.6347	-19.0218	169.7602	5.0167	673.6675	0.7910	nan	144.3770	337.0649	55.4521	90.2380	50.0385	101.1793	97.4997	0.9198	656.5415	-48.6365	-8.0007	96.9888	110.7127	0.0794	
14727.2178	14727.2178	0.0000	0.0000	0.2191	0.3460	0.3212	-0.1021	-46.5950	0.0141	0.0143	-0.6138	-0.2490	3.7709	-3.9866	0.3406	2.7236	2.7364	-0.0129	-0.4728	0.0000	3.8900	118.7779	146.4252	139.6491	-6.7761	-4.8522	650.8473	600.9911	-49.8562	-8.2957	169.6624	4.9775	666.3822	0.7891	nan	144.1479	337.9190	56.2285	90.1870	50.7109	102.4016	98.4698	0.9123	645.2681	-44.2770	-7.3673	96.8792	102.5011	0.0805	

Torque compensated Offset = 	0
Mean Torque Mainboard Error perc = 	-42.42393623179905


