WindyBPMp50_OrcaH34_Dyno_High_Speed_Power__264Vac_60C_20240809_122942
Report created on: 2024/08/09: 13:31:58


Step N. = 	0
Target Speed = 	4445

Speed Mainboard (rpm_M)	Speed TestBench (rpm_M)	Speed Error (rpm_M)	Speed Error %	Torque TestBench (Nm_M)	Torque Ref (Nm)	Torque MainBoard (Nm_M)	Torque MainBoard Error (Nm_M)	Torque MainBoard Error %	Flux Ref (V/rad/s)	Flux (V/rad/s)	Id * Iq (A^2)	Id (Apeak)	Iq (Apeak)	Id Rotor (Apeak)	Iq Rotor (Apeak)	IMotor Measured (Arms)	IMotor MainBoard (Arms)	IMotor Error (Arms)	IMotor Error %	Motor Current THD %	Vsdref (Vpeak)	Vsqref (Vpeak)	Vout MainBoard (Vrms)	Vout Measured (Vrms)	Vout Error (Vrms)	Vout Error %	Motor Power MainBoard (W)	Motor Power Measured (W)	Motor Power Error (W)	Motor Power Error %	Line Voltage (Vrms)	Line Current (Arms)	Line Power (W)	Line Power Factor	Bulk Ripple (V)	DC Bus Voltage (Vrms)	Motor Mechanical Power (W)	Motor Efficiency	Inverter Efficiency	Overall Efficiency	Temperature (deg C)	Estimated Temperature (deg C)	Motor cos-phi	Electrical Power Alpha-Beta [W]	Electrical Power Error [W]	Electrical Power Error [%]	Bus Voltage Usage [%]	Rotational Losses [W]	Kt [Nm/Arms]	
4440.3185	4443.3333	3.0148	0.0678	0.1956	0.2156	0.2069	-0.0114	-5.8093	0.0938	0.0933	0.2454	0.6556	0.3728	0.5185	0.4689	0.5294	0.5372	-0.0078	-1.4766	0.0000	3.1385	176.8084	216.6810	216.6396	-0.0414	-0.0191	101.7843	99.9425	-1.8418	-1.8429	265.0600	0.6727	114.8575	0.6440	nan	247.0608	91.0071	91.1035	86.9911	79.2488	60.3542	58.9972	0.5027	101.5375	-1.5950	-1.5959	87.6867	3.6519	0.3694	
4444.6495	4444.7692	0.1197	0.0027	0.2781	0.2983	0.3006	-0.0225	-8.1038	0.0943	0.0942	0.3283	0.6289	0.5227	0.4893	0.6555	0.6105	0.6122	-0.0017	-0.2760	0.0000	3.1182	177.1303	217.1653	219.1862	2.0208	0.9220	142.0646	144.6469	2.5823	1.7853	265.1152	0.9163	161.4985	0.6648	nan	245.3279	129.4323	89.4985	89.5635	80.1566	60.5549	59.2299	0.6240	145.9492	-1.3023	-0.9003	89.3442	8.1829	0.4555	
4446.2543	4446.2000	-0.0543	-0.0012	0.3590	0.3730	0.3709	-0.0119	-3.3232	0.0947	0.0948	0.4818	0.7452	0.6454	0.5538	0.8225	0.6873	0.6839	0.0034	0.4924	0.0000	6.5030	179.5028	220.1911	221.1328	0.9417	0.4258	181.2560	182.7280	1.4720	0.8056	265.0900	1.1196	201.0000	0.6772	nan	244.2876	167.1521	91.4761	90.9095	83.1605	60.7371	59.4155	0.6941	185.0153	-2.2873	-1.2518	90.5215	6.6585	0.5223	
4441.7034	4445.3846	3.6812	0.0828	0.4397	0.4618	0.4433	-0.0036	-0.8216	0.0953	0.0956	0.5449	0.7083	0.7693	0.4686	0.9722	0.7750	0.7718	0.0032	0.4131	0.0000	6.9326	181.5798	222.7888	223.8591	1.0703	0.4781	216.8436	220.7900	3.9464	1.7874	265.0008	1.3203	240.4262	0.6872	nan	243.2589	204.6853	92.7063	91.8327	85.1346	60.9737	59.6448	0.7348	224.8128	-4.0228	-1.8220	92.0251	4.7578	0.5673	
4453.7576	4446.0000	-7.7576	-0.1745	0.5204	0.5327	0.5602	-0.0398	-7.6520	0.0967	0.0962	0.7735	0.8061	0.9571	0.3691	1.1383	0.8836	0.8818	0.0017	0.1970	0.0000	4.1900	180.8188	221.9643	227.6245	5.6602	2.4866	264.2171	265.1836	0.9665	0.3645	264.7482	1.5522	286.6655	0.6976	nan	241.9201	242.2731	91.3605	92.5063	84.5142	61.2229	59.8414	0.7612	269.3660	-4.1824	-1.5772	94.0907	8.1480	0.5889	
4443.3306	4444.0000	0.6694	0.0151	0.6005	0.6222	0.6175	-0.0171	-2.8447	0.0973	0.0975	0.9770	0.9282	1.0536	0.3139	1.3907	0.9741	0.9725	0.0016	0.1607	0.0000	6.7912	186.8287	229.1136	230.5644	1.4508	0.6292	304.1034	302.4045	-1.6989	-0.5618	264.4918	1.7447	325.2600	0.7049	nan	240.9098	279.4363	92.4048	92.9732	85.9118	61.5244	60.1130	0.7774	307.8684	-5.4639	-1.8068	95.7057	5.0082	0.6164	
4446.4484	4446.5000	0.0516	0.0012	0.6808	0.7091	0.7204	-0.0395	-5.8056	0.0974	0.0975	1.1189	0.9137	1.2279	0.1903	1.5333	1.0814	1.0864	-0.0050	-0.4597	0.0000	9.3974	190.2705	233.7098	232.6472	-1.0625	-0.4567	362.0920	349.8475	-12.2445	-3.5000	264.3277	1.9876	374.7900	0.7134	nan	239.7306	317.0209	90.6170	93.3450	84.5864	61.9306	60.3927	0.8028	356.3529	-6.5054	-1.8595	97.0453	10.6588	0.6296	
4437.7018	4445.7692	8.0675	0.1815	0.7595	0.7957	0.7796	-0.0202	-2.6559	0.0983	0.0974	1.2758	0.9823	1.2991	0.1044	1.6068	1.1599	1.1686	-0.0087	-0.7473	0.0000	3.9330	182.9360	224.1887	233.1946	9.0059	3.8620	361.6604	385.4685	23.8081	6.1764	264.1849	2.1691	411.9177	0.7188	nan	238.9441	353.5749	91.7261	93.5790	85.8363	62.4202	60.8519	0.8228	392.1621	-6.6937	-1.7365	97.5938	6.3465	0.6548	
4441.7715	4445.1818	3.4103	0.0767	0.8407	0.8827	0.8828	-0.0421	-5.0080	0.0960	0.0965	1.4251	0.9371	1.5301	-0.1610	1.7677	1.2676	1.2753	-0.0077	-0.6067	0.0000	10.0387	180.9510	222.2547	232.6365	10.3818	4.4627	428.3990	433.9736	5.5747	1.2846	264.0134	2.4159	463.0145	0.7259	nan	237.8161	391.3572	90.1800	93.7279	84.5238	62.9805	61.2514	0.8497	441.0630	-7.0893	-1.6336	97.8220	12.0469	0.6633	
4445.7329	4444.2308	-1.5021	-0.0338	0.9206	0.9440	0.9451	-0.0245	-2.6563	0.0961	0.0969	1.6481	0.9999	1.6618	-0.2108	1.9266	1.3529	1.3650	-0.0120	-0.8897	0.0000	4.7879	193.0640	236.7143	232.0725	-4.6419	-2.0002	486.6242	470.8900	-15.7342	-3.3414	264.0415	2.6018	501.8777	0.7306	nan	237.2127	428.4531	90.9880	93.8256	85.3700	63.6683	61.9667	0.8659	479.0403	-8.1503	-1.7308	97.8331	7.5279	0.6805	
4445.9731	4444.0000	-1.9731	-0.0444	0.9995	1.0353	1.0475	-0.0481	-4.8077	0.0938	0.0951	1.7984	0.9684	1.8624	-0.4720	2.0319	1.4746	1.4869	-0.0122	-0.8300	0.0000	8.6215	188.8384	231.5281	231.5725	0.0445	0.0192	539.8593	520.9291	-18.9302	-3.6339	264.3855	2.8511	555.0373	0.7363	nan	236.6823	465.1208	89.2868	93.8548	83.8000	64.4556	62.6647	0.8807	529.5848	-8.6557	-1.6616	97.8411	14.2242	0.6778	
4450.1544	4444.8182	-5.3362	-0.1201	1.0807	1.0985	1.1044	-0.0236	-2.1870	0.0949	0.0926	2.1708	1.1254	1.9374	-0.7821	2.1193	1.5744	1.5938	-0.0194	-1.2315	0.0000	9.7737	184.7999	226.9054	231.3873	4.4819	1.9370	552.1847	560.6173	8.4326	1.5042	264.8384	3.0462	597.2200	0.7403	nan	236.4633	503.0355	89.7289	93.8712	84.2295	65.3609	63.5022	0.8885	569.8580	-9.2407	-1.6483	97.8534	10.0303	0.6864	
4452.5645	4445.4545	-7.1099	-0.1599	1.1600	1.1807	1.1968	-0.0368	-3.1715	0.0914	0.0928	2.2632	1.0311	2.2028	-0.9249	2.2956	1.7054	1.7282	-0.0227	-1.3339	0.0000	7.0246	187.2794	229.8196	230.6635	0.8439	0.3659	628.8785	610.4336	-18.4449	-3.0216	264.9245	3.2952	650.4336	0.7451	nan	235.6954	540.0112	88.4635	93.8503	83.0233	66.3811	64.2663	0.8959	618.1413	-7.7077	-1.2627	97.8651	14.4285	0.6802	
4444.1626	4445.5385	1.3759	0.0309	1.2409	1.2780	1.2796	-0.0387	-3.1193	0.0923	0.0932	2.8606	1.2409	2.3111	-1.1509	2.3117	1.8275	1.8501	-0.0226	-1.2346	0.0000	7.3170	187.7689	230.2023	229.8382	-0.3642	-0.1584	665.4483	655.1508	-10.2976	-1.5718	264.8146	3.5213	698.3915	0.7490	nan	234.9081	577.6942	88.1774	93.8085	82.7179	67.5949	65.5297	0.9005	665.0461	-9.8954	-1.5104	97.8418	12.8883	0.6790	
4435.9610	4444.2727	8.3117	0.1870	1.3199	1.3786	1.3388	-0.0189	-1.4308	0.0897	0.0889	3.2488	1.3182	2.4794	-1.6168	2.3991	1.9644	1.9910	-0.0266	-1.3555	0.0000	10.6606	184.0614	225.9346	228.7495	2.8149	1.2306	704.2366	702.9336	-1.3030	-0.1854	264.5270	3.7671	749.9464	0.7526	nan	233.9095	614.2901	87.3897	93.7312	81.9114	69.0311	66.7088	0.9032	712.8296	-9.8960	-1.4078	97.7940	13.6748	0.6719	
4449.0215	4445.8462	-3.1754	-0.0714	1.3988	1.4411	1.4537	-0.0549	-3.9237	0.0876	0.0883	3.7570	1.3643	2.7765	-1.7670	2.4873	2.1326	2.1615	-0.0289	-1.3556	0.0000	9.0898	175.8461	215.7483	227.1084	11.3601	5.0021	747.4357	758.1246	10.6889	1.4099	264.0223	4.0578	809.9231	0.7560	nan	232.7152	651.2225	85.8999	93.6045	80.4062	70.6892	68.1928	0.9037	769.3273	-11.2027	-1.4777	97.5907	18.0462	0.6559	
4451.9646	4443.8333	-8.1312	-0.1830	1.4804	1.5218	1.5136	-0.0332	-2.2421	0.0892	0.0892	4.3736	1.5744	2.7967	-1.9339	2.5075	2.3027	2.3364	-0.0337	-1.4637	0.0000	7.9032	185.1970	227.3615	225.7014	-1.6601	-0.7355	789.6018	810.5092	20.9074	2.5795	263.8901	4.3378	867.2575	0.7576	nan	232.0845	688.9223	85.0002	93.4566	79.4382	72.7120	70.2207	0.9004	821.5170	-11.0079	-1.3581	97.2496	17.2738	0.6429	
4439.4876	4447.7273	8.2397	0.1853	1.5609	1.6636	1.5514	0.0096	0.6119	0.0826	0.0859	4.9615	1.6197	3.0525	-2.4114	2.4903	2.5557	2.5876	-0.0319	-1.2492	0.0000	9.0888	169.4221	209.6148	223.3976	13.7828	6.1696	802.8672	877.7436	74.8765	8.5306	264.1765	4.7068	941.8491	0.7575	nan	231.7766	727.0211	82.8339	93.1938	77.1963	75.0369	71.9954	0.8876	888.3616	-10.6180	-1.2097	96.3849	21.2216	0.6108	
4438.0941	4439.6923	1.5982	0.0360	1.6315	1.7701	1.6710	-0.0394	-2.4176	0.0870	0.0827	6.0882	1.9317	3.1534	-3.2878	2.4634	2.8518	2.8725	-0.0207	-0.7247	0.0000	4.2841	207.0456	253.8546	222.6935	-31.1611	-13.9928	988.8035	956.3769	-32.4266	-3.3906	264.6368	5.1434	1029.9169	0.7567	nan	231.7398	758.5548	79.3144	92.8597	73.6510	77.9926	74.4882	0.8695	966.7337	-10.3567	-1.0829	96.0964	34.9750	0.5721	
4403.7605	4410.7273	6.9668	0.1580	1.7176	1.8462	1.8216	-0.1040	-6.0553	0.0827	0.0846	8.1001	2.1952	3.6655	-3.4614	2.4974	3.0477	3.0871	-0.0395	-1.2952	0.0000	19.0896	172.9211	213.4984	223.9410	10.4426	4.6631	1014.8792	1019.2764	4.3972	0.4314	264.7071	5.4940	1100.6136	0.7568	nan	231.0338	793.3612	77.8364	92.6098	72.0842	81.6909	77.6330	0.8622	1050.2894	-31.0130	-3.0427	96.9300	37.6466	0.5636	
4196.4577	4209.3333	12.8756	0.3059	1.8010	1.9296	1.9257	-0.1247	-6.9216	0.0884	0.0902	9.9637	2.6644	3.7263	-3.2711	2.8168	3.0686	3.1047	-0.0362	-1.1783	0.0000	21.5472	182.4175	226.4351	224.8106	-1.6245	-0.7226	1109.1808	1026.0792	-83.1017	-8.0990	264.2094	5.5429	1108.3517	0.7568	nan	230.5073	793.8737	77.3708	92.5771	71.6277	85.9061	81.5210	0.8587	1045.9762	-19.8970	-1.9391	97.5286	38.7044	0.5869	

Torque compensated Offset = 	0
Mean Torque Mainboard Error perc = 	-3.8259521114663615


Step N. = 	1
Target Speed = 	7620

Speed Mainboard (rpm_M)	Speed TestBench (rpm_M)	Speed Error (rpm_M)	Speed Error %	Torque TestBench (Nm_M)	Torque Ref (Nm)	Torque MainBoard (Nm_M)	Torque MainBoard Error (Nm_M)	Torque MainBoard Error %	Flux Ref (V/rad/s)	Flux (V/rad/s)	Id * Iq (A^2)	Id (Apeak)	Iq (Apeak)	Id Rotor (Apeak)	Iq Rotor (Apeak)	IMotor Measured (Arms)	IMotor MainBoard (Arms)	IMotor Error (Arms)	IMotor Error %	Motor Current THD %	Vsdref (Vpeak)	Vsqref (Vpeak)	Vout MainBoard (Vrms)	Vout Measured (Vrms)	Vout Error (Vrms)	Vout Error %	Motor Power MainBoard (W)	Motor Power Measured (W)	Motor Power Error (W)	Motor Power Error %	Line Voltage (Vrms)	Line Current (Arms)	Line Power (W)	Line Power Factor	Bulk Ripple (V)	DC Bus Voltage (Vrms)	Motor Mechanical Power (W)	Motor Efficiency	Inverter Efficiency	Overall Efficiency	Temperature (deg C)	Estimated Temperature (deg C)	Motor cos-phi	Electrical Power Alpha-Beta [W]	Electrical Power Error [W]	Electrical Power Error [%]	Bus Voltage Usage [%]	Rotational Losses [W]	Kt [Nm/Arms]	
7607.6303	7616.3077	8.6774	0.1139	0.1971	0.1739	0.1753	0.0217	11.0351	0.0603	0.0597	-0.4327	-0.8582	0.4855	-0.9156	0.3116	0.7162	0.6665	0.0497	6.9404	0.0000	-10.2605	193.7540	237.7009	242.4104	4.7095	1.9428	154.7560	165.4285	10.6724	6.4514	264.2344	1.0191	180.8669	0.6716	nan	244.7292	157.1855	95.0650	91.4603	86.9452	60.4473	59.1861	0.5500	151.7420	13.6864	8.2733	99.0558	-1.4309	0.2752	
7610.0037	7618.9167	8.9130	0.1170	0.2478	0.2448	0.2436	0.0043	1.7271	0.0596	0.0596	-0.5852	-0.8654	0.6746	-1.0182	0.4435	0.7802	0.7523	0.0279	3.5763	0.0000	-7.7714	191.3030	234.5968	241.3649	6.7681	2.8041	203.7185	209.6558	5.9373	2.8319	264.3674	1.2528	226.6608	0.6844	nan	242.9260	197.7342	94.3139	92.4974	87.2379	60.5221	59.2477	0.6428	210.5622	-0.9063	-0.4323	99.3577	0.4397	0.3176	
7609.7115	7620.0000	10.2885	0.1350	0.2962	0.2974	0.2875	0.0087	2.9217	0.0587	0.0591	-0.7715	-0.9471	0.8107	-1.0328	0.5356	0.8482	0.8301	0.0181	2.1356	0.0000	-9.2495	195.8266	240.1663	240.3383	0.1720	0.0716	251.4446	251.9020	0.4574	0.1816	264.5038	1.4728	270.4460	0.6943	nan	242.0020	236.3573	93.8279	93.1431	87.3944	60.6291	59.3253	0.7134	256.5415	-4.6395	-1.8418	99.3126	1.9703	0.3492	
7610.8801	7620.0000	9.1199	0.1197	0.3444	0.3494	0.3555	-0.0111	-3.2202	0.0575	0.0588	-0.8649	-0.8393	1.0288	-1.1494	0.6242	0.9234	0.9038	0.0197	2.1281	0.0000	-6.2837	195.2407	239.2934	239.4025	0.1091	0.0456	309.1850	296.4669	-12.7181	-4.2899	264.8039	1.7010	316.7046	0.7031	nan	241.3437	274.8067	92.6939	93.6100	86.7708	60.7922	59.4290	0.7742	300.9732	-4.5062	-1.5200	99.1958	5.5601	0.3729	
7610.3033	7618.7273	8.4239	0.1106	0.3917	0.3955	0.3854	0.0063	1.6183	0.0584	0.0576	-0.9226	-0.8380	1.0963	-1.2299	0.6795	0.9973	0.9683	0.0289	2.9026	0.0000	-8.2242	191.1407	234.4080	238.5935	4.1854	1.7542	324.1992	337.8191	13.6199	4.0317	265.0605	1.9104	359.6873	0.7103	nan	240.8950	312.5325	92.5147	93.9202	86.8900	61.0261	59.6060	0.8197	341.0892	-3.2701	-0.9680	99.0447	6.4941	0.3928	
7615.0341	7615.8462	0.8120	0.0107	0.4400	0.4374	0.4421	-0.0021	-0.4875	0.0573	0.0577	-1.1021	-0.8606	1.2786	-1.2921	0.7820	1.0601	1.0435	0.0166	1.5690	0.0000	0.0429	192.3636	235.6734	237.7434	2.0700	0.8707	368.2754	370.8931	2.6176	0.7058	264.9886	2.0783	394.0731	0.7155	nan	240.1711	350.9130	94.6132	94.1178	89.0478	61.3287	59.8607	0.8496	379.0269	-8.1339	-2.1930	98.9892	-1.2789	0.4150	
7616.6085	7621.2727	4.6642	0.0612	0.4878	0.4817	0.4957	-0.0079	-1.6138	0.0563	0.0554	-1.1957	-0.8132	1.4706	-1.4613	0.8582	1.1397	1.1181	0.0215	1.8889	0.0000	-8.0888	189.8768	232.8572	236.3475	3.4903	1.4768	428.8432	410.1927	-18.6505	-4.5468	264.5885	2.2793	435.1900	0.7216	nan	239.1588	389.3266	94.9132	94.2560	89.4613	61.6784	60.1479	0.8792	417.5396	-7.3469	-1.7911	98.8247	-3.7320	0.4280	
7611.1370	7620.5833	9.4463	0.1240	0.5361	0.5355	0.5375	-0.0014	-0.2603	0.0558	0.0558	-1.2458	-0.7820	1.5910	-1.4943	0.9247	1.2333	1.2044	0.0289	2.3462	0.0000	-9.7231	187.5567	230.1014	234.7673	4.6659	1.9875	458.9485	455.1108	-3.8376	-0.8432	264.1322	2.5091	482.4900	0.7280	nan	237.7866	427.8083	94.0010	94.3255	88.6669	62.0966	60.5248	0.9075	465.8696	-10.7588	-2.3640	98.7305	-1.5463	0.4347	
7608.1852	7619.3636	11.1784	0.1467	0.5845	0.5848	0.5820	0.0024	0.4185	0.0551	0.0557	-1.3072	-0.7401	1.7604	-1.5900	1.0017	1.3277	1.2957	0.0321	2.4141	0.0000	-9.1719	183.6318	225.2502	233.5890	8.3388	3.5699	494.6419	500.0864	5.4445	1.0887	264.0164	2.7365	529.9500	0.7335	nan	236.8406	466.3351	93.2526	94.3648	87.9975	62.5936	60.9217	0.9309	508.7635	-8.6772	-1.7351	98.6273	0.2579	0.4402	
7608.9183	7619.2727	10.3544	0.1359	0.6319	0.6376	0.6365	-0.0046	-0.7238	0.0556	0.0555	-1.2649	-0.6581	1.9209	-1.6708	1.0903	1.4283	1.4077	0.0206	1.4426	0.0000	-3.8200	189.2074	231.9753	232.5739	0.5986	0.2574	549.2396	547.0736	-2.1660	-0.3959	264.0952	2.9714	579.6845	0.7387	nan	236.1404	504.1929	92.1623	94.3744	86.9776	63.1740	61.4553	0.9508	557.4434	-10.3697	-1.8955	98.4898	4.0427	0.4424	
7618.5710	7621.9231	3.3520	0.0440	0.6792	0.6848	0.7017	-0.0225	-3.3152	0.0538	0.0542	-1.2389	-0.5667	2.2029	-1.8925	1.1604	1.5372	1.5135	0.0236	1.5382	0.0000	-2.2873	185.1300	226.8186	231.3858	4.5671	1.9738	612.9256	595.6031	-17.3225	-2.9084	264.0370	3.2154	631.2792	0.7436	nan	235.3472	542.0772	91.0136	94.3486	85.8701	63.9070	62.0355	0.9668	605.0766	-9.4735	-1.5906	98.3169	8.4259	0.4418	
7621.9255	7619.4000	-2.5255	-0.0331	0.7286	0.7328	0.7383	-0.0097	-1.3312	0.0545	0.0542	-1.0281	-0.4609	2.2716	-1.9664	1.2006	1.6472	1.6271	0.0201	1.2196	0.0000	-6.9783	189.6607	232.5158	230.3270	-2.1888	-0.9503	651.8599	643.0540	-8.8059	-1.3694	264.0034	3.4547	682.0100	0.7478	nan	234.6487	581.3514	90.4050	94.2881	85.2411	64.7752	62.7452	0.9786	652.9289	-9.8749	-1.5356	98.1584	9.7556	0.4423	
7609.4754	7618.2500	8.7746	0.1152	0.7755	0.7940	0.7884	-0.0129	-1.6680	0.0539	0.0544	-0.7799	-0.3194	2.4310	-2.0471	1.2894	1.7584	1.7533	0.0051	0.2923	0.0000	-2.5425	190.7814	233.8206	229.3652	-4.4555	-1.9425	696.6696	689.2258	-7.4438	-1.0800	263.9750	3.6888	731.5642	0.7513	nan	233.8486	618.6794	89.7654	94.2126	84.5703	65.7590	63.6782	0.9866	706.4773	-17.2515	-2.5030	98.0828	11.1463	0.4410	
7615.4954	7620.0000	4.5046	0.0591	0.8240	0.8343	0.8293	-0.0053	-0.6484	0.0535	0.0519	-0.6457	-0.2488	2.5822	-2.4153	1.3344	1.8573	1.8612	-0.0038	-0.2072	0.0000	-1.4317	184.3069	225.8031	228.5905	2.7873	1.2194	713.7192	728.6382	14.9190	2.0475	263.9700	3.8901	773.9855	0.7537	nan	233.3418	657.5228	90.2400	94.1411	84.9529	66.9062	64.7317	0.9908	747.5454	-18.9072	-2.5949	97.9639	4.5828	0.4436	
7618.1678	7618.3846	0.2169	0.0028	0.8715	0.8802	0.8867	-0.0152	-1.7491	0.0515	0.0552	-0.1681	-0.0631	2.8946	-2.1550	1.3966	1.9882	1.9873	0.0009	0.0452	0.0000	-1.1171	180.3722	221.0506	227.6762	6.6255	2.9101	782.6672	778.0385	-4.6288	-0.5949	263.9963	4.1464	827.6138	0.7561	nan	232.8156	695.2481	89.3593	94.0098	84.0065	68.2184	65.8070	0.9923	795.3215	-17.2830	-2.2214	97.7926	6.2062	0.4383	
7611.7327	7617.8182	6.0855	0.0799	0.9212	0.9375	0.9347	-0.0136	-1.4718	0.0531	0.0510	0.4625	0.1283	2.9415	-2.7402	1.4416	2.1498	2.1504	-0.0006	-0.0292	0.0000	3.3976	189.1675	231.8860	226.6082	-5.2778	-2.3290	835.8492	833.6300	-2.2192	-0.2662	263.8914	4.4465	888.5709	0.7573	nan	232.1732	734.8598	88.1524	93.8170	82.7019	69.7184	67.0759	0.9880	856.0400	-22.4100	-2.6882	97.6032	8.7717	0.4285	
7611.2901	7616.1538	4.8637	0.0639	0.9684	0.9976	0.9940	-0.0256	-2.6402	0.0511	0.0535	2.4120	0.6674	3.2767	-2.6434	1.4787	2.3724	2.4170	-0.0446	-1.8788	0.0000	-0.2636	192.3933	235.7087	225.5900	-10.1187	-4.4854	943.7737	897.9085	-45.8652	-5.1080	263.8267	4.8074	959.9585	0.7569	nan	231.4222	772.3459	86.0190	93.5363	80.4591	71.6195	68.7163	0.9687	928.6612	-30.7527	-3.4249	97.4799	15.2471	0.4082	
7595.8824	7620.3636	24.4813	0.3213	1.0137	1.0740	1.0300	-0.0163	-1.6042	0.0494	0.0482	5.2971	1.4497	3.4655	-3.3078	1.4657	2.7674	2.7587	0.0086	0.3116	0.0000	8.1071	199.0654	244.1105	224.0861	-20.0244	-8.9360	1059.8572	988.8991	-70.9581	-7.1755	264.2070	5.3025	1062.5582	0.7585	nan	231.1568	808.9511	81.8076	93.0681	76.1372	74.0219	70.4992	0.9207	1014.3033	-25.4042	-2.5689	96.9413	28.6233	0.3663	
7461.4506	7437.1818	-24.2688	-0.3263	1.0649	1.1399	1.1244	-0.0594	-5.5825	0.0497	0.0490	8.3787	2.1898	3.8195	-4.1237	1.4864	3.1538	3.1060	0.0478	1.5157	0.0000	10.2329	187.0238	230.5415	223.1912	-7.3503	-3.2933	1108.8443	1065.5564	-43.2879	-4.0625	264.3902	5.7534	1151.4727	0.7570	nan	230.5286	829.3668	77.8341	92.5386	72.0266	77.2318	73.0561	0.8740	1089.9773	-24.4209	-2.2918	96.8174	37.5236	0.3377	
7146.7931	7099.0000	-47.7931	-0.6732	1.1130	1.2322	1.1658	-0.0528	-4.7442	0.0516	0.0519	8.9683	2.3623	3.7968	-4.1111	1.6029	3.1892	3.2256	-0.0363	-1.1397	0.0000	20.1833	196.0768	241.5639	223.2185	-18.3454	-8.2186	1188.3856	1073.4791	-114.9065	-10.7041	264.2949	5.8025	1160.5700	0.7568	nan	230.2068	827.4004	77.0766	92.4959	71.2927	81.3591	76.5814	0.8706	1098.1848	-24.7057	-2.3015	96.9644	40.1344	0.3490	

Torque compensated Offset = 	0
Mean Torque Mainboard Error perc = 	-0.6669830165545594


Step N. = 	2
Target Speed = 	10160

Speed Mainboard (rpm_M)	Speed TestBench (rpm_M)	Speed Error (rpm_M)	Speed Error %	Torque TestBench (Nm_M)	Torque Ref (Nm)	Torque MainBoard (Nm_M)	Torque MainBoard Error (Nm_M)	Torque MainBoard Error %	Flux Ref (V/rad/s)	Flux (V/rad/s)	Id * Iq (A^2)	Id (Apeak)	Iq (Apeak)	Id Rotor (Apeak)	Iq Rotor (Apeak)	IMotor Measured (Arms)	IMotor MainBoard (Arms)	IMotor Error (Arms)	IMotor Error %	Motor Current THD %	Vsdref (Vpeak)	Vsqref (Vpeak)	Vout MainBoard (Vrms)	Vout Measured (Vrms)	Vout Error (Vrms)	Vout Error %	Motor Power MainBoard (W)	Motor Power Measured (W)	Motor Power Error (W)	Motor Power Error %	Line Voltage (Vrms)	Line Current (Arms)	Line Power (W)	Line Power Factor	Bulk Ripple (V)	DC Bus Voltage (Vrms)	Motor Mechanical Power (W)	Motor Efficiency	Inverter Efficiency	Overall Efficiency	Temperature (deg C)	Estimated Temperature (deg C)	Motor cos-phi	Electrical Power Alpha-Beta [W]	Electrical Power Error [W]	Electrical Power Error [%]	Bus Voltage Usage [%]	Rotational Losses [W]	Kt [Nm/Arms]	
10159.4040	10154.2308	-5.1732	-0.0509	0.1968	0.2017	0.1953	0.0015	0.7602	0.0438	0.0447	-1.1017	-1.5322	0.7157	-1.7230	0.3477	1.2248	1.2099	0.0148	1.2087	0.0000	5.7707	192.3470	236.2783	242.1088	5.8306	2.4082	195.4679	241.2331	45.7652	18.9713	264.1624	1.4256	260.8015	0.6925	nan	241.7851	209.2338	86.7532	92.4947	80.2412	60.4922	58.8743	0.4697	254.7502	-13.5171	-5.6033	100.1339	3.7088	0.1607	
10158.3770	10159.7273	1.3503	0.0133	0.2328	0.2383	0.2326	0.0002	0.0729	0.0441	0.0429	-1.4429	-1.5959	0.9013	-1.7713	0.4092	1.2547	1.2444	0.0103	0.8233	0.0000	-9.5853	191.2679	234.9494	241.8334	6.8840	2.8466	282.6004	281.3136	-1.2868	-0.4574	264.4288	1.6307	302.0391	0.7005	nan	241.3849	247.7011	88.0519	93.1381	82.0098	61.0705	59.3800	0.5353	292.8137	-11.5001	-4.0880	100.1858	3.8589	0.1855	
10160.9792	10163.4615	2.4824	0.0244	0.2664	0.2708	0.2739	-0.0075	-2.8210	0.0441	0.0434	-1.6413	-1.5528	1.0572	-1.9142	0.4282	1.2889	1.2708	0.0182	1.4098	0.0000	-8.5492	194.2695	238.4230	241.6233	3.2003	1.3245	328.0785	319.8408	-8.2378	-2.5756	264.7577	1.8252	341.8192	0.7074	nan	240.9603	283.5176	88.6440	93.5700	82.9442	61.6565	60.0669	0.5929	332.9754	-13.1346	-4.1066	100.2752	4.8613	0.2067	
10159.3197	10158.7273	-0.5924	-0.0058	0.2986	0.3050	0.2982	0.0004	0.1388	0.0434	0.0423	-1.7137	-1.4828	1.1545	-1.8645	0.5092	1.3291	1.3125	0.0165	1.2430	0.0000	-5.9563	196.7085	241.3145	241.1096	-0.2049	-0.0850	354.5448	357.0755	2.5307	0.7087	265.0589	2.0117	380.3564	0.7133	nan	240.5267	317.6959	88.9714	93.8792	83.5257	62.2848	60.6362	0.6433	371.5143	-14.4389	-4.0437	100.2424	5.8543	0.2247	
10162.2240	10161.2727	-0.9513	-0.0094	0.3313	0.3370	0.3484	-0.0172	-5.1837	0.0427	0.0431	-2.1197	-1.5318	1.3816	-1.8836	0.5467	1.3777	1.3603	0.0174	1.2635	0.0000	-10.1753	194.6030	238.9358	239.9934	1.0576	0.4407	426.9306	395.7291	-31.2015	-7.8846	264.9201	2.2071	420.6245	0.7194	nan	239.6074	352.5027	89.0779	94.0813	83.8055	62.8866	61.1449	0.6910	412.3767	-16.6476	-4.2068	100.1611	7.1270	0.2405	
10161.5418	10155.7692	-5.7726	-0.0568	0.3649	0.3720	0.3663	-0.0013	-0.3671	0.0425	0.0415	-2.1493	-1.4877	1.4410	-2.0260	0.6139	1.4324	1.4124	0.0200	1.3962	0.0000	-4.8318	188.6928	231.9437	238.4638	6.5200	2.7342	419.5629	435.1231	15.5602	3.5760	264.3705	2.4090	461.8115	0.7251	nan	238.3065	388.0990	89.1925	94.2209	84.0380	63.5071	61.8589	0.7355	450.8871	-15.7640	-3.6229	100.0660	7.9169	0.2548	
10157.2346	10161.9091	4.6745	0.0460	0.3972	0.4077	0.4102	-0.0130	-3.2784	0.0419	0.0419	-2.2719	-1.3578	1.6680	-2.0628	0.6694	1.4859	1.4737	0.0122	0.8177	0.0000	-2.0447	190.9665	234.4735	237.2085	2.7350	1.1530	482.3076	472.9755	-9.3321	-1.9731	264.0297	2.6015	501.5045	0.7301	nan	237.3162	422.6630	89.3628	94.3113	84.2791	64.1695	62.3458	0.7747	491.4534	-18.4780	-3.9068	99.9546	8.1318	0.2673	
10164.9690	10160.3077	-4.6614	-0.0459	0.4312	0.4366	0.4442	-0.0131	-3.0325	0.0410	0.0420	-2.4029	-1.3343	1.8001	-2.9286	0.7296	1.5439	1.5408	0.0030	0.1961	0.0000	3.3232	191.9636	235.3991	236.2624	0.8633	0.3654	511.8247	513.3285	1.5037	0.2929	264.0002	2.8037	543.9062	0.7348	nan	236.6203	458.7411	89.3664	94.3781	84.3424	64.8578	63.1230	0.8125	531.8203	-18.4919	-3.6023	99.8487	8.9426	0.2793	
10161.0860	10158.4167	-2.6693	-0.0263	0.4630	0.4725	0.4744	-0.0114	-2.4521	0.0413	0.0413	-2.4894	-1.2906	1.9332	-2.1934	0.7853	1.6023	1.6045	-0.0022	-0.1370	0.0000	-10.9283	193.3126	237.4326	235.3447	-2.0879	-0.8871	582.5199	551.8475	-30.6724	-5.5581	264.0682	2.9952	584.4900	0.7390	nan	236.0382	492.5332	89.2515	94.4152	84.2670	65.6142	63.6871	0.8449	573.9817	-22.1342	-4.0109	99.7062	10.0175	0.2890	
10157.3762	10152.2727	-5.1034	-0.0503	0.4959	0.5084	0.5107	-0.0148	-2.9799	0.0407	0.0399	-2.4444	-1.1766	2.0761	-2.2834	0.8176	1.6674	1.6672	0.0002	0.0116	0.0000	-1.4810	190.3945	233.6978	234.1871	0.4893	0.2089	595.0248	591.7927	-3.2321	-0.5461	264.0631	3.1952	626.8400	0.7429	nan	235.3691	527.2231	89.0892	94.4089	84.1081	66.3717	64.4075	0.8750	612.5260	-20.7333	-3.5035	99.4978	11.0488	0.2974	
10160.6064	10157.7692	-2.8372	-0.0279	0.5294	0.5405	0.5442	-0.0148	-2.7933	0.0410	0.0400	-2.3224	-1.0453	2.2313	-2.3544	0.8663	1.7385	1.7462	-0.0078	-0.4458	0.0000	-5.6701	192.3650	235.9378	232.9402	-2.9977	-1.2869	654.4284	632.9238	-21.5046	-3.3977	263.9232	3.4029	670.5838	0.7467	nan	234.6128	563.1166	88.9709	94.3840	83.9743	67.2131	65.3253	0.9024	657.4295	-24.5056	-3.8718	99.2871	11.4567	0.3045	
10157.4662	10157.1818	-0.2844	-0.0028	0.5627	0.5775	0.5595	0.0033	0.5820	0.0404	0.0408	-2.2840	-0.9927	2.3119	-2.4025	0.9018	1.8150	1.8232	-0.0081	-0.4477	0.0000	-8.2286	189.0219	231.9249	231.7954	-0.1295	-0.0559	667.3270	675.1936	7.8666	1.1651	263.8871	3.6162	715.7900	0.7501	nan	233.9652	598.5493	88.6492	94.3285	83.6214	68.1310	66.0100	0.9266	697.1630	-21.9693	-3.2538	99.0726	12.8399	0.3100	
10158.1699	10159.1000	0.9301	0.0092	0.5958	0.6114	0.6209	-0.0251	-4.2054	0.0393	0.0388	-2.1258	-0.8003	2.6766	-2.5896	0.9526	1.8951	1.9061	-0.0110	-0.5798	0.0000	7.1797	189.4343	232.5104	230.9983	-1.5121	-0.6546	753.1618	718.1510	-35.0108	-4.8751	264.1847	3.8304	761.8350	0.7529	nan	233.7085	633.8467	88.2611	94.2659	83.2001	69.0742	66.9816	0.9471	743.1141	-24.9631	-3.4760	98.8403	14.5220	0.3144	
10162.3802	10163.9286	1.5484	0.0152	0.6279	0.6425	0.6356	-0.0077	-1.2323	0.0406	0.0405	-1.7681	-0.6953	2.5982	-2.5556	1.0140	1.9770	1.9908	-0.0138	-0.6986	0.0000	-4.9176	192.2792	235.7907	230.4423	-5.3484	-2.3209	756.2666	759.9000	3.6334	0.4781	264.6473	4.0383	806.7929	0.7549	nan	233.6236	668.2686	87.9420	94.1877	82.8306	70.2045	68.0075	0.9630	789.2084	-29.3084	-3.8569	98.6383	15.3923	0.3176	
10157.8113	10160.7273	2.9160	0.0287	0.6620	0.6820	0.6880	-0.0260	-3.9302	0.0379	0.0402	-1.1361	-0.3880	3.0035	-2.6975	1.0712	2.0808	2.0938	-0.0131	-0.6279	0.0000	-4.4887	185.8655	228.0352	229.5805	1.5453	0.6731	838.8668	807.4627	-31.4040	-3.8892	264.8379	4.2843	858.3645	0.7565	nan	233.2428	704.3871	87.2348	94.0699	82.0617	71.4765	69.2063	0.9759	835.5877	-28.1250	-3.4831	98.4299	18.2565	0.3182	
10160.0208	10163.5455	3.5247	0.0347	0.6939	0.7165	0.7232	-0.0293	-4.2260	0.0375	0.0394	-0.2553	-0.1090	3.2655	-2.8816	1.0862	2.2108	2.2337	-0.0229	-1.0371	0.0000	2.9422	187.2653	229.7265	227.9768	-1.7497	-0.7675	920.7417	856.3618	-64.3799	-7.5178	264.3864	4.5558	912.1027	0.7573	nan	232.3003	738.5447	86.2424	93.8888	80.9719	72.7919	70.2191	0.9810	882.7650	-26.4032	-3.0832	98.1388	21.6387	0.3139	
10158.2292	10161.0769	2.8477	0.0280	0.7278	0.7573	0.7429	-0.0151	-2.0732	0.0397	0.0369	-0.7826	-0.2765	3.1033	-3.4099	1.1061	2.4065	2.4347	-0.0283	-1.1746	0.0000	2.0104	190.5840	233.5812	226.6492	-6.9320	-3.0585	888.5464	912.9523	24.4059	2.6733	263.9196	4.9086	975.4523	0.7530	nan	231.4968	774.4762	84.8326	93.5928	79.3972	74.4642	71.9046	0.9664	943.8604	-30.9081	-3.3855	97.9060	23.8753	0.3025	
10158.8259	10153.1818	-5.6440	-0.0556	0.7615	0.7440	0.7651	-0.0037	-0.4814	0.0361	0.0360	3.5325	0.9641	3.5678	-3.8225	1.1061	2.7331	2.7640	-0.0310	-1.1325	0.0000	13.7725	193.0377	237.4532	223.8525	-13.6008	-6.0758	1055.3449	994.4145	-60.9303	-6.1273	263.7704	5.3362	1067.6927	0.7586	nan	230.5515	809.6041	81.4222	93.1378	75.8354	76.5464	73.2762	0.9385	1020.3105	-25.8960	-2.6041	97.0943	35.9590	0.2786	
9791.4631	9791.6154	0.1523	0.0016	0.7965	0.8015	0.8661	-0.0697	-8.7478	0.0382	0.0349	7.6380	2.0368	3.7508	-4.0395	1.1249	2.9884	3.0395	-0.0511	-1.7097	0.0000	23.8101	188.7364	233.5840	223.1182	-10.4657	-4.6907	1137.2457	1040.6600	-96.5857	-9.2812	264.0043	5.6074	1121.8685	0.7578	nan	230.0810	816.6672	78.4760	92.7613	72.7953	79.4176	76.0103	0.9011	1076.9578	-36.2978	-3.4880	96.9738	44.3254	0.2665	
9369.6352	9366.5000	-3.1352	-0.0335	0.8302	0.9144	0.8987	-0.0685	-8.2530	0.0405	0.0388	7.8859	2.1169	3.7342	-4.0962	1.1925	3.0117	3.0624	-0.0507	-1.6841	0.0000	8.1348	192.0947	235.6241	223.2664	-12.3576	-5.5349	1103.9546	1045.5850	-58.3696	-5.5825	264.2303	5.6322	1127.4800	0.7576	nan	230.2683	814.2595	77.8761	92.7365	72.2196	83.0660	78.9929	0.8978	1077.2080	-31.6230	-3.0244	96.9592	46.6493	0.2757	

Torque compensated Offset = 	0
Mean Torque Mainboard Error perc = 	-2.725163866561013


Step N. = 	3
Target Speed = 	12700

Speed Mainboard (rpm_M)	Speed TestBench (rpm_M)	Speed Error (rpm_M)	Speed Error %	Torque TestBench (Nm_M)	Torque Ref (Nm)	Torque MainBoard (Nm_M)	Torque MainBoard Error (Nm_M)	Torque MainBoard Error %	Flux Ref (V/rad/s)	Flux (V/rad/s)	Id * Iq (A^2)	Id (Apeak)	Iq (Apeak)	Id Rotor (Apeak)	Iq Rotor (Apeak)	IMotor Measured (Arms)	IMotor MainBoard (Arms)	IMotor Error (Arms)	IMotor Error %	Motor Current THD %	Vsdref (Vpeak)	Vsqref (Vpeak)	Vout MainBoard (Vrms)	Vout Measured (Vrms)	Vout Error (Vrms)	Vout Error %	Motor Power MainBoard (W)	Motor Power Measured (W)	Motor Power Error (W)	Motor Power Error %	Line Voltage (Vrms)	Line Current (Arms)	Line Power (W)	Line Power Factor	Bulk Ripple (V)	DC Bus Voltage (Vrms)	Motor Mechanical Power (W)	Motor Efficiency	Inverter Efficiency	Overall Efficiency	Temperature (deg C)	Estimated Temperature (deg C)	Motor cos-phi	Electrical Power Alpha-Beta [W]	Electrical Power Error [W]	Electrical Power Error [%]	Bus Voltage Usage [%]	Rotational Losses [W]	Kt [Nm/Arms]	
12725.1173	12693.8000	-31.3173	-0.2467	0.1996	0.1747	0.1588	0.0408	20.4359	0.0352	0.0353	-1.7720	-2.1027	0.8091	-2.1016	0.2923	1.5594	1.5307	0.0286	1.8368	0.0000	-21.3879	209.5910	258.3397	242.2840	-16.0557	-6.6268	320.9461	321.2160	0.2699	0.0840	264.9612	1.8341	344.0900	0.7081	nan	241.4578	265.3267	82.6004	93.3522	77.1093	61.5894	59.4367	0.4909	318.6784	2.5376	0.7900	100.3435	9.8520	0.1280	
12707.4157	12706.8182	-0.5975	-0.0047	0.2209	0.2186	0.2453	-0.0244	-11.0466	0.0346	0.0348	-2.1567	-1.8059	1.1542	-2.2001	0.3298	1.5869	1.5593	0.0276	1.7387	0.0000	-11.8102	201.0634	247.0045	241.4093	-5.5952	-2.3177	378.6147	359.8545	-18.7601	-5.2133	264.9022	2.0287	383.9182	0.7144	nan	240.4519	293.9536	81.7042	93.7312	76.5818	62.5195	60.4469	0.5423	366.3156	-6.4610	-1.7955	100.3982	18.0656	0.1392	
12704.6575	12712.7692	8.1117	0.0638	0.2485	0.2531	0.2543	-0.0058	-2.3519	0.0341	0.0343	-2.2413	-1.8384	1.1999	-2.0020	0.4065	1.6016	1.5816	0.0200	1.2466	0.0000	-4.9537	197.5153	242.1810	240.9238	-1.2572	-0.5218	369.5203	393.6292	24.1089	6.1248	264.8775	2.1981	418.6846	0.7191	nan	239.5962	330.7704	84.0308	94.0156	79.0021	63.5328	61.4774	0.5890	411.3635	-17.7343	-4.5053	100.5542	13.9632	0.1551	
12710.5004	12701.1818	-9.3186	-0.0734	0.2715	0.2649	0.3060	-0.0346	-12.7407	0.0334	0.0350	-2.9977	-1.8660	1.6106	-2.3356	0.4581	1.6204	1.5944	0.0260	1.6050	0.0000	-9.0941	194.9383	239.4517	240.4977	1.0461	0.4350	494.8227	418.1836	-76.6390	-18.3266	264.8630	2.3207	443.9864	0.7223	nan	239.2457	361.0522	86.3378	94.1884	81.3202	64.4747	62.4228	0.6196	435.5633	-17.3797	-4.1560	100.5234	6.9159	0.1675	
12683.8946	12704.5385	20.6438	0.1625	0.2950	0.3139	0.3055	-0.0105	-3.5662	0.0335	0.0341	-2.7017	-1.7862	1.5169	-2.3909	0.5199	1.6609	1.6304	0.0305	1.8371	0.0000	-11.4278	197.6095	242.8122	239.3608	-3.4515	-1.4420	483.7683	467.6915	-16.0768	-3.4375	264.7746	2.5685	495.8677	0.7291	nan	238.3215	392.4718	83.9171	94.3178	79.1488	65.3689	63.3701	0.6792	482.9935	-15.3019	-3.2718	100.4365	22.2959	0.1776	
12694.1853	12704.3333	10.1480	0.0799	0.3191	0.3287	0.3260	-0.0069	-2.1574	0.0333	0.0339	-2.6892	-1.6925	1.6047	-2.4066	0.5238	1.6785	1.6647	0.0138	0.8205	0.0000	-16.7423	202.5039	248.9962	238.9764	-10.0198	-4.1928	533.9607	487.6456	-46.3151	-9.4977	264.7253	2.6679	516.4633	0.7313	nan	237.7728	424.5444	87.0598	94.4202	82.2020	66.2828	64.2012	0.7019	513.9679	-26.3223	-5.3978	100.5063	8.8800	0.1901	
12697.5726	12699.5714	1.9989	0.0157	0.3439	0.3560	0.3395	0.0044	1.2800	0.0333	0.0334	-2.8055	-1.6803	1.6761	-2.3640	0.5701	1.7290	1.7124	0.0167	0.9631	0.0000	-12.9561	193.1997	237.4034	237.9161	0.5127	0.2155	519.3061	540.9993	21.6932	4.0098	264.7806	2.9326	572.6143	0.7374	nan	237.0091	457.2941	84.5278	94.4788	79.8608	67.1036	65.0906	0.7593	557.2561	-16.2568	-3.0050	100.3830	26.0086	0.1989	
12700.6880	12711.4545	10.7665	0.0847	0.3683	0.3762	0.3807	-0.0124	-3.3707	0.0340	0.0329	-3.0076	-1.6304	1.8387	-2.4812	0.6235	1.7527	1.7536	-0.0010	-0.0544	0.0000	-11.5870	192.9440	236.9002	237.5198	0.6196	0.2609	561.2451	562.1527	0.9076	0.1614	264.8711	3.0364	594.6973	0.7394	nan	236.6152	490.2228	87.2046	94.5275	82.4324	67.9853	65.8860	0.7796	589.8103	-27.6575	-4.9199	100.3823	12.4630	0.2101	
12693.6010	12701.8462	8.2451	0.0649	0.3918	0.4089	0.4011	-0.0092	-2.3545	0.0327	0.0322	-3.1036	-1.5344	2.0279	-2.5168	0.6621	1.8160	1.8014	0.0146	0.8014	0.0000	-8.1116	192.0181	235.6154	236.1461	0.5306	0.2247	604.1285	614.1108	9.9822	1.6255	264.8615	3.2948	649.7569	0.7446	nan	235.9028	521.2081	84.8722	94.5139	80.2160	68.8407	66.7805	0.8268	632.8864	-18.7756	-3.0574	100.1032	28.8746	0.2158	
12695.8986	12703.1818	7.2832	0.0573	0.4152	0.4294	0.4295	-0.0143	-3.4447	0.0333	0.0323	-3.0938	-1.4597	2.1339	-2.5485	0.6732	1.8486	1.8523	-0.0037	-0.1997	0.0000	-17.1629	201.0315	247.1600	235.5515	-11.6085	-4.9282	681.8998	639.3782	-42.5216	-6.6505	264.8665	3.4198	676.3673	0.7467	nan	235.4387	552.3057	86.3821	94.5312	81.6580	69.7199	67.5671	0.8478	671.5833	-32.2051	-5.0369	100.0479	20.5249	0.2246	
12694.6538	12686.4167	-8.2371	-0.0649	0.4394	0.4513	0.4497	-0.0103	-2.3411	0.0321	0.0322	-3.1879	-1.3666	2.3400	-2.6185	0.7069	1.8971	1.8958	0.0013	0.0698	0.0000	-14.2881	192.5674	236.6791	234.5728	-2.1064	-0.8980	705.3781	674.0558	-31.3223	-4.6468	264.8187	3.5936	713.2858	0.7495	nan	234.9608	583.7733	86.6066	94.5001	81.8433	70.6285	68.5167	0.8745	698.9783	-24.9225	-3.6974	99.8349	19.9793	0.2316	
12691.2154	12701.8182	10.6027	0.0835	0.4636	0.4841	0.4796	-0.0159	-3.4358	0.0331	0.0307	-2.9905	-1.2481	2.4115	-2.7574	0.7328	1.9647	1.9620	0.0026	0.1339	0.0000	-11.6117	195.3405	239.6827	233.1901	-6.4926	-2.7843	729.0394	718.3427	-10.6967	-1.4891	264.6785	3.8183	760.7418	0.7527	nan	234.1175	616.6989	85.8502	94.4266	81.0654	71.5522	69.2761	0.9052	750.4036	-32.0609	-4.4632	99.6039	26.0060	0.2360	
12697.8523	12691.8182	-6.0342	-0.0475	0.4881	0.4998	0.5035	-0.0154	-3.1653	0.0324	0.0321	-2.8962	-1.1330	2.5736	-2.7505	0.7614	2.0050	2.0144	-0.0093	-0.4659	0.0000	-5.5262	198.0887	242.7427	232.3995	-10.3432	-4.4506	774.8607	743.1682	-31.6925	-4.2645	264.5620	3.9457	787.3109	0.7542	nan	233.6373	648.7154	87.2904	94.3932	82.3962	72.5278	70.2903	0.9208	779.8463	-36.6781	-4.9354	99.4702	15.4158	0.2434	
12694.9356	12698.5000	3.5644	0.0281	0.5118	0.5324	0.5450	-0.0332	-6.4804	0.0296	0.0318	-2.2261	-0.7329	3.1101	-2.8899	0.8053	2.1099	2.1080	0.0019	0.0895	0.0000	-7.2837	194.4875	238.5672	230.6040	-7.9632	-3.4532	913.6423	801.3367	-112.3057	-14.0148	264.4193	4.2491	850.4033	0.7569	nan	232.8771	680.6292	84.9368	94.2302	80.0361	73.6032	71.2530	0.9509	830.7125	-29.3758	-3.6659	99.0240	32.8717	0.2426	
12700.0115	12709.4545	9.4430	0.0743	0.5364	0.5506	0.5355	0.0008	0.1524	0.0310	0.0310	-2.4865	-0.8985	2.8375	-2.9402	0.8204	2.1662	2.1744	-0.0082	-0.3787	0.0000	-7.7371	195.2719	239.4669	229.5563	-9.9106	-4.3173	838.6983	828.3064	-10.3920	-1.2546	264.0925	4.3966	879.7445	0.7577	nan	232.2355	713.8629	86.1835	94.1531	81.1444	74.8199	72.3068	0.9617	862.1041	-33.7977	-4.0803	98.8464	21.4762	0.2476	
12692.4716	12697.7692	5.2977	0.0417	0.5597	0.5869	0.5989	-0.0392	-6.9981	0.0291	0.0309	0.6751	0.1489	3.5053	-3.0646	0.9017	2.3399	2.3264	0.0135	0.5782	0.0000	3.5984	185.4607	227.4698	227.4050	-0.0648	-0.0285	972.7167	895.0923	-77.6244	-8.6722	263.8270	4.7650	953.6554	0.7586	nan	231.2253	744.2243	83.1454	93.8592	78.0396	76.1857	73.5710	0.9712	922.2360	-27.1437	-3.0325	98.3480	41.8909	0.2392	
12695.5167	12704.1111	8.5945	0.0677	0.5824	0.6252	0.6138	-0.0314	-5.3855	0.0307	0.0290	-0.6532	-0.2191	3.2546	-3.3819	0.9005	2.4643	2.4900	-0.0257	-1.0428	0.0000	-2.0347	201.3499	246.7358	226.9628	-19.7731	-8.7120	984.2322	934.2956	-49.9366	-5.3448	263.9626	5.0805	999.0056	0.7451	nan	231.1674	774.8662	82.9372	93.5232	77.5656	77.7794	74.8733	0.9644	972.3578	-38.0623	-4.0739	98.1812	37.9117	0.2363	
12676.2607	12684.4286	8.1678	0.0644	0.6079	0.6214	0.6783	-0.0704	-11.5801	0.0307	0.0286	4.0154	1.0737	3.6639	-3.8657	0.8542	2.7638	2.7345	0.0293	1.0616	0.0000	8.0040	204.3150	250.6984	224.8457	-25.8526	-11.4979	1136.4795	1013.2079	-123.2716	-12.1665	264.0206	5.4530	1088.3771	0.7560	nan	230.7469	807.5125	79.7020	93.0939	74.1980	79.7870	76.5403	0.9414	1045.8314	-32.6236	-3.2198	97.4432	51.8311	0.2200	
12415.7602	12143.9091	-271.8511	-2.2386	0.6378	0.7210	0.6619	-0.0241	-3.7761	0.0296	0.0309	5.8663	1.5641	3.7499	-4.0489	0.8993	2.8828	2.8971	-0.0143	-0.4948	0.0000	18.3954	186.2525	229.6406	223.8856	-5.7550	-2.5705	1090.4515	1027.8545	-62.5969	-6.0901	263.9892	5.5269	1106.1782	0.7582	nan	230.2099	811.1141	78.9133	92.9194	73.3258	82.4643	78.5592	0.9195	1067.2926	-39.4381	-3.8369	97.2529	47.8610	0.2212	
11929.5866	11716.0000	-213.5866	-1.8230	0.6598	0.7354	0.6765	-0.0167	-2.5254	0.0307	0.0317	6.6750	1.7914	3.7078	-3.8977	0.9967	2.8992	2.9432	-0.0440	-1.5167	0.0000	14.2899	187.7415	230.8484	223.8152	-7.0333	-3.1425	1080.9111	1029.9154	-50.9957	-4.9514	264.0818	5.5383	1108.8238	0.7581	nan	230.1613	809.5612	78.6049	92.8836	73.0111	85.4505	81.3868	0.9164	1068.0328	-38.1174	-3.7010	97.2427	47.8746	0.2276	

Torque compensated Offset = 	0
Mean Torque Mainboard Error perc = 	-3.242618035574062


Step N. = 	4
Target Speed = 	15240

Speed Mainboard (rpm_M)	Speed TestBench (rpm_M)	Speed Error (rpm_M)	Speed Error %	Torque TestBench (Nm_M)	Torque Ref (Nm)	Torque MainBoard (Nm_M)	Torque MainBoard Error (Nm_M)	Torque MainBoard Error %	Flux Ref (V/rad/s)	Flux (V/rad/s)	Id * Iq (A^2)	Id (Apeak)	Iq (Apeak)	Id Rotor (Apeak)	Iq Rotor (Apeak)	IMotor Measured (Arms)	IMotor MainBoard (Arms)	IMotor Error (Arms)	IMotor Error %	Motor Current THD %	Vsdref (Vpeak)	Vsqref (Vpeak)	Vout MainBoard (Vrms)	Vout Measured (Vrms)	Vout Error (Vrms)	Vout Error %	Motor Power MainBoard (W)	Motor Power Measured (W)	Motor Power Error (W)	Motor Power Error %	Line Voltage (Vrms)	Line Current (Arms)	Line Power (W)	Line Power Factor	Bulk Ripple (V)	DC Bus Voltage (Vrms)	Motor Mechanical Power (W)	Motor Efficiency	Inverter Efficiency	Overall Efficiency	Temperature (deg C)	Estimated Temperature (deg C)	Motor cos-phi	Electrical Power Alpha-Beta [W]	Electrical Power Error [W]	Electrical Power Error [%]	Bus Voltage Usage [%]	Rotational Losses [W]	Kt [Nm/Arms]	
15242.7794	15243.1538	0.3744	0.0025	0.1993	0.2109	0.1880	0.0113	5.6519	0.0281	0.0297	-2.4625	-2.2511	1.0778	-2.7704	0.3108	1.7432	1.7200	0.0232	1.3288	0.0000	-11.5277	198.4160	243.7967	243.0075	-0.7891	-0.3247	360.6724	396.4554	35.7830	9.0257	264.0050	2.2173	421.4077	0.7199	nan	238.6366	318.1454	80.2467	94.0788	75.4953	63.0662	60.9890	0.5403	422.8116	-26.3562	-6.6480	101.8316	20.4799	0.1143	
15235.5616	15232.0909	-3.4707	-0.0228	0.2173	0.2293	0.2397	-0.0224	-10.3128	0.0285	0.0288	-3.2690	-2.1430	1.5055	-2.5902	0.3581	1.7570	1.7418	0.0152	0.8642	0.0000	-11.9592	192.7878	236.9589	242.6542	5.6953	2.3471	472.2534	420.6373	-51.6162	-12.2709	264.1526	2.3369	446.3082	0.7230	nan	238.4231	346.5720	82.3924	94.2481	77.6533	64.3369	62.0087	0.5696	448.4103	-27.7731	-6.6026	101.7746	15.0570	0.1237	
15238.9205	15244.0000	5.0795	0.0333	0.2348	0.2598	0.2603	-0.0255	-10.8391	0.0280	0.0283	-3.1557	-2.0068	1.5681	-2.6062	0.3650	1.7816	1.7804	0.0012	0.0675	0.0000	-20.0675	199.8522	246.1731	241.7080	-4.4651	-1.8473	529.5567	474.2245	-55.3322	-11.6679	264.5079	2.6013	502.3582	0.7301	nan	237.7100	374.8520	79.0453	94.3996	74.6184	65.5766	63.3230	0.6358	508.8695	-34.6449	-7.3056	101.6819	38.4345	0.1318	
15237.6514	15236.5455	-1.1060	-0.0073	0.2541	0.2698	0.2810	-0.0269	-10.6031	0.0276	0.0282	-3.6614	-2.0995	1.7330	-2.6092	0.3983	1.7907	1.7757	0.0150	0.8365	0.0000	-10.5552	205.4537	252.0725	241.7979	-10.2746	-4.2492	567.2113	488.8982	-78.3131	-16.0183	264.8376	2.6710	517.3073	0.7313	nan	237.8717	405.4190	82.9247	94.5083	78.3707	66.7331	64.5174	0.6519	521.6952	-32.7970	-6.7083	101.6506	21.6749	0.1419	
15237.6914	15238.4286	0.7372	0.0048	0.2721	0.2826	0.2987	-0.0266	-9.7906	0.0274	0.0280	-3.3712	-1.8492	1.8264	-2.5892	0.4571	1.8080	1.8007	0.0073	0.4065	0.0000	-13.6416	202.3336	248.5373	241.2972	-7.2401	-3.0005	593.0421	512.8514	-80.1907	-15.6362	264.9384	2.7888	542.2636	0.7339	nan	237.5482	434.1623	84.6564	94.5760	80.0647	67.8253	65.6982	0.6787	549.0424	-36.1909	-7.0568	101.5782	15.4426	0.1505	
15236.6019	15236.0000	-0.6019	-0.0040	0.2894	0.3164	0.3301	-0.0407	-14.0780	0.0265	0.0272	-3.8611	-1.8315	2.1103	-2.6057	0.4983	1.8573	1.8553	0.0020	0.1068	0.0000	-5.2992	197.8792	242.6115	239.7434	-2.8681	-1.1963	641.3142	567.8650	-73.4492	-12.9343	264.9421	3.0621	600.3250	0.7400	nan	236.5515	461.7404	81.3115	94.5929	76.9149	68.8475	66.8344	0.7363	604.3483	-36.4833	-6.4246	101.3493	39.1478	0.1558	
15236.4085	15241.3077	4.8992	0.0321	0.3075	0.3263	0.3365	-0.0291	-9.4553	0.0271	0.0272	-3.7396	-1.8215	2.0542	-2.7641	0.5129	1.8738	1.8706	0.0031	0.1677	0.0000	-11.4773	198.4836	243.7145	239.2635	-4.4510	-1.8603	642.1537	585.2600	-56.8937	-9.7211	264.8752	3.1485	618.4708	0.7416	nan	236.2571	490.7285	83.8481	94.6302	79.3456	69.8372	67.8169	0.7537	621.9725	-36.7125	-6.2728	101.2725	26.1306	0.1641	
15244.3324	15237.6364	-6.6960	-0.0439	0.3260	0.3343	0.3428	-0.0168	-5.1478	0.0271	0.0286	-3.6233	-1.7251	2.1079	-2.5823	0.5185	1.8989	1.8901	0.0088	0.4617	0.0000	-16.6831	198.9474	244.7197	238.4353	-6.2844	-2.6357	671.2885	609.3418	-61.9467	-10.1662	264.6939	3.2703	643.8627	0.7438	nan	235.7126	520.1920	85.3696	94.6385	80.7925	70.8021	68.6014	0.7770	648.7642	-39.4223	-6.4697	101.1551	18.6753	0.1717	
15239.7359	15235.0000	-4.7359	-0.0311	0.3439	0.3699	0.3828	-0.0389	-11.2993	0.0264	0.0267	-3.8151	-1.5743	2.4351	-2.7684	0.5618	1.9643	1.9634	0.0009	0.0454	0.0000	-4.7138	203.9719	249.8963	236.4431	-13.4532	-5.6898	756.4517	667.0975	-89.3542	-13.3945	264.4202	3.5623	705.4733	0.7489	nan	234.4959	548.6857	82.2498	94.5603	77.7756	71.7615	69.6296	0.8293	708.7063	-41.6088	-6.2373	100.8304	42.7516	0.1751	
15236.3167	15237.0909	0.7742	0.0051	0.3619	0.3826	0.3632	-0.0013	-0.3523	0.0274	0.0258	-3.5728	-1.6532	2.1709	-2.8814	0.6003	1.9874	1.9827	0.0047	0.2361	0.0000	-11.5016	196.2266	240.9733	235.5983	-5.3750	-2.2814	666.1828	685.5118	19.3290	2.8196	264.1091	3.6581	725.0045	0.7504	nan	233.9520	577.4713	84.2395	94.5528	79.6508	72.7264	70.5194	0.8453	724.2501	-38.7383	-5.6510	100.7037	30.3337	0.1821	
15243.2178	15239.3846	-3.8332	-0.0252	0.3798	0.3908	0.3898	-0.0101	-2.6470	0.0267	0.0260	-3.6422	-1.4979	2.4621	-2.9377	0.5873	2.0172	2.0182	-0.0010	-0.0483	0.0000	-10.1866	198.1509	243.1790	234.7692	-8.4097	-3.5821	755.7433	709.0462	-46.6971	-6.5859	263.9498	3.7788	750.1238	0.7521	nan	233.4842	606.0606	85.4755	94.5239	80.7948	73.6997	71.5809	0.8644	751.8866	-42.8404	-6.0420	100.5504	22.6664	0.1883	
15242.4668	15236.8182	-5.6486	-0.0371	0.3974	0.4235	0.4180	-0.0206	-5.1894	0.0271	0.0265	-3.3232	-1.3241	2.5610	-2.9048	0.6562	2.1015	2.1077	-0.0061	-0.2913	0.0000	-7.6553	199.5799	244.8792	232.8161	-12.0631	-5.1814	784.1778	768.4655	-15.7123	-2.0446	263.9267	4.0838	814.3509	0.7555	nan	232.6240	634.0322	82.5062	94.3654	77.8573	74.7175	72.5654	0.9068	818.6049	-50.1394	-6.5246	100.0826	46.9602	0.1891	
15242.9330	15239.6923	-3.2407	-0.0213	0.4158	0.4348	0.4472	-0.0314	-7.5551	0.0253	0.0257	-2.9153	-1.0078	3.0014	-2.9535	0.6632	2.1357	2.1424	-0.0067	-0.3120	0.0000	-7.0120	193.6929	237.4592	232.1882	-5.2710	-2.2701	884.8237	790.3423	-94.4814	-11.9545	263.9143	4.1978	837.9108	0.7563	nan	232.3701	663.5246	83.9544	94.3230	79.1883	75.8164	73.5973	0.9202	836.7082	-46.3659	-5.8666	99.9217	36.1447	0.1947	
15237.2107	15243.5556	6.3448	0.0416	0.4338	0.4510	0.4167	0.0170	3.9297	0.0269	0.0263	-3.7962	-1.4881	2.5614	-3.0668	0.6687	2.1769	2.1878	-0.0109	-0.5027	0.0000	-13.2028	193.4224	237.5995	231.3982	-6.2012	-2.6799	771.2086	813.8656	42.6569	5.2413	263.8568	4.3223	863.4000	0.7570	nan	232.0272	692.4401	85.0803	94.2629	80.1991	76.9299	74.4600	0.9328	860.0630	-46.1974	-5.6763	99.7289	26.8711	0.1993	
15242.6903	15244.1538	1.4635	0.0096	0.4515	0.4828	0.4881	-0.0365	-8.0898	0.0260	0.0257	-1.8947	-0.6838	3.1234	-3.0960	0.7346	2.3287	2.3505	-0.0218	-0.9368	0.0000	-6.2569	201.3985	246.9503	228.9975	-17.9527	-7.8397	949.4145	883.1777	-66.2368	-7.4998	263.7761	4.6963	939.8777	0.7587	nan	230.9796	720.8196	81.6168	93.9673	76.6931	78.1455	75.8143	0.9562	934.1020	-50.9243	-5.7660	99.1419	53.7209	0.1939	
15237.7083	15236.3636	-1.3447	-0.0088	0.4694	0.5068	0.5090	-0.0397	-8.4488	0.0251	0.0245	-0.9756	-0.3214	3.4279	-3.3936	0.7326	2.3890	2.4119	-0.0230	-0.9618	0.0000	0.3704	201.3263	248.0974	229.1164	-18.9810	-8.2844	1036.4143	909.2282	-127.1861	-13.9884	263.7914	4.9648	970.3709	0.7409	nan	231.4593	748.8897	82.3656	93.6991	77.1759	79.6188	76.8310	0.9591	954.6905	-45.4623	-5.0001	98.9878	45.4424	0.1965	
15236.4990	15231.4545	-5.0445	-0.0331	0.4885	0.5238	0.5139	-0.0254	-5.1993	0.0250	0.0253	1.3587	0.3302	3.4493	-3.6847	0.7523	2.5934	2.6177	-0.0242	-0.9338	0.0000	-1.4365	186.0144	227.9773	227.1697	-0.8076	-0.3555	966.4117	962.6118	-3.7999	-0.3947	263.8007	5.3562	1033.2055	0.7313	nan	231.4128	779.2438	80.9577	93.1671	75.4257	81.2029	78.3504	0.9433	1002.9276	-40.3158	-4.1882	98.1664	47.2546	0.1884	
14918.9268	14925.3846	6.4578	0.0433	0.5064	0.5490	0.5638	-0.0574	-11.3419	0.0256	0.0236	5.7617	1.5568	3.7015	-3.8203	0.7517	2.7870	2.8408	-0.0538	-1.9295	0.0000	7.7188	183.9273	225.9915	225.2577	-0.7338	-0.3258	1034.0114	1017.3623	-16.6491	-1.6365	263.8516	5.4618	1092.9946	0.7584	nan	230.0560	791.4592	77.7953	93.0803	72.4121	83.2799	80.2363	0.9356	1068.3966	-51.0343	-5.0163	97.9143	67.6409	0.1817	
14515.7167	14504.1818	-11.5349	-0.0795	0.5275	0.5376	0.5645	-0.0370	-7.0202	0.0257	0.0246	4.4740	1.2002	3.7330	-4.0315	0.7939	2.7850	2.8382	-0.0531	-1.9084	0.0000	5.1755	208.2954	255.6583	225.2219	-30.4364	-13.5140	1175.6022	1016.5473	-159.0549	-15.6466	264.0543	5.4514	1091.7782	0.7585	nan	230.2845	801.1301	78.8090	93.1093	73.3786	85.7863	82.4158	0.9357	1063.1904	-46.6432	-4.5884	97.8016	56.0866	0.1894	
14156.8917	14166.0833	9.1916	0.0649	0.5441	0.5882	0.5908	-0.0467	-8.5809	0.0270	0.0257	5.7461	1.5839	3.6261	-3.9461	0.7881	2.7889	2.8422	-0.0533	-1.9116	0.0000	20.8513	203.7049	252.0074	225.1845	-26.8229	-11.9115	1161.0161	1016.9967	-144.0194	-14.1612	264.3069	5.4491	1092.4558	0.7585	nan	230.5016	807.1234	79.3635	93.0927	73.8816	88.3198	84.7880	0.9350	1070.2759	-53.2792	-5.2389	97.6933	48.7924	0.1951	

Torque compensated Offset = 	0
Mean Torque Mainboard Error perc = 	-6.8184601538603475


Step N. = 	5
Target Speed = 	17780

Speed Mainboard (rpm_M)	Speed TestBench (rpm_M)	Speed Error (rpm_M)	Speed Error %	Torque TestBench (Nm_M)	Torque Ref (Nm)	Torque MainBoard (Nm_M)	Torque MainBoard Error (Nm_M)	Torque MainBoard Error %	Flux Ref (V/rad/s)	Flux (V/rad/s)	Id * Iq (A^2)	Id (Apeak)	Iq (Apeak)	Id Rotor (Apeak)	Iq Rotor (Apeak)	IMotor Measured (Arms)	IMotor MainBoard (Arms)	IMotor Error (Arms)	IMotor Error %	Motor Current THD %	Vsdref (Vpeak)	Vsqref (Vpeak)	Vout MainBoard (Vrms)	Vout Measured (Vrms)	Vout Error (Vrms)	Vout Error %	Motor Power MainBoard (W)	Motor Power Measured (W)	Motor Power Error (W)	Motor Power Error %	Line Voltage (Vrms)	Line Current (Arms)	Line Power (W)	Line Power Factor	Bulk Ripple (V)	DC Bus Voltage (Vrms)	Motor Mechanical Power (W)	Motor Efficiency	Inverter Efficiency	Overall Efficiency	Temperature (deg C)	Estimated Temperature (deg C)	Motor cos-phi	Electrical Power Alpha-Beta [W]	Electrical Power Error [W]	Electrical Power Error [%]	Bus Voltage Usage [%]	Rotational Losses [W]	Kt [Nm/Arms]	
17777.7652	17777.7652	0.0000	0.0000	0.2194	0.2514	0.2507	-0.0313	-14.2610	0.0241	0.0234	-3.5254	-2.0546	1.7213	-2.7484	0.3748	1.9011	1.8893	0.0118	0.6209	0.0000	-14.6564	214.7753	263.8627	241.9963	-21.8663	-9.0358	600.2659	521.4992	-78.7667	-15.1039	264.1878	2.8299	550.4638	0.7363	nan	236.3076	408.4243	78.3198	94.7381	74.1986	65.0009	62.3601	0.6545	564.8357	-43.3365	-8.3100	102.4073	43.8304	0.1154	
17780.7562	17780.7562	0.0000	0.0000	0.2198	0.2486	0.2389	-0.0191	-8.6875	0.0240	0.0234	-3.6345	-2.1850	1.6687	-2.7455	0.3613	1.8986	1.8780	0.0207	1.0879	0.0000	-14.1203	215.2398	264.2183	242.1017	-22.1166	-9.1352	585.1240	519.6809	-65.4431	-12.5929	264.2427	2.8193	548.0436	0.7357	nan	236.5170	409.3007	78.7603	94.8247	74.6842	66.6340	63.9771	0.6527	564.8373	-45.1564	-8.6892	102.3612	40.9214	0.1158	
17776.9598	17776.9598	0.0000	0.0000	0.2245	0.2584	0.2592	-0.0347	-15.4542	0.0235	0.0240	-3.8455	-2.0799	1.8478	-2.7723	0.3914	1.9228	1.8877	0.0352	1.8282	0.0000	-11.8010	214.6562	263.3539	241.4026	-21.9513	-9.0932	631.3145	553.3777	-77.9368	-14.0838	264.2116	2.9868	583.5746	0.7395	nan	236.2465	418.0009	75.5403	94.8255	71.6315	68.1068	65.6149	0.6883	583.2972	-29.9196	-5.4067	102.1824	63.7754	0.1168	
17785.4595	17785.4595	0.0000	0.0000	0.2435	0.2726	0.2692	-0.0257	-10.5400	0.0235	0.0233	-3.8143	-2.0330	1.8821	-2.7632	0.4329	1.9460	1.9254	0.0206	1.0591	0.0000	-12.8965	215.3890	264.3312	240.0290	-24.3022	-10.1247	648.5441	579.6875	-68.8566	-11.8782	264.0090	3.1188	611.2183	0.7423	nan	235.3434	453.5149	78.2325	94.8413	74.1967	69.4940	66.9776	0.7165	622.3834	-42.6959	-7.3653	101.9910	52.4866	0.1251	
17779.2862	17779.2862	0.0000	0.0000	0.2525	0.2844	0.2741	-0.0215	-8.5225	0.0234	0.0230	-4.0520	-2.1075	1.9198	-2.7948	0.4200	1.9561	1.9372	0.0188	0.9634	0.0000	-11.3687	211.6104	259.8509	239.5436	-20.3073	-8.4775	645.1425	592.2036	-52.9389	-8.9393	263.9202	3.1817	624.3445	0.7435	nan	234.9842	470.1995	79.3966	94.8521	75.3093	70.7283	68.2534	0.7297	637.8534	-45.6497	-7.7085	101.9403	47.2385	0.1291	
17777.2881	17777.2881	0.0000	0.0000	0.2703	0.2965	0.2875	-0.0172	-6.3773	0.0226	0.0231	-4.0696	-1.9201	2.1201	-2.7962	0.4601	1.9775	1.9718	0.0057	0.2862	0.0000	-7.9984	209.4840	256.8703	238.6990	-18.1713	-7.6126	689.6490	617.4523	-72.1967	-11.6927	263.8998	3.3070	651.0000	0.7459	nan	234.5882	503.2137	81.5008	94.8468	77.3010	71.8911	69.5541	0.7552	656.5294	-39.0771	-6.3288	101.7524	37.5252	0.1367	
17776.0495	17776.0495	0.0000	0.0000	0.2832	0.3136	0.3102	-0.0271	-9.5538	0.0228	0.0230	-4.0154	-1.7818	2.2670	-2.9040	0.4659	2.0276	1.9917	0.0359	1.7716	0.0000	-10.3224	212.0372	260.0237	237.0327	-22.9909	-9.6995	748.5416	671.0073	-77.5343	-11.5549	263.9128	3.5732	708.0409	0.7508	nan	233.9550	527.1438	78.5603	94.7696	74.4513	72.9986	70.6397	0.8061	700.5459	-29.5386	-4.4021	101.3157	62.9080	0.1397	
17776.4776	17776.4776	0.0000	0.0000	0.2985	0.3360	0.3178	-0.0193	-6.4715	0.0220	0.0227	-3.8766	-1.6428	2.3746	-2.9408	0.5114	2.0526	2.0359	0.0167	0.8140	0.0000	-10.7207	204.4000	250.8463	236.3388	-14.5075	-6.1384	753.9136	696.9515	-56.9620	-8.1730	263.9962	3.7026	735.6554	0.7526	nan	233.3656	555.6015	79.7222	94.7389	75.5279	74.1232	71.7719	0.8295	740.9459	-43.9943	-6.3124	101.2741	58.0702	0.1454	
17773.6056	17773.6056	0.0000	0.0000	0.3126	0.3469	0.3442	-0.0316	-10.1136	0.0235	0.0232	-3.6416	-1.5107	2.4436	-2.8634	0.4647	2.0670	2.0709	-0.0038	-0.1850	0.0000	-13.4599	215.4416	264.4054	235.8901	-28.5153	-12.0884	819.1308	711.4478	-107.6830	-15.1358	264.0194	3.7748	750.9267	0.7535	nan	233.1920	581.7422	81.7700	94.7426	77.4710	75.2021	72.8277	0.8424	769.8477	-58.3999	-8.2086	101.1570	44.9448	0.1512	
17779.6330	17779.6330	0.0000	0.0000	0.3249	0.3538	0.3378	-0.0128	-3.9488	0.0225	0.0229	-3.9156	-1.6017	2.4774	-2.9809	0.4982	2.0950	2.0797	0.0154	0.7348	0.0000	-11.3016	207.1896	254.3528	235.0083	-19.3445	-8.2314	797.4907	737.0638	-60.4269	-8.1983	263.9888	3.9048	778.4192	0.7551	nan	232.8129	604.9671	82.0779	94.6872	77.7173	76.2719	73.9148	0.8643	787.9445	-50.8806	-6.9032	100.9431	44.7102	0.1551	
17783.4947	17783.4947	0.0000	0.0000	0.3389	0.3719	0.3499	-0.0110	-3.2451	0.0218	0.0219	-3.7742	-1.4498	2.6650	-3.0806	0.5347	2.1712	2.1334	0.0378	1.7418	0.0000	-2.5362	202.7231	248.4765	232.7365	-15.7401	-6.7630	816.4253	797.1727	-19.2526	-2.4151	263.8920	4.2151	843.6709	0.7585	nan	232.0601	631.1438	79.1744	94.4886	74.8109	77.3716	74.8991	0.9108	830.1441	-32.9713	-4.1360	100.2916	71.8282	0.1561	
17781.5779	17781.5779	0.0000	0.0000	0.3539	0.3953	0.3671	-0.0132	-3.7352	0.0209	0.0222	-3.3062	-1.1720	2.8826	-3.1549	0.6150	2.2036	2.2101	-0.0064	-0.2913	0.0000	-9.7575	199.4267	244.6409	231.7059	-12.9349	-5.5825	876.8269	818.4477	-58.3792	-7.1329	263.8996	4.3285	866.8154	0.7588	nan	231.5840	659.0336	80.5224	94.4201	76.0293	78.5020	76.0525	0.9254	866.5227	-48.0750	-5.8739	100.0527	62.0131	0.1606	
17778.1056	17778.1056	0.0000	0.0000	0.3675	0.4065	0.3691	-0.0015	-0.4190	0.0214	0.0215	-3.9728	-1.4003	2.8654	-3.2174	0.5765	2.2306	2.2205	0.0101	0.4535	0.0000	-5.4637	203.8144	249.8191	231.0963	-18.7228	-8.1017	886.7635	836.6136	-50.1499	-5.9944	263.9206	4.4238	886.5436	0.7593	nan	231.3789	684.2659	81.7896	94.3680	77.1832	79.7062	77.1134	0.9370	889.2823	-52.6687	-6.2955	99.8779	52.1538	0.1648	
17777.8512	17777.8512	0.0000	0.0000	0.3821	0.4235	0.4024	-0.0204	-5.3261	0.0224	0.0213	-2.6592	-0.9373	2.9596	-3.1870	0.5644	2.2878	2.2867	0.0011	0.0475	0.0000	-9.3121	210.1142	257.7050	229.7721	-27.9329	-12.1568	948.4877	868.9382	-79.5495	-9.1548	263.9554	4.6001	922.3682	0.7596	nan	231.0537	711.3347	81.8635	94.2073	77.1215	80.9350	78.3502	0.9544	926.9719	-58.0337	-6.6787	99.4454	51.7741	0.1670	
17764.5503	17764.5503	0.0000	0.0000	0.3950	0.4462	0.4460	-0.0510	-12.9201	0.0212	0.0217	1.7863	0.4955	3.5292	-3.4756	0.5789	2.5215	2.4586	0.0629	2.4964	0.0000	-2.1376	212.9213	261.1759	227.4900	-33.6859	-14.8076	1123.4395	944.3064	-179.1331	-18.9698	263.8523	5.2573	1011.9491	0.7295	nan	230.9676	734.8205	77.8190	93.3154	72.6171	82.2684	79.5964	0.9504	987.4645	-43.1581	-4.5703	98.4945	80.3629	0.1566	
17770.6855	17770.6855	0.0000	0.0000	0.4109	0.4478	0.4543	-0.0434	-10.5661	0.0210	0.0203	4.7337	1.2813	3.6778	-3.7804	0.6449	2.5704	2.5973	-0.0269	-1.0466	0.0000	0.7316	205.1036	251.6692	227.3230	-24.3462	-10.7099	1128.7896	971.8262	-156.9634	-16.1514	263.7595	5.2675	1040.2469	0.7487	nan	230.4953	764.7043	78.6938	93.4225	73.5176	84.0047	80.9572	0.9602	1044.6589	-72.8328	-7.4944	98.6239	72.1884	0.1599	
17749.6779	17749.6779	0.0000	0.0000	0.4235	0.4514	0.4558	-0.0324	-7.6449	0.0212	0.0215	4.8967	1.3278	3.7002	-3.8048	0.6780	2.6958	2.6722	0.0236	0.8753	0.0000	5.4449	206.1634	252.8187	227.0996	-25.7191	-11.3250	1157.2602	1010.6945	-146.5657	-14.5015	263.7037	5.4182	1084.1873	0.7588	nan	230.1041	787.0913	77.8763	93.2214	72.5974	85.9514	82.6273	0.9531	1056.9180	-46.2235	-4.5734	98.6944	74.2377	0.1571	
17570.7135	17570.7135	0.0000	0.0000	0.4378	0.5298	0.4349	0.0029	0.6640	0.0202	0.0225	4.2490	1.1535	3.6895	-3.6308	0.6847	2.7093	2.7390	-0.0296	-1.0929	0.0000	9.0019	217.4938	266.8699	226.6172	-40.2527	-17.7624	1219.9725	1010.0750	-209.8975	-20.7804	263.7788	5.4141	1083.8467	0.7589	nan	230.0416	805.5892	79.7551	93.1936	74.3266	88.1328	84.6714	0.9498	1068.2414	-58.1664	-5.7586	98.5114	52.5513	0.1616	
16987.0099	16987.0099	0.0000	0.0000	0.4517	0.5005	0.4352	0.0165	3.6601	0.0214	0.0221	3.5910	1.0529	3.4291	-3.6008	0.7135	2.7086	2.7493	-0.0408	-1.5054	0.0000	10.3500	214.0341	262.6134	226.4331	-36.1803	-15.9783	1117.9102	1008.8500	-109.0602	-10.8103	264.1615	5.4011	1082.6145	0.7588	nan	230.3035	803.5291	79.6482	93.1865	74.2214	90.3226	86.7076	0.9497	1071.9777	-63.1277	-6.2574	98.3194	52.4059	0.1668	
16295.0099	16295.0099	0.0000	0.0000	0.4668	0.5291	0.5003	-0.0336	-7.1933	0.0225	0.0237	5.2899	1.3714	3.8414	-3.9204	0.7148	2.7188	2.7652	-0.0464	-1.7077	0.0000	11.8813	197.0914	242.1220	226.3582	-15.7639	-6.9641	1166.1684	1008.6138	-157.5546	-15.6209	264.5819	5.3925	1082.5823	0.7588	nan	230.6322	796.4884	78.9687	93.1674	73.5730	92.4638	88.9976	0.9462	1064.5071	-55.8933	-5.5416	98.1468	57.0001	0.1717	

Torque compensated Offset = 	0
Mean Torque Mainboard Error perc = 	-7.032792849889939


