WindyBPMp50_OrcaH34_Dyno_High_Speed_Torque__170Vac_Yongchang_Y110_20250306_145653
Report created on: 2025/03/06: 16:39:31


Step N. = 	0
Target Speed = 	4445

Speed Mainboard (rpm_M)	Speed TestBench (rpm_M)	Speed Error (rpm_M)	Speed Error %	Torque TestBench (Nm_M)	Torque Ref (Nm)	Torque MainBoard (Nm_M)	Torque MainBoard Error (Nm_M)	Torque MainBoard Error %	Flux Ref (V/rad/s)	Flux (V/rad/s)	Id * Iq (A^2)	Id (Apeak)	Iq (Apeak)	Id Rotor (Apeak)	Iq Rotor (Apeak)	IMotor Measured (Arms)	IMotor MainBoard (Arms)	IMotor Error (Arms)	IMotor Error %	Motor Current THD %	Vsdref (Vpeak)	Vsqref (Vpeak)	Vout MainBoard (Vrms)	Vout Measured (Vrms)	Vout Error (Vrms)	Vout Error %	Motor Power MainBoard (W)	Motor Power Measured (W)	Motor Power Error (W)	Motor Power Error %	Line Voltage (Vrms)	Line Current (Arms)	Line Power (W)	Line Power Factor	Bulk Ripple (V)	DC Bus Voltage (Vrms)	Motor Mechanical Power (W)	Motor Efficiency	Inverter Efficiency	Overall Efficiency	Temperature (deg C)	Estimated Temperature (deg C)	Motor cos-phi	Electrical Power Alpha-Beta [W]	Electrical Power Error [W]	Electrical Power Error [%]	Bus Voltage Usage [%]	Rotational Losses [W]	Kt [Nm/Arms]	
4441.7643	4443.7500	1.9857	0.0447	0.1807	0.1368	0.1329	0.0478	26.4593	0.0667	0.0653	-0.4621	-1.3552	0.3348	-1.4705	0.2074	1.0764	0.9902	0.0862	8.0090	0.0000	-6.0244	122.3930	150.2353	152.5207	2.2854	1.4984	73.7242	111.9050	38.1808	34.1189	170.3023	1.0522	125.5200	0.6998	nan	156.8546	84.1152	75.3059	89.1200	67.1078	33.6522	61.3190	0.3930	85.0896	26.8154	23.9627	97.2384	8.0061	0.1679	
4446.1022	4445.9000	-0.2022	-0.0045	0.2451	0.2480	0.2586	-0.0135	-5.5118	0.0636	0.0635	-1.0084	-1.4520	0.6905	-1.6104	0.4032	1.1577	1.1371	0.0206	1.7820	0.0000	-10.3924	120.9941	148.7983	150.7450	1.9467	1.2914	147.7863	149.2990	1.5127	1.0132	170.3698	1.3536	165.6750	0.7184	nan	153.6721	114.1122	76.4319	90.1152	68.8767	33.6000	61.7973	0.4939	146.4331	2.8659	1.9196	98.0958	12.3041	0.2117	
4444.2450	4444.7143	0.4693	0.0106	0.2916	0.3046	0.3183	-0.0267	-9.1611	0.0633	0.0610	-1.2155	-1.4528	0.8359	-1.7800	0.4293	1.2127	1.1878	0.0249	2.0571	0.0000	-12.7123	123.6928	152.3977	149.9273	-2.4705	-1.6478	182.1219	175.0200	-7.1019	-4.0577	170.3026	1.5584	193.0429	0.7274	nan	152.9609	135.7118	77.5417	90.6636	70.3020	33.7335	62.1942	0.5558	173.9042	1.1158	0.6375	98.0170	14.1881	0.2404	
4439.9581	4445.0000	5.0419	0.1134	0.3367	0.3664	0.3499	-0.0132	-3.9321	0.0626	0.0623	-1.3287	-1.4311	0.9236	-1.6949	0.5297	1.2693	1.2423	0.0271	2.1326	0.0000	-7.0893	120.8845	148.4189	149.1517	0.7327	0.4913	182.5765	199.2100	16.6335	8.3497	170.1082	1.7508	218.8111	0.7347	nan	152.3043	156.7116	78.6671	91.0417	71.6198	33.9988	62.5385	0.6075	195.5594	3.6506	1.8326	97.9304	14.9486	0.2652	
4447.0380	4442.8889	-4.1492	-0.0934	0.3846	0.3865	0.3814	0.0031	0.8080	0.0616	0.0615	-1.5419	-1.5033	1.0232	-1.8092	0.5930	1.3228	1.3038	0.0191	1.4417	0.0000	-13.9434	118.8883	146.6474	148.5338	1.8864	1.2700	213.8220	221.7633	7.9414	3.5810	169.9587	1.9289	242.7867	0.7406	nan	151.5909	178.9176	80.6796	91.3409	73.6935	34.3938	62.9216	0.6516	220.8296	0.9337	0.4210	97.9836	12.8790	0.2907	
4439.6459	4446.0000	6.3541	0.1429	0.4293	0.4620	0.4640	-0.0347	-8.0810	0.0601	0.0592	-1.9670	-1.5223	1.2885	-1.8228	0.6684	1.3816	1.3673	0.0144	1.0406	0.0000	-6.4051	118.4158	145.2869	147.9174	2.6306	1.7784	242.2387	245.8344	3.5958	1.4627	169.8931	2.1179	268.5211	0.7463	nan	151.0300	199.8907	81.3111	91.5512	74.4413	34.8870	63.3375	0.6945	246.7924	-0.9580	-0.3897	97.9393	13.1912	0.3107	
4440.3098	4444.3333	4.0235	0.0905	0.4754	0.5058	0.4908	-0.0154	-3.2389	0.0600	0.0600	-2.0010	-1.4316	1.3794	-1.9278	0.7091	1.4464	1.4281	0.0183	1.2638	0.0000	-7.2356	120.0258	147.4150	147.3494	-0.0655	-0.0445	262.2778	271.5811	9.3034	3.4256	169.8644	2.3191	296.1589	0.7518	nan	150.5436	221.2764	81.4773	91.7011	74.7156	35.4614	63.7727	0.7357	271.8529	-0.2717	-0.1001	97.8785	14.3303	0.3287	
4440.3222	4444.3333	4.0111	0.0903	0.5219	0.5535	0.5206	0.0012	0.2395	0.0601	0.0577	-2.0574	-1.4100	1.4305	-2.0614	0.7715	1.5139	1.4986	0.0153	1.0085	0.0000	-6.7814	119.4674	146.7442	146.8336	0.0893	0.0608	266.4982	297.1100	30.6118	10.3032	169.8512	2.5182	323.6933	0.7568	nan	150.0796	242.8920	81.7517	91.7875	75.0379	36.1296	64.2607	0.7717	296.6761	0.4339	0.1460	97.8375	14.7079	0.3447	
4452.1795	4444.6250	-7.5545	-0.1700	0.5669	0.5561	0.5907	-0.0238	-4.1980	0.0571	0.0584	-2.5978	-1.4761	1.7392	-2.0400	0.8569	1.5883	1.5676	0.0207	1.3019	0.0000	-11.8661	115.6740	142.4431	146.2621	3.8190	2.6111	327.6785	324.6888	-2.9898	-0.9208	169.8555	2.7335	353.6025	0.7616	nan	149.6260	263.8460	81.2613	91.8231	74.6166	36.9120	64.7905	0.8069	323.8332	0.8555	0.2635	97.7521	17.2193	0.3569	
4444.5151	4443.0000	-1.5151	-0.0341	0.6140	0.6340	0.6417	-0.0277	-4.5123	0.0585	0.0574	-2.5943	-1.4029	1.8407	-2.2030	0.9339	1.6674	1.6503	0.0171	1.0275	0.0000	-12.2296	116.6995	144.3736	145.7597	1.3861	0.9509	347.7419	352.3300	4.5881	1.3022	169.8987	2.9479	383.7244	0.7662	nan	149.2067	285.6757	81.0819	91.8185	74.4482	37.8364	65.3869	0.8370	353.0220	-0.6920	-0.1964	97.6900	18.4059	0.3682	
4446.9897	4444.8889	-2.1008	-0.0473	0.6596	0.6667	0.7139	-0.0543	-8.2366	0.0548	0.0568	-2.7792	-1.2609	2.2067	-2.3064	0.9547	1.7282	1.7150	0.0133	0.7681	0.0000	-4.2617	120.1833	147.3933	145.4836	-1.9098	-1.3127	406.3824	373.5822	-32.8002	-8.7799	170.0051	3.1120	406.9100	0.7691	nan	148.9560	307.0017	82.1781	91.8095	75.4473	38.8034	66.0426	0.8578	375.9140	-2.3318	-0.6242	97.6689	14.5572	0.3816	
4445.5372	4443.4444	-2.0928	-0.0471	0.7053	0.7151	0.7048	0.0005	0.0733	0.0549	0.0529	-3.0364	-1.4068	2.1578	-2.4700	1.0042	1.8036	1.7832	0.0204	1.1308	0.0000	-9.3604	112.7475	138.9385	145.1507	6.2121	4.2798	386.0645	398.8333	12.7688	3.2015	170.0936	3.3080	434.6500	0.7725	nan	148.6866	328.2033	82.2911	91.7596	75.5100	39.9243	66.7144	0.8796	400.7132	-1.8799	-0.4713	97.6221	13.7302	0.3911	
4438.7541	4446.3333	7.5793	0.1705	0.7518	0.7889	0.7563	-0.0045	-0.5986	0.0554	0.0541	-2.7949	-1.2311	2.2875	-2.4716	1.0479	1.8996	1.8781	0.0215	1.1314	0.0000	-13.3322	114.9020	142.1356	144.6564	2.5209	1.7426	422.9530	429.1433	6.1903	1.4425	170.1101	3.5450	468.2211	0.7764	nan	148.2999	350.0420	81.5676	91.6540	74.7600	41.1775	67.4719	0.9016	430.4440	-1.3007	-0.3031	97.5434	15.6784	0.3958	
4439.8535	4447.1111	7.2576	0.1632	0.7979	0.8368	0.8333	-0.0354	-4.4378	0.0546	0.0553	-2.6764	-1.0213	2.5743	-2.5774	1.1194	2.0049	1.9899	0.0150	0.7466	0.0000	-9.5677	117.4677	145.3551	144.0889	-1.2662	-0.8788	468.8414	460.4089	-8.4325	-1.8315	170.0842	3.7920	503.1356	0.7801	nan	147.8511	371.5772	80.7059	91.5079	73.8523	42.5787	68.3731	0.9202	464.3254	-3.9165	-0.8507	97.4556	17.8105	0.3980	
4434.9854	4444.5714	9.5861	0.2157	0.8439	0.9017	0.8582	-0.0143	-1.7000	0.0529	0.0513	-2.7824	-1.0283	2.7480	-2.9060	1.1614	2.1241	2.0853	0.0388	1.8262	0.0000	-12.9878	117.6802	145.8012	143.3893	-2.4119	-1.6820	506.3611	493.8786	-12.4825	-2.5274	170.0304	4.0598	540.8343	0.7835	nan	147.4127	392.7604	79.5258	91.3179	72.6213	44.1057	69.3336	0.9362	495.5400	-1.6614	-0.3364	97.2710	20.9452	0.3973	
4442.9997	4443.3333	0.3336	0.0075	0.8896	0.9290	0.9278	-0.0383	-4.3044	0.0504	0.0534	-2.8402	-0.9386	3.1041	-2.8833	1.2312	2.2602	2.2245	0.0357	1.5781	0.0000	-11.7968	113.3869	139.9672	142.6250	2.6578	1.8635	549.0877	529.2356	-19.8521	-3.7511	169.9818	4.3454	580.8611	0.7864	nan	146.9206	413.9144	78.2099	91.1122	71.2588	46.0502	70.5830	0.9479	531.8571	-2.6215	-0.4953	97.0764	23.8841	0.3936	
4451.3236	4442.1111	-9.2125	-0.2074	0.9356	0.9544	0.9886	-0.0530	-5.6704	0.0492	0.0534	-1.4676	-0.4642	3.3900	-2.8718	1.2605	2.4393	2.3953	0.0440	1.8036	0.0000	-3.0649	125.0350	153.3531	143.1931	-10.1600	-7.0953	640.9233	567.8156	-73.1077	-12.8753	169.9753	5.1007	631.6089	0.7285	nan	147.4446	435.1986	76.6445	89.8999	68.9033	48.3511	72.0388	0.9386	569.3615	-1.5460	-0.2723	97.1178	25.2038	0.3835	
4435.6171	4444.1111	8.4940	0.1911	0.9813	1.0084	1.0332	-0.0518	-5.2823	0.0480	0.0444	-0.5193	-0.1723	3.6181	-3.7545	1.3171	2.5767	2.5577	0.0190	0.7385	0.0000	0.9287	122.2386	150.6751	142.0407	-8.6345	-6.0789	666.1285	604.0278	-62.1007	-10.2811	169.9763	5.3074	671.8556	0.7447	nan	147.5133	456.6992	75.6090	89.9045	67.9759	51.0781	73.8154	0.9528	607.7807	-3.7529	-0.6213	96.2907	26.2643	0.3808	
4435.5856	4436.3333	0.7478	0.0169	1.0263	1.1196	1.0685	-0.0422	-4.1085	0.0452	0.0526	1.6147	0.3669	4.0014	-3.2056	1.3328	2.7258	2.6973	0.0285	1.0465	0.0000	-6.7240	117.7694	144.9969	140.1384	-4.8585	-3.4669	708.0817	644.5589	-63.5228	-9.8552	169.9686	5.2723	713.2767	0.7960	nan	145.9466	476.8055	73.9744	90.3659	66.8476	54.2193	75.6990	0.9742	653.9708	-9.4119	-1.4602	96.0229	30.7238	0.3765	
4400.2428	4383.2000	-17.0428	-0.3888	1.0736	1.1072	1.1502	-0.0766	-7.1321	0.0471	0.0465	1.8513	0.4486	4.0795	-3.7504	1.3746	2.8584	2.8476	0.0108	0.3783	0.0000	3.7776	114.4759	141.8037	139.8322	-1.9715	-1.4099	702.8104	679.5390	-23.2714	-3.4246	169.9709	5.5560	754.5220	0.7990	nan	144.6181	492.7907	72.5185	90.0622	65.3117	57.8891	77.8401	0.9816	691.1606	-11.6216	-1.7102	96.6910	34.0664	0.3756	
4246.3390	4202.6667	-43.6723	-1.0392	1.1208	1.1696	1.2383	-0.1175	-10.4851	0.0527	0.0485	2.0137	0.5122	3.9150	-3.7498	1.4200	2.8600	2.8913	-0.0313	-1.0938	0.0000	7.4182	117.0237	144.4008	139.8750	-4.5258	-3.2356	692.1846	681.5178	-10.6668	-1.5652	169.9961	5.5719	756.8333	0.7990	nan	144.4943	493.2549	72.3759	90.0486	65.1735	61.8310	79.9301	0.9836	698.0235	-16.5057	-2.4219	96.8031	33.2629	0.3919	
4055.9345	4011.2500	-44.6845	-1.1140	1.1679	1.3215	1.1703	-0.0024	-0.2043	0.0478	0.0553	2.3221	0.5642	4.0806	-3.6400	1.4593	2.8522	2.8881	-0.0359	-1.2600	0.0000	-4.3186	110.1761	135.2294	139.8024	4.5730	3.2711	672.3065	678.8288	6.5222	0.9608	169.9719	5.5511	753.7500	0.7989	nan	144.4954	490.5722	72.2675	90.0602	65.0842	65.5885	81.4275	0.9829	698.7913	-19.9626	-2.9407	96.7521	32.0743	0.4095	

Torque compensated Offset = 	0
Mean Torque Mainboard Error perc = 	-2.873415364028978


Step N. = 	1
Target Speed = 	7620

Speed Mainboard (rpm_M)	Speed TestBench (rpm_M)	Speed Error (rpm_M)	Speed Error %	Torque TestBench (Nm_M)	Torque Ref (Nm)	Torque MainBoard (Nm_M)	Torque MainBoard Error (Nm_M)	Torque MainBoard Error %	Flux Ref (V/rad/s)	Flux (V/rad/s)	Id * Iq (A^2)	Id (Apeak)	Iq (Apeak)	Id Rotor (Apeak)	Iq Rotor (Apeak)	IMotor Measured (Arms)	IMotor MainBoard (Arms)	IMotor Error (Arms)	IMotor Error %	Motor Current THD %	Vsdref (Vpeak)	Vsqref (Vpeak)	Vout MainBoard (Vrms)	Vout Measured (Vrms)	Vout Error (Vrms)	Vout Error %	Motor Power MainBoard (W)	Motor Power Measured (W)	Motor Power Error (W)	Motor Power Error %	Line Voltage (Vrms)	Line Current (Arms)	Line Power (W)	Line Power Factor	Bulk Ripple (V)	DC Bus Voltage (Vrms)	Motor Mechanical Power (W)	Motor Efficiency	Inverter Efficiency	Overall Efficiency	Temperature (deg C)	Estimated Temperature (deg C)	Motor cos-phi	Electrical Power Alpha-Beta [W]	Electrical Power Error [W]	Electrical Power Error [%]	Bus Voltage Usage [%]	Rotational Losses [W]	Kt [Nm/Arms]	
7612.0779	7616.2500	4.1721	0.0548	0.1837	0.1644	0.1722	0.0116	6.2872	0.0351	0.0364	-2.1619	-2.6170	0.8237	-2.6711	0.2218	1.9569	1.8934	0.0635	3.2458	0.0000	-20.9125	121.8903	151.5564	148.2473	-3.3092	-2.2322	232.3814	244.2625	11.8811	4.8641	169.9988	2.1401	273.0125	0.7502	nan	151.5625	146.5537	60.0024	89.4578	53.6768	43.8965	69.0773	0.4860	208.1208	36.1417	14.7963	97.8143	29.7088	0.0939	
7621.0881	7616.5556	-4.5325	-0.0595	0.2221	0.2499	0.2483	-0.0262	-11.8061	0.0344	0.0337	-2.9896	-2.5183	1.1861	-2.8871	0.3334	1.9994	1.9870	0.0125	0.6229	0.0000	-13.6494	118.6815	146.4466	147.9077	1.4611	0.9878	263.2447	283.7511	20.5064	7.2269	170.2040	2.4422	314.3800	0.7563	nan	149.9776	177.1565	62.4383	90.2565	56.3543	45.9586	70.1780	0.5539	287.0614	-3.3103	-1.1666	98.6199	35.0600	0.1111	
7617.6620	7619.2222	1.5602	0.0205	0.2494	0.2869	0.2970	-0.0476	-19.0791	0.0330	0.0351	-3.9053	-2.5393	1.5349	-2.8176	0.3735	2.0266	2.0217	0.0049	0.2406	0.0000	-15.7779	120.8600	149.4531	147.6969	-1.7562	-1.1891	338.8724	307.1622	-31.7101	-10.3236	170.2586	2.6201	338.7478	0.7594	nan	149.9363	199.0275	64.7961	90.6758	58.7546	47.9888	71.0384	0.5925	316.8967	-9.7345	-3.1692	98.5066	34.0912	0.1231	
7620.7454	7618.5556	-2.1899	-0.0287	0.2741	0.3038	0.3140	-0.0399	-14.5459	0.0335	0.0327	-3.8328	-2.4661	1.5509	-2.9877	0.4142	2.0597	2.0450	0.0147	0.7124	0.0000	-17.0241	118.6589	147.0438	147.0422	-0.0016	-0.0011	339.6044	331.0467	-8.5578	-2.5851	170.0120	2.8073	364.1956	0.7631	nan	149.6576	218.6895	66.0599	90.8980	60.0472	49.8786	71.7745	0.6311	336.7708	-5.7241	-1.7291	98.2527	35.3393	0.1331	
7617.6083	7619.2222	1.6140	0.0212	0.2998	0.3382	0.3412	-0.0414	-13.8033	0.0329	0.0328	-4.3008	-2.4461	1.7571	-2.9879	0.4313	2.0953	2.0852	0.0101	0.4843	0.0000	-15.7985	116.0998	143.6276	146.3911	2.7636	1.8878	365.0858	355.1889	-9.8969	-2.7864	169.8138	2.9961	390.1067	0.7668	nan	148.9921	239.1876	67.3418	91.0491	61.3141	51.6753	72.5292	0.6685	363.8278	-8.6389	-2.4322	98.2544	35.7723	0.1431	
7619.8912	7619.1111	-0.7801	-0.0102	0.3239	0.3599	0.3789	-0.0550	-16.9841	0.0314	0.0341	-4.7770	-2.3464	2.0409	-2.9409	0.4870	2.1291	2.1204	0.0087	0.4096	0.0000	-18.2231	118.9942	147.5967	145.9739	-1.6229	-1.1117	430.0966	378.0111	-52.0855	-13.7788	169.8699	3.1709	414.6856	0.7699	nan	148.7027	258.4216	68.3645	91.1560	62.3183	53.4083	73.2830	0.7022	388.9530	-10.9419	-2.8946	98.1650	36.2272	0.1521	
7614.8600	7618.8750	4.0150	0.0527	0.3506	0.3934	0.4118	-0.0611	-17.4400	0.0312	0.0330	-5.0073	-2.2545	2.2207	-2.9847	0.5096	2.1687	2.1610	0.0077	0.3546	0.0000	-16.2045	119.1602	147.3467	145.5134	-1.8334	-1.2599	449.8451	402.8462	-46.9989	-11.6667	169.9642	3.3620	441.7225	0.7730	nan	148.4166	279.7451	69.4422	91.1989	63.3306	55.0767	74.0442	0.7370	417.0010	-14.1547	-3.5137	98.0439	36.0944	0.1617	
7619.2821	7619.3333	0.0512	0.0007	0.3739	0.4133	0.4167	-0.0428	-11.4536	0.0320	0.0319	-4.7917	-2.2058	2.1732	-3.0880	0.5472	2.2115	2.2007	0.0108	0.4868	0.0000	-17.1925	116.5121	144.3024	145.0237	0.7212	0.4973	438.8430	427.9489	-10.8941	-2.5457	170.0303	3.5552	469.1556	0.7761	nan	148.1625	298.3240	69.7110	91.2168	63.5882	56.6832	74.8289	0.7704	439.3702	-11.4213	-2.6689	97.8816	38.6250	0.1691	
7618.6292	7616.7500	-1.8792	-0.0247	0.3995	0.4389	0.4433	-0.0438	-10.9699	0.0315	0.0322	-4.9388	-2.1326	2.3232	-3.1304	0.5819	2.2487	2.2449	0.0038	0.1697	0.0000	-11.7699	115.1800	141.9951	144.6720	2.6769	1.8503	439.1169	448.7812	9.6643	2.1535	170.1094	3.7157	491.9600	0.7783	nan	147.9220	318.6508	71.0036	91.2231	64.7717	58.2751	75.6558	0.7964	462.3658	-13.5845	-3.0270	97.8030	35.5051	0.1777	
7619.4202	7615.3333	-4.0869	-0.0537	0.4251	0.4623	0.4725	-0.0474	-11.1562	0.0307	0.0302	-5.2504	-2.0170	2.6065	-3.3102	0.6267	2.2965	2.2884	0.0081	0.3523	0.0000	-12.7330	113.0630	139.4228	144.1651	4.7423	3.2895	479.5796	473.1233	-6.4563	-1.3646	170.1472	3.9054	518.8678	0.7808	nan	147.6588	339.0160	71.6549	91.1838	65.3377	59.9648	76.5609	0.8250	486.4736	-13.3503	-2.8217	97.6341	34.8228	0.1851	
7620.4161	7619.4444	-0.9717	-0.0128	0.4491	0.4894	0.4854	-0.0363	-8.0790	0.0319	0.0318	-4.8728	-1.9046	2.5880	-3.1707	0.6522	2.3770	2.3523	0.0246	1.0363	0.0000	-10.3953	117.4890	144.5565	143.2997	-1.2568	-0.8771	481.9644	509.1900	27.2256	5.3468	170.1081	4.1918	559.1800	0.7842	nan	147.2781	358.3483	70.3761	91.0601	64.0846	61.6167	77.5093	0.8631	516.2427	-7.0527	-1.3851	97.2989	43.8598	0.1889	
7618.6878	7619.2222	0.5344	0.0070	0.4749	0.5200	0.5039	-0.0290	-6.1065	0.0317	0.0311	-4.6779	-1.7946	2.6804	-3.3436	0.6898	2.4351	2.4229	0.0122	0.4993	0.0000	-12.7471	114.8668	141.7821	142.7932	1.0111	0.7081	494.2533	531.1867	36.9333	6.9530	170.0207	4.3873	584.0789	0.7830	nan	146.8525	378.9061	71.3321	90.9444	64.8725	63.4595	78.6260	0.8820	545.4146	-14.2279	-2.6785	97.2359	39.2760	0.1950	
7619.8554	7620.1250	0.2696	0.0035	0.4990	0.5441	0.5649	-0.0659	-13.2152	0.0312	0.0295	-3.8110	-1.3500	3.0866	-3.4695	0.6606	2.5577	2.5376	0.0201	0.7844	0.0000	-9.5508	108.3164	134.3615	143.5949	9.2334	6.4301	525.8390	568.8975	43.0585	7.5688	169.9214	5.0564	632.3138	0.7359	nan	147.4371	398.1907	69.9940	89.9707	62.9741	65.4805	79.8722	0.8943	576.3252	-7.4277	-1.3056	97.3946	45.1570	0.1951	
7612.7455	7617.6667	4.9211	0.0646	0.5246	0.5647	0.5797	-0.0551	-10.5103	0.0259	0.0278	-0.9124	-0.3197	3.8712	-3.7414	0.7217	2.6465	2.6263	0.0202	0.7618	0.0000	-9.0004	125.1128	154.0392	142.6178	-11.4214	-8.0084	729.5476	600.1600	-129.3876	-21.5589	169.8431	5.2549	667.0944	0.7474	nan	147.3467	418.4488	69.7228	89.9663	62.7271	67.7273	81.3298	0.9180	613.4506	-13.2906	-2.2145	96.7909	46.2467	0.1982	
7610.0846	7619.2500	9.1654	0.1203	0.5500	0.5255	0.6068	-0.0568	-10.3227	0.0277	0.0266	-1.7132	-0.5975	3.7209	-4.0411	0.7244	2.7883	2.7623	0.0259	0.9306	0.0000	-7.8977	121.6114	149.5425	141.5827	-7.9597	-5.6220	691.9615	640.5500	-51.4115	-8.0261	169.8518	5.6239	715.0350	0.7486	nan	146.6010	438.8373	68.5097	89.5833	61.3734	70.3340	82.9392	0.9368	652.3588	-11.8088	-1.8435	96.5776	49.9953	0.1973	
7600.0775	7610.5556	10.4781	0.1377	0.5750	0.5798	0.6388	-0.0638	-11.0967	0.0272	0.0244	-0.8548	-0.2740	3.9758	-4.1785	0.7683	2.8712	2.8571	0.0141	0.4917	0.0000	-2.9157	110.9779	137.0822	139.4340	2.3518	1.6866	666.2696	672.9533	6.6837	0.9932	169.9531	5.5214	746.9467	0.7960	nan	145.4421	458.2604	68.0969	90.0939	61.3511	73.2082	84.8277	0.9705	685.6556	-12.7023	-1.8875	95.8711	52.2438	0.2003	
7533.5614	7351.8889	-181.6725	-2.4711	0.6042	0.5733	0.6839	-0.0796	-13.1809	0.0284	0.0239	-0.1077	-0.0405	3.9915	-4.2318	0.7854	2.8940	2.9114	-0.0174	-0.5996	0.0000	-0.5081	110.6494	136.0592	138.8079	2.7487	1.9802	659.0520	682.9300	23.8780	3.4964	169.9989	5.5986	758.6967	0.7971	nan	144.6443	465.1829	68.1157	90.0136	61.3134	76.4336	86.6470	0.9815	706.2998	-23.3698	-3.4220	95.9651	50.9084	0.2088	
7298.5460	7078.6667	-219.8793	-3.1062	0.6278	0.6764	0.6701	-0.0423	-6.7454	0.0278	0.0284	1.3682	0.3195	4.0309	-3.8678	0.8739	2.8953	2.9233	-0.0280	-0.9672	0.0000	0.1025	117.0298	143.6494	138.6588	-4.9906	-3.5992	712.1246	682.9067	-29.2179	-4.2785	169.9604	5.6009	758.9167	0.7972	nan	144.4846	465.3414	68.1413	89.9844	61.3166	79.3627	88.1331	0.9821	707.8110	-24.9044	-3.6468	95.9679	48.9473	0.2168	

Torque compensated Offset = 	0
Mean Torque Mainboard Error perc = 	-11.122653157671571


Step N. = 	2
Target Speed = 	10160

Speed Mainboard (rpm_M)	Speed TestBench (rpm_M)	Speed Error (rpm_M)	Speed Error %	Torque TestBench (Nm_M)	Torque Ref (Nm)	Torque MainBoard (Nm_M)	Torque MainBoard Error (Nm_M)	Torque MainBoard Error %	Flux Ref (V/rad/s)	Flux (V/rad/s)	Id * Iq (A^2)	Id (Apeak)	Iq (Apeak)	Id Rotor (Apeak)	Iq Rotor (Apeak)	IMotor Measured (Arms)	IMotor MainBoard (Arms)	IMotor Error (Arms)	IMotor Error %	Motor Current THD %	Vsdref (Vpeak)	Vsqref (Vpeak)	Vout MainBoard (Vrms)	Vout Measured (Vrms)	Vout Error (Vrms)	Vout Error %	Motor Power MainBoard (W)	Motor Power Measured (W)	Motor Power Error (W)	Motor Power Error %	Line Voltage (Vrms)	Line Current (Arms)	Line Power (W)	Line Power Factor	Bulk Ripple (V)	DC Bus Voltage (Vrms)	Motor Mechanical Power (W)	Motor Efficiency	Inverter Efficiency	Overall Efficiency	Temperature (deg C)	Estimated Temperature (deg C)	Motor cos-phi	Electrical Power Alpha-Beta [W]	Electrical Power Error [W]	Electrical Power Error [%]	Bus Voltage Usage [%]	Rotational Losses [W]	Kt [Nm/Arms]	
10151.1542	10153.7778	2.6236	0.0258	0.1842	0.1897	0.1878	-0.0035	-1.9238	0.0256	0.0266	-3.4235	-2.8316	1.2063	-3.0978	0.2439	2.2043	2.1513	0.0529	2.4014	0.0000	-18.6318	118.3904	147.0895	148.1850	1.0955	0.7393	294.1541	331.4756	37.3214	11.2592	170.2219	2.8154	366.6967	0.7650	nan	150.1596	195.8894	59.0614	90.3916	53.3871	48.3238	68.5834	0.5858	298.1768	33.2987	10.0456	98.6864	47.8810	0.0836	
10159.1382	10161.5714	2.4333	0.0239	0.2136	0.2538	0.2532	-0.0396	-18.5459	0.0253	0.0234	-4.4202	-2.6551	1.6691	-3.1903	0.3285	2.2427	2.2389	0.0039	0.1717	0.0000	-20.4077	120.4707	149.9718	147.6911	-2.2807	-1.5442	384.2110	369.0343	-15.1767	-4.1125	170.2219	3.1026	406.4729	0.7696	nan	148.7211	227.2651	61.5835	90.7894	55.9113	50.9355	69.7821	0.6432	381.7267	-12.6924	-3.4394	99.3076	50.1009	0.0952	
10157.9652	10160.6000	2.6348	0.0259	0.2292	0.2691	0.2747	-0.0455	-19.8460	0.0242	0.0249	-4.8297	-2.5879	1.8860	-3.1707	0.3455	2.2698	2.2563	0.0135	0.5931	0.0000	-14.6595	120.4012	148.8298	147.1875	-1.6423	-1.1158	398.3231	392.2800	-6.0431	-1.5405	170.0684	3.2826	431.1020	0.7722	nan	148.6525	243.8735	62.1690	90.9946	56.5705	53.5244	70.8207	0.6779	396.7696	-4.4896	-1.1445	99.0146	53.6265	0.1010	
10158.3705	10157.2500	-1.1205	-0.0110	0.2450	0.2895	0.3055	-0.0605	-24.7091	0.0228	0.0250	-5.6746	-2.5198	2.2662	-3.2207	0.3623	2.2924	2.2883	0.0041	0.1775	0.0000	-18.1137	125.0769	155.0841	146.6255	-8.4586	-5.7689	494.1402	409.8300	-84.3102	-20.5720	169.8010	3.4216	449.8375	0.7743	nan	148.1369	260.5979	63.5884	91.1062	57.9330	56.0061	71.8063	0.7039	427.4118	-17.5818	-4.2900	98.9798	51.6881	0.1069	
10154.2800	10153.4444	-0.8356	-0.0082	0.2589	0.3120	0.3108	-0.0520	-20.0674	0.0233	0.0229	-5.3530	-2.4169	2.2310	-3.3066	0.3841	2.3157	2.3131	0.0026	0.1118	0.0000	-13.0060	116.1329	143.2143	146.3180	3.1037	2.1212	437.7363	428.5111	-9.2252	-2.1528	169.8749	3.5637	469.9456	0.7763	nan	147.7675	275.2680	64.2403	91.1833	58.5765	58.1371	72.6975	0.7302	445.4472	-16.9361	-3.9523	99.0192	52.9493	0.1118	
10158.5083	10159.3000	0.7917	0.0078	0.2747	0.3220	0.3169	-0.0422	-15.3626	0.0245	0.0232	-5.1233	-2.3860	2.1563	-3.3750	0.4184	2.3436	2.3388	0.0048	0.2057	0.0000	-13.1928	117.6235	145.5466	145.9815	0.4349	0.2979	426.1159	449.9100	23.7941	5.2886	170.1324	3.7241	493.1950	0.7784	nan	147.8119	292.2474	64.9573	91.2235	59.2563	60.2586	73.6182	0.7593	464.8913	-14.9813	-3.3298	98.7617	54.1615	0.1172	
10154.3353	10161.1111	6.7758	0.0667	0.2900	0.3450	0.3347	-0.0447	-15.4211	0.0239	0.0255	-5.4858	-2.3611	2.3269	-3.2029	0.4666	2.3811	2.3691	0.0120	0.5051	0.0000	-16.0280	113.2568	140.6049	145.2709	4.6660	3.2119	450.8250	474.2467	23.4217	4.9387	170.0966	3.9143	519.9989	0.7810	nan	147.5759	308.5800	65.0674	91.2015	59.3424	62.2664	74.5694	0.7916	489.1533	-14.9067	-3.1432	98.4382	58.0679	0.1218	
10158.8127	10160.3333	1.5206	0.0150	0.3046	0.3556	0.3672	-0.0626	-20.5633	0.0217	0.0249	-5.8892	-2.0864	2.8601	-3.3087	0.4955	2.4072	2.4084	-0.0012	-0.0514	0.0000	-14.0691	112.6443	139.0788	144.6496	5.5708	3.8512	528.5714	489.1233	-39.4481	-8.0651	169.8522	4.0359	536.3922	0.7825	nan	147.1019	324.0430	66.2498	91.1876	60.4117	64.1761	75.5416	0.8110	511.2517	-22.1284	-4.5241	98.3329	54.3785	0.1265	
10157.5294	10167.4286	9.8992	0.0974	0.3199	0.3679	0.3460	-0.0262	-8.1876	0.0248	0.0205	-5.2466	-2.3200	2.2839	-3.6103	0.4930	2.4396	2.4330	0.0066	0.2716	0.0000	-16.6404	116.0720	143.7384	143.9949	0.2564	0.1781	447.6096	506.6371	59.0276	11.6509	169.7113	4.1773	555.8871	0.7841	nan	146.6876	340.5623	67.2213	91.1403	61.2657	66.0743	76.5370	0.8327	523.7699	-17.1328	-3.3817	98.1643	51.6146	0.1311	
10160.8243	10166.7778	5.9535	0.0586	0.3339	0.3800	0.3841	-0.0502	-15.0478	0.0223	0.0233	-5.0277	-1.8088	2.9263	-3.4655	0.4996	2.5040	2.4784	0.0255	1.0202	0.0000	-9.5798	116.5065	143.5228	143.1077	-0.4152	-0.2901	539.2271	537.7578	-1.4693	-0.2732	169.8788	4.4185	590.7378	0.7870	nan	146.4024	355.4796	66.1043	91.0316	60.1757	67.8231	77.4767	0.8664	545.8239	-8.0661	-1.5000	97.7496	60.9705	0.1333	
10160.0450	10153.7778	-6.2672	-0.0617	0.3497	0.4047	0.3971	-0.0475	-13.5707	0.0224	0.0261	-5.2442	-1.8231	2.9689	-3.2297	0.5651	2.5682	2.5527	0.0156	0.6067	0.0000	-9.9159	113.5655	140.2972	142.9476	2.6504	1.8541	530.1195	562.7889	32.6693	5.8049	170.0700	4.6992	620.2744	0.7763	nan	146.0010	371.8009	66.0642	90.7327	59.9420	69.7354	78.6933	0.8851	581.3978	-18.6089	-3.3065	97.9093	62.5361	0.1362	
10161.4947	10162.0000	0.5053	0.0050	0.3638	0.3571	0.4040	-0.0403	-11.0662	0.0243	0.0212	-5.4168	-2.0112	2.7691	-3.7095	0.5359	2.6008	2.6028	-0.0021	-0.0791	0.0000	-12.0943	127.1751	157.3527	143.0174	-14.3353	-10.0235	564.8357	577.4544	12.6187	2.1852	169.9986	4.8984	638.0611	0.7662	nan	146.6539	387.1187	67.0394	90.5015	60.6716	71.7915	79.9838	0.8963	595.5012	-18.0467	-3.1252	97.5204	57.6846	0.1399	
10151.1059	10156.4444	5.3386	0.0526	0.3808	0.4560	0.4435	-0.0628	-16.4851	0.0229	0.0231	-0.8660	-0.5483	3.3741	-3.7642	0.5086	2.7960	2.6888	0.1072	3.8336	0.0000	-0.5246	124.5100	153.4553	141.9606	-11.4947	-8.0971	617.3336	626.8300	9.4964	1.5150	169.6709	5.6248	701.6656	0.7352	nan	146.5609	404.9882	64.6095	89.3344	57.7184	73.9886	81.2401	0.9118	634.2967	-7.4667	-1.1912	96.8614	67.3866	0.1362	
10144.2185	10154.0000	9.7815	0.0963	0.3950	0.4589	0.4599	-0.0649	-16.4370	0.0209	0.0213	0.5415	-0.0478	3.7129	-3.8229	0.6000	2.8520	2.8432	0.0088	0.3068	0.0000	5.2749	128.5302	158.9330	140.5175	-18.4155	-13.1055	687.0858	649.3700	-37.7158	-5.8081	169.7172	5.5991	724.1550	0.7621	nan	145.7947	420.0129	64.6799	89.6727	58.0003	76.7356	83.2470	0.9355	677.2524	-27.8824	-4.2938	96.3824	67.1686	0.1385	
10148.1463	10147.2500	-0.8963	-0.0088	0.4090	0.5400	0.4710	-0.0620	-15.1588	0.0200	0.0231	1.8593	0.3848	3.9329	-3.9108	0.5827	2.8665	2.8892	-0.0227	-0.7915	0.0000	4.2955	114.8112	141.5346	140.0619	-1.4727	-1.0515	678.3588	665.1675	-13.1913	-1.9831	169.9545	5.5577	739.4288	0.7829	nan	145.0205	434.6128	65.3392	89.9563	58.7766	79.4670	84.9646	0.9566	694.0974	-28.9299	-4.3493	96.5810	65.2142	0.1427	
10105.0346	9960.4444	-144.5902	-1.4516	0.4258	0.4750	0.4767	-0.0509	-11.9610	0.0201	0.0207	0.5153	0.0951	4.0297	-3.8772	0.5962	2.8555	2.8852	-0.0297	-1.0394	0.0000	2.2102	111.5830	136.7880	139.6668	2.8788	2.0612	676.6957	675.2956	-1.4001	-0.2073	169.9781	5.5115	748.6478	0.7991	nan	144.3022	444.1042	65.7645	90.2020	59.3209	82.0551	86.3466	0.9776	707.1200	-31.8245	-4.7127	96.7879	65.7124	0.1491	
9843.7731	9634.7778	-208.9953	-2.1692	0.4412	0.5276	0.4711	-0.0298	-6.7633	0.0199	0.0226	0.3152	0.0599	3.9617	-3.9258	0.6211	2.8499	2.8804	-0.0304	-1.0681	0.0000	1.4501	124.2700	152.3471	139.5428	-12.8044	-9.1759	743.4522	673.7489	-69.7033	-10.3456	169.7281	5.5070	747.1756	0.7994	nan	144.0995	445.1626	66.0725	90.1728	59.5794	84.5839	87.5290	0.9781	706.1856	-32.4367	-4.8144	96.8378	62.3931	0.1548	
9504.5223	9335.4444	-169.0778	-1.8111	0.4551	0.4865	0.5299	-0.0748	-16.4410	0.0219	0.0198	-0.0771	-0.0324	4.0196	-4.0585	0.6090	2.8531	2.8754	-0.0223	-0.7819	0.0000	4.1912	119.8506	146.9635	139.3658	-7.5977	-5.4517	721.0743	672.9956	-48.0787	-7.1440	169.5951	5.5072	746.8489	0.7996	nan	143.9773	444.9084	66.1087	90.1113	59.5714	86.9200	88.6414	0.9772	703.4889	-30.4933	-4.5310	96.7971	60.2572	0.1595	

Torque compensated Offset = 	0
Mean Torque Mainboard Error perc = 	-14.864313241050622


Step N. = 	3
Target Speed = 	12700

Speed Mainboard (rpm_M)	Speed TestBench (rpm_M)	Speed Error (rpm_M)	Speed Error %	Torque TestBench (Nm_M)	Torque Ref (Nm)	Torque MainBoard (Nm_M)	Torque MainBoard Error (Nm_M)	Torque MainBoard Error %	Flux Ref (V/rad/s)	Flux (V/rad/s)	Id * Iq (A^2)	Id (Apeak)	Iq (Apeak)	Id Rotor (Apeak)	Iq Rotor (Apeak)	IMotor Measured (Arms)	IMotor MainBoard (Arms)	IMotor Error (Arms)	IMotor Error %	Motor Current THD %	Vsdref (Vpeak)	Vsqref (Vpeak)	Vout MainBoard (Vrms)	Vout Measured (Vrms)	Vout Error (Vrms)	Vout Error %	Motor Power MainBoard (W)	Motor Power Measured (W)	Motor Power Error (W)	Motor Power Error %	Line Voltage (Vrms)	Line Current (Arms)	Line Power (W)	Line Power Factor	Bulk Ripple (V)	DC Bus Voltage (Vrms)	Motor Mechanical Power (W)	Motor Efficiency	Inverter Efficiency	Overall Efficiency	Temperature (deg C)	Estimated Temperature (deg C)	Motor cos-phi	Electrical Power Alpha-Beta [W]	Electrical Power Error [W]	Electrical Power Error [%]	Bus Voltage Usage [%]	Rotational Losses [W]	Kt [Nm/Arms]	
12694.8095	12685.6667	-9.1428	-0.0721	0.1880	0.2128	0.2066	-0.0186	-9.9141	0.0200	0.0207	-4.8458	-2.7889	1.7375	-3.3179	0.2869	2.3937	2.3483	0.0454	1.8969	0.0000	-21.6977	121.0471	150.6759	146.4237	-4.2522	-2.9041	406.1865	423.4567	17.2702	4.0784	169.8127	3.5254	465.7667	0.7780	nan	148.1381	249.7493	58.9795	90.9161	53.6218	51.3654	71.3366	0.6975	411.4664	11.9903	2.8315	98.8426	69.1198	0.0785	
12698.6614	12702.1818	3.5204	0.0277	0.2084	0.2598	0.2606	-0.0522	-25.0597	0.0184	0.0189	-6.0783	-2.5868	2.3797	-3.4907	0.3448	2.4303	2.4277	0.0026	0.1071	0.0000	-19.3686	122.7883	152.4139	145.8186	-6.5953	-4.5229	515.1384	457.6718	-57.4666	-12.5563	169.9858	3.7828	502.4091	0.7813	nan	146.9550	277.1589	60.5615	91.0953	55.1686	54.3243	72.7130	0.7456	480.2445	-22.5727	-4.9321	99.2267	71.5402	0.0857	
12700.7843	12703.5000	2.7157	0.0214	0.2141	0.2653	0.2750	-0.0608	-28.4147	0.0185	0.0183	-5.7813	-2.3534	2.4951	-3.4741	0.3539	2.4447	2.4415	0.0032	0.1311	0.0000	-17.3117	122.0742	151.2316	145.6099	-5.6218	-3.8608	517.6745	470.5863	-47.0882	-10.0063	170.0232	3.8788	515.8975	0.7823	nan	147.1711	284.8510	60.5317	91.2170	55.2152	57.2460	73.9900	0.7633	495.2212	-24.6349	-5.2349	98.9392	74.3108	0.0876	
12697.3163	12701.1111	3.7948	0.0299	0.2239	0.2781	0.2819	-0.0580	-25.8894	0.0182	0.0182	-6.1159	-2.3539	2.6182	-3.4845	0.3613	2.4621	2.4613	0.0007	0.0301	0.0000	-9.8471	122.6918	151.0559	145.0262	-6.0297	-4.1577	517.5463	483.3022	-34.2440	-7.0854	169.8219	3.9799	529.6278	0.7836	nan	146.6716	297.7842	61.6189	91.2533	56.2294	59.8377	75.0935	0.7815	509.6543	-26.3521	-5.4525	98.8783	71.4576	0.0909	
12697.1587	12701.0000	3.8413	0.0302	0.2311	0.2907	0.2865	-0.0554	-23.9553	0.0184	0.0184	-6.0116	-2.3174	2.6382	-3.5569	0.3919	2.4818	2.4798	0.0020	0.0798	0.0000	-15.8072	120.5461	149.1584	144.7410	-4.4174	-3.0519	530.9868	499.1700	-31.8168	-6.3739	170.1074	4.0954	546.9822	0.7851	nan	146.7270	307.3878	61.5830	91.2591	56.2002	62.2144	76.1501	0.8023	526.9999	-27.8299	-5.5752	98.6465	74.9161	0.0931	
12697.2904	12705.1000	7.8096	0.0615	0.2397	0.3023	0.2899	-0.0502	-20.9247	0.0181	0.0195	-5.9079	-2.2110	2.7557	-3.4665	0.3790	2.5120	2.5093	0.0027	0.1065	0.0000	-16.4489	125.3617	154.9933	143.5633	-11.4300	-7.9616	573.1657	516.3340	-56.8317	-11.0068	169.7241	4.2370	566.1120	0.7872	nan	146.0749	318.9133	61.7648	91.2071	56.3339	64.4502	77.2542	0.8266	541.9890	-25.6550	-4.9687	98.2807	76.7548	0.0954	
12698.2004	12704.3333	6.1329	0.0483	0.2478	0.3098	0.2957	-0.0479	-19.3294	0.0182	0.0186	-5.7133	-2.1570	2.7886	-3.4917	0.3849	2.5343	2.5322	0.0020	0.0800	0.0000	-15.3676	124.6886	154.0720	143.1968	-10.8752	-7.5946	572.6434	530.0544	-42.5889	-8.0348	170.0659	4.3342	581.2111	0.7885	nan	146.0689	329.6422	62.1903	91.1983	56.7165	66.6186	78.3880	0.8433	553.7376	-23.6832	-4.4681	98.0337	76.6661	0.0978	
12694.6949	12695.4286	0.7337	0.0058	0.2557	0.3310	0.2897	-0.0340	-13.2881	0.0185	0.0194	-5.2759	-2.1362	2.6707	-3.5112	0.4213	2.5732	2.5666	0.0065	0.2542	0.0000	-13.7654	119.6477	147.7204	143.3001	-4.4203	-3.0846	528.3459	541.8071	13.4613	2.4845	169.9097	4.6078	597.2986	0.7634	nan	146.3368	339.9617	62.7500	90.7132	56.9240	68.6102	79.4410	0.8483	573.8387	-32.0315	-5.9120	97.9266	73.3968	0.0994	
12699.9047	12699.4444	-0.4602	-0.0036	0.2631	0.3561	0.3043	-0.0412	-15.6521	0.0166	0.0193	-4.9002	-1.6254	3.1967	-3.5317	0.4557	2.6297	2.6261	0.0036	0.1371	0.0000	-13.6463	130.0514	160.5209	144.0361	-16.4848	-11.4449	656.1443	564.0467	-92.0976	-16.3280	169.7242	5.1526	628.5167	0.7187	nan	147.2292	349.9077	62.0374	89.7432	55.6745	70.6178	80.7366	0.8597	590.0080	-25.9613	-4.6027	97.8313	79.0571	0.1001	
12698.5148	12696.4444	-2.0704	-0.0163	0.2714	0.3872	0.3559	-0.0844	-31.1089	0.0172	0.0209	-1.7914	-0.6748	3.5629	-3.4937	0.4173	2.6742	2.6864	-0.0122	-0.4568	0.0000	-8.8792	137.0324	169.2194	143.7128	-25.5066	-17.7483	742.9207	582.0778	-160.8429	-27.6325	170.0788	5.3131	649.5544	0.7189	nan	147.6637	360.9060	62.0021	89.6126	55.5617	72.7226	82.1309	0.8744	608.8626	-26.7848	-4.6016	97.3249	80.4799	0.1015	
12693.9577	12693.0000	-0.9577	-0.0075	0.2802	0.3322	0.3592	-0.0790	-28.1932	0.0164	0.0160	1.0747	0.1540	3.7758	-3.9005	0.4493	2.7182	2.7379	-0.0198	-0.7270	0.0000	-10.7268	127.0505	156.5682	142.5163	-14.0519	-9.8599	720.6973	595.8456	-124.8517	-20.9537	169.7033	5.4050	665.2378	0.7253	nan	147.0302	372.4741	62.5117	89.5689	55.9912	74.8949	83.4723	0.8880	630.6788	-34.8333	-5.8460	96.9303	76.9497	0.1031	
12698.2296	12699.8889	1.6593	0.0131	0.2860	0.3944	0.3496	-0.0636	-22.2300	0.0160	0.0185	-1.2218	-0.4013	3.8438	-3.7060	0.4462	2.7422	2.7556	-0.0133	-0.4858	0.0000	-13.6717	134.2032	165.3375	141.8843	-23.4531	-16.5298	798.2781	611.2967	-186.9814	-30.5877	170.0051	5.3946	680.8089	0.7424	nan	146.3415	380.3596	62.2232	89.7895	55.8696	77.0697	84.8745	0.9071	647.7673	-36.4706	-5.9661	96.9545	80.8227	0.1043	
12693.8412	12694.6667	0.8255	0.0065	0.2951	0.3500	0.4090	-0.1139	-38.5988	0.0179	0.0165	0.9162	0.2726	3.8685	-3.8211	0.4463	2.7625	2.7733	-0.0109	-0.3933	0.0000	-4.0292	128.8582	158.9074	140.4443	-18.4631	-13.1462	752.1694	627.8333	-124.3361	-19.8040	169.7362	5.3297	696.6811	0.7702	nan	145.4528	392.3164	62.4907	90.1172	56.3145	79.1776	86.1614	0.9343	657.0764	-29.2431	-4.6578	96.5580	82.1092	0.1068	
12690.6563	12694.5714	3.9151	0.0308	0.3020	0.3496	0.3940	-0.0920	-30.4738	0.0171	0.0150	1.4946	0.2820	3.8929	-3.9177	0.4968	2.7956	2.7949	0.0007	0.0262	0.0000	-4.2677	124.0353	152.1295	139.9461	-12.1834	-8.7057	723.5319	643.6714	-79.8605	-12.4070	169.9146	5.2935	712.5800	0.7922	nan	144.4173	401.4713	62.3740	90.3297	56.3422	81.1700	87.4275	0.9499	679.1457	-35.4742	-5.5112	96.9040	84.0577	0.1080	
12653.2568	12577.6667	-75.5901	-0.6010	0.3103	0.3992	0.3668	-0.0565	-18.1925	0.0162	0.0173	2.9770	0.7228	3.9357	-4.0606	0.4371	2.8005	2.8152	-0.0147	-0.5254	0.0000	-4.9215	127.9146	157.0166	139.6612	-17.3554	-12.4268	746.6816	644.9322	-101.7494	-15.7768	169.8757	5.2700	713.7778	0.7973	nan	144.3482	408.7461	63.3784	90.3548	57.2653	83.1914	88.6937	0.9520	685.1974	-40.2652	-6.2433	96.7531	76.4329	0.1108	
12396.9540	12304.5556	-92.3984	-0.7509	0.3200	0.4006	0.4122	-0.0922	-28.8212	0.0179	0.0163	0.0156	-0.0498	3.8256	-4.0088	0.4714	2.7972	2.8292	-0.0320	-1.1445	0.0000	-2.6153	115.6904	142.2070	139.7088	-2.4982	-1.7882	664.0435	650.1578	-13.8857	-2.1357	169.7309	5.3241	720.0989	0.7969	nan	143.8651	412.3297	63.4196	90.2873	57.2599	85.2104	89.9072	0.9605	687.9224	-37.7646	-5.8085	97.1110	77.4002	0.1144	
12196.5644	12094.8889	-101.6755	-0.8406	0.3264	0.4141	0.3735	-0.0470	-14.4038	0.0160	0.0172	0.4413	0.0817	3.9740	-3.9365	0.5008	2.8055	2.8269	-0.0213	-0.7603	0.0000	-3.0823	130.4359	160.1786	139.7344	-20.4441	-14.6307	783.1240	653.1922	-129.9317	-19.8918	169.9778	5.3419	723.7556	0.7971	nan	144.1971	413.4577	63.2990	90.2504	57.1275	87.1256	91.0633	0.9620	685.6242	-32.4320	-4.9652	96.9053	77.3454	0.1164	
11882.0133	11776.8889	-105.1244	-0.8926	0.3356	0.4368	0.3950	-0.0594	-17.7161	0.0173	0.0176	-2.1661	-0.6447	3.7327	-3.8960	0.5281	2.8112	2.8337	-0.0224	-0.7979	0.0000	-1.8164	115.6544	141.7839	139.3003	-2.4836	-1.7829	649.6027	654.5422	4.9395	0.7546	169.6483	5.3624	725.7967	0.7978	nan	143.8146	413.8235	63.2228	90.1826	57.0160	89.0291	92.1811	0.9650	685.2688	-30.7265	-4.6944	96.8613	76.6700	0.1194	
11688.9019	11637.6667	-51.2353	-0.4403	0.3408	0.4111	0.3792	-0.0385	-11.2874	0.0164	0.0176	-0.7536	-0.2608	3.8513	-3.9245	0.5255	2.8130	2.8372	-0.0242	-0.8598	0.0000	6.8745	127.3105	157.0165	139.5513	-17.4652	-12.5152	729.8980	657.2133	-72.6847	-11.0595	170.0091	5.3711	728.8433	0.7982	nan	144.1595	415.3030	63.1917	90.1721	56.9813	90.9423	93.3542	0.9666	690.9316	-33.7183	-5.1305	96.8035	76.6455	0.1211	

Torque compensated Offset = 	0
Mean Torque Mainboard Error perc = 	-22.287013393739834


Step N. = 	4
Target Speed = 	15240

Speed Mainboard (rpm_M)	Speed TestBench (rpm_M)	Speed Error (rpm_M)	Speed Error %	Torque TestBench (Nm_M)	Torque Ref (Nm)	Torque MainBoard (Nm_M)	Torque MainBoard Error (Nm_M)	Torque MainBoard Error %	Flux Ref (V/rad/s)	Flux (V/rad/s)	Id * Iq (A^2)	Id (Apeak)	Iq (Apeak)	Id Rotor (Apeak)	Iq Rotor (Apeak)	IMotor Measured (Arms)	IMotor MainBoard (Arms)	IMotor Error (Arms)	IMotor Error %	Motor Current THD %	Vsdref (Vpeak)	Vsqref (Vpeak)	Vout MainBoard (Vrms)	Vout Measured (Vrms)	Vout Error (Vrms)	Vout Error %	Motor Power MainBoard (W)	Motor Power Measured (W)	Motor Power Error (W)	Motor Power Error %	Line Voltage (Vrms)	Line Current (Arms)	Line Power (W)	Line Power Factor	Bulk Ripple (V)	DC Bus Voltage (Vrms)	Motor Mechanical Power (W)	Motor Efficiency	Inverter Efficiency	Overall Efficiency	Temperature (deg C)	Estimated Temperature (deg C)	Motor cos-phi	Electrical Power Alpha-Beta [W]	Electrical Power Error [W]	Electrical Power Error [%]	Bus Voltage Usage [%]	Rotational Losses [W]	Kt [Nm/Arms]	
15234.7457	15228.0000	-6.7457	-0.0443	0.1923	0.2694	0.2555	-0.0632	-32.8505	0.0149	0.0143	-2.1323	-1.1436	3.0747	-3.6209	0.3338	2.6582	2.6166	0.0415	1.5620	0.0000	-16.2166	132.4362	163.7695	146.0817	-17.6878	-12.1082	663.2715	543.6943	-119.5773	-21.9935	169.9854	5.1936	609.4571	0.6903	nan	148.2592	306.6320	56.3976	89.2102	50.3125	56.5746	77.6736	0.8084	555.6598	-11.9655	-2.2008	98.5319	105.6422	0.0723	
15236.9058	15241.0000	4.0942	0.0269	0.2023	0.2994	0.2720	-0.0696	-34.4172	0.0152	0.0120	-0.9070	-0.7952	3.1535	-3.9412	0.3531	2.6963	2.6985	-0.0023	-0.0836	0.0000	-4.1278	116.8288	143.6230	145.1587	1.5357	1.0579	563.7338	563.5511	-0.1827	-0.0324	170.0984	5.3524	631.0300	0.6931	nan	148.5485	322.9298	57.3012	89.3062	51.1737	59.8382	79.3714	0.8313	601.2063	-37.6552	-6.6818	97.7181	103.8257	0.0750	
15236.0665	15236.5556	0.4890	0.0032	0.2071	0.3323	0.2681	-0.0610	-29.4465	0.0142	0.0143	-2.0426	-0.9325	3.2711	-3.7848	0.3534	2.7096	2.7179	-0.0082	-0.3039	0.0000	-10.4871	139.5910	172.6692	144.8957	-27.7735	-19.1679	670.1292	569.2878	-100.8415	-17.7136	170.0621	5.4213	637.8933	0.6919	nan	148.0992	330.4589	58.0485	89.2449	51.8052	63.0220	80.9852	0.8372	604.8516	-35.5638	-6.2471	97.8379	99.1230	0.0764	
15231.8620	15238.2222	6.3602	0.0417	0.2102	0.3455	0.2631	-0.0529	-25.1428	0.0138	0.0151	-0.4496	-0.5156	3.5362	-3.8464	0.3797	2.7179	2.7289	-0.0110	-0.4052	0.0000	-13.9236	121.5344	150.3867	144.2187	-6.1680	-4.2768	659.6304	577.0933	-82.5370	-14.3022	169.8597	5.3994	645.2111	0.7035	nan	147.9428	335.4596	58.1310	89.4423	51.9930	65.9350	82.4209	0.8500	619.3698	-42.2764	-7.3258	97.4833	99.6453	0.0773	
15230.8153	15236.7778	5.9625	0.0391	0.2113	0.2968	0.2857	-0.0744	-35.2096	0.0137	0.0138	0.8707	0.0171	3.7668	-3.8425	0.3288	2.7286	2.7387	-0.0101	-0.3708	0.0000	0.9739	114.0215	140.9393	143.3177	2.3783	1.6595	652.2094	585.4233	-66.7861	-11.4082	169.6703	5.3810	653.4600	0.7158	nan	147.4065	337.2007	57.6002	89.5882	51.6027	68.7435	83.7963	0.8643	632.6531	-47.2298	-8.0676	97.2266	103.7250	0.0775	
15235.9673	15239.0000	3.0327	0.0199	0.2151	0.3466	0.2566	-0.0415	-19.2941	0.0136	0.0161	-3.1220	-1.1979	3.3197	-3.5517	0.3560	2.7333	2.7436	-0.0103	-0.3779	0.0000	-4.6448	107.6253	132.7605	142.7726	10.0121	7.0126	548.0366	592.5722	44.5356	7.5156	169.7720	5.3458	660.1511	0.7274	nan	146.9350	343.2795	57.9300	89.7630	51.9998	71.1868	85.1322	0.8767	632.9525	-40.3802	-6.8144	97.1672	103.0818	0.0787	
15230.6179	15231.8750	1.2571	0.0083	0.2188	0.3702	0.3159	-0.0972	-44.4281	0.0146	0.0163	-3.2671	-0.9346	3.6439	-3.7210	0.3291	2.7371	2.7518	-0.0148	-0.5392	0.0000	4.1739	128.1387	158.5752	142.5330	-16.0422	-11.2551	692.8584	598.9212	-93.9371	-15.6844	170.0321	5.2966	665.7625	0.7393	nan	146.4318	348.9237	58.2586	89.9603	52.4096	73.4193	86.4172	0.8864	646.0332	-47.1119	-7.8661	97.3382	102.2652	0.0799	
15237.3940	15228.5556	-8.8384	-0.0580	0.2209	0.3467	0.2923	-0.0715	-32.3468	0.0144	0.0150	-3.2180	-1.0822	3.4507	-3.7955	0.3881	2.7428	2.7577	-0.0149	-0.5423	0.0000	-9.9307	120.6978	149.0140	141.9354	-7.0786	-4.9872	632.1371	607.5556	-24.5816	-4.0460	170.0443	5.2596	674.0244	0.7537	nan	146.1261	352.2587	57.9839	90.1377	52.2647	75.4616	87.6392	0.9010	639.4170	-31.8615	-5.2442	97.1326	105.9240	0.0805	
15237.2827	15236.7500	-0.5327	-0.0035	0.2223	0.3283	0.3254	-0.1032	-46.4167	0.0156	0.0148	-4.5645	-1.4318	3.4214	-3.6403	0.3320	2.7478	2.7585	-0.0107	-0.3887	0.0000	-4.9927	127.7171	157.6793	141.3860	-16.2933	-11.5240	678.0150	613.1425	-64.8725	-10.5803	169.9186	5.1880	678.9325	0.7702	nan	145.5474	354.6200	57.8403	90.3091	52.2347	77.4282	88.8462	0.9112	655.0095	-41.8670	-6.8283	97.1421	107.6190	0.0809	
15231.0294	15220.8889	-10.1405	-0.0666	0.2312	0.3354	0.3011	-0.0699	-30.2171	0.0147	0.0140	-2.2262	-0.8621	3.3976	-3.9285	0.3722	2.7705	2.7673	0.0032	0.1155	0.0000	-13.0008	129.6799	160.3913	140.7091	-19.6822	-13.9878	686.1023	623.9678	-62.1345	-9.9580	169.7907	5.1443	689.7811	0.7897	nan	144.6077	368.5495	59.0650	90.4588	53.4296	79.2939	90.1171	0.9241	667.1559	-43.1881	-6.9215	97.3046	101.0633	0.0835	
15209.5144	15144.3333	-65.1811	-0.4304	0.2284	0.3130	0.2786	-0.0501	-21.9506	0.0136	0.0141	-2.5566	-0.9545	3.4183	-4.0283	0.3763	2.7658	2.7769	-0.0111	-0.4010	0.0000	-10.7379	131.5289	161.9629	140.5317	-21.4312	-15.2501	685.7960	620.4489	-65.3471	-10.5322	169.7044	5.1324	686.2633	0.7879	nan	144.5122	362.2863	58.3906	90.4097	52.7909	81.1594	91.4032	0.9216	644.0308	-23.5819	-3.8008	97.2462	103.3794	0.0826	
15069.6074	15031.0000	-38.6074	-0.2569	0.2333	0.3367	0.2984	-0.0651	-27.9027	0.0134	0.0143	2.4936	0.5792	3.8493	-3.8668	0.3678	2.7681	2.7835	-0.0154	-0.5545	0.0000	5.1316	133.9575	164.8786	140.2949	-24.5837	-17.5229	778.6899	620.9000	-157.7899	-25.4131	169.6600	5.1160	686.9556	0.7914	nan	144.2266	367.2742	59.1631	90.3845	53.4745	82.9796	92.6213	0.9230	675.1292	-54.2292	-8.7340	97.2742	97.6518	0.0843	
14997.7215	14956.3750	-41.3465	-0.2764	0.2348	0.3456	0.2665	-0.0317	-13.5213	0.0139	0.0151	-5.5583	-2.0284	3.0780	-3.9195	0.3904	2.7634	2.7798	-0.0164	-0.5943	0.0000	5.2228	102.3023	127.3584	140.4212	13.0629	9.3026	452.3585	625.0712	172.7128	27.6309	169.6505	5.1338	691.4387	0.7939	nan	144.4680	367.6752	58.8218	90.4018	53.1759	84.6601	93.7780	0.9300	640.2271	-15.1558	-2.4247	97.1991	101.1068	0.0850	
14804.5038	14704.7778	-99.7260	-0.6782	0.2370	0.3004	0.3100	-0.0730	-30.7847	0.0135	0.0144	1.1747	0.2858	3.9090	-3.9167	0.3560	2.7526	2.7753	-0.0227	-0.8236	0.0000	6.6978	126.3532	156.5262	140.1656	-16.3606	-11.6724	727.4500	614.4178	-113.0322	-18.3966	169.6707	5.0704	679.7633	0.7901	nan	144.2446	364.9557	59.4033	90.3869	53.6928	86.2473	94.9022	0.9194	644.9815	-30.5637	-4.9744	97.1722	93.5854	0.0861	
14489.1387	14372.2222	-116.9165	-0.8135	0.2391	0.3135	0.2718	-0.0327	-13.6780	0.0139	0.0149	0.7966	-0.2248	3.2577	-3.9588	0.3495	2.7376	2.7575	-0.0199	-0.7273	0.0000	1.6705	116.1711	143.0940	139.9114	-3.1825	-2.2747	579.3155	603.7822	24.4668	4.0522	169.7000	4.9996	668.1011	0.7875	nan	144.4267	359.8657	59.6020	90.3729	53.8641	87.9114	95.9900	0.9101	647.1151	-43.3329	-7.1769	96.8737	88.9106	0.0873	
14188.8172	14100.7778	-88.0394	-0.6244	0.2438	0.3408	0.2828	-0.0391	-16.0231	0.0144	0.0139	-1.7861	-0.8765	3.3286	-3.8814	0.4500	2.7294	2.7496	-0.0201	-0.7378	0.0000	-2.3498	126.1145	155.0233	139.8752	-15.1481	-10.8297	639.0551	601.6322	-37.4229	-6.2202	169.7499	4.9663	665.5867	0.7895	nan	144.5489	359.9642	59.8335	90.3912	54.0841	89.3413	96.9787	0.9098	615.0096	-13.3774	-2.2235	96.7667	86.8724	0.0893	
13984.6761	13923.3333	-61.3428	-0.4406	0.2492	0.3300	0.2792	-0.0300	-12.0452	0.0136	0.0147	-0.2409	-0.2186	3.6131	-3.8599	0.4048	2.7262	2.7421	-0.0160	-0.5852	0.0000	-11.7924	124.2758	153.4121	139.8471	-13.5650	-9.6999	695.0114	604.1711	-90.8403	-15.0355	169.8924	4.9680	668.4089	0.7919	nan	144.6274	363.3752	60.1455	90.3894	54.3652	90.8459	97.9801	0.9149	650.6867	-46.5156	-7.6991	96.6948	85.6276	0.0914	
13863.4425	13827.7778	-35.6647	-0.2579	0.2502	0.3749	0.3207	-0.0704	-28.1504	0.0146	0.0138	1.2359	0.2036	3.7961	-3.9149	0.4575	2.7252	2.7411	-0.0159	-0.5832	0.0000	-13.1663	130.6699	161.1233	139.7777	-21.3456	-15.2711	730.8949	602.5044	-128.3904	-21.3095	170.0558	4.9474	666.4100	0.7921	nan	144.8644	362.3312	60.1373	90.4104	54.3704	92.1493	98.9670	0.9132	643.7320	-41.2276	-6.8427	96.4890	84.4692	0.0918	
13795.8673	13753.7778	-42.0895	-0.3060	0.2522	0.3768	0.3209	-0.0687	-27.2262	0.0159	0.0163	-4.3030	-1.4569	3.2182	-3.6843	0.3645	2.7286	2.7357	-0.0071	-0.2605	0.0000	-8.4063	124.7662	153.8874	139.6957	-14.1917	-10.1590	620.8696	603.5778	-17.2918	-2.8649	170.0283	4.9596	667.9767	0.7921	nan	144.8160	363.2722	60.1861	90.3592	54.3837	93.4326	99.9653	0.9142	647.0521	-43.4743	-7.2028	96.4643	83.5813	0.0924	

Torque compensated Offset = 	0
Mean Torque Mainboard Error perc = 	-27.423763231874588


