WindyBPMp40_220uF__HefeiH24_ID12__HighSpeedPower_196Vac_20250612_093328
Report created on: 2025/06/12: 11:11:51


Step N. = 	0
Target Speed = 	18000

Speed Mainboard (rpm_M)	Speed TestBench (rpm_M)	Speed Error (rpm_M)	Speed Error %	Torque TestBench (Nm_M)	Torque Ref (Nm)	Torque MainBoard (Nm_M)	Torque MainBoard Error (Nm_M)	Torque MainBoard Error %	Flux Ref (V/rad/s)	Flux (V/rad/s)	Id * Iq (A^2)	Id (Apeak)	Iq (Apeak)	Id Rotor (Apeak)	Iq Rotor (Apeak)	IMotor Measured (Arms)	IMotor MainBoard (Arms)	IMotor Error (Arms)	IMotor Error %	Motor Current THD %	Vsdref (Vpeak)	Vsqref (Vpeak)	Vout MainBoard (Vrms)	Vout Measured (Vrms)	Vout Error (Vrms)	Vout Error %	Motor Power MainBoard (W)	Motor Power Measured (W)	Motor Power Error (W)	Motor Power Error %	Line Voltage (Vrms)	Line Current (Arms)	Line Power (W)	Line Power Factor	Bulk Ripple (V)	DC Bus Voltage (Vrms)	Motor Mechanical Power (W)	Motor Efficiency	Inverter Efficiency	Overall Efficiency	Temperature (deg C)	Estimated Temperature (deg C)	Motor cos-phi	Electrical Power Alpha-Beta [W]	Electrical Power Error [W]	Electrical Power Error [%]	Bus Voltage Usage [%]	Rotational Losses [W]	Kt [Nm/Arms]	
18000.3403	18000.3403	0.0000	0.0000	0.2026	0.2217	0.1951	0.0074	3.6759	0.0174	0.0163	-4.3917	-2.4042	1.8640	-3.0933	0.3413	2.2069	2.1801	0.0269	1.2171	0.0000	-7.9690	156.2012	191.5831	174.0708	-17.5124	-10.0605	464.3978	444.8000	-19.5978	-4.4060	196.3969	3.9645	475.9811	0.6113	nan	172.9158	381.8162	85.8401	93.4491	80.2168	40.4042	79.7379	0.6685	479.8700	-35.0700	-7.8844	100.6681	18.4209	0.0918	
17998.7769	17998.7769	0.0000	0.0000	0.2062	0.2255	0.1893	0.0170	8.2301	0.0172	0.0158	-4.4313	-2.4663	1.8096	-3.1369	0.3408	2.2128	2.1955	0.0174	0.7852	0.0000	-9.4284	156.0772	191.5648	173.8989	-17.6659	-10.1587	458.9903	453.3700	-5.6203	-1.2397	196.5344	4.0306	484.9837	0.6122	nan	172.9479	388.7459	85.7475	93.4815	80.1581	40.8512	80.1317	0.6802	485.6374	-32.2674	-7.1172	100.5498	19.7418	0.0932	
18001.1899	18001.1899	0.0000	0.0000	0.2140	0.2301	0.1932	0.0208	9.7231	0.0165	0.0166	-4.5230	-2.3606	1.9526	-3.0571	0.3201	2.2257	2.2005	0.0252	1.1301	0.0000	-10.3376	154.8586	190.1179	172.8868	-17.2312	-9.9667	489.6135	464.5600	-25.0535	-5.3930	196.3170	4.1144	496.7600	0.6150	nan	172.4759	403.4082	86.8369	93.5180	81.2081	41.2915	80.4902	0.6970	493.9507	-29.3907	-6.3266	100.2384	15.6671	0.0962	
17997.8574	17997.8574	0.0000	0.0000	0.2216	0.2427	0.1980	0.0236	10.6413	0.0162	0.0171	-5.0359	-2.4728	2.0516	-3.1668	0.3501	2.2431	2.2140	0.0291	1.2988	0.0000	-6.3364	148.2916	181.8062	171.4866	-10.3197	-6.0178	476.6531	483.1022	6.4491	1.3349	196.1099	4.2555	516.5478	0.6190	nan	171.6196	417.5715	86.4352	93.5251	80.8386	41.7074	80.8500	0.7251	509.2316	-26.1294	-5.4087	99.9225	19.2519	0.0988	
17999.6798	17999.6798	0.0000	0.0000	0.2306	0.2503	0.2214	0.0092	3.9920	0.0167	0.0172	-5.2262	-2.3852	2.1929	-3.2628	0.4183	2.2568	2.2216	0.0351	1.5574	0.0000	-6.4350	150.6678	184.7322	170.7392	-13.9930	-8.1956	518.3118	499.1578	-19.1540	-3.8373	196.3253	4.3845	533.6133	0.6199	nan	171.1155	434.5791	87.0614	93.5430	81.4398	42.1230	81.2298	0.7479	527.0490	-27.8912	-5.5877	99.7802	17.6564	0.1022	
18000.8179	18000.8179	0.0000	0.0000	0.2388	0.2593	0.2391	-0.0004	-0.1469	0.0158	0.0167	-5.0119	-2.0417	2.5407	-3.2381	0.3779	2.2743	2.2450	0.0293	1.2884	0.0000	-7.6487	150.7418	184.9971	169.9444	-15.0526	-8.8574	600.2709	515.6011	-84.6698	-16.4216	196.5197	4.5028	550.9500	0.6226	nan	170.8748	450.1056	87.2961	93.5840	81.6951	42.5570	81.6064	0.7702	546.9775	-31.3764	-6.0854	99.4559	17.7592	0.1050	
17998.7705	17998.7705	0.0000	0.0000	0.2465	0.2683	0.2176	0.0289	11.7152	0.0158	0.0173	-5.2681	-2.3368	2.2483	-2.9922	0.3836	2.2959	2.2699	0.0260	1.1339	0.0000	-9.5495	144.5813	177.5632	168.9520	-8.6112	-5.0968	519.8577	529.6175	9.7598	1.8428	196.4627	4.6067	565.8950	0.6253	nan	170.3551	464.6096	87.7288	93.5893	82.1048	42.9364	81.9776	0.7883	559.2808	-29.6633	-5.6009	99.1764	16.2862	0.1074	
17995.1423	17995.1423	0.0000	0.0000	0.2550	0.2894	0.2544	0.0006	0.2343	0.0158	0.0174	-5.0114	-1.9035	2.6892	-3.2944	0.3641	2.3186	2.2946	0.0239	1.0318	0.0000	-7.2891	146.2903	179.4072	167.3223	-12.0849	-7.2225	613.6356	548.0089	-65.6267	-11.9755	196.2352	4.7595	585.8644	0.6273	nan	169.4749	480.5337	87.6869	93.5385	82.0209	43.3694	82.3971	0.8156	576.9429	-28.9340	-5.2798	98.7302	17.7010	0.1100	
17999.3183	17999.3183	0.0000	0.0000	0.2630	0.2926	0.3050	-0.0420	-15.9757	0.0179	0.0154	-4.5209	-1.6059	2.8971	-3.3177	0.5355	2.3446	2.3226	0.0220	0.9369	0.0000	-10.4641	155.7676	191.2133	165.8674	-25.3459	-15.2808	704.7513	567.6460	-137.1053	-24.1533	196.1102	4.9112	606.9200	0.6301	nan	168.2061	495.7243	87.3293	93.5290	81.6782	43.8160	82.8435	0.8427	613.5328	-45.8868	-8.0837	98.6097	20.9348	0.1122	
17999.7829	17999.7829	0.0000	0.0000	0.2711	0.2822	0.3490	-0.0778	-28.7140	0.0179	0.0148	-1.3308	-0.4266	3.4490	-3.2631	0.4600	2.3588	2.3355	0.0233	0.9880	0.0000	-8.8388	151.9579	186.4476	165.3209	-21.1267	-12.7792	792.5014	581.0833	-211.4181	-36.3834	196.3677	5.0082	621.1978	0.6317	nan	168.0141	511.0261	87.9437	93.5424	82.2646	44.2366	83.2896	0.8603	617.0978	-36.0144	-6.1978	98.3972	18.3610	0.1149	
18001.9958	18001.9958	0.0000	0.0000	0.2784	0.3052	0.2982	-0.0197	-7.0860	0.0162	0.0168	-2.9154	-1.0648	3.1296	-3.1856	0.4421	2.3738	2.3520	0.0218	0.9183	0.0000	-3.8694	144.6273	177.2263	164.7254	-12.5009	-7.5889	690.9687	594.1556	-96.8131	-16.2942	196.5219	5.1054	635.3078	0.6332	nan	167.3594	524.9137	88.3467	93.5225	82.6241	44.6788	83.7305	0.8773	625.8769	-31.7214	-5.3389	98.4263	16.7935	0.1173	
18001.0572	18001.0572	0.0000	0.0000	0.2873	0.2960	0.2750	0.0123	4.2721	0.0151	0.0144	-3.6063	-1.2394	3.1073	-3.3537	0.4438	2.3915	2.3673	0.0242	1.0116	0.0000	-1.4097	146.0600	179.0511	163.8214	-15.2297	-9.2965	685.9305	608.3350	-77.5955	-12.7554	196.3818	5.2166	650.4800	0.6350	nan	166.4337	541.4849	89.0111	93.5209	83.2440	45.1022	84.1760	0.8965	640.0681	-31.7331	-5.2164	98.4307	13.5277	0.1201	
17970.9471	17970.9471	0.0000	0.0000	0.2903	0.3486	0.3091	-0.0187	-6.4515	0.0165	0.0161	-1.2196	-0.5755	3.2032	-3.4007	0.4550	2.5362	2.4315	0.1047	4.1287	0.0000	-2.3816	142.8959	175.1549	159.7754	-15.3795	-9.6257	686.3659	617.2867	-69.0792	-11.1908	196.1256	5.4011	664.5478	0.6273	nan	164.9639	546.3665	88.5031	92.8891	82.2062	45.5469	84.6297	0.8796	614.1113	3.1753	0.5144	96.8540	10.8456	0.1145	
17622.4071	17622.4071	0.0000	0.0000	0.3033	0.2429	0.3234	-0.0202	-6.6495	0.0157	0.0143	1.3262	0.3317	3.4487	-3.5730	0.5460	2.5419	2.5276	0.0143	0.5630	0.0000	-3.8144	145.4703	178.3475	158.5222	-19.8253	-12.5063	759.1326	634.1650	-124.9676	-19.7059	196.3440	5.4995	682.2375	0.6318	nan	164.1833	559.6242	88.2466	92.9535	82.0284	46.0784	85.3356	0.9086	663.8192	-29.6542	-4.6761	96.5557	14.0673	0.1193	
17276.5273	17276.5273	0.0000	0.0000	0.3156	0.3094	0.3249	-0.0092	-2.9301	0.0163	0.0150	0.2647	-0.0865	3.3475	-3.4997	0.4846	2.5534	2.5334	0.0201	0.7868	0.0000	-4.3636	142.5228	174.7614	158.4233	-16.3381	-10.3129	720.5412	638.2609	-82.2803	-12.8913	196.5122	5.5286	686.4373	0.6318	nan	163.6619	571.0583	89.5038	92.9824	83.2239	46.5944	85.9491	0.9110	667.0856	-28.8246	-4.5161	96.8036	6.0562	0.1236	
17164.6525	17164.6525	0.0000	0.0000	0.3168	0.2557	0.3399	-0.0232	-7.3141	0.0157	0.0140	2.2023	0.5577	3.6175	-3.6332	0.5647	2.5512	2.5453	0.0059	0.2307	0.0000	5.7733	124.0072	152.4509	158.1044	5.6535	3.5758	686.9168	639.7722	-47.1445	-7.3690	196.2231	5.5449	687.9300	0.6323	nan	162.9115	569.4008	89.0017	92.9997	82.7714	47.1093	86.5096	0.9157	696.3318	-56.5596	-8.8406	97.0496	9.2074	0.1242	
16864.9239	16864.9239	0.0000	0.0000	0.3289	0.1740	0.3198	0.0091	2.7543	0.0157	0.0153	-1.0049	-0.3662	3.4314	-3.6424	0.3801	2.5701	2.5492	0.0209	0.8141	0.0000	3.3214	132.7462	162.7906	158.1246	-4.6661	-2.9509	671.5656	634.3800	-37.1856	-5.8617	196.1644	5.5280	681.7922	0.6287	nan	164.7521	580.8772	91.5774	93.0463	85.2095	47.6383	86.9714	0.9015	665.7396	-31.3596	-4.9433	95.9920	-8.7002	0.1280	

Torque compensated Offset = 	0
Mean Torque Mainboard Error perc = 	-1.178205642571715


Step N. = 	1
Target Speed = 	16296

Speed Mainboard (rpm_M)	Speed TestBench (rpm_M)	Speed Error (rpm_M)	Speed Error %	Torque TestBench (Nm_M)	Torque Ref (Nm)	Torque MainBoard (Nm_M)	Torque MainBoard Error (Nm_M)	Torque MainBoard Error %	Flux Ref (V/rad/s)	Flux (V/rad/s)	Id * Iq (A^2)	Id (Apeak)	Iq (Apeak)	Id Rotor (Apeak)	Iq Rotor (Apeak)	IMotor Measured (Arms)	IMotor MainBoard (Arms)	IMotor Error (Arms)	IMotor Error %	Motor Current THD %	Vsdref (Vpeak)	Vsqref (Vpeak)	Vout MainBoard (Vrms)	Vout Measured (Vrms)	Vout Error (Vrms)	Vout Error %	Motor Power MainBoard (W)	Motor Power Measured (W)	Motor Power Error (W)	Motor Power Error %	Line Voltage (Vrms)	Line Current (Arms)	Line Power (W)	Line Power Factor	Bulk Ripple (V)	DC Bus Voltage (Vrms)	Motor Mechanical Power (W)	Motor Efficiency	Inverter Efficiency	Overall Efficiency	Temperature (deg C)	Estimated Temperature (deg C)	Motor cos-phi	Electrical Power Alpha-Beta [W]	Electrical Power Error [W]	Electrical Power Error [%]	Bus Voltage Usage [%]	Rotational Losses [W]	Kt [Nm/Arms]	
16294.8098	16294.8098	0.0000	0.0000	0.1904	0.1976	0.1811	0.0092	4.8490	0.0188	0.0194	-4.0062	-2.5132	1.5967	-2.9711	0.3377	2.0501	2.0197	0.0304	1.4842	0.0000	-10.1479	149.6364	183.7738	177.6444	-6.1294	-3.4504	395.4803	375.7675	-19.7128	-5.2460	196.3992	3.4440	403.6363	0.5967	nan	176.0558	324.8541	86.4505	93.0956	80.4816	42.2448	75.0074	0.5957	400.2687	-24.5012	-6.5203	100.9024	12.1728	0.0929	
16298.0455	16298.0455	0.0000	0.0000	0.1893	0.1939	0.2113	-0.0220	-11.6056	0.0199	0.0198	-4.1889	-2.3800	1.7939	-2.8634	0.3065	2.0518	2.0336	0.0182	0.8889	0.0000	-10.8366	154.3255	189.5509	177.6314	-11.9195	-6.7102	454.2115	378.6786	-75.5330	-19.9465	196.4416	3.4718	406.4786	0.5960	nan	175.7506	323.0591	85.3124	93.1607	79.4776	42.7125	75.3546	0.5999	406.1561	-27.4775	-7.2562	101.0702	16.7425	0.0923	
16290.6371	16290.6371	0.0000	0.0000	0.2017	0.2153	0.1947	0.0070	3.4801	0.0182	0.0209	-4.3190	-2.4561	1.7578	-2.8357	0.3384	2.0666	2.0492	0.0175	0.8463	0.0000	-8.0396	145.3394	178.3758	176.5194	-1.8564	-1.0517	412.6796	394.5864	-18.0932	-4.5854	196.2096	3.6009	423.2318	0.5990	nan	175.1694	344.1370	87.2149	93.2316	81.3119	43.1933	75.6791	0.6245	418.6177	-24.0314	-6.0903	100.7707	10.9319	0.0976	
16292.1663	16292.1663	0.0000	0.0000	0.2132	0.2258	0.1956	0.0176	8.2569	0.0190	0.0197	-4.2726	-2.5013	1.7116	-2.9617	0.3376	2.0853	2.0631	0.0222	1.0634	0.0000	-9.3546	149.5749	183.6351	175.6414	-7.9937	-4.5511	416.7080	417.0767	0.3687	0.0884	196.5203	3.7727	446.8689	0.6027	nan	174.4299	363.7819	87.2207	93.3331	81.4058	43.6766	76.0168	0.6574	445.5917	-28.5151	-6.8369	100.6946	12.9828	0.1023	
16296.0426	16296.0426	0.0000	0.0000	0.2269	0.2332	0.2172	0.0097	4.2757	0.0178	0.0176	-4.6239	-2.2908	2.0289	-3.0397	0.3552	2.1065	2.0872	0.0193	0.9145	0.0000	-6.2731	147.4990	180.9722	174.0902	-6.8820	-3.9531	468.7042	436.9811	-31.7231	-7.2596	196.1364	3.9355	467.9378	0.6062	nan	173.4054	387.1894	88.6056	93.3844	82.7438	44.1174	76.3486	0.6880	465.6698	-28.6886	-6.5652	100.3950	8.5855	0.1077	
16297.0058	16297.0058	0.0000	0.0000	0.2389	0.2428	0.2184	0.0205	8.5687	0.0191	0.0175	-4.1244	-2.1866	1.8837	-3.1436	0.3538	2.1260	2.1027	0.0233	1.0949	0.0000	-8.0918	148.5520	182.2428	173.3834	-8.8594	-5.1097	445.3368	457.3988	12.0620	2.6371	196.5151	4.0903	489.4275	0.6089	nan	173.1347	407.6684	89.1277	93.4558	83.2951	44.5443	76.6763	0.7164	482.1466	-24.7478	-5.4106	100.1436	7.6850	0.1124	
16302.7384	16302.7384	0.0000	0.0000	0.2493	0.2527	0.2802	-0.0309	-12.3826	0.0192	0.0203	-4.1481	-1.7754	2.4675	-2.9373	0.4157	2.1561	2.1464	0.0097	0.4494	0.0000	-9.3577	148.5102	182.3828	171.5724	-10.8104	-6.3008	578.0045	482.4033	-95.6011	-19.8177	196.2406	4.2887	516.0856	0.6132	nan	171.6797	425.6664	88.2413	93.4735	82.4822	44.9753	77.0109	0.7529	518.8481	-36.4448	-7.5548	99.9375	13.4196	0.1156	
16297.6917	16297.6917	0.0000	0.0000	0.2633	0.2751	0.2682	-0.0049	-1.8607	0.0193	0.0180	-4.8895	-2.0914	2.3388	-3.0399	0.4559	2.1935	2.1746	0.0189	0.8601	0.0000	-8.0515	151.2449	185.5156	169.8410	-15.6746	-9.2290	555.1862	510.8644	-44.3218	-8.6758	196.2849	4.5092	546.4467	0.6174	nan	171.1214	449.4285	87.9743	93.4884	82.2457	45.4198	77.3992	0.7917	547.7193	-36.8549	-7.2142	99.2518	16.5230	0.1201	
16291.6993	16291.6993	0.0000	0.0000	0.2747	0.2935	0.2795	-0.0049	-1.7746	0.0179	0.0191	-3.6145	-1.5317	2.6459	-3.1710	0.4171	2.2166	2.2016	0.0150	0.6780	0.0000	-1.5827	147.0120	180.2636	168.9777	-11.2859	-6.6790	588.4155	527.6956	-60.7200	-11.5066	196.5086	4.6372	564.3156	0.6193	nan	170.5822	468.5984	88.8003	93.5107	83.0378	45.8642	77.7800	0.8134	556.4193	-28.7237	-5.4432	99.0594	13.1511	0.1239	
16298.9274	16298.9274	0.0000	0.0000	0.2871	0.2953	0.2852	0.0019	0.6687	0.0188	0.0175	-3.3144	-1.4990	2.5690	-3.1268	0.5136	2.2465	2.2298	0.0167	0.7443	0.0000	-7.1193	149.1937	183.2669	167.3354	-15.9314	-9.5207	595.6618	544.6889	-50.9729	-9.3582	196.1312	4.7769	582.6967	0.6219	nan	169.6635	490.0463	89.9686	93.4773	84.1002	46.2976	78.1624	0.8366	575.7148	-31.0259	-5.6961	98.6278	7.3689	0.1278	
16298.2322	16298.2322	0.0000	0.0000	0.2993	0.3143	0.3316	-0.0324	-10.8260	0.0189	0.0176	-2.7801	-1.0185	3.0776	-3.2704	0.5118	2.2904	2.2708	0.0196	0.8536	0.0000	-6.1326	148.4730	182.1744	165.7142	-16.4602	-9.9329	698.8809	567.9575	-130.9234	-23.0516	196.3687	4.9523	607.8325	0.6250	nan	168.9116	510.7437	89.9268	93.4398	84.0274	46.7528	78.5757	0.8639	605.7139	-37.7564	-6.6477	98.1071	7.9866	0.1307	
16300.1665	16300.1665	0.0000	0.0000	0.3107	0.3362	0.3456	-0.0349	-11.2447	0.0183	0.0174	-1.3541	-0.5350	3.2416	-3.2418	0.4853	2.3519	2.3384	0.0135	0.5725	0.0000	-5.1973	142.4853	174.8797	163.5143	-11.3654	-6.9507	709.9424	598.8011	-111.1412	-18.5606	196.4806	5.1851	641.3911	0.6296	nan	167.2278	530.2923	88.5593	93.3597	82.6788	47.2299	79.0555	0.8990	632.3495	-33.5484	-5.6026	97.7794	16.5039	0.1321	
16296.5234	16296.5234	0.0000	0.0000	0.3241	0.3566	0.3483	-0.0242	-7.4611	0.0179	0.0180	-0.8166	-0.3151	3.3613	-3.4008	0.5173	2.3966	2.3816	0.0150	0.6255	0.0000	-2.0470	144.0042	176.5436	161.6204	-14.9232	-9.2335	729.9931	621.3233	-108.6697	-17.4900	196.1170	5.3687	665.9967	0.6325	nan	165.7643	553.1176	89.0224	93.2923	83.0510	47.7381	79.5663	0.9261	654.5553	-33.2320	-5.3486	97.5001	14.0987	0.1352	
16293.6049	16293.6049	0.0000	0.0000	0.3351	0.3469	0.3298	0.0053	1.5887	0.0165	0.0163	-1.1551	-0.3816	3.3409	-3.3383	0.5212	2.4290	2.4166	0.0124	0.5114	0.0000	1.2696	143.5208	176.1458	160.9153	-15.2305	-9.4649	726.4552	638.6129	-87.8423	-13.7552	196.3806	5.5000	684.8200	0.6340	nan	164.9638	571.8417	89.5444	93.2526	83.5025	48.2221	80.0221	0.9433	676.3876	-37.7748	-5.9151	97.5458	11.0832	0.1380	
16257.1670	16257.1670	0.0000	0.0000	0.3483	0.4022	0.3415	0.0069	1.9713	0.0178	0.0178	2.2437	0.7636	3.4082	-3.4946	0.4979	2.4761	2.4989	-0.0228	-0.9205	0.0000	-1.2640	135.0826	165.5002	159.6906	-5.8096	-3.6381	680.7992	658.6533	-22.1458	-3.3623	196.4013	5.6704	707.0844	0.6349	nan	163.0987	593.0184	90.0366	93.1506	83.8697	48.7293	80.5401	0.9617	686.0160	-27.3626	-4.1543	97.9108	7.6515	0.1407	
15723.5180	15723.5180	0.0000	0.0000	0.3582	0.2991	0.3544	0.0038	1.0661	0.0169	0.0158	4.2008	1.1913	3.5364	-3.5979	0.5963	2.5670	2.5512	0.0158	0.6151	0.0000	-4.3840	136.6152	167.4620	156.3520	-11.1100	-7.1058	719.4053	661.3388	-58.0665	-8.7801	196.1526	5.7060	712.2137	0.6363	nan	162.3490	589.8764	89.1993	92.8567	82.8274	49.2766	81.1519	0.9513	706.6881	-45.3493	-6.8572	96.3062	9.0118	0.1396	
15385.7898	15385.7898	0.0000	0.0000	0.3703	0.4002	0.3938	-0.0235	-6.3427	0.0183	0.0175	0.6576	0.1728	3.5343	-3.6007	0.6587	2.5820	2.5748	0.0071	0.2768	0.0000	-0.6074	140.4606	172.1205	156.3240	-15.7965	-10.1050	740.9767	672.1567	-68.8200	-10.2387	196.5141	5.7812	724.1078	0.6374	nan	162.1687	596.6747	88.7704	92.8255	82.4016	49.8722	81.7027	0.9615	713.6416	-41.4849	-6.1719	96.3960	12.1543	0.1434	
14973.1070	14973.1070	0.0000	0.0000	0.3834	0.2438	0.3526	0.0309	8.0483	0.0174	0.0159	3.5423	1.0510	3.3600	-3.7643	0.6561	2.6015	2.6014	0.0000	0.0019	0.0000	1.5510	135.5621	166.0632	155.6627	-10.4005	-6.6814	681.9275	672.6678	-9.2597	-1.3766	196.1286	5.8068	724.6767	0.6363	nan	161.7445	601.2283	89.3798	92.8233	82.9653	50.4295	82.2007	0.9590	715.0913	-42.4235	-6.3068	96.2399	7.0113	0.1474	

Torque compensated Offset = 	0
Mean Torque Mainboard Error perc = 	-1.151358362347103


Step N. = 	2
Target Speed = 	13968

Speed Mainboard (rpm_M)	Speed TestBench (rpm_M)	Speed Error (rpm_M)	Speed Error %	Torque TestBench (Nm_M)	Torque Ref (Nm)	Torque MainBoard (Nm_M)	Torque MainBoard Error (Nm_M)	Torque MainBoard Error %	Flux Ref (V/rad/s)	Flux (V/rad/s)	Id * Iq (A^2)	Id (Apeak)	Iq (Apeak)	Id Rotor (Apeak)	Iq Rotor (Apeak)	IMotor Measured (Arms)	IMotor MainBoard (Arms)	IMotor Error (Arms)	IMotor Error %	Motor Current THD %	Vsdref (Vpeak)	Vsqref (Vpeak)	Vout MainBoard (Vrms)	Vout Measured (Vrms)	Vout Error (Vrms)	Vout Error %	Motor Power MainBoard (W)	Motor Power Measured (W)	Motor Power Error (W)	Motor Power Error %	Line Voltage (Vrms)	Line Current (Arms)	Line Power (W)	Line Power Factor	Bulk Ripple (V)	DC Bus Voltage (Vrms)	Motor Mechanical Power (W)	Motor Efficiency	Inverter Efficiency	Overall Efficiency	Temperature (deg C)	Estimated Temperature (deg C)	Motor cos-phi	Electrical Power Alpha-Beta [W]	Electrical Power Error [W]	Electrical Power Error [%]	Bus Voltage Usage [%]	Rotational Losses [W]	Kt [Nm/Arms]	
13967.3599	13970.2500	2.8901	0.0207	0.1896	0.1942	0.1822	0.0075	3.9326	0.0228	0.0228	-3.2478	-2.3707	1.3720	-2.7132	0.3189	1.8999	1.8878	0.0121	0.6394	0.0000	-6.1957	147.2492	180.5927	178.1427	-2.4500	-1.3753	322.9784	317.7737	-5.2047	-1.6379	196.2171	2.9675	344.1188	0.5909	nan	177.4464	277.4116	87.2936	92.3428	80.6094	41.9977	70.1781	0.5421	336.7662	-18.9924	-5.9767	100.3923	7.1237	0.0998	
13953.9784	13959.0000	5.0216	0.0360	0.2140	0.2288	0.1751	0.0389	18.1609	0.0237	0.0227	-2.8817	-2.4223	1.1897	-2.7658	0.3158	1.9223	1.8992	0.0231	1.2024	0.0000	-7.9292	151.6422	185.9767	176.9910	-8.9857	-5.0769	299.4168	341.9800	42.5632	12.4461	196.1510	3.1742	369.4700	0.5934	nan	176.6358	312.8216	91.4736	92.5596	84.6677	42.3972	70.5314	0.5803	360.6184	-18.6384	-5.4501	100.2011	-4.9243	0.1113	
13965.4302	13966.5000	1.0698	0.0077	0.2235	0.2319	0.2263	-0.0028	-1.2642	0.0226	0.0225	-3.5130	-2.1376	1.6849	-2.7850	0.3759	1.9483	1.9385	0.0098	0.5016	0.0000	-8.5443	147.3687	180.8329	175.7226	-5.1102	-2.9081	398.5234	369.1736	-29.3498	-7.9501	196.1440	3.3986	397.8150	0.5967	nan	175.5780	326.8861	88.5841	92.7988	82.2043	42.8047	70.8853	0.6225	393.0295	-23.8560	-6.4620	100.0822	7.2221	0.1147	
13962.9437	13963.6667	0.7230	0.0052	0.2441	0.2549	0.2129	0.0313	12.8055	0.0243	0.0210	-3.1754	-2.2184	1.4313	-2.8350	0.4907	1.9812	1.9633	0.0179	0.9032	0.0000	-11.0489	152.1447	186.8700	174.3396	-12.5305	-7.1874	363.5518	401.2278	37.6760	9.3902	196.2650	3.6587	431.4033	0.6008	nan	174.6629	356.9573	88.9664	93.0052	82.7434	43.2893	71.2754	0.6707	426.3049	-25.0771	-6.2501	99.8149	7.9388	0.1232	
13966.4339	13964.3333	-2.1006	-0.0150	0.2599	0.2603	0.2453	0.0146	5.6019	0.0218	0.0203	-3.9562	-2.1349	1.8574	-2.9556	0.4035	1.9969	1.9800	0.0169	0.8481	0.0000	-8.9554	147.9101	181.5898	173.7833	-7.8064	-4.4921	440.5064	416.1922	-24.3142	-5.8421	196.4029	3.7803	446.9667	0.6020	nan	174.3065	380.0476	91.3154	93.1148	85.0282	43.7186	71.5825	0.6924	433.9711	-17.7789	-4.2718	99.6998	-0.8277	0.1301	
13962.0750	13965.2500	3.1750	0.0227	0.2728	0.2806	0.2611	0.0117	4.2821	0.0222	0.0217	-4.0855	-2.0831	1.9757	-2.9381	0.4701	2.0251	2.0138	0.0112	0.5542	0.0000	-8.2600	145.1894	178.1291	172.6352	-5.4938	-3.1823	454.5807	439.9250	-14.6557	-3.3314	196.5083	3.9675	472.0500	0.6055	nan	173.4776	398.8796	90.6725	93.1945	84.5017	44.1288	71.8683	0.7265	464.8251	-24.9001	-5.6601	99.5144	2.9608	0.1347	
13971.0869	13969.0000	-2.0869	-0.0149	0.2893	0.2942	0.2916	-0.0024	-0.8276	0.0221	0.0243	-4.0362	-1.8479	2.2038	-2.7342	0.5250	2.0739	2.0620	0.0119	0.5749	0.0000	-6.4613	144.3472	177.0244	170.6167	-6.4077	-3.7556	493.5875	475.7775	-17.8100	-3.7433	196.5340	4.2492	510.1975	0.6109	nan	172.2223	423.1228	88.9333	93.2536	82.9334	44.5499	72.1939	0.7763	502.0972	-26.3197	-5.5319	99.0678	12.6428	0.1395	
13967.8834	13963.2222	-4.6611	-0.0334	0.3052	0.3101	0.3291	-0.0238	-7.8127	0.0210	0.0227	-3.8702	-1.5162	2.6575	-2.8864	0.4961	2.0974	2.0857	0.0116	0.5548	0.0000	-8.4765	148.5204	182.2736	169.7286	-12.5450	-7.3912	616.1727	491.5167	-124.6561	-25.3615	196.5326	4.3759	526.7656	0.6125	nan	171.7319	446.3043	90.8011	93.3084	84.7251	44.9735	72.5282	0.7972	513.4294	-21.9128	-4.4582	98.8334	4.2219	0.1455	
13964.7415	13964.9091	0.1676	0.0012	0.3206	0.3249	0.3162	0.0045	1.3903	0.0220	0.0218	-4.2444	-1.7836	2.3947	-2.9905	0.5585	2.1251	2.1084	0.0167	0.7874	0.0000	-8.9157	148.3977	182.2305	168.6451	-13.5854	-8.0556	555.3347	508.6691	-46.6656	-9.1741	196.4962	4.5119	545.0327	0.6148	nan	171.1407	468.8994	92.1818	93.3282	86.0316	45.4206	72.8725	0.8194	534.3992	-25.7301	-5.0583	98.5418	-2.3883	0.1509	
13968.8207	13966.6667	-2.1540	-0.0154	0.3346	0.3441	0.3339	0.0007	0.1982	0.0214	0.0203	-3.3853	-1.4055	2.6104	-3.0736	0.5179	2.1876	2.1756	0.0120	0.5480	0.0000	-6.4953	144.7787	177.6794	166.4030	-11.2764	-6.7765	583.9150	541.3322	-42.5828	-7.8663	196.4011	4.7642	580.2344	0.6201	nan	169.8336	489.3163	90.3926	93.2954	84.3321	45.9006	73.2548	0.8586	566.6521	-25.3198	-4.6773	97.9800	7.2602	0.1529	
13967.7338	13971.2222	3.4885	0.0250	0.3501	0.3671	0.3760	-0.0259	-7.4021	0.0208	0.0205	-1.8997	-0.6897	3.1038	-3.0813	0.5635	2.2552	2.2414	0.0138	0.6114	0.0000	-4.3411	142.5029	174.9675	164.0697	-10.8978	-6.6422	672.9757	569.0967	-103.8791	-18.2533	196.2177	4.9779	610.3133	0.6248	nan	168.6520	512.2345	90.0083	93.2466	83.9297	46.3748	73.6948	0.8880	593.2314	-24.1347	-4.2409	97.2830	9.2078	0.1552	
13973.0018	13969.1250	-3.8768	-0.0278	0.3641	0.3749	0.3794	-0.0152	-4.1826	0.0217	0.0200	-3.1463	-1.1095	2.9345	-3.1392	0.6310	2.3079	2.2974	0.0106	0.4576	0.0000	-4.8705	149.7632	183.6241	162.4287	-21.1953	-13.0490	665.6640	586.7425	-78.9215	-13.4508	196.0998	5.1158	629.5162	0.6275	nan	167.7490	532.6576	90.7822	93.2053	84.6138	46.8958	74.1708	0.9037	614.9562	-28.2137	-4.8085	96.8284	4.0721	0.1578	
13968.6703	13971.2222	2.5519	0.0183	0.3793	0.4070	0.3524	0.0269	7.1020	0.0203	0.0219	-2.8113	-1.0692	2.9166	-3.0904	0.6692	2.3734	2.3676	0.0058	0.2452	0.0000	-2.8517	147.6990	181.4471	160.5820	-20.8651	-12.9934	658.1885	608.2822	-49.9063	-8.2045	196.1701	5.3079	653.4767	0.6276	nan	166.5647	554.9887	91.2386	93.0840	84.9285	47.3994	74.6513	0.9215	635.0769	-26.7947	-4.4050	96.4082	0.2972	0.1598	
13964.0418	13959.5556	-4.4862	-0.0321	0.3951	0.3404	0.3900	0.0051	1.2821	0.0205	0.0195	3.4508	0.9674	3.3639	-3.4728	0.5929	2.4838	2.4755	0.0084	0.3363	0.0000	6.2384	141.3764	173.5340	157.6751	-15.8589	-10.0579	733.8837	650.2267	-83.6571	-12.8658	196.3467	5.6335	700.1389	0.6330	nan	164.0631	577.5911	88.8288	92.8711	82.4963	47.9626	75.2138	0.9586	677.6462	-27.4196	-4.2169	96.1064	14.4669	0.1591	
13967.2464	13966.1111	-1.1353	-0.0081	0.4100	0.4765	0.3952	0.0148	3.6158	0.0185	0.0220	0.2936	0.0523	3.4618	-3.6621	0.6436	2.5443	2.5374	0.0069	0.2702	0.0000	-1.7692	134.5477	164.9098	156.8382	-8.0716	-5.1465	702.8867	669.5878	-33.2990	-4.9731	196.5020	5.7791	721.3144	0.6352	nan	162.9687	599.6363	89.5532	92.8288	83.1312	48.6113	75.8702	0.9688	702.3710	-32.7833	-4.8960	96.2384	8.7598	0.1611	
13756.8823	13762.3333	5.4510	0.0396	0.4237	0.4918	0.4164	0.0073	1.7253	0.0194	0.0205	5.6012	1.6194	3.4756	-3.6523	0.7036	2.6654	2.6565	0.0089	0.3338	0.0000	1.9807	131.5665	161.4561	154.8812	-6.5748	-4.2451	693.6917	679.9311	-13.7606	-2.0238	196.5043	5.8626	734.6267	0.6377	nan	161.6992	610.5776	89.8004	92.5547	83.1145	49.2472	76.5443	0.9509	719.6566	-39.7255	-5.8426	95.7836	2.0333	0.1590	
13245.6138	13253.5000	7.8862	0.0595	0.4411	0.4924	0.4720	-0.0309	-7.0057	0.0218	0.0211	3.6798	1.0310	3.5902	-3.7566	0.7662	2.6703	2.6721	-0.0018	-0.0681	0.0000	2.3939	139.4102	170.8016	154.3784	-16.4232	-10.6383	754.8014	679.8300	-74.9714	-11.0280	196.3777	5.8718	734.3588	0.6369	nan	161.6728	612.2323	90.0569	92.5747	83.3700	49.9374	77.2127	0.9521	707.7896	-27.9596	-4.1127	95.4882	-0.1542	0.1652	
12795.1895	12790.7778	-4.4117	-0.0345	0.4546	0.3297	0.4353	0.0192	4.2286	0.0206	0.0193	3.3506	0.9253	3.6176	-3.8437	0.6676	2.7007	2.6921	0.0086	0.3182	0.0000	6.8469	136.0974	166.9741	153.8313	-13.1428	-8.5436	746.5074	679.5444	-66.9630	-9.8541	196.1740	5.8740	734.5544	0.6375	nan	161.4572	608.8377	89.5952	92.5111	82.8856	50.6015	77.7548	0.9444	705.4971	-25.9527	-3.8191	95.2769	1.2262	0.1683	

Torque compensated Offset = 	0
Mean Torque Mainboard Error perc = 	1.9905723147317695


Step N. = 	3
Target Speed = 	11640

Speed Mainboard (rpm_M)	Speed TestBench (rpm_M)	Speed Error (rpm_M)	Speed Error %	Torque TestBench (Nm_M)	Torque Ref (Nm)	Torque MainBoard (Nm_M)	Torque MainBoard Error (Nm_M)	Torque MainBoard Error %	Flux Ref (V/rad/s)	Flux (V/rad/s)	Id * Iq (A^2)	Id (Apeak)	Iq (Apeak)	Id Rotor (Apeak)	Iq Rotor (Apeak)	IMotor Measured (Arms)	IMotor MainBoard (Arms)	IMotor Error (Arms)	IMotor Error %	Motor Current THD %	Vsdref (Vpeak)	Vsqref (Vpeak)	Vout MainBoard (Vrms)	Vout Measured (Vrms)	Vout Error (Vrms)	Vout Error %	Motor Power MainBoard (W)	Motor Power Measured (W)	Motor Power Error (W)	Motor Power Error %	Line Voltage (Vrms)	Line Current (Arms)	Line Power (W)	Line Power Factor	Bulk Ripple (V)	DC Bus Voltage (Vrms)	Motor Mechanical Power (W)	Motor Efficiency	Inverter Efficiency	Overall Efficiency	Temperature (deg C)	Estimated Temperature (deg C)	Motor cos-phi	Electrical Power Alpha-Beta [W]	Electrical Power Error [W]	Electrical Power Error [%]	Bus Voltage Usage [%]	Rotational Losses [W]	Kt [Nm/Arms]	
11636.2395	11634.8571	-1.3824	-0.0119	0.1856	0.1597	0.1488	0.0368	19.8248	0.0291	0.0282	-1.8468	-2.2128	0.8391	-2.4489	0.2921	1.7200	1.6579	0.0622	3.6147	0.0000	-8.0227	146.0061	179.1383	179.3493	0.2110	0.1177	209.3752	254.5729	45.1976	17.7543	196.2821	2.4395	278.6186	0.5818	nan	181.3234	226.0976	88.8106	91.3654	81.1424	41.2096	84.1476	0.4764	235.7072	18.8657	7.4107	98.9115	1.3183	0.1079	
11635.2348	11642.4444	7.2097	0.0619	0.2176	0.2122	0.1950	0.0225	10.3647	0.0279	0.0271	-2.5300	-2.1740	1.1634	-2.6036	0.3868	1.7560	1.7262	0.0298	1.6956	0.0000	-5.5476	139.5691	171.1478	177.7316	6.5837	3.7043	259.3703	291.2056	31.8352	10.9322	196.1754	2.7703	316.8778	0.5831	nan	179.1240	265.2420	91.0863	91.8981	83.7064	41.5951	84.5593	0.5387	294.7904	-3.5848	-1.2310	99.2228	-2.3850	0.1239	
11632.2855	11640.0000	7.7145	0.0663	0.2390	0.2405	0.2106	0.0284	11.8849	0.0280	0.0277	-2.7160	-2.1535	1.2716	-2.5716	0.3724	1.7950	1.7608	0.0342	1.9066	0.0000	-7.6789	139.9775	171.7223	176.1549	4.4325	2.5163	288.5507	326.0411	37.4905	11.4987	196.1402	3.0791	353.3622	0.5851	nan	178.0337	291.3264	89.3521	92.2681	82.4435	41.9797	84.9291	0.5953	327.6395	-1.5984	-0.4902	98.9451	5.0462	0.1331	
11640.0701	11639.4444	-0.6256	-0.0054	0.2601	0.2517	0.2488	0.0114	4.3673	0.0271	0.0264	-3.2272	-2.0612	1.5923	-2.5976	0.3740	1.8166	1.7994	0.0173	0.9503	0.0000	-8.1670	140.0770	171.9695	175.4414	3.4719	1.9789	357.6472	345.5500	-12.0972	-3.5009	196.2466	3.2540	373.5167	0.5849	nan	177.2307	317.0437	91.7508	92.5126	84.8810	42.3604	85.2670	0.6260	355.0666	-9.5166	-2.7541	98.9905	-1.9268	0.1432	
11640.6676	11637.0000	-3.6676	-0.0315	0.2782	0.2697	0.2616	0.0166	5.9797	0.0282	0.0274	-2.9702	-1.9836	1.5359	-2.5849	0.5070	1.8502	1.8225	0.0277	1.4946	0.0000	-8.9727	144.0433	176.8116	174.4348	-2.3768	-1.3626	357.7689	372.8338	15.0648	4.0406	196.5031	3.4865	402.1600	0.5870	nan	176.6847	339.0821	90.9473	92.7078	84.3152	42.7636	85.5742	0.6670	385.8505	-13.0168	-3.4913	98.7269	2.1336	0.1504	
11635.6632	11638.0000	2.3368	0.0201	0.2994	0.2980	0.2821	0.0172	5.7544	0.0263	0.0270	-3.4648	-1.9561	1.7978	-2.6834	0.5167	1.8878	1.8656	0.0222	1.1762	0.0000	-3.6837	134.0105	164.2436	173.0997	8.8562	5.1162	367.8061	400.1782	32.3720	8.0894	196.5008	3.7161	430.9991	0.5902	nan	175.7657	364.8427	91.1698	92.8490	84.6503	43.1609	85.8899	0.7070	408.5582	-8.3800	-2.0941	98.4834	2.3672	0.1586	
11642.7564	11638.2857	-4.4707	-0.0384	0.3197	0.3081	0.2826	0.0371	11.6161	0.0278	0.0268	-3.0556	-1.8598	1.7144	-2.6841	0.4634	1.9278	1.9050	0.0228	1.1832	0.0000	-9.4401	144.0054	176.7747	171.5529	-5.2218	-3.0439	398.8935	426.0929	27.1993	6.3834	196.2139	3.9337	458.3543	0.5938	nan	174.5810	389.6553	91.4479	92.9615	85.0113	43.5487	86.2116	0.7438	434.1403	-8.0474	-1.8886	98.2655	2.0019	0.1658	
11636.2375	11641.3333	5.0958	0.0438	0.3393	0.3343	0.3620	-0.0227	-6.6771	0.0269	0.0259	-3.6111	-1.6368	2.2614	-2.7382	0.5999	1.9700	1.9394	0.0306	1.5557	0.0000	-7.5567	142.8050	175.1622	170.1822	-4.9799	-2.9262	503.3439	451.9011	-51.4428	-11.3836	196.1330	4.1425	485.7289	0.5978	nan	173.5555	413.6747	91.5406	93.0357	85.1654	43.9109	86.5167	0.7782	463.7468	-11.8457	-2.6213	98.0568	2.2151	0.1722	
11633.7656	11639.4444	5.6788	0.0488	0.3602	0.3581	0.4132	-0.0530	-14.7192	0.0258	0.0260	-2.2396	-0.9388	2.8195	-2.7286	0.6043	2.0127	1.9904	0.0223	1.1058	0.0000	-4.8880	145.0457	177.8802	169.1504	-8.7298	-5.1609	625.0019	477.8833	-147.1186	-30.7855	196.3298	4.3449	513.3444	0.6018	nan	172.6152	439.0673	91.8780	93.0921	85.5312	44.3084	86.8590	0.8104	493.8473	-15.9639	-3.3406	97.9930	1.1687	0.1790	
11637.1367	11635.2500	-1.8867	-0.0162	0.3804	0.3753	0.4004	-0.0200	-5.2558	0.0265	0.0256	-2.4055	-1.1297	2.5932	-2.9363	0.6593	2.0619	2.0425	0.0194	0.9430	0.0000	-7.5844	146.4414	179.6152	168.0494	-11.5658	-6.8824	588.6993	505.0838	-83.6155	-16.5548	196.5274	4.5487	542.2563	0.6066	nan	171.8792	463.4642	91.7598	93.1448	85.4695	44.7329	87.2234	0.8416	521.3187	-16.2350	-3.2143	97.7719	2.0396	0.1845	
11637.1293	11638.5000	1.3707	0.0118	0.3992	0.3944	0.3928	0.0065	1.6244	0.0264	0.0261	-3.5088	-1.4270	2.4932	-2.9508	0.6399	2.1174	2.0944	0.0230	1.0868	0.0000	-4.2607	141.8737	173.8726	166.5828	-7.2898	-4.3761	539.0696	531.4375	-7.6321	-1.4361	196.4667	4.7468	570.3700	0.6116	nan	170.8336	486.5977	91.5625	93.1742	85.3126	45.1528	87.5896	0.8699	545.7742	-14.3367	-2.6977	97.5118	3.0331	0.1886	
11638.6951	11641.6667	2.9716	0.0255	0.4192	0.4126	0.4307	-0.0115	-2.7497	0.0250	0.0262	-2.0750	-0.8692	2.8831	-2.9742	0.6698	2.1928	2.1585	0.0343	1.5650	0.0000	-5.9291	140.4549	172.2740	164.6630	-7.6110	-4.6222	618.2330	559.4622	-58.7708	-10.5049	196.3124	4.9575	600.6900	0.6172	nan	169.8696	511.0788	91.3516	93.1366	85.0818	45.5645	88.0020	0.8946	569.0952	-9.6330	-1.7218	96.9357	3.4720	0.1912	
11636.3489	11634.7000	-1.6489	-0.0142	0.4411	0.4432	0.4542	-0.0131	-2.9772	0.0246	0.0258	-0.3651	-0.2616	3.1607	-3.0592	0.6802	2.3098	2.2656	0.0442	1.9134	0.0000	2.5754	133.5372	163.9023	161.6116	-2.2907	-1.4174	635.5468	589.3470	-46.1998	-7.8392	196.1442	5.2012	633.8090	0.6213	nan	168.4131	537.4297	91.1905	92.9850	84.7934	46.0851	88.5258	0.9115	603.1706	-13.8236	-2.3456	95.9620	1.9817	0.1910	
11633.5794	11632.5556	-1.0238	-0.0088	0.4596	0.4708	0.4350	0.0246	5.3526	0.0246	0.0222	-1.1938	-0.5140	3.0250	-3.3793	0.7182	2.4299	2.3808	0.0491	2.0216	0.0000	-1.5629	135.7414	166.3880	158.0912	-8.2967	-5.2481	623.8201	619.6433	-4.1768	-0.6741	196.1209	5.4126	667.7678	0.6291	nan	166.2335	559.8113	90.3443	92.7933	83.8334	46.6602	89.1641	0.9313	632.6584	-13.0151	-2.1004	95.1047	4.4451	0.1891	
11624.9418	11630.7500	5.8082	0.0499	0.4802	0.4410	0.4519	0.0284	5.9129	0.0248	0.0246	-0.4575	-0.3103	3.0682	-3.2751	0.8158	2.5754	2.5187	0.0567	2.2008	0.0000	-0.6591	138.4254	169.9505	155.1662	-14.7842	-9.5280	644.1725	653.1500	8.9775	1.3745	196.3225	5.6590	705.4550	0.6350	nan	164.1866	584.9297	89.5559	92.5857	82.9160	47.2781	89.8977	0.9436	667.5759	-14.4259	-2.2087	94.5104	5.8498	0.1865	
11603.0126	11561.2222	-41.7904	-0.3615	0.5007	0.6016	0.5072	-0.0065	-1.2996	0.0236	0.0253	5.5766	1.5620	3.5767	-3.6670	0.7805	2.7401	2.6677	0.0723	2.6395	0.0000	6.1611	126.6779	155.9787	153.1690	-2.8097	-1.8344	696.0785	679.4233	-16.6552	-2.4514	196.5161	5.8634	736.0267	0.6388	nan	161.9898	606.1517	89.2157	92.3096	82.3546	47.9853	90.7505	0.9346	703.3485	-23.9252	-3.5214	94.5563	2.4743	0.1827	
11418.6550	11179.7500	-238.9050	-2.1369	0.5202	0.5253	0.4790	0.0412	7.9251	0.0223	0.0245	5.7515	1.6134	3.5756	-3.8147	0.8308	2.7535	2.7339	0.0196	0.7129	0.0000	5.6444	126.4425	155.1454	153.0040	-2.1414	-1.3995	691.3741	679.1375	-12.2366	-1.8018	196.4882	5.8650	735.6325	0.6384	nan	161.5579	609.0558	89.6808	92.3202	82.7935	48.7386	91.7139	0.9307	712.6420	-33.5045	-4.9334	94.7054	-1.6230	0.1889	
10891.1576	10661.3333	-229.8242	-2.1557	0.5411	0.6999	0.5072	0.0339	6.2674	0.0237	0.0283	5.1197	1.4195	3.6217	-3.7984	0.8694	2.7775	2.7574	0.0201	0.7254	0.0000	6.3580	139.4887	171.2625	152.8334	-18.4291	-12.0583	770.4611	678.7122	-91.7489	-13.5181	196.3793	5.8727	735.3300	0.6376	nan	161.5538	604.1094	89.0083	92.3004	82.1550	49.4699	92.4450	0.9231	704.1643	-25.4521	-3.7501	94.6022	1.4341	0.1948	

Torque compensated Offset = 	0
Mean Torque Mainboard Error perc = 	3.5108735181799133


Step N. = 	4
Target Speed = 	9312

Speed Mainboard (rpm_M)	Speed TestBench (rpm_M)	Speed Error (rpm_M)	Speed Error %	Torque TestBench (Nm_M)	Torque Ref (Nm)	Torque MainBoard (Nm_M)	Torque MainBoard Error (Nm_M)	Torque MainBoard Error %	Flux Ref (V/rad/s)	Flux (V/rad/s)	Id * Iq (A^2)	Id (Apeak)	Iq (Apeak)	Id Rotor (Apeak)	Iq Rotor (Apeak)	IMotor Measured (Arms)	IMotor MainBoard (Arms)	IMotor Error (Arms)	IMotor Error %	Motor Current THD %	Vsdref (Vpeak)	Vsqref (Vpeak)	Vout MainBoard (Vrms)	Vout Measured (Vrms)	Vout Error (Vrms)	Vout Error %	Motor Power MainBoard (W)	Motor Power Measured (W)	Motor Power Error (W)	Motor Power Error %	Line Voltage (Vrms)	Line Current (Arms)	Line Power (W)	Line Power Factor	Bulk Ripple (V)	DC Bus Voltage (Vrms)	Motor Mechanical Power (W)	Motor Efficiency	Inverter Efficiency	Overall Efficiency	Temperature (deg C)	Estimated Temperature (deg C)	Motor cos-phi	Electrical Power Alpha-Beta [W]	Electrical Power Error [W]	Electrical Power Error [%]	Bus Voltage Usage [%]	Rotational Losses [W]	Kt [Nm/Arms]	
9307.2806	9310.0000	2.7194	0.0292	0.1819	0.1919	0.2113	-0.0294	-16.1672	0.0346	0.0365	-2.0630	-1.9739	1.0447	-2.0540	0.3729	1.4680	1.4560	0.0120	0.8169	0.0000	-4.9593	144.7856	177.4844	180.1690	2.6846	1.4900	241.7392	196.2200	-45.5192	-23.1980	196.4497	1.9035	217.2867	0.5809	nan	181.0463	177.3351	90.3830	90.2907	81.6072	40.7811	73.8796	0.4282	213.2403	-17.0203	-8.6741	99.5152	-0.8630	0.1239	
9304.2323	9309.5000	5.2677	0.0566	0.2233	0.2373	0.2304	-0.0072	-3.2073	0.0353	0.0358	-2.0978	-1.9017	1.1021	-2.1298	0.3462	1.5189	1.5092	0.0097	0.6364	0.0000	-4.0032	136.9981	168.0002	178.2875	10.2873	5.7701	236.1613	240.7625	4.6012	1.9111	196.2260	2.3120	263.8400	0.5816	nan	180.0136	217.6438	90.4040	91.2524	82.4954	41.0655	74.2021	0.5133	250.5898	-9.8273	-4.0817	99.0412	1.9546	0.1470	
9313.6707	9308.3333	-5.3374	-0.0573	0.2532	0.2515	0.2169	0.0363	14.3282	0.0367	0.0361	-1.8273	-1.8934	0.9635	-2.0929	0.4972	1.5536	1.5404	0.0132	0.8507	0.0000	-6.9038	145.2217	178.0947	177.1557	-0.9391	-0.5301	228.3778	268.8033	40.4255	15.0391	196.1561	2.5744	292.8456	0.5799	nan	179.3274	246.8327	91.8256	91.7900	84.2869	41.3568	74.4830	0.5639	281.3459	-12.5425	-4.6661	98.7890	-0.1994	0.1630	
9312.2806	9310.1250	-2.1556	-0.0232	0.2789	0.2819	0.2872	-0.0083	-2.9761	0.0350	0.0359	-2.4771	-1.8060	1.3740	-2.1396	0.5210	1.5930	1.5799	0.0131	0.8206	0.0000	-9.0174	143.4694	176.1261	175.8671	-0.2589	-0.1472	320.4721	297.2275	-23.2446	-7.8205	196.1519	2.8343	322.5763	0.5802	nan	178.3682	271.8906	91.4838	92.1412	84.2940	41.6395	74.7410	0.6125	311.4777	-14.2502	-4.7944	98.5978	2.0034	0.1751	
9313.0260	9313.6667	0.6407	0.0069	0.3076	0.3061	0.2885	0.0190	6.1845	0.0343	0.0326	-2.6159	-1.8780	1.4070	-2.4183	0.5060	1.6337	1.6233	0.0103	0.6320	0.0000	-4.9594	141.0872	172.9317	174.6508	1.7191	0.9843	311.4210	324.6889	13.2679	4.0863	196.2213	3.0812	351.3811	0.5812	nan	177.6266	299.9666	92.3860	92.4036	85.3680	41.9402	74.9982	0.6570	334.2276	-9.5388	-2.9378	98.3247	0.1524	0.1883	
9314.2751	9309.2222	-5.0528	-0.0543	0.3340	0.3330	0.3703	-0.0363	-10.8767	0.0330	0.0335	-2.8672	-1.5519	1.8831	-2.3648	0.5689	1.6798	1.6656	0.0142	0.8466	0.0000	-4.2424	138.1070	169.4616	173.3953	3.9337	2.2686	401.0530	353.7044	-47.3485	-13.3865	196.3898	3.3361	381.9278	0.5829	nan	176.7691	325.6031	92.0563	92.6102	85.2534	42.2536	75.2700	0.7011	365.9407	-12.2363	-3.4595	98.0914	2.0901	0.1988	
9308.2446	9307.2222	-1.0224	-0.0110	0.3617	0.3663	0.3198	0.0419	11.5874	0.0353	0.0306	-2.4630	-1.6572	1.5120	-2.6620	0.7139	1.7268	1.7127	0.0141	0.8168	0.0000	-6.1023	139.1039	170.5872	172.1928	1.6055	0.9324	327.2381	381.0411	53.8030	14.1200	196.5399	3.5729	410.7789	0.5850	nan	175.9764	352.4987	92.5090	92.7606	85.8120	42.5613	75.5566	0.7399	394.5162	-13.4751	-3.5364	97.8500	1.0226	0.2094	
9310.0509	9312.4444	2.3935	0.0257	0.3880	0.3909	0.3759	0.0121	3.1234	0.0344	0.0351	-2.9425	-1.6408	1.8067	-2.2891	0.6270	1.7806	1.7704	0.0101	0.5679	0.0000	-6.0359	137.1095	168.1029	170.7513	2.6484	1.5511	383.6720	409.4500	25.7780	6.2958	196.5479	3.8178	440.9600	0.5876	nan	174.9892	378.3763	92.4109	92.8542	85.8074	42.8795	75.8614	0.7775	420.0722	-10.6222	-2.5943	97.5782	1.7768	0.2179	
9306.0211	9313.7500	7.7289	0.0830	0.4145	0.4250	0.4166	-0.0021	-0.5087	0.0340	0.0327	-3.1615	-1.5523	2.0408	-2.5963	0.7053	1.8427	1.8356	0.0071	0.3855	0.0000	-7.6281	138.7874	170.2481	169.1845	-1.0636	-0.6287	442.0170	439.5475	-2.4695	-0.5618	196.5032	4.0697	473.0300	0.5915	nan	173.8156	404.2756	91.9754	92.9217	85.4650	43.2149	76.1866	0.8140	451.2554	-11.7079	-2.6636	97.3356	3.8506	0.2249	
9313.4736	9307.0000	-6.4736	-0.0696	0.4427	0.4402	0.4331	0.0097	2.1825	0.0317	0.0341	-2.9166	-1.3248	2.3071	-2.3997	0.6899	1.9033	1.8942	0.0091	0.4764	0.0000	-3.0433	136.6825	167.6611	167.7579	0.0967	0.0577	477.5155	466.4514	-11.0640	-2.3720	196.4131	4.2944	501.7200	0.5948	nan	172.7457	431.4813	92.5030	92.9705	86.0005	43.5571	76.5378	0.8434	477.5239	-11.0725	-2.3738	97.1126	1.4037	0.2326	
9312.8380	9311.5556	-1.2824	-0.0138	0.4687	0.4672	0.5112	-0.0425	-9.0663	0.0305	0.0324	-1.0994	-0.5291	2.9381	-2.6201	0.7855	1.9740	1.9706	0.0035	0.1767	0.0000	-4.2093	139.1702	170.8828	166.2512	-4.6316	-2.7859	616.3215	495.2022	-121.1193	-24.4585	196.2988	4.5295	532.4844	0.5989	nan	171.6709	456.9987	92.2854	92.9984	85.8239	43.9106	76.9268	0.8712	512.0749	-16.8727	-3.4072	96.8430	2.0448	0.2374	
9315.3842	9314.9091	-0.4751	-0.0051	0.4981	0.4923	0.5085	-0.0104	-2.0954	0.0324	0.0339	-2.1160	-0.9119	2.6598	-2.7431	0.7774	2.0598	2.0523	0.0076	0.3668	0.0000	-6.2590	139.2994	170.7875	164.6415	-6.1459	-3.7329	567.3947	526.5655	-40.8293	-7.7539	196.1446	4.7780	566.2018	0.6042	nan	170.4644	485.8652	92.2707	92.9996	85.8114	44.3400	77.3997	0.8964	537.1996	-10.6341	-2.0195	96.5841	1.2632	0.2418	
9315.7901	9310.5556	-5.2345	-0.0562	0.5228	0.5173	0.5072	0.0156	2.9783	0.0298	0.0332	-1.3522	-0.6032	2.8588	-2.6385	0.8522	2.1462	2.1387	0.0075	0.3492	0.0000	2.2286	131.9851	161.9574	163.3994	1.4420	0.8825	564.3418	555.0822	-9.2595	-1.6681	196.1380	4.9925	596.8733	0.6095	nan	169.5008	509.7077	91.8256	92.9983	85.3963	44.8142	77.9128	0.9139	566.5582	-11.4760	-2.0674	96.4004	2.4803	0.2436	
9314.0840	9305.5556	-8.5284	-0.0916	0.5514	0.5817	0.5479	0.0035	0.6404	0.0306	0.0306	1.5642	0.3753	3.1308	-3.2020	0.8611	2.3028	2.2981	0.0046	0.2006	0.0000	-4.0058	141.5838	173.4825	159.7800	-13.7025	-8.5758	666.1719	590.1867	-75.9852	-12.8748	196.2810	5.2707	636.2200	0.6150	nan	167.3347	537.3691	91.0516	92.7646	84.4637	45.3280	78.5265	0.9261	606.7085	-16.5219	-2.7994	95.4853	3.3361	0.2395	
9309.7386	9312.8889	3.1503	0.0338	0.5782	0.6609	0.5841	-0.0059	-1.0242	0.0330	0.0331	-0.4762	-0.3241	2.9179	-2.8698	1.0194	2.4801	2.4711	0.0090	0.3613	0.0000	-3.0934	140.7184	172.4955	156.5690	-15.9265	-10.1722	618.4749	624.3033	5.8285	0.9336	196.3904	5.4912	674.3911	0.6254	nan	165.4251	563.9074	90.3263	92.5729	83.6177	45.8833	79.3257	0.9283	642.5330	-18.2297	-2.9200	94.6465	2.8753	0.2331	
9312.2769	9306.5000	-5.7769	-0.0621	0.6053	0.6205	0.5940	0.0113	1.8606	0.0296	0.0272	1.3485	0.3616	3.2692	-3.6298	1.1072	2.6725	2.6524	0.0201	0.7517	0.0000	-0.4700	143.1461	175.4343	153.9595	-21.4748	-13.9483	710.1493	661.7900	-48.3593	-7.3073	196.4790	5.7335	716.2975	0.6359	nan	163.1716	589.8605	89.1318	92.3906	82.3496	46.5514	80.2993	0.9286	680.8028	-19.0128	-2.8729	94.3543	4.9602	0.2265	
8996.0116	9006.6250	10.6134	0.1178	0.6336	0.6165	0.6600	-0.0264	-4.1654	0.0304	0.0284	6.0731	1.6530	3.6697	-4.1752	1.0185	2.8379	2.8262	0.0117	0.4121	0.0000	1.1249	121.4817	148.9322	152.2561	3.3240	2.1831	674.3548	676.8038	2.4490	0.3618	196.5104	5.8676	734.6250	0.6371	nan	161.5121	597.6089	88.2986	92.1292	81.3488	47.3331	81.3742	0.9043	706.1277	-29.3240	-4.3327	94.2692	3.4469	0.2233	
8622.6137	8635.0000	12.3863	0.1434	0.6610	0.5878	0.6326	0.0284	4.3041	0.0285	0.0284	6.3523	1.7118	3.6951	-3.9874	0.9561	2.8772	2.8728	0.0044	0.1529	0.0000	7.4777	116.3239	142.8466	152.3270	9.4804	6.2237	667.1299	679.3000	12.1701	1.7916	196.5118	5.8712	737.4100	0.6391	nan	161.6443	597.7098	87.9892	92.1197	81.0554	48.1508	82.3103	0.8949	704.0642	-24.7642	-3.6455	94.2359	3.4790	0.2297	

Torque compensated Offset = 	0
Mean Torque Mainboard Error perc = 	-0.16099817172864384


Step N. = 	5
Target Speed = 	6984

Speed Mainboard (rpm_M)	Speed TestBench (rpm_M)	Speed Error (rpm_M)	Speed Error %	Torque TestBench (Nm_M)	Torque Ref (Nm)	Torque MainBoard (Nm_M)	Torque MainBoard Error (Nm_M)	Torque MainBoard Error %	Flux Ref (V/rad/s)	Flux (V/rad/s)	Id * Iq (A^2)	Id (Apeak)	Iq (Apeak)	Id Rotor (Apeak)	Iq Rotor (Apeak)	IMotor Measured (Arms)	IMotor MainBoard (Arms)	IMotor Error (Arms)	IMotor Error %	Motor Current THD %	Vsdref (Vpeak)	Vsqref (Vpeak)	Vout MainBoard (Vrms)	Vout Measured (Vrms)	Vout Error (Vrms)	Vout Error %	Motor Power MainBoard (W)	Motor Power Measured (W)	Motor Power Error (W)	Motor Power Error %	Line Voltage (Vrms)	Line Current (Arms)	Line Power (W)	Line Power Factor	Bulk Ripple (V)	DC Bus Voltage (Vrms)	Motor Mechanical Power (W)	Motor Efficiency	Inverter Efficiency	Overall Efficiency	Temperature (deg C)	Estimated Temperature (deg C)	Motor cos-phi	Electrical Power Alpha-Beta [W]	Electrical Power Error [W]	Electrical Power Error [%]	Bus Voltage Usage [%]	Rotational Losses [W]	Kt [Nm/Arms]	
6980.3000	6981.2500	0.9500	0.0136	0.1772	0.1014	0.0967	0.0805	45.4429	0.0502	0.0503	-0.4389	-1.3750	0.3169	-1.3988	0.2278	1.0718	0.9713	0.1005	9.3741	0.0000	-2.7332	144.9548	177.6055	179.9570	2.3515	1.3067	74.2175	139.6375	65.4200	46.8499	196.3015	1.3634	156.7925	0.5857	nan	184.7689	129.5849	92.8080	89.0346	82.6308	40.7078	70.4041	0.4177	83.3279	56.3096	40.3255	97.3957	-0.4710	0.1654	
6985.1750	6983.0000	-2.1750	-0.0311	0.2360	0.1988	0.2068	0.0292	12.3862	0.0489	0.0485	-0.9885	-1.3908	0.7123	-1.5703	0.3474	1.1371	1.0832	0.0539	4.7388	0.0000	-6.3287	142.0465	174.1775	178.6530	4.4755	2.5051	165.0519	187.3478	22.2958	11.9008	196.3648	1.8037	206.8044	0.5839	nan	181.4582	172.5771	92.1132	90.5905	83.4462	40.7963	70.5752	0.5324	163.8846	23.4632	12.5239	98.4542	2.9222	0.2075	
6978.8929	6984.3333	5.4404	0.0779	0.2768	0.2542	0.2503	0.0265	9.5688	0.0474	0.0484	-1.2423	-1.3920	0.8881	-1.5601	0.4856	1.1805	1.1318	0.0487	4.1240	0.0000	-2.9076	139.9612	171.5504	178.0471	6.4967	3.6489	191.9059	216.4744	24.5686	11.3494	196.4617	2.0848	236.7933	0.5781	nan	181.3062	202.4345	93.5153	91.4189	85.4905	40.8920	70.7676	0.5946	199.8321	16.6423	7.6879	98.2026	1.2637	0.2345	
6982.8642	6982.6667	-0.1975	-0.0028	0.3151	0.2867	0.2667	0.0484	15.3685	0.0480	0.0458	-1.2258	-1.3293	0.9195	-1.7529	0.4746	1.2390	1.1727	0.0664	5.3580	0.0000	-3.3979	144.3088	176.8456	176.7992	-0.0464	-0.0263	205.6352	249.4089	43.7737	17.5510	196.5653	2.3884	271.2211	0.5777	nan	180.8803	230.4164	92.3851	91.9576	84.9551	41.0406	70.9450	0.6573	229.1042	20.3047	8.1411	97.7441	4.9100	0.2543	
6988.4199	6983.2222	-5.1976	-0.0744	0.3549	0.3211	0.3413	0.0136	3.8211	0.0468	0.0468	-1.6981	-1.3690	1.2442	-1.7100	0.5960	1.2924	1.2306	0.0617	4.7779	0.0000	-0.4630	140.2905	171.8627	175.5896	3.7269	2.1225	262.5427	276.5589	14.0162	5.0681	196.5700	2.6394	299.5778	0.5774	nan	180.0101	259.5235	93.8405	92.3161	86.6299	41.1882	71.1323	0.7036	260.4444	16.1145	5.8268	97.5444	1.7053	0.2746	
6981.2495	6982.0000	0.7505	0.0107	0.3939	0.3670	0.3662	0.0277	7.0271	0.0479	0.0471	-1.5966	-1.2524	1.2883	-1.6880	0.6923	1.3599	1.2857	0.0742	5.4544	0.0000	-5.2504	143.7448	176.2519	173.9429	-2.3090	-1.3275	288.9206	307.5150	18.5944	6.0467	196.4630	2.9195	332.2525	0.5793	nan	179.0173	287.9831	93.6487	92.5546	86.6760	41.3678	71.3343	0.7506	293.1981	14.3169	4.6557	97.1658	2.5467	0.2896	
6981.7445	6982.5556	0.8111	0.0116	0.4346	0.4086	0.3995	0.0350	8.0635	0.0461	0.0463	-1.8725	-1.2943	1.4491	-1.8063	0.7132	1.4320	1.3587	0.0733	5.1186	0.0000	-6.0385	134.7003	165.1823	172.2422	7.0600	4.0989	303.9239	338.4800	34.5561	10.2092	196.3420	3.1989	364.9978	0.5811	nan	177.7344	317.7522	93.8764	92.7348	87.0561	41.5910	71.5655	0.7923	319.9464	18.5336	5.4755	96.9106	1.8753	0.3035	
6982.4737	6983.8889	1.4152	0.0203	0.4733	0.4434	0.4275	0.0458	9.6742	0.0462	0.0464	-1.9954	-1.2806	1.5483	-1.7946	0.7694	1.5087	1.4307	0.0780	5.1689	0.0000	-3.3545	137.1089	168.1945	170.5603	2.3658	1.3871	323.7000	369.4300	45.7300	12.3785	196.2972	3.4725	397.8556	0.5837	nan	176.6964	346.1729	93.7045	92.8553	87.0096	41.8075	71.8224	0.8289	349.2737	20.1563	5.4561	96.5280	2.3134	0.3137	
6984.4727	6984.0000	-0.4727	-0.0068	0.5120	0.4818	0.5137	-0.0017	-0.3299	0.0428	0.0479	-2.2694	-1.1369	2.0092	-1.7672	0.8612	1.5877	1.5143	0.0734	4.6244	0.0000	0.8009	134.3729	164.8110	168.9951	4.1841	2.4759	403.7494	399.6622	-4.0872	-1.0227	196.3150	3.7383	430.1078	0.5861	nan	175.4514	374.4577	93.6935	92.9214	87.0613	42.0772	72.1038	0.8600	384.2203	15.4420	3.8638	96.3210	1.9840	0.3225	
6982.1155	6984.2500	2.1345	0.0306	0.5515	0.5183	0.5095	0.0420	7.6242	0.0438	0.0478	-2.1926	-1.1314	1.9460	-1.7270	0.8770	1.6757	1.5804	0.0953	5.6854	0.0000	-1.5851	128.5559	157.7388	167.3647	9.6259	5.7515	374.8381	431.2475	56.4094	13.0805	196.3388	4.0116	463.9325	0.5890	nan	174.4906	403.3609	93.5338	92.9548	86.9441	42.3472	72.4121	0.8878	408.5311	22.7164	5.2676	95.9165	1.9942	0.3291	
6985.9858	6984.2500	-1.7358	-0.0249	0.5897	0.5550	0.5267	0.0631	10.6991	0.0454	0.0454	-2.0058	-1.0371	1.9871	-2.1041	0.8897	1.7707	1.6787	0.0920	5.1965	0.0000	-3.4667	138.6040	169.8094	165.7404	-4.0690	-2.4551	419.6348	463.0275	43.3927	9.3715	196.3135	4.2832	498.1375	0.5924	nan	173.2879	431.3370	93.1558	92.9517	86.5899	42.6544	72.7581	0.9109	441.0185	22.0090	4.7533	95.6449	2.7427	0.3331	
6977.7012	6985.1111	7.4099	0.1061	0.6276	0.6035	0.5856	0.0419	6.6832	0.0448	0.0425	-1.5623	-0.7999	2.2416	-2.4429	1.0925	1.8761	1.7723	0.1037	5.5297	0.0000	-6.5132	139.6497	171.2631	164.0552	-7.2079	-4.3936	478.9249	495.4611	16.5362	3.3375	196.2194	4.5576	533.1889	0.5962	nan	172.0776	459.0439	92.6499	92.9241	86.0941	43.0201	73.1576	0.9294	479.7079	15.7532	3.1795	95.3383	3.8750	0.3345	
6977.9731	6986.1111	8.1380	0.1165	0.6684	0.6435	0.6156	0.0529	7.9130	0.0443	0.0406	-1.2804	-0.6473	2.3625	-2.6073	1.0665	1.9893	1.8861	0.1032	5.1862	0.0000	-2.3981	135.4245	166.2799	162.4979	-3.7820	-2.3274	480.3356	527.7600	47.4244	8.9860	196.1332	4.8225	568.1889	0.6007	nan	170.7798	489.0230	92.6602	92.8846	86.0671	43.4033	73.6063	0.9426	513.8267	13.9333	2.6401	95.1512	2.0907	0.3360	
6978.4779	6981.3636	2.8857	0.0413	0.7067	0.6878	0.7029	0.0038	0.5439	0.0426	0.0390	0.1814	-0.1259	2.8716	-2.9219	1.1441	2.1280	2.0252	0.1027	4.8283	0.0000	-5.1197	138.2206	169.4625	160.9318	-8.5306	-5.3008	602.2921	562.5591	-39.7330	-7.0629	196.1198	5.0936	606.0109	0.6066	nan	169.4246	516.6786	91.8445	92.8299	85.2591	43.8984	74.1647	0.9484	551.5512	11.0079	1.9568	94.9883	3.8651	0.3321	
6977.0858	6981.5000	4.4142	0.0632	0.7450	0.7118	0.6291	0.1159	15.5508	0.0460	0.0367	-1.6737	-0.7433	2.2564	-2.9992	1.3215	2.3793	2.1436	0.2358	9.9092	0.0000	-5.1001	143.5272	175.9016	156.9820	-18.9196	-12.0521	491.4686	601.3775	109.9089	18.2762	196.2572	5.3544	649.9300	0.6185	nan	168.5846	544.6700	90.5708	92.5296	83.8048	44.4639	74.8019	0.9296	580.5440	20.8335	3.4643	93.1179	4.0615	0.3131	
6983.8107	6979.2222	-4.5885	-0.0657	0.7847	0.8149	0.7729	0.0118	1.5045	0.0405	0.0421	1.8874	0.4886	3.2987	-2.7357	1.1447	2.6489	2.3842	0.2646	9.9905	0.0000	-0.5411	137.3625	168.4814	153.8502	-14.6312	-9.5100	682.7833	644.6344	-38.1488	-5.9179	196.4251	5.6497	698.5300	0.6295	nan	166.0567	573.4832	88.9635	92.2845	82.0997	45.1287	75.6896	0.9133	618.6314	26.0030	4.0338	92.6495	5.7298	0.2962	
6974.4295	6835.7500	-138.6795	-2.0287	0.8247	0.9112	0.8047	0.0201	2.4344	0.0369	0.0400	7.3352	2.0383	3.6071	-3.2502	1.3294	3.0008	2.6609	0.3399	11.3263	0.0000	5.4688	127.1070	156.1627	151.7403	-4.4224	-2.9145	704.5494	682.5875	-21.9619	-3.2174	196.5080	5.8914	743.1450	0.6419	nan	163.8048	590.3873	86.4927	91.8512	79.4445	46.0034	76.8839	0.8655	673.1128	9.4747	1.3881	92.6354	7.9478	0.2748	
6821.5415	6492.0000	-329.5415	-5.0761	0.8671	0.8650	0.8315	0.0356	4.1026	0.0384	0.0389	8.1871	2.2551	3.6394	-3.9414	1.2773	3.0245	2.9980	0.0265	0.8776	0.0000	8.0106	117.8950	145.0906	151.6747	6.5840	4.3409	673.0206	683.3156	10.2950	1.5066	196.4744	5.8990	743.7811	0.6417	nan	161.4182	589.4970	86.2702	91.8705	79.2569	47.0250	78.4552	0.8600	703.2171	-19.9015	-2.9125	93.9638	7.8833	0.2867	

Torque compensated Offset = 	0
Mean Torque Mainboard Error perc = 	9.3376614403066


Step N. = 	6
Target Speed = 	4190

Speed Mainboard (rpm_M)	Speed TestBench (rpm_M)	Speed Error (rpm_M)	Speed Error %	Torque TestBench (Nm_M)	Torque Ref (Nm)	Torque MainBoard (Nm_M)	Torque MainBoard Error (Nm_M)	Torque MainBoard Error %	Flux Ref (V/rad/s)	Flux (V/rad/s)	Id * Iq (A^2)	Id (Apeak)	Iq (Apeak)	Id Rotor (Apeak)	Iq Rotor (Apeak)	IMotor Measured (Arms)	IMotor MainBoard (Arms)	IMotor Error (Arms)	IMotor Error %	Motor Current THD %	Vsdref (Vpeak)	Vsqref (Vpeak)	Vout MainBoard (Vrms)	Vout Measured (Vrms)	Vout Error (Vrms)	Vout Error %	Motor Power MainBoard (W)	Motor Power Measured (W)	Motor Power Error (W)	Motor Power Error %	Line Voltage (Vrms)	Line Current (Arms)	Line Power (W)	Line Power Factor	Bulk Ripple (V)	DC Bus Voltage (Vrms)	Motor Mechanical Power (W)	Motor Efficiency	Inverter Efficiency	Overall Efficiency	Temperature (deg C)	Estimated Temperature (deg C)	Motor cos-phi	Electrical Power Alpha-Beta [W]	Electrical Power Error [W]	Electrical Power Error [%]	Bus Voltage Usage [%]	Rotational Losses [W]	Kt [Nm/Arms]	
4185.6291	4187.3750	1.7459	0.0417	0.1738	0.1437	0.1337	0.0400	23.0391	0.0834	0.0841	0.0254	0.1007	0.2766	0.1349	0.2828	0.2745	0.2157	0.0588	21.4163	0.0000	0.0479	143.2201	175.4791	178.9116	3.4325	1.9185	59.5888	81.2175	21.6287	26.6306	196.6210	0.7951	91.7088	0.5864	nan	184.0880	76.1883	93.9368	88.5313	83.1593	40.0291	77.5223	0.9540	62.9626	18.2549	22.4766	97.1899	4.3408	0.6330	
4189.7056	4190.2222	0.5166	0.0123	0.2700	0.2600	0.2826	-0.0126	-4.6534	0.0802	0.0807	-0.0140	-0.0249	0.5932	-0.1346	0.5131	0.4221	0.3730	0.0491	11.6290	0.0000	-1.6691	140.0465	171.5386	177.0331	5.4945	3.1037	124.4631	126.8556	2.3925	1.8860	196.5186	1.2105	140.5767	0.5910	nan	181.5801	118.4759	93.3950	90.2381	84.2778	40.0131	77.4292	0.9800	119.4137	7.4418	5.8664	97.4961	6.7519	0.6396	
4192.4630	4191.2222	-1.2408	-0.0296	0.3440	0.3329	0.3556	-0.0116	-3.3650	0.0802	0.0811	0.0188	0.0322	0.7481	-0.0885	0.7479	0.5360	0.4958	0.0402	7.4999	0.0000	1.1238	140.5351	172.1765	176.4468	4.2703	2.4202	157.7897	160.7767	2.9870	1.8578	196.3989	1.5364	176.1178	0.5837	nan	181.3961	150.9828	93.9097	91.2888	85.7287	40.0346	77.4177	0.9815	155.9580	4.8187	2.9971	97.2717	7.1695	0.6418	
4185.4838	4189.5714	4.0876	0.0976	0.4193	0.4288	0.4504	-0.0311	-7.4259	0.0802	0.0815	0.0404	0.0487	0.9596	-0.1392	0.8532	0.6511	0.6193	0.0317	4.8761	0.0000	2.1152	141.5161	173.4207	175.5250	2.1043	1.1989	204.6761	194.3371	-10.3390	-5.3201	196.3454	1.8516	211.4400	0.5816	nan	180.9099	183.9537	94.6577	91.9110	87.0008	40.0817	77.4589	0.9818	190.7138	3.6233	1.8645	97.0235	6.5100	0.6440	
4183.2250	4187.3333	4.1084	0.0981	0.4904	0.5078	0.4751	0.0154	3.1335	0.0805	0.0778	0.0113	0.0356	0.9933	-0.4536	0.9686	0.7705	0.7335	0.0369	4.7916	0.0000	-2.1393	139.3595	170.7133	174.4133	3.7000	2.1214	206.5588	228.3767	21.8179	9.5535	196.3363	2.1662	247.3411	0.5816	nan	180.2506	215.0581	94.1681	92.3327	86.9479	40.1454	77.5452	0.9812	224.1877	4.1890	1.8343	96.7620	7.8932	0.6366	
4183.9949	4187.7500	3.7551	0.0897	0.5637	0.5861	0.5636	0.0001	0.0236	0.0778	0.0800	0.0309	0.0376	1.2229	-0.2788	1.1162	0.8909	0.8685	0.0224	2.5178	0.0000	-0.9851	137.3422	168.4771	173.1360	4.6589	2.6909	249.5687	261.8000	12.2313	4.6720	196.3025	2.4736	282.6325	0.5821	nan	179.1417	247.2272	94.4336	92.6291	87.4729	40.2652	77.6816	0.9799	261.6603	0.1397	0.0534	96.6475	7.3147	0.6328	
4188.0481	4186.8889	-1.1592	-0.0277	0.6373	0.6383	0.6903	-0.0530	-8.3109	0.0733	0.0781	0.0002	0.0047	1.5624	-0.5070	1.2749	1.0159	0.9777	0.0383	3.7681	0.0000	7.9081	133.8773	164.6337	171.6918	7.0580	4.1109	312.8774	295.7978	-17.0796	-5.7741	196.2630	2.7801	318.7267	0.5842	nan	178.1473	279.4389	94.4695	92.8061	87.6735	40.3856	77.8526	0.9791	295.0023	0.7955	0.2689	96.3768	6.9161	0.6273	
4193.2397	4189.3333	-3.9064	-0.0932	0.7104	0.6980	0.6496	0.0609	8.5707	0.0810	0.0751	0.0799	0.0600	1.3704	-0.8371	1.3666	1.1477	1.1130	0.0346	3.0189	0.0000	-2.6638	145.9025	178.7270	170.1259	-8.6011	-5.0557	299.7403	330.3500	30.6097	9.2658	196.2409	3.0872	355.5522	0.5869	nan	176.7529	311.6759	94.3471	92.9118	87.6596	40.5738	78.0777	0.9769	327.8328	2.5172	0.7620	96.2508	6.6152	0.6190	
4177.6249	4189.4444	11.8196	0.2821	0.7840	0.8157	0.8552	-0.0712	-9.0853	0.0748	0.0775	0.3054	0.1526	1.9353	-0.8869	1.5107	1.2855	1.2540	0.0315	2.4481	0.0000	2.9707	135.7371	166.6075	168.5560	1.9485	1.1560	394.5012	365.4944	-29.0067	-7.9363	196.2259	3.3957	393.1733	0.5901	nan	175.4075	343.9545	94.1066	92.9601	87.4817	40.7502	78.3541	0.9739	367.3344	-1.8399	-0.5034	96.0941	6.3995	0.6099	
4196.4189	4190.0000	-6.4189	-0.1532	0.8569	0.8377	0.8950	-0.0382	-4.4541	0.0687	0.0743	0.5013	0.2290	2.2553	-1.0336	1.6103	1.4301	1.4140	0.0160	1.1216	0.0000	-0.0112	143.8317	176.1716	166.9133	-9.2583	-5.5468	490.3861	401.1171	-89.2690	-22.2551	196.2051	3.7065	431.4843	0.5933	nan	173.9767	375.9683	93.7303	92.9622	87.1337	40.9996	78.6758	0.9702	403.8385	-2.7213	-0.6784	95.9401	6.3921	0.5992	
4179.5839	4192.2500	12.6661	0.3021	0.9298	0.9599	0.9308	-0.0011	-0.1173	0.0698	0.0715	0.3386	0.1843	2.2254	-1.2382	1.8122	1.5880	1.5464	0.0415	2.6149	0.0000	4.2296	132.1847	162.4984	165.0242	2.5258	1.5306	440.7498	437.8775	-2.8723	-0.6560	196.1815	4.0248	471.3250	0.5969	nan	172.7038	408.1706	93.2157	92.9035	86.6007	41.3165	79.0784	0.9647	437.1488	0.7287	0.1664	95.5538	6.5508	0.5855	
4190.0620	4192.4444	2.3824	0.0568	1.0033	1.0021	1.0358	-0.0324	-3.2311	0.0653	0.0716	1.3611	0.4983	2.6696	-1.2403	1.8278	1.7584	1.7222	0.0362	2.0615	0.0000	10.1079	132.4336	163.0617	162.9162	-0.1455	-0.0893	540.0124	474.8467	-65.1657	-13.7235	196.1619	4.3460	511.6367	0.6001	nan	171.2218	440.4952	92.7658	92.8094	86.0953	41.6610	79.5698	0.9570	477.6118	-2.7651	-0.5823	95.1493	5.9167	0.5706	
4186.0935	4189.6667	3.5732	0.0853	1.0763	1.0936	1.0402	0.0362	3.3609	0.0687	0.0703	1.4696	0.5828	2.5352	-1.6282	1.9465	1.9551	1.9258	0.0292	1.4957	0.0000	-4.7025	129.1525	158.2985	160.4969	2.1984	1.3698	487.3282	513.3667	26.0385	5.0721	196.1323	4.6850	554.0189	0.6029	nan	169.7253	472.2313	91.9871	92.6623	85.2374	42.1102	80.1653	0.9446	512.6675	0.6991	0.1362	94.5628	5.9222	0.5505	
4192.1642	4189.1111	-3.0530	-0.0729	1.1487	1.1664	1.3045	-0.1558	-13.5649	0.0752	0.0719	3.8747	1.3092	2.8529	-1.6968	2.0264	2.2225	2.1994	0.0231	1.0379	0.0000	4.3790	135.3149	166.1765	157.0463	-9.1302	-5.8137	592.3627	556.4922	-35.8704	-6.4458	196.1057	5.0689	602.2033	0.6058	nan	168.2671	503.9002	90.5495	92.4094	83.6762	42.6809	80.9252	0.9205	568.4984	-12.0061	-2.1575	93.3316	6.9824	0.5168	
4186.3571	4184.6667	-1.6904	-0.0404	1.2228	1.2458	1.1460	0.0767	6.2757	0.0651	0.0570	3.9838	1.2287	2.9863	-3.1420	2.3488	2.6699	2.5484	0.1214	4.5488	0.0000	-7.8369	130.9752	160.9057	153.9988	-6.9070	-4.4851	565.7023	611.2767	45.5744	7.4556	196.1067	5.4933	665.4933	0.6178	nan	166.1670	535.8424	87.6615	91.8532	80.5200	43.3925	81.9867	0.8584	613.5629	-2.2863	-0.3740	92.6810	9.4285	0.4580	
4160.4692	4179.7500	19.2808	0.4613	1.2957	1.2571	1.2534	0.0423	3.2656	0.0584	0.0514	5.4480	1.5878	3.4333	-3.5973	2.3292	2.9663	2.9336	0.0327	1.1020	0.0000	3.3575	118.1939	144.9836	151.1510	6.1674	4.0803	618.7234	656.7413	38.0179	5.7889	196.1082	5.7880	716.1450	0.6309	nan	163.0029	567.1529	86.3588	91.7050	79.1954	44.3917	83.7023	0.8457	666.7140	-9.9727	-1.5185	92.7291	7.7866	0.4368	
4042.3075	4023.1111	-19.1964	-0.4772	1.3697	1.5135	1.3021	0.0675	4.9296	0.0609	0.0667	10.6207	2.9133	3.6659	-4.0351	2.2641	3.3513	3.2598	0.0915	2.7297	0.0000	7.9169	129.3014	159.2644	151.0970	-8.1674	-5.4054	751.3806	694.4378	-56.9428	-8.1998	196.1606	6.0579	761.0144	0.6404	nan	160.2350	577.0384	83.0945	91.2516	75.8252	45.6242	85.6003	0.7918	701.5599	-7.1221	-1.0256	94.3006	12.4748	0.4087	
3870.7585	3827.1111	-43.6474	-1.1405	1.4419	1.5365	1.3106	0.1313	9.1051	0.0624	0.0649	11.6363	3.2878	3.5800	-3.9992	2.5165	3.3450	3.3425	0.0026	0.0773	0.0000	3.0344	120.8812	148.5498	151.1711	2.6213	1.7340	657.7540	694.9567	37.2027	5.3532	196.1941	6.0917	761.0900	0.6368	nan	160.1186	577.8709	83.1527	91.3107	75.9273	47.0228	87.6630	0.7935	719.6373	-24.6807	-3.5514	94.4120	11.9734	0.4311	

Torque compensated Offset = 	0
Mean Torque Mainboard Error perc = 	0.4164339591002778


