Time	speed	torque	motor_current	motor_current_thd	motor_voltage	motor_power	line_voltage	line_current	line_power	motor_temperature	Test_Marker	BD_Target_Speed	BD_Target_Accel	BD_Update_Cmd	Mcl_Quantities.Speed_Rot_Mech	Mcl_Quantities.Torque	Mcl_Quantities.Torque_Ref	Mcl_Quantities.Stator_Flux_Mag	Mcl_Quantities.Flux_Ref	Mcl_Quantities.Id_stator_current	Mcl_Quantities.Iq_stator_current	Mcl_Quantities.Id_rotor_current	Rotor_Curr_Iq	Flux_Controller.Out	Torque_Controller.Out	DC_Bus_RMS	Mcl_Quantities.Electrical_Power	Mcl_Quantities.Stator_Temperature	Mcl_Quantities.Is_Abs	Mcl_Quantities.IsRMS	SR_Overheating_Temp	My_Measured_Temp
0.7379	0.0000	-0.0000	0.0230	0.0000	0.7560	-0.0200	230.8380	0.0000	1.7100	26.0387	NOT CONNECTED	NOT CONNECTED	NOT CONNECTED	NOT CONNECTED	NOT CONNECTED	NOT CONNECTED	NOT CONNECTED	NOT CONNECTED	NOT CONNECTED	NOT CONNECTED	NOT CONNECTED	NOT CONNECTED	NOT CONNECTED	NOT CONNECTED	NOT CONNECTED	NOT CONNECTED	NOT CONNECTED	NOT CONNECTED	NOT CONNECTED	NOT CONNECTED	NOT CONNECTED	NOT CONNECTED
1.4729	0.0000	-0.0000	0.0079	0.0000	0.0000	-0.0200	230.8370	0.0000	1.5200	26.0202	NOT CONNECTED	NOT CONNECTED	NOT CONNECTED	NOT CONNECTED	NOT CONNECTED	NOT CONNECTED	NOT CONNECTED	NOT CONNECTED	NOT CONNECTED	NOT CONNECTED	NOT CONNECTED	NOT CONNECTED	NOT CONNECTED	NOT CONNECTED	NOT CONNECTED	NOT CONNECTED	NOT CONNECTED	NOT CONNECTED	NOT CONNECTED	NOT CONNECTED	NOT CONNECTED	NOT CONNECTED
1.8122	0.0000	-0.0000	0.0079	0.0000	0.0000	-0.0200	230.8370	0.0000	1.5200	26.0202	NOT CONNECTED	0.0000	500.0000	0.0000	0.0000	0.0000	0.0000	0.0917	0.0522	-1.9048	0.2483	-1.9166	0.1283	0.0000	0.0000	321.1146	0.0000	25.7583	1.9209	0.0056	41.8647	25.7583
2.2059	0.0000	-0.0000	0.0079	0.0000	0.0000	-0.0200	230.8350	0.0000	1.5300	26.0279	NOT CONNECTED	0.0000	500.0000	0.0000	0.0000	0.0000	0.0000	0.0917	0.0522	-1.9048	0.2483	-1.9166	0.1283	0.0000	0.0000	321.1024	0.0000	25.7583	1.9209	0.0060	41.8461	25.7583
2.4337	0.0000	-0.0000	0.0079	0.0000	0.0000	-0.0200	230.8350	0.0000	1.5300	26.0279	NOT CONNECTED	0.0000	500.0000	0.0000	0.0000	0.0000	0.0000	0.0917	0.0522	-1.9048	0.2483	-1.9166	0.1283	0.0000	0.0000	321.1024	0.0000	25.7583	1.9209	0.0060	41.8461	25.7583
2.9481	0.0000	-0.0000	0.0079	0.0000	0.0000	-0.0200	230.8360	0.0000	1.5200	26.0354	NOT CONNECTED	0.0000	500.0000	0.0000	0.0000	0.0000	0.0000	0.0917	0.0522	-1.9048	0.2483	-1.9166	0.1283	0.0000	0.0000	321.1092	0.0000	25.7583	1.9209	0.0052	41.8461	25.7583
3.0388	0.0000	-0.0000	0.0079	0.0000	0.0000	-0.0200	230.8360	0.0000	1.5200	26.0354	NOT CONNECTED	0.0000	500.0000	0.0000	0.0000	0.0000	0.0000	0.0917	0.0522	-1.9048	0.2483	-1.9166	0.1283	0.0000	0.0000	321.1092	0.0000	25.7583	1.9209	0.0052	41.8461	25.7583
3.6606	0.0000	-0.0000	0.0079	0.0000	0.0000	-0.0200	230.8380	0.0000	1.5200	26.0550	NOT CONNECTED	0.0000	500.0000	0.0000	0.0000	0.0000	0.0000	0.0917	0.0522	-1.9048	0.2483	-1.9166	0.1283	0.0000	0.0000	321.0186	0.0000	25.7583	1.9209	0.0057	41.8276	25.7583
3.6880	0.0000	-0.0000	0.0079	0.0000	0.0000	-0.0200	230.8380	0.0000	1.5200	26.0550	NOT CONNECTED	0.0000	500.0000	0.0000	0.0000	0.0000	0.0000	0.0917	0.0522	-1.9048	0.2483	-1.9166	0.1283	0.0000	0.0000	321.0186	0.0000	25.7583	1.9209	0.0057	41.8276	25.7583
4.2823	0.0000	-0.0000	0.0079	0.0000	0.0000	-0.0200	230.8380	0.0000	1.5200	26.0520	NOT CONNECTED	0.0000	500.0000	0.0000	0.0000	0.0000	0.0000	0.0917	0.0522	-1.9048	0.2483	-1.9166	0.1283	0.0000	0.0000	321.0470	0.0000	25.7583	1.9209	0.0055	41.8276	25.7583
4.4175	0.0000	-0.0000	0.0079	0.0000	0.0000	-0.0200	230.8380	0.0000	1.5200	26.0520	NOT CONNECTED	0.0000	500.0000	0.0000	0.0000	0.0000	0.0000	0.0917	0.0522	-1.9048	0.2483	-1.9166	0.1283	0.0000	0.0000	321.0470	0.0000	25.7583	1.9209	0.0055	41.8276	25.7583
4.9036	0.0000	-0.0000	0.0078	0.0000	0.0000	-0.0200	230.8360	0.0000	1.5100	26.0373	NOT CONNECTED	0.0000	500.0000	0.0000	0.0000	0.0000	0.0000	0.0917	0.0522	-1.9048	0.2483	-1.9166	0.1283	0.0000	0.0000	321.1038	0.0000	25.7583	1.9209	0.0054	41.8093	25.7583
5.1486	0.0000	-0.0000	0.0078	0.0000	0.0000	-0.0200	230.8360	0.0000	1.5100	26.0373	NOT CONNECTED	0.0000	500.0000	0.0000	0.0000	0.0000	0.0000	0.0917	0.0522	-1.9048	0.2483	-1.9166	0.1283	0.0000	0.0000	321.1038	0.0000	25.7583	1.9209	0.0054	41.8093	25.7583
5.5250	0.0000	-0.0000	0.0078	0.0000	0.0000	-0.0200	230.8360	0.0000	1.5300	26.0384	NOT CONNECTED	0.0000	500.0000	0.0000	0.0000	0.0000	0.0000	0.0917	0.0522	-1.9048	0.2483	-1.9166	0.1283	0.0000	0.0000	321.1295	0.0000	25.7583	1.9209	0.0054	41.7912	25.7583
5.8828	0.0000	-0.0000	0.0078	0.0000	0.0000	-0.0200	230.8360	0.0000	1.5300	26.0384	NOT CONNECTED	0.0000	500.0000	0.0000	0.0000	0.0000	0.0000	0.0917	0.0522	-1.9048	0.2483	-1.9166	0.1283	0.0000	0.0000	321.0997	0.0000	25.7583	1.9209	0.0053	41.7912	25.7583
6.1465	0.0000	-0.0000	0.0078	0.0000	0.0000	-0.0200	230.8360	0.0000	1.5300	26.0384	NOT CONNECTED	0.0000	500.0000	0.0000	0.0000	0.0000	0.0000	0.0917	0.0522	-1.9048	0.2483	-1.9166	0.1283	0.0000	0.0000	321.0997	0.0000	25.7583	1.9209	0.0053	41.7912	25.7583
6.6172	0.0000	-0.0000	0.0078	0.0000	0.0000	-0.0200	230.8330	0.0000	1.5200	26.0314	NOT CONNECTED	0.0000	500.0000	0.0000	0.0000	0.0000	0.0000	0.0917	0.0522	-1.9048	0.2483	-1.9166	0.1283	0.0000	0.0000	321.0104	0.0000	25.7583	1.9209	0.0054	41.7733	25.7583
6.7519	0.0000	-0.0000	0.0078	0.0000	0.0000	-0.0200	230.8330	0.0000	1.5200	26.0314	NOT CONNECTED	0.0000	500.0000	0.0000	0.0000	0.0000	0.0000	0.0917	0.0522	-1.9048	0.2483	-1.9166	0.1283	0.0000	0.0000	321.0104	0.0000	25.7583	1.9209	0.0054	41.7733	25.7583
7.3538	0.0000	-0.0000	0.0078	0.0000	0.0000	-0.0200	230.8320	0.0000	1.5200	26.0345	NOT CONNECTED	0.0000	500.0000	0.0000	0.0000	0.0000	0.0000	0.0917	0.0522	-1.9048	0.2483	-1.9166	0.1283	0.0000	0.0000	321.0443	0.0000	25.7583	1.9209	0.0054	41.7556	25.7583
7.3895	0.0000	-0.0000	0.0078	0.0000	0.0000	-0.0200	230.8320	0.0000	1.5200	26.0345	NOT CONNECTED	0.0000	500.0000	0.0000	0.0000	0.0000	0.0000	0.0917	0.0522	-1.9048	0.2483	-1.9166	0.1283	0.0000	0.0000	321.0443	0.0000	25.7583	1.9209	0.0054	41.7556	25.7583
8.0111	0.0000	-0.0000	0.0078	0.0000	0.0000	-0.0200	230.8310	0.0000	1.5200	26.0160	NOT CONNECTED	0.0000	500.0000	0.0000	0.0000	0.0000	0.0000	0.0917	0.0522	-1.9048	0.2483	-1.9166	0.1283	0.0000	0.0000	321.0565	0.0000	25.7583	1.9209	0.0053	41.7556	25.7583
8.0824	0.0000	-0.0000	0.0078	0.0000	0.0000	-0.0200	230.8310	0.0000	1.5200	26.0160	NOT CONNECTED	0.0000	500.0000	0.0000	0.0000	0.0000	0.0000	0.0917	0.0522	-1.9048	0.2483	-1.9166	0.1283	0.0000	0.0000	321.0565	0.0000	25.7583	1.9209	0.0053	41.7556	25.7583
8.6484	0.0000	-0.0000	0.0078	0.0000	0.0000	-0.0200	230.8280	0.0000	1.5200	26.0445	NOT CONNECTED	0.0000	500.0000	0.0000	0.0000	0.0000	0.0000	0.0917	0.0522	-1.9048	0.2483	-1.9166	0.1283	0.0000	0.0000	321.0997	0.0000	25.7583	1.9209	0.0052	41.7380	25.7583
8.8198	0.0000	-0.0000	0.0078	0.0000	0.0000	-0.0200	230.8280	0.0000	1.5200	26.0445	NOT CONNECTED	0.0000	500.0000	0.0000	0.0000	0.0000	0.0000	0.0917	0.0522	-1.9048	0.2483	-1.9166	0.1283	0.0000	0.0000	321.0997	0.0000	25.7583	1.9209	0.0052	41.7380	25.7583
9.2696	0.0000	-0.0000	0.0078	0.0000	0.0000	-0.0200	230.8270	0.0000	1.5300	26.0751	NOT CONNECTED	0.0000	500.0000	0.0000	0.0000	0.0000	0.0000	0.0917	0.0522	-1.9048	0.2483	-1.9166	0.1283	0.0000	0.0000	321.0876	0.0000	25.7583	1.9209	0.0056	41.7380	25.7583
9.5798	0.0000	-0.0000	0.0078	0.0000	0.0000	-0.0200	230.8270	0.0000	1.5300	26.0751	NOT CONNECTED	0.0000	500.0000	0.0000	0.0000	0.0000	0.0000	0.0917	0.0522	-1.9048	0.2483	-1.9166	0.1283	0.0000	0.0000	321.0876	0.0000	25.7583	1.9209	0.0056	41.7380	25.7583
9.8916	0.0000	-0.0000	0.0078	0.0000	0.0000	-0.0200	230.8270	0.0000	1.5300	26.0751	NOT CONNECTED	0.0000	500.0000	0.0000	0.0000	0.0000	0.0000	0.0917	0.0522	-1.9048	0.2483	-1.9166	0.1283	0.0000	0.0000	321.0402	0.0000	25.7583	1.9209	0.0056	41.7207	25.7583
10.3195	0.0000	-0.0000	0.0079	0.0000	0.0000	-0.0200	230.8240	0.0000	1.5200	26.0728	NOT CONNECTED	0.0000	500.0000	0.0000	0.0000	0.0000	0.0000	0.0917	0.0522	-1.9048	0.2483	-1.9166	0.1283	0.0000	0.0000	321.0145	0.0000	25.7583	1.9209	0.0057	41.7034	25.7583
10.5122	0.0000	-0.0000	0.0079	0.0000	0.0000	-0.0200	230.8240	0.0000	1.5200	26.0728	NOT CONNECTED	0.0000	500.0000	0.0000	0.0000	0.0000	0.0000	0.0917	0.0522	-1.9048	0.2483	-1.9166	0.1283	0.0000	0.0000	321.0145	0.0000	25.7583	1.9209	0.0057	41.7034	25.7583
11.0713	0.0000	-0.0000	0.0079	0.0000	0.0000	-0.0200	230.8240	0.0000	1.5200	26.0508	NOT CONNECTED	0.0000	500.0000	0.0000	0.0000	0.0000	0.0000	0.0917	0.0522	-1.9048	0.2483	-1.9166	0.1283	0.0000	0.0000	321.0172	0.0000	25.7583	1.9209	0.0054	41.7034	25.7583
11.1340	0.0000	-0.0000	0.0079	0.0000	0.0000	-0.0200	230.8240	0.0000	1.5200	26.0508	NOT CONNECTED	0.0000	500.0000	0.0000	0.0000	0.0000	0.0000	0.0917	0.0522	-1.9048	0.2483	-1.9166	0.1283	0.0000	0.0000	321.0172	0.0000	25.7583	1.9209	0.0054	41.7034	25.7583
11.7716	0.0000	-0.0000	0.0079	0.0000	0.0000	-0.0200	230.8240	0.0000	1.5200	26.0868	NOT CONNECTED	0.0000	500.0000	0.0000	0.0000	0.0000	0.0000	0.0917	0.0522	-1.9048	0.2483	-1.9166	0.1283	0.0000	0.0000	321.0768	0.0000	25.7583	1.9209	0.0058	41.6864	25.7583
11.8180	0.0000	-0.0000	0.0079	0.0000	0.0000	-0.0200	230.8240	0.0000	1.5200	26.0868	NOT CONNECTED	0.0000	500.0000	0.0000	0.0000	0.0000	0.0000	0.0917	0.0522	-1.9048	0.2483	-1.9166	0.1283	0.0000	0.0000	321.0768	0.0000	25.7583	1.9209	0.0058	41.6864	25.7583
12.3929	0.0000	-0.0000	0.0079	0.0000	0.0000	-0.0200	230.8240	0.0000	1.5200	26.0655	NOT CONNECTED	0.0000	500.0000	0.0000	0.0000	0.0000	0.0000	0.0917	0.0522	-1.9048	0.2483	-1.9166	0.1283	0.0000	0.0000	321.0456	0.0000	25.7583	1.9209	0.0054	41.6696	25.7583
12.5837	0.0000	-0.0000	0.0079	0.0000	0.0000	-0.0200	230.8240	0.0000	1.5200	26.0655	NOT CONNECTED	0.0000	500.0000	0.0000	0.0000	0.0000	0.0000	0.0917	0.0522	-1.9048	0.2483	-1.9166	0.1283	0.0000	0.0000	321.0456	0.0000	25.7583	1.9209	0.0054	41.6696	25.7583
13.0143	0.0000	-0.0000	0.0079	0.0000	0.0000	-0.0200	230.8240	0.0000	1.5300	26.0265	NOT CONNECTED	0.0000	500.0000	0.0000	0.0000	0.0000	0.0000	0.0917	0.0522	-1.9048	0.2483	-1.9166	0.1283	0.0000	0.0000	321.0104	0.0000	25.7583	1.9209	0.0055	41.6696	25.7583
13.3186	0.0000	-0.0000	0.0079	0.0000	0.0000	-0.0200	230.8240	0.0000	1.5300	26.0265	NOT CONNECTED	0.0000	500.0000	0.0000	0.0000	0.0000	0.0000	0.0917	0.0522	-1.9048	0.2483	-1.9166	0.1283	0.0000	0.0000	321.0104	0.0000	25.7583	1.9209	0.0055	41.6696	25.7583
13.6514	0.0000	-0.0000	0.0079	0.0000	0.0000	-0.0200	230.8240	0.0000	1.5300	26.0265	NOT CONNECTED	0.0000	500.0000	0.0000	0.0000	0.0000	0.0000	0.0917	0.0522	-1.9048	0.2483	-1.9166	0.1283	0.0000	0.0000	321.0280	0.0000	26.0265	1.9209	0.0057	41.6529	26.0265
14.2741	0.0000	-0.0000	0.0079	0.0000	0.0000	-0.0200	230.8220	0.0000	1.5300	26.0574	NOT CONNECTED	0.0000	500.0000	0.0000	0.0000	0.0000	0.0000	0.0917	0.0522	-1.9048	0.2483	-1.9166	0.1283	0.0000	0.0000	320.9563	0.0000	26.0265	1.9209	0.0054	41.6529	26.0265
14.3187	0.0000	-0.0000	0.0079	0.0000	0.0000	-0.0200	230.8220	0.0000	1.5300	26.0574	NOT CONNECTED	0.0000	500.0000	0.0000	0.0000	0.0000	0.0000	0.0917	0.0522	-1.9048	0.2483	-1.9166	0.1283	0.0000	0.0000	320.9563	0.0000	26.0265	1.9209	0.0054	41.6529	26.0265
14.8951	0.0000	-0.0000	0.0079	0.0000	0.0000	-0.0200	230.8200	0.0000	1.5200	26.0410	NOT CONNECTED	0.0000	500.0000	0.0000	0.0000	0.0000	0.0000	0.0917	0.0522	-1.9048	0.2483	-1.9166	0.1283	0.0000	0.0000	321.0808	0.0000	26.0265	1.9209	0.0052	41.6363	26.0265
15.0711	0.0000	-0.0000	0.0079	0.0000	0.0000	-0.0200	230.8200	0.0000	1.5200	26.0410	NOT CONNECTED	0.0000	500.0000	0.0000	0.0000	0.0000	0.0000	0.0917	0.0522	-1.9048	0.2483	-1.9166	0.1283	0.0000	0.0000	321.0808	0.0000	26.0265	1.9209	0.0052	41.6363	26.0265
15.5009	0.0000	-0.0000	0.0079	0.0000	0.0000	-0.0200	230.8160	0.0000	1.5200	26.0660	NOT CONNECTED	0.0000	500.0000	0.0000	0.0000	0.0000	0.0000	0.0917	0.0522	-1.9048	0.2483	-1.9166	0.1283	0.0000	0.0000	321.0023	0.0000	26.0265	1.9209	0.0058	41.6200	26.0265
15.8001	0.0000	-0.0000	0.0079	0.0000	0.0000	-0.0200	230.8160	0.0000	1.5200	26.0660	NOT CONNECTED	0.0000	500.0000	0.0000	0.0000	0.0000	0.0000	0.0917	0.0522	-1.9048	0.2483	-1.9166	0.1283	0.0000	0.0000	321.0023	0.0000	26.0265	1.9209	0.0058	41.6200	26.0265
16.1224	0.0000	-0.0000	0.0079	0.0000	0.0000	-0.0200	230.8160	0.0000	1.5200	26.0660	NOT CONNECTED	0.0000	500.0000	0.0000	0.0000	0.0000	0.0000	0.0917	0.0522	-1.9048	0.2483	-1.9166	0.1283	0.0000	0.0000	320.9820	0.0000	26.0265	1.9209	0.0053	41.6200	26.0265
16.5363	0.0000	-0.0000	0.0079	0.0000	0.0000	-0.0200	230.8120	0.0000	1.5200	26.0721	NOT CONNECTED	4000.0000	500.0000	0.0000	0.0000	0.0000	0.0000	0.0917	0.0522	-1.9048	0.2483	-1.9166	0.1283	0.0000	0.0000	321.0118	0.0000	26.0265	1.9209	0.0055	41.6038	26.0265
16.7440	0.0000	-0.0000	0.0079	0.0000	0.0000	-0.0200	230.8120	0.0000	1.5200	26.0721	NOT CONNECTED	4000.0000	500.0000	0.0000	0.0000	0.0000	0.0000	0.0917	0.0522	-1.9048	0.2483	-1.9166	0.1283	0.0000	0.0000	321.0118	0.0000	26.0265	1.9209	0.0055	41.6038	26.0265
17.2756	0.0000	-0.0000	0.0079	0.0000	0.0000	-0.0200	230.8050	0.0000	1.5300	26.0487	NOT CONNECTED	4000.0000	500.0000	0.0000	0.0000	0.0000	0.0000	0.0917	0.0522	-1.9048	0.2483	-1.9166	0.1283	0.0000	0.0000	320.9604	0.0000	26.0265	1.9209	0.0054	41.5877	26.0265
17.3649	0.0000	-0.0000	0.0079	0.0000	0.0000	-0.0200	230.8050	0.0000	1.5300	26.0487	NOT CONNECTED	4000.0000	500.0000	0.0000	0.0000	0.0000	0.0000	0.0917	0.0522	-1.9048	0.2483	-1.9166	0.1283	0.0000	0.0000	320.9604	0.0000	26.0265	1.9209	0.0054	41.5877	26.0265
18.0024	0.0000	-0.0000	0.0079	0.0000	0.0000	-0.0200	230.8000	0.0000	1.5200	26.0487	NOT CONNECTED	4000.0000	500.0000	0.0000	0.0000	0.0000	0.0000	0.0917	0.0522	-1.9048	0.2483	-1.9166	0.1283	0.0000	0.0000	321.0159	0.0000	26.0265	1.9209	0.0053	41.5877	26.0265
18.0135	0.0000	-0.0000	0.0079	0.0000	0.0000	-0.0200	230.8000	0.0000	1.5200	26.0487	NOT CONNECTED	4000.0000	500.0000	0.0000	0.0000	0.0000	0.0000	0.0917	0.0522	-1.9048	0.2483	-1.9166	0.1283	0.0000	0.0000	321.0159	0.0000	26.0265	1.9209	0.0053	41.5877	26.0265
18.6240	0.0000	-0.0000	0.0079	0.0000	0.0000	-0.0200	230.7890	0.0000	1.5200	26.0433	NOT CONNECTED	4000.0000	500.0000	0.0000	0.0000	0.0000	0.0000	0.0917	0.0522	-1.9048	0.2483	-1.9166	0.1283	0.0000	0.0000	320.9144	0.0000	26.0265	1.9209	0.0055	41.5718	26.0265
18.7588	0.0000	-0.0000	0.0079	0.0000	0.0000	-0.0200	230.7890	0.0000	1.5200	26.0433	NOT CONNECTED	4000.0000	500.0000	0.0000	0.0000	0.0000	0.0000	0.0917	0.0522	-1.9048	0.2483	-1.9166	0.1283	0.0000	0.0000	320.9144	0.0000	26.0265	1.9209	0.0055	41.5718	26.0265
19.2452	0.0000	-0.0000	0.0078	0.0000	0.0000	-0.0200	230.7850	0.0000	1.5200	26.0597	NOT CONNECTED	4000.0000	500.0000	0.0000	0.0000	0.0000	0.0000	0.0917	0.0522	-1.9048	0.2483	-1.9166	0.1283	0.0000	0.0000	320.9333	0.0000	26.0265	1.9209	0.0054	41.5718	26.0265
19.4907	0.0000	-0.0000	0.0078	0.0000	0.0000	-0.0200	230.7850	0.0000	1.5200	26.0597	NOT CONNECTED	4000.0000	500.0000	0.0000	0.0000	0.0000	0.0000	0.0917	0.0522	-1.9048	0.2483	-1.9166	0.1283	0.0000	0.0000	320.9333	0.0000	26.0265	1.9209	0.0054	41.5718	26.0265
19.8669	0.0000	-0.0000	0.0078	0.0000	0.0000	-0.0200	230.7760	0.0000	1.5100	26.0604	NOT CONNECTED	4000.0000	500.0000	0.0000	0.0000	0.0000	0.0000	0.0917	0.0522	-1.9048	0.2483	-1.9166	0.1283	0.0000	0.0000	320.9807	0.0000	26.0265	1.9209	0.0053	41.5561	26.0265
20.2223	0.0000	-0.0000	0.0078	0.0000	0.0000	-0.0200	230.7760	0.0000	1.5100	26.0604	NOT CONNECTED	4000.0000	500.0000	0.0000	0.0000	0.0000	0.0000	0.0917	0.0522	-1.9048	0.2483	-1.9166	0.1283	0.0000	0.0000	320.9929	0.0000	26.0265	1.9209	0.0054	41.5406	26.0265
20.4886	0.0000	-0.0000	0.0078	0.0000	0.0000	-0.0200	230.7760	0.0000	1.5100	26.0604	NOT CONNECTED	4000.0000	500.0000	0.0000	0.0000	0.0000	0.0000	0.0917	0.0522	-1.9048	0.2483	-1.9166	0.1283	0.0000	0.0000	320.9929	0.0000	26.0265	1.9209	0.0054	41.5406	26.0265
20.9685	0.0000	-0.0000	0.0078	0.0000	0.0000	-0.0200	230.7710	0.0000	1.5200	26.0534	NOT CONNECTED	4000.0000	500.0000	0.0000	0.0000	0.0000	0.0000	0.0917	0.0522	-1.9048	0.2483	-1.9166	0.1283	0.0000	0.0000	320.9929	0.0000	26.0265	1.9209	0.0054	41.5406	26.0265
21.6992	110.0000	-0.1260	0.6772	0.0000	4.9400	5.6000	230.7540	0.1098	12.8900	26.0268	NOT CONNECTED	4000.0000	500.0000	0.0000	98.4866	0.2347	0.1989	0.1105	0.1100	1.0233	0.3591	1.0238	0.5398	4.0957	7.7510	315.3152	9.9444	26.0265	1.0421	0.7449	41.5252	26.0265
22.3211	481.0000	-0.1100	0.7520	0.0000	12.6970	8.9300	230.7490	0.1446	17.9200	26.0426	NOT CONNECTED	4000.0000	500.0000	0.0000	418.4775	0.1672	0.1858	0.0922	0.0921	0.0710	0.3015	0.0207	0.2590	0.1023	18.3914	316.3381	7.2708	26.0265	0.3180	0.2380	41.5252	26.0265
22.4312	481.0000	-0.1100	0.7520	0.0000	12.6970	8.9300	230.7490	0.1446	17.9200	26.0426	NOT CONNECTED	4000.0000	500.0000	0.0000	418.4775	0.1672	0.1858	0.0922	0.0921	0.0710	0.3015	0.0207	0.2590	0.1023	18.3914	316.3381	7.2708	26.0265	0.3180	0.2380	41.5252	26.0265
22.9264	846.0000	-0.1100	0.2000	0.0000	34.1120	11.4600	230.7400	0.1427	17.6000	26.0852	NOT CONNECTED	4000.0000	500.0000	0.0000	727.2611	0.1529	0.1565	0.0921	0.0921	0.0816	0.2695	0.0552	0.2824	0.1249	30.0974	314.7834	12.5073	26.0265	0.3118	0.2035	41.5190	26.0265
23.1629	846.0000	-0.1100	0.2000	0.0000	34.1120	11.4600	230.7400	0.1427	17.6000	26.0852	NOT CONNECTED	4000.0000	500.0000	0.0000	727.2611	0.1529	0.1565	0.0921	0.0921	0.0816	0.2695	0.0552	0.2824	0.1249	30.0974	314.7834	12.5073	26.0265	0.3118	0.2035	41.5190	26.0265
23.5475	1216.0000	-0.1090	0.2032	0.0000	46.0270	15.8200	230.7320	0.1772	22.5500	26.0581	NOT CONNECTED	4000.0000	500.0000	0.0000	1030.5692	0.1559	0.1599	0.0921	0.0921	0.0434	0.2857	0.0436	0.2889	0.1467	42.0184	313.0895	17.7786	26.0265	0.2761	0.2076	41.5284	26.0265
23.8984	1216.0000	-0.1090	0.2032	0.0000	46.0270	15.8200	230.7320	0.1772	22.5500	26.0581	NOT CONNECTED	4000.0000	500.0000	0.0000	1341.0282	0.1599	0.1741	0.0921	0.0921	0.0492	0.2822	0.0028	0.3076	0.1055	54.0094	311.6203	23.4213	26.0265	0.2918	0.2122	41.5284	26.0265
24.1690	1216.0000	-0.1090	0.2032	0.0000	46.0270	15.8200	230.7320	0.1772	22.5500	26.0581	NOT CONNECTED	4000.0000	500.0000	0.0000	1341.0282	0.1599	0.1741	0.0921	0.0921	0.0492	0.2822	0.0028	0.3076	0.1055	54.0094	311.6203	23.4213	26.0265	0.2918	0.2122	41.5284	26.0265
24.6398	1588.0000	-0.1110	0.2123	0.0000	69.6280	25.1300	230.7130	0.2465	32.8300	26.0693	NOT CONNECTED	4000.0000	500.0000	0.0000	1653.7761	0.1805	0.1726	0.0921	0.0921	0.0232	0.3410	-0.0064	0.2879	0.0696	66.3656	310.1742	29.6280	26.0265	0.2629	0.2158	41.5299	26.0265
24.7905	1588.0000	-0.1110	0.2123	0.0000	69.6280	25.1300	230.7130	0.2465	32.8300	26.0693	NOT CONNECTED	4000.0000	500.0000	0.0000	1653.7761	0.1805	0.1726	0.0921	0.0921	0.0232	0.3410	-0.0064	0.2879	0.0696	66.3656	310.1742	29.6280	26.0265	0.2629	0.2158	41.5299	26.0265
25.3791	1959.0000	-0.1110	0.2167	0.0000	81.3210	30.0000	230.7030	0.2812	38.1300	26.0798	NOT CONNECTED	4000.0000	500.0000	0.0000	1965.4211	0.1700	0.1690	0.0921	0.0921	0.0259	0.3098	-0.0161	0.3045	-0.0657	77.3575	308.8392	35.6347	26.0265	0.3338	0.2196	41.5371	26.0265
25.4122	1959.0000	-0.1110	0.2167	0.0000	81.3210	30.0000	230.7030	0.2812	38.1300	26.0798	NOT CONNECTED	4000.0000	500.0000	0.0000	1965.4211	0.1700	0.1690	0.0921	0.0921	0.0259	0.3098	-0.0161	0.3045	-0.0657	77.3575	308.8392	35.6347	26.0265	0.3338	0.2196	41.5371	26.0265
26.0332	2322.0000	-0.1110	0.2263	0.0000	104.9990	40.4600	230.6880	0.3534	49.4200	26.0742	NOT CONNECTED	4000.0000	500.0000	0.0000	2274.8556	0.1891	0.1765	0.0921	0.0921	0.0740	0.3473	0.0185	0.2967	0.2532	88.5639	307.7274	42.4759	26.0265	0.3011	0.2240	41.5371	26.0265
26.1085	2322.0000	-0.1110	0.2263	0.0000	104.9990	40.4600	230.6880	0.3534	49.4200	26.0742	NOT CONNECTED	4000.0000	500.0000	0.0000	2274.8556	0.1891	0.1765	0.0921	0.0921	0.0740	0.3473	0.0185	0.2967	0.2532	88.5639	307.7274	42.4759	26.0265	0.3011	0.2240	41.5371	26.0265
26.6546	2685.0000	-0.1140	0.2308	0.0000	117.0070	45.9400	230.6810	0.3905	55.3300	26.0588	NOT CONNECTED	4000.0000	500.0000	0.0000	2586.4148	0.1609	0.1834	0.0921	0.0921	0.0528	0.2660	-0.0425	0.2827	0.3946	105.2215	306.5402	48.2948	26.0265	0.3113	0.2312	41.5514	26.0265
26.8478	2685.0000	-0.1140	0.2308	0.0000	117.0070	45.9400	230.6810	0.3905	55.3300	26.0588	NOT CONNECTED	4000.0000	500.0000	0.0000	2586.4148	0.1609	0.1834	0.0921	0.0921	0.0528	0.2660	-0.0425	0.2827	0.3946	105.2215	306.5402	48.2948	26.0265	0.3113	0.2312	41.5514	26.0265
27.2766	3059.0000	-0.1200	0.2394	0.0000	140.7310	57.2900	230.6650	0.4641	67.2400	26.0532	NOT CONNECTED	4000.0000	500.0000	0.0000	2896.1095	0.2033	0.1837	0.0921	0.0921	0.0580	0.3843	-0.0072	0.3180	-0.7451	116.8918	305.3950	54.9987	26.0265	0.3499	0.2349	41.5514	26.0265
27.6006	3059.0000	-0.1200	0.2394	0.0000	140.7310	57.2900	230.6650	0.4641	67.2400	26.0532	NOT CONNECTED	4000.0000	500.0000	0.0000	3204.8786	0.1944	0.1952	0.0923	0.0921	0.0822	0.3382	-0.0193	0.3670	-0.7989	128.7753	304.2458	62.9936	26.0265	0.3171	0.2410	41.5724	26.0265
27.8977	3059.0000	-0.1200	0.2394	0.0000	140.7310	57.2900	230.6650	0.4641	67.2400	26.0532	NOT CONNECTED	4000.0000	500.0000	0.0000	3204.8786	0.1944	0.1952	0.0923	0.0921	0.0822	0.3382	-0.0193	0.3670	-0.7989	128.7753	304.2458	62.9936	26.0265	0.3171	0.2410	41.5724	26.0265
28.3301	3427.0000	-0.1190	0.2443	0.0000	152.4630	63.3500	230.6590	0.5036	73.6900	26.0424	NOT CONNECTED	4000.0000	500.0000	0.0000	3515.5269	0.1847	0.1851	0.0921	0.0921	0.0290	0.3214	0.0529	0.3725	-1.1074	139.1062	303.3645	69.1252	26.0265	0.3924	0.2434	41.6006	26.0265
28.5198	3427.0000	-0.1190	0.2443	0.0000	152.4630	63.3500	230.6590	0.5036	73.6900	26.0424	NOT CONNECTED	4000.0000	500.0000	0.0000	3515.5269	0.1847	0.1851	0.0921	0.0921	0.0290	0.3214	0.0529	0.3725	-1.1074	139.1062	303.3645	69.1252	26.0265	0.3924	0.2434	41.6006	26.0265
29.0938	3793.0000	-0.1190	0.2578	0.0000	176.2140	77.2800	230.6440	0.5905	88.1200	26.1003	NOT CONNECTED	4000.0000	500.0000	0.0000	3825.5296	0.2130	0.1980	0.0922	0.0922	0.0890	0.3955	-0.0256	0.3441	0.3375	147.4204	301.9846	81.4751	26.0265	0.3223	0.2498	41.6006	26.0265
29.1405	3793.0000	-0.1190	0.2578	0.0000	176.2140	77.2800	230.6440	0.5905	88.1200	26.1003	NOT CONNECTED	4000.0000	500.0000	0.0000	3825.5296	0.2130	0.1980	0.0922	0.0922	0.0890	0.3955	-0.0256	0.3441	0.3375	147.4204	301.9846	81.4751	26.0265	0.3223	0.2498	41.6006	26.0265
29.7621	4020.0000	-0.0500	0.2648	0.0000	188.3330	84.4500	230.6380	0.6353	95.6500	26.0487	NOT CONNECTED	4000.0000	500.0000	0.0000	4026.2152	0.0906	0.0733	0.0927	0.0920	0.1785	0.1391	0.1338	0.1788	0.0063	155.7145	308.2729	40.4416	26.0265	0.2112	0.1750	41.6357	26.0265
29.8242	4020.0000	-0.0500	0.2648	0.0000	188.3330	84.4500	230.6380	0.6353	95.6500	26.0487	NOT CONNECTED	4000.0000	500.0000	0.0000	4026.2152	0.0906	0.0733	0.0927	0.0920	0.1785	0.1391	0.1338	0.1788	0.0063	155.7145	308.2729	40.4416	26.0265	0.2112	0.1750	41.6357	26.0265
30.3835	4014.0000	-0.0510	0.1446	0.0000	191.8100	41.3300	230.6510	0.3596	49.9700	26.0555	NOT CONNECTED	4000.0000	500.0000	0.0000	4021.5183	0.0633	0.0738	0.0919	0.0920	0.1407	0.1107	0.0823	0.1268	0.5460	157.4597	308.4013	39.7588	26.0265	0.2727	0.1426	41.6722	26.0265
30.6008	4014.0000	-0.0510	0.1446	0.0000	191.8100	41.3300	230.6510	0.3596	49.9700	26.0555	NOT CONNECTED	4000.0000	500.0000	0.0000	4021.5183	0.0633	0.0738	0.0919	0.0920	0.1407	0.1107	0.0823	0.1268	0.5460	157.4597	308.4013	39.7588	26.0265	0.2727	0.1426	41.6722	26.0265
31.0055	4010.0000	-0.0520	0.1486	0.0000	191.5980	41.2600	230.6420	0.3596	49.9500	26.0709	NOT CONNECTED	4000.0000	500.0000	0.0000	4024.6654	0.0929	0.0470	0.0923	0.0920	-0.0146	0.1676	0.1115	0.1775	-9.0810	151.4627	308.3715	37.3043	26.0265	0.1250	0.1428	41.6722	26.0265
31.3349	4010.0000	-0.0520	0.1486	0.0000	191.5980	41.2600	230.6420	0.3596	49.9500	26.0709	NOT CONNECTED	4000.0000	500.0000	0.0000	4025.3019	0.0769	0.0763	0.0924	0.0920	0.1339	0.1512	-0.0048	0.1657	-11.4522	157.4208	308.3770	38.2521	26.0265	0.1722	0.1412	41.7061	26.0265
31.6267	4010.0000	-0.0520	0.1486	0.0000	191.5980	41.2600	230.6420	0.3596	49.9500	26.0709	NOT CONNECTED	4000.0000	500.0000	0.0000	4025.3019	0.0769	0.0763	0.0924	0.0920	0.1339	0.1512	-0.0048	0.1657	-11.4522	157.4208	308.3770	38.2521	26.0265	0.1722	0.1412	41.7061	26.0265
32.0938	4007.0000	-0.0520	0.1478	0.0000	191.3440	41.5800	230.6320	0.3617	50.3200	26.0994	NOT CONNECTED	4000.0000	500.0000	0.0000	4009.6528	0.0884	0.0785	0.0921	0.0920	0.1171	0.1285	-0.0158	0.2097	2.1412	154.8730	308.4554	39.5471	26.0265	0.1507	0.1414	41.7061	26.0265
32.2489	4007.0000	-0.0520	0.1478	0.0000	191.3440	41.5800	230.6320	0.3617	50.3200	26.0994	NOT CONNECTED	4000.0000	500.0000	0.0000	4009.6528	0.0884	0.0785	0.0921	0.0920	0.1171	0.1285	-0.0158	0.2097	2.1412	154.8730	308.4554	39.5471	26.0265	0.1507	0.1414	41.7061	26.0265
32.8702	4007.0000	-0.0520	0.1476	0.0000	191.2740	41.4600	230.6300	0.3611	50.2100	26.0894	NOT CONNECTED	4000.0000	500.0000	0.0000	4006.2321	0.0399	0.0843	0.0921	0.0920	0.1444	0.0510	0.1040	0.2077	0.2266	157.7900	308.4351	38.8126	26.0265	0.1823	0.1417	41.7397	26.0265
32.9310	4007.0000	-0.0520	0.1476	0.0000	191.2740	41.4600	230.6300	0.3611	50.2100	26.0894	NOT CONNECTED	4000.0000	500.0000	0.0000	4006.2321	0.0399	0.0843	0.0921	0.0920	0.1444	0.0510	0.1040	0.2077	0.2266	157.7900	308.4351	38.8126	26.0265	0.1823	0.1417	41.7397	26.0265
33.6699	4003.0000	-0.0520	0.1469	0.0000	191.1810	41.3200	230.6230	0.3599	50.0000	26.0546	NOT CONNECTED	4000.0000	500.0000	0.0000	4003.7271	0.1115	0.0862	0.0927	0.0921	0.0431	0.2250	0.1550	0.1446	-1.0002	156.4975	308.3498	39.3090	26.0265	0.1320	0.1425	41.7727	26.0265
34.0012	4003.0000	-0.0520	0.1469	0.0000	191.1810	41.3200	230.6230	0.3599	50.0000	26.0546	NOT CONNECTED	4000.0000	500.0000	0.0000	4003.7271	0.1115	0.0862	0.0927	0.0921	0.0431	0.2250	0.1550	0.1446	-1.0002	156.4975	308.3498	39.3090	26.0265	0.1320	0.1425	41.7727	26.0265
34.4003	4001.0000	-0.0510	0.1480	0.0000	191.1130	41.3100	230.6210	0.3600	50.0500	26.0842	NOT CONNECTED	4000.0000	500.0000	0.0000	4006.2245	0.0769	0.0755	0.0922	0.0920	0.0530	0.1115	0.0543	0.0995	0.0731	153.8365	308.3932	38.5258	26.0265	0.2248	0.1434	41.8053	26.0265
34.6239	4001.0000	-0.0510	0.1480	0.0000	191.1130	41.3100	230.6210	0.3600	50.0500	26.0842	NOT CONNECTED	4000.0000	500.0000	0.0000	4006.2245	0.0769	0.0755	0.0922	0.0920	0.0530	0.1115	0.0543	0.0995	0.0731	153.8365	308.3932	38.5258	26.0265	0.2248	0.1434	41.8053	26.0265
35.2446	4002.0000	-0.0520	0.1471	0.0000	191.0710	41.5800	230.6120	0.3620	50.2400	26.0933	NOT CONNECTED	4000.0000	500.0000	0.0000	3999.8649	0.1203	0.0956	0.0919	0.0921	0.0396	0.2127	0.1110	0.1665	3.9400	152.4695	308.3743	39.8368	26.0265	0.1927	0.1387	41.8053	26.0265
35.2635	4002.0000	-0.0520	0.1471	0.0000	191.0710	41.5800	230.6120	0.3620	50.2400	26.0933	NOT CONNECTED	4000.0000	500.0000	0.0000	3999.8649	0.1203	0.0956	0.0919	0.0921	0.0396	0.2127	0.1110	0.1665	3.9400	152.4695	308.3743	39.8368	26.0265	0.1927	0.1387	41.8053	26.0265
35.8664	3997.0000	-0.0530	0.1496	0.0000	191.0220	42.2700	230.6070	0.3659	50.9600	26.0782	NOT CONNECTED	4000.0000	500.0000	0.0000	3999.6938	0.1091	0.0957	0.0921	0.0920	0.0910	0.1834	0.0084	0.1536	-3.4100	152.4383	308.1485	41.2846	26.0265	0.1532	0.1459	41.8377	26.0265
36.0079	3997.0000	-0.0530	0.1496	0.0000	191.0220	42.2700	230.6070	0.3659	50.9600	26.0782	NOT CONNECTED	4000.0000	500.0000	0.0000	3999.6938	0.1091	0.0957	0.0921	0.0920	0.0910	0.1834	0.0084	0.1536	-3.4100	152.4383	308.1485	41.2846	26.0265	0.1532	0.1459	41.8377	26.0265
36.4719	3997.0000	-0.0580	0.1546	0.0000	191.0170	45.0100	230.5980	0.3837	53.7700	26.0852	NOT CONNECTED	4000.0000	500.0000	0.0000	3997.2896	0.1202	0.1047	0.0921	0.0921	0.0080	0.2246	0.0152	0.1337	1.9442	154.0395	307.8293	42.7504	26.0265	0.1935	0.1492	41.8697	26.0265
36.7425	3997.0000	-0.0580	0.1546	0.0000	191.0170	45.0100	230.5980	0.3837	53.7700	26.0852	NOT CONNECTED	4000.0000	500.0000	0.0000	3997.2896	0.1202	0.1047	0.0921	0.0921	0.0080	0.2246	0.0152	0.1337	1.9442	154.0395	307.8293	42.7504	26.0265	0.1935	0.1492	41.8697	26.0265
37.0771	3997.0000	-0.0580	0.1546	0.0000	191.0170	45.0100	230.5980	0.3837	53.7700	26.0852	NOT CONNECTED	4000.0000	500.0000	0.0000	3992.9002	0.1157	0.1216	0.0920	0.0920	0.0766	0.2041	0.0562	0.2249	-0.5190	159.3386	307.4954	45.4590	26.0265	0.2250	0.1520	41.8697	26.0265
37.6016	3997.0000	-0.0610	0.1619	0.0000	190.9840	48.5800	230.5890	0.4066	57.4000	26.0973	NOT CONNECTED	4000.0000	500.0000	0.0000	3999.4542	0.1169	0.1025	0.0924	0.0921	0.0815	0.2268	0.0519	0.2092	4.0605	153.7249	306.9895	48.1414	26.0265	0.1890	0.1590	41.9015	26.0265
37.6834	3997.0000	-0.0610	0.1619	0.0000	190.9840	48.5800	230.5890	0.4066	57.4000	26.0973	NOT CONNECTED	4000.0000	500.0000	0.0000	3999.4542	0.1169	0.1025	0.0924	0.0921	0.0815	0.2268	0.0519	0.2092	4.0605	153.7249	306.9895	48.1414	26.0265	0.1890	0.1590	41.9015	26.0265
38.3044	3993.0000	-0.0970	0.1841	0.0000	190.8090	57.1700	230.5740	0.4618	66.3000	26.0480	NOT CONNECTED	4000.0000	500.0000	0.0000	3994.7347	0.1440	0.1241	0.0919	0.0921	0.1025	0.2761	-0.0079	0.2123	-0.5078	155.5478	306.1351	53.4701	26.0265	0.2005	0.1671	41.9015	26.0265
38.8542	3993.0000	-0.0970	0.1841	0.0000	190.8090	57.1700	230.5740	0.4618	66.3000	26.0480	NOT CONNECTED	4000.0000	500.0000	0.0000	3992.4808	0.1336	0.1393	0.0920	0.0921	-0.0160	0.2403	0.0261	0.2698	1.3519	157.4041	305.5714	58.5156	26.0265	0.2322	0.1845	41.9330	26.0265
38.9259	3993.0000	-0.0970	0.1841	0.0000	190.8090	57.1700	230.5740	0.4618	66.3000	26.0480	NOT CONNECTED	4000.0000	500.0000	0.0000	3992.4808	0.1336	0.1393	0.0920	0.0921	-0.0160	0.2403	0.0261	0.2698	1.3519	157.4041	305.5714	58.5156	26.0265	0.2322	0.1845	41.9330	26.0265
39.5466	3991.0000	-0.1110	0.2046	0.0000	190.6660	64.6000	230.5620	0.5096	74.1500	26.0854	NOT CONNECTED	4000.0000	500.0000	0.0000	3993.7899	0.1499	0.1436	0.0923	0.0921	0.0773	0.2574	0.0490	0.2409	-0.0396	152.6246	304.9576	63.7624	26.0265	0.2749	0.1928	41.9645	26.0265
39.7162	3991.0000	-0.1110	0.2046	0.0000	190.6660	64.6000	230.5620	0.5096	74.1500	26.0854	NOT CONNECTED	4000.0000	500.0000	0.0000	3993.7899	0.1499	0.1436	0.0923	0.0921	0.0773	0.2574	0.0490	0.2409	-0.0396	152.6246	304.9576	63.7624	26.0265	0.2749	0.1928	41.9645	26.0265
40.1527	3986.0000	-0.1330	0.2221	0.0000	190.5070	70.6500	230.5540	0.5480	80.4300	26.0887	NOT CONNECTED	4000.0000	500.0000	0.0000	3990.9581	0.1605	0.1642	0.0920	0.0921	0.0416	0.2941	-0.0091	0.3381	3.4181	158.7937	303.6981	73.7806	26.0265	0.2731	0.2067	41.9645	26.0265
40.4533	3986.0000	-0.1330	0.2221	0.0000	190.5070	70.6500	230.5540	0.5480	80.4300	26.0887	NOT CONNECTED	4000.0000	500.0000	0.0000	3990.9581	0.1605	0.1642	0.0920	0.0921	0.0416	0.2941	-0.0091	0.3381	3.4181	158.7937	303.6981	73.7806	26.0265	0.2731	0.2067	41.9645	26.0265
40.7737	3986.0000	-0.1330	0.2221	0.0000	190.5070	70.6500	230.5540	0.5480	80.4300	26.0887	NOT CONNECTED	4000.0000	500.0000	0.0000	3985.1522	0.2013	0.1978	0.0921	0.0921	-0.0098	0.3971	0.0851	0.4405	1.6219	148.8224	302.7561	81.4325	26.0265	0.3371	0.2363	41.9959	26.0265
41.2924	3990.0000	-0.1620	0.2620	0.0000	190.2590	84.4300	230.5380	0.6359	95.1300	26.0564	NOT CONNECTED	4000.0000	500.0000	0.0000	3987.2210	0.2208	0.2062	0.0915	0.0922	0.1158	0.4237	-0.1034	0.4100	1.2387	155.2688	301.9136	90.8769	26.0265	0.4448	0.2589	42.0274	26.0265
41.3956	3990.0000	-0.1620	0.2620	0.0000	190.2590	84.4300	230.5380	0.6359	95.1300	26.0564	NOT CONNECTED	4000.0000	500.0000	0.0000	3987.2210	0.2208	0.2062	0.0915	0.0922	0.1158	0.4237	-0.1034	0.4100	1.2387	155.2688	301.9136	90.8769	26.0265	0.4448	0.2589	42.0274	26.0265
42.0174	3981.0000	-0.1900	0.2838	0.0000	190.1830	91.7600	230.5280	0.6818	102.8900	26.0917	NOT CONNECTED	4000.0000	500.0000	0.0000	3987.1583	0.2299	0.2252	0.0924	0.0922	-0.0482	0.3959	0.0076	0.4133	-0.3119	149.9104	300.8022	103.0261	26.0265	0.4242	0.2964	42.0274	26.0265
42.0308	3981.0000	-0.1900	0.2838	0.0000	190.1830	91.7600	230.5280	0.6818	102.8900	26.0917	NOT CONNECTED	4000.0000	500.0000	0.0000	3987.1583	0.2299	0.2252	0.0924	0.0922	-0.0482	0.3959	0.0076	0.4133	-0.3119	149.9104	300.8022	103.0261	26.0265	0.4242	0.2964	42.0274	26.0265
42.6387	3985.0000	-0.2160	0.3325	0.0000	190.1030	108.0100	230.5090	0.7842	120.3300	26.0917	0.0000	4000.0000	500.0000	0.0000	3983.3966	0.2565	0.2581	0.0923	0.0922	-0.0165	0.4412	0.0577	0.4907	-4.4541	153.1764	300.0989	111.4463	26.0265	0.5006	0.3191	42.0596	26.0265
42.7646	3985.0000	-0.2160	0.3325	0.0000	190.1030	108.0100	230.5090	0.7842	120.3300	26.0917	0.0000	4000.0000	500.0000	0.0000	3983.3966	0.2565	0.2581	0.0923	0.0922	-0.0165	0.4412	0.0577	0.4907	-4.4541	153.1764	300.0989	111.4463	26.0265	0.5006	0.3191	42.0596	26.0265
43.2602	3988.0000	-0.2230	0.3451	0.0000	190.1980	112.2800	230.5040	0.8121	124.9800	26.0761	0.0000	4000.0000	500.0000	0.0000	3985.6091	0.2584	0.2685	0.0922	0.0922	-0.0367	0.4660	0.0332	0.4775	0.4726	153.9222	299.9532	114.8451	26.0265	0.4831	0.3361	42.0596	26.0265
43.4944	3988.0000	-0.2230	0.3451	0.0000	190.1980	112.2800	230.5040	0.8121	124.9800	26.0761	0.0000	4000.0000	500.0000	0.0000	3985.6091	0.2584	0.2685	0.0922	0.0922	-0.0367	0.4660	0.0332	0.4775	0.4726	153.9222	299.9532	114.8451	26.0265	0.4831	0.3361	42.0596	26.0265
43.8813	3989.0000	-0.2320	0.3585	0.0000	190.4140	116.9000	230.4960	0.8414	129.8000	26.0758	0.0000	4000.0000	500.0000	0.0000	3988.8313	0.2650	0.2726	0.0921	0.0922	0.1239	0.4712	-0.0949	0.5053	11.3033	154.5662	299.9891	117.2883	26.0265	0.4671	0.3450	42.0931	26.0265
44.2308	3989.0000	-0.2320	0.3585	0.0000	190.4140	116.9000	230.4960	0.8414	129.8000	26.0758	0.0000	4000.0000	500.0000	0.0000	3988.6690	0.2633	0.2848	0.0921	0.0922	0.0258	0.4916	-0.0267	0.5631	-8.6192	152.6971	300.1519	117.4652	26.0265	0.4744	0.3517	42.1273	26.0265
44.5030	3989.0000	-0.2320	0.3585	0.0000	190.4140	116.9000	230.4960	0.8414	129.8000	26.0758	0.0000	4000.0000	500.0000	0.0000	3988.6690	0.2633	0.2848	0.0921	0.0922	0.0258	0.4916	-0.0267	0.5631	-8.6192	152.6971	300.1519	117.4652	26.0265	0.4744	0.3517	42.1273	26.0265
44.9805	3993.0000	-0.2320	0.3609	0.0000	190.5390	117.7800	230.4940	0.8471	130.6500	26.0845	0.0000	4000.0000	500.0000	0.0000	3996.1052	0.2685	0.2684	0.0912	0.0922	-0.0604	0.4645	-0.1030	0.5172	-3.2263	154.7679	300.3120	118.4882	26.0265	0.5057	0.3502	42.1273	26.0265
45.1242	3993.0000	-0.2320	0.3609	0.0000	190.5390	117.7800	230.4940	0.8471	130.6500	26.0845	0.0000	4000.0000	500.0000	0.0000	3996.1052	0.2685	0.2684	0.0912	0.0922	-0.0604	0.4645	-0.1030	0.5172	-3.2263	154.7679	300.3120	118.4882	26.0265	0.5057	0.3502	42.1273	26.0265
45.7182	3996.0000	-0.2320	0.3628	0.0000	190.7240	118.5300	230.4910	0.8519	131.3000	26.0840	0.0000	4000.0000	500.0000	0.0000	3991.5649	0.2939	0.2904	0.0924	0.0922	0.0562	0.5558	-0.0162	0.5062	6.6725	163.0355	300.3738	118.5625	26.0265	0.5689	0.3518	42.1613	26.0265
45.7296	3996.0000	-0.2320	0.3628	0.0000	190.7240	118.5300	230.4910	0.8519	131.3000	26.0840	0.0000	4000.0000	500.0000	0.0000	3991.5649	0.2939	0.2904	0.0924	0.0922	0.0562	0.5558	-0.0162	0.5062	6.6725	163.0355	300.3738	118.5625	26.0265	0.5689	0.3518	42.1613	26.0265
46.3512	3997.0000	-0.2330	0.3637	0.0000	190.7810	118.8300	230.4880	0.8539	131.5100	26.0814	1.0000	4000.0000	500.0000	0.0000	3992.4843	0.2949	0.2923	0.0931	0.0922	0.1561	0.5475	0.0674	0.5039	5.1015	153.0293	300.5825	119.4361	26.0840	0.5464	0.3518	42.1613	26.0840
46.4535	3997.0000	-0.2330	0.3637	0.0000	190.7810	118.8300	230.4880	0.8539	131.5100	26.0814	1.0000	4000.0000	500.0000	0.0000	3992.4843	0.2949	0.2923	0.0931	0.0922	0.1561	0.5475	0.0674	0.5039	5.1015	153.0293	300.5825	119.4361	26.0840	0.5464	0.3518	42.1613	26.0840
46.9725	3999.0000	-0.2330	0.3648	0.0000	190.8680	119.2500	230.4870	0.8570	131.8100	26.0973	1.0000	4000.0000	500.0000	0.0000	3997.7110	0.2716	0.2783	0.0918	0.0922	0.0224	0.5078	-0.0580	0.5139	-13.0248	152.0615	300.6919	119.6498	26.0840	0.5273	0.3560	42.1956	26.0840
47.2909	3999.0000	-0.2330	0.3648	0.0000	190.8680	119.2500	230.4870	0.8570	131.8100	26.0973	1.0000	4000.0000	500.0000	0.0000	3999.2791	0.2970	0.2757	0.0925	0.0922	0.0851	0.5539	0.0086	0.5155	9.0178	156.5665	300.8802	119.0206	26.0840	0.4697	0.3543	42.2294	26.0840
47.5942	3999.0000	-0.2330	0.3648	0.0000	190.8680	119.2500	230.4870	0.8570	131.8100	26.0973	1.0000	4000.0000	500.0000	0.0000	3999.2791	0.2970	0.2757	0.0925	0.0922	0.0851	0.5539	0.0086	0.5155	9.0178	156.5665	300.8802	119.0206	26.0840	0.4697	0.3543	42.2294	26.0840
48.0321	4001.0000	-0.2330	0.3650	0.0000	190.9090	119.3700	230.4860	0.8583	131.9600	26.1043	1.0000	4000.0000	500.0000	0.0000	4003.2590	0.2817	0.2642	0.0921	0.0922	0.0745	0.4909	-0.0554	0.5351	8.4538	157.8071	301.0020	120.1560	26.0840	0.4870	0.3539	42.2294	26.0840
48.2161	4001.0000	-0.2330	0.3650	0.0000	190.9090	119.3700	230.4860	0.8583	131.9600	26.1043	1.0000	4000.0000	500.0000	0.0000	4003.2590	0.2817	0.2642	0.0921	0.0922	0.0745	0.4909	-0.0554	0.5351	8.4538	157.8071	301.0020	120.1560	26.0840	0.4870	0.3539	42.2294	26.0840
48.7772	3995.0000	-0.2340	0.3662	0.0000	190.9660	119.7800	230.4840	0.8610	132.3200	26.0868	1.0000	4000.0000	500.0000	0.0000	3999.4403	0.2842	0.2788	0.0928	0.0922	-0.0036	0.4902	0.0099	0.5096	-9.7516	151.2513	301.0115	119.4927	26.0840	0.5154	0.3524	42.2628	26.0840
48.8379	3995.0000	-0.2340	0.3662	0.0000	190.9660	119.7800	230.4840	0.8610	132.3200	26.0868	1.0000	4000.0000	500.0000	0.0000	3999.4403	0.2842	0.2788	0.0928	0.0922	-0.0036	0.4902	0.0099	0.5096	-9.7516	151.2513	301.0115	119.4927	26.0840	0.5154	0.3524	42.2628	26.0840
49.4593	3999.0000	-0.2340	0.3659	0.0000	190.9400	119.6900	230.4830	0.8608	132.2100	26.0964	1.0000	4000.0000	500.0000	0.0000	3998.2629	0.2979	0.2839	0.0920	0.0922	0.0567	0.5325	-0.0969	0.5367	-2.5243	159.3643	301.1928	120.8682	26.0840	0.5313	0.3516	42.2962	26.0840
49.5094	3999.0000	-0.2340	0.3659	0.0000	190.9400	119.6900	230.4830	0.8608	132.2100	26.0964	1.0000	4000.0000	500.0000	0.0000	3998.2629	0.2979	0.2839	0.0920	0.0922	0.0567	0.5325	-0.0969	0.5367	-2.5243	159.3643	301.1928	120.8682	26.0840	0.5313	0.3516	42.2962	26.0840
50.0802	4001.0000	-0.2340	0.3661	0.0000	190.9650	119.7900	230.4830	0.8612	132.1300	26.0676	1.0000	4000.0000	500.0000	0.0000	3997.0494	0.2779	0.2890	0.0922	0.0922	0.0233	0.4928	-0.0521	0.5268	-1.1000	156.1872	301.3187	120.5507	26.0840	0.5132	0.3601	42.2962	26.0840
50.2420	4001.0000	-0.2340	0.3661	0.0000	190.9650	119.7900	230.4830	0.8612	132.1300	26.0676	1.0000	4000.0000	500.0000	0.0000	3997.0494	0.2779	0.2890	0.0922	0.0922	0.0233	0.4928	-0.0521	0.5268	-1.1000	156.1872	301.3187	120.5507	26.0840	0.5132	0.3601	42.2962	26.0840
50.7013	3999.0000	-0.2340	0.3665	0.0000	191.0080	119.8900	230.4840	0.8622	132.2500	26.1090	1.0000	4000.0000	500.0000	0.0000	3999.0122	0.2674	0.2830	0.0915	0.0922	0.0021	0.5032	-0.0946	0.5159	-0.9393	150.4219	301.4621	119.6330	26.0840	0.5151	0.3542	42.3290	26.0840
50.9787	3999.0000	-0.2340	0.3665	0.0000	191.0080	119.8900	230.4840	0.8622	132.2500	26.1090	1.0000	4000.0000	500.0000	0.0000	3999.0122	0.2674	0.2830	0.0915	0.0922	0.0021	0.5032	-0.0946	0.5159	-0.9393	150.4219	301.4621	119.6330	26.0840	0.5151	0.3542	42.3290	26.0840
51.3230	3999.0000	-0.2340	0.3665	0.0000	191.0080	119.8900	230.4840	0.8622	132.2500	26.1090	1.0000	4000.0000	500.0000	0.0000	3998.3040	0.2652	0.2859	0.0926	0.0922	-0.0746	0.4775	0.0059	0.5086	3.5346	154.0318	301.4945	119.4274	26.0840	0.5191	0.3561	42.3290	26.0840
51.7138	4001.0000	-0.2340	0.3665	0.0000	191.0160	119.9100	230.4840	0.8628	132.2300	26.1218	1.0000	4000.0000	500.0000	0.0000	3999.1701	0.2754	0.2832	0.0922	0.0922	0.0540	0.4701	-0.0471	0.5600	-0.7931	154.2211	301.5554	120.1193	26.0840	0.4876	0.3523	42.3616	26.0840
51.9446	4001.0000	-0.2340	0.3665	0.0000	191.0160	119.9100	230.4840	0.8628	132.2300	26.1218	1.0000	4000.0000	500.0000	0.0000	3999.1701	0.2754	0.2832	0.0922	0.0922	0.0540	0.4701	-0.0471	0.5600	-0.7931	154.2211	301.5554	120.1193	26.0840	0.4876	0.3523	42.3616	26.0840
52.4451	4000.0000	-0.2340	0.3665	0.0000	190.9790	119.9300	230.4840	0.8630	132.2300	26.1083	1.0000	4000.0000	500.0000	0.0000	4000.7027	0.2804	0.2782	0.0933	0.0922	-0.0538	0.5102	0.0007	0.5766	-10.6881	149.6767	301.6515	120.6708	26.0840	0.4870	0.3525	42.3940	26.0840
52.5507	4000.0000	-0.2340	0.3665	0.0000	190.9790	119.9300	230.4840	0.8630	132.2300	26.1083	1.0000	4000.0000	500.0000	0.0000	4000.7027	0.2804	0.2782	0.0933	0.0922	-0.0538	0.5102	0.0007	0.5766	-10.6881	149.6767	301.6515	120.6708	26.0840	0.4870	0.3525	42.3940	26.0840
53.1555	3997.0000	-0.2330	0.3668	0.0000	190.9800	120.0000	230.4820	0.8630	132.1200	26.0929	1.0000	4000.0000	500.0000	0.0000	4003.5289	0.2941	0.2690	0.0931	0.0922	0.0169	0.5583	0.0513	0.4966	9.2120	158.5408	301.7315	119.7482	26.0840	0.5234	0.3632	42.3940	26.0840
53.1940	3997.0000	-0.2330	0.3668	0.0000	190.9800	120.0000	230.4820	0.8630	132.1200	26.0929	1.0000	4000.0000	500.0000	0.0000	4003.5289	0.2941	0.2690	0.0931	0.0922	0.0169	0.5583	0.0513	0.4966	9.2120	158.5408	301.7315	119.7482	26.0840	0.5234	0.3632	42.3940	26.0840
53.7614	4000.0000	-0.2340	0.3672	0.0000	191.0390	120.1200	230.4830	0.8645	132.3300	26.1045	1.0000	4000.0000	500.0000	0.0000	3995.4956	0.2844	0.2965	0.0924	0.0922	0.1384	0.4965	0.0101	0.5204	-7.2433	153.5399	301.8061	120.2482	26.0840	0.5039	0.3550	42.4258	26.0840
53.9386	4000.0000	-0.2340	0.3672	0.0000	191.0390	120.1200	230.4830	0.8645	132.3300	26.1045	1.0000	4000.0000	500.0000	0.0000	3995.4956	0.2844	0.2965	0.0924	0.0922	0.1384	0.4965	0.0101	0.5204	-7.2433	153.5399	301.8061	120.2482	26.0840	0.5039	0.3550	42.4258	26.0840
54.3823	4002.0000	-0.2340	0.3669	0.0000	191.0330	120.0600	230.4840	0.8640	132.1900	26.1522	1.0000	4000.0000	500.0000	0.0000	3996.2635	0.2733	0.2939	0.0920	0.0922	0.1025	0.4970	-0.0251	0.5199	-0.3768	157.3136	301.8859	120.0303	26.0840	0.5019	0.3530	42.4573	26.0840
54.6703	4002.0000	-0.2340	0.3669	0.0000	191.0330	120.0600	230.4840	0.8640	132.1900	26.1522	1.0000	4000.0000	500.0000	0.0000	3996.2635	0.2733	0.2939	0.0920	0.0922	0.1025	0.4970	-0.0251	0.5199	-0.3768	157.3136	301.8859	120.0303	26.0840	0.5019	0.3530	42.4573	26.0840
55.0040	4002.0000	-0.2340	0.3669	0.0000	191.0330	120.0600	230.4840	0.8640	132.1900	26.1522	1.0000	4000.0000	500.0000	0.0000	4006.9493	0.2744	0.2576	0.0930	0.0922	-0.0627	0.5096	0.0501	0.5217	-11.4930	155.5521	301.9032	119.3942	26.0840	0.5068	0.3534	42.4573	26.0840
55.3998	3999.0000	-0.2330	0.3667	0.0000	190.9900	120.0300	230.4850	0.8638	132.1200	26.1534	1.0000	4000.0000	500.0000	0.0000	4000.4771	0.2752	0.2796	0.0934	0.0922	0.0180	0.4877	0.0160	0.5108	0.1246	157.5587	301.9316	120.2781	26.1522	0.5411	0.3514	42.4888	26.1522
55.6421	3999.0000	-0.2330	0.3667	0.0000	190.9900	120.0300	230.4850	0.8638	132.1200	26.1534	1.0000	4000.0000	500.0000	0.0000	4000.4771	0.2752	0.2796	0.0934	0.0922	0.0180	0.4877	0.0160	0.5108	0.1246	157.5587	301.9316	120.2781	26.1522	0.5411	0.3514	42.4888	26.1522
56.1339	3999.0000	-0.2340	0.3670	0.0000	190.9780	120.1300	230.4910	0.8647	132.1900	26.1244	2.0000	4000.0000	500.0000	0.0000	4000.0179	0.2544	0.2813	0.0914	0.0922	-0.0104	0.4511	-0.0560	0.4915	-3.1475	156.5965	302.0615	119.7223	26.1522	0.5659	0.3639	42.4888	26.1522
56.2636	3999.0000	-0.2340	0.3670	0.0000	190.9780	120.1300	230.4910	0.8647	132.1900	26.1244	2.0000	4000.0000	500.0000	0.0000	4000.0179	0.2544	0.2813	0.0914	0.0922	-0.0104	0.4511	-0.0560	0.4915	-3.1475	156.5965	302.0615	119.7223	26.1522	0.5659	0.3639	42.4888	26.1522
56.8853	3999.0000	-0.2330	0.3673	0.0000	191.0150	120.2000	230.4920	0.8649	132.2100	26.1713	2.0000	4000.0000	500.0000	0.0000	3999.3272	0.2972	0.2838	0.0920	0.0922	0.0532	0.5727	-0.0740	0.5207	-4.5566	154.9713	302.1226	120.2221	26.1522	0.5648	0.3558	42.5196	26.1522
56.9796	3999.0000	-0.2330	0.3673	0.0000	191.0150	120.2000	230.4920	0.8649	132.2100	26.1713	2.0000	4000.0000	500.0000	0.0000	3999.3272	0.2972	0.2838	0.0920	0.0922	0.0532	0.5727	-0.0740	0.5207	-4.5566	154.9713	302.1226	120.2221	26.1522	0.5648	0.3558	42.5196	26.1522
57.5066	3998.0000	-0.2330	0.3674	0.0000	191.0270	120.1700	230.4970	0.8648	132.1400	26.1835	2.0000	4000.0000	500.0000	0.0000	3996.1723	0.2837	0.2946	0.0924	0.0922	0.0614	0.5045	0.0340	0.6156	1.3124	152.0007	302.1725	119.8997	26.1522	0.5141	0.3565	42.5502	26.1522
57.7125	3998.0000	-0.2330	0.3674	0.0000	191.0270	120.1700	230.4970	0.8648	132.1400	26.1835	2.0000	4000.0000	500.0000	0.0000	3996.1723	0.2837	0.2946	0.0924	0.0922	0.0614	0.5045	0.0340	0.6156	1.3124	152.0007	302.1725	119.8997	26.1522	0.5141	0.3565	42.5502	26.1522
58.1117	3995.0000	-0.2330	0.3669	0.0000	191.0130	120.0300	230.4990	0.8634	131.8500	26.1459	2.0000	4000.0000	500.0000	0.0000	4001.2919	0.2640	0.2773	0.0928	0.0922	-0.0225	0.4860	0.0038	0.5428	2.9052	150.1700	302.1998	119.9476	26.1522	0.5200	0.3556	42.5502	26.1522
58.4411	3995.0000	-0.2330	0.3669	0.0000	191.0130	120.0300	230.4990	0.8634	131.8500	26.1459	2.0000	4000.0000	500.0000	0.0000	4002.8723	0.2819	0.2719	0.0915	0.0922	-0.0774	0.4835	-0.0793	0.5456	-0.0387	145.3861	302.2685	119.8755	26.1522	0.5464	0.3561	42.5808	26.1522
58.7328	3995.0000	-0.2330	0.3669	0.0000	191.0130	120.0300	230.4990	0.8634	131.8500	26.1459	2.0000	4000.0000	500.0000	0.0000	4002.8723	0.2819	0.2719	0.0915	0.0922	-0.0774	0.4835	-0.0793	0.5456	-0.0387	145.3861	302.2685	119.8755	26.1522	0.5464	0.3561	42.5808	26.1522
59.1788	4000.0000	-0.2330	0.3666	0.0000	191.0080	119.9400	230.5070	0.8632	131.7800	26.1713	2.0000	4000.0000	500.0000	0.0000	4002.6564	0.2627	0.2726	0.0915	0.0922	0.0139	0.4499	-0.0921	0.5158	2.7935	156.5132	302.3050	119.6892	26.1522	0.4873	0.3637	42.5808	26.1522
59.3552	4000.0000	-0.2330	0.3666	0.0000	191.0080	119.9400	230.5070	0.8632	131.7800	26.1713	2.0000	4000.0000	500.0000	0.0000	4002.6564	0.2627	0.2726	0.0915	0.0922	0.0139	0.4499	-0.0921	0.5158	2.7935	156.5132	302.3050	119.6892	26.1522	0.4873	0.3637	42.5808	26.1522
59.9181	3994.0000	-0.2330	0.3667	0.0000	191.0240	119.9700	230.5110	0.8632	131.7100	26.1510	2.0000	4000.0000	500.0000	0.0000	4000.2903	0.2976	0.2807	0.0924	0.0922	0.1225	0.5491	-0.0194	0.5488	6.0626	155.4852	302.3994	119.5981	26.1522	0.5798	0.3564	42.6108	26.1522
59.9759	3994.0000	-0.2330	0.3667	0.0000	191.0240	119.9700	230.5110	0.8632	131.7100	26.1510	2.0000	4000.0000	500.0000	0.0000	4000.2903	0.2976	0.2807	0.0924	0.0922	0.1225	0.5491	-0.0194	0.5488	6.0626	155.4852	302.3994	119.5981	26.1522	0.5798	0.3564	42.6108	26.1522
60.5978	4001.0000	-0.2340	0.3663	0.0000	191.0070	119.8300	230.5190	0.8622	131.5500	26.1606	2.0000	4000.0000	500.0000	0.0000	4003.1352	0.2797	0.2708	0.0914	0.0922	0.0392	0.5017	-0.0773	0.5246	4.0775	158.0139	302.4265	119.4357	26.1522	0.4946	0.3564	42.6404	26.1522
60.6652	4001.0000	-0.2340	0.3663	0.0000	191.0070	119.8300	230.5190	0.8622	131.5500	26.1606	2.0000	4000.0000	500.0000	0.0000	4003.1352	0.2797	0.2708	0.0914	0.0922	0.0392	0.5017	-0.0773	0.5246	4.0775	158.0139	302.4265	119.4357	26.1522	0.4946	0.3564	42.6404	26.1522
61.2187	3995.0000	-0.2330	0.3657	0.0000	191.0040	119.6500	230.5220	0.8618	131.4400	26.1863	2.0000	4000.0000	500.0000	0.0000	4001.5344	0.2869	0.2760	0.0914	0.0922	0.0331	0.4922	-0.1104	0.4934	3.1814	159.5706	302.4752	119.7675	26.1522	0.5066	0.3495	42.6404	26.1522
61.3937	3995.0000	-0.2330	0.3657	0.0000	191.0040	119.6500	230.5220	0.8618	131.4400	26.1863	2.0000	4000.0000	500.0000	0.0000	4001.5344	0.2869	0.2760	0.0914	0.0922	0.0331	0.4922	-0.1104	0.4934	3.1814	159.5706	302.4752	119.7675	26.1522	0.5066	0.3495	42.6404	26.1522
61.8406	4002.0000	-0.2340	0.3653	0.0000	191.0350	119.4700	230.5290	0.8605	131.2000	26.1786	2.0000	4000.0000	500.0000	0.0000	3999.3397	0.2829	0.2832	0.0917	0.0922	0.0305	0.4887	-0.0902	0.5076	1.0814	152.7134	302.5687	120.4903	26.1522	0.5178	0.3532	42.6701	26.1522
62.1283	4002.0000	-0.2340	0.3653	0.0000	191.0350	119.4700	230.5290	0.8605	131.2000	26.1786	2.0000	4000.0000	500.0000	0.0000	3999.3397	0.2829	0.2832	0.0917	0.0922	0.0305	0.4887	-0.0902	0.5076	1.0814	152.7134	302.5687	120.4903	26.1522	0.5178	0.3532	42.6701	26.1522
62.4621	4002.0000	-0.2340	0.3653	0.0000	191.0350	119.4700	230.5290	0.8605	131.2000	26.1786	2.0000	4000.0000	500.0000	0.0000	3999.8526	0.2725	0.2814	0.0924	0.0922	0.0444	0.5116	0.0291	0.5716	-10.7566	149.9368	302.6227	119.0258	26.1522	0.4662	0.3534	42.6990	26.1522
62.8589	4001.0000	-0.2330	0.3656	0.0000	191.0230	119.5800	230.5330	0.8613	131.3000	26.1723	2.0000	4000.0000	500.0000	0.0000	3998.9361	0.2876	0.2844	0.0920	0.0922	-0.0343	0.5354	-0.0608	0.4995	2.6767	153.9573	302.6701	119.6009	26.1522	0.4854	0.3569	42.6990	26.1522
63.0832	4001.0000	-0.2330	0.3656	0.0000	191.0230	119.5800	230.5330	0.8613	131.3000	26.1723	2.0000	4000.0000	500.0000	0.0000	3998.9361	0.2876	0.2844	0.0920	0.0922	-0.0343	0.5354	-0.0608	0.4995	2.6767	153.9573	302.6701	119.6009	26.1522	0.4854	0.3569	42.6990	26.1522
63.6042	3999.0000	-0.2330	0.3651	0.0000	191.0280	119.4200	230.5390	0.8596	131.0300	26.1770	2.0000	4000.0000	500.0000	0.0000	3998.4302	0.2860	0.2860	0.0921	0.0922	0.0553	0.5388	-0.0636	0.5385	10.1608	154.3620	302.6039	119.5439	26.1522	0.5546	0.3523	42.7279	26.1522
63.7049	3999.0000	-0.2330	0.3651	0.0000	191.0280	119.4200	230.5390	0.8596	131.0300	26.1770	2.0000	4000.0000	500.0000	0.0000	3998.4302	0.2860	0.2860	0.0921	0.0922	0.0553	0.5388	-0.0636	0.5385	10.1608	154.3620	302.6039	119.5439	26.1522	0.5546	0.3523	42.7279	26.1522
64.3267	3996.0000	-0.2330	0.3653	0.0000	191.0200	119.4700	230.5410	0.8608	131.1500	26.2064	2.0000	4000.0000	500.0000	0.0000	4000.5707	0.2777	0.2786	0.0921	0.0922	-0.0112	0.5109	0.0105	0.5189	4.0757	158.0455	302.6781	119.2419	26.1522	0.4946	0.3516	42.7279	26.1522
64.3350	3996.0000	-0.2330	0.3653	0.0000	191.0200	119.4700	230.5410	0.8608	131.1500	26.2064	2.0000	4000.0000	500.0000	0.0000	4000.5707	0.2777	0.2786	0.0921	0.0922	-0.0112	0.5109	0.0105	0.5189	4.0757	158.0455	302.6781	119.2419	26.1522	0.4946	0.3516	42.7279	26.1522
65.0931	4000.0000	-0.2340	0.3648	0.0000	190.9840	119.4000	230.5480	0.8605	131.1000	26.1767	3.0000	4000.0000	500.0000	0.0000	4001.1477	0.2916	0.2762	0.0921	0.0922	0.0101	0.5415	0.0018	0.4890	-1.7896	156.6102	302.8083	118.5245	26.2064	0.5299	0.3545	42.7847	26.2064
65.4735	4000.0000	-0.2340	0.3648	0.0000	190.9840	119.4000	230.5480	0.8605	131.1000	26.1767	3.0000	4000.0000	500.0000	0.0000	4001.1477	0.2916	0.2762	0.0921	0.0922	0.0101	0.5415	0.0018	0.4890	-1.7896	156.6102	302.8083	118.5245	26.2064	0.5299	0.3545	42.7847	26.2064
65.9529	4000.0000	-0.2330	0.3652	0.0000	191.0390	119.4700	230.5530	0.8613	131.1700	26.1935	3.0000	4000.0000	500.0000	0.0000	4000.6902	0.2718	0.2777	0.0923	0.0922	0.0906	0.4620	-0.0620	0.5209	-10.2659	153.8005	302.8219	119.6782	26.2064	0.5295	0.3537	42.7847	26.2064
66.0946	4000.0000	-0.2330	0.3652	0.0000	191.0390	119.4700	230.5530	0.8613	131.1700	26.1935	3.0000	4000.0000	500.0000	0.0000	4000.6902	0.2718	0.2777	0.0923	0.0922	0.0906	0.4620	-0.0620	0.5209	-10.2659	153.8005	302.8219	119.6782	26.2064	0.5295	0.3537	42.7847	26.2064
66.6914	3999.0000	-0.2310	0.3645	0.0000	191.0340	119.2000	230.5630	0.8593	130.8700	26.2033	3.0000	4000.0000	500.0000	0.0000	3999.5627	0.2885	0.2814	0.0920	0.0922	-0.0153	0.5148	-0.0406	0.5653	-2.1434	157.6244	302.7934	118.9703	26.2064	0.5674	0.3532	42.8125	26.2064
66.7171	3999.0000	-0.2310	0.3645	0.0000	191.0340	119.2000	230.5630	0.8593	130.8700	26.2033	3.0000	4000.0000	500.0000	0.0000	3999.5627	0.2885	0.2814	0.0920	0.0922	-0.0153	0.5148	-0.0406	0.5653	-2.1434	157.6244	302.7934	118.9703	26.2064	0.5674	0.3532	42.8125	26.2064
67.3223	4002.0000	-0.2330	0.3647	0.0000	191.0190	119.2800	230.5660	0.8598	130.9200	26.2458	3.0000	4000.0000	500.0000	0.0000	3999.4134	0.2784	0.2818	0.0932	0.0922	-0.0003	0.5295	0.0700	0.5228	6.5031	161.4539	302.8735	118.8168	26.2064	0.5212	0.3536	42.8125	26.2064
67.4326	4002.0000	-0.2330	0.3647	0.0000	191.0190	119.2800	230.5660	0.8598	130.9200	26.2458	3.0000	4000.0000	500.0000	0.0000	3999.4134	0.2784	0.2818	0.0932	0.0922	-0.0003	0.5295	0.0700	0.5228	6.5031	161.4539	302.8735	118.8168	26.2064	0.5212	0.3536	42.8125	26.2064
67.9275	4001.0000	-0.2330	0.3640	0.0000	191.0040	119.0400	230.5730	0.8580	130.6200	26.2197	3.0000	4000.0000	500.0000	0.0000	3999.9167	0.2721	0.2800	0.0923	0.0922	0.0843	0.4707	-0.0351	0.4542	1.5577	148.1158	302.9313	120.5400	26.2064	0.4898	0.3551	42.8402	26.2064
68.1671	4001.0000	-0.2330	0.3640	0.0000	191.0040	119.0400	230.5730	0.8580	130.6200	26.2197	3.0000	4000.0000	500.0000	0.0000	3999.9167	0.2721	0.2800	0.0923	0.0922	0.0843	0.4707	-0.0351	0.4542	1.5577	148.1158	302.9313	120.5400	26.2064	0.4898	0.3551	42.8402	26.2064
68.5500	3998.0000	-0.2330	0.3635	0.0000	191.0270	118.9000	230.5760	0.8575	130.5200	26.2160	3.0000	4000.0000	500.0000	0.0000	4001.9325	0.2802	0.2729	0.0918	0.0922	-0.0381	0.5251	-0.0495	0.5413	-0.0935	158.0219	302.9718	118.4934	26.2064	0.5277	0.3527	42.8675	26.2064
68.9046	3998.0000	-0.2330	0.3635	0.0000	191.0270	118.9000	230.5760	0.8575	130.5200	26.2160	3.0000	4000.0000	500.0000	0.0000	3998.9955	0.2598	0.2825	0.0922	0.0922	0.0626	0.4573	0.0023	0.4785	2.5053	154.8294	303.0135	119.3261	26.2064	0.5029	0.3514	42.8675	26.2064
69.1703	3998.0000	-0.2330	0.3635	0.0000	191.0270	118.9000	230.5760	0.8575	130.5200	26.2160	3.0000	4000.0000	500.0000	0.0000	3998.9955	0.2598	0.2825	0.0922	0.0922	0.0626	0.4573	0.0023	0.4785	2.5053	154.8294	303.0135	119.3261	26.2064	0.5029	0.3514	42.8675	26.2064
69.6408	4002.0000	-0.2330	0.3632	0.0000	191.0360	118.7600	230.5790	0.8558	130.2200	26.2001	3.0000	4000.0000	500.0000	0.0000	3998.9507	0.2738	0.2825	0.0919	0.0922	-0.0154	0.5060	-0.0533	0.5272	-14.1225	150.8839	303.0137	118.3382	26.2064	0.5414	0.3536	42.8946	26.2064
69.7925	4002.0000	-0.2330	0.3632	0.0000	191.0360	118.7600	230.5790	0.8558	130.2200	26.2001	3.0000	4000.0000	500.0000	0.0000	3998.9507	0.2738	0.2825	0.0919	0.0922	-0.0154	0.5060	-0.0533	0.5272	-14.1225	150.8839	303.0137	118.3382	26.2064	0.5414	0.3536	42.8946	26.2064
70.3851	3998.0000	-0.2320	0.3632	0.0000	191.0190	118.7700	230.5820	0.8561	130.2700	26.2314	3.0000	4000.0000	500.0000	0.0000	3996.5421	0.3062	0.2907	0.0919	0.0922	0.0445	0.5523	-0.0688	0.5257	-0.4518	145.9146	303.0351	118.6108	26.2064	0.5498	0.3514	42.9216	26.2064
70.4136	3998.0000	-0.2320	0.3632	0.0000	191.0190	118.7700	230.5820	0.8561	130.2700	26.2314	3.0000	4000.0000	500.0000	0.0000	3996.5421	0.3062	0.2907	0.0919	0.0922	0.0445	0.5523	-0.0688	0.5257	-0.4518	145.9146	303.0351	118.6108	26.2064	0.5498	0.3514	42.9216	26.2064
71.0192	3997.0000	-0.2330	0.3627	0.0000	191.0200	118.6000	230.5870	0.8553	130.0500	26.2477	3.0000	4000.0000	500.0000	0.0000	3999.2264	0.2877	0.2816	0.0921	0.0922	0.0387	0.5262	-0.0536	0.5232	4.7192	159.4746	303.0990	119.4352	26.2064	0.5777	0.3577	42.9216	26.2064
71.1146	3997.0000	-0.2330	0.3627	0.0000	191.0200	118.6000	230.5870	0.8553	130.0500	26.2477	3.0000	4000.0000	500.0000	0.0000	3999.2264	0.2877	0.2816	0.0921	0.0922	0.0387	0.5262	-0.0536	0.5232	4.7192	159.4746	303.0990	119.4352	26.2064	0.5777	0.3577	42.9216	26.2064
71.6409	4002.0000	-0.2310	0.3628	0.0000	191.0210	118.6300	230.5890	0.8555	130.1000	26.2521	3.0000	4000.0000	500.0000	0.0000	3997.6387	0.2638	0.2868	0.0925	0.0922	0.0922	0.4480	0.0368	0.5233	-2.0130	158.7082	303.1340	118.3709	26.2064	0.5026	0.3530	42.9481	26.2064
71.8530	4002.0000	-0.2310	0.3628	0.0000	191.0210	118.6300	230.5890	0.8555	130.1000	26.2521	3.0000	4000.0000	500.0000	0.0000	3997.6387	0.2638	0.2868	0.0925	0.0922	0.0922	0.4480	0.0368	0.5233	-2.0130	158.7082	303.1340	118.3709	26.2064	0.5026	0.3530	42.9481	26.2064
72.2619	4000.0000	-0.2320	0.3619	0.0000	191.0310	118.3700	230.5930	0.8543	129.8300	26.2279	3.0000	4000.0000	500.0000	0.0000	4000.6473	0.2718	0.2762	0.0915	0.0922	0.0340	0.4932	-0.0373	0.5038	1.1645	150.1225	303.1558	118.4293	26.2064	0.5134	0.3507	42.9481	26.2064
72.5989	4000.0000	-0.2320	0.3619	0.0000	191.0310	118.3700	230.5930	0.8543	129.8300	26.2279	3.0000	4000.0000	500.0000	0.0000	3999.4522	0.2785	0.2800	0.0920	0.0922	0.0157	0.5268	-0.0824	0.5283	-12.4634	153.2268	303.1678	118.0204	26.2064	0.5433	0.3515	42.9743	26.2064
72.8837	4000.0000	-0.2320	0.3619	0.0000	191.0310	118.3700	230.5930	0.8543	129.8300	26.2279	3.0000	4000.0000	500.0000	0.0000	3999.4522	0.2785	0.2800	0.0920	0.0922	0.0157	0.5268	-0.0824	0.5283	-12.4634	153.2268	303.1678	118.0204	26.2064	0.5433	0.3515	42.9743	26.2064
73.3303	4001.0000	-0.2320	0.3621	0.0000	191.0220	118.4100	230.5960	0.8543	129.8400	26.2818	3.0000	4000.0000	500.0000	0.0000	4000.1365	0.2663	0.2776	0.0924	0.0922	-0.0361	0.4692	-0.0758	0.4757	5.3805	157.5592	303.1789	117.8068	26.2064	0.5264	0.3494	43.0007	26.2064
73.5051	4001.0000	-0.2320	0.3621	0.0000	191.0220	118.4100	230.5960	0.8543	129.8400	26.2818	3.0000	4000.0000	500.0000	0.0000	4000.1365	0.2663	0.2776	0.0924	0.0922	-0.0361	0.4692	-0.0758	0.4757	5.3805	157.5592	303.1789	117.8068	26.2064	0.5264	0.3494	43.0007	26.2064
74.0951	4000.0000	-0.2320	0.3623	0.0000	190.9970	118.4400	230.5990	0.8546	129.8800	26.2507	4.0000	4000.0000	500.0000	0.0000	4002.1881	0.2574	0.2706	0.0921	0.0922	0.0429	0.4516	-0.0486	0.5111	-2.9205	146.6920	303.2424	117.9949	26.2818	0.5641	0.3581	43.0007	26.2818
74.1428	4000.0000	-0.2320	0.3623	0.0000	190.9970	118.4400	230.5990	0.8546	129.8800	26.2507	4.0000	4000.0000	500.0000	0.0000	4002.1881	0.2574	0.2706	0.0921	0.0922	0.0429	0.4516	-0.0486	0.5111	-2.9205	146.6920	303.2424	117.9949	26.2818	0.5641	0.3581	43.0007	26.2818
74.7640	4003.0000	-0.2330	0.3621	0.0000	191.0080	118.4100	230.5990	0.8541	129.8000	26.3154	4.0000	4000.0000	500.0000	0.0000	3999.3316	0.2857	0.2802	0.0931	0.0922	0.0456	0.5409	0.0354	0.4988	-0.7193	151.1498	303.2627	118.0976	26.2818	0.5694	0.3529	43.0263	26.2818
74.9446	4003.0000	-0.2330	0.3621	0.0000	191.0080	118.4100	230.5990	0.8541	129.8000	26.3154	4.0000	4000.0000	500.0000	0.0000	3999.3316	0.2857	0.2802	0.0931	0.0922	0.0456	0.5409	0.0354	0.4988	-0.7193	151.1498	303.2627	118.0976	26.2818	0.5694	0.3529	43.0263	26.2818
75.3858	3999.0000	-0.2330	0.3614	0.0000	191.0000	118.2200	230.6010	0.8540	129.7600	26.2918	4.0000	4000.0000	500.0000	0.0000	3998.3358	0.2915	0.2833	0.0923	0.0922	0.0044	0.5269	-0.0555	0.4969	3.1678	157.5459	303.2573	118.4758	26.2818	0.5857	0.3507	43.0518	26.2818
75.6861	3999.0000	-0.2330	0.3614	0.0000	191.0000	118.2200	230.6010	0.8540	129.7600	26.2918	4.0000	4000.0000	500.0000	0.0000	3998.3358	0.2915	0.2833	0.0923	0.0922	0.0044	0.5269	-0.0555	0.4969	3.1678	157.5459	303.2573	118.4758	26.2818	0.5857	0.3507	43.0518	26.2818
75.9917	3999.0000	-0.2330	0.3614	0.0000	191.0000	118.2200	230.6010	0.8540	129.7600	26.2918	4.0000	4000.0000	500.0000	0.0000	3999.6151	0.2682	0.2786	0.0915	0.0922	0.0445	0.5013	-0.0848	0.4545	7.4880	154.1928	303.2731	117.2195	26.2818	0.5599	0.3492	43.0518	26.2818
76.6123	4000.0000	-0.2300	0.3608	0.0000	191.0290	117.9600	230.6030	0.8516	129.3100	26.2937	4.0000	4000.0000	500.0000	0.0000	4005.1521	0.2768	0.2635	0.0922	0.0922	-0.0149	0.5026	-0.0388	0.5332	9.8698	156.3436	303.2735	117.5546	26.2818	0.5540	0.3480	43.0774	26.2818
76.9316	4000.0000	-0.2300	0.3608	0.0000	191.0290	117.9600	230.6030	0.8516	129.3100	26.2937	4.0000	4000.0000	500.0000	0.0000	4001.2768	0.2746	0.2727	0.0928	0.0922	0.0669	0.4774	0.0425	0.5068	8.9443	156.5273	303.3274	117.7313	26.2818	0.5326	0.3580	43.0774	26.2818
77.2339	4000.0000	-0.2300	0.3608	0.0000	191.0290	117.9600	230.6030	0.8516	129.3100	26.2937	4.0000	4000.0000	500.0000	0.0000	4001.2768	0.2746	0.2727	0.0928	0.0922	0.0669	0.4774	0.0425	0.5068	8.9443	156.5273	303.3274	117.7313	26.2818	0.5326	0.3580	43.0774	26.2818
77.6631	3998.0000	-0.2310	0.3610	0.0000	191.0130	118.0100	230.6020	0.8518	129.3300	26.2841	4.0000	4000.0000	500.0000	0.0000	4000.2743	0.2781	0.2759	0.0923	0.0922	0.0944	0.5244	-0.0777	0.4969	2.1757	149.4181	303.3613	117.1669	26.2818	0.4398	0.3497	43.1021	26.2818
77.8556	3998.0000	-0.2310	0.3610	0.0000	191.0130	118.0100	230.6020	0.8518	129.3300	26.2841	4.0000	4000.0000	500.0000	0.0000	4000.2743	0.2781	0.2759	0.0923	0.0922	0.0944	0.5244	-0.0777	0.4969	2.1757	149.4181	303.3613	117.1669	26.2818	0.4398	0.3497	43.1021	26.2818
78.4039	4000.0000	-0.2310	0.3609	0.0000	191.0010	118.0500	230.6000	0.8524	129.5000	26.2893	4.0000	4000.0000	500.0000	0.0000	4002.3157	0.2764	0.2686	0.0920	0.0922	0.0256	0.5026	-0.0355	0.4486	2.7476	157.6183	303.3776	117.6204	26.2818	0.4744	0.3505	43.1268	26.2818
78.4774	4000.0000	-0.2310	0.3609	0.0000	191.0010	118.0500	230.6000	0.8524	129.5000	26.2893	4.0000	4000.0000	500.0000	0.0000	4002.3157	0.2764	0.2686	0.0920	0.0922	0.0256	0.5026	-0.0355	0.4486	2.7476	157.6183	303.3776	117.6204	26.2818	0.4744	0.3505	43.1268	26.2818
79.0982	4000.0000	-0.2310	0.3607	0.0000	191.0030	117.9300	230.5990	0.8518	129.2800	26.3259	4.0000	4000.0000	500.0000	0.0000	3999.7244	0.2868	0.2774	0.0926	0.0922	0.0127	0.5490	-0.0127	0.4989	0.9488	155.5964	303.3327	117.9793	26.2818	0.4669	0.3509	43.1268	26.2818
79.1415	4000.0000	-0.2310	0.3607	0.0000	191.0030	117.9300	230.5990	0.8518	129.2800	26.3259	4.0000	4000.0000	500.0000	0.0000	3999.7244	0.2868	0.2774	0.0926	0.0922	0.0127	0.5490	-0.0127	0.4989	0.9488	155.5964	303.3327	117.9793	26.2818	0.4669	0.3509	43.1268	26.2818
79.7196	4000.0000	-0.2280	0.3605	0.0000	191.0190	117.8500	230.5990	0.8511	129.1600	26.2970	4.0000	4000.0000	500.0000	0.0000	4001.4476	0.2657	0.2715	0.0925	0.0922	0.0308	0.4759	0.0521	0.5510	-2.0155	155.9235	303.3854	118.2775	26.2818	0.4726	0.3505	43.1513	26.2818
79.8763	4000.0000	-0.2280	0.3605	0.0000	191.0190	117.8500	230.5990	0.8511	129.1600	26.2970	4.0000	4000.0000	500.0000	0.0000	4001.4476	0.2657	0.2715	0.0925	0.0922	0.0308	0.4759	0.0521	0.5510	-2.0155	155.9235	303.3854	118.2775	26.2818	0.4726	0.3505	43.1513	26.2818
80.3416	4000.0000	-0.2300	0.3611	0.0000	191.0130	118.0600	230.5980	0.8524	129.4700	26.3131	4.0000	4000.0000	500.0000	0.0000	4000.0992	0.2537	0.2761	0.0923	0.0922	0.0071	0.4414	-0.0163	0.4712	-8.1942	147.1082	303.3719	117.1765	26.2818	0.5006	0.3567	43.1513	26.2818
80.6098	4000.0000	-0.2300	0.3611	0.0000	191.0130	118.0600	230.5980	0.8524	129.4700	26.3131	4.0000	4000.0000	500.0000	0.0000	4000.0992	0.2537	0.2761	0.0923	0.0922	0.0071	0.4414	-0.0163	0.4712	-8.1942	147.1082	303.3719	117.1765	26.2818	0.5006	0.3567	43.1513	26.2818
80.9628	4000.0000	-0.2300	0.3611	0.0000	191.0130	118.0600	230.5980	0.8524	129.4700	26.3131	4.0000	4000.0000	500.0000	0.0000	3998.0318	0.2705	0.2831	0.0914	0.0922	0.0481	0.4774	-0.1120	0.5532	1.0614	156.4128	303.4100	118.4250	26.2818	0.4857	0.3504	43.1755	26.2818
81.3569	4002.0000	-0.2310	0.3611	0.0000	191.0400	118.0000	230.5960	0.8520	129.3400	26.3133	4.0000	4000.0000	500.0000	0.0000	4001.3462	0.2900	0.2719	0.0916	0.0922	0.1203	0.5052	-0.0724	0.5501	11.4547	159.9670	303.4016	118.2209	26.2818	0.5540	0.3490	43.1994	26.2818
81.5836	4002.0000	-0.2310	0.3611	0.0000	191.0400	118.0000	230.5960	0.8520	129.3400	26.3133	4.0000	4000.0000	500.0000	0.0000	4001.3462	0.2900	0.2719	0.0916	0.0922	0.1203	0.5052	-0.0724	0.5501	11.4547	159.9670	303.4016	118.2209	26.2818	0.5540	0.3490	43.1994	26.2818
82.0975	4001.0000	-0.2320	0.3610	0.0000	191.0360	117.9700	230.5980	0.8525	129.4500	26.3189	4.0000	4000.0000	500.0000	0.0000	3998.0146	0.2831	0.2833	0.0921	0.0922	0.0399	0.5342	-0.0357	0.4961	2.8815	154.2600	303.3708	116.6352	26.2818	0.4937	0.3481	43.1994	26.2818
82.2057	4001.0000	-0.2320	0.3610	0.0000	191.0360	117.9700	230.5980	0.8525	129.4500	26.3189	4.0000	4000.0000	500.0000	0.0000	3998.0146	0.2831	0.2833	0.0921	0.0922	0.0399	0.5342	-0.0357	0.4961	2.8815	154.2600	303.3708	116.6352	26.2818	0.4937	0.3481	43.1994	26.2818
82.8404	4001.0000	-0.2300	0.3609	0.0000	191.0300	118.0000	230.6000	0.8526	129.3700	26.3558	4.0000	4000.0000	500.0000	0.0000	4000.5025	0.2848	0.2748	0.0922	0.0922	0.0123	0.5279	-0.0917	0.4580	-4.9530	151.7628	303.3897	118.2287	26.3189	0.4658	0.3497	43.2233	26.3189
82.8425	4001.0000	-0.2300	0.3609	0.0000	191.0300	118.0000	230.6000	0.8526	129.3700	26.3558	4.0000	4000.0000	500.0000	0.0000	4000.5025	0.2848	0.2748	0.0922	0.0922	0.0123	0.5279	-0.0917	0.4580	-4.9530	151.7628	303.3897	118.2287	26.3189	0.4658	0.3497	43.2233	26.3189
83.4488	4002.0000	-0.2310	0.3610	0.0000	191.0140	118.0100	230.6040	0.8526	129.4300	26.3462	5.0000	4000.0000	500.0000	0.0000	3996.7974	0.2775	0.2874	0.0932	0.0922	0.0248	0.4731	0.0583	0.5130	4.0732	149.5265	303.4506	118.3008	26.3189	0.4592	0.3570	43.2466	26.3189
83.5993	4002.0000	-0.2310	0.3610	0.0000	191.0140	118.0100	230.6040	0.8526	129.4300	26.3462	5.0000	4000.0000	500.0000	0.0000	3996.7974	0.2775	0.2874	0.0932	0.0922	0.0248	0.4731	0.0583	0.5130	4.0732	149.5265	303.4506	118.3008	26.3189	0.4592	0.3570	43.2466	26.3189
84.0547	3998.0000	-0.2310	0.3611	0.0000	191.0080	118.0500	230.6040	0.8524	129.4000	26.3682	5.0000	4000.0000	500.0000	0.0000	3999.5224	0.2708	0.2781	0.0921	0.0922	-0.0343	0.4955	-0.0783	0.5238	-11.1807	152.0880	303.4667	117.7742	26.3189	0.5085	0.3496	43.2466	26.3189
84.4788	3998.0000	-0.2310	0.3611	0.0000	191.0080	118.0500	230.6040	0.8524	129.4000	26.3682	5.0000	4000.0000	500.0000	0.0000	3999.7477	0.2642	0.2773	0.0920	0.0922	0.0036	0.4823	-0.0808	0.5089	-1.0866	143.4671	303.4341	118.0770	26.3189	0.5464	0.3510	43.2698	26.3189
84.6761	3998.0000	-0.2310	0.3611	0.0000	191.0080	118.0500	230.6040	0.8524	129.4000	26.3682	5.0000	4000.0000	500.0000	0.0000	3999.7477	0.2642	0.2773	0.0920	0.0922	0.0036	0.4823	-0.0808	0.5089	-1.0866	143.4671	303.4341	118.0770	26.3189	0.5464	0.3510	43.2698	26.3189
85.2117	3998.0000	-0.2300	0.3606	0.0000	191.0180	117.8600	230.6060	0.8515	129.1900	26.3670	5.0000	4000.0000	500.0000	0.0000	3998.1845	0.2689	0.2826	0.0923	0.0922	-0.0059	0.4779	-0.0444	0.5016	1.2726	156.5203	303.4778	117.7835	26.3189	0.4444	0.3489	43.2698	26.3189
85.2973	3998.0000	-0.2300	0.3606	0.0000	191.0180	117.8600	230.6060	0.8515	129.1900	26.3670	5.0000	4000.0000	500.0000	0.0000	3998.1845	0.2689	0.2826	0.0923	0.0922	-0.0059	0.4779	-0.0444	0.5016	1.2726	156.5203	303.4778	117.7835	26.3189	0.4444	0.3489	43.2698	26.3189
85.9185	3999.0000	-0.2310	0.3610	0.0000	191.0120	118.0000	230.6050	0.8522	129.3400	26.3630	5.0000	4000.0000	500.0000	0.0000	4007.8306	0.2911	0.2497	0.0921	0.0922	0.0561	0.5580	-0.0246	0.5000	-8.7857	152.4926	303.5427	117.5603	26.3189	0.4738	0.3511	43.2930	26.3189
85.9555	3999.0000	-0.2310	0.3610	0.0000	191.0120	118.0000	230.6050	0.8522	129.3400	26.3630	5.0000	4000.0000	500.0000	0.0000	4007.8306	0.2911	0.2497	0.0921	0.0922	0.0561	0.5580	-0.0246	0.5000	-8.7857	152.4926	303.5427	117.5603	26.3189	0.4738	0.3511	43.2930	26.3189
86.5404	4002.0000	-0.2310	0.3603	0.0000	191.0090	117.7900	230.6030	0.8508	129.0700	26.3843	5.0000	4000.0000	500.0000	0.0000	4002.4818	0.2476	0.2679	0.0926	0.0922	0.0329	0.4390	0.0168	0.4573	-6.5074	153.9795	303.5443	117.0790	26.3189	0.5128	0.3503	43.3157	26.3189
86.6903	4002.0000	-0.2310	0.3603	0.0000	191.0090	117.7900	230.6030	0.8508	129.0700	26.3843	5.0000	4000.0000	500.0000	0.0000	4002.4818	0.2476	0.2679	0.0926	0.0922	0.0329	0.4390	0.0168	0.4573	-6.5074	153.9795	303.5443	117.0790	26.3189	0.5128	0.3503	43.3157	26.3189
87.1460	3997.0000	-0.2300	0.3599	0.0000	191.0150	117.6300	230.6030	0.8493	128.8500	26.3722	5.0000	4000.0000	500.0000	0.0000	4002.0260	0.2773	0.2694	0.0921	0.0922	0.0738	0.5045	-0.0763	0.5634	-8.6555	147.9120	303.5372	117.9341	26.3189	0.4584	0.3506	43.3157	26.3189
87.4234	3997.0000	-0.2300	0.3599	0.0000	191.0150	117.6300	230.6030	0.8493	128.8500	26.3722	5.0000	4000.0000	500.0000	0.0000	4002.0260	0.2773	0.2694	0.0921	0.0922	0.0738	0.5045	-0.0763	0.5634	-8.6555	147.9120	303.5372	117.9341	26.3189	0.4584	0.3506	43.3157	26.3189
87.7518	3997.0000	-0.2300	0.3599	0.0000	191.0150	117.6300	230.6030	0.8493	128.8500	26.3722	5.0000	4000.0000	500.0000	0.0000	3995.6867	0.2802	0.2909	0.0923	0.0922	-0.0458	0.5134	0.0236	0.5043	-1.4007	158.3680	303.4382	117.5782	26.3189	0.4962	0.3513	43.3382	26.3189
88.1625	4001.0000	-0.2310	0.3603	0.0000	191.0080	117.7300	230.6030	0.8504	129.0100	26.4051	5.0000	4000.0000	500.0000	0.0000	3998.9673	0.2822	0.2798	0.0922	0.0922	0.0230	0.5184	-0.0594	0.4711	-0.0893	158.3248	303.5168	118.0074	26.3189	0.4903	0.3492	43.3607	26.3189
88.3723	4001.0000	-0.2310	0.3603	0.0000	191.0080	117.7300	230.6030	0.8504	129.0100	26.4051	5.0000	4000.0000	500.0000	0.0000	3998.9673	0.2822	0.2798	0.0922	0.0922	0.0230	0.5184	-0.0594	0.4711	-0.0893	158.3248	303.5168	118.0074	26.3189	0.4903	0.3492	43.3607	26.3189
88.8990	3999.0000	-0.2300	0.3608	0.0000	191.0200	117.9300	230.6040	0.8515	129.1700	26.4086	5.0000	4000.0000	500.0000	0.0000	4000.0135	0.2603	0.2762	0.0922	0.0922	-0.0091	0.4554	-0.0344	0.5528	7.2107	154.7226	303.5277	118.0760	26.3189	0.4406	0.3530	43.3607	26.3189
88.9941	3999.0000	-0.2300	0.3608	0.0000	191.0200	117.9300	230.6040	0.8515	129.1700	26.4086	5.0000	4000.0000	500.0000	0.0000	4000.0135	0.2603	0.2762	0.0922	0.0922	-0.0091	0.4554	-0.0344	0.5528	7.2107	154.7226	303.5277	118.0760	26.3189	0.4406	0.3530	43.3607	26.3189
89.6157	3999.0000	-0.2300	0.3604	0.0000	191.0300	117.7600	230.6070	0.8504	128.9500	26.3999	5.0000	4000.0000	500.0000	0.0000	4001.3027	0.2887	0.2718	0.0928	0.0922	0.0164	0.5405	0.1040	0.4661	-0.8730	155.8694	303.5844	117.6225	26.3189	0.5478	0.3492	43.3825	26.3189
89.6375	3999.0000	-0.2300	0.3604	0.0000	191.0300	117.7600	230.6070	0.8504	128.9500	26.3999	5.0000	4000.0000	500.0000	0.0000	4001.3027	0.2887	0.2718	0.0928	0.0922	0.0164	0.5405	0.1040	0.4661	-0.8730	155.8694	303.5844	117.6225	26.3189	0.5478	0.3492	43.3825	26.3189
90.2209	3998.0000	-0.2310	0.3599	0.0000	191.0280	117.6000	230.6080	0.8495	128.8600	26.4324	5.0000	4000.0000	500.0000	0.0000	4001.7320	0.2613	0.2702	0.0913	0.0922	-0.0192	0.4683	-0.1196	0.4934	7.4941	153.4316	303.5492	117.9185	26.3189	0.5167	0.3497	43.3825	26.3189
90.3693	3998.0000	-0.2310	0.3599	0.0000	191.0280	117.6000	230.6080	0.8495	128.8600	26.4324	5.0000	4000.0000	500.0000	0.0000	4001.7320	0.2613	0.2702	0.0913	0.0922	-0.0192	0.4683	-0.1196	0.4934	7.4941	153.4316	303.5492	117.9185	26.3189	0.5167	0.3497	43.3825	26.3189
90.8426	3997.0000	-0.2300	0.3596	0.0000	190.9720	117.6100	230.6060	0.8506	128.9500	26.4550	6.0000	4000.0000	500.0000	0.0000	4000.2061	0.2752	0.2752	0.0917	0.0922	0.0617	0.5216	-0.1023	0.5314	-0.7714	152.5027	303.5329	116.8939	26.3189	0.4984	0.3462	43.4044	26.3189
91.1212	3997.0000	-0.2300	0.3596	0.0000	190.9720	117.6100	230.6060	0.8506	128.9500	26.4550	6.0000	4000.0000	500.0000	0.0000	4000.2061	0.2752	0.2752	0.0917	0.0922	0.0617	0.5216	-0.1023	0.5314	-0.7714	152.5027	303.5329	116.8939	26.3189	0.4984	0.3462	43.4044	26.3189
91.4643	3997.0000	-0.2300	0.3596	0.0000	190.9720	117.6100	230.6060	0.8506	128.9500	26.4550	6.0000	4000.0000	500.0000	0.0000	4000.4261	0.2862	0.2742	0.0919	0.0922	0.0139	0.5351	-0.0082	0.5726	12.8504	156.6745	303.5275	117.4365	26.3189	0.4549	0.3433	43.4262	26.3189
91.8652	4001.0000	-0.2290	0.3596	0.0000	191.0050	117.5800	230.6070	0.8503	128.9200	26.4459	NOT CONNECTED	4000.0000	500.0000	0.0000	4003.8955	0.2839	0.2623	0.0921	0.0922	-0.0275	0.5472	-0.0576	0.5183	4.5496	155.7522	303.5652	117.5126	26.3189	0.4885	0.3538	43.4262	26.3189
92.0864	4001.0000	-0.2290	0.3596	0.0000	191.0050	117.5800	230.6070	0.8503	128.9200	26.4459	NOT CONNECTED	4000.0000	500.0000	0.0000	4003.8955	0.2839	0.2623	0.0921	0.0922	-0.0275	0.5472	-0.0576	0.5183	4.5496	155.7522	303.5652	117.5126	26.3189	0.4885	0.3538	43.4262	26.3189
92.6037	4001.0000	-0.2300	0.3599	0.0000	191.0140	117.6500	230.6090	0.8500	128.9300	26.4436	NOT CONNECTED	4000.0000	500.0000	0.0000	3999.7457	0.2867	0.2764	0.0924	0.0922	0.1730	0.5304	-0.0272	0.5525	4.7066	154.2281	303.6467	117.1427	26.3189	0.5341	0.3486	43.4473	26.3189
92.7074	4001.0000	-0.2300	0.3599	0.0000	191.0140	117.6500	230.6090	0.8500	128.9300	26.4436	NOT CONNECTED	4000.0000	500.0000	0.0000	3999.7457	0.2867	0.2764	0.0924	0.0922	0.1730	0.5304	-0.0272	0.5525	4.7066	154.2281	303.6467	117.1427	26.3189	0.5341	0.3486	43.4473	26.3189
93.3448	4049.0000	-0.0570	0.3257	0.0000	191.3990	104.9700	230.6240	0.7920	118.2500	26.4293	NOT CONNECTED	0.0000	500.0000	0.0000	3998.5421	0.2589	0.2804	0.0925	0.0922	-0.0140	0.4493	-0.0029	0.3775	7.1773	159.2180	303.8291	117.4933	26.3189	0.4439	0.3506	43.4473	26.3189
93.6086	4049.0000	-0.0570	0.3257	0.0000	191.3990	104.9700	230.6240	0.7920	118.2500	26.4293	NOT CONNECTED	0.0000	500.0000	0.0000	3998.5421	0.2589	0.2804	0.0925	0.0922	-0.0140	0.4493	-0.0029	0.3775	7.1773	159.2180	303.8291	117.4933	26.3189	0.4439	0.3506	43.4473	26.3189
93.9825	4031.0000	-0.0510	0.1450	0.0000	193.1080	40.1700	230.6680	0.3573	48.5200	26.4634	NOT CONNECTED	0.0000	500.0000	0.0000	4040.9564	0.0712	0.0907	0.0917	0.0920	0.1570	0.1184	0.0113	0.2213	4.9042	164.2684	311.3307	37.3501	26.3189	0.2192	0.1445	43.4685	26.3189
94.3515	4031.0000	-0.0510	0.1450	0.0000	193.1080	40.1700	230.6680	0.3573	48.5200	26.4634	NOT CONNECTED	0.0000	500.0000	0.0000	4034.7101	0.1081	0.0719	0.0920	0.0920	0.0572	0.2050	0.0741	0.1653	-2.3011	160.1727	311.1859	38.0848	26.3189	0.2072	0.1429	43.4897	26.3189
94.6043	4031.0000	-0.0510	0.1450	0.0000	193.1080	40.1700	230.6680	0.3573	48.5200	26.4634	NOT CONNECTED	0.0000	500.0000	0.0000	4034.7101	0.1081	0.0719	0.0920	0.0920	0.0572	0.2050	0.0741	0.1653	-2.3011	160.1727	311.1859	38.0848	26.3189	0.2072	0.1429	43.4897	26.3189
95.0988	4025.0000	-0.0520	0.1472	0.0000	192.2330	40.3000	230.6580	0.3582	48.6400	26.4623	NOT CONNECTED	0.0000	500.0000	0.0000	4019.4664	0.1084	0.0951	0.0920	0.0920	-0.0563	0.2200	-0.0542	0.1160	-0.6943	152.2174	311.1819	37.7462	26.3189	0.1611	0.1382	43.4897	26.3189
95.2245	4025.0000	-0.0520	0.1472	0.0000	192.2330	40.3000	230.6580	0.3582	48.6400	26.4623	NOT CONNECTED	0.0000	500.0000	0.0000	4019.4664	0.1084	0.0951	0.0920	0.0920	-0.0563	0.2200	-0.0542	0.1160	-0.6943	152.2174	311.1819	37.7462	26.3189	0.1611	0.1382	43.4897	26.3189
95.8325	4015.0000	-0.0510	0.1502	0.0000	191.9120	40.7500	230.6610	0.3610	49.0800	26.4816	NOT CONNECTED	0.0000	500.0000	0.0000	4013.3556	0.1126	0.0954	0.0916	0.0921	0.0295	0.2043	0.0633	0.1265	-3.4413	158.3625	311.1725	36.8107	26.3189	0.2327	0.1459	43.5055	26.3189
95.8463	4015.0000	-0.0510	0.1502	0.0000	191.9120	40.7500	230.6610	0.3610	49.0800	26.4816	NOT CONNECTED	0.0000	500.0000	0.0000	4013.3556	0.1126	0.0954	0.0916	0.0921	0.0295	0.2043	0.0633	0.1265	-3.4413	158.3625	311.1725	36.8107	26.3189	0.2327	0.1459	43.5055	26.3189
96.6012	4011.0000	-0.0510	0.1467	0.0000	191.5330	41.1900	230.6660	0.3636	49.4700	26.4637	NOT CONNECTED	0.0000	500.0000	0.0000	3997.8983	0.0402	0.0984	0.0920	0.0814	-0.4540	0.0739	0.0298	0.0293	-5.3706	114.7728	311.2401	24.2119	26.3189	0.1927	0.1464	43.5210	26.3189
96.9941	3899.0000	0.0070	0.1475	0.0000	191.3840	41.0000	230.6680	0.3623	49.3000	26.5099	NOT CONNECTED	0.0000	500.0000	0.0000	3997.8983	0.0402	0.0984	0.0920	0.0814	-0.4540	0.0739	0.0298	0.0293	-5.3706	114.7728	311.2401	24.2119	26.3189	0.1927	0.1464	43.5210	26.3189
97.3437	3899.0000	0.0070	0.1475	0.0000	191.3840	41.0000	230.6680	0.3623	49.3000	26.5099	NOT CONNECTED	0.0000	500.0000	0.0000	3804.6854	0.0061	-0.0000	0.0521	0.0521	-1.9871	0.0070	-1.9744	0.0077	-6.7729	84.7630	313.2375	20.9980	26.3189	2.0172	1.4030	43.5346	26.3189
97.6155	3899.0000	0.0070	0.1475	0.0000	191.3840	41.0000	230.6680	0.3623	49.3000	26.5099	NOT CONNECTED	0.0000	500.0000	0.0000	3804.6854	0.0061	-0.0000	0.0521	0.0521	-1.9871	0.0070	-1.9744	0.0077	-6.7729	84.7630	313.2375	20.9980	26.3189	2.0172	1.4030	43.5346	26.3189
98.0951	3620.0000	0.0080	1.3984	0.0000	102.0610	17.2100	230.6840	0.2565	33.4700	26.5022	NOT CONNECTED	0.0000	500.0000	0.0000	3572.6501	-0.0102	-0.0000	0.0521	0.0521	-1.9805	-0.0513	-2.0373	0.0088	-6.2924	75.8264	313.2971	21.0442	26.3189	1.9984	1.4152	43.5346	26.3189
98.2369	3620.0000	0.0080	1.3984	0.0000	102.0610	17.2100	230.6840	0.2565	33.4700	26.5022	NOT CONNECTED	0.0000	500.0000	0.0000	3572.6501	-0.0102	-0.0000	0.0521	0.0521	-1.9805	-0.0513	-2.0373	0.0088	-6.2924	75.8264	313.2971	21.0442	26.3189	1.9984	1.4152	43.5346	26.3189
98.8348	3364.0000	0.0030	1.3988	0.0000	97.0450	17.1900	230.6870	0.2561	33.4700	26.4954	NOT CONNECTED	0.0000	500.0000	0.0000	3362.3869	-0.0073	-0.0000	0.0523	0.0521	-1.9881	-0.0645	-2.0591	0.0205	-6.5001	76.7033	313.2849	20.9991	26.3189	2.0028	1.4061	43.5871	26.3189
98.8581	3364.0000	0.0030	1.3988	0.0000	97.0450	17.1900	230.6870	0.2561	33.4700	26.4954	NOT CONNECTED	0.0000	500.0000	0.0000	3362.3869	-0.0073	-0.0000	0.0523	0.0521	-1.9881	-0.0645	-2.0591	0.0205	-6.5001	76.7033	313.2849	20.9991	26.3189	2.0028	1.4061	43.5871	26.3189
99.4796	3118.0000	0.0050	1.3993	0.0000	87.9770	17.1300	230.6940	0.2548	33.2800	26.5747	NOT CONNECTED	0.0000	500.0000	0.0000	3154.7702	-0.0031	-0.0000	0.0522	0.0521	-2.0707	-0.0106	-2.0310	-0.0212	-8.1737	71.9514	313.3214	20.6876	26.3189	1.9993	1.4072	43.6894	26.3189
99.6000	3118.0000	0.0050	1.3993	0.0000	87.9770	17.1300	230.6940	0.2548	33.2800	26.5747	NOT CONNECTED	0.0000	500.0000	0.0000	3154.7702	-0.0031	-0.0000	0.0522	0.0521	-2.0707	-0.0106	-2.0310	-0.0212	-8.1737	71.9514	313.3214	20.6876	26.3189	1.9993	1.4072	43.6894	26.3189
100.1007	2879.0000	0.0040	1.3997	0.0000	83.6600	17.0600	230.6980	0.2539	33.1600	26.6090	NOT CONNECTED	0.0000	500.0000	0.0000	2955.2599	0.0053	-0.0000	0.0523	0.0521	-2.0462	0.0582	-2.0205	0.0430	-7.0287	59.2923	313.2781	20.5413	26.3189	2.0332	1.4085	43.6894	26.3189
100.3353	2879.0000	0.0040	1.3997	0.0000	83.6600	17.0600	230.6980	0.2539	33.1600	26.6090	NOT CONNECTED	0.0000	500.0000	0.0000	2955.2599	0.0053	-0.0000	0.0523	0.0521	-2.0462	0.0582	-2.0205	0.0430	-7.0287	59.2923	313.2781	20.5413	26.3189	2.0332	1.4085	43.6894	26.3189
100.7236	2647.0000	0.0030	1.3997	0.0000	75.1210	16.9200	230.7050	0.2519	32.8100	26.6044	NOT CONNECTED	0.0000	500.0000	0.0000	2761.3769	0.0045	-0.0000	0.0521	0.0521	-2.0304	0.0624	-1.9424	-0.0020	-5.9429	54.9080	313.2686	20.0173	26.3189	1.9281	1.4084	43.7875	26.3189
101.0949	2647.0000	0.0030	1.3997	0.0000	75.1210	16.9200	230.7050	0.2519	32.8100	26.6044	NOT CONNECTED	0.0000	500.0000	0.0000	2567.7122	-0.0097	-0.0000	0.0521	0.0521	-2.0374	-0.0369	-1.9575	-0.0334	-7.3922	50.7516	313.3416	20.6309	26.3189	2.0019	1.4139	43.7875	26.3189
101.3441	2647.0000	0.0030	1.3997	0.0000	75.1210	16.9200	230.7050	0.2519	32.8100	26.6044	NOT CONNECTED	0.0000	500.0000	0.0000	2567.7122	-0.0097	-0.0000	0.0521	0.0521	-2.0374	-0.0369	-1.9575	-0.0334	-7.3922	50.7516	313.3416	20.6309	26.3189	2.0019	1.4139	43.7875	26.3189
101.8420	2409.0000	0.0030	1.3996	0.0000	70.7760	16.8800	230.7090	0.2509	32.7500	26.6594	NOT CONNECTED	0.0000	500.0000	0.0000	2371.4605	-0.0078	-0.0000	0.0521	0.0521	-1.9999	-0.0179	-1.9602	-0.0196	-8.1258	51.1523	313.3565	20.6809	26.3189	1.9559	1.4102	43.8797	26.3189
101.9657	2409.0000	0.0030	1.3996	0.0000	70.7760	16.8800	230.7090	0.2509	32.7500	26.6594	NOT CONNECTED	0.0000	500.0000	0.0000	2371.4605	-0.0078	-0.0000	0.0521	0.0521	-1.9999	-0.0179	-1.9602	-0.0196	-8.1258	51.1523	313.3565	20.6809	26.3189	1.9559	1.4102	43.8797	26.3189
102.5712	2185.0000	0.0020	1.3998	0.0000	62.2670	16.8800	230.7200	0.2492	32.5400	26.7087	NOT CONNECTED	0.0000	500.0000	0.0000	2186.2222	-0.0071	-0.0000	0.0521	0.0521	-1.9637	-0.0376	-1.9846	0.0148	-6.8017	46.2430	313.3850	20.8942	26.3189	1.9624	1.4104	43.9672	26.3189
102.5997	2185.0000	0.0020	1.3998	0.0000	62.2670	16.8800	230.7200	0.2492	32.5400	26.7087	NOT CONNECTED	0.0000	500.0000	0.0000	2186.2222	-0.0071	-0.0000	0.0521	0.0521	-1.9637	-0.0376	-1.9846	0.0148	-6.8017	46.2430	313.3850	20.8942	26.3189	1.9624	1.4104	43.9672	26.3189
103.1924	1946.0000	0.0070	1.4000	0.0000	58.1300	16.9000	230.7240	0.2494	32.5200	26.7471	NOT CONNECTED	0.0000	500.0000	0.0000	2000.7675	0.0015	-0.0000	0.0521	0.0521	-1.9660	0.0142	-1.9605	-0.0054	-7.0960	45.6917	313.3511	20.6606	26.3189	2.0002	1.4117	43.9672	26.3189
103.3507	1946.0000	0.0070	1.4000	0.0000	58.1300	16.9000	230.7240	0.2494	32.5200	26.7471	NOT CONNECTED	0.0000	500.0000	0.0000	2000.7675	0.0015	-0.0000	0.0521	0.0521	-1.9660	0.0142	-1.9605	-0.0054	-7.0960	45.6917	313.3511	20.6606	26.3189	2.0002	1.4117	43.9672	26.3189
103.8147	1330.0000	0.1080	1.3970	0.0000	41.7740	-1.6500	230.7420	0.1140	13.2700	26.7908	NOT CONNECTED	0.0000	500.0000	0.0000	1586.6741	-0.1168	-0.1116	0.0523	0.0523	-1.9885	-0.3604	-1.9825	-0.1750	-6.5889	31.2122	317.0796	2.1570	26.3189	1.9908	1.4095	44.0507	26.3189
104.0949	1330.0000	0.1080	1.3970	0.0000	41.7740	-1.6500	230.7420	0.1140	13.2700	26.7908	NOT CONNECTED	0.0000	500.0000	0.0000	1586.6741	-0.1168	-0.1116	0.0523	0.0523	-1.9885	-0.3604	-1.9825	-0.1750	-6.5889	31.2122	317.0796	2.1570	26.3189	1.9908	1.4095	44.0507	26.3189
104.4358	1330.0000	0.1080	1.3970	0.0000	41.7740	-1.6500	230.7420	0.1140	13.2700	26.7908	NOT CONNECTED	0.0000	500.0000	0.0000	978.6572	-0.1821	-0.1739	0.0526	0.0526	-1.9495	-0.5709	-1.9518	-0.3413	-6.5328	15.6139	317.1324	2.5818	26.3189	1.9735	1.4110	44.1242	26.3189
104.8293	454.0000	0.1690	1.3965	0.0000	28.1380	-1.2100	230.7440	0.1142	13.3000	26.8376	NOT CONNECTED	0.0000	500.0000	0.0000	0.0000	0.0000	0.0000	0.0917	0.0527	-1.7440	-0.6160	-1.8199	-0.3299	-6.2854	1.2257	317.6614	0.0000	26.3189	1.8496	1.3758	44.1242	26.3189
105.0573	454.0000	0.1690	1.3965	0.0000	28.1380	-1.2100	230.7440	0.1142	13.3000	26.8376	NOT CONNECTED	0.0000	500.0000	0.0000	0.0000	0.0000	0.0000	0.0917	0.0527	-1.7440	-0.6160	-1.8199	-0.3299	-6.2854	1.2257	317.6614	0.0000	26.3189	1.8496	1.3758	44.1242	26.3189
105.5803	0.0000	-0.0430	0.0079	0.0000	0.0000	-0.0200	230.7600	0.0000	1.7000	26.8999	NOT CONNECTED	0.0000	500.0000	0.0000	0.0000	0.0000	0.0000	0.0917	0.0527	-1.7440	-0.6160	-1.8199	-0.3299	-6.2854	1.2257	320.9780	0.0000	26.3189	1.8496	0.0060	44.1935	26.3189
105.6782	0.0000	-0.0430	0.0079	0.0000	0.0000	-0.0200	230.7600	0.0000	1.7000	26.8999	NOT CONNECTED	0.0000	500.0000	0.0000	0.0000	0.0000	0.0000	0.0917	0.0527	-1.7440	-0.6160	-1.8199	-0.3299	-6.2854	1.2257	320.9780	0.0000	26.3189	1.8496	0.0060	44.1935	26.3189
106.2845	0.0000	-0.0410	0.0079	0.0000	0.0000	-0.0200	230.7610	0.0000	1.6400	26.9013	NOT CONNECTED	0.0000	500.0000	0.0000	0.0000	0.0000	0.0000	0.0917	0.0527	-1.7440	-0.6160	-1.8199	-0.3299	-6.2854	1.2257	321.0537	0.0000	26.3189	1.8496	0.0061	44.1935	26.3189
106.3158	0.0000	-0.0410	0.0079	0.0000	0.0000	-0.0200	230.7610	0.0000	1.6400	26.9013	NOT CONNECTED	0.0000	500.0000	0.0000	0.0000	0.0000	0.0000	0.0917	0.0527	-1.7440	-0.6160	-1.8199	-0.3299	-6.2854	1.2257	321.0537	0.0000	26.3189	1.8496	0.0061	44.1935	26.3189
106.9127	0.0000	-0.0410	0.0079	0.0000	0.0000	-0.0200	230.7680	0.0000	1.5400	26.9645	NOT CONNECTED	0.0000	500.0000	0.0000	0.0000	0.0000	0.0000	0.0917	0.0527	-1.7440	-0.6160	-1.8199	-0.3299	0.0000	0.0000	321.1539	0.0000	26.3189	1.8496	0.0058	44.2094	26.3189
107.0914	0.0000	-0.0410	0.0079	0.0000	0.0000	-0.0200	230.7680	0.0000	1.5400	26.9645	NOT CONNECTED	0.0000	500.0000	0.0000	0.0000	0.0000	0.0000	0.0917	0.0527	-1.7440	-0.6160	-1.8199	-0.3299	0.0000	0.0000	321.1539	0.0000	26.3189	1.8496	0.0058	44.2094	26.3189
107.5435	0.0000	-0.0410	0.0079	0.0000	0.0000	-0.0200	230.7730	0.0000	1.5300	26.9722	NOT CONNECTED	0.0000	500.0000	0.0000	0.0000	0.0000	0.0000	0.0917	0.0527	-1.7440	-0.6160	-1.8199	-0.3299	0.0000	0.0000	321.1971	0.0000	26.3189	1.8496	0.0057	44.1673	26.3189
107.8300	0.0000	-0.0410	0.0079	0.0000	0.0000	-0.0200	230.7730	0.0000	1.5300	26.9722	NOT CONNECTED	0.0000	500.0000	0.0000	0.0000	0.0000	0.0000	0.0917	0.0527	-1.7440	-0.6160	-1.8199	-0.3299	0.0000	0.0000	321.1971	0.0000	26.3189	1.8496	0.0057	44.1673	26.3189
108.1646	0.0000	-0.0410	0.0079	0.0000	0.0000	-0.0200	230.7730	0.0000	1.5300	26.9722	NOT CONNECTED	0.0000	500.0000	0.0000	0.0000	0.0000	0.0000	0.0917	0.0527	-1.7440	-0.6160	-1.8199	-0.3299	0.0000	0.0000	321.1768	0.0000	26.3189	1.8496	0.0056	44.1673	26.3189
108.6015	0.0000	-0.0410	0.0079	0.0000	0.0000	-0.0200	230.7830	0.0000	1.5200	26.9717	NOT CONNECTED	0.0000	500.0000	0.0000	0.0000	0.0000	0.0000	0.0917	0.0527	-1.7440	-0.6160	-1.8199	-0.3299	0.0000	0.0000	321.1363	0.0000	26.3189	1.8496	0.0055	44.1256	26.3189
108.7863	NOT CONNECTED	NOT CONNECTED	NOT CONNECTED	NOT CONNECTED	NOT CONNECTED	NOT CONNECTED	NOT CONNECTED	NOT CONNECTED	NOT CONNECTED	NOT CONNECTED	NOT CONNECTED	0.0000	500.0000	0.0000	0.0000	0.0000	0.0000	0.0917	0.0527	-1.7440	-0.6160	-1.8199	-0.3299	0.0000	0.0000	321.1363	0.0000	26.3189	1.8496	0.0055	44.1256	26.3189
