Time	speed	torque	motor_current	motor_current_thd	motor_voltage	motor_power	line_voltage	line_current	line_power	motor_temperature	Test_Marker	BD_Target_Speed	BD_Target_Accel	BD_Update_Cmd	Mcl_Quantities.Speed_Rot_Mech	Mcl_Quantities.Torque	Mcl_Quantities.Torque_Ref	Mcl_Quantities.Stator_Flux_Mag	Mcl_Quantities.Flux_Ref	Mcl_Quantities.Id_stator_current	Mcl_Quantities.Iq_stator_current	Mcl_Quantities.Id_rotor_current	Rotor_Curr_Iq	Flux_Controller.Out	Torque_Controller.Out	DC_Bus_RMS	Mcl_Quantities.Electrical_Power	Mcl_Quantities.Stator_Temperature	Mcl_Quantities.Is_Abs	Mcl_Quantities.IsRMS	SR_Overheating_Temp	My_Measured_Temp
0.7317	0.0000	-0.0090	0.0079	0.0000	0.0000	-0.0200	230.6550	0.0000	1.5100	30.0768	NOT CONNECTED	NOT CONNECTED	NOT CONNECTED	NOT CONNECTED	NOT CONNECTED	NOT CONNECTED	NOT CONNECTED	NOT CONNECTED	NOT CONNECTED	NOT CONNECTED	NOT CONNECTED	NOT CONNECTED	NOT CONNECTED	NOT CONNECTED	NOT CONNECTED	NOT CONNECTED	NOT CONNECTED	NOT CONNECTED	NOT CONNECTED	NOT CONNECTED	NOT CONNECTED	NOT CONNECTED
1.4667	0.0000	-0.0060	0.0080	0.0000	0.0000	-0.0200	230.6240	0.0000	1.5100	30.0615	NOT CONNECTED	NOT CONNECTED	NOT CONNECTED	NOT CONNECTED	NOT CONNECTED	NOT CONNECTED	NOT CONNECTED	NOT CONNECTED	NOT CONNECTED	NOT CONNECTED	NOT CONNECTED	NOT CONNECTED	NOT CONNECTED	NOT CONNECTED	NOT CONNECTED	NOT CONNECTED	NOT CONNECTED	NOT CONNECTED	NOT CONNECTED	NOT CONNECTED	NOT CONNECTED	NOT CONNECTED
1.8360	0.0000	-0.0070	0.0079	0.0000	0.0000	-0.0200	230.6130	0.0000	1.5100	30.0622	NOT CONNECTED	0.0000	500.0000	0.0000	0.0000	0.0000	0.0000	0.0917	0.0527	-1.4547	-0.6285	-1.5426	-0.3631	0.0000	0.0000	320.9874	0.0000	28.7536	1.5847	0.0054	48.1126	28.7536
2.1979	0.0000	-0.0070	0.0079	0.0000	0.0000	-0.0200	230.6130	0.0000	1.5100	30.0622	NOT CONNECTED	0.0000	500.0000	0.0000	0.0000	0.0000	0.0000	0.0917	0.0527	-1.4547	-0.6285	-1.5426	-0.3631	0.0000	0.0000	320.9157	0.0000	28.7536	1.5847	0.0053	48.1126	28.7536
2.4577	0.0000	-0.0070	0.0079	0.0000	0.0000	-0.0200	230.6130	0.0000	1.5100	30.0622	NOT CONNECTED	0.0000	500.0000	0.0000	0.0000	0.0000	0.0000	0.0917	0.0527	-1.4547	-0.6285	-1.5426	-0.3631	0.0000	0.0000	320.9157	0.0000	28.7536	1.5847	0.0053	48.1126	28.7536
2.9455	0.0000	-0.0070	0.0080	0.0000	0.0000	-0.0200	230.5900	0.0000	1.5100	30.0483	NOT CONNECTED	0.0000	500.0000	0.0000	0.0000	0.0000	0.0000	0.0917	0.0527	-1.4547	-0.6285	-1.5426	-0.3631	0.0000	0.0000	320.8968	0.0000	28.7536	1.5847	0.0057	48.0315	28.7536
3.0788	0.0000	-0.0070	0.0080	0.0000	0.0000	-0.0200	230.5900	0.0000	1.5100	30.0483	NOT CONNECTED	0.0000	500.0000	0.0000	0.0000	0.0000	0.0000	0.0917	0.0527	-1.4547	-0.6285	-1.5426	-0.3631	0.0000	0.0000	320.8968	0.0000	28.7536	1.5847	0.0057	48.0315	28.7536
3.6771	0.0000	-0.0070	0.0080	0.0000	0.0000	-0.0200	230.5790	0.0000	1.5100	30.0555	NOT CONNECTED	0.0000	500.0000	0.0000	0.0000	0.0000	0.0000	0.0917	0.0527	-1.4547	-0.6285	-1.5426	-0.3631	0.0000	0.0000	320.8237	0.0000	28.7536	1.5847	0.0054	48.0315	28.7536
3.7003	0.0000	-0.0070	0.0080	0.0000	0.0000	-0.0200	230.5790	0.0000	1.5100	30.0555	NOT CONNECTED	0.0000	500.0000	0.0000	0.0000	0.0000	0.0000	0.0917	0.0527	-1.4547	-0.6285	-1.5426	-0.3631	0.0000	0.0000	320.8237	0.0000	28.7536	1.5847	0.0054	48.0315	28.7536
4.3066	0.0000	-0.0080	0.0080	0.0000	0.0000	-0.0200	230.5600	0.0000	1.5200	30.0439	NOT CONNECTED	0.0000	500.0000	0.0000	0.0000	0.0000	0.0000	0.0917	0.0527	-1.4547	-0.6285	-1.5426	-0.3631	0.0000	0.0000	320.9103	0.0000	28.7536	1.5847	0.0053	47.9512	28.7536
4.4338	0.0000	-0.0080	0.0080	0.0000	0.0000	-0.0200	230.5600	0.0000	1.5200	30.0439	NOT CONNECTED	0.0000	500.0000	0.0000	0.0000	0.0000	0.0000	0.0917	0.0527	-1.4547	-0.6285	-1.5426	-0.3631	0.0000	0.0000	320.9103	0.0000	28.7536	1.5847	0.0053	47.9512	28.7536
4.9282	0.0000	-0.0060	0.0080	0.0000	0.0000	-0.0200	230.5530	0.0000	1.5100	30.0691	NOT CONNECTED	0.0000	500.0000	0.0000	0.0000	0.0000	0.0000	0.0917	0.0527	-1.4547	-0.6285	-1.5426	-0.3631	0.0000	0.0000	320.8467	0.0000	28.7536	1.5847	0.0056	47.8717	28.7536
5.1767	0.0000	-0.0060	0.0080	0.0000	0.0000	-0.0200	230.5530	0.0000	1.5100	30.0691	NOT CONNECTED	0.0000	500.0000	0.0000	0.0000	0.0000	0.0000	0.0917	0.0527	-1.4547	-0.6285	-1.5426	-0.3631	0.0000	0.0000	320.8467	0.0000	28.7536	1.5847	0.0056	47.8717	28.7536
5.5495	0.0000	-0.0060	0.0080	0.0000	0.0000	-0.0200	230.5530	0.0000	1.5100	30.0691	NOT CONNECTED	0.0000	500.0000	0.0000	0.0000	0.0000	0.0000	0.0917	0.0527	-1.4547	-0.6285	-1.5426	-0.3631	0.0000	0.0000	320.8251	0.0000	28.7536	1.5847	0.0057	47.8717	28.7536
5.9479	0.0000	-0.0110	0.0080	0.0000	0.0000	-0.0200	230.5390	0.0000	1.5100	30.0694	NOT CONNECTED	0.0000	500.0000	0.0000	0.0000	0.0000	0.0000	0.0917	0.0527	-1.4547	-0.6285	-1.5426	-0.3631	0.0000	0.0000	320.8142	0.0000	28.7536	1.5847	0.0055	47.7929	28.7536
6.1702	0.0000	-0.0110	0.0080	0.0000	0.0000	-0.0200	230.5390	0.0000	1.5100	30.0694	NOT CONNECTED	0.0000	500.0000	0.0000	0.0000	0.0000	0.0000	0.0917	0.0527	-1.4547	-0.6285	-1.5426	-0.3631	0.0000	0.0000	320.8142	0.0000	28.7536	1.5847	0.0055	47.7929	28.7536
6.6786	0.0000	-0.0080	0.0080	0.0000	0.0000	-0.0200	230.5340	0.0000	1.5100	30.0634	NOT CONNECTED	0.0000	500.0000	0.0000	0.0000	0.0000	0.0000	0.0917	0.0527	-1.4547	-0.6285	-1.5426	-0.3631	0.0000	0.0000	320.8007	0.0000	28.7536	1.5847	0.0057	47.7150	28.7536
6.7769	0.0000	-0.0080	0.0080	0.0000	0.0000	-0.0200	230.5340	0.0000	1.5100	30.0634	NOT CONNECTED	0.0000	500.0000	0.0000	0.0000	0.0000	0.0000	0.0917	0.0527	-1.4547	-0.6285	-1.5426	-0.3631	0.0000	0.0000	320.8007	0.0000	28.7536	1.5847	0.0057	47.7150	28.7536
7.3979	0.0000	-0.0090	0.0079	0.0000	0.0000	-0.0200	230.5220	0.0000	1.5100	30.0363	NOT CONNECTED	0.0000	500.0000	0.0000	0.0000	0.0000	0.0000	0.0917	0.0527	-1.4547	-0.6285	-1.5426	-0.3631	0.0000	0.0000	320.8427	0.0000	28.7536	1.5847	0.0054	47.7150	28.7536
7.4329	0.0000	-0.0090	0.0079	0.0000	0.0000	-0.0200	230.5220	0.0000	1.5100	30.0363	NOT CONNECTED	0.0000	500.0000	0.0000	0.0000	0.0000	0.0000	0.0917	0.0527	-1.4547	-0.6285	-1.5426	-0.3631	0.0000	0.0000	320.8427	0.0000	28.7536	1.5847	0.0054	47.7150	28.7536
8.0195	0.0000	-0.0100	0.0079	0.0000	0.0000	-0.0200	230.5180	0.0000	1.5100	30.0240	NOT CONNECTED	0.0000	500.0000	0.0000	0.0000	0.0000	0.0000	0.0917	0.0527	-1.4547	-0.6285	-1.5426	-0.3631	0.0000	0.0000	320.8237	0.0000	28.7536	1.5847	0.0053	47.6379	28.7536
8.1652	0.0000	-0.0100	0.0079	0.0000	0.0000	-0.0200	230.5180	0.0000	1.5100	30.0240	NOT CONNECTED	0.0000	500.0000	0.0000	0.0000	0.0000	0.0000	0.0917	0.0527	-1.4547	-0.6285	-1.5426	-0.3631	0.0000	0.0000	320.8237	0.0000	28.7536	1.5847	0.0053	47.6379	28.7536
8.6561	0.0000	-0.0050	0.0079	0.0000	0.0000	-0.0200	230.5100	0.0000	1.5100	30.0393	NOT CONNECTED	0.0000	500.0000	0.0000	0.0000	0.0000	0.0000	0.0917	0.0527	-1.4547	-0.6285	-1.5426	-0.3631	0.0000	0.0000	320.7682	0.0000	28.7536	1.5847	0.0056	47.6379	28.7536
8.9445	0.0000	-0.0050	0.0079	0.0000	0.0000	-0.0200	230.5100	0.0000	1.5100	30.0393	NOT CONNECTED	0.0000	500.0000	0.0000	0.0000	0.0000	0.0000	0.0917	0.0527	-1.4547	-0.6285	-1.5426	-0.3631	0.0000	0.0000	320.7682	0.0000	28.7536	1.5847	0.0056	47.6379	28.7536
9.2774	0.0000	-0.0050	0.0079	0.0000	0.0000	-0.0200	230.5100	0.0000	1.5100	30.0393	NOT CONNECTED	0.0000	500.0000	0.0000	0.0000	0.0000	0.0000	0.0917	0.0527	-1.4547	-0.6285	-1.5426	-0.3631	0.0000	0.0000	320.8088	0.0000	28.7536	1.5847	0.0057	47.5615	28.7536
9.6834	0.0000	-0.0100	0.0079	0.0000	0.0000	-0.0200	230.5050	0.0000	1.5200	30.0587	NOT CONNECTED	0.0000	500.0000	0.0000	0.0000	0.0000	0.0000	0.0917	0.0527	-1.4547	-0.6285	-1.5426	-0.3631	0.0000	0.0000	320.8250	0.0000	28.7536	1.5847	0.0056	47.4859	28.7536
9.8987	0.0000	-0.0100	0.0079	0.0000	0.0000	-0.0200	230.5050	0.0000	1.5200	30.0587	NOT CONNECTED	0.0000	500.0000	0.0000	0.0000	0.0000	0.0000	0.0917	0.0527	-1.4547	-0.6285	-1.5426	-0.3631	0.0000	0.0000	320.8250	0.0000	28.7536	1.5847	0.0056	47.4859	28.7536
10.4332	0.0000	-0.0100	0.0079	0.0000	0.0000	-0.0200	230.5000	0.0000	1.5100	30.0504	NOT CONNECTED	0.0000	500.0000	0.0000	0.0000	0.0000	0.0000	0.0917	0.0527	-1.4547	-0.6285	-1.5426	-0.3631	0.0000	0.0000	320.8007	0.0000	28.7536	1.5847	0.0054	47.4859	28.7536
10.5205	0.0000	-0.0100	0.0079	0.0000	0.0000	-0.0200	230.5000	0.0000	1.5100	30.0504	NOT CONNECTED	0.0000	500.0000	0.0000	0.0000	0.0000	0.0000	0.0917	0.0527	-1.4547	-0.6285	-1.5426	-0.3631	0.0000	0.0000	320.8007	0.0000	28.7536	1.5847	0.0054	47.4859	28.7536
11.1429	0.0000	-0.0070	0.0079	0.0000	0.0000	-0.0200	230.4980	0.0000	1.5200	30.0279	NOT CONNECTED	0.0000	500.0000	0.0000	0.0000	0.0000	0.0000	0.0917	0.0527	-1.4547	-0.6285	-1.5426	-0.3631	0.0000	0.0000	320.6911	0.0000	28.7536	1.5847	0.0059	47.4110	28.7536
11.1623	0.0000	-0.0070	0.0079	0.0000	0.0000	-0.0200	230.4980	0.0000	1.5200	30.0279	NOT CONNECTED	0.0000	500.0000	0.0000	0.0000	0.0000	0.0000	0.0917	0.0527	-1.4547	-0.6285	-1.5426	-0.3631	0.0000	0.0000	320.6911	0.0000	28.7536	1.5847	0.0059	47.4110	28.7536
11.7803	0.0000	-0.0090	0.0079	0.0000	0.0000	-0.0200	230.4950	0.0000	1.5200	30.0179	NOT CONNECTED	0.0000	500.0000	0.0000	0.0000	0.0000	0.0000	0.0917	0.0527	-1.4547	-0.6285	-1.5426	-0.3631	0.0000	0.0000	320.7371	0.0000	28.7536	1.5847	0.0056	47.3369	28.7536
11.9443	0.0000	-0.0090	0.0079	0.0000	0.0000	-0.0200	230.4950	0.0000	1.5200	30.0179	NOT CONNECTED	0.0000	500.0000	0.0000	0.0000	0.0000	0.0000	0.0917	0.0527	-1.4547	-0.6285	-1.5426	-0.3631	0.0000	0.0000	320.7371	0.0000	28.7536	1.5847	0.0056	47.3369	28.7536
12.4010	0.0000	-0.0080	0.0079	0.0000	0.0000	-0.0200	230.4920	0.0000	1.5100	30.0367	NOT CONNECTED	0.0000	500.0000	0.0000	0.0000	0.0000	0.0000	0.0917	0.0527	-1.4547	-0.6285	-1.5426	-0.3631	0.0000	0.0000	320.7655	0.0000	28.7536	1.5847	0.0057	47.3369	28.7536
12.6706	0.0000	-0.0080	0.0079	0.0000	0.0000	-0.0200	230.4920	0.0000	1.5100	30.0367	NOT CONNECTED	0.0000	500.0000	0.0000	0.0000	0.0000	0.0000	0.0917	0.0527	-1.4547	-0.6285	-1.5426	-0.3631	0.0000	0.0000	320.7655	0.0000	28.7536	1.5847	0.0057	47.3369	28.7536
13.0225	0.0000	-0.0080	0.0079	0.0000	0.0000	-0.0200	230.4920	0.0000	1.5100	30.0367	NOT CONNECTED	0.0000	500.0000	0.0000	0.0000	0.0000	0.0000	0.0917	0.0527	-1.4547	-0.6285	-1.5426	-0.3631	0.0000	0.0000	320.8088	0.0000	28.7536	1.5847	0.0052	47.2635	28.7536
13.6374	0.0000	-0.0070	0.0079	0.0000	0.0000	-0.0200	230.4920	0.0000	1.5100	29.9950	NOT CONNECTED	0.0000	500.0000	0.0000	0.0000	0.0000	0.0000	0.0917	0.0527	-1.4547	-0.6285	-1.5426	-0.3631	0.0000	0.0000	320.7560	0.0000	30.0367	1.5847	0.0053	47.2635	30.0367
13.6601	0.0000	-0.0070	0.0079	0.0000	0.0000	-0.0200	230.4920	0.0000	1.5100	29.9950	NOT CONNECTED	0.0000	500.0000	0.0000	0.0000	0.0000	0.0000	0.0917	0.0527	-1.4547	-0.6285	-1.5426	-0.3631	0.0000	0.0000	320.7560	0.0000	30.0367	1.5847	0.0053	47.2635	30.0367
14.2657	0.0000	-0.0060	0.0079	0.0000	0.0000	-0.0200	230.4930	0.0000	1.5200	30.0152	NOT CONNECTED	0.0000	500.0000	0.0000	0.0000	0.0000	0.0000	0.0917	0.0527	-1.4547	-0.6285	-1.5426	-0.3631	0.0000	0.0000	320.7668	0.0000	30.0367	1.5847	0.0057	47.1909	30.0367
14.3713	0.0000	-0.0060	0.0079	0.0000	0.0000	-0.0200	230.4930	0.0000	1.5200	30.0152	NOT CONNECTED	0.0000	500.0000	0.0000	0.0000	0.0000	0.0000	0.0917	0.0527	-1.4547	-0.6285	-1.5426	-0.3631	0.0000	0.0000	320.7668	0.0000	30.0367	1.5847	0.0057	47.1909	30.0367
14.8716	0.0000	-0.0090	0.0079	0.0000	0.0000	-0.0200	230.4970	0.0000	1.5100	30.0309	NOT CONNECTED	0.0000	500.0000	0.0000	0.0000	0.0000	0.0000	0.0917	0.0527	-1.4547	-0.6285	-1.5426	-0.3631	0.0000	0.0000	320.7371	0.0000	30.0367	1.5847	0.0055	47.1190	30.0367
15.1167	0.0000	-0.0090	0.0079	0.0000	0.0000	-0.0200	230.4970	0.0000	1.5100	30.0309	NOT CONNECTED	0.0000	500.0000	0.0000	0.0000	0.0000	0.0000	0.0917	0.0527	-1.4547	-0.6285	-1.5426	-0.3631	0.0000	0.0000	320.7371	0.0000	30.0367	1.5847	0.0055	47.1190	30.0367
15.4927	0.0000	-0.0080	0.0079	0.0000	0.0000	-0.0200	230.5000	0.0000	1.5100	30.0061	NOT CONNECTED	0.0000	500.0000	0.0000	0.0000	0.0000	0.0000	0.0917	0.0527	-1.4547	-0.6285	-1.5426	-0.3631	0.0000	0.0000	320.7642	0.0000	30.0367	1.5847	0.0056	47.1190	30.0367
15.8445	0.0000	-0.0080	0.0079	0.0000	0.0000	-0.0200	230.5000	0.0000	1.5100	30.0061	NOT CONNECTED	0.0000	500.0000	0.0000	0.0000	0.0000	0.0000	0.0917	0.0527	-1.4547	-0.6285	-1.5426	-0.3631	0.0000	0.0000	320.8318	0.0000	30.0367	1.5847	0.0059	47.0478	30.0367
16.0985	0.0000	-0.0080	0.0079	0.0000	0.0000	-0.0200	230.5000	0.0000	1.5100	30.0061	NOT CONNECTED	0.0000	500.0000	0.0000	0.0000	0.0000	0.0000	0.0917	0.0527	-1.4547	-0.6285	-1.5426	-0.3631	0.0000	0.0000	320.8318	0.0000	30.0367	1.5847	0.0059	47.0478	30.0367
16.5749	0.0000	-0.0090	0.0079	0.0000	0.0000	-0.0200	230.5090	0.0000	1.5100	30.0154	NOT CONNECTED	8000.0000	500.0000	0.0000	0.0000	0.0000	0.0000	0.0917	0.0527	-1.4547	-0.6285	-1.5426	-0.3631	0.0000	0.0000	320.8020	0.0000	30.0367	1.5847	0.0055	47.0478	30.0367
16.7202	0.0000	-0.0090	0.0079	0.0000	0.0000	-0.0200	230.5090	0.0000	1.5100	30.0154	NOT CONNECTED	8000.0000	500.0000	0.0000	0.0000	0.0000	0.0000	0.0917	0.0527	-1.4547	-0.6285	-1.5426	-0.3631	0.0000	0.0000	320.8020	0.0000	30.0367	1.5847	0.0055	47.0478	30.0367
17.3107	0.0000	-0.0080	0.0079	0.0000	0.0000	-0.0200	230.5160	0.0000	1.5300	29.9890	NOT CONNECTED	8000.0000	500.0000	0.0000	0.0000	0.0000	0.0000	0.0917	0.0527	-1.4547	-0.6285	-1.5426	-0.3631	0.0000	0.0000	320.7722	0.0000	30.0367	1.5847	0.0057	46.9773	30.0367
17.3413	0.0000	-0.0080	0.0079	0.0000	0.0000	-0.0200	230.5160	0.0000	1.5300	29.9890	NOT CONNECTED	8000.0000	500.0000	0.0000	0.0000	0.0000	0.0000	0.0917	0.0527	-1.4547	-0.6285	-1.5426	-0.3631	0.0000	0.0000	320.7722	0.0000	30.0367	1.5847	0.0057	46.9773	30.0367
17.9793	0.0000	-0.0090	0.0079	0.0000	0.0000	-0.0200	230.5320	0.0000	1.5200	30.0112	NOT CONNECTED	8000.0000	500.0000	0.0000	0.0000	0.0000	0.0000	0.0917	0.0527	-1.4547	-0.6285	-1.5426	-0.3631	0.0000	0.0000	320.7777	0.0000	30.0367	1.5847	0.0054	46.9075	30.0367
18.0444	0.0000	-0.0090	0.0079	0.0000	0.0000	-0.0200	230.5320	0.0000	1.5200	30.0112	NOT CONNECTED	8000.0000	500.0000	0.0000	0.0000	0.0000	0.0000	0.0917	0.0527	-1.4547	-0.6285	-1.5426	-0.3631	0.0000	0.0000	320.7777	0.0000	30.0367	1.5847	0.0054	46.9075	30.0367
18.6002	0.0000	-0.0070	0.0079	0.0000	0.0000	-0.0200	230.5410	0.0000	1.5200	30.0010	NOT CONNECTED	8000.0000	500.0000	0.0000	0.0000	0.0000	0.0000	0.0917	0.0527	-1.4547	-0.6285	-1.5426	-0.3631	0.0000	0.0000	320.7588	0.0000	30.0367	1.5847	0.0055	46.9075	30.0367
18.7766	0.0000	-0.0070	0.0079	0.0000	0.0000	-0.0200	230.5410	0.0000	1.5200	30.0010	NOT CONNECTED	8000.0000	500.0000	0.0000	0.0000	0.0000	0.0000	0.0917	0.0527	-1.4547	-0.6285	-1.5426	-0.3631	0.0000	0.0000	320.7588	0.0000	30.0367	1.5847	0.0055	46.9075	30.0367
19.2215	0.0000	-0.0090	0.0079	0.0000	0.0000	-0.0200	230.5640	0.0000	1.5300	29.9334	NOT CONNECTED	8000.0000	500.0000	0.0000	0.0000	0.0000	0.0000	0.0917	0.0527	-1.4547	-0.6285	-1.5426	-0.3631	0.0000	0.0000	320.8954	0.0000	30.0367	1.5847	0.0053	46.8385	30.0367
19.5095	0.0000	-0.0090	0.0079	0.0000	0.0000	-0.0200	230.5640	0.0000	1.5300	29.9334	NOT CONNECTED	8000.0000	500.0000	0.0000	0.0000	0.0000	0.0000	0.0917	0.0527	-1.4547	-0.6285	-1.5426	-0.3631	0.0000	0.0000	320.8954	0.0000	30.0367	1.5847	0.0053	46.8385	30.0367
19.8428	0.0000	-0.0090	0.0079	0.0000	0.0000	-0.0200	230.5640	0.0000	1.5300	29.9334	NOT CONNECTED	8000.0000	500.0000	0.0000	0.0000	0.0000	0.0000	0.0917	0.0527	-1.4547	-0.6285	-1.5426	-0.3631	0.0000	0.0000	320.8832	0.0000	30.0367	1.5847	0.0055	46.7701	30.0367
20.2404	0.0000	-0.0080	0.0079	0.0000	0.0000	-0.0200	230.5780	0.0000	1.5300	29.9837	NOT CONNECTED	8000.0000	500.0000	0.0000	0.0000	0.0000	0.0000	0.0917	0.0527	-1.4547	-0.6285	-1.5426	-0.3631	0.0000	0.0000	320.8454	0.0000	30.0367	1.5847	0.0055	46.7701	30.0367
20.4647	0.0000	-0.0080	0.0079	0.0000	0.0000	-0.0200	230.5780	0.0000	1.5300	29.9837	NOT CONNECTED	8000.0000	500.0000	0.0000	0.0000	0.0000	0.0000	0.0917	0.0527	-1.4547	-0.6285	-1.5426	-0.3631	0.0000	0.0000	320.8454	0.0000	30.0367	1.5847	0.0055	46.7701	30.0367
20.9725	0.0000	-0.0090	0.0079	0.0000	0.0000	-0.0200	230.6100	0.0000	1.5200	29.9711	NOT CONNECTED	8000.0000	500.0000	0.0000	0.0000	0.0000	0.0000	0.0917	0.0527	-1.4547	-0.6285	-1.5426	-0.0715	5.7752	0.2127	316.1232	0.0000	30.0367	1.5847	0.0055	46.7024	30.0367
21.0859	0.0000	-0.0090	0.0079	0.0000	0.0000	-0.0200	230.6100	0.0000	1.5200	29.9711	NOT CONNECTED	8000.0000	500.0000	0.0000	0.0000	0.0000	0.0000	0.0917	0.0527	-1.4547	-0.6285	-1.5426	-0.0715	5.7752	0.2127	316.1232	0.0000	30.0367	1.5847	0.0055	46.7024	30.0367
21.7077	129.0000	-0.0930	0.7033	0.0000	6.3110	4.9200	230.6210	0.1093	12.5000	29.9552	NOT CONNECTED	8000.0000	500.0000	0.0000	111.8464	0.2428	0.2319	0.1106	0.1100	1.0193	0.3565	1.0207	0.4978	4.2249	8.9055	316.0663	10.4718	30.0367	1.0828	0.7531	46.7024	30.0367
22.3289	513.0000	-0.1090	0.2019	0.0000	20.0020	6.4600	230.6630	0.1036	12.0300	29.9482	NOT CONNECTED	8000.0000	500.0000	0.0000	440.8428	0.1476	0.1584	0.0921	0.0921	0.1126	0.2618	0.0286	0.2932	0.2061	19.2334	316.9795	7.4016	30.0367	0.3217	0.4082	46.6354	30.0367
22.4490	513.0000	-0.1090	0.2019	0.0000	20.0020	6.4600	230.6630	0.1036	12.0300	29.9482	NOT CONNECTED	8000.0000	500.0000	0.0000	440.8428	0.1476	0.1584	0.0921	0.0921	0.1126	0.2618	0.0286	0.2932	0.2061	19.2334	316.9795	7.4016	30.0367	0.3217	0.4082	46.6354	30.0367
22.9513	890.0000	-0.1100	0.2026	0.0000	31.9880	10.6600	230.6770	0.1386	16.7700	29.9538	NOT CONNECTED	8000.0000	500.0000	0.0000	753.0733	0.1414	0.1526	0.0921	0.0921	0.0855	0.2501	0.0689	0.3033	0.1818	31.1994	315.5385	12.8533	30.0367	0.2983	0.2081	46.5956	30.0367
23.1966	890.0000	-0.1100	0.2026	0.0000	31.9880	10.6600	230.6770	0.1386	16.7700	29.9538	NOT CONNECTED	8000.0000	500.0000	0.0000	753.0733	0.1414	0.1526	0.0921	0.0921	0.0855	0.2501	0.0689	0.3033	0.1818	31.1994	315.5385	12.8533	30.0367	0.2983	0.2081	46.5956	30.0367
23.5559	890.0000	-0.1100	0.2026	0.0000	31.9880	10.6600	230.6770	0.1386	16.7700	29.9538	NOT CONNECTED	8000.0000	500.0000	0.0000	1057.7873	0.1563	0.1616	0.0921	0.0921	0.0908	0.2828	0.0383	0.2876	0.1943	42.8862	314.1220	18.0407	30.0367	0.2882	0.2091	46.5956	30.0367
23.9499	1266.0000	-0.1100	0.2094	0.0000	55.5690	19.4900	230.7120	0.2077	26.6300	29.9556	NOT CONNECTED	8000.0000	500.0000	0.0000	1359.1564	0.1619	0.1715	0.0921	0.0921	0.0339	0.3060	0.0497	0.2685	0.1779	54.5786	313.0533	23.6799	30.0367	0.2841	0.2129	46.5424	30.0367
24.1612	1266.0000	-0.1100	0.2094	0.0000	55.5690	19.4900	230.7120	0.2077	26.6300	29.9556	NOT CONNECTED	8000.0000	500.0000	0.0000	1359.1564	0.1619	0.1715	0.0921	0.0921	0.0339	0.3060	0.0497	0.2685	0.1779	54.5786	313.0533	23.6799	30.0367	0.2841	0.2129	46.5424	30.0367
24.6877	1637.0000	-0.1100	0.2141	0.0000	67.2560	24.2100	230.7300	0.2429	31.7700	29.9373	NOT CONNECTED	8000.0000	500.0000	0.0000	1666.1544	0.1613	0.1583	0.0921	0.0921	0.0802	0.2905	0.0261	0.2822	0.2002	65.9030	311.9914	29.5379	30.0367	0.3110	0.2184	46.4964	30.0367
24.7829	1637.0000	-0.1100	0.2141	0.0000	67.2560	24.2100	230.7300	0.2429	31.7700	29.9373	NOT CONNECTED	8000.0000	500.0000	0.0000	1666.1544	0.1613	0.1583	0.0921	0.0921	0.0802	0.2905	0.0261	0.2822	0.2002	65.9030	311.9914	29.5379	30.0367	0.3110	0.2184	46.4964	30.0367
25.4046	2010.0000	-0.1100	0.2228	0.0000	90.9010	34.1400	230.7640	0.3137	42.4000	29.9253	NOT CONNECTED	8000.0000	500.0000	0.0000	1975.8928	0.1624	0.1748	0.0921	0.0921	0.0295	0.2948	0.0425	0.3073	0.3027	77.8913	310.9258	35.9865	30.0367	0.3392	0.2234	46.4964	30.0367
25.4397	2010.0000	-0.1100	0.2228	0.0000	90.9010	34.1400	230.7640	0.3137	42.4000	29.9253	NOT CONNECTED	8000.0000	500.0000	0.0000	1975.8928	0.1624	0.1748	0.0921	0.0921	0.0295	0.2948	0.0425	0.3073	0.3027	77.8913	310.9258	35.9865	30.0367	0.3392	0.2234	46.4964	30.0367
26.0255	2378.0000	-0.1110	0.2275	0.0000	102.8680	39.4700	230.7830	0.3502	48.1100	29.9081	NOT CONNECTED	8000.0000	500.0000	0.0000	2291.6863	0.1686	0.1620	0.0921	0.0921	0.0269	0.3119	0.0566	0.3324	0.4725	90.6570	310.0346	42.4157	30.0367	0.3355	0.2293	46.4578	30.0367
26.1747	2378.0000	-0.1110	0.2275	0.0000	102.8680	39.4700	230.7830	0.3502	48.1100	29.9081	NOT CONNECTED	8000.0000	500.0000	0.0000	2291.6863	0.1686	0.1620	0.0921	0.0921	0.0269	0.3119	0.0566	0.3324	0.4725	90.6570	310.0346	42.4157	30.0367	0.3355	0.2293	46.4578	30.0367
26.6472	2750.0000	-0.1150	0.2366	0.0000	126.5890	50.5100	230.8130	0.4245	59.7400	29.9139	NOT CONNECTED	8000.0000	500.0000	0.0000	2598.3226	0.1846	0.1784	0.0922	0.0921	0.0453	0.3540	0.0531	0.3282	0.1432	100.0906	309.0083	48.3809	30.0367	0.3429	0.2317	46.4578	30.0367
26.9467	2750.0000	-0.1150	0.2366	0.0000	126.5890	50.5100	230.8130	0.4245	59.7400	29.9139	NOT CONNECTED	8000.0000	500.0000	0.0000	2598.3226	0.1846	0.1784	0.0922	0.0921	0.0453	0.3540	0.0531	0.3282	0.1432	100.0906	309.0083	48.3809	30.0367	0.3429	0.2317	46.4578	30.0367
27.2694	2750.0000	-0.1150	0.2366	0.0000	126.5890	50.5100	230.8130	0.4245	59.7400	29.9139	NOT CONNECTED	8000.0000	500.0000	0.0000	2905.2432	0.1788	0.1987	0.0923	0.0921	0.0841	0.3068	0.0332	0.3467	0.9714	113.5790	308.0984	55.5146	30.0367	0.3036	0.2364	46.4262	30.0367
27.6892	3134.0000	-0.1220	0.2399	0.0000	138.3270	55.9200	230.8270	0.4604	65.4900	29.9037	NOT CONNECTED	8000.0000	500.0000	0.0000	3216.9726	0.1761	0.1884	0.0921	0.0921	0.0726	0.3271	0.0608	0.3330	0.3833	124.6113	307.1643	63.1226	30.0367	0.3694	0.2427	46.4020	30.0367
27.8905	3134.0000	-0.1220	0.2399	0.0000	138.3270	55.9200	230.8270	0.4604	65.4900	29.9037	NOT CONNECTED	8000.0000	500.0000	0.0000	3216.9726	0.1761	0.1884	0.0921	0.0921	0.0726	0.3271	0.0608	0.3330	0.3833	124.6113	307.1643	63.1226	30.0367	0.3694	0.2427	46.4020	30.0367
28.4404	3501.0000	-0.1190	0.2496	0.0000	162.0680	68.1600	230.8500	0.5381	78.0600	29.8972	NOT CONNECTED	8000.0000	500.0000	0.0000	3531.1919	0.1854	0.1678	0.0922	0.0921	0.0672	0.3270	0.0564	0.3119	0.1450	136.0906	306.2415	70.7316	30.0367	0.3661	0.2459	46.4020	30.0367
28.5116	3501.0000	-0.1190	0.2496	0.0000	162.0680	68.1600	230.8500	0.5381	78.0600	29.8972	NOT CONNECTED	8000.0000	500.0000	0.0000	3531.1919	0.1854	0.1678	0.0922	0.0921	0.0672	0.3270	0.0564	0.3119	0.1450	136.0906	306.2415	70.7316	30.0367	0.3661	0.2459	46.4020	30.0367
29.1334	3879.0000	-0.1210	0.2570	0.0000	174.0710	75.4200	230.8580	0.5834	85.5300	29.9088	NOT CONNECTED	8000.0000	500.0000	0.0000	3836.9145	0.1830	0.1956	0.0922	0.0921	0.1363	0.3194	0.0478	0.3765	0.2396	149.3642	305.0628	80.4534	30.0367	0.4046	0.2602	46.3853	30.0367
29.1794	3879.0000	-0.1210	0.2570	0.0000	174.0710	75.4200	230.8580	0.5834	85.5300	29.9088	NOT CONNECTED	8000.0000	500.0000	0.0000	3836.9145	0.1830	0.1956	0.0922	0.0921	0.1363	0.3194	0.0478	0.3765	0.2396	149.3642	305.0628	80.4534	30.0367	0.4046	0.2602	46.3853	30.0367
29.7547	4242.0000	-0.1260	0.2670	0.0000	197.8980	88.6100	230.8710	0.6628	98.7400	29.8713	NOT CONNECTED	8000.0000	500.0000	0.0000	4146.6320	0.2330	0.2009	0.0917	0.0922	-0.0195	0.4554	0.0024	0.3340	-0.9877	155.8249	304.6012	88.7565	30.0367	0.3573	0.2471	46.3853	30.0367
29.9465	4242.0000	-0.1260	0.2670	0.0000	197.8980	88.6100	230.8710	0.6628	98.7400	29.8713	NOT CONNECTED	8000.0000	500.0000	0.0000	4146.6320	0.2330	0.2009	0.0917	0.0922	-0.0195	0.4554	0.0024	0.3340	-0.9877	155.8249	304.6012	88.7565	30.0367	0.3573	0.2471	46.3853	30.0367
30.3763	4639.0000	-0.1300	0.2706	0.0000	209.3370	94.9200	230.8740	0.6987	104.7400	29.9005	NOT CONNECTED	8000.0000	500.0000	0.0000	4454.5061	0.2163	0.2138	0.0922	0.0912	0.0510	0.4050	-0.0350	0.4527	-1.1993	166.3344	303.9072	97.7793	30.0367	0.4107	0.2678	46.3762	30.0367
30.6941	4639.0000	-0.1300	0.2706	0.0000	209.3370	94.9200	230.8740	0.6987	104.7400	29.9005	NOT CONNECTED	8000.0000	500.0000	0.0000	4764.8723	0.2151	0.2116	0.0868	0.0845	-0.2998	0.3989	-0.2338	0.2454	5.5422	166.1331	303.3082	105.6081	30.0367	0.5624	0.2908	46.3752	30.0367
30.9974	4639.0000	-0.1300	0.2706	0.0000	209.3370	94.9200	230.8740	0.6987	104.7400	29.9005	NOT CONNECTED	8000.0000	500.0000	0.0000	4764.8723	0.2151	0.2116	0.0868	0.0845	-0.2998	0.3989	-0.2338	0.2454	5.5422	166.1331	303.3082	105.6081	30.0367	0.5624	0.2908	46.3752	30.0367
31.4443	5005.0000	-0.1310	0.4060	0.0000	210.8220	105.3900	230.8760	0.7667	116.1600	29.8701	NOT CONNECTED	8000.0000	500.0000	0.0000	5073.8565	0.2065	0.2211	0.0792	0.0784	-0.6547	0.4606	-0.6638	0.3473	7.9419	174.8910	302.7746	112.6217	30.0367	0.7338	0.4578	46.3752	30.0367
31.6186	5005.0000	-0.1310	0.4060	0.0000	210.8220	105.3900	230.8760	0.7667	116.1600	29.8701	NOT CONNECTED	8000.0000	500.0000	0.0000	5073.8565	0.2065	0.2211	0.0792	0.0784	-0.6547	0.4606	-0.6638	0.3473	7.9419	174.8910	302.7746	112.6217	30.0367	0.7338	0.4578	46.3752	30.0367
32.1855	5377.0000	-0.1350	0.5309	0.0000	210.6950	111.3200	230.8750	0.8072	123.0300	29.8801	NOT CONNECTED	8000.0000	500.0000	0.0000	5387.5728	0.1999	0.2105	0.0742	0.0736	-0.9310	0.4160	-0.8526	0.3181	9.1828	171.8712	302.0460	122.6312	30.0367	0.9485	0.5817	46.3829	30.0367
32.2404	5377.0000	-0.1350	0.5309	0.0000	210.6950	111.3200	230.8750	0.8072	123.0300	29.8801	NOT CONNECTED	8000.0000	500.0000	0.0000	5387.5728	0.1999	0.2105	0.0742	0.0736	-0.9310	0.4160	-0.8526	0.3181	9.1828	171.8712	302.0460	122.6312	30.0367	0.9485	0.5817	46.3829	30.0367
32.9467	5753.0000	-0.1380	0.7712	0.0000	210.6090	124.0100	230.8680	0.8923	137.5700	29.8650	NOT CONNECTED	8000.0000	500.0000	0.0000	5949.8785	0.1830	0.2211	0.0690	0.0679	-1.1773	0.4135	-1.1888	0.2953	-2.1072	172.6209	300.8215	138.8476	30.0367	1.1970	0.8253	46.4082	30.0367
33.3714	6130.0000	-0.1390	0.8829	0.0000	210.4370	131.4600	230.8620	0.9409	145.9600	29.8458	NOT CONNECTED	8000.0000	500.0000	0.0000	5949.8785	0.1830	0.2211	0.0690	0.0679	-1.1773	0.4135	-1.1888	0.2953	-2.1072	172.6209	300.8215	138.8476	30.0367	1.1970	0.8253	46.4082	30.0367
33.6924	6130.0000	-0.1390	0.8829	0.0000	210.4370	131.4600	230.8620	0.9409	145.9600	29.8458	NOT CONNECTED	8000.0000	500.0000	0.0000	6266.4152	0.2003	0.1930	0.0635	0.0645	-1.3750	0.5626	-1.5998	0.3448	-2.0471	164.9234	300.1737	148.5606	30.0367	1.5239	0.9830	46.4545	30.0367
33.9933	6130.0000	-0.1390	0.8829	0.0000	210.4370	131.4600	230.8620	0.9409	145.9600	29.8458	NOT CONNECTED	8000.0000	500.0000	0.0000	6266.4152	0.2003	0.1930	0.0635	0.0645	-1.3750	0.5626	-1.5998	0.3448	-2.0471	164.9234	300.1737	148.5606	30.0367	1.5239	0.9830	46.4545	30.0367
34.4386	6498.0000	-0.1410	1.0767	0.0000	210.3930	145.9500	230.8490	1.0357	162.3500	29.8636	NOT CONNECTED	8000.0000	500.0000	0.0000	6570.6557	0.2275	0.2030	0.0603	0.0594	-1.5392	0.6619	-1.6075	0.3358	-6.2848	167.3904	299.5437	159.9337	30.0367	1.6306	1.0766	46.4545	30.0367
34.5989	6498.0000	-0.1410	1.0767	0.0000	210.3930	145.9500	230.8490	1.0357	162.3500	29.8636	NOT CONNECTED	8000.0000	500.0000	0.0000	6570.6557	0.2275	0.2030	0.0603	0.0594	-1.5392	0.6619	-1.6075	0.3358	-6.2848	167.3904	299.5437	159.9337	30.0367	1.6306	1.0766	46.4545	30.0367
35.1788	6874.0000	-0.1450	1.1689	0.0000	210.0700	154.1900	230.8420	1.0896	171.7000	29.8798	NOT CONNECTED	8000.0000	500.0000	0.0000	6878.7423	0.2416	0.2021	0.0591	0.0570	-1.6156	0.7377	-1.5409	0.3763	-10.1826	161.9131	298.9838	170.3681	30.0367	1.7263	1.2110	46.5296	30.0367
35.2210	6874.0000	-0.1450	1.1689	0.0000	210.0700	154.1900	230.8420	1.0896	171.7000	29.8798	NOT CONNECTED	8000.0000	500.0000	0.0000	6878.7423	0.2416	0.2021	0.0591	0.0570	-1.6156	0.7377	-1.5409	0.3763	-10.1826	161.9131	298.9838	170.3681	30.0367	1.7263	1.2110	46.5296	30.0367
35.8421	7240.0000	-0.1480	1.3314	0.0000	209.7430	170.9200	230.8240	1.1950	190.1700	29.8703	NOT CONNECTED	8000.0000	500.0000	0.0000	7184.5354	0.2014	0.2187	0.0560	0.0563	-1.8258	0.5335	-1.8568	0.3354	-10.4008	162.5817	298.4422	182.6018	30.0367	1.7887	1.2904	46.6354	30.0367
35.9457	7240.0000	-0.1480	1.3314	0.0000	209.7430	170.9200	230.8240	1.1950	190.1700	29.8703	NOT CONNECTED	8000.0000	500.0000	0.0000	7184.5354	0.2014	0.2187	0.0560	0.0563	-1.8258	0.5335	-1.8568	0.3354	-10.4008	162.5817	298.4422	182.6018	30.0367	1.7887	1.2904	46.6354	30.0367
36.4631	7617.0000	-0.1490	1.4057	0.0000	209.4060	180.0500	230.8120	1.2521	200.1600	29.8599	NOT CONNECTED	8000.0000	500.0000	0.0000	7501.6346	0.2064	0.1987	0.0525	0.0532	-1.9098	0.6215	-2.1725	0.2885	-9.9146	169.1056	297.7217	195.7028	30.0367	2.0092	1.4526	46.6354	30.0367
36.6768	7617.0000	-0.1490	1.4057	0.0000	209.4060	180.0500	230.8120	1.2521	200.1600	29.8599	NOT CONNECTED	8000.0000	500.0000	0.0000	7501.6346	0.2064	0.1987	0.0525	0.0532	-1.9098	0.6215	-2.1725	0.2885	-9.9146	169.1056	297.7217	195.7028	30.0367	2.0092	1.4526	46.6354	30.0367
37.0848	7984.0000	-0.1590	1.5376	0.0000	209.1150	196.2600	230.7910	1.3539	218.0700	29.9014	NOT CONNECTED	8000.0000	500.0000	0.0000	7801.3697	0.1985	0.2169	0.0502	0.0510	-1.9801	0.6325	-2.1445	0.3282	-6.9583	164.9467	297.4306	202.6161	30.0367	2.1188	1.4724	46.7666	30.0367
37.4388	7984.0000	-0.1590	1.5376	0.0000	209.1150	196.2600	230.7910	1.3539	218.0700	29.9014	NOT CONNECTED	8000.0000	500.0000	0.0000	8024.3560	0.1190	0.1216	0.0515	0.0507	-2.0975	0.4571	-2.0875	0.2097	-9.9266	164.3483	303.3216	121.6633	30.0367	2.0413	1.5299	46.7666	30.0367
37.7062	7984.0000	-0.1590	1.5376	0.0000	209.1150	196.2600	230.7910	1.3539	218.0700	29.9014	NOT CONNECTED	8000.0000	500.0000	0.0000	8024.3560	0.1190	0.1216	0.0515	0.0507	-2.0975	0.4571	-2.0875	0.2097	-9.9266	164.3483	303.3216	121.6633	30.0367	2.0413	1.5299	46.7666	30.0367
38.3281	8019.0000	-0.0760	1.4714	0.0000	214.5240	110.0300	230.8200	0.8340	126.4800	29.9042	NOT CONNECTED	8000.0000	500.0000	0.0000	8016.8245	0.1379	0.1215	0.0506	0.0501	-2.1163	0.4356	-2.1182	0.1202	-13.1809	167.2534	303.7562	124.2565	30.0367	2.1217	1.4500	46.9275	30.0367
38.6970	8019.0000	-0.0760	1.4714	0.0000	214.5240	110.0300	230.8200	0.8340	126.4800	29.9042	NOT CONNECTED	8000.0000	500.0000	0.0000	8013.3158	0.1195	0.1152	0.0518	0.0499	-2.1137	0.4101	-2.0820	0.1416	-15.6517	174.1888	303.7101	121.2142	30.0367	2.1554	1.4487	47.1001	30.0367
38.9493	8019.0000	-0.0760	1.4714	0.0000	214.5240	110.0300	230.8200	0.8340	126.4800	29.9042	NOT CONNECTED	8000.0000	500.0000	0.0000	8013.3158	0.1195	0.1152	0.0518	0.0499	-2.1137	0.4101	-2.0820	0.1416	-15.6517	174.1888	303.7101	121.2142	30.0367	2.1554	1.4487	47.1001	30.0367
39.4403	8005.0000	-0.0740	1.4696	0.0000	214.5090	110.5400	230.7920	0.8378	127.0700	29.9299	NOT CONNECTED	8000.0000	500.0000	0.0000	8012.6898	0.1035	0.1045	0.0514	0.0509	-2.1559	0.2976	-1.9882	0.2089	-5.2068	171.1326	303.5762	122.4942	30.0367	2.0950	1.4972	47.1001	30.0367
39.5550	8005.0000	-0.0740	1.4696	0.0000	214.5090	110.5400	230.7920	0.8378	127.0700	29.9299	NOT CONNECTED	8000.0000	500.0000	0.0000	8012.6898	0.1035	0.1045	0.0514	0.0509	-2.1559	0.2976	-1.9882	0.2089	-5.2068	171.1326	303.5762	122.4942	30.0367	2.0950	1.4972	47.1001	30.0367
40.1603	8009.0000	-0.0740	1.4693	0.0000	214.4810	110.9800	230.7840	0.8398	127.4300	29.9677	NOT CONNECTED	8000.0000	500.0000	0.0000	8009.5850	0.1065	0.1060	0.0512	0.0504	-2.1659	0.3142	-2.1231	0.1697	1.4887	170.0567	303.7599	121.6986	30.0367	2.1707	1.4499	47.2568	30.0367
40.1734	8009.0000	-0.0740	1.4693	0.0000	214.4810	110.9800	230.7840	0.8398	127.4300	29.9677	NOT CONNECTED	8000.0000	500.0000	0.0000	8009.5850	0.1065	0.1060	0.0512	0.0504	-2.1659	0.3142	-2.1231	0.1697	1.4887	170.0567	303.7599	121.6986	30.0367	2.1707	1.4499	47.2568	30.0367
40.7816	7998.0000	-0.0730	1.4681	0.0000	214.4950	110.8300	230.7630	0.8394	127.3300	30.0291	NOT CONNECTED	8000.0000	500.0000	0.0000	8002.6946	0.1067	0.1229	0.0503	0.0516	-2.0001	0.3435	-2.0781	0.1339	2.2663	172.8772	303.7033	120.8342	30.0367	2.1551	1.4489	47.4153	30.0367
41.0166	7998.0000	-0.0730	1.4681	0.0000	214.4950	110.8300	230.7630	0.8394	127.3300	30.0291	NOT CONNECTED	8000.0000	500.0000	0.0000	8002.6946	0.1067	0.1229	0.0503	0.0516	-2.0001	0.3435	-2.0781	0.1339	2.2663	172.8772	303.7033	120.8342	30.0367	2.1551	1.4489	47.4153	30.0367
41.4034	8000.0000	-0.0730	1.4673	0.0000	214.5870	111.1100	230.7510	0.8406	127.5700	30.0383	NOT CONNECTED	8000.0000	500.0000	0.0000	8003.7403	0.1103	0.1145	0.0503	0.0513	-2.0202	0.3476	-2.1835	0.1812	-14.0788	173.3150	303.6776	118.3316	30.0367	2.1570	1.4491	47.4153	30.0367
41.7522	8000.0000	-0.0730	1.4673	0.0000	214.5870	111.1100	230.7510	0.8406	127.5700	30.0383	NOT CONNECTED	8000.0000	500.0000	0.0000	8007.8784	0.1220	0.0971	0.0522	0.0510	-2.0361	0.3846	-1.9945	0.1953	-11.7477	167.2859	303.5949	118.5154	30.0367	2.1806	1.4492	47.5762	30.0367
42.0250	8000.0000	-0.0730	1.4673	0.0000	214.5870	111.1100	230.7510	0.8406	127.5700	30.0383	NOT CONNECTED	8000.0000	500.0000	0.0000	8007.8784	0.1220	0.0971	0.0522	0.0510	-2.0361	0.3846	-1.9945	0.1953	-11.7477	167.2859	303.5949	118.5154	30.0367	2.1806	1.4492	47.5762	30.0367
42.4933	7997.0000	-0.0740	1.4663	0.0000	214.6920	111.7100	230.7290	0.8440	128.1400	30.0566	NOT CONNECTED	8000.0000	500.0000	0.0000	8001.8233	0.1301	0.1153	0.0505	0.0505	-2.0718	0.4524	-2.1635	0.1895	-4.2653	167.3858	303.5508	120.1113	30.0367	2.0790	1.4909	47.5762	30.0367
42.6456	7997.0000	-0.0740	1.4663	0.0000	214.6920	111.7100	230.7290	0.8440	128.1400	30.0566	NOT CONNECTED	8000.0000	500.0000	0.0000	8001.8233	0.1301	0.1153	0.0505	0.0505	-2.0718	0.4524	-2.1635	0.1895	-4.2653	167.3858	303.5508	120.1113	30.0367	2.0790	1.4909	47.5762	30.0367
43.2680	7998.0000	-0.0730	1.4657	0.0000	214.7510	111.5600	230.7210	0.8432	128.0200	30.1101	NOT CONNECTED	8000.0000	500.0000	0.0000	7994.6019	0.1357	0.1380	0.0499	0.0502	-2.2557	0.5013	-2.1239	0.1781	2.8613	170.6080	303.5415	120.2505	30.0367	2.1191	1.4519	47.7292	30.0367
43.3765	7998.0000	-0.0730	1.4657	0.0000	214.7510	111.5600	230.7210	0.8432	128.0200	30.1101	NOT CONNECTED	8000.0000	500.0000	0.0000	7994.6019	0.1357	0.1380	0.0499	0.0502	-2.2557	0.5013	-2.1239	0.1781	2.8613	170.6080	303.5415	120.2505	30.0367	2.1191	1.4519	47.7292	30.0367
43.8895	7998.0000	-0.0810	1.4678	0.0000	214.6270	114.4200	230.7020	0.8608	130.9100	30.1565	NOT CONNECTED	8000.0000	500.0000	0.0000	8004.1203	0.1334	0.1051	0.0518	0.0500	-2.1147	0.4280	-2.0683	0.1816	4.6787	173.0215	303.3092	124.5433	30.0367	2.1276	1.4487	47.8831	30.0367
44.1187	7998.0000	-0.0810	1.4678	0.0000	214.6270	114.4200	230.7020	0.8608	130.9100	30.1565	NOT CONNECTED	8000.0000	500.0000	0.0000	8004.1203	0.1334	0.1051	0.0518	0.0500	-2.1147	0.4280	-2.0683	0.1816	4.6787	173.0215	303.3092	124.5433	30.0367	2.1276	1.4487	47.8831	30.0367
44.5105	7998.0000	-0.0810	1.4678	0.0000	214.6270	114.4200	230.7020	0.8608	130.9100	30.1565	NOT CONNECTED	8000.0000	500.0000	0.0000	7996.4973	0.1272	0.1318	0.0512	0.0516	-2.0308	0.3864	-2.0697	0.1956	-12.0947	171.6578	302.9383	126.6377	30.0367	2.1076	1.4525	47.8831	30.0367
44.9686	7989.0000	-0.0900	1.4786	0.0000	213.6590	120.8500	230.6820	0.9007	137.7400	30.1912	NOT CONNECTED	8000.0000	500.0000	0.0000	7993.2065	0.1273	0.1451	0.0516	0.0499	-2.1752	0.4705	-2.1028	0.2316	-11.6219	164.4760	302.5349	138.1385	30.0367	1.9427	1.4578	48.0394	30.0367
45.1171	7989.0000	-0.0900	1.4786	0.0000	213.6590	120.8500	230.6820	0.9007	137.7400	30.1912	NOT CONNECTED	8000.0000	500.0000	0.0000	7993.2065	0.1273	0.1451	0.0516	0.0499	-2.1752	0.4705	-2.1028	0.2316	-11.6219	164.4760	302.5349	138.1385	30.0367	1.9427	1.4578	48.0394	30.0367
45.7107	7997.0000	-0.1050	1.4822	0.0000	213.5890	127.4600	230.6710	0.9405	144.5200	30.2424	NOT CONNECTED	8000.0000	500.0000	0.0000	7997.6222	0.1463	0.1344	0.0503	0.0499	-2.1468	0.4881	-2.1985	0.2129	-3.6157	171.7028	301.7950	145.8638	30.0367	1.9920	1.4970	48.0394	30.0367
45.7381	7997.0000	-0.1050	1.4822	0.0000	213.5890	127.4600	230.6710	0.9405	144.5200	30.2424	NOT CONNECTED	8000.0000	500.0000	0.0000	7997.6222	0.1463	0.1344	0.0503	0.0499	-2.1468	0.4881	-2.1985	0.2129	-3.6157	171.7028	301.7950	145.8638	30.0367	1.9920	1.4970	48.0394	30.0367
46.3594	7994.0000	-0.1130	1.4991	0.0000	212.4740	142.8300	230.6460	1.0349	160.8700	30.2746	NOT CONNECTED	8000.0000	500.0000	0.0000	7993.2910	0.1328	0.1554	0.0499	0.0493	-2.2659	0.4130	-2.1488	0.2140	-9.8092	171.9692	301.1751	155.4580	30.0367	2.1787	1.4770	48.1878	30.0367
46.4476	7994.0000	-0.1130	1.4991	0.0000	212.4740	142.8300	230.6460	1.0349	160.8700	30.2746	NOT CONNECTED	8000.0000	500.0000	0.0000	7993.2910	0.1328	0.1554	0.0499	0.0493	-2.2659	0.4130	-2.1488	0.2140	-9.8092	171.9692	301.1751	155.4580	30.0367	2.1787	1.4770	48.1878	30.0367
46.9810	7990.0000	-0.1290	1.5059	0.0000	212.1270	150.1200	230.6350	1.0787	168.4300	30.3440	NOT CONNECTED	8000.0000	500.0000	0.0000	7994.6147	0.1521	0.1584	0.0496	0.0507	-2.1384	0.4549	-2.1663	0.2546	-6.9595	171.7879	300.5773	165.5023	30.0367	2.2148	1.4879	48.3404	30.0367
47.3194	7990.0000	-0.1290	1.5059	0.0000	212.1270	150.1200	230.6350	1.0787	168.4300	30.3440	NOT CONNECTED	8000.0000	500.0000	0.0000	7991.6807	0.1900	0.1769	0.0505	0.0495	-2.2026	0.6293	-2.1966	0.2920	-13.0612	161.7305	299.7420	180.8520	30.0367	2.2637	1.4967	48.3404	30.0367
47.5871	7990.0000	-0.1290	1.5059	0.0000	212.1270	150.1200	230.6350	1.0787	168.4300	30.3440	NOT CONNECTED	8000.0000	500.0000	0.0000	7991.6807	0.1900	0.1769	0.0505	0.0495	-2.2026	0.6293	-2.1966	0.2920	-13.0612	161.7305	299.7420	180.8520	30.0367	2.2637	1.4967	48.3404	30.0367
48.0572	7993.0000	-0.1550	1.5276	0.0000	210.9660	171.0000	230.6080	1.2042	190.5000	30.3901	NOT CONNECTED	8000.0000	500.0000	0.0000	7989.4658	0.1921	0.1954	0.0498	0.0490	-2.2118	0.6156	-2.1352	0.2750	-4.2417	167.2203	298.8391	193.6074	30.0367	2.2931	1.5092	48.4978	30.0367
48.2084	7993.0000	-0.1550	1.5276	0.0000	210.9660	171.0000	230.6080	1.2042	190.5000	30.3901	NOT CONNECTED	8000.0000	500.0000	0.0000	7989.4658	0.1921	0.1954	0.0498	0.0490	-2.2118	0.6156	-2.1352	0.2750	-4.2417	167.2203	298.8391	193.6074	30.0367	2.2931	1.5092	48.4978	30.0367
48.8019	7986.0000	-0.1660	1.5386	0.0000	210.4270	181.4400	230.5970	1.2663	201.4500	30.4028	NOT CONNECTED	8000.0000	500.0000	0.0000	7994.9743	0.2373	0.1885	0.0496	0.0483	-2.2743	0.8466	-2.1810	0.3181	-6.3865	176.4428	298.3995	203.7720	30.0367	2.2609	1.5365	48.6488	30.0367
48.8296	7986.0000	-0.1660	1.5386	0.0000	210.4270	181.4400	230.5970	1.2663	201.4500	30.4028	NOT CONNECTED	8000.0000	500.0000	0.0000	7994.9743	0.2373	0.1885	0.0496	0.0483	-2.2743	0.8466	-2.1810	0.3181	-6.3865	176.4428	298.3995	203.7720	30.0367	2.2609	1.5365	48.6488	30.0367
49.4514	7990.0000	-0.1780	1.5555	0.0000	209.6750	197.2200	230.5780	1.3614	218.2200	30.4765	NOT CONNECTED	8000.0000	500.0000	0.0000	7990.7837	0.2047	0.2143	0.0503	0.0497	-2.0327	0.6559	-2.1728	0.3296	6.5807	169.7392	297.9564	216.4408	30.0367	2.1903	1.5329	48.6488	30.0367
49.6531	7990.0000	-0.1780	1.5555	0.0000	209.6750	197.2200	230.5780	1.3614	218.2200	30.4765	NOT CONNECTED	8000.0000	500.0000	0.0000	7990.7837	0.2047	0.2143	0.0503	0.0497	-2.0327	0.6559	-2.1728	0.3296	6.5807	169.7392	297.9564	216.4408	30.0367	2.1903	1.5329	48.6488	30.0367
50.0723	7986.0000	-0.2110	1.5668	0.0000	209.2250	208.1300	230.5640	1.4259	229.6700	30.5139	0.0000	8000.0000	500.0000	0.0000	7989.2001	0.2419	0.2324	0.0498	0.0505	-2.0442	0.8027	-2.1510	0.3558	-11.4868	165.5705	297.0108	228.8030	30.0367	2.3146	1.5526	48.8044	30.0367
50.4333	7986.0000	-0.2110	1.5668	0.0000	209.2250	208.1300	230.5640	1.4259	229.6700	30.5139	0.0000	8000.0000	500.0000	0.0000	7984.6428	0.2405	0.2618	0.0503	0.0499	-2.0981	0.8132	-2.1083	0.3758	-13.0537	161.8299	296.6892	236.4049	30.0367	2.1590	1.5622	48.8044	30.0367
50.6941	7986.0000	-0.2110	1.5668	0.0000	209.2250	208.1300	230.5640	1.4259	229.6700	30.5139	0.0000	8000.0000	500.0000	0.0000	7984.6428	0.2405	0.2618	0.0503	0.0499	-2.0981	0.8132	-2.1083	0.3758	-13.0537	161.8299	296.6892	236.4049	30.0367	2.1590	1.5622	48.8044	30.0367
51.1611	7986.0000	-0.2180	1.5885	0.0000	208.4190	228.4000	230.5380	1.5467	251.1800	30.5558	0.0000	8000.0000	500.0000	0.0000	7990.4287	0.2641	0.2547	0.0507	0.0493	-2.1947	0.8897	-2.1257	0.4356	-10.2271	158.4559	296.3417	247.0133	30.0367	2.2985	1.6062	48.9668	30.0367
51.3153	7986.0000	-0.2180	1.5885	0.0000	208.4190	228.4000	230.5380	1.5467	251.1800	30.5558	0.0000	8000.0000	500.0000	0.0000	7990.4287	0.2641	0.2547	0.0507	0.0493	-2.1947	0.8897	-2.1257	0.4356	-10.2271	158.4559	296.3417	247.0133	30.0367	2.2985	1.6062	48.9668	30.0367
51.9374	7993.0000	-0.2230	1.5949	0.0000	208.2210	234.2700	230.5270	1.5816	257.3400	30.6253	0.0000	8000.0000	500.0000	0.0000	7993.0964	0.2676	0.2568	0.0494	0.0486	-2.1117	0.9175	-2.2567	0.4205	2.5656	162.0420	296.2365	250.4084	30.0367	2.3377	1.5816	49.1234	30.0367
51.9413	7993.0000	-0.2230	1.5949	0.0000	208.2210	234.2700	230.5270	1.5816	257.3400	30.6253	0.0000	8000.0000	500.0000	0.0000	7993.0964	0.2676	0.2568	0.0494	0.0486	-2.1117	0.9175	-2.2567	0.4205	2.5656	162.0420	296.2365	250.4084	30.0367	2.3377	1.5816	49.1234	30.0367
52.5580	7993.0000	-0.2290	1.6037	0.0000	208.0490	243.0400	230.5070	1.6331	266.4300	30.6623	0.0000	8000.0000	500.0000	0.0000	7988.8917	0.2810	0.2808	0.0478	0.0476	-2.2692	1.0358	-2.4069	0.4172	-6.0761	164.1765	296.1442	257.0002	30.0367	2.4359	1.5835	49.1234	30.0367
52.6800	7993.0000	-0.2290	1.6037	0.0000	208.0490	243.0400	230.5070	1.6331	266.4300	30.6623	0.0000	8000.0000	500.0000	0.0000	7988.8917	0.2810	0.2808	0.0478	0.0476	-2.2692	1.0358	-2.4069	0.4172	-6.0761	164.1765	296.1442	257.0002	30.0367	2.4359	1.5835	49.1234	30.0367
53.1801	7995.0000	-0.2320	1.6093	0.0000	207.8140	247.1900	230.4900	1.6584	270.7000	30.7197	0.0000	8000.0000	500.0000	0.0000	7993.9870	0.2753	0.2712	0.0499	0.0478	-2.2045	0.9953	-2.2602	0.3846	-1.4187	167.5151	296.1630	257.7781	30.0367	2.1507	1.5861	49.2845	30.0367
53.4399	7995.0000	-0.2320	1.6093	0.0000	207.8140	247.1900	230.4900	1.6584	270.7000	30.7197	0.0000	8000.0000	500.0000	0.0000	7993.9870	0.2753	0.2712	0.0499	0.0478	-2.2045	0.9953	-2.2602	0.3846	-1.4187	167.5151	296.1630	257.7781	30.0367	2.1507	1.5861	49.2845	30.0367
53.8015	7995.0000	-0.2320	1.6093	0.0000	207.8140	247.1900	230.4900	1.6584	270.7000	30.7197	0.0000	8000.0000	500.0000	0.0000	7991.9138	0.2603	0.2845	0.0491	0.0504	-2.1045	0.8158	-2.3153	0.4420	-12.0704	164.4936	296.1729	261.0804	30.0367	2.2479	1.5872	49.4496	30.0367
54.1819	7995.0000	-0.2320	1.6079	0.0000	208.0830	248.0700	230.4810	1.6625	271.3400	30.7419	0.0000	8000.0000	500.0000	0.0000	7996.7094	0.3077	0.2732	0.0474	0.0475	-2.0256	1.0490	-2.3437	0.4068	-10.8594	169.4180	296.3770	262.7327	30.7197	2.3490	1.6313	49.4496	30.7197
54.4388	7995.0000	-0.2320	1.6079	0.0000	208.0830	248.0700	230.4810	1.6625	271.3400	30.7419	0.0000	8000.0000	500.0000	0.0000	7996.7094	0.3077	0.2732	0.0474	0.0475	-2.0256	1.0490	-2.3437	0.4068	-10.8594	169.4180	296.3770	262.7327	30.7197	2.3490	1.6313	49.4496	30.7197
54.9455	7991.0000	-0.2330	1.6089	0.0000	208.1630	249.5200	230.4620	1.6710	272.6000	30.8156	1.0000	8000.0000	500.0000	0.0000	8003.1423	0.2702	0.2548	0.0470	0.0496	-2.1210	0.9148	-2.3563	0.4112	-10.8448	170.1246	296.3849	261.0305	30.7197	2.2891	1.5901	49.6055	30.7197
55.0598	7991.0000	-0.2330	1.6089	0.0000	208.1630	249.5200	230.4620	1.6710	272.6000	30.8156	1.0000	8000.0000	500.0000	0.0000	8003.1423	0.2702	0.2548	0.0470	0.0496	-2.1210	0.9148	-2.3563	0.4112	-10.8448	170.1246	296.3849	261.0305	30.7197	2.2891	1.5901	49.6055	30.7197
55.6824	7999.0000	-0.2330	1.6126	0.0000	207.7340	249.6500	230.4520	1.6737	273.0600	30.8480	1.0000	8000.0000	500.0000	0.0000	7991.9657	0.2711	0.2954	0.0491	0.0504	-2.0028	0.9318	-2.1864	0.4458	-6.2380	169.7384	296.4764	261.2960	30.7197	2.3277	1.5867	49.6055	30.7197
55.8180	7999.0000	-0.2330	1.6126	0.0000	207.7340	249.6500	230.4520	1.6737	273.0600	30.8480	1.0000	8000.0000	500.0000	0.0000	7991.9657	0.2711	0.2954	0.0491	0.0504	-2.0028	0.9318	-2.1864	0.4458	-6.2380	169.7384	296.4764	261.2960	30.7197	2.3277	1.5867	49.6055	30.7197
56.2871	8000.0000	-0.2330	1.6133	0.0000	207.6080	249.7600	230.4350	1.6741	272.9300	30.9098	1.0000	8000.0000	500.0000	0.0000	8003.3532	0.3138	0.2585	0.0489	0.0478	-2.0423	1.0809	-2.3471	0.4304	-7.0170	162.1415	296.5238	262.9312	30.7197	2.3018	1.5852	49.7640	30.7197
56.5454	8000.0000	-0.2330	1.6133	0.0000	207.6080	249.7600	230.4350	1.6741	272.9300	30.9098	1.0000	8000.0000	500.0000	0.0000	8003.3532	0.3138	0.2585	0.0489	0.0478	-2.0423	1.0809	-2.3471	0.4304	-7.0170	162.1415	296.5238	262.9312	30.7197	2.3018	1.5852	49.7640	30.7197
56.9089	8000.0000	-0.2330	1.6133	0.0000	207.6080	249.7600	230.4350	1.6741	272.9300	30.9098	1.0000	8000.0000	500.0000	0.0000	7997.0457	0.2850	0.2814	0.0502	0.0475	-2.1867	1.0241	-2.1621	0.4203	-11.3977	172.2952	296.5864	263.1807	30.7197	2.2244	1.5889	49.9251	30.7197
57.2829	8002.0000	-0.2320	1.6071	0.0000	208.4830	250.1000	230.4270	1.6742	272.8800	30.9826	1.0000	8000.0000	500.0000	0.0000	7999.2465	0.2691	0.2749	0.0496	0.0490	-2.1509	0.9016	-2.3068	0.4728	-5.6386	168.6539	296.6812	264.9362	30.7197	2.1689	1.6376	49.9251	30.7197
57.5304	8002.0000	-0.2320	1.6071	0.0000	208.4830	250.1000	230.4270	1.6742	272.8800	30.9826	1.0000	8000.0000	500.0000	0.0000	7999.2465	0.2691	0.2749	0.0496	0.0490	-2.1509	0.9016	-2.3068	0.4728	-5.6386	168.6539	296.6812	264.9362	30.7197	2.1689	1.6376	49.9251	30.7197
58.0300	7999.0000	-0.2340	1.6049	0.0000	208.7420	249.8400	230.4120	1.6730	272.4400	31.0164	1.0000	8000.0000	500.0000	0.0000	8000.7007	0.2587	0.2707	0.0492	0.0505	-2.0647	0.8435	-2.2950	0.4155	-2.4375	166.9070	296.7509	262.3852	30.7197	2.2270	1.5838	50.0765	30.7197
58.1523	7999.0000	-0.2340	1.6049	0.0000	208.7420	249.8400	230.4120	1.6730	272.4400	31.0164	1.0000	8000.0000	500.0000	0.0000	8000.7007	0.2587	0.2707	0.0492	0.0505	-2.0647	0.8435	-2.2950	0.4155	-2.4375	166.9070	296.7509	262.3852	30.7197	2.2270	1.5838	50.0765	30.7197
58.7732	7999.0000	-0.2330	1.6104	0.0000	207.9510	249.7500	230.4060	1.6734	272.5100	31.0920	1.0000	8000.0000	500.0000	0.0000	7995.4511	0.2568	0.2889	0.0475	0.0496	-2.1055	0.8420	-2.3164	0.4512	-5.9704	165.9509	296.7854	262.5916	30.7197	2.4164	1.5883	50.0765	30.7197
58.7759	7999.0000	-0.2330	1.6104	0.0000	207.9510	249.7500	230.4060	1.6734	272.5100	31.0920	1.0000	8000.0000	500.0000	0.0000	7995.4511	0.2568	0.2889	0.0475	0.0496	-2.1055	0.8420	-2.3164	0.4512	-5.9704	165.9509	296.7854	262.5916	30.7197	2.4164	1.5883	50.0765	30.7197
59.3953	8001.0000	-0.2340	1.6082	0.0000	208.3010	249.6500	230.3930	1.6735	272.3800	31.1359	1.0000	8000.0000	500.0000	0.0000	7998.4609	0.2641	0.2792	0.0479	0.0493	-2.1065	0.8987	-2.4009	0.4573	-15.1117	164.3092	296.8592	259.5312	30.7197	2.3487	1.5947	50.2304	30.7197
59.5100	8001.0000	-0.2340	1.6082	0.0000	208.3010	249.6500	230.3930	1.6735	272.3800	31.1359	1.0000	8000.0000	500.0000	0.0000	7998.4609	0.2641	0.2792	0.0479	0.0493	-2.1065	0.8987	-2.4009	0.4573	-15.1117	164.3092	296.8592	259.5312	30.7197	2.3487	1.5947	50.2304	30.7197
60.0160	7997.0000	-0.2340	1.6021	0.0000	208.9810	249.5400	230.3890	1.6713	271.9900	31.1893	1.0000	8000.0000	500.0000	0.0000	7995.8491	0.2776	0.2814	0.0499	0.0488	-2.1889	0.9571	-2.2941	0.4508	3.7132	161.4570	296.8681	259.4419	30.7197	2.2625	1.5850	50.3874	30.7197
60.2533	7997.0000	-0.2340	1.6021	0.0000	208.9810	249.5400	230.3890	1.6713	271.9900	31.1893	1.0000	8000.0000	500.0000	0.0000	7995.8491	0.2776	0.2814	0.0499	0.0488	-2.1889	0.9571	-2.2941	0.4508	3.7132	161.4570	296.8681	259.4419	30.7197	2.2625	1.5850	50.3874	30.7197
60.6370	8003.0000	-0.2340	1.6037	0.0000	208.8770	249.5800	230.3810	1.6710	271.8000	31.2593	1.0000	8000.0000	500.0000	0.0000	8003.0385	0.2674	0.2642	0.0498	0.0478	-2.3741	0.8966	-2.1379	0.4314	-5.3976	167.7165	296.9256	259.3170	30.7197	2.2758	1.6331	50.3874	30.7197
61.0003	8003.0000	-0.2340	1.6037	0.0000	208.8770	249.5800	230.3810	1.6710	271.8000	31.2593	1.0000	8000.0000	500.0000	0.0000	7997.9695	0.2980	0.2815	0.0494	0.0477	-2.1686	1.0446	-2.3017	0.4416	-2.7562	172.3264	297.0324	261.0539	30.7197	2.2158	1.5858	50.5345	30.7197
61.2595	8003.0000	-0.2340	1.6037	0.0000	208.8770	249.5800	230.3810	1.6710	271.8000	31.2593	1.0000	8000.0000	500.0000	0.0000	7997.9695	0.2980	0.2815	0.0494	0.0477	-2.1686	1.0446	-2.3017	0.4416	-2.7562	172.3264	297.0324	261.0539	30.7197	2.2158	1.5858	50.5345	30.7197
61.7352	8001.0000	-0.2340	1.6026	0.0000	208.9520	249.3100	230.3780	1.6694	271.4100	31.2780	1.0000	8000.0000	500.0000	0.0000	7995.9360	0.2457	0.2883	0.0497	0.0504	-2.0319	0.7759	-2.2653	0.4217	-14.4752	170.0084	297.0073	263.7413	30.7197	2.3252	1.5859	50.6837	30.7197
61.8812	8001.0000	-0.2340	1.6026	0.0000	208.9520	249.3100	230.3780	1.6694	271.4100	31.2780	1.0000	8000.0000	500.0000	0.0000	7995.9360	0.2457	0.2883	0.0497	0.0504	-2.0319	0.7759	-2.2653	0.4217	-14.4752	170.0084	297.0073	263.7413	30.7197	2.3252	1.5859	50.6837	30.7197
62.4706	8006.0000	-0.2320	1.6035	0.0000	208.9140	249.8500	230.3760	1.6728	271.9800	31.3836	1.0000	8000.0000	500.0000	0.0000	8001.7714	0.2618	0.2685	0.0498	0.0487	-2.2125	0.9153	-2.2056	0.4521	3.8317	165.1480	297.0800	262.1083	30.7197	2.2438	1.5861	50.6837	30.7197
62.4858	8006.0000	-0.2320	1.6035	0.0000	208.9140	249.8500	230.3760	1.6728	271.9800	31.3836	1.0000	8000.0000	500.0000	0.0000	8001.7714	0.2618	0.2685	0.0498	0.0487	-2.2125	0.9153	-2.2056	0.4521	3.8317	165.1480	297.0800	262.1083	30.7197	2.2438	1.5861	50.6837	30.7197
63.1074	7999.0000	-0.2340	1.6025	0.0000	208.9730	249.5500	230.3770	1.6711	271.5800	31.4201	1.0000	8000.0000	500.0000	0.0000	7999.4715	0.2870	0.2763	0.0500	0.0479	-2.1292	1.0281	-2.1742	0.4164	-15.3761	173.1828	297.1017	261.9950	30.7197	2.2114	1.5861	50.8352	30.7197
63.2066	7999.0000	-0.2340	1.6025	0.0000	208.9730	249.5500	230.3770	1.6711	271.5800	31.4201	1.0000	8000.0000	500.0000	0.0000	7999.4715	0.2870	0.2763	0.0500	0.0479	-2.1292	1.0281	-2.1742	0.4164	-15.3761	173.1828	297.1017	261.9950	30.7197	2.2114	1.5861	50.8352	30.7197
63.7452	7994.0000	-0.2350	1.6026	0.0000	208.9690	249.8200	230.3800	1.6722	271.8100	31.4663	2.0000	8000.0000	500.0000	0.0000	7998.2615	0.2939	0.2805	0.0501	0.0488	-2.0832	0.9838	-2.2390	0.4442	-16.7683	163.3856	297.1886	260.3081	31.3836	2.2423	1.6255	50.8352	31.3836
63.9558	7994.0000	-0.2350	1.6026	0.0000	208.9690	249.8200	230.3800	1.6722	271.8100	31.4663	2.0000	8000.0000	500.0000	0.0000	7998.2615	0.2939	0.2805	0.0501	0.0488	-2.0832	0.9838	-2.2390	0.4442	-16.7683	163.3856	297.1886	260.3081	31.3836	2.2423	1.6255	50.8352	31.3836
64.8143	8002.0000	-0.2340	1.6031	0.0000	208.9320	249.9300	230.3830	1.6732	271.9600	31.5083	2.0000	8000.0000	500.0000	0.0000	7999.7332	0.2755	0.2755	0.0487	0.0505	-2.0337	0.9087	-2.3081	0.5038	-19.0709	158.6908	297.2641	262.0231	31.3836	2.2258	1.5829	51.1231	31.3836
64.8925	8002.0000	-0.2340	1.6031	0.0000	208.9320	249.9300	230.3830	1.6732	271.9600	31.5083	2.0000	8000.0000	500.0000	0.0000	7999.7332	0.2755	0.2755	0.0487	0.0505	-2.0337	0.9087	-2.3081	0.5038	-19.0709	158.6908	297.2641	262.0231	31.3836	2.2258	1.5829	51.1231	31.3836
65.5142	8008.0000	-0.2330	1.6016	0.0000	209.0630	249.5800	230.3920	1.6714	271.4800	31.5307	2.0000	8000.0000	500.0000	0.0000	8001.0143	0.2697	0.2711	0.0475	0.0495	-1.9884	0.8831	-2.4237	0.4440	-14.1811	160.4350	297.2946	259.6379	31.3836	2.3524	1.5818	51.1231	31.3836
65.5501	8008.0000	-0.2330	1.6016	0.0000	209.0630	249.5800	230.3920	1.6714	271.4800	31.5307	2.0000	8000.0000	500.0000	0.0000	8001.0143	0.2697	0.2711	0.0475	0.0495	-1.9884	0.8831	-2.4237	0.4440	-14.1811	160.4350	297.2946	259.6379	31.3836	2.3524	1.5818	51.1231	31.3836
66.1356	8005.0000	-0.2330	1.6006	0.0000	209.1470	249.3900	230.3970	1.6693	271.1900	31.6155	2.0000	8000.0000	500.0000	0.0000	7998.9580	0.2789	0.2781	0.0504	0.0488	-2.1591	0.9371	-2.1351	0.4591	-3.6153	160.7281	297.3335	256.4973	31.3836	2.1695	1.5828	51.2705	31.3836
66.2801	8005.0000	-0.2330	1.6006	0.0000	209.1470	249.3900	230.3970	1.6693	271.1900	31.6155	2.0000	8000.0000	500.0000	0.0000	7998.9580	0.2789	0.2781	0.0504	0.0488	-2.1591	0.9371	-2.1351	0.4591	-3.6153	160.7281	297.3335	256.4973	31.3836	2.1695	1.5828	51.2705	31.3836
66.7574	7999.0000	-0.2330	1.5986	0.0000	209.3010	248.6600	230.4110	1.6650	270.4100	31.6534	2.0000	8000.0000	500.0000	0.0000	8003.8393	0.3036	0.2614	0.0504	0.0479	-2.0310	1.0732	-2.1831	0.4481	-8.3266	174.2366	297.4277	261.1466	31.3836	2.2404	1.6090	51.2705	31.3836
67.0222	7999.0000	-0.2330	1.5986	0.0000	209.3010	248.6600	230.4110	1.6650	270.4100	31.6534	2.0000	8000.0000	500.0000	0.0000	8003.8393	0.3036	0.2614	0.0504	0.0479	-2.0310	1.0732	-2.1831	0.4481	-8.3266	174.2366	297.4277	261.1466	31.3836	2.2404	1.6090	51.2705	31.3836
67.3782	7999.0000	-0.2330	1.5986	0.0000	209.3010	248.6600	230.4110	1.6650	270.4100	31.6534	2.0000	8000.0000	500.0000	0.0000	7999.9011	0.2811	0.2748	0.0497	0.0476	-2.1320	0.9549	-2.2288	0.4485	-8.3647	174.4830	297.4234	260.0104	31.3836	2.1215	1.5841	51.4083	31.3836
67.7545	8000.0000	-0.2340	1.5970	0.0000	209.4950	248.7700	230.4200	1.6650	270.3800	31.7092	2.0000	8000.0000	500.0000	0.0000	7994.0283	0.2874	0.2948	0.0485	0.0495	-1.9674	0.9944	-2.2980	0.4755	-12.2887	165.2847	297.4773	262.6105	31.3836	2.3801	1.5837	51.5484	31.3836
67.9996	8000.0000	-0.2340	1.5970	0.0000	209.4950	248.7700	230.4200	1.6650	270.3800	31.7092	2.0000	8000.0000	500.0000	0.0000	7994.0283	0.2874	0.2948	0.0485	0.0495	-1.9674	0.9944	-2.2980	0.4755	-12.2887	165.2847	297.4773	262.6105	31.3836	2.3801	1.5837	51.5484	31.3836
68.4926	8003.0000	-0.2320	1.5967	0.0000	209.5120	248.8300	230.4410	1.6656	270.4100	31.7776	2.0000	8000.0000	500.0000	0.0000	8001.0190	0.2763	0.2710	0.0505	0.0489	-2.1127	0.9294	-2.2418	0.4378	-7.7894	163.2192	297.5394	258.8064	31.3836	2.1459	1.5821	51.5484	31.3836
68.6049	8003.0000	-0.2320	1.5967	0.0000	209.5120	248.8300	230.4410	1.6656	270.4100	31.7776	2.0000	8000.0000	500.0000	0.0000	8001.0190	0.2763	0.2710	0.0505	0.0489	-2.1127	0.9294	-2.2418	0.4378	-7.7894	163.2192	297.5394	258.8064	31.3836	2.1459	1.5821	51.5484	31.3836
69.2267	8000.0000	-0.2320	1.5964	0.0000	209.5720	249.0800	230.4520	1.6667	270.6200	31.8464	2.0000	8000.0000	500.0000	0.0000	7999.3934	0.2780	0.2765	0.0481	0.0483	-2.1680	0.9326	-2.2996	0.3700	-14.1299	164.6007	297.5425	259.2916	31.3836	2.4516	1.5822	51.6910	31.3836
69.2396	8000.0000	-0.2320	1.5964	0.0000	209.5720	249.0800	230.4520	1.6667	270.6200	31.8464	2.0000	8000.0000	500.0000	0.0000	7999.3934	0.2780	0.2765	0.0481	0.0483	-2.1680	0.9326	-2.2996	0.3700	-14.1299	164.6007	297.5425	259.2916	31.3836	2.4516	1.5822	51.6910	31.3836
69.8479	7993.0000	-0.2330	1.5963	0.0000	209.5510	248.8000	230.4790	1.6656	270.4100	31.8641	2.0000	8000.0000	500.0000	0.0000	8001.8256	0.2825	0.2683	0.0505	0.0477	-2.1946	1.0032	-2.1755	0.4627	-16.9299	179.8780	297.6179	260.9311	31.3836	2.2207	1.5971	51.8245	31.3836
69.9668	7993.0000	-0.2330	1.5963	0.0000	209.5510	248.8000	230.4790	1.6656	270.4100	31.8641	2.0000	8000.0000	500.0000	0.0000	8001.8256	0.2825	0.2683	0.0505	0.0477	-2.1946	1.0032	-2.1755	0.4627	-16.9299	179.8780	297.6179	260.9311	31.3836	2.2207	1.5971	51.8245	31.3836
70.4697	7997.0000	-0.2330	1.5954	0.0000	209.6420	248.8200	230.4920	1.6655	270.3100	31.9177	2.0000	8000.0000	500.0000	0.0000	8000.1214	0.3004	0.2740	0.0480	0.0487	-2.0227	0.9981	-2.4298	0.4822	-8.1730	166.4632	297.6949	261.1965	31.3836	2.2831	1.5822	51.8245	31.3836
70.7122	7997.0000	-0.2330	1.5954	0.0000	209.6420	248.8200	230.4920	1.6655	270.3100	31.9177	2.0000	8000.0000	500.0000	0.0000	8000.1214	0.3004	0.2740	0.0480	0.0487	-2.0227	0.9981	-2.4298	0.4822	-8.1730	166.4632	297.6949	261.1965	31.3836	2.2831	1.5822	51.8245	31.3836
71.0910	8002.0000	-0.2320	1.5954	0.0000	209.6620	249.0100	230.5190	1.6659	270.4900	31.9666	2.0000	8000.0000	500.0000	0.0000	7997.6181	0.2666	0.2826	0.0501	0.0504	-1.9907	0.8609	-2.1360	0.4216	-5.9595	167.5095	297.6359	262.6517	31.3836	2.3522	1.5806	51.9615	31.3836
71.4600	8002.0000	-0.2320	1.5954	0.0000	209.6620	249.0100	230.5190	1.6659	270.4900	31.9666	2.0000	8000.0000	500.0000	0.0000	7995.0034	0.2815	0.2914	0.0485	0.0500	-1.9846	0.9973	-2.2886	0.4320	-10.7194	161.6769	297.7208	260.7617	31.3836	2.2459	1.5812	51.9615	31.3836
71.7119	8002.0000	-0.2320	1.5954	0.0000	209.6620	249.0100	230.5190	1.6659	270.4900	31.9666	2.0000	8000.0000	500.0000	0.0000	7995.0034	0.2815	0.2914	0.0485	0.0500	-1.9846	0.9973	-2.2886	0.4320	-10.7194	161.6769	297.7208	260.7617	31.3836	2.2459	1.5812	51.9615	31.3836
72.1992	8000.0000	-0.2340	1.5936	0.0000	209.8070	248.6000	230.5330	1.6630	269.9700	32.0450	2.0000	8000.0000	500.0000	0.0000	8004.2794	0.2585	0.2599	0.0507	0.0496	-2.1968	0.8970	-2.1581	0.4481	-7.3683	161.6172	297.8121	262.1979	31.3836	2.3120	1.6060	52.0987	31.3836
72.3345	8000.0000	-0.2340	1.5936	0.0000	209.8070	248.6000	230.5330	1.6630	269.9700	32.0450	2.0000	8000.0000	500.0000	0.0000	8004.2794	0.2585	0.2599	0.0507	0.0496	-2.1968	0.8970	-2.1581	0.4481	-7.3683	161.6172	297.8121	262.1979	31.3836	2.3120	1.6060	52.0987	31.3836
72.9448	8001.0000	-0.2340	1.5943	0.0000	209.7290	248.6400	230.5600	1.6636	270.0700	32.0485	3.0000	8000.0000	500.0000	0.0000	8000.5573	0.2630	0.2725	0.0498	0.0505	-2.0918	0.8397	-2.2491	0.4371	-4.6962	167.9557	297.7938	260.0331	32.0450	2.2798	1.5844	52.2282	32.0450
72.9715	8001.0000	-0.2340	1.5943	0.0000	209.7290	248.6400	230.5600	1.6636	270.0700	32.0485	3.0000	8000.0000	500.0000	0.0000	8000.5573	0.2630	0.2725	0.0498	0.0505	-2.0918	0.8397	-2.2491	0.4371	-4.6962	167.9557	297.7938	260.0331	32.0450	2.2798	1.5844	52.2282	32.0450
73.5924	8000.0000	-0.2330	1.5925	0.0000	209.8910	248.4500	230.5730	1.6623	269.8200	32.1108	3.0000	8000.0000	500.0000	0.0000	7997.6606	0.2703	0.2824	0.0512	0.0500	-2.0036	0.8946	-2.1284	0.4368	3.6572	166.9062	297.8749	259.4547	32.0450	2.1617	1.5795	52.2282	32.0450
73.8191	8000.0000	-0.2330	1.5925	0.0000	209.8910	248.4500	230.5730	1.6623	269.8200	32.1108	3.0000	8000.0000	500.0000	0.0000	7997.6606	0.2703	0.2824	0.0512	0.0500	-2.0036	0.8946	-2.1284	0.4368	3.6572	166.9062	297.8749	259.4547	32.0450	2.1617	1.5795	52.2282	32.0450
74.2140	7994.0000	-0.2320	1.5922	0.0000	209.9260	248.4200	230.6040	1.6619	269.7600	32.1745	3.0000	8000.0000	500.0000	0.0000	7995.1381	0.2940	0.2910	0.0481	0.0493	-2.0151	0.9634	-2.2785	0.4413	-4.5472	162.2006	297.9260	258.9220	32.0450	2.2992	1.5775	52.3600	32.0450
74.5637	7994.0000	-0.2320	1.5922	0.0000	209.9260	248.4200	230.6040	1.6619	269.7600	32.1745	3.0000	8000.0000	500.0000	0.0000	7994.5669	0.2869	0.2929	0.0486	0.0482	-2.2271	1.0075	-2.2307	0.4500	-12.2136	160.1245	297.9649	260.4774	32.0450	2.4725	1.5770	52.4941	32.0450
74.8367	7994.0000	-0.2320	1.5922	0.0000	209.9260	248.4200	230.6040	1.6619	269.7600	32.1745	3.0000	8000.0000	500.0000	0.0000	7994.5669	0.2869	0.2929	0.0486	0.0482	-2.2271	1.0075	-2.2307	0.4500	-12.2136	160.1245	297.9649	260.4774	32.0450	2.4725	1.5770	52.4941	32.0450
75.3077	8002.0000	-0.2330	1.5916	0.0000	209.9850	248.4500	230.6180	1.6616	269.7200	32.2160	3.0000	8000.0000	500.0000	0.0000	7993.6384	0.2820	0.2959	0.0499	0.0502	-1.9608	0.9843	-2.1399	0.4230	-7.1742	168.0574	298.0056	258.8337	32.0450	2.3183	1.6141	52.4941	32.0450
75.4414	8002.0000	-0.2330	1.5916	0.0000	209.9850	248.4500	230.6180	1.6616	269.7200	32.2160	3.0000	8000.0000	500.0000	0.0000	7993.6384	0.2820	0.2959	0.0499	0.0502	-1.9608	0.9843	-2.1399	0.4230	-7.1742	168.0574	298.0056	258.8337	32.0450	2.3183	1.6141	52.4941	32.0450
76.0548	8000.0000	-0.2310	1.5917	0.0000	209.9190	248.2900	230.6470	1.6619	269.6900	32.2572	3.0000	8000.0000	500.0000	0.0000	8003.7618	0.2643	0.2613	0.0481	0.0495	-2.1273	0.9066	-2.2997	0.4771	-1.8825	165.1126	298.0860	258.0686	32.0450	2.2626	1.5753	52.6193	32.0450
76.0631	8000.0000	-0.2310	1.5917	0.0000	209.9190	248.2900	230.6470	1.6619	269.6900	32.2572	3.0000	8000.0000	500.0000	0.0000	8003.7618	0.2643	0.2613	0.0481	0.0495	-2.1273	0.9066	-2.2997	0.4771	-1.8825	165.1126	298.0860	258.0686	32.0450	2.2626	1.5753	52.6193	32.0450
76.6853	8000.0000	-0.2310	1.5917	0.0000	209.9190	248.2900	230.6470	1.6619	269.6900	32.2572	3.0000	8000.0000	500.0000	0.0000	7996.4448	0.2750	0.2861	0.0503	0.0494	-2.1153	0.9265	-2.0914	0.4524	-14.1210	163.3673	298.1356	259.4355	32.0450	2.2863	1.5781	52.6193	32.0450
77.3057	8005.0000	-0.2310	1.5949	0.0000	209.5290	248.3100	230.6760	1.6632	270.0300	32.3684	3.0000	8000.0000	500.0000	0.0000	8003.9192	0.2688	0.2606	0.0472	0.0480	-2.1748	0.9032	-2.3871	0.4581	4.8392	168.2856	298.1718	262.6660	32.0450	2.2906	1.5769	52.7469	32.0450
77.3169	8005.0000	-0.2310	1.5949	0.0000	209.5290	248.3100	230.6760	1.6632	270.0300	32.3684	3.0000	8000.0000	500.0000	0.0000	8003.9192	0.2688	0.2606	0.0472	0.0480	-2.1748	0.9032	-2.3871	0.4581	4.8392	168.2856	298.1718	262.6660	32.0450	2.2906	1.5769	52.7469	32.0450
77.9115	8003.0000	-0.2310	1.5948	0.0000	209.4730	247.8800	230.7040	1.6609	269.5300	32.4099	3.0000	8000.0000	500.0000	0.0000	7996.7636	0.2803	0.2850	0.0482	0.0505	-2.0052	0.9045	-2.2883	0.4856	-11.7976	166.6344	298.1787	260.5697	32.0450	2.3875	1.5781	52.8774	32.0450
78.0579	8003.0000	-0.2310	1.5948	0.0000	209.4730	247.8800	230.7040	1.6609	269.5300	32.4099	3.0000	8000.0000	500.0000	0.0000	7996.7636	0.2803	0.2850	0.0482	0.0505	-2.0052	0.9045	-2.2883	0.4856	-11.7976	166.6344	298.1787	260.5697	32.0450	2.3875	1.5781	52.8774	32.0450
78.5173	8003.0000	-0.2310	1.5946	0.0000	209.5300	248.2900	230.7150	1.6634	269.9600	32.4825	3.0000	8000.0000	500.0000	0.0000	8001.6001	0.2765	0.2686	0.0487	0.0478	-2.2045	0.9392	-2.2896	0.4535	-9.3978	165.2961	298.1959	260.4636	32.0450	2.3875	1.6218	52.8774	32.0450
78.8001	8003.0000	-0.2310	1.5946	0.0000	209.5300	248.2900	230.7150	1.6634	269.9600	32.4825	3.0000	8000.0000	500.0000	0.0000	8001.6001	0.2765	0.2686	0.0487	0.0478	-2.2045	0.9392	-2.2896	0.4535	-9.3978	165.2961	298.1959	260.4636	32.0450	2.3875	1.6218	52.8774	32.0450
79.1381	8003.0000	-0.2310	1.5946	0.0000	209.5300	248.2900	230.7150	1.6634	269.9600	32.4825	3.0000	8000.0000	500.0000	0.0000	7998.9131	0.2824	0.2777	0.0497	0.0482	-2.1885	0.9772	-2.2048	0.4292	-4.7552	174.7407	298.2306	261.4478	32.0450	2.4441	1.5766	52.9991	32.0450
79.5351	8007.0000	-0.2310	1.5943	0.0000	209.5670	248.3100	230.7400	1.6631	269.9200	32.5194	3.0000	8000.0000	500.0000	0.0000	8003.7099	0.2652	0.2614	0.0505	0.0510	-1.9793	0.8390	-2.2139	0.4421	-15.0928	164.4082	298.2783	263.5458	32.0450	2.2346	1.5760	52.9991	32.0450
79.7604	8007.0000	-0.2310	1.5943	0.0000	209.5670	248.3100	230.7400	1.6631	269.9200	32.5194	3.0000	8000.0000	500.0000	0.0000	8003.7099	0.2652	0.2614	0.0505	0.0510	-1.9793	0.8390	-2.2139	0.4421	-15.0928	164.4082	298.2783	263.5458	32.0450	2.2346	1.5760	52.9991	32.0450
80.2750	8001.0000	-0.2320	1.5937	0.0000	209.6320	248.3800	230.7500	1.6634	270.0100	32.5454	3.0000	8000.0000	500.0000	0.0000	7998.8397	0.2572	0.2779	0.0486	0.0502	-2.0992	0.7925	-2.2951	0.4410	-7.5288	169.5161	298.2654	262.0398	32.0450	2.3761	1.5765	53.1232	32.0450
80.3818	8001.0000	-0.2320	1.5937	0.0000	209.6320	248.3800	230.7500	1.6634	270.0100	32.5454	3.0000	8000.0000	500.0000	0.0000	7998.8397	0.2572	0.2779	0.0486	0.0502	-2.0992	0.7925	-2.2951	0.4410	-7.5288	169.5161	298.2654	262.0398	32.0450	2.3761	1.5765	53.1232	32.0450
81.0028	8001.0000	-0.2320	1.5932	0.0000	209.6450	248.0600	230.7700	1.6611	269.5800	32.6049	3.0000	8000.0000	500.0000	0.0000	8002.9954	0.2612	0.2638	0.0490	0.0500	-2.0863	0.8533	-2.2983	0.4300	-11.5415	161.7333	298.3257	260.3284	32.0450	2.2859	1.5769	53.2501	32.0450
81.0124	8001.0000	-0.2320	1.5932	0.0000	209.6450	248.0600	230.7700	1.6611	269.5800	32.6049	3.0000	8000.0000	500.0000	0.0000	8002.9954	0.2612	0.2638	0.0490	0.0500	-2.0863	0.8533	-2.2983	0.4300	-11.5415	161.7333	298.3257	260.3284	32.0450	2.2859	1.5769	53.2501	32.0450
81.6249	8003.0000	-0.2320	1.5935	0.0000	209.5980	247.9900	230.7790	1.6609	269.5800	32.6609	4.0000	8000.0000	500.0000	0.0000	8003.2157	0.2619	0.2631	0.0506	0.0488	-2.2036	0.8707	-2.2271	0.4542	-4.4243	165.1187	298.3710	258.7185	32.6049	2.3563	1.6223	53.2501	32.6049
81.7486	8003.0000	-0.2320	1.5935	0.0000	209.5980	247.9900	230.7790	1.6609	269.5800	32.6609	4.0000	8000.0000	500.0000	0.0000	8003.2157	0.2619	0.2631	0.0506	0.0488	-2.2036	0.8707	-2.2271	0.4542	-4.4243	165.1187	298.3710	258.7185	32.6049	2.3563	1.6223	53.2501	32.6049
82.2455	7995.0000	-0.2310	1.5935	0.0000	209.5930	247.9600	230.7940	1.6606	269.5800	32.7109	4.0000	8000.0000	500.0000	0.0000	8001.7329	0.2823	0.2681	0.0484	0.0485	-2.1406	0.9589	-2.3118	0.3786	-3.7872	164.6341	298.4281	257.9741	32.6049	2.2466	1.5772	53.3680	32.6049
82.5992	7995.0000	-0.2310	1.5935	0.0000	209.5930	247.9600	230.7940	1.6606	269.5800	32.7109	4.0000	8000.0000	500.0000	0.0000	8000.1564	0.2750	0.2734	0.0502	0.0480	-2.1871	0.9340	-2.2274	0.3641	-8.4916	170.6627	298.4159	261.6672	32.6049	2.1312	1.5782	53.4886	32.6049
82.8678	7995.0000	-0.2310	1.5935	0.0000	209.5930	247.9600	230.7940	1.6606	269.5800	32.7109	4.0000	8000.0000	500.0000	0.0000	8000.1564	0.2750	0.2734	0.0502	0.0480	-2.1871	0.9340	-2.2274	0.3641	-8.4916	170.6627	298.4159	261.6672	32.6049	2.1312	1.5782	53.4886	32.6049
83.3438	8003.0000	-0.2320	1.5938	0.0000	209.5600	247.9700	230.7980	1.6611	269.5800	32.7742	4.0000	8000.0000	500.0000	0.0000	7999.7221	0.2585	0.2748	0.0493	0.0499	-2.1501	0.8246	-2.3076	0.4245	-11.7340	162.9530	298.4492	260.8694	32.6049	2.2261	1.5781	53.4886	32.6049
83.4894	8003.0000	-0.2320	1.5938	0.0000	209.5600	247.9700	230.7980	1.6611	269.5800	32.7742	4.0000	8000.0000	500.0000	0.0000	7999.7221	0.2585	0.2748	0.0493	0.0499	-2.1501	0.8246	-2.3076	0.4245	-11.7340	162.9530	298.4492	260.8694	32.6049	2.2261	1.5781	53.4886	32.6049
84.0803	8005.0000	-0.2300	1.5943	0.0000	209.4830	247.3700	230.8070	1.6572	268.8300	32.7775	4.0000	8000.0000	500.0000	0.0000	8000.1068	0.2794	0.2733	0.0496	0.0508	-1.9538	0.9701	-2.1529	0.4698	-9.0564	163.9179	298.4434	257.1636	32.6049	2.3319	1.5823	53.6119	32.6049
84.1102	8005.0000	-0.2300	1.5943	0.0000	209.4830	247.3700	230.8070	1.6572	268.8300	32.7775	4.0000	8000.0000	500.0000	0.0000	8000.1068	0.2794	0.2733	0.0496	0.0508	-1.9538	0.9701	-2.1529	0.4698	-9.0564	163.9179	298.4434	257.1636	32.6049	2.3319	1.5823	53.6119	32.6049
84.7325	8000.0000	-0.2300	1.5963	0.0000	209.2260	247.5100	230.8090	1.6573	268.9900	32.8514	4.0000	8000.0000	500.0000	0.0000	8000.2543	0.2700	0.2725	0.0505	0.0499	-2.0529	0.8872	-2.1934	0.4272	-8.6857	167.5761	298.4747	256.0732	32.6049	2.2157	1.6213	53.6119	32.6049
84.8201	8000.0000	-0.2300	1.5963	0.0000	209.2260	247.5100	230.8090	1.6573	268.9900	32.8514	4.0000	8000.0000	500.0000	0.0000	8000.2543	0.2700	0.2725	0.0505	0.0499	-2.0529	0.8872	-2.1934	0.4272	-8.6857	167.5761	298.4747	256.0732	32.6049	2.2157	1.6213	53.6119	32.6049
85.3534	7997.0000	-0.2310	1.5922	0.0000	209.5650	247.2200	230.8120	1.6548	268.4000	32.9048	4.0000	8000.0000	500.0000	0.0000	7998.1432	0.2683	0.2792	0.0473	0.0493	-2.0290	0.9398	-2.4856	0.4246	-10.1547	163.3388	298.4376	259.4029	32.6049	2.3976	1.5673	53.7269	32.6049
85.5592	7997.0000	-0.2310	1.5922	0.0000	209.5650	247.2200	230.8120	1.6548	268.4000	32.9048	4.0000	8000.0000	500.0000	0.0000	7998.1432	0.2683	0.2792	0.0473	0.0493	-2.0290	0.9398	-2.4856	0.4246	-10.1547	163.3388	298.4376	259.4029	32.6049	2.3976	1.5673	53.7269	32.6049
85.9591	8000.0000	-0.2320	1.5881	0.0000	210.2040	247.2700	230.8120	1.6533	268.2600	32.9573	4.0000	8000.0000	500.0000	0.0000	8001.7195	0.2542	0.2668	0.0484	0.0505	-2.0915	0.7970	-2.3653	0.4610	-3.7991	166.7216	298.5169	260.1483	32.6049	2.3675	1.5744	53.8445	32.6049
86.2947	8000.0000	-0.2320	1.5881	0.0000	210.2040	247.2700	230.8120	1.6533	268.2600	32.9573	4.0000	8000.0000	500.0000	0.0000	8002.0477	0.2575	0.2657	0.0488	0.0506	-2.1419	0.8693	-2.2309	0.4152	3.7777	169.5440	298.4659	258.4632	32.6049	2.3528	1.5726	53.8445	32.6049
86.5800	8000.0000	-0.2320	1.5881	0.0000	210.2040	247.2700	230.8120	1.6533	268.2600	32.9573	4.0000	8000.0000	500.0000	0.0000	8002.0477	0.2575	0.2657	0.0488	0.0506	-2.1419	0.8693	-2.2309	0.4152	3.7777	169.5440	298.4659	258.4632	32.6049	2.3528	1.5726	53.8445	32.6049
87.0386	8001.0000	-0.2320	1.5876	0.0000	210.2320	247.2700	230.8100	1.6539	268.2600	32.9615	4.0000	8000.0000	500.0000	0.0000	8000.6681	0.2444	0.2704	0.0509	0.0501	-2.1277	0.7695	-2.1933	0.4620	-2.1619	170.2164	298.4745	258.1951	32.6049	2.2045	1.5766	53.9640	32.6049
87.2019	8001.0000	-0.2320	1.5876	0.0000	210.2320	247.2700	230.8100	1.6539	268.2600	32.9615	4.0000	8000.0000	500.0000	0.0000	8000.6681	0.2444	0.2704	0.0509	0.0501	-2.1277	0.7695	-2.1933	0.4620	-2.1619	170.2164	298.4745	258.1951	32.6049	2.2045	1.5766	53.9640	32.6049
87.7689	8003.0000	-0.2310	1.5862	0.0000	210.3420	246.8600	230.8080	1.6512	267.7900	33.0289	4.0000	8000.0000	500.0000	0.0000	8003.9798	0.2798	0.2591	0.0489	0.0494	-1.9942	0.9780	-2.2410	0.4883	-14.2675	161.2715	298.4724	258.7119	32.6049	2.2290	1.5998	54.0747	32.6049
87.8231	8003.0000	-0.2310	1.5862	0.0000	210.3420	246.8600	230.8080	1.6512	267.7900	33.0289	4.0000	8000.0000	500.0000	0.0000	8003.9798	0.2798	0.2591	0.0489	0.0494	-1.9942	0.9780	-2.2410	0.4883	-14.2675	161.2715	298.4724	258.7119	32.6049	2.2290	1.5998	54.0747	32.6049
88.4445	8001.0000	-0.2320	1.5863	0.0000	210.3340	247.0300	230.7990	1.6525	268.0000	33.0932	4.0000	8000.0000	500.0000	0.0000	8003.5083	0.2801	0.2607	0.0486	0.0489	-2.0518	0.9800	-2.2412	0.4497	-10.1492	157.4771	298.5453	257.1869	32.6049	2.3947	1.5732	54.0747	32.6049
88.5112	8001.0000	-0.2320	1.5863	0.0000	210.3340	247.0300	230.7990	1.6525	268.0000	33.0932	4.0000	8000.0000	500.0000	0.0000	8003.5083	0.2801	0.2607	0.0486	0.0489	-2.0518	0.9800	-2.2412	0.4497	-10.1492	157.4771	298.5453	257.1869	32.6049	2.3947	1.5732	54.0747	32.6049
89.0663	7999.0000	-0.2310	1.5857	0.0000	210.3910	246.8800	230.7950	1.6514	267.7800	33.1238	4.0000	8000.0000	500.0000	0.0000	7999.4878	0.2806	0.2743	0.0501	0.0481	-2.0943	0.9507	-2.1782	0.4577	-1.0231	165.6971	298.5323	259.4749	32.6049	2.3605	1.5712	54.1880	32.6049
89.2444	7999.0000	-0.2310	1.5857	0.0000	210.3910	246.8800	230.7950	1.6514	267.7800	33.1238	4.0000	8000.0000	500.0000	0.0000	7999.4878	0.2806	0.2743	0.0501	0.0481	-2.0943	0.9507	-2.1782	0.4577	-1.0231	165.6971	298.5323	259.4749	32.6049	2.3605	1.5712	54.1880	32.6049
89.6717	8000.0000	-0.2320	1.5859	0.0000	210.3730	247.0600	230.7820	1.6526	268.0100	33.1977	4.0000	8000.0000	500.0000	0.0000	7998.9924	0.2680	0.2760	0.0477	0.0502	-2.0001	0.8690	-2.3784	0.4066	-8.2473	165.7796	298.5053	257.6581	32.6049	2.3423	1.5698	54.1880	32.6049
89.9853	8000.0000	-0.2320	1.5859	0.0000	210.3730	247.0600	230.7820	1.6526	268.0100	33.1977	4.0000	8000.0000	500.0000	0.0000	8002.1106	0.2707	0.2654	0.0504	0.0495	-2.1098	0.9078	-2.2562	0.4087	-1.4843	164.8585	298.5022	257.2656	32.6049	2.2175	1.5807	54.3038	32.6049
90.2935	8000.0000	-0.2320	1.5859	0.0000	210.3730	247.0600	230.7820	1.6526	268.0100	33.1977	4.0000	8000.0000	500.0000	0.0000	8002.1106	0.2707	0.2654	0.0504	0.0495	-2.1098	0.9078	-2.2562	0.4087	-1.4843	164.8585	298.5022	257.2656	32.6049	2.2175	1.5807	54.3038	32.6049
90.7240	7997.0000	-0.2300	1.5857	0.0000	210.3390	246.8700	230.7730	1.6518	267.8000	33.2071	4.0000	8000.0000	500.0000	0.0000	7999.8667	0.2612	0.2730	0.0504	0.0504	-2.0026	0.8261	-2.2461	0.4018	-13.2589	162.6671	298.4332	258.2661	33.1977	2.1959	1.5859	54.4106	33.1977
90.9303	7997.0000	-0.2300	1.5857	0.0000	210.3390	246.8700	230.7730	1.6518	267.8000	33.2071	4.0000	8000.0000	500.0000	0.0000	7999.8667	0.2612	0.2730	0.0504	0.0504	-2.0026	0.8261	-2.2461	0.4018	-13.2589	162.6671	298.4332	258.2661	33.1977	2.1959	1.5859	54.4106	33.1977
91.4563	7995.0000	-0.2300	1.5859	0.0000	210.3170	246.9300	230.7560	1.6522	267.8600	33.2384	5.0000	8000.0000	500.0000	0.0000	7997.1745	0.2940	0.2821	0.0497	0.0478	-2.0996	0.9987	-2.1869	0.4670	4.1966	171.5984	298.4509	260.8699	33.1977	2.3201	1.5698	54.4106	33.1977
91.5372	7995.0000	-0.2300	1.5859	0.0000	210.3170	246.9300	230.7560	1.6522	267.8600	33.2384	5.0000	8000.0000	500.0000	0.0000	7997.1745	0.2940	0.2821	0.0497	0.0478	-2.0996	0.9987	-2.1869	0.4670	4.1966	171.5984	298.4509	260.8699	33.1977	2.3201	1.5698	54.4106	33.1977
92.1586	7999.0000	-0.2310	1.5857	0.0000	210.3440	247.0500	230.7470	1.6529	267.9800	33.3252	5.0000	8000.0000	500.0000	0.0000	7999.7752	0.2627	0.2733	0.0487	0.0489	-2.1390	0.8843	-2.2192	0.3789	0.1908	174.6884	298.4052	261.8070	33.1977	2.2694	1.5696	54.5203	33.1977
92.3203	7999.0000	-0.2310	1.5857	0.0000	210.3440	247.0500	230.7470	1.6529	267.9800	33.3252	5.0000	8000.0000	500.0000	0.0000	7999.7752	0.2627	0.2733	0.0487	0.0489	-2.1390	0.8843	-2.2192	0.3789	0.1908	174.6884	298.4052	261.8070	33.1977	2.2694	1.5696	54.5203	33.1977
92.7795	7998.0000	-0.2330	1.5859	0.0000	210.3300	247.0100	230.7240	1.6531	267.9400	33.3157	5.0000	8000.0000	500.0000	0.0000	8000.4991	0.2842	0.2709	0.0503	0.0495	-1.8823	0.9577	-2.2330	0.3893	-4.2340	168.7837	298.4298	261.5836	33.1977	2.1706	1.5702	54.5203	33.1977
93.0595	7998.0000	-0.2330	1.5859	0.0000	210.3300	247.0100	230.7240	1.6531	267.9400	33.3157	5.0000	8000.0000	500.0000	0.0000	8000.4991	0.2842	0.2709	0.0503	0.0495	-1.8823	0.9577	-2.2330	0.3893	-4.2340	168.7837	298.4298	261.5836	33.1977	2.1706	1.5702	54.5203	33.1977
93.4005	7998.0000	-0.2330	1.5859	0.0000	210.3300	247.0100	230.7240	1.6531	267.9400	33.3157	5.0000	8000.0000	500.0000	0.0000	8006.7040	0.2675	0.2498	0.0492	0.0504	-1.9844	0.8630	-2.1547	0.4085	-7.3066	170.8131	298.4373	257.7120	33.1977	2.1308	1.5953	54.6327	33.1977
93.7990	7995.0000	-0.2310	1.5856	0.0000	210.3360	246.9100	230.7110	1.6523	267.7900	33.4000	5.0000	8000.0000	500.0000	0.0000	7998.2359	0.2876	0.2785	0.0497	0.0479	-2.2689	1.0450	-2.2561	0.4117	-6.1270	171.4197	298.4246	259.2541	33.1977	2.2072	1.5760	54.7365	33.1977
94.0063	7995.0000	-0.2310	1.5856	0.0000	210.3360	246.9100	230.7110	1.6523	267.7900	33.4000	5.0000	8000.0000	500.0000	0.0000	7998.2359	0.2876	0.2785	0.0497	0.0479	-2.2689	1.0450	-2.2561	0.4117	-6.1270	171.4197	298.4246	259.2541	33.1977	2.2072	1.5760	54.7365	33.1977
94.5363	7997.0000	-0.2320	1.5864	0.0000	210.2230	246.9900	230.6830	1.6536	267.9800	33.4303	5.0000	8000.0000	500.0000	0.0000	7995.7944	0.2717	0.2867	0.0491	0.0484	-2.0855	0.9032	-2.2985	0.3990	0.0026	173.8914	298.3953	259.3821	33.1977	2.3552	1.5707	54.7365	33.1977
94.6280	7997.0000	-0.2320	1.5864	0.0000	210.2230	246.9900	230.6830	1.6536	267.9800	33.4303	5.0000	8000.0000	500.0000	0.0000	7995.7944	0.2717	0.2867	0.0491	0.0484	-2.0855	0.9032	-2.2985	0.3990	0.0026	173.8914	298.3953	259.3821	33.1977	2.3552	1.5707	54.7365	33.1977
95.2335	7996.0000	-0.2290	1.5879	0.0000	210.0480	246.8100	230.6690	1.6534	267.9600	33.4901	5.0000	8000.0000	500.0000	0.0000	8001.4858	0.2759	0.2672	0.0480	0.0492	-2.0202	0.9569	-2.3278	0.4089	-7.4702	165.6662	298.3650	258.9547	33.1977	2.2733	1.5722	54.8431	33.1977
95.2819	7996.0000	-0.2290	1.5879	0.0000	210.0480	246.8100	230.6690	1.6534	267.9600	33.4901	5.0000	8000.0000	500.0000	0.0000	8001.4858	0.2759	0.2672	0.0480	0.0492	-2.0202	0.9569	-2.3278	0.4089	-7.4702	165.6662	298.3650	258.9547	33.1977	2.2733	1.5722	54.8431	33.1977
96.0140	8005.0000	-0.2300	1.5900	0.0000	209.7270	246.5700	230.6350	1.6528	267.8200	33.5152	5.0000	8000.0000	500.0000	0.0000	7999.9669	0.2499	0.2723	0.0489	0.0505	-2.1472	0.7908	-2.2557	0.4381	-13.2387	165.3163	298.3507	258.0846	33.1977	2.3310	1.6124	54.9526	33.1977
96.3803	8001.0000	-0.2290	1.5902	0.0000	209.7210	246.7100	230.6180	1.6541	267.9800	33.5451	5.0000	8000.0000	500.0000	0.0000	7999.9669	0.2499	0.2723	0.0489	0.0505	-2.1472	0.7908	-2.2557	0.4381	-13.2387	165.3163	298.3507	258.0846	33.1977	2.3310	1.6124	54.9526	33.1977
96.7408	8001.0000	-0.2290	1.5902	0.0000	209.7210	246.7100	230.6180	1.6541	267.9800	33.5451	5.0000	8000.0000	500.0000	0.0000	7996.1773	0.2844	0.2852	0.0503	0.0479	-2.2534	1.0445	-2.1358	0.4389	-12.2241	170.3074	298.2899	256.8122	33.1977	2.2650	1.5747	55.0538	33.1977
96.9861	8001.0000	-0.2290	1.5902	0.0000	209.7210	246.7100	230.6180	1.6541	267.9800	33.5451	5.0000	8000.0000	500.0000	0.0000	7996.1773	0.2844	0.2852	0.0503	0.0479	-2.2534	1.0445	-2.1358	0.4389	-12.2241	170.3074	298.2899	256.8122	33.1977	2.2650	1.5747	55.0538	33.1977
97.4692	7996.0000	-0.2300	1.5918	0.0000	209.5290	246.7000	230.5810	1.6542	267.9700	33.6042	5.0000	8000.0000	500.0000	0.0000	8000.0648	0.2765	0.2720	0.0507	0.0498	-2.0502	0.8996	-2.1750	0.4452	-0.2566	172.8590	298.2895	259.7831	33.1977	2.3033	1.5748	55.0538	33.1977
97.6079	7996.0000	-0.2300	1.5918	0.0000	209.5290	246.7000	230.5810	1.6542	267.9700	33.6042	5.0000	8000.0000	500.0000	0.0000	8000.0648	0.2765	0.2720	0.0507	0.0498	-2.0502	0.8996	-2.1750	0.4452	-0.2566	172.8590	298.2895	259.7831	33.1977	2.3033	1.5748	55.0538	33.1977
98.1978	7998.0000	-0.2300	1.5919	0.0000	209.5000	246.5300	230.5640	1.6539	267.8600	33.6638	5.0000	8000.0000	500.0000	0.0000	8001.7551	0.2637	0.2662	0.0477	0.0501	-2.0919	0.9181	-2.3036	0.4463	-1.8746	170.9336	298.2134	262.2231	33.1977	2.3075	1.5750	55.1580	33.1977
98.2292	7998.0000	-0.2300	1.5919	0.0000	209.5000	246.5300	230.5640	1.6539	267.8600	33.6638	5.0000	8000.0000	500.0000	0.0000	8001.7551	0.2637	0.2662	0.0477	0.0501	-2.0919	0.9181	-2.3036	0.4463	-1.8746	170.9336	298.2134	262.2231	33.1977	2.3075	1.5750	55.1580	33.1977
98.8508	7999.0000	-0.2300	1.5921	0.0000	209.4490	246.3400	230.5270	1.6532	267.7400	33.6969	5.0000	8000.0000	500.0000	0.0000	8001.6175	0.2732	0.2666	0.0485	0.0507	-1.9681	0.8982	-2.3051	0.4644	-12.5969	167.4767	298.2193	259.8410	33.1977	2.3514	1.5744	55.2653	33.1977
98.9462	7999.0000	-0.2300	1.5921	0.0000	209.4490	246.3400	230.5270	1.6532	267.7400	33.6969	5.0000	8000.0000	500.0000	0.0000	8001.6175	0.2732	0.2666	0.0485	0.0507	-1.9681	0.8982	-2.3051	0.4644	-12.5969	167.4767	298.2193	259.8410	33.1977	2.3514	1.5744	55.2653	33.1977
99.4721	8001.0000	-0.2290	1.5925	0.0000	209.3920	246.3200	230.5110	1.6532	267.6700	33.7029	6.0000	8000.0000	500.0000	0.0000	8001.5348	0.2675	0.2669	0.0482	0.0498	-2.0610	0.8973	-2.3062	0.3915	-6.7661	166.7955	298.2233	258.1471	33.1977	2.4237	1.6216	55.2653	33.1977
99.6931	8001.0000	-0.2290	1.5925	0.0000	209.3920	246.3200	230.5110	1.6532	267.6700	33.7029	6.0000	8000.0000	500.0000	0.0000	8001.5348	0.2675	0.2669	0.0482	0.0498	-2.0610	0.8973	-2.3062	0.3915	-6.7661	166.7955	298.2233	258.1471	33.1977	2.4237	1.6216	55.2653	33.1977
100.0932	7998.0000	-0.2320	1.5926	0.0000	209.3870	246.4400	230.4750	1.6539	267.7400	33.7877	NOT CONNECTED	8000.0000	500.0000	0.0000	7999.4482	0.2854	0.2740	0.0512	0.0490	-2.0908	0.9549	-2.1349	0.4896	-5.7948	164.8815	298.2021	259.0369	33.1977	2.1301	1.5752	55.3640	33.1977
100.4395	7998.0000	-0.2320	1.5926	0.0000	209.3870	246.4400	230.4750	1.6539	267.7400	33.7877	NOT CONNECTED	8000.0000	500.0000	0.0000	7993.9421	0.2590	0.2927	0.0493	0.0483	-2.2365	0.8577	-2.1688	0.4533	-12.7789	168.6929	298.2018	257.8658	33.1977	2.2385	1.5762	55.3640	33.1977
100.7149	7998.0000	-0.2320	1.5926	0.0000	209.3870	246.4400	230.4750	1.6539	267.7400	33.7877	NOT CONNECTED	8000.0000	500.0000	0.0000	7993.9421	0.2590	0.2927	0.0493	0.0483	-2.2365	0.8577	-2.1688	0.4533	-12.7789	168.6929	298.2018	257.8658	33.1977	2.2385	1.5762	55.3640	33.1977
101.3362	8046.0000	-0.0880	1.5671	0.0000	210.3170	219.4500	230.4650	1.5216	242.2700	33.7971	NOT CONNECTED	0.0000	500.0000	0.0000	8033.3003	0.1542	0.1552	0.0495	0.0499	-2.0384	0.5304	-2.1981	0.1929	-13.7840	168.0850	303.5501	146.3784	33.1977	2.1014	1.5736	55.4657	33.1977
101.4372	8046.0000	-0.0880	1.5671	0.0000	210.3170	219.4500	230.4650	1.5216	242.2700	33.7971	NOT CONNECTED	0.0000	500.0000	0.0000	8033.3003	0.1542	0.1552	0.0495	0.0499	-2.0384	0.5304	-2.1981	0.1929	-13.7840	168.0850	303.5501	146.3784	33.1977	2.1014	1.5736	55.4657	33.1977
101.9585	8029.0000	-0.0700	1.4557	0.0000	216.0340	107.8600	230.5210	0.8240	123.0600	33.8686	NOT CONNECTED	0.0000	500.0000	0.0000	8037.3773	0.0950	0.0985	0.0504	0.0511	-2.1499	0.2314	-2.2464	0.1668	-12.4992	170.5888	305.8389	117.4038	33.1977	2.2282	1.4357	55.5714	33.1977
102.1726	8029.0000	-0.0700	1.4557	0.0000	216.0340	107.8600	230.5210	0.8240	123.0600	33.8686	NOT CONNECTED	0.0000	500.0000	0.0000	8037.3773	0.0950	0.0985	0.0504	0.0511	-2.1499	0.2314	-2.2464	0.1668	-12.4992	170.5888	305.8389	117.4038	33.1977	2.2282	1.4357	55.5714	33.1977
102.5955	8018.0000	-0.0720	1.4537	0.0000	215.8760	108.6100	230.4690	0.8286	123.7800	33.8769	NOT CONNECTED	0.0000	500.0000	0.0000	8022.4530	0.1112	0.1163	0.0512	0.0503	-2.0946	0.3593	-2.1127	0.1832	-5.6953	171.2489	305.6687	116.4594	33.1977	2.1475	1.4834	55.5714	33.1977
102.9453	8018.0000	-0.0720	1.4537	0.0000	215.8760	108.6100	230.4690	0.8286	123.7800	33.8769	NOT CONNECTED	0.0000	500.0000	0.0000	8013.4335	0.1167	0.1244	0.0510	0.0505	-2.0872	0.4050	-2.0808	0.2083	-3.3316	172.9432	305.6254	115.9403	33.1977	2.1638	1.4327	55.6501	33.1977
103.2174	8018.0000	-0.0720	1.4537	0.0000	215.8760	108.6100	230.4690	0.8286	123.7800	33.8769	NOT CONNECTED	0.0000	500.0000	0.0000	8013.4335	0.1167	0.1244	0.0510	0.0505	-2.0872	0.4050	-2.0808	0.2083	-3.3316	172.9432	305.6254	115.9403	33.1977	2.1638	1.4327	55.6501	33.1977
103.6850	8012.0000	-0.0720	1.4526	0.0000	215.8650	108.8800	230.4620	0.8301	124.0300	33.9371	NOT CONNECTED	0.0000	500.0000	0.0000	8014.9355	0.1101	0.1029	0.0504	0.0519	-1.9867	0.3580	-2.1678	0.1553	8.8991	169.9064	305.5376	118.3345	33.1977	2.0597	1.4331	55.7263	33.1977
103.8381	8012.0000	-0.0720	1.4526	0.0000	215.8650	108.8800	230.4620	0.8301	124.0300	33.9371	NOT CONNECTED	0.0000	500.0000	0.0000	8014.9355	0.1101	0.1029	0.0504	0.0519	-1.9867	0.3580	-2.1678	0.1553	8.8991	169.9064	305.5376	118.3345	33.1977	2.0597	1.4331	55.7263	33.1977
104.4376	8010.0000	-0.0710	1.4518	0.0000	215.7650	109.2700	230.4520	0.8324	124.4500	33.9785	NOT CONNECTED	0.0000	500.0000	0.0000	8006.2232	0.1084	0.1211	0.0510	0.0517	-2.1654	0.3498	-2.0954	0.1750	-8.9425	172.9979	305.4618	118.1574	33.1977	2.0956	1.4309	55.7263	33.1977
104.4601	8010.0000	-0.0710	1.4518	0.0000	215.7650	109.2700	230.4520	0.8324	124.4500	33.9785	NOT CONNECTED	0.0000	500.0000	0.0000	8006.2232	0.1084	0.1211	0.0510	0.0517	-2.1654	0.3498	-2.0954	0.1750	-8.9425	172.9979	305.4618	118.1574	33.1977	2.0956	1.4309	55.7263	33.1977
105.0815	7964.0000	-0.0330	1.4515	0.0000	215.7490	109.4500	230.4470	0.8336	124.6800	33.9982	NOT CONNECTED	0.0000	500.0000	0.0000	8003.3830	0.0645	0.1080	0.0517	0.0520	-1.9725	0.1886	-2.0050	0.0737	3.4946	169.1631	305.4013	82.7118	33.1977	2.1698	1.4319	55.8054	33.1977
105.1832	7964.0000	-0.0330	1.4515	0.0000	215.7490	109.4500	230.4470	0.8336	124.6800	33.9982	NOT CONNECTED	0.0000	500.0000	0.0000	8003.3830	0.0645	0.1080	0.0517	0.0520	-1.9725	0.1886	-2.0050	0.0737	3.4946	169.1631	305.4013	82.7118	33.1977	2.1698	1.4319	55.8054	33.1977
105.7032	7584.0000	0.0000	1.3859	0.0000	211.7010	18.8400	230.4920	0.2581	33.2700	34.0384	NOT CONNECTED	0.0000	500.0000	0.0000	7716.2734	0.0394	0.0136	0.0520	0.0522	-2.0940	0.2080	-2.0644	-0.0452	-3.5801	158.6407	313.3906	24.6158	33.1977	1.9442	1.4078	55.8054	33.1977
105.9463	7584.0000	0.0000	1.3859	0.0000	211.7010	18.8400	230.4920	0.2581	33.2700	34.0384	NOT CONNECTED	0.0000	500.0000	0.0000	7716.2734	0.0394	0.0136	0.0520	0.0522	-2.0940	0.2080	-2.0644	-0.0452	-3.5801	158.6407	313.3906	24.6158	33.1977	1.9442	1.4078	55.8054	33.1977
106.3248	7208.0000	0.0020	1.3842	0.0000	204.9900	18.4000	230.4820	0.2555	32.8800	34.0782	NOT CONNECTED	0.0000	500.0000	0.0000	7403.3329	-0.0210	0.0002	0.0524	0.0521	-1.9793	-0.0265	-2.0496	0.0472	-5.9834	165.9077	313.5908	26.3685	33.1977	2.1076	1.3627	55.8699	33.1977
106.6819	7208.0000	0.0020	1.3842	0.0000	204.9900	18.4000	230.4820	0.2555	32.8800	34.0782	NOT CONNECTED	0.0000	500.0000	0.0000	7101.5701	0.0033	-0.0000	0.0517	0.0521	-2.0950	0.0333	-1.9918	-0.0143	-13.6106	157.2350	313.8599	22.2141	33.1977	1.9300	1.3666	55.9164	33.1977
106.9461	7208.0000	0.0020	1.3842	0.0000	204.9900	18.4000	230.4820	0.2555	32.8800	34.0782	NOT CONNECTED	0.0000	500.0000	0.0000	7101.5701	0.0033	-0.0000	0.0517	0.0521	-2.0950	0.0333	-1.9918	-0.0143	-13.6106	157.2350	313.8599	22.2141	33.1977	1.9300	1.3666	55.9164	33.1977
107.4386	6852.0000	0.0040	1.3818	0.0000	191.2880	16.1300	230.4900	0.2449	31.3600	34.1021	NOT CONNECTED	0.0000	500.0000	0.0000	6789.9969	0.0113	-0.0000	0.0522	0.0521	-2.1082	0.0300	-1.9228	0.0316	-8.0386	152.7840	313.9776	20.8379	33.1977	1.9748	1.3701	55.9164	33.1977
107.5674	6852.0000	0.0040	1.3818	0.0000	191.2880	16.1300	230.4900	0.2449	31.3600	34.1021	NOT CONNECTED	0.0000	500.0000	0.0000	6789.9969	0.0113	-0.0000	0.0522	0.0521	-2.1082	0.0300	-1.9228	0.0316	-8.0386	152.7840	313.9776	20.8379	33.1977	1.9748	1.3701	55.9164	33.1977
108.1734	6499.0000	0.0050	1.3821	0.0000	184.5040	15.7900	230.4960	0.2431	31.1000	34.1285	NOT CONNECTED	0.0000	500.0000	0.0000	6509.3616	0.0037	-0.0000	0.0520	0.0521	-2.0552	0.0126	-1.9958	0.0197	-4.8759	143.8956	313.8640	23.2938	33.1977	2.0691	1.3755	55.9573	33.1977
108.1764	6499.0000	0.0050	1.3821	0.0000	184.5040	15.7900	230.4960	0.2431	31.1000	34.1285	NOT CONNECTED	0.0000	500.0000	0.0000	6509.3616	0.0037	-0.0000	0.0520	0.0521	-2.0552	0.0126	-1.9958	0.0197	-4.8759	143.8956	313.8640	23.2938	33.1977	2.0691	1.3755	55.9573	33.1977
108.7947	6161.0000	0.0090	1.3835	0.0000	171.7210	15.4500	230.5090	0.2429	31.1500	34.1326	NOT CONNECTED	0.0000	500.0000	0.0000	6223.4393	-0.0023	-0.0000	0.0520	0.0521	-2.0044	-0.0294	-2.0223	0.0362	-8.7197	134.5229	314.0345	21.3725	33.1977	2.0435	1.3937	55.9836	33.1977
108.9433	6161.0000	0.0090	1.3835	0.0000	171.7210	15.4500	230.5090	0.2429	31.1500	34.1326	NOT CONNECTED	0.0000	500.0000	0.0000	6223.4393	-0.0023	-0.0000	0.0520	0.0521	-2.0044	-0.0294	-2.0223	0.0362	-8.7197	134.5229	314.0345	21.3725	33.1977	2.0435	1.3937	55.9836	33.1977
109.4159	5817.0000	0.0070	1.3843	0.0000	165.5820	15.3100	230.5180	0.2433	31.1800	34.1758	NOT CONNECTED	0.0000	500.0000	0.0000	5946.5004	-0.0090	-0.0000	0.0522	0.0521	-1.8724	-0.0440	-2.0222	0.0411	-6.6750	128.4605	314.0183	21.4267	33.1977	2.0532	1.3777	55.9836	33.1977
109.6806	5817.0000	0.0070	1.3843	0.0000	165.5820	15.3100	230.5180	0.2433	31.1800	34.1758	NOT CONNECTED	0.0000	500.0000	0.0000	5946.5004	-0.0090	-0.0000	0.0522	0.0521	-1.8724	-0.0440	-2.0222	0.0411	-6.6750	128.4605	314.0183	21.4267	33.1977	2.0532	1.3777	55.9836	33.1977
110.0215	5817.0000	0.0070	1.3843	0.0000	165.5820	15.3100	230.5180	0.2433	31.1800	34.1758	NOT CONNECTED	0.0000	500.0000	0.0000	5674.2732	-0.0178	-0.0000	0.0520	0.0521	-1.8179	-0.0825	-1.7753	-0.0230	-7.6472	121.8675	313.7857	21.7120	33.1977	2.1595	1.3812	56.0051	33.1977
110.4376	5513.0000	0.0050	1.3800	0.0000	154.2600	18.7600	230.5410	0.2669	34.6500	34.1908	NOT CONNECTED	0.0000	500.0000	0.0000	5439.6405	-0.0041	-0.0000	0.0519	0.0521	-2.0182	-0.0058	-2.1119	0.0422	-7.0432	118.4959	313.5095	20.9652	33.1977	1.8980	1.3761	56.0051	33.1977
110.6429	5513.0000	0.0050	1.3800	0.0000	154.2600	18.7600	230.5410	0.2669	34.6500	34.1908	NOT CONNECTED	0.0000	500.0000	0.0000	5439.6405	-0.0041	-0.0000	0.0519	0.0521	-2.0182	-0.0058	-2.1119	0.0422	-7.0432	118.4959	313.5095	20.9652	33.1977	1.8980	1.3761	56.0051	33.1977
111.1746	5211.0000	0.0000	1.3796	0.0000	148.6990	18.5400	230.5570	0.2660	34.5400	34.2277	NOT CONNECTED	0.0000	500.0000	0.0000	5199.0861	0.0037	-0.0000	0.0521	0.0521	-2.1313	0.0012	-1.9365	0.0079	-9.1988	114.8468	313.5691	21.2818	33.1977	1.8978	1.3844	56.0213	33.1977
111.2486	5211.0000	0.0000	1.3796	0.0000	148.6990	18.5400	230.5570	0.2660	34.5400	34.2277	NOT CONNECTED	0.0000	500.0000	0.0000	5199.0861	0.0037	-0.0000	0.0521	0.0521	-2.1313	0.0012	-1.9365	0.0079	-9.1988	114.8468	313.5691	21.2818	33.1977	1.8978	1.3844	56.0213	33.1977
111.8697	4933.0000	0.0040	1.3807	0.0000	138.0160	18.4100	230.5910	0.2658	34.5600	34.2753	NOT CONNECTED	0.0000	500.0000	0.0000	4961.5124	-0.0069	-0.0000	0.0523	0.0521	-1.9805	-0.0235	-1.9053	0.0019	-5.3516	109.2114	313.6043	21.3257	33.1977	1.9571	1.3838	56.0264	33.1977
111.9451	4933.0000	0.0040	1.3807	0.0000	138.0160	18.4100	230.5910	0.2658	34.5600	34.2753	NOT CONNECTED	0.0000	500.0000	0.0000	4961.5124	-0.0069	-0.0000	0.0523	0.0521	-1.9805	-0.0235	-1.9053	0.0019	-5.3516	109.2114	313.6043	21.3257	33.1977	1.9571	1.3838	56.0264	33.1977
112.4756	4647.0000	0.0040	1.3811	0.0000	132.8980	18.4500	230.6070	0.2662	34.5800	34.2982	NOT CONNECTED	0.0000	500.0000	0.0000	4732.2249	0.0075	-0.0000	0.0522	0.0521	-1.9786	0.0405	-2.0220	0.0067	-10.3405	102.9261	313.6463	20.7070	33.1977	1.9215	1.3819	56.0264	33.1977
112.6812	4647.0000	0.0040	1.3811	0.0000	132.8980	18.4500	230.6070	0.2662	34.5800	34.2982	NOT CONNECTED	0.0000	500.0000	0.0000	4732.2249	0.0075	-0.0000	0.0522	0.0521	-1.9786	0.0405	-2.0220	0.0067	-10.3405	102.9261	313.6463	20.7070	33.1977	1.9215	1.3819	56.0264	33.1977
113.0974	4374.0000	0.0070	1.3821	0.0000	122.7230	18.1500	230.6420	0.2640	34.3200	34.3320	NOT CONNECTED	0.0000	500.0000	0.0000	4511.0125	-0.0079	-0.0000	0.0520	0.0521	-1.8627	-0.0519	-1.9814	0.0270	-7.4669	97.2973	313.5867	21.2587	33.1977	2.0430	1.3837	56.0279	33.1977
113.4367	4374.0000	0.0070	1.3821	0.0000	122.7230	18.1500	230.6420	0.2640	34.3200	34.3320	NOT CONNECTED	0.0000	500.0000	0.0000	4292.0883	0.0025	-0.0000	0.0522	0.0521	-2.1491	-0.0225	-1.9132	-0.0092	-7.3276	97.9617	313.6760	21.2302	33.1977	1.8146	1.3866	56.0279	33.1977
113.7180	4374.0000	0.0070	1.3821	0.0000	122.7230	18.1500	230.6420	0.2640	34.3200	34.3320	NOT CONNECTED	0.0000	500.0000	0.0000	4292.0883	0.0025	-0.0000	0.0522	0.0521	-2.1491	-0.0225	-1.9132	-0.0092	-7.3276	97.9617	313.6760	21.2302	33.1977	1.8146	1.3866	56.0279	33.1977
114.1821	4109.0000	0.0020	1.3867	0.0000	117.7460	17.8900	230.6610	0.2622	34.0700	34.3389	NOT CONNECTED	0.0000	500.0000	0.0000	4062.4412	0.0046	-0.0000	0.0522	0.0521	-1.9485	-0.0044	-2.0195	-0.0202	-5.7092	90.0010	313.7829	21.2706	33.1977	1.9507	1.3945	56.0255	33.1977
114.3399	4109.0000	0.0020	1.3867	0.0000	117.7460	17.8900	230.6610	0.2622	34.0700	34.3389	NOT CONNECTED	0.0000	500.0000	0.0000	4062.4412	0.0046	-0.0000	0.0522	0.0521	-1.9485	-0.0044	-2.0195	-0.0202	-5.7092	90.0010	313.7829	21.2706	33.1977	1.9507	1.3945	56.0255	33.1977
114.9615	3654.0000	0.0040	1.3830	0.0000	103.0630	17.8700	230.7140	0.2614	33.9700	34.3866	NOT CONNECTED	0.0000	500.0000	0.0000	3842.9394	-0.0015	-0.0000	0.0521	0.0521	-1.9207	-0.0386	-1.9507	-0.0065	-8.6594	86.3311	313.7992	21.2582	33.1977	1.9314	1.3880	56.0158	33.1977
115.4491	3654.0000	0.0040	1.3830	0.0000	103.0630	17.8700	230.7140	0.2614	33.9700	34.3866	NOT CONNECTED	0.0000	500.0000	0.0000	3620.3590	-0.0065	-0.0000	0.0522	0.0521	-1.9837	-0.0378	-1.9790	0.0176	-6.5961	77.7006	313.8358	21.0486	33.1977	1.9818	1.3890	56.0158	33.1977
115.5674	3654.0000	0.0040	1.3830	0.0000	103.0630	17.8700	230.7140	0.2614	33.9700	34.3866	NOT CONNECTED	0.0000	500.0000	0.0000	3620.3590	-0.0065	-0.0000	0.0522	0.0521	-1.9837	-0.0378	-1.9790	0.0176	-6.5961	77.7006	313.8358	21.0486	33.1977	1.9818	1.3890	56.0158	33.1977
116.1881	3394.0000	0.0040	1.3833	0.0000	98.0930	17.7200	230.7330	0.2602	33.8300	34.4098	NOT CONNECTED	0.0000	500.0000	0.0000	3408.8486	0.0040	-0.0000	0.0522	0.0521	-1.9742	-0.0205	-1.9682	0.0206	-8.6716	76.8327	313.8100	21.0519	33.1977	1.9607	1.3908	56.0020	33.1977
116.1921	3394.0000	0.0040	1.3833	0.0000	98.0930	17.7200	230.7330	0.2602	33.8300	34.4098	NOT CONNECTED	0.0000	500.0000	0.0000	3408.8486	0.0040	-0.0000	0.0522	0.0521	-1.9742	-0.0205	-1.9682	0.0206	-8.6716	76.8327	313.8100	21.0519	33.1977	1.9607	1.3908	56.0020	33.1977
116.8092	3159.0000	0.0030	1.3839	0.0000	89.0840	17.5800	230.7670	0.2580	33.5900	34.4541	NOT CONNECTED	0.0000	500.0000	0.0000	3206.6956	0.0092	-0.0000	0.0523	0.0521	-1.9498	0.0579	-1.9467	-0.0235	-8.4990	68.8289	313.8857	20.7524	33.1977	1.9237	1.3912	55.9842	33.1977
116.9478	3159.0000	0.0030	1.3839	0.0000	89.0840	17.5800	230.7670	0.2580	33.5900	34.4541	NOT CONNECTED	0.0000	500.0000	0.0000	3206.6956	0.0092	-0.0000	0.0523	0.0521	-1.9498	0.0579	-1.9467	-0.0235	-8.4990	68.8289	313.8857	20.7524	33.1977	1.9237	1.3912	55.9842	33.1977
117.4313	2922.0000	0.0070	1.3843	0.0000	84.7980	17.5300	230.7830	0.2570	33.3700	34.4881	NOT CONNECTED	0.0000	500.0000	0.0000	3009.7971	-0.0099	-0.0000	0.0520	0.0521	-2.0123	-0.0689	-1.9980	0.0193	-8.2702	69.3901	313.9629	21.2836	33.1977	2.0514	1.3990	55.9842	33.1977
117.6932	2922.0000	0.0070	1.3843	0.0000	84.7980	17.5300	230.7830	0.2570	33.3700	34.4881	NOT CONNECTED	0.0000	500.0000	0.0000	3009.7971	-0.0099	-0.0000	0.0520	0.0521	-2.0123	-0.0689	-1.9980	0.0193	-8.2702	69.3901	313.9629	21.2836	33.1977	2.0514	1.3990	55.9842	33.1977
118.0373	2922.0000	0.0070	1.3843	0.0000	84.7980	17.5300	230.7830	0.2570	33.3700	34.4881	NOT CONNECTED	0.0000	500.0000	0.0000	2817.0600	-0.0102	-0.0000	0.0521	0.0521	-1.9394	-0.0113	-1.9401	-0.0006	-7.1287	67.3326	314.0183	20.8982	33.1977	2.0282	1.3937	55.9612	33.1977
118.4379	2692.0000	0.0040	1.3844	0.0000	76.3950	17.4800	230.8120	0.2559	33.2500	34.4950	NOT CONNECTED	0.0000	500.0000	0.0000	2631.8500	0.0165	-0.0000	0.0521	0.0521	-2.0050	0.0602	-2.0406	0.0349	-7.9308	53.8213	314.0494	20.8579	33.1977	1.9932	1.3946	55.9612	33.1977
118.6582	2692.0000	0.0040	1.3844	0.0000	76.3950	17.4800	230.8120	0.2559	33.2500	34.4950	NOT CONNECTED	0.0000	500.0000	0.0000	2631.8500	0.0165	-0.0000	0.0521	0.0521	-2.0050	0.0602	-2.0406	0.0349	-7.9308	53.8213	314.0494	20.8579	33.1977	1.9932	1.3946	55.9612	33.1977
119.1801	2467.0000	0.0030	1.3841	0.0000	72.1470	17.3700	230.8270	0.2544	33.0800	34.5389	NOT CONNECTED	0.0000	500.0000	0.0000	2441.3178	0.0137	-0.0000	0.0521	0.0521	-2.0352	0.0688	-1.9986	-0.0090	-8.2555	54.7967	314.0156	20.8870	33.1977	1.9648	1.3945	55.9351	33.1977
119.2794	2467.0000	0.0030	1.3841	0.0000	72.1470	17.3700	230.8270	0.2544	33.0800	34.5389	NOT CONNECTED	0.0000	500.0000	0.0000	2441.3178	0.0137	-0.0000	0.0521	0.0521	-2.0352	0.0688	-1.9986	-0.0090	-8.2555	54.7967	314.0156	20.8870	33.1977	1.9648	1.3945	55.9351	33.1977
119.8850	2243.0000	0.0050	1.3844	0.0000	63.7760	17.3700	230.8520	0.2534	32.9100	34.5657	NOT CONNECTED	0.0000	500.0000	0.0000	2260.0712	0.0103	-0.0000	0.0522	0.0521	-2.0240	0.0247	-1.9417	0.0088	-6.5784	50.5144	314.0332	20.9277	33.1977	1.9838	1.3952	55.9059	33.1977
119.9470	2243.0000	0.0050	1.3844	0.0000	63.7760	17.3700	230.8520	0.2534	32.9100	34.5657	NOT CONNECTED	0.0000	500.0000	0.0000	2260.0712	0.0103	-0.0000	0.0522	0.0521	-2.0240	0.0247	-1.9417	0.0088	-6.5784	50.5144	314.0332	20.9277	33.1977	1.9838	1.3952	55.9059	33.1977
120.5065	2011.0000	0.0040	1.3846	0.0000	59.7010	17.3300	230.8610	0.2530	32.8500	34.6105	NOT CONNECTED	0.0000	500.0000	0.0000	2073.8060	0.0063	-0.0000	0.0521	0.0521	-1.9887	0.0285	-1.9961	0.0179	-7.6384	46.9136	314.1279	21.0741	33.1977	1.9949	1.3997	55.9059	33.1977
120.6854	2011.0000	0.0040	1.3846	0.0000	59.7010	17.3300	230.8610	0.2530	32.8500	34.6105	NOT CONNECTED	0.0000	500.0000	0.0000	2073.8060	0.0063	-0.0000	0.0521	0.0521	-1.9887	0.0285	-1.9961	0.0179	-7.6384	46.9136	314.1279	21.0741	33.1977	1.9949	1.3997	55.9059	33.1977
121.1286	1552.0000	0.0930	1.3824	0.0000	47.0630	-1.3500	230.8900	0.1176	13.6700	34.5937	NOT CONNECTED	0.0000	500.0000	0.0000	1813.6462	-0.1078	-0.0998	0.0523	0.0523	-1.9292	-0.3562	-1.9978	-0.1742	-7.4482	37.4071	317.5762	2.2509	33.1977	1.9803	1.3966	55.8726	33.1977
121.4381	1552.0000	0.0930	1.3824	0.0000	47.0630	-1.3500	230.8900	0.1176	13.6700	34.5937	NOT CONNECTED	0.0000	500.0000	0.0000	1813.6462	-0.1078	-0.0998	0.0523	0.0523	-1.9292	-0.3562	-1.9978	-0.1742	-7.4482	37.4071	317.5762	2.2509	33.1977	1.9803	1.3966	55.8726	33.1977
121.7495	1552.0000	0.0930	1.3824	0.0000	47.0630	-1.3500	230.8900	0.1176	13.6700	34.5937	NOT CONNECTED	0.0000	500.0000	0.0000	1291.2712	-0.1294	-0.1395	0.0524	0.0524	-1.9192	-0.3906	-1.9408	-0.2551	-6.6136	27.6377	317.6209	2.2794	33.1977	1.9856	1.3958	55.8726	33.1977
122.1791	769.0000	0.1630	1.3816	0.0000	34.9250	-1.1300	230.8940	0.1164	13.6000	34.6109	NOT CONNECTED	0.0000	500.0000	0.0000	557.1547	-0.1975	-0.2000	0.0527	0.0527	-1.8225	-0.6253	-1.8660	-0.3259	-6.5533	7.8744	316.3261	9.0833	33.1977	1.8790	1.3939	55.8333	33.1977
122.3709	769.0000	0.1630	1.3816	0.0000	34.9250	-1.1300	230.8940	0.1164	13.6000	34.6109	NOT CONNECTED	0.0000	500.0000	0.0000	557.1547	-0.1975	-0.2000	0.0527	0.0527	-1.8225	-0.6253	-1.8660	-0.3259	-6.5533	7.8744	316.3261	9.0833	33.1977	1.8790	1.3939	55.8333	33.1977
122.9206	20.0000	-0.0130	0.2514	0.0000	1.7830	-0.1600	230.9140	0.0439	3.4600	34.6906	NOT CONNECTED	0.0000	500.0000	0.0000	0.0000	0.0000	0.0000	0.0917	0.0527	-1.7269	-0.6318	-1.8072	-0.3397	-6.4927	1.4271	321.3270	0.0000	33.1977	1.8388	0.8992	55.7886	33.1977
122.9771	20.0000	-0.0130	0.2514	0.0000	1.7830	-0.1600	230.9140	0.0439	3.4600	34.6906	NOT CONNECTED	0.0000	500.0000	0.0000	0.0000	0.0000	0.0000	0.0917	0.0527	-1.7269	-0.6318	-1.8072	-0.3397	-6.4927	1.4271	321.3270	0.0000	33.1977	1.8388	0.8992	55.7886	33.1977
123.5985	0.0000	-0.0140	0.0079	0.0000	0.0000	-0.0200	230.9190	0.0000	1.6600	34.7298	NOT CONNECTED	0.0000	500.0000	0.0000	0.0000	0.0000	0.0000	0.0917	0.0527	-1.7269	-0.6318	-1.8072	-0.3397	-6.4927	1.4271	321.3203	0.0000	33.1977	1.8388	0.0062	55.7886	33.1977
123.6691	0.0000	-0.0140	0.0079	0.0000	0.0000	-0.0200	230.9190	0.0000	1.6600	34.7298	NOT CONNECTED	0.0000	500.0000	0.0000	0.0000	0.0000	0.0000	0.0917	0.0527	-1.7269	-0.6318	-1.8072	-0.3397	-6.4927	1.4271	321.3203	0.0000	33.1977	1.8388	0.0062	55.7886	33.1977
124.2033	0.0000	-0.0140	0.0079	0.0000	0.0000	-0.0200	230.9250	0.0000	1.6500	34.7247	NOT CONNECTED	0.0000	500.0000	0.0000	0.0000	0.0000	0.0000	0.0917	0.0527	-1.7269	-0.6318	-1.8072	-0.3397	-6.4927	1.4271	321.3716	0.0000	33.1977	1.8388	0.0059	55.6965	33.1977
124.4136	0.0000	-0.0140	0.0079	0.0000	0.0000	-0.0200	230.9250	0.0000	1.6500	34.7247	NOT CONNECTED	0.0000	500.0000	0.0000	0.0000	0.0000	0.0000	0.0917	0.0527	-1.7269	-0.6318	-1.8072	-0.3397	-6.4927	1.4271	321.3716	0.0000	33.1977	1.8388	0.0059	55.6965	33.1977
124.8252	0.0000	-0.0140	0.0079	0.0000	0.0000	-0.0200	230.9270	0.0000	1.5300	34.7440	NOT CONNECTED	0.0000	500.0000	0.0000	0.0000	0.0000	0.0000	0.0917	0.0527	-1.7269	-0.6318	-1.8072	-0.3397	0.0000	0.0000	321.5015	0.0000	33.1977	1.8388	0.0057	55.5395	33.1977
125.1474	0.0000	-0.0140	0.0079	0.0000	0.0000	-0.0200	230.9270	0.0000	1.5300	34.7440	NOT CONNECTED	0.0000	500.0000	0.0000	0.0000	0.0000	0.0000	0.0917	0.0527	-1.7269	-0.6318	-1.8072	-0.3397	0.0000	0.0000	321.4555	0.0000	33.1977	1.8388	0.0056	55.5395	33.1977
125.4462	NOT CONNECTED	NOT CONNECTED	NOT CONNECTED	NOT CONNECTED	NOT CONNECTED	NOT CONNECTED	NOT CONNECTED	NOT CONNECTED	NOT CONNECTED	NOT CONNECTED	NOT CONNECTED	0.0000	500.0000	0.0000	0.0000	0.0000	0.0000	0.0917	0.0527	-1.7269	-0.6318	-1.8072	-0.3397	0.0000	0.0000	321.4555	0.0000	33.1977	1.8388	0.0056	55.5395	33.1977
