Time	speed	torque	motor_current	motor_current_thd	motor_voltage	motor_power	line_voltage	line_current	line_power	motor_temperature	Test_Marker	BD_Target_Speed	BD_Target_Accel	BD_Update_Cmd	Mcl_Quantities.Speed_Rot_Mech	Mcl_Quantities.Torque	Mcl_Quantities.Torque_Ref	Mcl_Quantities.Stator_Flux_Mag	Mcl_Quantities.Flux_Ref	Mcl_Quantities.Id_stator_current	Mcl_Quantities.Iq_stator_current	Mcl_Quantities.Id_rotor_current	Rotor_Curr_Iq	Flux_Controller.Out	Torque_Controller.Out	DC_Bus_RMS	Mcl_Quantities.Electrical_Power	Mcl_Quantities.Stator_Temperature	Mcl_Quantities.Is_Abs	Mcl_Quantities.IsRMS	SR_Overheating_Temp	My_Measured_Temp
0.7399	0.0000	-0.0410	0.0188	0.0000	0.0000	-0.0200	230.8100	0.0000	1.6400	27.0815	NOT CONNECTED	NOT CONNECTED	NOT CONNECTED	NOT CONNECTED	NOT CONNECTED	NOT CONNECTED	NOT CONNECTED	NOT CONNECTED	NOT CONNECTED	NOT CONNECTED	NOT CONNECTED	NOT CONNECTED	NOT CONNECTED	NOT CONNECTED	NOT CONNECTED	NOT CONNECTED	NOT CONNECTED	NOT CONNECTED	NOT CONNECTED	NOT CONNECTED	NOT CONNECTED	NOT CONNECTED
1.4844	0.0000	-0.0410	0.0079	0.0000	0.0000	-0.0200	230.8140	0.0000	1.5200	27.0724	NOT CONNECTED	NOT CONNECTED	NOT CONNECTED	NOT CONNECTED	NOT CONNECTED	NOT CONNECTED	NOT CONNECTED	NOT CONNECTED	NOT CONNECTED	NOT CONNECTED	NOT CONNECTED	NOT CONNECTED	NOT CONNECTED	NOT CONNECTED	NOT CONNECTED	NOT CONNECTED	NOT CONNECTED	NOT CONNECTED	NOT CONNECTED	NOT CONNECTED	NOT CONNECTED	NOT CONNECTED
2.0437	0.0000	-0.0410	0.0079	0.0000	0.0000	-0.0200	230.8240	0.0000	1.5200	27.0836	NOT CONNECTED	0.0000	500.0000	0.0000	0.0000	0.0000	0.0000	0.0917	0.0527	-1.7440	-0.6160	-1.8199	-0.3299	0.0000	0.0000	321.1160	0.0000	26.3189	1.8496	0.0054	43.9631	26.3189
2.2234	0.0000	-0.0410	0.0079	0.0000	0.0000	-0.0200	230.8240	0.0000	1.5200	27.0836	NOT CONNECTED	0.0000	500.0000	0.0000	0.0000	0.0000	0.0000	0.0917	0.0527	-1.7440	-0.6160	-1.8199	-0.3299	0.0000	0.0000	321.1160	0.0000	26.3189	1.8496	0.0054	43.9631	26.3189
2.6657	0.0000	-0.0410	0.0079	0.0000	0.0000	-0.0200	230.8280	0.0000	1.5200	27.0724	NOT CONNECTED	0.0000	500.0000	0.0000	0.0000	0.0000	0.0000	0.0917	0.0527	-1.7440	-0.6160	-1.8199	-0.3299	0.0000	0.0000	321.2378	0.0000	26.3189	1.8496	0.0058	43.9234	26.3189
2.9595	0.0000	-0.0410	0.0079	0.0000	0.0000	-0.0200	230.8280	0.0000	1.5200	27.0724	NOT CONNECTED	0.0000	500.0000	0.0000	0.0000	0.0000	0.0000	0.0917	0.0527	-1.7440	-0.6160	-1.8199	-0.3299	0.0000	0.0000	321.2378	0.0000	26.3189	1.8496	0.0058	43.9234	26.3189
3.2866	0.0000	-0.0410	0.0079	0.0000	0.0000	-0.0200	230.8280	0.0000	1.5200	27.0724	NOT CONNECTED	0.0000	500.0000	0.0000	0.0000	0.0000	0.0000	0.0917	0.0527	-1.7440	-0.6160	-1.8199	-0.3299	0.0000	0.0000	321.2404	0.0000	26.3189	1.8496	0.0054	43.8842	26.3189
3.6950	0.0000	-0.0410	0.0079	0.0000	0.0000	-0.0200	230.8370	0.0000	1.5200	27.0703	NOT CONNECTED	0.0000	500.0000	0.0000	0.0000	0.0000	0.0000	0.0917	0.0527	-1.7440	-0.6160	-1.8199	-0.3299	0.0000	0.0000	321.1958	0.0000	26.3189	1.8496	0.0056	43.8842	26.3189
3.8924	0.0000	-0.0410	0.0079	0.0000	0.0000	-0.0200	230.8370	0.0000	1.5200	27.0703	NOT CONNECTED	0.0000	500.0000	0.0000	0.0000	0.0000	0.0000	0.0917	0.0527	-1.7440	-0.6160	-1.8199	-0.3299	0.0000	0.0000	321.1958	0.0000	26.3189	1.8496	0.0056	43.8842	26.3189
4.4266	0.0000	-0.0410	0.0079	0.0000	0.0000	-0.0200	230.8420	0.0000	1.5200	27.1118	NOT CONNECTED	0.0000	500.0000	0.0000	0.0000	0.0000	0.0000	0.0917	0.0527	-1.7440	-0.6160	-1.8199	-0.3299	0.0000	0.0000	321.2296	0.0000	26.3189	1.8496	0.0056	43.8453	26.3189
4.5140	0.0000	-0.0410	0.0079	0.0000	0.0000	-0.0200	230.8420	0.0000	1.5200	27.1118	NOT CONNECTED	0.0000	500.0000	0.0000	0.0000	0.0000	0.0000	0.0917	0.0527	-1.7440	-0.6160	-1.8199	-0.3299	0.0000	0.0000	321.2296	0.0000	26.3189	1.8496	0.0056	43.8453	26.3189
5.1349	0.0000	-0.0410	0.0079	0.0000	0.0000	-0.0200	230.8510	0.0000	1.5200	27.1137	NOT CONNECTED	0.0000	500.0000	0.0000	0.0000	0.0000	0.0000	0.0917	0.0527	-1.7440	-0.6160	-1.8199	-0.3299	0.0000	0.0000	321.2025	0.0000	26.3189	1.8496	0.0054	43.8453	26.3189
5.1797	0.0000	-0.0410	0.0079	0.0000	0.0000	-0.0200	230.8510	0.0000	1.5200	27.1137	NOT CONNECTED	0.0000	500.0000	0.0000	0.0000	0.0000	0.0000	0.0917	0.0527	-1.7440	-0.6160	-1.8199	-0.3299	0.0000	0.0000	321.2025	0.0000	26.3189	1.8496	0.0054	43.8453	26.3189
5.7569	0.0000	-0.0410	0.0079	0.0000	0.0000	-0.0200	230.8540	0.0000	1.5200	27.0680	NOT CONNECTED	0.0000	500.0000	0.0000	0.0000	0.0000	0.0000	0.0917	0.0527	-1.7440	-0.6160	-1.8199	-0.3299	0.0000	0.0000	321.2973	0.0000	26.3189	1.8496	0.0054	43.8069	26.3189
5.9132	0.0000	-0.0410	0.0079	0.0000	0.0000	-0.0200	230.8540	0.0000	1.5200	27.0680	NOT CONNECTED	0.0000	500.0000	0.0000	0.0000	0.0000	0.0000	0.0917	0.0527	-1.7440	-0.6160	-1.8199	-0.3299	0.0000	0.0000	321.2973	0.0000	26.3189	1.8496	0.0054	43.8069	26.3189
6.3785	0.0000	-0.0410	0.0079	0.0000	0.0000	-0.0200	230.8620	0.0000	1.5300	27.1125	NOT CONNECTED	0.0000	500.0000	0.0000	0.0000	0.0000	0.0000	0.0917	0.0527	-1.7440	-0.6160	-1.8199	-0.3299	0.0000	0.0000	321.2134	0.0000	26.3189	1.8496	0.0056	43.7688	26.3189
6.6737	0.0000	-0.0410	0.0079	0.0000	0.0000	-0.0200	230.8620	0.0000	1.5300	27.1125	NOT CONNECTED	0.0000	500.0000	0.0000	0.0000	0.0000	0.0000	0.0917	0.0527	-1.7440	-0.6160	-1.8199	-0.3299	0.0000	0.0000	321.2134	0.0000	26.3189	1.8496	0.0056	43.7688	26.3189
7.0001	0.0000	-0.0410	0.0079	0.0000	0.0000	-0.0200	230.8620	0.0000	1.5300	27.1125	NOT CONNECTED	0.0000	500.0000	0.0000	0.0000	0.0000	0.0000	0.0917	0.0527	-1.7440	-0.6160	-1.8199	-0.3299	0.0000	0.0000	321.2269	0.0000	26.3189	1.8496	0.0057	43.7688	26.3189
7.4196	0.0000	-0.0410	0.0079	0.0000	0.0000	-0.0200	230.8650	0.0000	1.5200	27.1298	NOT CONNECTED	0.0000	500.0000	0.0000	0.0000	0.0000	0.0000	0.0917	0.0527	-1.7440	-0.6160	-1.8199	-0.3299	0.0000	0.0000	321.2756	0.0000	26.3189	1.8496	0.0057	43.7311	26.3189
7.6370	0.0000	-0.0410	0.0079	0.0000	0.0000	-0.0200	230.8650	0.0000	1.5200	27.1298	NOT CONNECTED	0.0000	500.0000	0.0000	0.0000	0.0000	0.0000	0.0917	0.0527	-1.7440	-0.6160	-1.8199	-0.3299	0.0000	0.0000	321.2756	0.0000	26.3189	1.8496	0.0057	43.7311	26.3189
8.1826	0.0000	-0.0410	0.0079	0.0000	0.0000	-0.0200	230.8690	0.0000	1.5300	27.1167	NOT CONNECTED	0.0000	500.0000	0.0000	0.0000	0.0000	0.0000	0.0917	0.0527	-1.7440	-0.6160	-1.8199	-0.3299	0.0000	0.0000	321.2743	0.0000	26.3189	1.8496	0.0053	43.6938	26.3189
8.2584	0.0000	-0.0410	0.0079	0.0000	0.0000	-0.0200	230.8690	0.0000	1.5300	27.1167	NOT CONNECTED	0.0000	500.0000	0.0000	0.0000	0.0000	0.0000	0.0917	0.0527	-1.7440	-0.6160	-1.8199	-0.3299	0.0000	0.0000	321.2743	0.0000	26.3189	1.8496	0.0053	43.6938	26.3189
8.8964	0.0000	-0.0410	0.0079	0.0000	0.0000	-0.0200	230.8720	0.0000	1.5200	27.0883	NOT CONNECTED	0.0000	500.0000	0.0000	0.0000	0.0000	0.0000	0.0917	0.0527	-1.7440	-0.6160	-1.8199	-0.3299	0.0000	0.0000	321.2824	0.0000	26.3189	1.8496	0.0055	43.6938	26.3189
8.9205	0.0000	-0.0410	0.0079	0.0000	0.0000	-0.0200	230.8720	0.0000	1.5200	27.0883	NOT CONNECTED	0.0000	500.0000	0.0000	0.0000	0.0000	0.0000	0.0917	0.0527	-1.7440	-0.6160	-1.8199	-0.3299	0.0000	0.0000	321.2824	0.0000	26.3189	1.8496	0.0055	43.6938	26.3189
9.5177	0.0000	-0.0410	0.0079	0.0000	0.0000	-0.0200	230.8760	0.0000	1.5200	27.1253	NOT CONNECTED	0.0000	500.0000	0.0000	0.0000	0.0000	0.0000	0.0917	0.0527	-1.7440	-0.6160	-1.8199	-0.3299	0.0000	0.0000	321.2053	0.0000	26.3189	1.8496	0.0057	43.6569	26.3189
9.6722	0.0000	-0.0410	0.0079	0.0000	0.0000	-0.0200	230.8760	0.0000	1.5200	27.1253	NOT CONNECTED	0.0000	500.0000	0.0000	0.0000	0.0000	0.0000	0.0917	0.0527	-1.7440	-0.6160	-1.8199	-0.3299	0.0000	0.0000	321.2053	0.0000	26.3189	1.8496	0.0057	43.6569	26.3189
10.1385	0.0000	-0.0410	0.0079	0.0000	0.0000	-0.0200	230.8780	0.0000	1.5200	27.1454	NOT CONNECTED	0.0000	500.0000	0.0000	0.0000	0.0000	0.0000	0.0917	0.0527	-1.7440	-0.6160	-1.8199	-0.3299	0.0000	0.0000	321.2323	0.0000	26.3189	1.8496	0.0054	43.6569	26.3189
10.4179	0.0000	-0.0410	0.0079	0.0000	0.0000	-0.0200	230.8780	0.0000	1.5200	27.1454	NOT CONNECTED	0.0000	500.0000	0.0000	0.0000	0.0000	0.0000	0.0917	0.0527	-1.7440	-0.6160	-1.8199	-0.3299	0.0000	0.0000	321.2323	0.0000	26.3189	1.8496	0.0054	43.6569	26.3189
10.7442	0.0000	-0.0410	0.0079	0.0000	0.0000	-0.0200	230.8780	0.0000	1.5200	27.1454	NOT CONNECTED	0.0000	500.0000	0.0000	0.0000	0.0000	0.0000	0.0917	0.0527	-1.7440	-0.6160	-1.8199	-0.3299	0.0000	0.0000	321.3054	0.0000	26.3189	1.8496	0.0054	43.6203	26.3189
11.1794	0.0000	-0.0410	0.0079	0.0000	0.0000	-0.0200	230.8820	0.0000	1.5300	27.1575	NOT CONNECTED	0.0000	500.0000	0.0000	0.0000	0.0000	0.0000	0.0917	0.0527	-1.7440	-0.6160	-1.8199	-0.3299	0.0000	0.0000	321.3257	0.0000	26.3189	1.8496	0.0056	43.5841	26.3189
11.3655	0.0000	-0.0410	0.0079	0.0000	0.0000	-0.0200	230.8820	0.0000	1.5300	27.1575	NOT CONNECTED	0.0000	500.0000	0.0000	0.0000	0.0000	0.0000	0.0917	0.0527	-1.7440	-0.6160	-1.8199	-0.3299	0.0000	0.0000	321.3257	0.0000	26.3189	1.8496	0.0056	43.5841	26.3189
11.9174	0.0000	-0.0410	0.0079	0.0000	0.0000	-0.0200	230.8840	0.0000	1.5300	27.1785	NOT CONNECTED	0.0000	500.0000	0.0000	0.0000	0.0000	0.0000	0.0917	0.0527	-1.7440	-0.6160	-1.8199	-0.3299	0.0000	0.0000	321.3162	0.0000	26.3189	1.8496	0.0053	43.5841	26.3189
12.0028	0.0000	-0.0410	0.0079	0.0000	0.0000	-0.0200	230.8840	0.0000	1.5300	27.1785	NOT CONNECTED	0.0000	500.0000	0.0000	0.0000	0.0000	0.0000	0.0917	0.0527	-1.7440	-0.6160	-1.8199	-0.3299	0.0000	0.0000	321.3162	0.0000	26.3189	1.8496	0.0053	43.5841	26.3189
12.6083	0.0000	-0.0410	0.0079	0.0000	0.0000	-0.0200	230.8850	0.0000	1.5300	27.1542	NOT CONNECTED	0.0000	500.0000	0.0000	0.0000	0.0000	0.0000	0.0917	0.0527	-1.7440	-0.6160	-1.8199	-0.3299	0.0000	0.0000	321.2012	0.0000	26.3189	1.8496	0.0057	43.5483	26.3189
12.6732	0.0000	-0.0410	0.0079	0.0000	0.0000	-0.0200	230.8850	0.0000	1.5300	27.1542	NOT CONNECTED	0.0000	500.0000	0.0000	0.0000	0.0000	0.0000	0.0917	0.0527	-1.7440	-0.6160	-1.8199	-0.3299	0.0000	0.0000	321.2012	0.0000	26.3189	1.8496	0.0057	43.5483	26.3189
13.2305	0.0000	-0.0410	0.0079	0.0000	0.0000	-0.0200	230.8860	0.0000	1.5300	27.1435	NOT CONNECTED	0.0000	500.0000	0.0000	0.0000	0.0000	0.0000	0.0917	0.0527	-1.7440	-0.6160	-1.8199	-0.3299	0.0000	0.0000	321.2377	0.0000	26.3189	1.8496	0.0057	43.5128	26.3189
13.6741	0.0000	-0.0410	0.0079	0.0000	0.0000	-0.0200	230.8860	0.0000	1.5300	27.1435	NOT CONNECTED	0.0000	500.0000	0.0000	0.0000	0.0000	0.0000	0.0917	0.0527	-1.7440	-0.6160	-1.8199	-0.3299	0.0000	0.0000	321.2526	0.0000	27.1542	1.8496	0.0055	43.5128	27.1542
13.8674	0.0000	-0.0410	0.0079	0.0000	0.0000	-0.0200	230.8860	0.0000	1.5300	27.1435	NOT CONNECTED	0.0000	500.0000	0.0000	0.0000	0.0000	0.0000	0.0917	0.0527	-1.7440	-0.6160	-1.8199	-0.3299	0.0000	0.0000	321.2526	0.0000	27.1542	1.8496	0.0055	43.5128	27.1542
14.4051	0.0000	-0.0410	0.0079	0.0000	0.0000	-0.0200	230.8860	0.0000	1.5300	27.1538	NOT CONNECTED	0.0000	500.0000	0.0000	0.0000	0.0000	0.0000	0.0917	0.0527	-1.7440	-0.6160	-1.8199	-0.3299	0.0000	0.0000	321.3284	0.0000	27.1542	1.8496	0.0057	43.4777	27.1542
14.4737	0.0000	-0.0410	0.0079	0.0000	0.0000	-0.0200	230.8860	0.0000	1.5300	27.1538	NOT CONNECTED	0.0000	500.0000	0.0000	0.0000	0.0000	0.0000	0.0917	0.0527	-1.7440	-0.6160	-1.8199	-0.3299	0.0000	0.0000	321.3284	0.0000	27.1542	1.8496	0.0057	43.4777	27.1542
15.0948	0.0000	-0.0410	0.0079	0.0000	0.0000	-0.0200	230.8860	0.0000	1.5200	27.1561	NOT CONNECTED	0.0000	500.0000	0.0000	0.0000	0.0000	0.0000	0.0917	0.0527	-1.7440	-0.6160	-1.8199	-0.3299	0.0000	0.0000	321.2567	0.0000	27.1542	1.8496	0.0055	43.4777	27.1542
15.1806	0.0000	-0.0410	0.0079	0.0000	0.0000	-0.0200	230.8860	0.0000	1.5200	27.1561	NOT CONNECTED	0.0000	500.0000	0.0000	0.0000	0.0000	0.0000	0.0917	0.0527	-1.7440	-0.6160	-1.8199	-0.3299	0.0000	0.0000	321.2567	0.0000	27.1542	1.8496	0.0055	43.4777	27.1542
15.7005	0.0000	-0.0410	0.0079	0.0000	0.0000	-0.0200	230.8860	0.0000	1.5200	27.1748	NOT CONNECTED	0.0000	500.0000	0.0000	0.0000	0.0000	0.0000	0.0917	0.0527	-1.7440	-0.6160	-1.8199	-0.3299	0.0000	0.0000	321.2486	0.0000	27.1542	1.8496	0.0054	43.4429	27.1542
15.9160	0.0000	-0.0410	0.0079	0.0000	0.0000	-0.0200	230.8860	0.0000	1.5200	27.1748	NOT CONNECTED	0.0000	500.0000	0.0000	0.0000	0.0000	0.0000	0.0917	0.0527	-1.7440	-0.6160	-1.8199	-0.3299	0.0000	0.0000	321.2486	0.0000	27.1542	1.8496	0.0054	43.4429	27.1542
16.3223	0.0000	-0.0410	0.0079	0.0000	0.0000	-0.0200	230.8850	0.0000	1.5300	27.1745	NOT CONNECTED	0.0000	500.0000	0.0000	0.0000	0.0000	0.0000	0.0917	0.0527	-1.7440	-0.6160	-1.8199	-0.3299	0.0000	0.0000	321.2174	0.0000	27.1542	1.8496	0.0056	43.4085	27.1542
16.6755	0.0000	-0.0410	0.0079	0.0000	0.0000	-0.0200	230.8850	0.0000	1.5300	27.1745	NOT CONNECTED	6000.0000	500.0000	0.0000	0.0000	0.0000	0.0000	0.0917	0.0527	-1.7440	-0.6160	-1.8199	-0.3299	0.0000	0.0000	321.2445	0.0000	27.1542	1.8496	0.0055	43.4085	27.1542
16.9435	0.0000	-0.0410	0.0079	0.0000	0.0000	-0.0200	230.8850	0.0000	1.5300	27.1745	NOT CONNECTED	6000.0000	500.0000	0.0000	0.0000	0.0000	0.0000	0.0917	0.0527	-1.7440	-0.6160	-1.8199	-0.3299	0.0000	0.0000	321.2445	0.0000	27.1542	1.8496	0.0055	43.4085	27.1542
17.4093	0.0000	-0.0410	0.0079	0.0000	0.0000	-0.0200	230.8860	0.0000	1.5200	27.1533	NOT CONNECTED	6000.0000	500.0000	0.0000	0.0000	0.0000	0.0000	0.0917	0.0527	-1.7440	-0.6160	-1.8199	-0.3299	0.0000	0.0000	321.2959	0.0000	27.1542	1.8496	0.0056	43.3744	27.1542
17.5495	0.0000	-0.0410	0.0079	0.0000	0.0000	-0.0200	230.8860	0.0000	1.5200	27.1533	NOT CONNECTED	6000.0000	500.0000	0.0000	0.0000	0.0000	0.0000	0.0917	0.0527	-1.7440	-0.6160	-1.8199	-0.3299	0.0000	0.0000	321.2959	0.0000	27.1542	1.8496	0.0056	43.3744	27.1542
18.1816	0.0000	-0.0410	0.0079	0.0000	0.0000	-0.0200	230.8850	0.0000	1.5300	27.1368	NOT CONNECTED	6000.0000	500.0000	0.0000	0.0000	0.0000	0.0000	0.0917	0.0527	-1.7440	-0.6160	-1.8199	-0.3299	0.0000	0.0000	321.2621	0.0000	27.1542	1.8496	0.0056	43.3744	27.1542
18.1860	0.0000	-0.0410	0.0079	0.0000	0.0000	-0.0200	230.8850	0.0000	1.5300	27.1368	NOT CONNECTED	6000.0000	500.0000	0.0000	0.0000	0.0000	0.0000	0.0917	0.0527	-1.7440	-0.6160	-1.8199	-0.3299	0.0000	0.0000	321.2621	0.0000	27.1542	1.8496	0.0056	43.3744	27.1542
18.8082	0.0000	-0.0410	0.0079	0.0000	0.0000	-0.0200	230.8850	0.0000	1.5200	27.1529	NOT CONNECTED	6000.0000	500.0000	0.0000	0.0000	0.0000	0.0000	0.0917	0.0527	-1.7440	-0.6160	-1.8199	-0.3299	0.0000	0.0000	321.2337	0.0000	27.1542	1.8496	0.0057	43.3406	27.1542
18.9252	0.0000	-0.0410	0.0079	0.0000	0.0000	-0.0200	230.8850	0.0000	1.5200	27.1529	NOT CONNECTED	6000.0000	500.0000	0.0000	0.0000	0.0000	0.0000	0.0917	0.0527	-1.7440	-0.6160	-1.8199	-0.3299	0.0000	0.0000	321.2337	0.0000	27.1542	1.8496	0.0057	43.3406	27.1542
19.4297	0.0000	-0.0410	0.0079	0.0000	0.0000	-0.0200	230.8830	0.0000	1.5200	27.1997	NOT CONNECTED	6000.0000	500.0000	0.0000	0.0000	0.0000	0.0000	0.0917	0.0527	-1.7440	-0.6160	-1.8199	-0.3299	0.0000	0.0000	321.2161	0.0000	27.1542	1.8496	0.0053	43.3072	27.1542
19.6744	0.0000	-0.0410	0.0079	0.0000	0.0000	-0.0200	230.8830	0.0000	1.5200	27.1997	NOT CONNECTED	6000.0000	500.0000	0.0000	0.0000	0.0000	0.0000	0.0917	0.0527	-1.7440	-0.6160	-1.8199	-0.3299	0.0000	0.0000	321.2161	0.0000	27.1542	1.8496	0.0053	43.3072	27.1542
20.0507	0.0000	-0.0410	0.0079	0.0000	0.0000	-0.0200	230.8830	0.0000	1.5200	27.1785	NOT CONNECTED	6000.0000	500.0000	0.0000	0.0000	0.0000	0.0000	0.0917	0.0527	-1.7440	-0.6160	-1.8199	-0.3299	0.0000	0.0000	321.1484	0.0000	27.1542	1.8496	0.0056	43.3072	27.1542
20.4125	0.0000	-0.0410	0.0079	0.0000	0.0000	-0.0200	230.8830	0.0000	1.5200	27.1785	NOT CONNECTED	6000.0000	500.0000	0.0000	0.0000	0.0000	0.0000	0.0917	0.0527	-1.7440	-0.6160	-1.8199	-0.3299	0.0000	0.0000	321.2404	0.0000	27.1542	1.8496	0.0054	43.2741	27.1542
20.6722	0.0000	-0.0410	0.0079	0.0000	0.0000	-0.0200	230.8830	0.0000	1.5200	27.1785	NOT CONNECTED	6000.0000	500.0000	0.0000	0.0000	0.0000	0.0000	0.0917	0.0527	-1.7440	-0.6160	-1.8199	-0.3299	0.0000	0.0000	321.2404	0.0000	27.1542	1.8496	0.0054	43.2741	27.1542
21.1805	0.0000	-0.0310	0.0079	0.0000	0.0000	-0.0200	230.8810	0.0000	1.5200	27.1776	NOT CONNECTED	6000.0000	500.0000	0.0000	0.0000	0.0000	0.0000	0.0917	0.0527	-1.7440	-0.6160	-1.8199	0.0880	6.3773	0.1338	316.3045	0.0000	27.1542	1.8496	0.0054	43.2414	27.1542
21.3091	0.0000	-0.0310	0.0079	0.0000	0.0000	-0.0200	230.8810	0.0000	1.5200	27.1776	NOT CONNECTED	6000.0000	500.0000	0.0000	0.0000	0.0000	0.0000	0.0917	0.0527	-1.7440	-0.6160	-1.8199	0.0880	6.3773	0.1338	316.3045	0.0000	27.1542	1.8496	0.0054	43.2414	27.1542
21.9306	325.0000	-0.1060	0.7435	0.0000	6.9950	6.7200	230.8720	0.1250	14.9600	27.1992	NOT CONNECTED	6000.0000	500.0000	0.0000	183.8426	0.2215	0.3001	0.1101	0.1098	1.0207	0.3305	0.9717	0.3944	3.5400	12.4919	315.7171	12.6751	27.1542	1.1160	0.7320	43.2414	27.1542
22.5528	697.0000	-0.1100	0.1996	0.0000	28.8150	9.5700	230.8720	0.1290	15.5300	27.1703	NOT CONNECTED	6000.0000	500.0000	0.0000	514.2900	0.1471	0.1607	0.0920	0.0921	0.0807	0.2714	0.0924	0.2994	0.1000	21.8779	316.6345	8.7597	27.1542	0.2661	0.2028	43.2101	27.1542
22.6721	697.0000	-0.1100	0.1996	0.0000	28.8150	9.5700	230.8720	0.1290	15.5300	27.1703	NOT CONNECTED	6000.0000	500.0000	0.0000	514.2900	0.1471	0.1607	0.0920	0.0921	0.0807	0.2714	0.0924	0.2994	0.1000	21.8779	316.6345	8.7597	27.1542	0.2661	0.2028	43.2101	27.1542
23.1745	1065.0000	-0.1100	0.2023	0.0000	40.7450	13.8600	230.8670	0.1632	20.3400	27.1619	NOT CONNECTED	6000.0000	500.0000	0.0000	823.4154	0.1503	0.1888	0.0921	0.0921	0.0377	0.2746	0.0447	0.2879	0.1484	33.9965	315.1164	13.5992	27.1542	0.3303	0.2008	43.2101	27.1542
23.4044	1065.0000	-0.1100	0.2023	0.0000	40.7450	13.8600	230.8670	0.1632	20.3400	27.1619	NOT CONNECTED	6000.0000	500.0000	0.0000	823.4154	0.1503	0.1888	0.0921	0.0921	0.0377	0.2746	0.0447	0.2879	0.1484	33.9965	315.1164	13.5992	27.1542	0.3303	0.2008	43.2101	27.1542
23.7957	1427.0000	-0.1100	0.2064	0.0000	52.4010	18.2800	230.8630	0.1979	25.3300	27.1636	NOT CONNECTED	6000.0000	500.0000	0.0000	1138.6905	0.1657	0.1609	0.0921	0.0921	0.0596	0.2927	0.0536	0.3203	0.1369	45.9937	313.7108	19.2869	27.1542	0.2579	0.2070	43.2043	27.1542
24.1812	1427.0000	-0.1100	0.2064	0.0000	52.4010	18.2800	230.8630	0.1979	25.3300	27.1636	NOT CONNECTED	6000.0000	500.0000	0.0000	1449.0360	0.1613	0.1656	0.0921	0.0921	0.0089	0.3009	0.0633	0.3279	0.1419	58.0424	312.4431	24.7927	27.1542	0.2665	0.2120	43.1878	27.1542
24.4168	1427.0000	-0.1100	0.2064	0.0000	52.4010	18.2800	230.8630	0.1979	25.3300	27.1636	NOT CONNECTED	6000.0000	500.0000	0.0000	1449.0360	0.1613	0.1656	0.0921	0.0921	0.0089	0.3009	0.0633	0.3279	0.1419	58.0424	312.4431	24.7927	27.1542	0.2665	0.2120	43.1878	27.1542
24.9160	1818.0000	-0.1110	0.2163	0.0000	76.0260	27.8700	230.8580	0.2682	35.7100	27.1824	NOT CONNECTED	6000.0000	500.0000	0.0000	1753.6808	0.1887	0.1646	0.0921	0.0921	-0.0007	0.3433	0.0296	0.3092	0.1333	69.3437	311.3664	30.6625	27.1542	0.3175	0.2158	43.1878	27.1542
25.0228	1818.0000	-0.1110	0.2163	0.0000	76.0260	27.8700	230.8580	0.2682	35.7100	27.1824	NOT CONNECTED	6000.0000	500.0000	0.0000	1753.6808	0.1887	0.1646	0.0921	0.0921	-0.0007	0.3433	0.0296	0.3092	0.1333	69.3437	311.3664	30.6625	27.1542	0.3175	0.2158	43.1878	27.1542
25.6439	2193.0000	-0.1120	0.2250	0.0000	99.6980	38.1100	230.8520	0.3402	46.6900	27.1354	NOT CONNECTED	6000.0000	500.0000	0.0000	2063.2139	0.1818	0.1628	0.0921	0.0921	0.0449	0.3354	0.0309	0.3097	0.3753	81.6491	310.2386	36.9377	27.1542	0.3302	0.2195	43.1773	27.1542
25.6792	2193.0000	-0.1120	0.2250	0.0000	99.6980	38.1100	230.8520	0.3402	46.6900	27.1354	NOT CONNECTED	6000.0000	500.0000	0.0000	2063.2139	0.1818	0.1628	0.0921	0.0921	0.0449	0.3354	0.0309	0.3097	0.3753	81.6491	310.2386	36.9377	27.1542	0.3302	0.2195	43.1773	27.1542
26.2658	2572.0000	-0.1140	0.2298	0.0000	111.6850	43.6000	230.8490	0.3773	52.5500	27.1855	NOT CONNECTED	6000.0000	500.0000	0.0000	2368.3220	0.1770	0.1734	0.0921	0.0921	0.0192	0.3374	0.0157	0.2681	0.4789	91.1411	309.1201	43.2401	27.1542	0.3362	0.2237	43.1736	27.1542
26.4179	2572.0000	-0.1140	0.2298	0.0000	111.6850	43.6000	230.8490	0.3773	52.5500	27.1855	NOT CONNECTED	6000.0000	500.0000	0.0000	2368.3220	0.1770	0.1734	0.0921	0.0921	0.0192	0.3374	0.0157	0.2681	0.4789	91.1411	309.1201	43.2401	27.1542	0.3362	0.2237	43.1736	27.1542
26.8867	2937.0000	-0.1190	0.2385	0.0000	135.4000	54.8000	230.8450	0.4512	64.3700	27.1822	NOT CONNECTED	6000.0000	500.0000	0.0000	2679.3132	0.1904	0.1752	0.0922	0.0921	0.0835	0.3325	0.0318	0.3217	-0.1589	106.2381	308.1993	50.3437	27.1542	0.3654	0.2305	43.1736	27.1542
27.1820	2937.0000	-0.1190	0.2385	0.0000	135.4000	54.8000	230.8450	0.4512	64.3700	27.1822	NOT CONNECTED	6000.0000	500.0000	0.0000	2679.3132	0.1904	0.1752	0.0922	0.0921	0.0835	0.3325	0.0318	0.3217	-0.1589	106.2381	308.1993	50.3437	27.1542	0.3654	0.2305	43.1736	27.1542
27.5083	2937.0000	-0.1190	0.2385	0.0000	135.4000	54.8000	230.8450	0.4512	64.3700	27.1822	NOT CONNECTED	6000.0000	500.0000	0.0000	2989.5500	0.1618	0.1795	0.0921	0.0921	0.0841	0.2749	0.0542	0.3219	-0.7230	117.3594	307.0583	56.8893	27.1542	0.3729	0.2343	43.1770	27.1542
27.9274	3322.0000	-0.1180	0.2430	0.0000	147.1420	60.6500	230.8430	0.4886	70.3800	27.1729	NOT CONNECTED	6000.0000	500.0000	0.0000	3303.8541	0.1909	0.1668	0.0921	0.0921	0.0227	0.3464	0.0288	0.3343	0.2357	130.0315	306.1512	63.8172	27.1542	0.3292	0.2391	43.1770	27.1542
28.1299	3322.0000	-0.1180	0.2430	0.0000	147.1420	60.6500	230.8430	0.4886	70.3800	27.1729	NOT CONNECTED	6000.0000	500.0000	0.0000	3303.8541	0.1909	0.1668	0.0921	0.0921	0.0227	0.3464	0.0288	0.3343	0.2357	130.0315	306.1512	63.8172	27.1542	0.3292	0.2391	43.1770	27.1542
28.6760	3696.0000	-0.1190	0.2530	0.0000	170.8920	73.3400	230.8400	0.5689	83.5400	27.2048	NOT CONNECTED	6000.0000	500.0000	0.0000	3615.2169	0.1841	0.1725	0.0921	0.0921	0.0724	0.3199	0.0439	0.3654	1.2695	144.5403	305.1675	71.9960	27.1542	0.3589	0.2423	43.1872	27.1542
28.7516	3696.0000	-0.1190	0.2530	0.0000	170.8920	73.3400	230.8400	0.5689	83.5400	27.2048	NOT CONNECTED	6000.0000	500.0000	0.0000	3615.2169	0.1841	0.1725	0.0921	0.0921	0.0724	0.3199	0.0439	0.3654	1.2695	144.5403	305.1675	71.9960	27.1542	0.3589	0.2423	43.1872	27.1542
29.3733	4066.0000	-0.1250	0.2653	0.0000	182.9050	82.3300	230.8370	0.6254	92.9700	27.2030	NOT CONNECTED	6000.0000	500.0000	0.0000	3925.0153	0.1967	0.1795	0.0919	0.0921	0.0518	0.3618	0.0478	0.3370	-2.0248	154.5718	304.1420	80.5369	27.1542	0.3492	0.2547	43.2048	27.1542
29.4190	4066.0000	-0.1250	0.2653	0.0000	182.9050	82.3300	230.8370	0.6254	92.9700	27.2030	NOT CONNECTED	6000.0000	500.0000	0.0000	3925.0153	0.1967	0.1795	0.0919	0.0921	0.0518	0.3618	0.0478	0.3370	-2.0248	154.5718	304.1420	80.5369	27.1542	0.3492	0.2547	43.2048	27.1542
29.9787	4431.0000	-0.1270	0.2688	0.0000	206.7430	93.3900	230.8390	0.6890	103.5700	27.1936	NOT CONNECTED	6000.0000	500.0000	0.0000	4217.6857	0.1777	0.2235	0.0917	0.0921	0.0219	0.3209	-0.0184	0.3740	10.1037	165.4717	303.5760	89.3355	27.1542	0.4031	0.2481	43.2048	27.1542
30.1817	4431.0000	-0.1270	0.2688	0.0000	206.7430	93.3900	230.8390	0.6890	103.5700	27.1936	NOT CONNECTED	6000.0000	500.0000	0.0000	4217.6857	0.1777	0.2235	0.0917	0.0921	0.0219	0.3209	-0.0184	0.3740	10.1037	165.4717	303.5760	89.3355	27.1542	0.4031	0.2481	43.2048	27.1542
30.5841	4813.0000	-0.1300	0.2922	0.0000	210.2460	99.0700	230.8400	0.7234	109.3600	27.2260	NOT CONNECTED	6000.0000	500.0000	0.0000	4524.9281	0.2373	0.2099	0.0903	0.0884	-0.0471	0.4914	-0.1187	0.3170	-16.4337	183.8351	302.8752	97.6936	27.1542	0.3933	0.2571	43.2301	27.1542
30.9254	4813.0000	-0.1300	0.2922	0.0000	210.2460	99.0700	230.8400	0.7234	109.3600	27.2260	NOT CONNECTED	6000.0000	500.0000	0.0000	4839.0195	0.2321	0.1892	0.0844	0.0823	-0.4232	0.4311	-0.3697	0.3100	-13.0998	172.9459	302.3611	106.5507	27.1542	0.6038	0.3449	43.2630	27.1542
31.2055	4813.0000	-0.1300	0.2922	0.0000	210.2460	99.0700	230.8400	0.7234	109.3600	27.2260	NOT CONNECTED	6000.0000	500.0000	0.0000	4839.0195	0.2321	0.1892	0.0844	0.0823	-0.4232	0.4311	-0.3697	0.3100	-13.0998	172.9459	302.3611	106.5507	27.1542	0.6038	0.3449	43.2630	27.1542
31.6755	5177.0000	-0.1340	0.5109	0.0000	210.1470	109.7200	230.8410	0.7960	121.6400	27.1850	NOT CONNECTED	6000.0000	500.0000	0.0000	5134.9133	0.2022	0.2194	0.0801	0.0785	-0.6580	0.3707	-0.5631	0.4633	-0.2209	172.7097	301.7161	114.1356	27.1542	0.7536	0.4809	43.2630	27.1542
31.8112	5177.0000	-0.1340	0.5109	0.0000	210.1470	109.7200	230.8410	0.7960	121.6400	27.1850	NOT CONNECTED	6000.0000	500.0000	0.0000	5134.9133	0.2022	0.2194	0.0801	0.0785	-0.6580	0.3707	-0.5631	0.4633	-0.2209	172.7097	301.7161	114.1356	27.1542	0.7536	0.4809	43.2630	27.1542
32.4270	5556.0000	-0.1340	0.6381	0.0000	210.0350	116.4200	230.8410	0.8415	129.4300	27.2083	NOT CONNECTED	6000.0000	500.0000	0.0000	5446.3950	0.1695	0.1953	0.0744	0.0732	-0.9794	0.3593	-0.8018	0.3408	-11.1755	165.8361	301.0623	120.8109	27.1542	0.9941	0.5980	43.3066	27.1542
32.4328	5556.0000	-0.1340	0.6381	0.0000	210.0350	116.4200	230.8410	0.8415	129.4300	27.2083	NOT CONNECTED	6000.0000	500.0000	0.0000	5446.3950	0.1695	0.1953	0.0744	0.0732	-0.9794	0.3593	-0.8018	0.3408	-11.1755	165.8361	301.0623	120.8109	27.1542	0.9941	0.5980	43.3066	27.1542
33.1828	5944.0000	-0.1370	0.8692	0.0000	209.8710	129.6300	230.8400	0.9293	144.5100	27.2069	NOT CONNECTED	6000.0000	500.0000	0.0000	6009.6899	0.1704	0.1682	0.0662	0.0668	-1.2839	0.4400	-1.3639	0.2758	-10.5754	178.7720	301.2872	104.6370	27.1542	1.3173	0.8919	43.3684	27.1542
33.5641	6027.0000	-0.0560	0.8473	0.0000	214.4630	75.7900	230.8820	0.6086	89.1000	27.2305	NOT CONNECTED	6000.0000	500.0000	0.0000	6009.6899	0.1704	0.1682	0.0662	0.0668	-1.2839	0.4400	-1.3639	0.2758	-10.5754	178.7720	301.2872	104.6370	27.1542	1.3173	0.8919	43.3684	27.1542
33.9263	6027.0000	-0.0560	0.8473	0.0000	214.4630	75.7900	230.8820	0.6086	89.1000	27.2305	NOT CONNECTED	6000.0000	500.0000	0.0000	6020.5342	0.1134	0.1050	0.0674	0.0688	-0.9929	0.2539	-1.2734	0.2268	1.4991	173.0625	306.8378	70.8700	27.1542	1.3454	0.8162	43.3684	27.1542
34.1694	6027.0000	-0.0560	0.8473	0.0000	214.4630	75.7900	230.8820	0.6086	89.1000	27.2305	NOT CONNECTED	6000.0000	500.0000	0.0000	6020.5342	0.1134	0.1050	0.0674	0.0688	-0.9929	0.2539	-1.2734	0.2268	1.4991	173.0625	306.8378	70.8700	27.1542	1.3454	0.8162	43.3684	27.1542
34.6749	6007.0000	-0.0590	0.8290	0.0000	215.2950	67.9300	230.8760	0.5471	79.3800	27.2141	NOT CONNECTED	6000.0000	500.0000	0.0000	6017.1608	0.0827	0.0958	0.0684	0.0688	-1.1189	0.2208	-1.0877	0.1291	-10.9138	164.6265	306.7974	70.0572	27.1542	1.2047	0.8394	43.4511	27.1542
34.7908	6007.0000	-0.0590	0.8290	0.0000	215.2950	67.9300	230.8760	0.5471	79.3800	27.2141	NOT CONNECTED	6000.0000	500.0000	0.0000	6017.1608	0.0827	0.0958	0.0684	0.0688	-1.1189	0.2208	-1.0877	0.1291	-10.9138	164.6265	306.7974	70.0572	27.1542	1.2047	0.8394	43.4511	27.1542
35.4121	6004.0000	-0.0620	0.8279	0.0000	215.2540	68.2900	230.8770	0.5490	79.6600	27.2437	NOT CONNECTED	6000.0000	500.0000	0.0000	6007.9600	0.0935	0.1120	0.0680	0.0686	-1.1254	0.1660	-1.3290	0.1496	-3.4086	162.5131	306.7960	71.3091	27.1542	1.1670	0.8110	43.5342	27.1542
35.4155	6004.0000	-0.0620	0.8279	0.0000	215.2540	68.2900	230.8770	0.5490	79.6600	27.2437	NOT CONNECTED	6000.0000	500.0000	0.0000	6007.9600	0.0935	0.1120	0.0680	0.0686	-1.1254	0.1660	-1.3290	0.1496	-3.4086	162.5131	306.7960	71.3091	27.1542	1.1670	0.8110	43.5342	27.1542
36.0339	6014.0000	-0.0600	0.8269	0.0000	215.1890	68.7000	230.8810	0.5522	80.2200	27.2477	NOT CONNECTED	6000.0000	500.0000	0.0000	6010.9383	0.1372	0.0913	0.0678	0.0682	-1.0656	0.3612	-1.2675	0.2077	-8.9738	159.1488	306.7960	71.8108	27.1542	1.1657	0.8102	43.5342	27.1542
36.1809	6014.0000	-0.0600	0.8269	0.0000	215.1890	68.7000	230.8810	0.5522	80.2200	27.2477	NOT CONNECTED	6000.0000	500.0000	0.0000	6010.9383	0.1372	0.0913	0.0678	0.0682	-1.0656	0.3612	-1.2675	0.2077	-8.9738	159.1488	306.7960	71.8108	27.1542	1.1657	0.8102	43.5342	27.1542
36.6560	6018.0000	-0.0600	0.8258	0.0000	215.2390	68.7200	230.8830	0.5514	80.1500	27.2724	NOT CONNECTED	6000.0000	500.0000	0.0000	6001.6507	0.1157	0.1151	0.0700	0.0680	-1.3086	0.3048	-1.1909	0.1290	-8.6803	184.8310	306.7229	71.8861	27.1542	1.1963	0.8096	43.6155	27.1542
37.0323	6018.0000	-0.0600	0.8258	0.0000	215.2390	68.7200	230.8830	0.5514	80.1500	27.2724	NOT CONNECTED	6000.0000	500.0000	0.0000	5996.8866	0.0503	0.1259	0.0683	0.0677	-1.1953	0.0884	-1.1367	0.2380	-9.2165	166.0395	306.7324	73.6379	27.1542	1.2698	0.8095	43.6981	27.1542
37.2765	6018.0000	-0.0600	0.8258	0.0000	215.2390	68.7200	230.8830	0.5514	80.1500	27.2724	NOT CONNECTED	6000.0000	500.0000	0.0000	5996.8866	0.0503	0.1259	0.0683	0.0677	-1.1953	0.0884	-1.1367	0.2380	-9.2165	166.0395	306.7324	73.6379	27.1542	1.2698	0.8095	43.6981	27.1542
37.7672	6011.0000	-0.0600	0.8253	0.0000	215.1800	68.9200	230.8810	0.5533	80.3300	27.2479	NOT CONNECTED	6000.0000	500.0000	0.0000	6003.5893	0.1269	0.0992	0.0684	0.0692	-0.9912	0.2969	-1.2413	0.2588	4.1086	175.5228	306.7826	73.0614	27.1542	1.3116	0.8420	43.6981	27.1542
37.8987	6011.0000	-0.0600	0.8253	0.0000	215.1800	68.9200	230.8810	0.5533	80.3300	27.2479	NOT CONNECTED	6000.0000	500.0000	0.0000	6003.5893	0.1269	0.0992	0.0684	0.0692	-0.9912	0.2969	-1.2413	0.2588	4.1086	175.5228	306.7826	73.0614	27.1542	1.3116	0.8420	43.6981	27.1542
38.5198	5993.0000	-0.0630	0.8247	0.0000	215.1930	68.8400	230.8820	0.5532	80.3300	27.2847	NOT CONNECTED	6000.0000	500.0000	0.0000	5997.9211	0.1316	0.1157	0.0679	0.0691	-1.1273	0.3349	-1.2786	0.1952	-3.5068	177.1250	306.7840	70.8745	27.1542	1.2552	0.8106	43.7765	27.1542
39.1411	5993.0000	-0.0630	0.8247	0.0000	215.1930	68.8400	230.8820	0.5532	80.3300	27.2847	NOT CONNECTED	6000.0000	500.0000	0.0000	5996.6225	0.0857	0.1181	0.0681	0.0684	-1.2976	0.2367	-1.1150	0.0887	-15.6743	159.6315	306.7973	70.8894	27.1542	1.1522	0.8105	43.7765	27.1542
39.1774	5993.0000	-0.0630	0.8247	0.0000	215.1930	68.8400	230.8820	0.5532	80.3300	27.2847	NOT CONNECTED	6000.0000	500.0000	0.0000	5996.6225	0.0857	0.1181	0.0681	0.0684	-1.2976	0.2367	-1.1150	0.0887	-15.6743	159.6315	306.7973	70.8894	27.1542	1.1522	0.8105	43.7765	27.1542
39.7628	6009.0000	-0.0690	0.8270	0.0000	215.0280	70.8100	230.8780	0.5654	82.2900	27.3057	NOT CONNECTED	6000.0000	500.0000	0.0000	5997.8477	0.0990	0.1130	0.0695	0.0682	-1.0765	0.2662	-1.1121	0.1614	-8.9422	175.3786	306.5027	73.4155	27.1542	1.1289	0.8061	43.8552	27.1542
39.9115	6009.0000	-0.0690	0.8270	0.0000	215.0280	70.8100	230.8780	0.5654	82.2900	27.3057	NOT CONNECTED	6000.0000	500.0000	0.0000	5997.8477	0.0990	0.1130	0.0695	0.0682	-1.0765	0.2662	-1.1121	0.1614	-8.9422	175.3786	306.5027	73.4155	27.1542	1.1289	0.8061	43.8552	27.1542
40.3838	6002.0000	-0.0720	0.8341	0.0000	214.6700	75.2300	230.8740	0.5930	86.9200	27.3465	NOT CONNECTED	6000.0000	500.0000	0.0000	5991.5483	0.0781	0.1349	0.0680	0.0673	-1.2309	0.1731	-1.2666	0.1695	-3.8551	173.7002	306.1920	78.8418	27.1542	1.3132	0.8077	43.9348	27.1542
40.6762	6002.0000	-0.0720	0.8341	0.0000	214.6700	75.2300	230.8740	0.5930	86.9200	27.3465	NOT CONNECTED	6000.0000	500.0000	0.0000	5991.5483	0.0781	0.1349	0.0680	0.0673	-1.2309	0.1731	-1.2666	0.1695	-3.8551	173.7002	306.1920	78.8418	27.1542	1.3132	0.8077	43.9348	27.1542
41.0059	6002.0000	-0.0720	0.8341	0.0000	214.6700	75.2300	230.8740	0.5930	86.9200	27.3465	NOT CONNECTED	6000.0000	500.0000	0.0000	5997.3593	0.1183	0.1167	0.0687	0.0680	-1.2617	0.2983	-1.0485	0.2433	-3.4175	166.9239	305.9177	79.5651	27.1542	1.0453	0.8531	43.9348	27.1542
41.5117	5993.0000	-0.0830	0.8366	0.0000	214.4970	77.4000	230.8710	0.6072	89.1900	27.3558	NOT CONNECTED	6000.0000	500.0000	0.0000	6002.4929	0.1180	0.1016	0.0681	0.0691	-1.2382	0.2491	-1.2078	0.1892	-19.4132	159.8001	305.6707	82.2860	27.1542	1.1455	0.8236	44.0107	27.1542
41.6271	5993.0000	-0.0830	0.8366	0.0000	214.4970	77.4000	230.8710	0.6072	89.1900	27.3558	NOT CONNECTED	6000.0000	500.0000	0.0000	6002.4929	0.1180	0.1016	0.0681	0.0691	-1.2382	0.2491	-1.2078	0.1892	-19.4132	159.8001	305.6707	82.2860	27.1542	1.1455	0.8236	44.0107	27.1542
42.2335	5988.0000	-0.0940	0.8504	0.0000	213.8350	86.3700	230.8630	0.6634	98.5200	27.3889	NOT CONNECTED	6000.0000	500.0000	0.0000	5991.7226	0.1204	0.1420	0.0684	0.0672	-1.2389	0.2833	-1.1639	0.2852	-3.4828	177.5212	304.8736	91.0787	27.1542	1.3580	0.8325	44.0879	27.1542
42.2503	5988.0000	-0.0940	0.8504	0.0000	213.8350	86.3700	230.8630	0.6634	98.5200	27.3889	NOT CONNECTED	6000.0000	500.0000	0.0000	5991.7226	0.1204	0.1420	0.0684	0.0672	-1.2389	0.2833	-1.1639	0.2852	-3.4828	177.5212	304.8736	91.0787	27.1542	1.3580	0.8325	44.0879	27.1542
42.8544	5984.0000	-0.1100	0.8601	0.0000	213.3600	92.2900	230.8570	0.7004	104.7900	27.3484	NOT CONNECTED	6000.0000	500.0000	0.0000	5987.1548	0.1382	0.1635	0.0678	0.0674	-1.1314	0.3074	-1.2322	0.3424	-1.1547	171.1900	304.1486	98.6100	27.1542	1.3184	0.8419	44.0879	27.1542
43.0916	5984.0000	-0.1100	0.8601	0.0000	213.3600	92.2900	230.8570	0.7004	104.7900	27.3484	NOT CONNECTED	6000.0000	500.0000	0.0000	5987.1548	0.1382	0.1635	0.0678	0.0674	-1.1314	0.3074	-1.2322	0.3424	-1.1547	171.1900	304.1486	98.6100	27.1542	1.3184	0.8419	44.0879	27.1542
43.4760	5991.0000	-0.1350	0.8881	0.0000	212.0160	109.5700	230.8440	0.8076	122.9800	27.4112	NOT CONNECTED	6000.0000	500.0000	0.0000	5989.0170	0.1536	0.1651	0.0676	0.0673	-1.3373	0.3340	-1.2194	0.1793	-8.3927	173.4700	303.1777	107.5854	27.1542	1.1962	0.8609	44.1664	27.1542
43.8346	5991.0000	-0.1350	0.8881	0.0000	212.0160	109.5700	230.8440	0.8076	122.9800	27.4112	NOT CONNECTED	6000.0000	500.0000	0.0000	5990.6198	0.1297	0.1712	0.0666	0.0675	-1.2206	0.2922	-1.3241	0.2139	-0.6867	174.7332	302.0115	123.0283	27.1542	1.2579	0.9112	44.1664	27.1542
44.0969	5991.0000	-0.1350	0.8881	0.0000	212.0160	109.5700	230.8440	0.8076	122.9800	27.4112	NOT CONNECTED	6000.0000	500.0000	0.0000	5990.6198	0.1297	0.1712	0.0666	0.0675	-1.2206	0.2922	-1.3241	0.2139	-0.6867	174.7332	302.0115	123.0283	27.1542	1.2579	0.9112	44.1664	27.1542
44.5757	5987.0000	-0.1540	0.9045	0.0000	211.3750	119.6000	230.8360	0.8699	133.6100	27.4413	NOT CONNECTED	6000.0000	500.0000	0.0000	5995.3001	0.1862	0.1684	0.0671	0.0661	-1.3738	0.4572	-1.2808	0.2802	-10.7825	158.9693	301.2469	130.4535	27.1542	1.1590	0.8944	44.2429	27.1542
44.7034	5987.0000	-0.1540	0.9045	0.0000	211.3750	119.6000	230.8360	0.8699	133.6100	27.4413	NOT CONNECTED	6000.0000	500.0000	0.0000	5995.3001	0.1862	0.1684	0.0671	0.0661	-1.3738	0.4572	-1.2808	0.2802	-10.7825	158.9693	301.2469	130.4535	27.1542	1.1590	0.8944	44.2429	27.1542
45.3086	5984.0000	-0.1760	0.9306	0.0000	210.4070	135.8200	230.8250	0.9699	150.8300	27.4441	NOT CONNECTED	6000.0000	500.0000	0.0000	5991.3764	0.2167	0.1953	0.0658	0.0680	-1.0867	0.5172	-1.3783	0.4088	5.5261	171.7451	300.6362	139.9398	27.1542	1.4306	0.9149	44.3224	27.1542
45.4300	5984.0000	-0.1760	0.9306	0.0000	210.4070	135.8200	230.8250	0.9699	150.8300	27.4441	NOT CONNECTED	6000.0000	500.0000	0.0000	5991.3764	0.2167	0.1953	0.0658	0.0680	-1.0867	0.5172	-1.3783	0.4088	5.5261	171.7451	300.6362	139.9398	27.1542	1.4306	0.9149	44.3224	27.1542
45.9140	5992.0000	-0.2000	0.9629	0.0000	209.3200	154.9700	230.8100	1.0867	171.1900	27.4711	0.0000	6000.0000	500.0000	0.0000	5987.1321	0.2483	0.2233	0.0667	0.0654	-1.2451	0.6572	-1.1791	0.4404	-5.9571	168.4282	299.8407	153.9832	27.1542	1.3687	0.9259	44.3224	27.1542
46.1818	5992.0000	-0.2000	0.9629	0.0000	209.3200	154.9700	230.8100	1.0867	171.1900	27.4711	0.0000	6000.0000	500.0000	0.0000	5987.1321	0.2483	0.2233	0.0667	0.0654	-1.2451	0.6572	-1.1791	0.4404	-5.9571	168.4282	299.8407	153.9832	27.1542	1.3687	0.9259	44.3224	27.1542
46.5352	5992.0000	-0.2000	0.9629	0.0000	209.3200	154.9700	230.8100	1.0867	171.1900	27.4711	0.0000	6000.0000	500.0000	0.0000	5986.0853	0.2803	0.2426	0.0670	0.0657	-1.2593	0.7132	-1.2165	0.4184	-1.7446	165.8280	298.9894	166.3704	27.1542	1.4613	0.9582	44.4063	27.1542
46.9272	5975.0000	-0.2180	0.9769	0.0000	208.9440	163.9200	230.8050	1.1409	180.7000	27.4685	0.0000	6000.0000	500.0000	0.0000	5986.7031	0.2472	0.2565	0.0655	0.0673	-1.1196	0.5915	-1.3991	0.4736	-8.1178	162.1593	298.5976	172.5970	27.1542	1.4401	0.9925	44.4063	27.1542
47.1573	5975.0000	-0.2180	0.9769	0.0000	208.9440	163.9200	230.8050	1.1409	180.7000	27.4685	0.0000	6000.0000	500.0000	0.0000	5986.7031	0.2472	0.2565	0.0655	0.0673	-1.1196	0.5915	-1.3991	0.4736	-8.1178	162.1593	298.5976	172.5970	27.1542	1.4401	0.9925	44.4063	27.1542
47.6767	5982.0000	-0.2260	0.9923	0.0000	208.6130	172.9700	230.7990	1.1962	190.2500	27.5240	0.0000	6000.0000	500.0000	0.0000	6010.4674	0.2545	0.1895	0.0670	0.0675	-1.2512	0.7148	-1.5160	0.3943	1.7113	170.4457	298.6008	177.4315	27.1542	1.3249	0.9777	44.4888	27.1542
47.7784	5982.0000	-0.2260	0.9923	0.0000	208.6130	172.9700	230.7990	1.1962	190.2500	27.5240	0.0000	6000.0000	500.0000	0.0000	6010.4674	0.2545	0.1895	0.0670	0.0675	-1.2512	0.7148	-1.5160	0.3943	1.7113	170.4457	298.6008	177.4315	27.1542	1.3249	0.9777	44.4888	27.1542
48.3996	5990.0000	-0.2300	0.9940	0.0000	208.7020	174.9200	230.7970	1.2080	192.2800	27.5398	0.0000	6000.0000	500.0000	0.0000	5989.8872	0.2485	0.2709	0.0659	0.0667	-1.2064	0.6054	-1.2910	0.4015	-9.8907	161.8562	298.7082	178.0788	27.1542	1.4487	0.9805	44.5748	27.1542
48.4208	5990.0000	-0.2300	0.9940	0.0000	208.7020	174.9200	230.7970	1.2080	192.2800	27.5398	0.0000	6000.0000	500.0000	0.0000	5989.8872	0.2485	0.2709	0.0659	0.0667	-1.2064	0.6054	-1.2910	0.4015	-9.8907	161.8562	298.7082	178.0788	27.1542	1.4487	0.9805	44.5748	27.1542
49.0216	6007.0000	-0.2330	0.9976	0.0000	208.7540	177.0100	230.7930	1.2209	194.2300	27.5312	0.0000	6000.0000	500.0000	0.0000	5991.3962	0.2683	0.2746	0.0664	0.0661	-1.3976	0.6624	-1.4151	0.4068	-9.9646	158.2142	298.7892	181.2247	27.1542	1.3103	0.9825	44.5748	27.1542
49.1834	6007.0000	-0.2330	0.9976	0.0000	208.7540	177.0100	230.7930	1.2209	194.2300	27.5312	0.0000	6000.0000	500.0000	0.0000	5991.3962	0.2683	0.2746	0.0664	0.0661	-1.3976	0.6624	-1.4151	0.4068	-9.9646	158.2142	298.7892	181.2247	27.1542	1.3103	0.9825	44.5748	27.1542
49.6427	5993.0000	-0.2340	0.9966	0.0000	208.8800	177.3100	230.7890	1.2225	194.4500	27.5689	0.0000	6000.0000	500.0000	0.0000	5996.4465	0.3044	0.2642	0.0648	0.0650	-1.1919	0.7999	-1.2861	0.5114	-1.1054	170.9791	298.9381	182.3742	27.1542	1.5665	0.9863	44.6630	27.1542
49.9198	5993.0000	-0.2340	0.9966	0.0000	208.8800	177.3100	230.7890	1.2225	194.4500	27.5689	0.0000	6000.0000	500.0000	0.0000	5996.4465	0.3044	0.2642	0.0648	0.0650	-1.1919	0.7999	-1.2861	0.5114	-1.1054	170.9791	298.9381	182.3742	27.1542	1.5665	0.9863	44.6630	27.1542
50.2805	5993.0000	-0.2340	0.9966	0.0000	208.8800	177.3100	230.7890	1.2225	194.4500	27.5689	0.0000	6000.0000	500.0000	0.0000	5994.8041	0.2681	0.2749	0.0667	0.0667	-1.1938	0.7025	-1.3053	0.4748	-7.5702	180.3185	299.0696	180.0566	27.5312	1.3430	0.9963	44.7476	27.5312
50.6748	5994.0000	-0.2330	0.9973	0.0000	208.9600	178.0100	230.7850	1.2268	194.9800	27.5831	1.0000	6000.0000	500.0000	0.0000	5993.0485	0.2488	0.2845	0.0683	0.0654	-1.2475	0.6352	-1.2187	0.5482	-5.9245	156.2797	299.1602	181.4501	27.5312	1.4647	0.9827	44.7476	27.5312
50.9024	5994.0000	-0.2330	0.9973	0.0000	208.9600	178.0100	230.7850	1.2268	194.9800	27.5831	1.0000	6000.0000	500.0000	0.0000	5993.0485	0.2488	0.2845	0.0683	0.0654	-1.2475	0.6352	-1.2187	0.5482	-5.9245	156.2797	299.1602	181.4501	27.5312	1.4647	0.9827	44.7476	27.5312
51.5232	6002.0000	-0.2340	0.9965	0.0000	209.0780	178.0900	230.7820	1.2278	195.0100	27.6516	1.0000	6000.0000	500.0000	0.0000	6000.3370	0.3156	0.2625	0.0649	0.0651	-1.2425	0.7909	-1.4660	0.4196	0.1591	171.8604	299.1741	182.8466	27.5312	1.5163	0.9825	44.8326	27.5312
51.5508	6002.0000	-0.2340	0.9965	0.0000	209.0780	178.0900	230.7820	1.2278	195.0100	27.6516	1.0000	6000.0000	500.0000	0.0000	6000.3370	0.3156	0.2625	0.0649	0.0651	-1.2425	0.7909	-1.4660	0.4196	0.1591	171.8604	299.1741	182.8466	27.5312	1.5163	0.9825	44.8326	27.5312
52.1292	5992.0000	-0.2340	0.9958	0.0000	209.1530	178.3000	230.7750	1.2294	195.1000	27.6383	1.0000	6000.0000	500.0000	0.0000	6000.1820	0.2871	0.2651	0.0661	0.0673	-1.1472	0.7237	-1.2665	0.5114	14.9082	167.3635	299.3260	180.8839	27.5312	1.5493	0.9858	44.8326	27.5312
52.2937	5992.0000	-0.2340	0.9958	0.0000	209.1530	178.3000	230.7750	1.2294	195.1000	27.6383	1.0000	6000.0000	500.0000	0.0000	6000.1820	0.2871	0.2651	0.0661	0.0673	-1.1472	0.7237	-1.2665	0.5114	14.9082	167.3635	299.3260	180.8839	27.5312	1.5493	0.9858	44.8326	27.5312
52.7500	6009.0000	-0.2320	0.9948	0.0000	209.2230	178.0100	230.7700	1.2279	194.7400	27.6309	1.0000	6000.0000	500.0000	0.0000	6004.1167	0.2697	0.2532	0.0681	0.0667	-1.1638	0.6408	-1.2383	0.4899	-8.0653	181.1353	299.4044	181.7106	27.5312	1.3488	0.9955	44.9187	27.5312
53.0390	6009.0000	-0.2320	0.9948	0.0000	209.2230	178.0100	230.7700	1.2279	194.7400	27.6309	1.0000	6000.0000	500.0000	0.0000	6004.1167	0.2697	0.2532	0.0681	0.0667	-1.1638	0.6408	-1.2383	0.4899	-8.0653	181.1353	299.4044	181.7106	27.5312	1.3488	0.9955	44.9187	27.5312
53.3723	6009.0000	-0.2320	0.9948	0.0000	209.2230	178.0100	230.7700	1.2279	194.7400	27.6309	1.0000	6000.0000	500.0000	0.0000	5998.0004	0.2924	0.2750	0.0664	0.0659	-1.2183	0.7733	-1.3393	0.5451	-0.8114	158.0928	299.4987	182.3770	27.5312	1.4360	0.9850	45.0008	27.5312
53.7834	5997.0000	-0.2330	0.9948	0.0000	209.2970	178.2900	230.7630	1.2291	194.9100	27.7186	1.0000	6000.0000	500.0000	0.0000	5999.7559	0.2787	0.2698	0.0674	0.0654	-1.3521	0.7311	-1.2544	0.4172	-10.3985	167.9178	299.5997	183.0336	27.5312	1.3198	0.9814	45.0008	27.5312
53.9932	5997.0000	-0.2330	0.9948	0.0000	209.2970	178.2900	230.7630	1.2291	194.9100	27.7186	1.0000	6000.0000	500.0000	0.0000	5999.7559	0.2787	0.2698	0.0674	0.0654	-1.3521	0.7311	-1.2544	0.4172	-10.3985	167.9178	299.5997	183.0336	27.5312	1.3198	0.9814	45.0008	27.5312
54.5294	5989.0000	-0.2350	0.9941	0.0000	209.3640	178.3400	230.7590	1.2292	194.8500	27.7172	1.0000	6000.0000	500.0000	0.0000	6000.8458	0.2754	0.2665	0.0673	0.0653	-1.3897	0.6743	-1.2670	0.5160	-11.4190	161.8883	299.6132	184.0326	27.5312	1.3844	0.9803	45.0832	27.5312
54.6153	5989.0000	-0.2350	0.9941	0.0000	209.3640	178.3400	230.7590	1.2292	194.8500	27.7172	1.0000	6000.0000	500.0000	0.0000	6000.8458	0.2754	0.2665	0.0673	0.0653	-1.3897	0.6743	-1.2670	0.5160	-11.4190	161.8883	299.6132	184.0326	27.5312	1.3844	0.9803	45.0832	27.5312
55.2363	5992.0000	-0.2340	0.9932	0.0000	209.4250	178.2300	230.7470	1.2291	194.7600	27.7594	1.0000	6000.0000	500.0000	0.0000	6003.8276	0.2600	0.2569	0.0676	0.0680	-1.1674	0.5682	-1.2577	0.4326	0.3711	176.6283	299.7637	182.7148	27.5312	1.2967	0.9808	45.1667	27.5312
55.2773	5992.0000	-0.2340	0.9932	0.0000	209.4250	178.2300	230.7470	1.2291	194.7600	27.7594	1.0000	6000.0000	500.0000	0.0000	6003.8276	0.2600	0.2569	0.0676	0.0680	-1.1674	0.5682	-1.2577	0.4326	0.3711	176.6283	299.7637	182.7148	27.5312	1.2967	0.9808	45.1667	27.5312
55.8577	5993.0000	-0.2330	0.9917	0.0000	209.5350	178.2100	230.7420	1.2287	194.5900	27.7566	1.0000	6000.0000	500.0000	0.0000	6004.5521	0.2338	0.2547	0.0664	0.0666	-1.1988	0.5322	-1.3646	0.3792	1.1395	168.3619	299.7374	183.6140	27.5312	1.3444	1.0006	45.1667	27.5312
56.0194	5993.0000	-0.2330	0.9917	0.0000	209.5350	178.2100	230.7420	1.2287	194.5900	27.7566	1.0000	6000.0000	500.0000	0.0000	6004.5521	0.2338	0.2547	0.0664	0.0666	-1.1988	0.5322	-1.3646	0.3792	1.1395	168.3619	299.7374	183.6140	27.5312	1.3444	1.0006	45.1667	27.5312
56.4797	6004.0000	-0.2340	0.9924	0.0000	209.4960	178.4900	230.7280	1.2304	194.7600	27.7899	1.0000	6000.0000	500.0000	0.0000	6000.8691	0.2766	0.2675	0.0650	0.0672	-1.2546	0.6755	-1.4706	0.4324	-0.6249	169.2531	299.8147	182.0140	27.5312	1.4793	0.9800	45.2461	27.5312
56.7599	6004.0000	-0.2340	0.9924	0.0000	209.4960	178.4900	230.7280	1.2304	194.7600	27.7899	1.0000	6000.0000	500.0000	0.0000	6000.8691	0.2766	0.2675	0.0650	0.0672	-1.2546	0.6755	-1.4706	0.4324	-0.6249	169.2531	299.8147	182.0140	27.5312	1.4793	0.9800	45.2461	27.5312
57.0852	6004.0000	-0.2340	0.9924	0.0000	209.4960	178.4900	230.7280	1.2304	194.7600	27.7899	1.0000	6000.0000	500.0000	0.0000	5994.5051	0.2922	0.2891	0.0673	0.0650	-1.3532	0.7848	-1.3162	0.5018	-5.4010	182.1126	299.9174	183.4947	27.5312	1.3969	0.9778	45.2461	27.5312
57.5021	6002.0000	-0.2340	0.9903	0.0000	209.6450	178.3000	230.7210	1.2286	194.4900	27.8108	1.0000	6000.0000	500.0000	0.0000	5992.2331	0.2407	0.2969	0.0673	0.0675	-1.2128	0.5131	-1.3179	0.4478	10.3555	170.0491	299.9318	184.9340	27.5312	1.4033	0.9777	45.3258	27.5312
57.7060	6002.0000	-0.2340	0.9903	0.0000	209.6450	178.3000	230.7210	1.2286	194.4900	27.8108	1.0000	6000.0000	500.0000	0.0000	5992.2331	0.2407	0.2969	0.0673	0.0675	-1.2128	0.5131	-1.3179	0.4478	10.3555	170.0491	299.9318	184.9340	27.5312	1.4033	0.9777	45.3258	27.5312
58.2417	5990.0000	-0.2330	0.9911	0.0000	209.5900	178.4900	230.7050	1.2306	194.6300	27.8452	1.0000	6000.0000	500.0000	0.0000	5999.2920	0.2876	0.2729	0.0661	0.0681	-1.2008	0.6658	-1.3629	0.3754	-4.2324	161.8831	299.9113	183.1062	27.5312	1.5087	0.9777	45.4065	27.5312
58.3272	5990.0000	-0.2330	0.9911	0.0000	209.5900	178.4900	230.7050	1.2306	194.6300	27.8452	1.0000	6000.0000	500.0000	0.0000	5999.2920	0.2876	0.2729	0.0661	0.0681	-1.2008	0.6658	-1.3629	0.3754	-4.2324	161.8831	299.9113	183.1062	27.5312	1.5087	0.9777	45.4065	27.5312
58.9489	5991.0000	-0.2340	0.9898	0.0000	209.6630	178.2800	230.6950	1.2288	194.3200	27.8846	1.0000	6000.0000	500.0000	0.0000	5997.3575	0.2309	0.2796	0.0667	0.0665	-1.2525	0.5761	-1.3239	0.4757	-8.8621	160.3437	299.9597	181.4516	27.5312	1.4731	1.0038	45.4065	27.5312
58.9888	5991.0000	-0.2340	0.9898	0.0000	209.6630	178.2800	230.6950	1.2288	194.3200	27.8846	1.0000	6000.0000	500.0000	0.0000	5997.3575	0.2309	0.2796	0.0667	0.0665	-1.2525	0.5761	-1.3239	0.4757	-8.8621	160.3437	299.9597	181.4516	27.5312	1.4731	1.0038	45.4065	27.5312
59.5862	5997.0000	-0.2350	0.9909	0.0000	209.6000	178.3900	230.6750	1.2305	194.5200	27.9197	2.0000	6000.0000	500.0000	0.0000	5998.7126	0.2658	0.2751	0.0666	0.0677	-1.2130	0.7399	-1.3259	0.3581	-2.0176	172.4982	299.9728	182.1107	27.8452	1.4208	0.9787	45.4834	27.8452
59.7219	5997.0000	-0.2350	0.9909	0.0000	209.6000	178.3900	230.6750	1.2305	194.5200	27.9197	2.0000	6000.0000	500.0000	0.0000	5998.7126	0.2658	0.2751	0.0666	0.0677	-1.2130	0.7399	-1.3259	0.3581	-2.0176	172.4982	299.9728	182.1107	27.8452	1.4208	0.9787	45.4834	27.8452
60.2083	5993.0000	-0.2340	0.9911	0.0000	209.5810	178.4600	230.6650	1.2307	194.5300	27.9365	2.0000	6000.0000	500.0000	0.0000	6010.0944	0.2633	0.2366	0.0674	0.0676	-1.2170	0.6528	-1.3370	0.4445	-2.1088	163.8414	300.0176	182.4963	27.8452	1.3417	0.9812	45.5607	27.8452
60.5768	5993.0000	-0.2340	0.9911	0.0000	209.5810	178.4600	230.6650	1.2307	194.5300	27.9365	2.0000	6000.0000	500.0000	0.0000	6012.9217	0.2587	0.2270	0.0674	0.0666	-1.1145	0.6144	-1.4754	0.4682	-2.9745	172.6561	299.9771	182.7848	27.8452	1.3902	0.9796	45.5607	27.8452
60.8300	5993.0000	-0.2340	0.9911	0.0000	209.5810	178.4600	230.6650	1.2307	194.5300	27.9365	2.0000	6000.0000	500.0000	0.0000	6012.9217	0.2587	0.2270	0.0674	0.0666	-1.1145	0.6144	-1.4754	0.4682	-2.9745	172.6561	299.9771	182.7848	27.8452	1.3902	0.9796	45.5607	27.8452
61.3121	5992.0000	-0.2350	0.9892	0.0000	209.6720	177.9500	230.6430	1.2280	193.9600	27.9486	2.0000	6000.0000	500.0000	0.0000	5999.5950	0.2983	0.2670	0.0659	0.0667	-1.2528	0.7283	-1.2832	0.3720	-9.1721	169.0285	300.0365	183.3386	27.8452	1.4061	0.9793	45.6392	27.8452
61.4360	5992.0000	-0.2350	0.9892	0.0000	209.6720	177.9500	230.6430	1.2280	193.9600	27.9486	2.0000	6000.0000	500.0000	0.0000	5999.5950	0.2983	0.2670	0.0659	0.0667	-1.2528	0.7283	-1.2832	0.3720	-9.1721	169.0285	300.0365	183.3386	27.8452	1.4061	0.9793	45.6392	27.8452
62.0454	5991.0000	-0.2340	0.9899	0.0000	209.6110	178.0700	230.6290	1.2288	194.0900	27.9946	2.0000	6000.0000	500.0000	0.0000	6001.1355	0.2914	0.2670	0.0653	0.0676	-1.1374	0.7061	-1.3333	0.5088	-6.3879	163.6033	300.1223	181.8182	27.8452	1.4478	1.0066	45.6392	27.8452
62.0563	5991.0000	-0.2340	0.9899	0.0000	209.6110	178.0700	230.6290	1.2288	194.0900	27.9946	2.0000	6000.0000	500.0000	0.0000	6001.1355	0.2914	0.2670	0.0653	0.0676	-1.1374	0.7061	-1.3333	0.5088	-6.3879	163.6033	300.1223	181.8182	27.8452	1.4478	1.0066	45.6392	27.8452
62.6782	5995.0000	-0.2330	0.9884	0.0000	209.7110	177.6500	230.6010	1.2259	193.5900	28.0132	2.0000	6000.0000	500.0000	0.0000	5993.3062	0.2565	0.2935	0.0684	0.0673	-1.1732	0.6280	-1.2688	0.4630	-13.6348	164.5985	300.1884	181.8953	27.8452	1.3856	0.9730	45.7140	27.8452
62.7892	5995.0000	-0.2330	0.9884	0.0000	209.7110	177.6500	230.6010	1.2259	193.5900	28.0132	2.0000	6000.0000	500.0000	0.0000	5993.3062	0.2565	0.2935	0.0684	0.0673	-1.1732	0.6280	-1.2688	0.4630	-13.6348	164.5985	300.1884	181.8953	27.8452	1.3856	0.9730	45.7140	27.8452
63.2995	5996.0000	-0.2330	0.9887	0.0000	209.7480	177.5700	230.5860	1.2251	193.3700	27.9863	2.0000	6000.0000	500.0000	0.0000	6003.8644	0.2747	0.2573	0.0657	0.0668	-1.2951	0.7084	-1.4100	0.4463	-13.0021	165.4856	300.2032	180.3817	27.8452	1.3820	0.9771	45.7888	27.8452
63.5287	5996.0000	-0.2330	0.9887	0.0000	209.7480	177.5700	230.5860	1.2251	193.3700	27.9863	2.0000	6000.0000	500.0000	0.0000	6003.8644	0.2747	0.2573	0.0657	0.0668	-1.2951	0.7084	-1.4100	0.4463	-13.0021	165.4856	300.2032	180.3817	27.8452	1.3820	0.9771	45.7888	27.8452
63.9210	6007.0000	-0.2330	0.9873	0.0000	209.8420	177.5900	230.5560	1.2253	193.3300	28.0179	2.0000	6000.0000	500.0000	0.0000	6003.3771	0.2766	0.2589	0.0657	0.0661	-1.1592	0.7238	-1.3889	0.4761	-3.2377	169.0799	300.1555	180.3093	27.8452	1.5162	0.9757	45.7888	27.8452
64.2733	6007.0000	-0.2330	0.9873	0.0000	209.8420	177.5900	230.5560	1.2253	193.3300	28.0179	2.0000	6000.0000	500.0000	0.0000	6003.3771	0.2766	0.2589	0.0657	0.0661	-1.1592	0.7238	-1.3889	0.4761	-3.2377	169.0799	300.1555	180.3093	27.8452	1.5162	0.9757	45.7888	27.8452
65.0047	6002.0000	-0.2320	0.9867	0.0000	209.8340	177.4300	230.5410	1.2245	193.1400	28.0577	2.0000	6000.0000	500.0000	0.0000	6001.4298	0.2972	0.2655	0.0674	0.0651	-1.2445	0.7897	-1.2318	0.4596	10.4841	169.0757	300.1563	181.4402	27.8452	1.2788	1.0045	45.8647	27.8452
65.0523	6002.0000	-0.2320	0.9867	0.0000	209.8340	177.4300	230.5410	1.2245	193.1400	28.0577	2.0000	6000.0000	500.0000	0.0000	6001.4298	0.2972	0.2655	0.0674	0.0651	-1.2445	0.7897	-1.2318	0.4596	10.4841	169.0757	300.1563	181.4402	27.8452	1.2788	1.0045	45.8647	27.8452
65.6585	5997.0000	-0.2330	0.9879	0.0000	209.7750	177.8700	230.5140	1.2274	193.5700	28.1047	2.0000	6000.0000	500.0000	0.0000	5993.0981	0.2711	0.2938	0.0653	0.0674	-1.1391	0.7099	-1.4701	0.4051	7.6849	170.3918	300.1726	179.1523	27.8452	1.4941	0.9729	45.9368	27.8452
65.7419	5997.0000	-0.2330	0.9879	0.0000	209.7750	177.8700	230.5140	1.2274	193.5700	28.1047	2.0000	6000.0000	500.0000	0.0000	5993.0981	0.2711	0.2938	0.0653	0.0674	-1.1391	0.7099	-1.4701	0.4051	7.6849	170.3918	300.1726	179.1523	27.8452	1.4941	0.9729	45.9368	27.8452
66.2794	5997.0000	-0.2320	0.9870	0.0000	209.8120	177.7200	230.5030	1.2266	193.4100	28.1591	2.0000	6000.0000	500.0000	0.0000	5999.4890	0.2999	0.2720	0.0649	0.0670	-1.1528	0.7353	-1.3688	0.4536	-8.2210	163.2094	300.2222	179.9138	27.8452	1.4902	0.9742	46.0092	27.8452
66.4863	5997.0000	-0.2320	0.9870	0.0000	209.8120	177.7200	230.5030	1.2266	193.4100	28.1591	2.0000	6000.0000	500.0000	0.0000	5999.4890	0.2999	0.2720	0.0649	0.0670	-1.1528	0.7353	-1.3688	0.4536	-8.2210	163.2094	300.2222	179.9138	27.8452	1.4902	0.9742	46.0092	27.8452
66.9006	6006.0000	-0.2330	0.9863	0.0000	209.8750	177.5900	230.4820	1.2260	193.2700	28.1298	2.0000	6000.0000	500.0000	0.0000	5997.3756	0.2782	0.2792	0.0672	0.0665	-1.2347	0.6664	-1.3514	0.5159	-7.2147	158.3039	300.1722	180.9437	27.8452	1.3306	0.9712	46.0092	27.8452
67.2398	6006.0000	-0.2330	0.9863	0.0000	209.8750	177.5900	230.4820	1.2260	193.2700	28.1298	2.0000	6000.0000	500.0000	0.0000	6002.9534	0.2846	0.2602	0.0659	0.0657	-1.2828	0.7654	-1.3503	0.4571	-11.4849	157.9351	300.1544	181.8299	27.8452	1.3366	0.9701	46.0826	27.8452
67.5216	6006.0000	-0.2330	0.9863	0.0000	209.8750	177.5900	230.4820	1.2260	193.2700	28.1298	2.0000	6000.0000	500.0000	0.0000	6002.9534	0.2846	0.2602	0.0659	0.0657	-1.2828	0.7654	-1.3503	0.4571	-11.4849	157.9351	300.1544	181.8299	27.8452	1.3366	0.9701	46.0826	27.8452
67.9874	6001.0000	-0.2320	0.9863	0.0000	209.8750	177.4700	230.4730	1.2250	193.0500	28.1793	2.0000	6000.0000	500.0000	0.0000	5998.7587	0.2755	0.2745	0.0663	0.0650	-1.2572	0.7115	-1.4170	0.5667	-11.5392	169.0560	300.2103	181.8297	27.8452	1.4548	0.9984	46.0826	27.8452
68.1433	6001.0000	-0.2320	0.9863	0.0000	209.8750	177.4700	230.4730	1.2250	193.0500	28.1793	2.0000	6000.0000	500.0000	0.0000	5998.7587	0.2755	0.2745	0.0663	0.0650	-1.2572	0.7115	-1.4170	0.5667	-11.5392	169.0560	300.2103	181.8297	27.8452	1.4548	0.9984	46.0826	27.8452
68.7301	6002.0000	-0.2310	0.9863	0.0000	209.8370	177.4400	230.4530	1.2254	193.0000	28.2082	3.0000	6000.0000	500.0000	0.0000	5998.7482	0.2714	0.2745	0.0662	0.0659	-1.2218	0.6858	-1.4813	0.3979	3.5637	167.8196	300.2293	183.5564	28.1298	1.3336	0.9753	46.1521	28.1298
68.7811	6002.0000	-0.2310	0.9863	0.0000	209.8370	177.4400	230.4530	1.2254	193.0000	28.2082	3.0000	6000.0000	500.0000	0.0000	5998.7482	0.2714	0.2745	0.0662	0.0659	-1.2218	0.6858	-1.4813	0.3979	3.5637	167.8196	300.2293	183.5564	28.1298	1.3336	0.9753	46.1521	28.1298
69.3863	5990.0000	-0.2330	0.9865	0.0000	209.8440	177.6400	230.4490	1.2271	193.2900	28.2386	3.0000	6000.0000	500.0000	0.0000	6000.5672	0.2583	0.2683	0.0659	0.0677	-1.1881	0.6716	-1.3843	0.4389	-12.5643	160.9484	300.2432	181.0752	28.1298	1.5231	0.9744	46.2223	28.1298
69.5785	5990.0000	-0.2330	0.9865	0.0000	209.8440	177.6400	230.4490	1.2271	193.2900	28.2386	3.0000	6000.0000	500.0000	0.0000	6000.5672	0.2583	0.2683	0.0659	0.0677	-1.1881	0.6716	-1.3843	0.4389	-12.5643	160.9484	300.2432	181.0752	28.1298	1.5231	0.9744	46.2223	28.1298
69.9918	6006.0000	-0.2330	0.9864	0.0000	209.8390	177.5800	230.4360	1.2261	193.1400	28.2768	3.0000	6000.0000	500.0000	0.0000	6000.2659	0.2743	0.2693	0.0679	0.0654	-1.2922	0.6726	-1.2416	0.4776	-1.1226	175.7050	300.2346	183.3361	28.1298	1.3848	0.9742	46.2223	28.1298
70.3145	6006.0000	-0.2330	0.9864	0.0000	209.8390	177.5800	230.4360	1.2261	193.1400	28.2768	3.0000	6000.0000	500.0000	0.0000	6000.5188	0.2860	0.2684	0.0654	0.0675	-1.2454	0.7842	-1.3861	0.5353	-15.9285	168.0387	300.2698	178.4435	28.1298	1.5240	0.9739	46.2938	28.1298
70.5979	6006.0000	-0.2330	0.9864	0.0000	209.8390	177.5800	230.4360	1.2261	193.1400	28.2768	3.0000	6000.0000	500.0000	0.0000	6000.5188	0.2860	0.2684	0.0654	0.0675	-1.2454	0.7842	-1.3861	0.5353	-15.9285	168.0387	300.2698	178.4435	28.1298	1.5240	0.9739	46.2938	28.1298
71.0647	6006.0000	-0.2320	0.9860	0.0000	209.8460	177.4900	230.4320	1.2260	193.0800	28.3026	3.0000	6000.0000	500.0000	0.0000	5997.6279	0.2827	0.2783	0.0659	0.0669	-1.2056	0.7076	-1.5247	0.4706	-11.7011	165.9397	300.2858	179.5115	28.1298	1.5374	0.9859	46.3621	28.1298
71.2189	6006.0000	-0.2320	0.9860	0.0000	209.8460	177.4900	230.4320	1.2260	193.0800	28.3026	3.0000	6000.0000	500.0000	0.0000	5997.6279	0.2827	0.2783	0.0659	0.0669	-1.2056	0.7076	-1.5247	0.4706	-11.7011	165.9397	300.2858	179.5115	28.1298	1.5374	0.9859	46.3621	28.1298
71.8034	6000.0000	-0.2320	0.9859	0.0000	209.8250	177.0600	230.4250	1.2239	192.5700	28.3233	3.0000	6000.0000	500.0000	0.0000	5999.2914	0.2509	0.2724	0.0668	0.0663	-1.3022	0.6397	-1.3794	0.4403	2.1696	166.2324	300.3255	178.9176	28.1298	1.3710	0.9742	46.3621	28.1298
71.8411	6000.0000	-0.2320	0.9859	0.0000	209.8250	177.0600	230.4250	1.2239	192.5700	28.3233	3.0000	6000.0000	500.0000	0.0000	5999.2914	0.2509	0.2724	0.0668	0.0663	-1.3022	0.6397	-1.3794	0.4403	2.1696	166.2324	300.3255	178.9176	28.1298	1.3710	0.9742	46.3621	28.1298
72.4628	5995.0000	-0.2320	0.9870	0.0000	209.8060	177.2000	230.4220	1.2244	192.7400	28.3509	3.0000	6000.0000	500.0000	0.0000	5996.5106	0.2636	0.2817	0.0665	0.0655	-1.3100	0.6602	-1.2563	0.4911	-7.0342	164.6161	300.3146	182.0195	28.1298	1.4983	0.9744	46.4303	28.1298
72.5310	5995.0000	-0.2320	0.9870	0.0000	209.8060	177.2000	230.4220	1.2244	192.7400	28.3509	3.0000	6000.0000	500.0000	0.0000	5996.5106	0.2636	0.2817	0.0665	0.0655	-1.3100	0.6602	-1.2563	0.4911	-7.0342	164.6161	300.3146	182.0195	28.1298	1.4983	0.9744	46.4303	28.1298
73.0673	5992.0000	-0.2330	0.9847	0.0000	209.8900	176.9400	230.4170	1.2226	192.4100	28.3486	3.0000	6000.0000	500.0000	0.0000	5997.9514	0.2934	0.2767	0.0654	0.0679	-1.1811	0.6824	-1.5335	0.4678	5.9005	168.1382	300.3161	181.7285	28.1298	1.4610	0.9682	46.4303	28.1298
73.2694	5992.0000	-0.2330	0.9847	0.0000	209.8900	176.9400	230.4170	1.2226	192.4100	28.3486	3.0000	6000.0000	500.0000	0.0000	5997.9514	0.2934	0.2767	0.0654	0.0679	-1.1811	0.6824	-1.5335	0.4678	5.9005	168.1382	300.3161	181.7285	28.1298	1.4610	0.9682	46.4303	28.1298
73.6737	5993.0000	-0.2330	0.9851	0.0000	209.8500	177.0600	230.4150	1.2233	192.5400	28.3772	3.0000	6000.0000	500.0000	0.0000	5995.0681	0.2682	0.2864	0.0672	0.0651	-1.3956	0.6859	-1.2877	0.3441	-6.4028	164.1571	300.3296	181.9716	28.1298	1.4460	0.9816	46.4996	28.1298
74.0089	5993.0000	-0.2330	0.9851	0.0000	209.8500	177.0600	230.4150	1.2233	192.5400	28.3772	3.0000	6000.0000	500.0000	0.0000	5995.2109	0.2483	0.2857	0.0677	0.0657	-1.2763	0.5969	-1.2319	0.5003	-2.6320	169.9966	300.3873	182.2313	28.1298	1.4337	0.9828	46.5649	28.1298
74.2950	5993.0000	-0.2330	0.9851	0.0000	209.8500	177.0600	230.4150	1.2233	192.5400	28.3772	3.0000	6000.0000	500.0000	0.0000	5995.2109	0.2483	0.2857	0.0677	0.0657	-1.2763	0.5969	-1.2319	0.5003	-2.6320	169.9966	300.3873	182.2313	28.1298	1.4337	0.9828	46.5649	28.1298
74.7462	6002.0000	-0.2310	0.9845	0.0000	209.8940	176.5700	230.4130	1.2206	191.9900	28.3951	3.0000	6000.0000	500.0000	0.0000	5999.2232	0.2889	0.2718	0.0678	0.0661	-1.3061	0.7753	-1.2351	0.4233	5.9433	165.8260	300.4522	180.8382	28.1298	1.3381	0.9741	46.5649	28.1298
74.9004	6002.0000	-0.2310	0.9845	0.0000	209.8940	176.5700	230.4130	1.2206	191.9900	28.3951	3.0000	6000.0000	500.0000	0.0000	5999.2232	0.2889	0.2718	0.0678	0.0661	-1.3061	0.7753	-1.2351	0.4233	5.9433	165.8260	300.4522	180.8382	28.1298	1.3381	0.9741	46.5649	28.1298
75.4818	5991.0000	-0.2320	0.9840	0.0000	209.9630	176.6300	230.4130	1.2199	191.9700	28.4258	3.0000	6000.0000	500.0000	0.0000	5998.1706	0.2627	0.2752	0.0658	0.0653	-1.4284	0.6869	-1.4961	0.4992	-2.1331	171.7799	300.3916	180.5458	28.1298	1.4963	0.9698	46.6307	28.1298
75.5212	5991.0000	-0.2320	0.9840	0.0000	209.9630	176.6300	230.4130	1.2199	191.9700	28.4258	3.0000	6000.0000	500.0000	0.0000	5998.1706	0.2627	0.2752	0.0658	0.0653	-1.4284	0.6869	-1.4961	0.4992	-2.1331	171.7799	300.3916	180.5458	28.1298	1.4963	0.9698	46.6307	28.1298
76.1432	5990.0000	-0.2330	0.9835	0.0000	210.0330	176.9000	230.4120	1.2219	192.2500	28.4644	3.0000	6000.0000	500.0000	0.0000	5998.3582	0.2914	0.2746	0.0663	0.0652	-1.2815	0.7479	-1.3684	0.3312	-3.0181	173.6570	300.4566	180.8832	28.1298	1.4572	0.9683	46.6307	28.1298
76.2101	5990.0000	-0.2330	0.9835	0.0000	210.0330	176.9000	230.4120	1.2219	192.2500	28.4644	3.0000	6000.0000	500.0000	0.0000	5998.3582	0.2914	0.2746	0.0663	0.0652	-1.2815	0.7479	-1.3684	0.3312	-3.0181	173.6570	300.4566	180.8832	28.1298	1.4572	0.9683	46.6307	28.1298
76.7643	5990.0000	-0.2330	0.9835	0.0000	210.0330	176.9000	230.4120	1.2219	192.2500	28.4644	3.0000	6000.0000	500.0000	0.0000	5999.8666	0.2679	0.2695	0.0663	0.0676	-1.0536	0.6546	-1.3005	0.4226	0.3587	175.0008	300.4852	182.9702	28.1298	1.3918	0.9906	46.6979	28.1298
77.4024	6008.0000	-0.2320	0.9830	0.0000	210.0530	176.8800	230.4100	1.2218	192.1700	28.4676	4.0000	6000.0000	500.0000	0.0000	5999.2302	0.2756	0.2717	0.0665	0.0654	-1.3764	0.6614	-1.4060	0.5294	-8.4605	168.5267	300.4729	183.0769	28.4644	1.4450	0.9730	46.7611	28.4644
77.4581	6008.0000	-0.2320	0.9830	0.0000	210.0530	176.8800	230.4100	1.2218	192.1700	28.4676	4.0000	6000.0000	500.0000	0.0000	5999.2302	0.2756	0.2717	0.0665	0.0654	-1.3764	0.6614	-1.4060	0.5294	-8.4605	168.5267	300.4729	183.0769	28.4644	1.4450	0.9730	46.7611	28.4644
78.0237	5997.0000	-0.2330	0.9829	0.0000	210.0720	176.9800	230.4110	1.2223	192.3100	28.5227	4.0000	6000.0000	500.0000	0.0000	6004.6069	0.2838	0.2533	0.0680	0.0657	-1.2478	0.6848	-1.2091	0.3226	-4.3082	179.8500	300.4890	182.7778	28.4644	1.3473	0.9731	46.7611	28.4644
78.3092	5997.0000	-0.2330	0.9829	0.0000	210.0720	176.9800	230.4110	1.2223	192.3100	28.5227	4.0000	6000.0000	500.0000	0.0000	6004.6069	0.2838	0.2533	0.0680	0.0657	-1.2478	0.6848	-1.2091	0.3226	-4.3082	179.8500	300.4890	182.7778	28.4644	1.3473	0.9731	46.7611	28.4644
78.6454	5997.0000	-0.2330	0.9829	0.0000	210.0720	176.9800	230.4110	1.2223	192.3100	28.5227	4.0000	6000.0000	500.0000	0.0000	5998.6741	0.2722	0.2735	0.0683	0.0671	-1.0739	0.6762	-1.2709	0.5190	-7.5066	165.7703	300.4360	183.1198	28.4644	1.4330	0.9714	46.8250	28.4644
79.0557	6009.0000	-0.2300	0.9826	0.0000	210.0750	176.7800	230.4120	1.2215	192.0900	28.5464	4.0000	6000.0000	500.0000	0.0000	6002.5337	0.2934	0.2604	0.0681	0.0661	-1.1614	0.7255	-1.2964	0.4408	3.8230	166.3745	300.4809	183.1067	28.4644	1.4321	0.9696	46.8902	28.4644
79.2502	6009.0000	-0.2300	0.9826	0.0000	210.0750	176.7800	230.4120	1.2215	192.0900	28.5464	4.0000	6000.0000	500.0000	0.0000	6002.5337	0.2934	0.2604	0.0681	0.0661	-1.1614	0.7255	-1.2964	0.4408	3.8230	166.3745	300.4809	183.1067	28.4644	1.4321	0.9696	46.8902	28.4644
79.7998	5991.0000	-0.2310	0.9817	0.0000	210.1380	176.6900	230.4140	1.2201	191.9200	28.5615	4.0000	6000.0000	500.0000	0.0000	5999.2826	0.3021	0.2714	0.0664	0.0656	-1.2773	0.7629	-1.3310	0.5088	5.3228	168.8033	300.5443	181.3655	28.4644	1.3305	0.9945	46.8902	28.4644
79.8719	5991.0000	-0.2310	0.9817	0.0000	210.1380	176.6900	230.4140	1.2201	191.9200	28.5615	4.0000	6000.0000	500.0000	0.0000	5999.2826	0.3021	0.2714	0.0664	0.0656	-1.2773	0.7629	-1.3310	0.5088	5.3228	168.8033	300.5443	181.3655	28.4644	1.3305	0.9945	46.8902	28.4644
80.4938	5999.0000	-0.2330	0.9824	0.0000	210.0800	176.6100	230.4150	1.2209	191.9300	28.6140	4.0000	6000.0000	500.0000	0.0000	5998.0266	0.2610	0.2757	0.0670	0.0652	-1.4292	0.6697	-1.2890	0.3314	-3.4914	166.2977	300.5637	180.4648	28.4644	1.4085	0.9672	46.9517	28.4644
80.5478	5999.0000	-0.2330	0.9824	0.0000	210.0800	176.6100	230.4150	1.2209	191.9300	28.6140	4.0000	6000.0000	500.0000	0.0000	5998.0266	0.2610	0.2757	0.0670	0.0652	-1.4292	0.6697	-1.2890	0.3314	-3.4914	166.2977	300.5637	180.4648	28.4644	1.4085	0.9672	46.9517	28.4644
81.1151	6007.0000	-0.2320	0.9818	0.0000	210.0880	176.5300	230.4200	1.2207	191.8900	28.6154	4.0000	6000.0000	500.0000	0.0000	5999.4155	0.2402	0.2709	0.0650	0.0669	-1.1562	0.5243	-1.3865	0.4399	-12.3480	181.0265	300.5809	181.5028	28.4644	1.5479	0.9686	46.9517	28.4644
81.2793	6007.0000	-0.2320	0.9818	0.0000	210.0880	176.5300	230.4200	1.2207	191.8900	28.6154	4.0000	6000.0000	500.0000	0.0000	5999.4155	0.2402	0.2709	0.0650	0.0669	-1.1562	0.5243	-1.3865	0.4399	-12.3480	181.0265	300.5809	181.5028	28.4644	1.5479	0.9686	46.9517	28.4644
81.7210	6003.0000	-0.2310	0.9814	0.0000	210.1170	176.2400	230.4230	1.2183	191.5800	28.6210	4.0000	6000.0000	500.0000	0.0000	6004.5754	0.2833	0.2533	0.0685	0.0659	-1.1889	0.7358	-1.2717	0.4148	-6.8899	162.7640	300.5861	181.0315	28.4644	1.3630	0.9678	47.0137	28.4644
82.0176	6003.0000	-0.2310	0.9814	0.0000	210.1170	176.2400	230.4230	1.2183	191.5800	28.6210	4.0000	6000.0000	500.0000	0.0000	6004.5754	0.2833	0.2533	0.0685	0.0659	-1.1889	0.7358	-1.2717	0.4148	-6.8899	162.7640	300.5861	181.0315	28.4644	1.3630	0.9678	47.0137	28.4644
82.3419	6003.0000	-0.2310	0.9814	0.0000	210.1170	176.2400	230.4230	1.2183	191.5800	28.6210	4.0000	6000.0000	500.0000	0.0000	6000.0788	0.2596	0.2608	0.0657	0.0657	-1.4019	0.6353	-1.2598	0.3195	8.8190	171.4787	300.6402	180.8065	28.4644	1.5504	0.9673	47.0773	28.4644
82.7512	6002.0000	-0.2320	0.9822	0.0000	210.0170	176.0300	230.4290	1.2179	191.4000	28.6879	4.0000	6000.0000	500.0000	0.0000	6003.2821	0.2822	0.2575	0.0645	0.0653	-1.3234	0.7326	-1.4162	0.4994	-3.5818	170.0054	300.6603	183.1182	28.4644	1.2897	1.0018	47.0773	28.4644
82.9634	6002.0000	-0.2320	0.9822	0.0000	210.0170	176.0300	230.4290	1.2179	191.4000	28.6879	4.0000	6000.0000	500.0000	0.0000	6003.2821	0.2822	0.2575	0.0645	0.0653	-1.3234	0.7326	-1.4162	0.4994	-3.5818	170.0054	300.6603	183.1182	28.4644	1.2897	1.0018	47.0773	28.4644
83.4779	6007.0000	-0.2300	0.9826	0.0000	210.0990	176.4300	230.4350	1.2204	191.7700	28.6891	4.0000	6000.0000	500.0000	0.0000	6005.7073	0.2706	0.2491	0.0647	0.0673	-1.1056	0.7096	-1.5200	0.4021	-7.1876	174.3016	300.7133	179.5818	28.4644	1.4205	0.9716	47.1367	28.4644
83.5852	6007.0000	-0.2300	0.9826	0.0000	210.0990	176.4300	230.4350	1.2204	191.7700	28.6891	4.0000	6000.0000	500.0000	0.0000	6005.7073	0.2706	0.2491	0.0647	0.0673	-1.1056	0.7096	-1.5200	0.4021	-7.1876	174.3016	300.7133	179.5818	28.4644	1.4205	0.9716	47.1367	28.4644
84.2066	5997.0000	-0.2310	0.9818	0.0000	210.0920	176.6300	230.4460	1.2209	191.9500	28.6965	4.0000	6000.0000	500.0000	0.0000	6000.4326	0.2830	0.2670	0.0679	0.0679	-1.0682	0.6695	-1.2417	0.4053	-3.1737	164.5840	300.6648	180.7393	28.4644	1.3320	0.9716	47.1367	28.4644
84.2178	5997.0000	-0.2310	0.9818	0.0000	210.0920	176.6300	230.4460	1.2209	191.9500	28.6965	4.0000	6000.0000	500.0000	0.0000	6000.4326	0.2830	0.2670	0.0679	0.0679	-1.0682	0.6695	-1.2417	0.4053	-3.1737	164.5840	300.6648	180.7393	28.4644	1.3320	0.9716	47.1367	28.4644
84.8274	5992.0000	-0.2300	0.9810	0.0000	210.1670	176.5900	230.4530	1.2203	191.8300	28.7362	4.0000	6000.0000	500.0000	0.0000	6000.6576	0.2604	0.2664	0.0662	0.0674	-1.2918	0.6396	-1.4027	0.4527	1.9017	167.0929	300.6728	179.1172	28.4644	1.5349	0.9681	47.1970	28.4644
84.9506	5992.0000	-0.2300	0.9810	0.0000	210.1670	176.5900	230.4530	1.2203	191.8300	28.7362	4.0000	6000.0000	500.0000	0.0000	6000.6576	0.2604	0.2664	0.0662	0.0674	-1.2918	0.6396	-1.4027	0.4527	1.9017	167.0929	300.6728	179.1172	28.4644	1.5349	0.9681	47.1970	28.4644
85.4339	6013.0000	-0.2310	0.9811	0.0000	210.1390	176.5300	230.4680	1.2201	191.7800	28.7536	4.0000	6000.0000	500.0000	0.0000	6000.3189	0.2652	0.2675	0.0650	0.0658	-1.2391	0.6615	-1.3612	0.3735	-8.3407	163.6283	300.6876	182.5408	28.4644	1.4201	0.9689	47.2587	28.4644
85.6947	6013.0000	-0.2310	0.9811	0.0000	210.1390	176.5300	230.4680	1.2201	191.7800	28.7536	4.0000	6000.0000	500.0000	0.0000	6000.3189	0.2652	0.2675	0.0650	0.0658	-1.2391	0.6615	-1.3612	0.3735	-8.3407	163.6283	300.6876	182.5408	28.4644	1.4201	0.9689	47.2587	28.4644
86.0390	6013.0000	-0.2310	0.9811	0.0000	210.1390	176.5300	230.4680	1.2201	191.7800	28.7536	4.0000	6000.0000	500.0000	0.0000	6007.1079	0.2893	0.2445	0.0673	0.0667	-1.1428	0.7577	-1.3234	0.5486	-0.2401	168.1199	300.7294	178.7302	28.4644	1.2785	0.9978	47.2587	28.4644
86.4342	6004.0000	-0.2310	0.9815	0.0000	210.1140	176.5500	230.4760	1.2203	191.8600	28.7746	5.0000	6000.0000	500.0000	0.0000	6000.5526	0.2421	0.2667	0.0691	0.0678	-1.1177	0.5414	-1.1850	0.5063	-2.3758	162.6652	300.7792	179.1069	28.7536	1.3464	0.9694	47.3163	28.7536
86.6767	6004.0000	-0.2310	0.9815	0.0000	210.1140	176.5500	230.4760	1.2203	191.8600	28.7746	5.0000	6000.0000	500.0000	0.0000	6000.5526	0.2421	0.2667	0.0691	0.0678	-1.1177	0.5414	-1.1850	0.5063	-2.3758	162.6652	300.7792	179.1069	28.7536	1.3464	0.9694	47.3163	28.7536
87.2983	5997.0000	-0.2310	0.9801	0.0000	210.1970	176.2500	230.4950	1.2179	191.5500	28.8166	5.0000	6000.0000	500.0000	0.0000	6001.3459	0.2911	0.2639	0.0662	0.0672	-1.1822	0.7354	-1.4191	0.4507	-11.9466	169.0780	300.8496	180.2731	28.7536	1.4109	0.9678	47.3748	28.7536
87.3040	5997.0000	-0.2310	0.9801	0.0000	210.1970	176.2500	230.4950	1.2179	191.5500	28.8166	5.0000	6000.0000	500.0000	0.0000	6001.3459	0.2911	0.2639	0.0662	0.0672	-1.1822	0.7354	-1.4191	0.4507	-11.9466	169.0780	300.8496	180.2731	28.7536	1.4109	0.9678	47.3748	28.7536
87.9198	6000.0000	-0.2310	0.9804	0.0000	210.2120	176.4200	230.5050	1.2191	191.6600	28.8461	5.0000	6000.0000	500.0000	0.0000	5998.2720	0.2627	0.2744	0.0661	0.0669	-1.1969	0.6583	-1.3448	0.4221	0.7934	164.5228	300.8366	180.8051	28.7536	1.4650	0.9680	47.3748	28.7536
88.0481	6000.0000	-0.2310	0.9804	0.0000	210.2120	176.4200	230.5050	1.2191	191.6600	28.8461	5.0000	6000.0000	500.0000	0.0000	5998.2720	0.2627	0.2744	0.0661	0.0669	-1.1969	0.6583	-1.3448	0.4221	0.7934	164.5228	300.8366	180.8051	28.7536	1.4650	0.9680	47.3748	28.7536
88.5410	5994.0000	-0.2300	0.9788	0.0000	210.2410	175.8400	230.5290	1.2156	191.0600	28.8749	5.0000	6000.0000	500.0000	0.0000	6002.4609	0.3010	0.2601	0.0686	0.0660	-1.2503	0.7988	-1.3029	0.3949	5.0720	166.8083	300.8472	180.5985	28.7536	1.3917	0.9677	47.4343	28.7536
88.7954	5994.0000	-0.2300	0.9788	0.0000	210.2410	175.8400	230.5290	1.2156	191.0600	28.8749	5.0000	6000.0000	500.0000	0.0000	6002.4609	0.3010	0.2601	0.0686	0.0660	-1.2503	0.7988	-1.3029	0.3949	5.0720	166.8083	300.8472	180.5985	28.7536	1.3917	0.9677	47.4343	28.7536
89.1627	5990.0000	-0.2300	0.9786	0.0000	210.2730	175.8000	230.5410	1.2154	190.9600	28.8995	5.0000	6000.0000	500.0000	0.0000	6006.9966	0.2769	0.2446	0.0661	0.0652	-1.3420	0.7228	-1.4106	0.4048	-10.0476	163.8625	300.8561	180.6126	28.7536	1.2796	0.9927	47.4343	28.7536
89.5262	5990.0000	-0.2300	0.9786	0.0000	210.2730	175.8000	230.5410	1.2154	190.9600	28.8995	5.0000	6000.0000	500.0000	0.0000	5998.5010	0.2431	0.2733	0.0653	0.0673	-1.3252	0.5021	-1.3181	0.3891	-3.6286	181.8951	300.9121	182.5013	28.7536	1.3786	0.9699	47.4902	28.7536
89.7835	5990.0000	-0.2300	0.9786	0.0000	210.2730	175.8000	230.5410	1.2154	190.9600	28.8995	5.0000	6000.0000	500.0000	0.0000	5998.5010	0.2431	0.2733	0.0653	0.0673	-1.3252	0.5021	-1.3181	0.3891	-3.6286	181.8951	300.9121	182.5013	28.7536	1.3786	0.9699	47.4902	28.7536
90.2681	5993.0000	-0.2300	0.9801	0.0000	210.2200	175.9800	230.5650	1.2171	191.2700	28.8851	5.0000	6000.0000	500.0000	0.0000	6007.8825	0.2748	0.2412	0.0665	0.0683	-1.0876	0.6682	-1.2814	0.3987	-5.0899	162.8047	300.9479	180.6721	28.7536	1.2902	0.9701	47.5467	28.7536
90.4051	5993.0000	-0.2300	0.9801	0.0000	210.2200	175.9800	230.5650	1.2171	191.2700	28.8851	5.0000	6000.0000	500.0000	0.0000	6007.8825	0.2748	0.2412	0.0665	0.0683	-1.0876	0.6682	-1.2814	0.3987	-5.0899	162.8047	300.9479	180.6721	28.7536	1.2902	0.9701	47.5467	28.7536
91.0004	5999.0000	-0.2290	0.9789	0.0000	210.2690	175.9000	230.5760	1.2165	191.1400	28.9309	5.0000	6000.0000	500.0000	0.0000	5993.0107	0.2836	0.2916	0.0674	0.0681	-1.0801	0.6872	-1.3402	0.4425	-4.2616	166.8770	300.9710	179.3836	28.7536	1.5536	0.9667	47.5467	28.7536
91.0271	5999.0000	-0.2290	0.9789	0.0000	210.2690	175.9000	230.5760	1.2165	191.1400	28.9309	5.0000	6000.0000	500.0000	0.0000	5993.0107	0.2836	0.2916	0.0674	0.0681	-1.0801	0.6872	-1.3402	0.4425	-4.2616	166.8770	300.9710	179.3836	28.7536	1.5536	0.9667	47.5467	28.7536
91.6477	6006.0000	-0.2310	0.9777	0.0000	210.3390	175.6000	230.6010	1.2141	190.7300	28.9283	5.0000	6000.0000	500.0000	0.0000	5995.3216	0.2559	0.2835	0.0657	0.0667	-1.3022	0.6387	-1.3786	0.4197	3.7705	160.0641	300.9980	178.6194	28.7536	1.5267	0.9661	47.6047	28.7536
91.7320	6006.0000	-0.2310	0.9777	0.0000	210.3390	175.6000	230.6010	1.2141	190.7300	28.9283	5.0000	6000.0000	500.0000	0.0000	5995.3216	0.2559	0.2835	0.0657	0.0667	-1.3022	0.6387	-1.3786	0.4197	3.7705	160.0641	300.9980	178.6194	28.7536	1.5267	0.9661	47.6047	28.7536
92.2700	6012.0000	-0.2310	0.9766	0.0000	210.4060	175.5200	230.6120	1.2130	190.5700	28.9831	5.0000	6000.0000	500.0000	0.0000	5995.7576	0.2524	0.2820	0.0652	0.0662	-1.3486	0.6150	-1.4291	0.5678	5.7318	167.2664	301.0233	180.1814	28.7536	1.4723	0.9797	47.6586	28.7536
92.4712	6012.0000	-0.2310	0.9766	0.0000	210.4060	175.5200	230.6120	1.2130	190.5700	28.9831	5.0000	6000.0000	500.0000	0.0000	5995.7576	0.2524	0.2820	0.0652	0.0662	-1.3486	0.6150	-1.4291	0.5678	5.7318	167.2664	301.0233	180.1814	28.7536	1.4723	0.9797	47.6586	28.7536
92.8755	5996.0000	-0.2290	0.9769	0.0000	210.3870	175.7200	230.6340	1.2144	190.8500	28.9868	5.0000	6000.0000	500.0000	0.0000	5997.3837	0.2620	0.2765	0.0660	0.0681	-1.1728	0.6111	-1.2934	0.4486	-8.5112	167.5597	301.0800	182.2349	28.7536	1.4593	0.9645	47.6586	28.7536
93.2069	5996.0000	-0.2290	0.9769	0.0000	210.3870	175.7200	230.6340	1.2144	190.8500	28.9868	5.0000	6000.0000	500.0000	0.0000	5999.2127	0.2741	0.2702	0.0660	0.0679	-1.1912	0.6268	-1.4365	0.4977	-2.5496	163.2883	301.0247	179.6948	28.7536	1.3720	0.9653	47.7133	28.7536
93.4967	5996.0000	-0.2290	0.9769	0.0000	210.3870	175.7200	230.6340	1.2144	190.8500	28.9868	5.0000	6000.0000	500.0000	0.0000	5999.2127	0.2741	0.2702	0.0660	0.0679	-1.1912	0.6268	-1.4365	0.4977	-2.5496	163.2883	301.0247	179.6948	28.7536	1.3720	0.9653	47.7133	28.7536
93.9411	5993.0000	-0.2300	0.9762	0.0000	210.4340	175.7200	230.6450	1.2139	190.7900	29.0026	5.0000	6000.0000	500.0000	0.0000	6003.3118	0.2585	0.2563	0.0672	0.0668	-1.2752	0.6012	-1.2470	0.5220	-14.3732	170.3075	301.0735	178.5344	28.7536	1.3400	0.9647	47.7133	28.7536
94.1182	5993.0000	-0.2300	0.9762	0.0000	210.4340	175.7200	230.6450	1.2139	190.7900	29.0026	5.0000	6000.0000	500.0000	0.0000	6003.3118	0.2585	0.2563	0.0672	0.0668	-1.2752	0.6012	-1.2470	0.5220	-14.3732	170.3075	301.0735	178.5344	28.7536	1.3400	0.9647	47.7133	28.7536
94.6857	6002.0000	-0.2300	0.9763	0.0000	210.4120	175.6200	230.6640	1.2132	190.7100	29.0256	6.0000	6000.0000	500.0000	0.0000	5999.9057	0.2458	0.2678	0.0661	0.0665	-1.3555	0.5656	-1.3273	0.4918	-7.8355	171.7419	301.1398	178.5048	28.7536	1.4162	0.9724	47.7693	28.7536
94.7395	6002.0000	-0.2300	0.9763	0.0000	210.4120	175.6200	230.6640	1.2132	190.7100	29.0256	6.0000	6000.0000	500.0000	0.0000	5999.9057	0.2458	0.2678	0.0661	0.0665	-1.3555	0.5656	-1.3273	0.4918	-7.8355	171.7419	301.1398	178.5048	28.7536	1.4162	0.9724	47.7693	28.7536
95.3610	6008.0000	-0.2290	0.9758	0.0000	210.4370	175.5200	230.6740	1.2129	190.5800	29.0592	NOT CONNECTED	6000.0000	500.0000	0.0000	5997.8582	0.2666	0.2748	0.0660	0.0656	-1.3380	0.6448	-1.3950	0.3585	-0.6833	170.5837	301.1790	179.2680	28.7536	1.4746	0.9694	47.8215	28.7536
95.4227	6008.0000	-0.2290	0.9758	0.0000	210.4370	175.5200	230.6740	1.2129	190.5800	29.0592	NOT CONNECTED	6000.0000	500.0000	0.0000	5997.8582	0.2666	0.2748	0.0660	0.0656	-1.3380	0.6448	-1.3950	0.3585	-0.6833	170.5837	301.1790	179.2680	28.7536	1.4746	0.9694	47.8215	28.7536
96.4445	6050.0000	-0.0650	0.9763	0.0000	210.3930	175.5400	230.6930	1.2136	190.7500	29.1026	NOT CONNECTED	0.0000	500.0000	0.0000	6034.9788	0.1271	0.1463	0.0672	0.0678	-1.1476	0.3391	-1.2301	0.2668	3.1279	172.1758	306.1362	103.4127	28.7536	1.1215	0.9541	47.8749	28.7536
96.5082	6050.0000	-0.0650	0.9763	0.0000	210.3930	175.5400	230.6930	1.2136	190.7500	29.1026	NOT CONNECTED	0.0000	500.0000	0.0000	6034.9788	0.1271	0.1463	0.0672	0.0678	-1.1476	0.3391	-1.2301	0.2668	3.1279	172.1758	306.1362	103.4127	28.7536	1.1215	0.9541	47.8749	28.7536
97.1304	6039.0000	-0.0570	0.8126	0.0000	216.9300	66.5200	230.7670	0.5413	77.1300	29.1059	NOT CONNECTED	0.0000	500.0000	0.0000	6039.5798	0.0895	0.0859	0.0680	0.0687	-1.0651	0.1302	-1.1131	0.2429	-6.8329	168.2907	309.1461	70.0511	28.7536	1.2412	0.7993	47.8749	28.7536
97.1827	6039.0000	-0.0570	0.8126	0.0000	216.9300	66.5200	230.7670	0.5413	77.1300	29.1059	NOT CONNECTED	0.0000	500.0000	0.0000	6039.5798	0.0895	0.0859	0.0680	0.0687	-1.0651	0.1302	-1.1131	0.2429	-6.8329	168.2907	309.1461	70.0511	28.7536	1.2412	0.7993	47.8749	28.7536
97.7671	6035.0000	-0.0590	0.8102	0.0000	216.8570	66.9500	230.7680	0.5434	77.5100	29.1143	NOT CONNECTED	0.0000	500.0000	0.0000	6023.4706	0.0637	0.1053	0.0686	0.0687	-1.1505	0.1097	-1.1574	0.1124	-8.2279	166.2990	309.0636	69.5017	28.7536	1.1568	0.8158	47.9301	28.7536
97.9165	6035.0000	-0.0590	0.8102	0.0000	216.8570	66.9500	230.7680	0.5434	77.5100	29.1143	NOT CONNECTED	0.0000	500.0000	0.0000	6023.4706	0.0637	0.1053	0.0686	0.0687	-1.1505	0.1097	-1.1574	0.1124	-8.2279	166.2990	309.0636	69.5017	28.7536	1.1568	0.8158	47.9301	28.7536
98.3888	6025.0000	-0.0570	0.8064	0.0000	216.7860	67.4700	230.7890	0.5466	78.0300	29.1830	NOT CONNECTED	0.0000	500.0000	0.0000	6022.1796	0.1014	0.0854	0.0677	0.0687	-1.1663	0.1974	-1.2184	0.1954	-12.0834	162.7349	309.0487	70.5020	28.7536	1.2097	0.7926	47.9668	28.7536
98.6725	6025.0000	-0.0570	0.8064	0.0000	216.7860	67.4700	230.7890	0.5466	78.0300	29.1830	NOT CONNECTED	0.0000	500.0000	0.0000	6022.1796	0.1014	0.0854	0.0677	0.0687	-1.1663	0.1974	-1.2184	0.1954	-12.0834	162.7349	309.0487	70.5020	28.7536	1.2097	0.7926	47.9668	28.7536
99.0098	6025.0000	-0.0570	0.8064	0.0000	216.7860	67.4700	230.7890	0.5466	78.0300	29.1830	NOT CONNECTED	0.0000	500.0000	0.0000	6010.8760	0.1015	0.1067	0.0682	0.0687	-1.2059	0.2367	-1.1747	0.1433	-10.4777	172.5956	308.9825	70.1921	28.7536	1.1630	0.7899	47.9668	28.7536
99.4047	6010.0000	-0.0580	0.8052	0.0000	216.7810	67.5100	230.7990	0.5472	78.1400	29.1876	NOT CONNECTED	0.0000	500.0000	0.0000	6010.5921	0.0938	0.0953	0.0694	0.0684	-1.3038	0.2201	-1.0775	0.0939	12.6917	174.3826	308.9607	68.8033	28.7536	1.0852	0.7892	48.0033	28.7536
99.6320	6010.0000	-0.0580	0.8052	0.0000	216.7810	67.5100	230.7990	0.5472	78.1400	29.1876	NOT CONNECTED	0.0000	500.0000	0.0000	6010.5921	0.0938	0.0953	0.0694	0.0684	-1.3038	0.2201	-1.0775	0.0939	12.6917	174.3826	308.9607	68.8033	28.7536	1.0852	0.7892	48.0033	28.7536
100.1811	5997.0000	-0.0600	0.8040	0.0000	216.7290	67.9500	230.8170	0.5494	78.5100	29.1581	NOT CONNECTED	0.0000	500.0000	0.0000	6011.6471	0.0688	0.0830	0.0695	0.0688	-1.1411	0.1422	-1.0937	0.1612	-9.9669	172.4152	308.9066	72.6172	28.7536	0.9953	0.7862	48.0405	28.7536
100.2536	5997.0000	-0.0600	0.8040	0.0000	216.7290	67.9500	230.8170	0.5494	78.5100	29.1581	NOT CONNECTED	0.0000	500.0000	0.0000	6011.6471	0.0688	0.0830	0.0695	0.0688	-1.1411	0.1422	-1.0937	0.1612	-9.9669	172.4152	308.9066	72.6172	28.7536	0.9953	0.7862	48.0405	28.7536
100.8746	5909.0000	-0.0060	0.8030	0.0000	216.7650	67.9700	230.8230	0.5493	78.4900	29.2333	NOT CONNECTED	0.0000	500.0000	0.0000	6002.0669	0.0468	0.1058	0.0694	0.0702	-1.1245	0.1305	-1.0668	-0.0030	-15.3191	164.7521	309.1029	49.5338	28.7536	1.1746	0.8192	48.0405	28.7536
100.9208	5909.0000	-0.0060	0.8030	0.0000	216.7650	67.9700	230.8230	0.5493	78.4900	29.2333	NOT CONNECTED	0.0000	500.0000	0.0000	6002.0669	0.0468	0.1058	0.0694	0.0702	-1.1245	0.1305	-1.0668	-0.0030	-15.3191	164.7521	309.1029	49.5338	28.7536	1.1746	0.8192	48.0405	28.7536
101.4965	5610.0000	0.0030	1.4006	0.0000	157.0860	19.6700	230.8570	0.2727	35.6300	29.1978	NOT CONNECTED	0.0000	500.0000	0.0000	5754.5714	0.0078	-0.0000	0.0522	0.0521	-2.2605	0.0205	-2.0189	-0.0190	-6.9570	123.5809	313.6531	21.2831	28.7536	2.3047	1.3710	48.0721	28.7536
101.6742	5610.0000	0.0030	1.4006	0.0000	157.0860	19.6700	230.8570	0.2727	35.6300	29.1978	NOT CONNECTED	0.0000	500.0000	0.0000	5754.5714	0.0078	-0.0000	0.0522	0.0521	-2.2605	0.0205	-2.0189	-0.0190	-6.9570	123.5809	313.6531	21.2831	28.7536	2.3047	1.3710	48.0721	28.7536
102.1184	5312.0000	0.0040	1.3890	0.0000	151.3110	19.0500	230.8620	0.2694	35.1700	29.2435	NOT CONNECTED	0.0000	500.0000	0.0000	5524.3526	-0.0012	-0.0000	0.0522	0.0521	-2.0347	-0.0110	-2.0132	-0.0236	-7.7583	114.5071	313.6815	21.1364	28.7536	1.9798	1.3858	48.0721	28.7536
102.4148	5312.0000	0.0040	1.3890	0.0000	151.3110	19.0500	230.8620	0.2694	35.1700	29.2435	NOT CONNECTED	0.0000	500.0000	0.0000	5524.3526	-0.0012	-0.0000	0.0522	0.0521	-2.0347	-0.0110	-2.0132	-0.0236	-7.7583	114.5071	313.6815	21.1364	28.7536	1.9798	1.3858	48.0721	28.7536
102.7231	5312.0000	0.0040	1.3890	0.0000	151.3110	19.0500	230.8620	0.2694	35.1700	29.2435	NOT CONNECTED	0.0000	500.0000	0.0000	5275.7608	0.0014	-0.0000	0.0522	0.0521	-1.9643	-0.0253	-1.9448	-0.0380	-9.8846	121.5839	313.6382	20.8527	28.7536	2.0208	1.3866	48.1229	28.7536
103.1809	5024.0000	0.0060	1.3899	0.0000	140.5640	18.8600	230.8760	0.2682	35.0300	29.2839	NOT CONNECTED	0.0000	500.0000	0.0000	5048.9528	0.0042	-0.0000	0.0521	0.0521	-1.9190	-0.0043	-2.0122	0.0518	-8.2703	108.6856	313.6504	20.9269	28.7536	2.0529	1.3895	48.2112	28.7536
103.3288	5024.0000	0.0060	1.3899	0.0000	140.5640	18.8600	230.8760	0.2682	35.0300	29.2839	NOT CONNECTED	0.0000	500.0000	0.0000	5048.9528	0.0042	-0.0000	0.0521	0.0521	-1.9190	-0.0043	-2.0122	0.0518	-8.2703	108.6856	313.6504	20.9269	28.7536	2.0529	1.3895	48.2112	28.7536
103.9233	4742.0000	0.0030	1.3902	0.0000	135.4090	18.7700	230.8820	0.2682	35.0100	29.2853	NOT CONNECTED	0.0000	500.0000	0.0000	4824.9540	0.0082	-0.0000	0.0523	0.0521	-2.0447	0.0373	-1.9575	0.0296	-5.2400	105.1119	313.6977	20.8213	28.7536	1.9815	1.4086	48.2112	28.7536
103.9504	4742.0000	0.0030	1.3902	0.0000	135.4090	18.7700	230.8820	0.2682	35.0100	29.2853	NOT CONNECTED	0.0000	500.0000	0.0000	4824.9540	0.0082	-0.0000	0.0523	0.0521	-2.0447	0.0373	-1.9575	0.0296	-5.2400	105.1119	313.6977	20.8213	28.7536	1.9815	1.4086	48.2112	28.7536
104.5724	4468.0000	0.0010	1.3911	0.0000	125.1930	18.5200	230.8910	0.2662	34.7500	29.3530	NOT CONNECTED	0.0000	500.0000	0.0000	4593.7686	0.0085	-0.0000	0.0521	0.0521	-2.0071	0.0409	-2.0363	0.0020	-6.5867	101.0664	313.7451	20.7596	28.7536	1.9451	1.3922	48.2892	28.7536
104.6750	4468.0000	0.0010	1.3911	0.0000	125.1930	18.5200	230.8910	0.2662	34.7500	29.3530	NOT CONNECTED	0.0000	500.0000	0.0000	4593.7686	0.0085	-0.0000	0.0521	0.0521	-2.0071	0.0409	-2.0363	0.0020	-6.5867	101.0664	313.7451	20.7596	28.7536	1.9451	1.3922	48.2892	28.7536
105.1934	4191.0000	0.0010	1.3925	0.0000	120.1740	18.4200	230.8950	0.2659	34.7300	29.3593	NOT CONNECTED	0.0000	500.0000	0.0000	4358.6136	-0.0047	-0.0000	0.0522	0.0521	-1.8946	-0.0230	-1.9346	-0.0020	-6.1249	97.3866	313.7383	21.0088	28.7536	2.0443	1.3948	48.2892	28.7536
105.4229	4191.0000	0.0010	1.3925	0.0000	120.1740	18.4200	230.8950	0.2659	34.7300	29.3593	NOT CONNECTED	0.0000	500.0000	0.0000	4358.6136	-0.0047	-0.0000	0.0522	0.0521	-1.8946	-0.0230	-1.9346	-0.0020	-6.1249	97.3866	313.7383	21.0088	28.7536	2.0443	1.3948	48.2892	28.7536
105.8152	3931.0000	0.0040	1.3925	0.0000	110.3720	18.1600	230.9020	0.2641	34.4400	29.4256	NOT CONNECTED	0.0000	500.0000	0.0000	4148.0270	-0.0050	-0.0000	0.0520	0.0521	-2.0833	-0.0521	-2.0634	0.0203	-8.4247	88.1895	313.7369	21.2108	28.7536	2.0319	1.3982	48.3622	28.7536
106.1809	3931.0000	0.0040	1.3925	0.0000	110.3720	18.1600	230.9020	0.2641	34.4400	29.4256	NOT CONNECTED	0.0000	500.0000	0.0000	3923.1423	0.0052	-0.0000	0.0522	0.0521	-2.0061	0.0332	-2.0099	-0.0144	-5.2187	86.9647	313.7572	20.7639	28.7536	2.0126	1.3965	48.4307	28.7536
106.4360	3931.0000	0.0040	1.3925	0.0000	110.3720	18.1600	230.9020	0.2641	34.4400	29.4256	NOT CONNECTED	0.0000	500.0000	0.0000	3923.1423	0.0052	-0.0000	0.0522	0.0521	-2.0061	0.0332	-2.0099	-0.0144	-5.2187	86.9647	313.7572	20.7639	28.7536	2.0126	1.3965	48.4307	28.7536
106.9285	3656.0000	0.0070	1.3923	0.0000	105.5640	17.9200	230.9040	0.2620	34.1700	29.4294	NOT CONNECTED	0.0000	500.0000	0.0000	3699.6093	-0.0047	-0.0000	0.0520	0.0521	-2.0621	-0.0080	-1.9923	0.0123	-7.3652	82.9112	313.7721	20.8367	28.7536	2.0638	1.4079	48.4307	28.7536
107.0571	3656.0000	0.0070	1.3923	0.0000	105.5640	17.9200	230.9040	0.2620	34.1700	29.4294	NOT CONNECTED	0.0000	500.0000	0.0000	3699.6093	-0.0047	-0.0000	0.0520	0.0521	-2.0621	-0.0080	-1.9923	0.0123	-7.3652	82.9112	313.7721	20.8367	28.7536	2.0638	1.4079	48.4307	28.7536
107.6738	3406.0000	0.0010	1.3931	0.0000	95.8160	17.8900	230.9080	0.2614	34.0900	29.4992	NOT CONNECTED	0.0000	500.0000	0.0000	3484.1950	0.0027	-0.0000	0.0520	0.0521	-2.0509	0.0392	-1.9842	0.0299	-7.2738	83.2558	313.8141	20.8001	28.7536	2.0294	1.3989	48.4913	28.7536
107.6794	3406.0000	0.0010	1.3931	0.0000	95.8160	17.8900	230.9080	0.2614	34.0900	29.4992	NOT CONNECTED	0.0000	500.0000	0.0000	3484.1950	0.0027	-0.0000	0.0520	0.0521	-2.0509	0.0392	-1.9842	0.0299	-7.2738	83.2558	313.8141	20.8001	28.7536	2.0294	1.3989	48.4913	28.7536
108.3007	3164.0000	0.0040	1.3938	0.0000	91.3060	17.8600	230.9090	0.2602	33.9300	29.5456	NOT CONNECTED	0.0000	500.0000	0.0000	3277.3388	-0.0008	-0.0000	0.0523	0.0521	-1.9753	0.0313	-2.0201	0.0285	-7.8823	68.6515	313.8398	20.8837	28.7536	1.9990	1.4006	48.5473	28.7536
108.4062	3164.0000	0.0040	1.3938	0.0000	91.3060	17.8600	230.9090	0.2602	33.9300	29.5456	NOT CONNECTED	0.0000	500.0000	0.0000	3277.3388	-0.0008	-0.0000	0.0523	0.0521	-1.9753	0.0313	-2.0201	0.0285	-7.8823	68.6515	313.8398	20.8837	28.7536	1.9990	1.4006	48.5473	28.7536
108.9065	2928.0000	0.0030	1.3941	0.0000	82.7000	17.6000	230.9100	0.2576	33.6100	29.5873	NOT CONNECTED	0.0000	500.0000	0.0000	3085.1432	0.0109	-0.0000	0.0523	0.0521	-1.9972	0.0540	-2.0068	0.0199	-7.1601	62.3927	313.7991	20.7246	28.7536	1.9590	1.4015	48.5473	28.7536
109.1827	2928.0000	0.0030	1.3941	0.0000	82.7000	17.6000	230.9100	0.2576	33.6100	29.5873	NOT CONNECTED	0.0000	500.0000	0.0000	3085.1432	0.0109	-0.0000	0.0523	0.0521	-1.9972	0.0540	-2.0068	0.0199	-7.1601	62.3927	313.7991	20.7246	28.7536	1.9590	1.4015	48.5473	28.7536
109.5280	2928.0000	0.0030	1.3941	0.0000	82.7000	17.6000	230.9100	0.2576	33.6100	29.5873	NOT CONNECTED	0.0000	500.0000	0.0000	2891.9611	0.0196	-0.0000	0.0523	0.0521	-2.0342	0.0861	-2.0702	0.0150	-8.1273	68.5921	313.8072	20.6386	28.7536	2.0120	1.4030	48.5997	28.7536
109.9204	2693.0000	0.0020	1.3943	0.0000	78.5310	17.5500	230.9110	0.2566	33.4400	29.5922	NOT CONNECTED	0.0000	500.0000	0.0000	2701.0734	-0.0123	-0.0000	0.0520	0.0521	-2.0516	-0.0736	-2.0239	0.0455	-7.8207	62.8871	313.8302	20.8307	28.7536	2.0167	1.4073	48.5997	28.7536
110.1491	2693.0000	0.0020	1.3943	0.0000	78.5310	17.5500	230.9110	0.2566	33.4400	29.5922	NOT CONNECTED	0.0000	500.0000	0.0000	2701.0734	-0.0123	-0.0000	0.0520	0.0521	-2.0516	-0.0736	-2.0239	0.0455	-7.8207	62.8871	313.8302	20.8307	28.7536	2.0167	1.4073	48.5997	28.7536
110.6732	2471.0000	0.0030	1.3943	0.0000	70.1690	17.4700	230.9080	0.2550	33.2600	29.6232	NOT CONNECTED	0.0000	500.0000	0.0000	2509.2616	-0.0076	-0.0000	0.0521	0.0521	-1.9884	-0.0089	-1.9412	0.0285	-7.7636	49.6455	313.8654	20.7495	28.7536	2.0221	1.4037	48.6460	28.7536
110.7711	2471.0000	0.0030	1.3943	0.0000	70.1690	17.4700	230.9080	0.2550	33.2600	29.6232	NOT CONNECTED	0.0000	500.0000	0.0000	2509.2616	-0.0076	-0.0000	0.0521	0.0521	-1.9884	-0.0089	-1.9412	0.0285	-7.7636	49.6455	313.8654	20.7495	28.7536	2.0221	1.4037	48.6460	28.7536
111.3919	2241.0000	0.0030	1.3945	0.0000	65.9370	17.4300	230.9060	0.2543	33.1200	29.7234	NOT CONNECTED	0.0000	500.0000	0.0000	2319.3848	-0.0102	-0.0000	0.0521	0.0521	-1.9407	-0.0740	-1.9678	-0.0315	-6.6625	49.1946	313.8735	20.8110	28.7536	1.9598	1.4049	48.6887	28.7536
111.4168	2241.0000	0.0030	1.3945	0.0000	65.9370	17.4300	230.9060	0.2543	33.1200	29.7234	NOT CONNECTED	0.0000	500.0000	0.0000	2319.3848	-0.0102	-0.0000	0.0521	0.0521	-1.9407	-0.0740	-1.9678	-0.0315	-6.6625	49.1946	313.8735	20.8110	28.7536	1.9598	1.4049	48.6887	28.7536
112.0138	2024.0000	0.0030	1.3947	0.0000	57.7120	17.3300	230.8980	0.2524	32.9000	29.7501	NOT CONNECTED	0.0000	500.0000	0.0000	2135.0093	0.0054	-0.0000	0.0521	0.0521	-2.0589	0.0298	-1.9752	0.0113	-7.1755	50.1161	313.8275	20.6504	28.7536	2.0223	1.4051	48.6887	28.7536
112.1802	2024.0000	0.0030	1.3947	0.0000	57.7120	17.3300	230.8980	0.2524	32.9000	29.7501	NOT CONNECTED	0.0000	500.0000	0.0000	2135.0093	0.0054	-0.0000	0.0521	0.0521	-2.0589	0.0298	-1.9752	0.0113	-7.1755	50.1161	313.8275	20.6504	28.7536	2.0223	1.4051	48.6887	28.7536
112.6349	1544.0000	0.0950	1.3930	0.0000	52.7050	4.1700	230.9010	0.1849	22.0600	29.7918	NOT CONNECTED	0.0000	500.0000	0.0000	1953.9112	-0.0093	-0.0000	0.0522	0.0521	-1.9533	-0.0482	-2.0323	-0.1535	-6.6765	42.2877	313.8396	20.7994	28.7536	1.9596	1.4060	48.7274	28.7536
112.9249	1544.0000	0.0950	1.3930	0.0000	52.7050	4.1700	230.9010	0.1849	22.0600	29.7918	NOT CONNECTED	0.0000	500.0000	0.0000	1953.9112	-0.0093	-0.0000	0.0522	0.0521	-1.9533	-0.0482	-2.0323	-0.1535	-6.6765	42.2877	313.8396	20.7994	28.7536	1.9596	1.4060	48.7274	28.7536
113.2571	1544.0000	0.0950	1.3930	0.0000	52.7050	4.1700	230.9010	0.1849	22.0600	29.7918	NOT CONNECTED	0.0000	500.0000	0.0000	1470.1457	-0.1061	-0.1273	0.0524	0.0524	-1.9877	-0.3098	-1.9674	-0.2269	-6.7581	30.1990	317.4612	2.0796	28.7536	2.0395	1.4052	48.7590	28.7536
113.6751	783.0000	0.1630	1.3923	0.0000	28.1650	-0.9600	230.8880	0.1164	13.6200	29.8699	NOT CONNECTED	0.0000	500.0000	0.0000	835.0339	-0.1974	-0.2000	0.0528	0.0527	-1.8994	-0.6246	-1.9724	-0.3357	-6.5923	15.6945	317.4288	3.7727	28.7536	2.0346	1.4056	48.7590	28.7536
113.8623	783.0000	0.1630	1.3923	0.0000	28.1650	-0.9600	230.8880	0.1164	13.6200	29.8699	NOT CONNECTED	0.0000	500.0000	0.0000	835.0339	-0.1974	-0.2000	0.0528	0.0527	-1.8994	-0.6246	-1.9724	-0.3357	-6.5923	15.6945	317.4288	3.7727	28.7536	2.0346	1.4056	48.7590	28.7536
114.4120	6.0000	-0.0130	1.3575	0.0000	11.2450	8.1000	230.8730	0.1729	21.5500	29.8958	NOT CONNECTED	0.0000	500.0000	0.0000	0.0000	0.0000	0.0000	0.0917	0.0527	-1.4547	-0.6285	-1.5426	-0.3631	-5.6068	2.5880	320.7209	0.0000	28.7536	1.5847	1.1641	48.7814	28.7536
114.4837	6.0000	-0.0130	1.3575	0.0000	11.2450	8.1000	230.8730	0.1729	21.5500	29.8958	NOT CONNECTED	0.0000	500.0000	0.0000	0.0000	0.0000	0.0000	0.0917	0.0527	-1.4547	-0.6285	-1.5426	-0.3631	-5.6068	2.5880	320.7209	0.0000	28.7536	1.5847	1.1641	48.7814	28.7536
115.1044	0.0000	-0.0100	0.0080	0.0000	0.0000	-0.0200	230.8490	0.0000	1.6600	29.9572	NOT CONNECTED	0.0000	500.0000	0.0000	0.0000	0.0000	0.0000	0.0917	0.0527	-1.4547	-0.6285	-1.5426	-0.3631	-5.6068	2.5880	321.2391	0.0000	28.7536	1.5847	0.0059	48.7814	28.7536
115.6637	0.0000	-0.0100	0.0080	0.0000	0.0000	-0.0200	230.8490	0.0000	1.6600	29.9572	NOT CONNECTED	0.0000	500.0000	0.0000	0.0000	0.0000	0.0000	0.0917	0.0527	-1.4547	-0.6285	-1.5426	-0.3631	-5.6068	2.5880	321.2540	0.0000	28.7536	1.5847	0.0055	48.7918	28.7536
115.7262	0.0000	-0.0100	0.0080	0.0000	0.0000	-0.0200	230.8490	0.0000	1.6600	29.9572	NOT CONNECTED	0.0000	500.0000	0.0000	0.0000	0.0000	0.0000	0.0917	0.0527	-1.4547	-0.6285	-1.5426	-0.3631	-5.6068	2.5880	321.2540	0.0000	28.7536	1.5847	0.0055	48.7918	28.7536
116.3476	0.0000	-0.0090	0.0080	0.0000	0.0000	-0.0200	230.8360	0.0000	1.5400	29.9846	NOT CONNECTED	0.0000	500.0000	0.0000	0.0000	0.0000	0.0000	0.0917	0.0527	-1.4547	-0.6285	-1.5426	-0.3631	0.0000	0.0000	321.3622	0.0000	28.7536	1.5847	0.0053	48.7039	28.7536
116.4030	0.0000	-0.0090	0.0080	0.0000	0.0000	-0.0200	230.8360	0.0000	1.5400	29.9846	NOT CONNECTED	0.0000	500.0000	0.0000	0.0000	0.0000	0.0000	0.0917	0.0527	-1.4547	-0.6285	-1.5426	-0.3631	0.0000	0.0000	321.3622	0.0000	28.7536	1.5847	0.0053	48.7039	28.7536
116.9694	0.0000	-0.0060	0.0080	0.0000	0.0000	-0.0200	230.8090	0.0000	1.5200	30.0286	NOT CONNECTED	0.0000	500.0000	0.0000	0.0000	0.0000	0.0000	0.0917	0.0527	-1.4547	-0.6285	-1.5426	-0.3631	0.0000	0.0000	321.3148	0.0000	28.7536	1.5847	0.0056	48.7039	28.7536
117.1616	0.0000	-0.0060	0.0080	0.0000	0.0000	-0.0200	230.8090	0.0000	1.5200	30.0286	NOT CONNECTED	0.0000	500.0000	0.0000	0.0000	0.0000	0.0000	0.0917	0.0527	-1.4547	-0.6285	-1.5426	-0.3631	0.0000	0.0000	321.3148	0.0000	28.7536	1.5847	0.0056	48.7039	28.7536
117.5911	0.0000	-0.0070	0.0080	0.0000	0.0000	-0.0200	230.7920	0.0000	1.5200	30.0145	NOT CONNECTED	0.0000	500.0000	0.0000	0.0000	0.0000	0.0000	0.0917	0.0527	-1.4547	-0.6285	-1.5426	-0.3631	0.0000	0.0000	321.1633	0.0000	28.7536	1.5847	0.0052	48.6169	28.7536
117.8931	0.0000	-0.0070	0.0080	0.0000	0.0000	-0.0200	230.7920	0.0000	1.5200	30.0145	NOT CONNECTED	0.0000	500.0000	0.0000	0.0000	0.0000	0.0000	0.0917	0.0527	-1.4547	-0.6285	-1.5426	-0.3631	0.0000	0.0000	321.1633	0.0000	28.7536	1.5847	0.0052	48.6169	28.7536
118.2125	NOT CONNECTED	NOT CONNECTED	NOT CONNECTED	NOT CONNECTED	NOT CONNECTED	NOT CONNECTED	NOT CONNECTED	NOT CONNECTED	NOT CONNECTED	NOT CONNECTED	NOT CONNECTED	0.0000	500.0000	0.0000	0.0000	0.0000	0.0000	0.0917	0.0527	-1.4547	-0.6285	-1.5426	-0.3631	0.0000	0.0000	321.1768	0.0000	28.7536	1.5847	0.0054	48.6169	28.7536
118.8176	NOT CONNECTED	NOT CONNECTED	NOT CONNECTED	NOT CONNECTED	NOT CONNECTED	NOT CONNECTED	NOT CONNECTED	NOT CONNECTED	NOT CONNECTED	NOT CONNECTED	NOT CONNECTED	0.0000	500.0000	0.0000	0.0000	0.0000	0.0000	0.0917	0.0527	-1.4547	-0.6285	-1.5426	-0.3631	0.0000	0.0000	321.1958	0.0000	28.7536	1.5847	0.0057	48.5307	28.7536
