WindyBPMp40_OrcaH24__YC105__Dyno_Low_Speed_Torque__230Vac_40C_20250211_084951
Report created on: 2025/02/11: 10:07:09


Step N. = 	0
Target Speed = 	400

Speed Mainboard (rpm_M)	Speed TestBench (rpm_M)	Speed Error (rpm_M)	Speed Error %	Torque TestBench (Nm_M)	Torque Ref (Nm)	Torque MainBoard (Nm_M)	Torque MainBoard Error (Nm_M)	Torque MainBoard Error %	Flux Ref (V/rad/s)	Flux (V/rad/s)	Id * Iq (A^2)	Id (Apeak)	Iq (Apeak)	Id Rotor (Apeak)	Iq Rotor (Apeak)	IMotor Measured (Arms)	IMotor MainBoard (Arms)	IMotor Error (Arms)	IMotor Error %	Motor Current THD %	Vsdref (Vpeak)	Vsqref (Vpeak)	Vout MainBoard (Vrms)	Vout Measured (Vrms)	Vout Error (Vrms)	Vout Error %	Motor Power MainBoard (W)	Motor Power Measured (W)	Motor Power Error (W)	Motor Power Error %	Line Voltage (Vrms)	Line Current (Arms)	Line Power (W)	Line Power Factor	Bulk Ripple (V)	DC Bus Voltage (Vrms)	Motor Mechanical Power (W)	Motor Efficiency	Inverter Efficiency	Overall Efficiency	Temperature (deg C)	Estimated Temperature (deg C)	Motor cos-phi	Electrical Power Alpha-Beta [W]	Electrical Power Error [W]	Electrical Power Error [%]	Bus Voltage Usage [%]	Rotational Losses [W]	Kt [Nm/Arms]	
394.3265	402.0000	7.6735	1.9088	2.1985	2.5488	2.4087	-0.2102	-9.5590	0.1142	0.1142	12.7751	3.6741	3.4781	-1.6263	4.6699	3.5682	3.5817	-0.0135	-0.3778	0.0000	19.1583	40.4684	54.8389	54.1693	-0.6696	-1.2362	316.7157	320.8500	4.1343	1.2885	230.2845	2.6997	377.8400	0.6078	nan	208.5890	92.5512	28.8461	84.9164	24.4950	49.2904	51.9053	0.9584	329.2231	-8.3731	-2.6097	25.9693	10.2392	0.6161	
391.3684	399.4444	8.0761	2.0218	2.1000	2.4580	2.4159	-0.3159	-15.0422	0.1113	0.1117	11.7123	3.2336	3.6191	-1.5370	4.5876	3.3925	3.4556	-0.0631	-1.8600	0.0000	19.8494	40.4582	55.2048	53.9340	-1.2708	-2.3563	316.0091	305.3600	-10.6491	-3.4874	230.2872	2.6125	357.0556	0.5935	nan	210.0327	87.8424	28.7672	85.5215	24.6021	59.4087	66.3079	0.9635	314.9298	-9.5698	-3.1339	25.6788	13.0797	0.6190	
407.5054	398.1111	-9.3943	-2.3597	1.9994	2.2666	2.2818	-0.2824	-14.1227	0.1082	0.1075	10.3616	2.9427	3.5182	-1.4744	4.4324	3.2278	3.2575	-0.0297	-0.9214	0.0000	19.2903	40.4345	54.8962	53.3476	-1.5487	-2.9030	298.3946	288.7544	-9.6401	-3.3385	230.3149	2.5034	336.3078	0.5833	nan	211.3324	83.3572	28.8676	85.8600	24.7858	69.0819	76.4239	0.9682	295.3402	-6.5858	-2.2807	25.2434	13.9944	0.6194	
398.4118	400.4444	2.0326	0.5076	1.8992	2.2367	2.2078	-0.3086	-16.2463	0.1060	0.1065	9.0638	2.6056	3.4787	-1.3866	4.1372	3.0738	3.1221	-0.0483	-1.5713	0.0000	17.5355	39.6599	53.1252	52.3031	-0.8221	-1.5719	275.2847	270.6989	-4.5858	-1.6941	230.3686	2.3744	314.7656	0.5754	nan	212.3218	79.6429	29.4214	86.0001	25.3024	76.7575	82.1365	0.9721	276.4952	-5.7963	-2.1413	24.6339	12.9205	0.6179	
400.2775	398.4444	-1.8330	-0.4600	1.7998	2.1564	2.1388	-0.3390	-18.8361	0.1041	0.1047	7.9728	2.3238	3.4295	-1.3337	3.9546	2.9304	2.9718	-0.0414	-1.4118	0.0000	16.3241	39.0065	51.7979	51.0229	-0.7750	-1.5190	257.4826	252.7078	-4.7748	-1.8895	230.4122	2.2416	293.6544	0.5685	nan	213.2539	75.0958	29.7168	86.0562	25.5731	82.7326	85.0891	0.9758	258.0625	-5.3547	-2.1189	23.9259	12.4847	0.6142	
400.5145	399.7500	-0.7645	-0.1912	1.7007	2.0821	2.0774	-0.3767	-22.1468	0.1027	0.1029	7.0594	2.1000	3.3628	-1.3535	3.6599	2.7904	2.8356	-0.0452	-1.6184	0.0000	13.6884	38.8145	50.4089	49.4955	-0.9134	-1.8454	238.9315	234.2700	-4.6615	-1.9898	230.4218	2.1030	272.3487	0.5620	nan	214.1558	71.1963	30.3911	86.0184	26.1419	87.2938	86.0671	0.9793	240.6835	-6.4135	-2.7377	23.1119	11.1087	0.6095	
404.7373	398.2222	-6.5151	-1.6360	1.5989	1.9632	1.9598	-0.3609	-22.5722	0.0998	0.1003	5.8872	1.7972	3.2774	-1.2592	3.5691	2.6520	2.6803	-0.0283	-1.0660	0.0000	13.3473	37.2845	48.5035	47.7778	-0.7257	-1.5189	219.2644	215.6378	-3.6266	-1.6818	230.3870	1.9621	250.9478	0.5552	nan	215.0212	66.6764	30.9208	85.9293	26.5700	90.6771	85.6483	0.9826	219.9440	-4.3062	-1.9969	22.2200	10.2003	0.6029	
409.9832	399.1111	-10.8721	-2.7241	1.4991	1.8452	1.8844	-0.3853	-25.6993	0.0977	0.0975	5.1216	1.5866	3.2264	-1.3607	3.3605	2.5171	2.5592	-0.0421	-1.6736	0.0000	11.6073	36.6162	47.0508	45.9422	-1.1085	-2.4129	204.8679	197.4011	-7.4668	-3.7826	230.3154	1.8219	230.2311	0.5487	nan	215.7344	62.6551	31.7402	85.7404	27.2142	92.9277	84.2315	0.9856	202.2284	-4.8273	-2.4454	21.2957	8.8534	0.5956	
404.9826	400.0000	-4.9826	-1.2456	1.3990	1.7638	1.7539	-0.3549	-25.3703	0.0959	0.0955	4.3664	1.4385	3.0348	-1.3259	3.0832	2.3807	2.4148	-0.0341	-1.4320	0.0000	9.3877	35.2220	44.6491	43.9699	-0.6792	-1.5447	180.6335	179.2011	-1.4324	-0.7993	230.2303	1.6794	209.5589	0.5420	nan	216.3953	58.6012	32.7014	85.5135	27.9641	94.2175	82.1561	0.9884	183.8751	-4.6740	-2.6082	20.3192	7.5234	0.5877	
404.1813	397.6667	-6.5146	-1.6382	1.2990	1.6586	1.6476	-0.3486	-26.8386	0.0927	0.0930	3.5592	1.2003	2.9658	-1.3273	2.9043	2.2399	2.2737	-0.0338	-1.5075	0.0000	8.1936	34.1450	43.0082	41.8733	-1.1349	-2.7103	166.6534	160.9956	-5.6579	-3.5143	230.2083	1.5349	189.0233	0.5349	nan	217.1031	54.0951	33.6003	85.1723	28.6181	94.7970	79.6214	0.9910	166.5448	-5.5493	-3.4469	19.2873	6.6151	0.5799	
397.6591	400.1250	2.4659	0.6163	1.1993	1.5464	1.5620	-0.3627	-30.2461	0.0905	0.0902	2.7196	0.9410	2.8907	-1.2997	2.7093	2.0913	2.1046	-0.0133	-0.6347	0.0000	6.7701	32.4226	40.5662	39.6371	-0.9291	-2.3441	150.1430	142.6338	-7.5093	-5.2647	230.2816	1.3869	168.2600	0.5268	nan	218.0249	50.2498	35.2300	84.7699	29.8644	94.5744	76.6649	0.9934	146.5613	-3.9276	-2.7536	18.1801	5.0243	0.5734	
401.9730	399.0000	-2.9730	-0.7451	1.0997	1.4318	1.4236	-0.3239	-29.4537	0.0875	0.0880	2.0439	0.7513	2.7161	-1.2900	2.5626	1.9452	2.0026	-0.0573	-2.9479	0.0000	5.8299	31.1954	38.8694	37.4173	-1.4521	-3.8809	133.7377	125.5157	-8.2219	-6.5505	230.4016	1.2456	148.9786	0.5191	nan	218.6315	45.9496	36.6087	84.2509	30.8431	93.8687	73.8349	0.9956	134.1729	-8.6571	-6.8973	17.1144	4.1547	0.5653	
403.8399	399.1000	-4.7399	-1.1876	0.9989	1.2903	1.2912	-0.2923	-29.2574	0.0850	0.0850	1.4221	0.5614	2.5311	-1.1803	2.2978	1.8029	1.8549	-0.0521	-2.8880	0.0000	4.1059	29.4437	36.4159	35.2506	-1.1653	-3.3057	115.2701	109.7990	-5.4711	-4.9829	230.5008	1.1134	131.2580	0.5114	nan	219.4631	41.7477	38.0220	83.6512	31.8059	92.4898	70.5666	0.9975	115.5674	-5.7684	-5.2536	16.0623	3.5543	0.5541	
402.1395	401.1111	-1.0283	-0.2564	0.9008	1.1649	1.1570	-0.2562	-28.4459	0.0823	0.0821	0.9013	0.3844	2.3408	-1.0950	2.0759	1.6542	1.6975	-0.0434	-2.6209	0.0000	2.8394	27.6962	34.1005	32.9363	-1.1642	-3.5347	98.9023	94.2744	-4.6279	-4.9090	230.5409	0.9809	113.6989	0.5028	nan	220.2130	37.8366	40.1346	82.9159	33.2780	90.6002	67.2782	0.9990	99.4346	-5.1602	-5.4735	14.9566	2.4671	0.5445	
402.8759	401.4444	-1.4314	-0.3566	0.8000	1.0333	1.0343	-0.2343	-29.2884	0.0797	0.0796	0.3538	0.1606	2.1631	-1.0731	1.9119	1.5042	1.5487	-0.0445	-2.9606	0.0000	2.0423	26.0620	32.0203	30.5821	-1.4382	-4.7028	85.1713	79.6556	-5.5157	-6.9244	230.5138	0.8532	97.1522	0.4940	nan	220.8123	33.6314	42.2211	81.9904	34.6172	88.3415	64.0862	0.9997	85.4753	-5.8197	-7.3061	13.8499	1.7166	0.5318	
402.3635	399.7500	-2.6135	-0.6538	0.6992	0.9165	0.9263	-0.2270	-32.4635	0.0778	0.0775	0.1106	0.0524	1.9810	-1.0563	1.6795	1.3600	1.4060	-0.0460	-3.3825	0.0000	0.6658	24.5734	30.1156	28.2625	-1.8531	-6.5567	73.2325	66.4750	-6.7575	-10.1655	230.4303	0.7335	82.2450	0.4866	nan	221.2879	29.2717	44.0343	80.8256	35.5909	85.8961	61.0109	0.9985	73.1540	-6.6790	-10.0474	12.7719	1.2674	0.5141	
404.4188	401.0000	-3.4188	-0.8526	0.5995	0.7771	0.7799	-0.1804	-30.0921	0.0753	0.0754	-0.2898	-0.1686	1.7209	-0.9766	1.4452	1.2097	1.2413	-0.0316	-2.6085	0.0000	-0.2335	22.6360	27.7258	26.0050	-1.7208	-6.6170	58.5262	54.1675	-4.3587	-8.0466	230.3530	0.6163	68.2325	0.4806	nan	221.7915	25.1745	46.4764	79.3865	36.8959	83.2067	58.0851	0.9941	58.8841	-4.7166	-8.7075	11.7250	0.8080	0.4956	
399.6817	400.5556	0.8739	0.2182	0.4998	0.6929	0.6835	-0.1837	-36.7535	0.0743	0.0742	-0.3909	-0.2563	1.5316	-0.8785	1.2635	1.0602	1.1123	-0.0521	-4.9173	0.0000	-0.8865	21.1645	25.9486	23.8464	-2.1021	-8.8153	49.0150	43.1267	-5.8883	-13.6536	230.3200	0.5107	55.5711	0.4725	nan	222.1863	20.9638	48.6107	77.6060	37.7247	80.4715	55.4206	0.9849	48.7423	-5.6157	-13.0214	10.7327	0.7100	0.4714	
401.0378	399.8889	-1.1489	-0.2873	0.4008	0.5781	0.5672	-0.1665	-41.5358	0.0735	0.0735	-0.4538	-0.3579	1.2895	-0.7829	1.0766	0.8940	0.9633	-0.0693	-7.7501	0.0000	-1.2359	19.6232	24.0871	21.6580	-2.4291	-11.2156	38.7895	32.4278	-6.3617	-19.6180	230.2846	0.4079	43.2867	0.4608	nan	222.6819	16.7831	51.7564	74.9137	38.7725	77.6633	52.9056	0.9669	38.9246	-6.4968	-20.0348	9.7260	0.5309	0.4483	
402.5991	400.6667	-1.9324	-0.4823	0.3008	0.4443	0.4526	-0.1518	-50.4685	0.0728	0.0726	-0.3988	-0.3884	1.0369	-0.6832	0.8584	0.7244	0.7957	-0.0713	-9.8400	0.0000	-1.7406	17.8696	21.9904	19.5194	-2.4710	-12.6592	28.9145	22.8089	-6.1056	-26.7686	230.2386	0.3128	32.1100	0.4458	nan	223.2644	12.6200	55.3316	71.0326	39.3031	74.7602	50.5003	0.9313	28.7323	-5.9235	-25.9699	8.7428	0.3603	0.4152	
400.8190	401.5714	0.7524	0.1874	0.2043	0.3223	0.3100	-0.1057	-51.7636	0.0715	0.0717	-0.3310	-0.4608	0.7203	-0.5748	0.6077	0.5385	0.6095	-0.0710	-13.1914	0.0000	-1.7889	16.0073	19.7274	17.5380	-2.1894	-12.4835	18.6181	14.1571	-4.4610	-31.5105	230.2074	0.2242	22.0257	0.4268	nan	223.9449	8.5906	60.7073	64.2657	39.0100	71.8858	48.2353	0.8653	18.6008	-4.4437	-31.3881	7.8315	0.1885	0.3794	



Step N. = 	1
Target Speed = 	450

Speed Mainboard (rpm_M)	Speed TestBench (rpm_M)	Speed Error (rpm_M)	Speed Error %	Torque TestBench (Nm_M)	Torque Ref (Nm)	Torque MainBoard (Nm_M)	Torque MainBoard Error (Nm_M)	Torque MainBoard Error %	Flux Ref (V/rad/s)	Flux (V/rad/s)	Id * Iq (A^2)	Id (Apeak)	Iq (Apeak)	Id Rotor (Apeak)	Iq Rotor (Apeak)	IMotor Measured (Arms)	IMotor MainBoard (Arms)	IMotor Error (Arms)	IMotor Error %	Motor Current THD %	Vsdref (Vpeak)	Vsqref (Vpeak)	Vout MainBoard (Vrms)	Vout Measured (Vrms)	Vout Error (Vrms)	Vout Error %	Motor Power MainBoard (W)	Motor Power Measured (W)	Motor Power Error (W)	Motor Power Error %	Line Voltage (Vrms)	Line Current (Arms)	Line Power (W)	Line Power Factor	Bulk Ripple (V)	DC Bus Voltage (Vrms)	Motor Mechanical Power (W)	Motor Efficiency	Inverter Efficiency	Overall Efficiency	Temperature (deg C)	Estimated Temperature (deg C)	Motor cos-phi	Electrical Power Alpha-Beta [W]	Electrical Power Error [W]	Electrical Power Error [%]	Bus Voltage Usage [%]	Rotational Losses [W]	Kt [Nm/Arms]	
450.6955	449.8000	-0.8955	-0.1991	2.3002	2.5821	2.6628	-0.3626	-15.7626	0.1148	0.1161	14.0797	3.6072	3.8984	-1.3529	4.9828	3.8099	3.8223	-0.0124	-0.3267	0.0000	23.5988	43.4656	60.6091	60.5410	-0.0681	-0.1126	382.0571	379.1990	-2.8581	-0.7537	230.1886	3.1575	441.8760	0.6080	nan	207.0909	108.3461	28.5754	85.8143	24.5211	55.5780	67.8443	0.9492	386.6881	-7.4891	-1.9750	29.2340	16.5126	0.6037	
452.8124	448.3333	-4.4790	-0.9990	2.1988	2.4596	2.5291	-0.3303	-15.0215	0.1147	0.1127	14.0156	3.8120	3.6782	-1.5076	4.9975	3.6155	3.6267	-0.0112	-0.3101	0.0000	24.7713	44.5274	62.4113	60.7070	-1.7043	-2.8074	387.2915	363.4144	-23.8770	-6.5702	230.1613	3.0741	420.0478	0.5937	nan	208.4290	103.2311	28.4068	86.5172	24.5766	68.9900	84.2431	0.9559	372.7040	-9.2895	-2.5562	29.1260	20.1125	0.6082	
461.5395	449.2857	-12.2538	-2.7274	2.1010	2.3465	2.5194	-0.4184	-19.9148	0.1122	0.1105	12.4866	3.3131	3.7679	-1.2788	4.6702	3.4370	3.4477	-0.0107	-0.3127	0.0000	23.1400	43.8949	60.7804	60.2406	-0.5398	-0.8961	363.1676	344.7671	-18.4005	-5.3371	230.1214	2.9507	396.9200	0.5846	nan	209.5495	98.8500	28.6721	86.8605	24.9047	80.7507	94.2920	0.9614	351.0033	-6.2362	-1.8088	28.7477	20.2352	0.6113	
442.6930	450.0000	7.3070	1.6238	2.0002	2.3802	2.3030	-0.3028	-15.1387	0.1099	0.1100	10.4902	3.0185	3.4763	-1.5127	4.5032	3.2697	3.2803	-0.0105	-0.3225	0.0000	21.2602	44.6527	60.5848	59.2323	-1.3524	-2.2833	329.0895	324.0444	-5.0451	-1.5569	230.0977	2.8029	372.3467	0.5773	nan	210.4879	94.2582	29.0882	87.0276	25.3148	89.9480	100.0770	0.9660	330.3123	-6.2678	-1.9343	28.1405	19.3511	0.6117	
442.5403	449.3333	6.7930	1.5118	1.8998	2.3205	2.2993	-0.3995	-21.0312	0.1085	0.1087	9.4329	2.6627	3.5386	-1.3339	4.1786	3.1141	3.1242	-0.0101	-0.3244	0.0000	18.8002	43.9629	58.5817	57.9584	-0.6232	-1.0753	308.6653	303.3789	-5.2864	-1.7425	230.1003	2.6528	348.1933	0.5704	nan	211.5503	89.3925	29.4660	87.1294	25.6735	97.6997	102.9582	0.9705	307.9794	-4.6006	-1.5164	27.3970	18.3796	0.6101	
445.4976	448.7778	3.2802	0.7309	1.7994	2.2424	2.2259	-0.4265	-23.7018	0.1067	0.1069	8.2339	2.3721	3.4725	-1.2526	3.9726	2.9710	2.9814	-0.0104	-0.3499	0.0000	16.7105	43.6676	57.2743	56.4592	-0.8151	-1.4437	286.8346	283.1200	-3.7146	-1.3120	230.1157	2.5021	324.9067	0.5643	nan	212.4105	84.5662	29.8694	87.1388	26.0279	103.9510	103.7219	0.9745	287.7485	-4.6285	-1.6348	26.5803	17.0377	0.6057	
448.2993	449.6667	1.3674	0.3041	1.6987	2.1427	2.0697	-0.3710	-21.8400	0.1042	0.1045	7.1872	2.1882	3.2836	-1.3112	3.7753	2.8313	2.8403	-0.0090	-0.3172	0.0000	14.9181	43.1751	55.9521	54.6700	-1.2821	-2.3452	261.6460	262.1900	0.5440	0.2075	230.1607	2.3446	301.1267	0.5580	nan	213.3730	79.9886	30.5080	87.0697	26.5632	108.1080	103.0733	0.9779	267.3333	-5.1433	-1.9617	25.6218	15.2606	0.6000	
454.2888	448.0000	-6.2888	-1.4037	1.6001	2.0240	2.0179	-0.4178	-26.1102	0.1022	0.1019	6.2940	1.9185	3.2833	-1.2968	3.5830	2.6973	2.7071	-0.0099	-0.3669	0.0000	13.5207	41.8291	53.8423	52.7947	-1.0475	-1.9842	244.8370	242.0200	-2.8170	-1.1639	230.3056	2.1880	278.3364	0.5524	nan	214.4490	75.0675	31.0169	86.9523	26.9700	111.2655	101.3792	0.9812	246.1717	-4.1517	-1.7154	24.6188	14.0040	0.5932	
451.0780	449.4444	-1.6335	-0.3635	1.4993	1.9385	1.9549	-0.4555	-30.3829	0.1002	0.0997	5.5124	1.6996	3.2443	-1.3222	3.4360	2.5635	2.5723	-0.0087	-0.3410	0.0000	12.4639	39.9300	51.2330	50.7373	-0.4956	-0.9768	226.0509	221.7789	-4.2720	-1.9263	230.4870	2.0298	255.6078	0.5463	nan	215.4327	70.5671	31.8187	86.7653	27.6076	113.5813	98.7003	0.9845	225.3878	-3.6089	-1.6273	23.5514	12.0968	0.5849	
451.5462	448.5556	-2.9907	-0.6667	1.4001	1.8166	1.8738	-0.4737	-33.8297	0.0971	0.0968	4.4097	1.3628	3.2351	-1.3164	3.1589	2.4222	2.4304	-0.0082	-0.3384	0.0000	10.3051	38.5897	48.9193	48.4717	-0.4477	-0.9236	208.3201	200.7922	-7.5278	-3.7491	230.5200	1.8655	232.0444	0.5396	nan	216.3009	65.7671	32.7539	86.5318	28.3426	114.7228	95.7511	0.9874	203.7257	-2.9334	-1.4609	22.4094	10.4014	0.5780	
452.7344	450.0000	-2.7344	-0.6076	1.2993	1.6785	1.6830	-0.3837	-29.5307	0.0934	0.0936	3.3152	1.1014	3.0103	-1.3681	2.9077	2.2744	2.2824	-0.0080	-0.3528	0.0000	8.2582	37.1161	46.5697	46.0480	-0.5217	-1.1330	181.2441	179.6011	-1.6430	-0.9148	230.4312	1.6973	208.3489	0.5327	nan	217.1101	61.2296	34.0920	86.2021	29.3880	114.9734	92.4281	0.9901	182.0894	-2.4883	-1.3854	21.2095	8.4154	0.5713	
451.3695	450.6667	-0.7029	-0.1560	1.1998	1.5466	1.5610	-0.3612	-30.1085	0.0904	0.0905	2.5310	0.8765	2.8875	-1.2848	2.6844	2.1221	2.1297	-0.0075	-0.3557	0.0000	6.6581	35.2622	43.9506	43.5247	-0.4260	-0.9787	161.4880	158.7978	-2.6902	-1.6941	230.3016	1.5304	185.1156	0.5252	nan	217.8531	56.6219	35.6566	85.7831	30.5874	114.3932	88.8585	0.9926	161.0711	-2.2733	-1.4316	19.9789	6.6153	0.5654	
450.8756	450.1250	-0.7506	-0.1668	1.0999	1.4138	1.4173	-0.3174	-28.8561	0.0872	0.0876	1.8756	0.6926	2.7098	-1.2468	2.4838	1.9734	1.9794	-0.0060	-0.3063	0.0000	5.3706	33.4237	41.4615	41.0795	-0.3820	-0.9299	141.4297	139.6812	-1.7484	-1.2517	230.2084	1.3744	163.7275	0.5175	nan	218.5629	51.8448	37.1166	85.3132	31.6654	113.1526	85.3238	0.9948	141.7008	-2.0195	-1.4458	18.7953	5.5067	0.5574	
448.6384	449.7500	1.1116	0.2472	0.9991	1.2937	1.2784	-0.2793	-27.9558	0.0847	0.0850	1.3115	0.5211	2.5184	-1.1851	2.2867	1.8272	1.8329	-0.0058	-0.3165	0.0000	4.0959	31.6790	39.1231	38.6445	-0.4786	-1.2386	122.8938	121.8988	-0.9951	-0.8163	230.1732	1.2253	143.8400	0.5100	nan	219.2435	47.0566	38.6029	84.7461	32.7145	111.2790	81.4480	0.9967	123.7440	-1.8452	-1.5138	17.6263	4.6521	0.5468	
448.5289	450.3333	1.8044	0.4007	0.8998	1.1556	1.1402	-0.2404	-26.7209	0.0819	0.0820	0.8884	0.3824	2.3234	-1.1512	2.0868	1.6688	1.6744	-0.0056	-0.3328	0.0000	3.1017	29.8680	36.7777	36.0529	-0.7248	-2.0103	105.8730	104.0622	-1.8108	-1.7401	230.2622	1.0742	123.8744	0.5008	nan	220.0752	42.4324	40.7761	84.0062	34.2544	109.0417	77.8253	0.9986	106.1170	-2.0548	-1.9746	16.3821	3.4680	0.5392	
450.4445	449.3333	-1.1112	-0.2473	0.7994	1.0120	1.0121	-0.2127	-26.6027	0.0795	0.0793	0.5002	0.2352	2.1252	-1.0390	1.8862	1.5096	1.5146	-0.0050	-0.3294	0.0000	2.0489	27.9580	34.3345	33.4298	-0.9048	-2.7064	89.8567	87.3856	-2.4711	-2.8278	230.5053	0.9293	105.1422	0.4909	nan	221.0115	37.6170	43.0472	83.1117	35.7773	106.3503	74.2251	0.9997	89.8034	-2.4178	-2.7669	15.1258	2.5618	0.5296	
449.4251	450.6250	1.1999	0.2663	0.6990	0.8889	0.8761	-0.1771	-25.3325	0.0768	0.0770	-0.0553	-0.0292	1.9026	-0.9902	1.6248	1.3540	1.3581	-0.0041	-0.3060	0.0000	0.5456	25.9590	31.8028	30.8256	-0.9772	-3.1702	74.0907	72.2350	-1.8557	-2.5690	230.5448	0.7933	88.0938	0.4817	nan	221.6569	32.9853	45.6641	81.9978	37.4436	103.2757	70.7090	0.9992	74.7848	-2.5498	-3.5299	13.9069	1.6294	0.5163	
450.5263	450.0000	-0.5263	-0.1169	0.5990	0.7580	0.7676	-0.1686	-28.1479	0.0753	0.0751	-0.2055	-0.1209	1.6985	-0.8926	1.4479	1.1947	1.1978	-0.0032	-0.2641	0.0000	-0.0189	24.1744	29.6077	28.3229	-1.2849	-4.5365	61.5950	58.3688	-3.2263	-5.5274	230.2428	0.6617	72.3775	0.4751	nan	221.9604	28.2273	48.3603	80.6448	39.0001	100.0139	67.4079	0.9960	61.2675	-2.8988	-4.9664	12.7603	1.1464	0.5014	
450.8233	450.2500	-0.5733	-0.1273	0.4998	0.6385	0.6367	-0.1369	-27.3975	0.0739	0.0739	-0.3315	-0.2308	1.4367	-0.8172	1.2084	1.0364	1.0392	-0.0028	-0.2663	0.0000	-0.7428	22.5019	27.5748	25.9995	-1.5753	-6.0588	48.7600	46.1425	-2.6175	-5.6727	230.3967	0.5440	58.5400	0.4671	nan	222.5315	23.5631	51.0673	78.8219	40.2521	96.6986	64.4093	0.9886	49.0685	-2.9260	-6.3412	11.6835	0.9801	0.4822	
450.6410	450.2857	-0.3553	-0.0789	0.3999	0.5142	0.5097	-0.1098	-27.4583	0.0732	0.0732	-0.3700	-0.3188	1.1601	-0.7007	0.9897	0.8599	0.8631	-0.0033	-0.3814	0.0000	-1.2036	20.6776	25.3687	23.6487	-1.7200	-7.2730	36.5663	34.3057	-2.2606	-6.5896	230.5826	0.4295	45.0257	0.4546	nan	223.3432	18.8549	54.9613	76.1911	41.8756	93.2642	61.6041	0.9740	37.0057	-2.6999	-7.8702	10.5885	0.7438	0.4650	
451.4966	451.0000	-0.4966	-0.1101	0.3009	0.3809	0.3816	-0.0807	-26.8273	0.0721	0.0722	-0.3097	-0.3528	0.8783	-0.6051	0.7572	0.6788	0.6825	-0.0037	-0.5378	0.0000	-1.4738	18.7395	23.0234	21.3256	-1.6978	-7.9613	25.4810	23.6533	-1.8277	-7.7270	230.2724	0.3242	32.7544	0.4388	nan	223.7352	14.2105	60.0814	72.2135	43.3865	89.9204	59.0336	0.9433	25.9225	-2.2691	-9.5933	9.5316	0.3730	0.4432	
449.6998	449.5714	-0.1284	-0.0286	0.2054	0.2592	0.2564	-0.0510	-24.8111	0.0712	0.0712	-0.1875	-0.3122	0.6001	-0.4145	0.5290	0.4822	0.4875	-0.0053	-1.0903	0.0000	-1.4070	16.8399	20.6967	19.2799	-1.4168	-7.3488	15.8296	14.3586	-1.4710	-10.2447	230.4670	0.2279	21.9843	0.4185	nan	224.6607	9.6716	67.4126	65.2875	44.0033	86.4698	56.6115	0.8913	15.6312	-1.2726	-8.8632	8.5818	0.1607	0.4260	



Step N. = 	2
Target Speed = 	780

Speed Mainboard (rpm_M)	Speed TestBench (rpm_M)	Speed Error (rpm_M)	Speed Error %	Torque TestBench (Nm_M)	Torque Ref (Nm)	Torque MainBoard (Nm_M)	Torque MainBoard Error (Nm_M)	Torque MainBoard Error %	Flux Ref (V/rad/s)	Flux (V/rad/s)	Id * Iq (A^2)	Id (Apeak)	Iq (Apeak)	Id Rotor (Apeak)	Iq Rotor (Apeak)	IMotor Measured (Arms)	IMotor MainBoard (Arms)	IMotor Error (Arms)	IMotor Error %	Motor Current THD %	Vsdref (Vpeak)	Vsqref (Vpeak)	Vout MainBoard (Vrms)	Vout Measured (Vrms)	Vout Error (Vrms)	Vout Error %	Motor Power MainBoard (W)	Motor Power Measured (W)	Motor Power Error (W)	Motor Power Error %	Line Voltage (Vrms)	Line Current (Arms)	Line Power (W)	Line Power Factor	Bulk Ripple (V)	DC Bus Voltage (Vrms)	Motor Mechanical Power (W)	Motor Efficiency	Inverter Efficiency	Overall Efficiency	Temperature (deg C)	Estimated Temperature (deg C)	Motor cos-phi	Electrical Power Alpha-Beta [W]	Electrical Power Error [W]	Electrical Power Error [%]	Bus Voltage Usage [%]	Rotational Losses [W]	Kt [Nm/Arms]	
775.1701	764.0000	-11.1701	-1.4621	2.3990	2.6489	2.5469	-0.1479	-6.1651	0.1177	0.1167	16.4349	4.5531	3.6047	-1.6407	5.3753	4.1089	4.1192	-0.0102	-0.2493	0.0000	26.7642	59.6226	80.1319	80.8317	0.6998	0.8657	504.9005	517.8733	12.9728	2.5050	230.0860	4.1714	592.4267	0.6173	nan	202.4928	191.9341	37.0636	87.4151	32.3989	59.3559	66.9559	0.9002	521.0893	-3.2160	-0.6210	39.9182	26.0965	0.5839	
791.8582	777.5556	-14.3027	-1.8394	2.2993	2.4671	2.5566	-0.2572	-11.1872	0.1137	0.1148	15.6317	4.1252	3.7712	-1.1836	5.2386	3.8943	3.9840	-0.0898	-2.3052	0.0000	25.6084	61.4517	81.6550	81.7637	0.1086	0.1328	504.4405	502.5800	-1.8605	-0.3702	230.1090	4.0823	570.1089	0.6069	nan	203.2389	187.2239	37.2540	88.1548	32.8411	74.9870	89.8902	0.9113	515.7346	-13.1546	-2.6174	40.2302	31.1179	0.5904	
772.1431	780.2222	8.0791	1.0355	2.2002	2.4746	2.3688	-0.1686	-7.6637	0.1102	0.1130	13.4053	3.7484	3.5649	-1.4915	5.1362	3.7025	3.7710	-0.0685	-1.8507	0.0000	29.0835	60.6300	82.4071	81.4276	-0.9796	-1.2030	487.1631	480.2211	-6.9420	-1.4456	230.1331	3.9322	542.5422	0.5995	nan	204.3673	179.7684	37.4354	88.5130	33.1351	88.7397	104.8261	0.9196	493.3620	-13.1409	-2.7364	39.8437	31.6716	0.5943	
781.0949	779.1111	-1.9838	-0.2546	2.1009	2.3635	2.4273	-0.3264	-15.5369	0.1112	0.1097	13.3594	3.6229	3.6686	-1.6611	4.8815	3.5217	3.5978	-0.0762	-2.1635	0.0000	25.7320	61.9343	82.1940	80.3723	-1.8217	-2.2665	480.5736	454.4256	-26.1481	-5.7541	230.1099	3.7527	512.0633	0.5930	nan	205.6407	171.4082	37.7199	88.7440	33.4741	100.1282	114.2378	0.9269	467.5628	-13.1372	-2.8910	39.0839	30.9682	0.5966	
780.0551	778.2222	-1.8328	-0.2355	1.9993	2.3054	2.2340	-0.2347	-11.7375	0.1064	0.1086	10.7984	3.1041	3.4827	-1.3081	4.5781	3.3417	3.4068	-0.0651	-1.9485	0.0000	25.2611	59.7668	79.4892	78.7498	-0.7394	-0.9389	429.6186	425.6722	-3.9463	-0.9271	230.1377	3.5481	479.0089	0.5866	nan	206.8090	162.9361	38.2776	88.8652	34.0154	109.0901	119.3358	0.9339	436.5201	-10.8479	-2.5484	38.0787	29.5005	0.5983	
778.4767	779.8750	1.3983	0.1793	1.8997	2.2489	2.2380	-0.3383	-17.8063	0.1073	0.1065	10.5797	3.0383	3.4712	-1.5475	4.2568	3.1707	3.2649	-0.0941	-2.9687	0.0000	21.4538	59.3725	77.3505	76.6900	-0.6605	-0.8613	406.8592	395.8925	-10.9667	-2.7701	230.2856	3.3318	445.1463	0.5802	nan	208.0153	155.1493	39.1899	88.9354	34.8537	115.9484	121.2314	0.9400	410.4329	-14.5404	-3.6728	36.8677	26.4250	0.5992	
774.7678	779.7778	5.0099	0.6425	1.7994	2.1738	2.1358	-0.3364	-18.6930	0.1042	0.1049	9.1443	2.6793	3.4042	-1.3870	4.0386	3.0038	3.0871	-0.0833	-2.7737	0.0000	19.2606	58.7896	75.7859	74.3159	-1.4700	-1.9781	377.7938	365.6667	-12.1271	-3.3164	230.4236	3.1122	411.1411	0.5733	nan	209.5281	146.9394	40.1840	88.9395	35.7394	121.1521	120.8645	0.9457	379.8075	-14.1408	-3.8671	35.4685	23.4297	0.5991	
774.4024	779.3750	4.9726	0.6380	1.7003	2.0810	2.0715	-0.3712	-21.8330	0.1021	0.1024	8.0787	2.3750	3.4000	-1.3672	3.8252	2.8431	2.9173	-0.0742	-2.6100	0.0000	17.3454	57.2753	73.3207	71.7280	-1.5927	-2.2205	353.6907	335.9812	-17.7094	-5.2710	230.4892	2.8950	377.9175	0.5664	nan	210.8512	138.7676	41.3022	88.9033	36.7190	124.8076	118.9078	0.9512	348.1213	-12.1401	-3.6133	34.0184	20.3971	0.5980	
778.3066	779.7778	1.4712	0.1887	1.5997	1.9512	1.9774	-0.3778	-23.6157	0.1002	0.0996	7.2168	2.1842	3.3015	-1.2948	3.6455	2.7062	2.7607	-0.0546	-2.0163	0.0000	15.4231	55.6789	70.7767	69.3204	-1.4563	-2.1008	326.2599	310.5778	-15.6821	-5.0493	230.5240	2.7052	349.6467	0.5607	nan	212.0859	130.6257	42.0589	88.8262	37.3593	127.1611	115.8237	0.9559	320.2242	-9.6464	-3.1060	32.6852	18.6744	0.5911	
784.7556	780.1111	-4.6445	-0.5954	1.5002	1.8155	1.7840	-0.2838	-18.9185	0.0964	0.0969	5.6999	1.8686	3.0491	-1.2591	3.4024	2.5554	2.6065	-0.0512	-2.0019	0.0000	13.5573	53.5861	67.7090	66.5564	-1.1525	-1.7316	283.2119	282.9867	-0.2252	-0.0796	230.5352	2.4974	319.0100	0.5541	nan	213.2204	122.5578	43.3087	88.7078	38.4182	128.2900	112.1739	0.9606	292.9950	-10.0084	-3.5367	31.2150	16.1569	0.5871	
781.8724	780.4444	-1.4280	-0.1830	1.3998	1.7114	1.7194	-0.3197	-22.8361	0.0943	0.0944	5.0815	1.6611	3.0486	-1.1402	3.2270	2.3940	2.4651	-0.0710	-2.9677	0.0000	12.2650	51.3836	64.7068	63.5187	-1.1881	-1.8705	265.6113	254.2878	-11.3235	-4.4530	230.5352	2.2783	287.2922	0.5470	nan	214.3048	114.4010	44.9888	88.5119	39.8204	128.3584	108.0850	0.9655	263.8361	-9.5483	-3.7549	29.6396	13.2333	0.5847	
781.7617	781.1250	-0.6367	-0.0815	1.3000	1.5733	1.5504	-0.2504	-19.2624	0.0908	0.0911	4.0883	1.4403	2.8347	-1.1756	2.9785	2.2302	2.2762	-0.0459	-2.0601	0.0000	10.2926	49.2967	61.6790	60.4147	-1.2642	-2.0926	231.9177	226.4125	-5.5052	-2.4315	230.5019	2.0633	256.4837	0.5393	nan	215.5672	106.3390	46.9669	88.2756	41.4603	127.4949	103.6003	0.9702	233.7874	-7.3749	-3.2573	28.0261	10.4295	0.5829	
784.3691	780.1250	-4.2441	-0.5440	1.1995	1.4349	1.4579	-0.2584	-21.5464	0.0885	0.0880	3.3819	1.2310	2.7477	-1.1135	2.7291	2.0649	2.1193	-0.0544	-2.6344	0.0000	8.2628	47.1390	58.6214	57.2933	-1.3281	-2.3181	209.6498	199.7512	-9.8986	-4.9555	230.4265	1.8540	226.9612	0.5313	nan	216.5546	97.9926	49.0574	88.0112	43.1759	125.9477	99.0679	0.9748	208.1363	-8.3850	-4.1977	26.4568	8.1861	0.5809	
780.2881	780.6250	0.3369	0.0432	1.1000	1.3413	1.3274	-0.2274	-20.6702	0.0855	0.0858	2.4972	0.9634	2.5877	-1.0539	2.5582	1.9081	1.9813	-0.0731	-3.8331	0.0000	7.2739	44.8711	55.6751	54.3504	-1.3247	-2.4374	184.7543	175.8838	-8.8706	-5.0434	230.3163	1.6641	200.6525	0.5235	nan	217.3507	89.9216	51.1265	87.6558	44.8153	123.9492	94.5931	0.9792	184.7564	-8.8726	-5.0446	25.0060	6.5134	0.5765	
783.9223	778.8889	-5.0335	-0.6462	0.9993	1.1941	1.1901	-0.1908	-19.0917	0.0831	0.0830	2.0270	0.8559	2.3681	-0.9843	2.3180	1.7627	1.8065	-0.0438	-2.4867	0.0000	5.5160	42.7564	52.8047	51.6042	-1.2005	-2.3263	159.0327	154.9133	-4.1194	-2.6592	230.2299	1.4932	177.4889	0.5163	nan	218.1692	81.5107	52.6169	87.2806	45.9244	121.2527	90.1418	0.9833	162.3833	-7.4700	-4.8220	23.6534	6.1336	0.5669	
781.5531	781.0000	-0.5531	-0.0708	0.9006	1.0912	1.0911	-0.1906	-21.1620	0.0808	0.0808	1.4258	0.6296	2.2504	-0.8944	2.1243	1.5989	1.6691	-0.0702	-4.3915	0.0000	4.3845	40.7139	50.1548	48.6064	-1.5483	-3.1855	141.7692	132.9911	-8.7781	-6.6005	230.2089	1.3119	153.2111	0.5073	nan	218.9382	73.6530	55.3819	86.8025	48.0729	117.9856	85.8887	0.9880	141.3515	-8.3604	-6.2864	22.2011	4.5146	0.5632	
781.7499	779.7500	-1.9999	-0.2565	0.8008	0.9523	0.9403	-0.1396	-17.4276	0.0778	0.0780	0.8336	0.4109	2.0168	-0.8326	1.8977	1.4277	1.4780	-0.0503	-3.5213	0.0000	3.1568	38.3579	47.1387	45.4672	-1.6715	-3.6762	118.0976	111.6750	-6.4226	-5.7511	230.2502	1.1321	129.6550	0.4974	nan	219.9443	65.3853	58.5497	86.1324	50.4303	114.3248	81.6777	0.9932	118.3924	-6.7174	-6.0152	20.6722	3.0425	0.5608	
784.5615	780.0000	-4.5615	-0.5848	0.6995	0.8258	0.8256	-0.1261	-18.0248	0.0761	0.0761	0.5111	0.2797	1.8065	-0.7898	1.6884	1.2536	1.3196	-0.0660	-5.2647	0.0000	2.1658	36.3083	44.5516	42.4900	-2.0616	-4.8520	99.4416	91.9925	-7.4491	-8.0976	230.3193	0.9617	107.8625	0.4870	nan	220.7375	57.1360	62.1095	85.2868	52.9712	110.4435	77.7295	0.9971	100.7611	-8.7686	-9.5319	19.2492	1.8994	0.5580	
781.6505	780.8889	-0.7616	-0.0975	0.6006	0.7324	0.7346	-0.1341	-22.3219	0.0748	0.0747	0.1888	0.1142	1.6409	-0.6530	1.4716	1.0871	1.1639	-0.0767	-7.0562	0.0000	1.2164	34.4169	42.1812	39.8113	-2.3698	-5.9527	85.0187	74.9089	-10.1098	-13.4961	230.3600	0.8094	88.8722	0.4766	nan	221.4675	49.1104	65.5647	84.2879	55.2630	106.5060	74.1340	0.9992	84.6602	-9.7513	-13.0175	17.9763	1.3049	0.5524	
782.7679	779.7500	-3.0179	-0.3870	0.4991	0.6170	0.6187	-0.1196	-23.9572	0.0738	0.0738	0.0630	0.0444	1.3990	-0.5652	1.2738	0.9301	1.0029	-0.0728	-7.8250	0.0000	0.7357	32.6632	40.0162	37.5686	-2.4476	-6.5149	68.6662	60.4825	-8.1837	-13.5307	230.4248	0.6737	72.7988	0.4690	nan	222.1663	40.7562	67.3858	83.0817	55.9852	102.6710	70.7781	0.9993	68.8693	-8.3868	-13.8664	16.9102	2.0051	0.5366	
782.8688	780.4444	-2.4243	-0.3106	0.3997	0.5008	0.5024	-0.1028	-25.7135	0.0731	0.0730	-0.0097	-0.0096	1.1413	-0.4384	1.0418	0.7517	0.8250	-0.0733	-9.7521	0.0000	0.2287	30.8078	37.7346	35.1541	-2.5805	-7.3405	52.8371	45.6244	-7.2127	-15.8088	230.4941	0.5340	56.2544	0.4570	nan	222.8074	32.6640	71.5931	81.1037	58.0647	98.6397	67.6215	0.9968	53.0480	-7.4236	-16.2710	15.7778	1.5300	0.5317	
782.4865	780.0000	-2.4865	-0.3188	0.3005	0.3875	0.3836	-0.0831	-27.6596	0.0722	0.0722	-0.0552	-0.0671	0.8863	-0.3259	0.8303	0.5683	0.6486	-0.0803	-14.1306	0.0000	-0.1759	28.9431	35.4491	32.8037	-2.6453	-8.0641	38.5969	31.9075	-6.6894	-20.9651	230.5595	0.4022	40.9850	0.4420	nan	223.5176	24.5454	76.9304	77.8509	59.8904	94.8151	64.7404	0.9882	38.7993	-6.8918	-21.5993	14.6762	0.9069	0.5288	
779.5362	781.2222	1.6861	0.2158	0.2029	0.2868	0.2693	-0.0664	-32.7350	0.0713	0.0714	-0.0670	-0.1036	0.6298	-0.2492	0.5932	0.3723	0.4743	-0.1020	-27.3868	0.0000	-0.2589	27.1312	33.2309	31.0251	-2.2058	-7.1098	25.7396	19.7256	-6.0140	-30.4885	230.6046	0.2819	27.3478	0.4207	nan	224.2892	16.5983	84.1422	72.1190	60.6829	91.0510	62.1573	0.9859	26.0019	-6.2764	-31.8185	13.8327	0.3891	0.5449	



Step N. = 	3
Target Speed = 	900

Speed Mainboard (rpm_M)	Speed TestBench (rpm_M)	Speed Error (rpm_M)	Speed Error %	Torque TestBench (Nm_M)	Torque Ref (Nm)	Torque MainBoard (Nm_M)	Torque MainBoard Error (Nm_M)	Torque MainBoard Error %	Flux Ref (V/rad/s)	Flux (V/rad/s)	Id * Iq (A^2)	Id (Apeak)	Iq (Apeak)	Id Rotor (Apeak)	Iq Rotor (Apeak)	IMotor Measured (Arms)	IMotor MainBoard (Arms)	IMotor Error (Arms)	IMotor Error %	Motor Current THD %	Vsdref (Vpeak)	Vsqref (Vpeak)	Vout MainBoard (Vrms)	Vout Measured (Vrms)	Vout Error (Vrms)	Vout Error %	Motor Power MainBoard (W)	Motor Power Measured (W)	Motor Power Error (W)	Motor Power Error %	Line Voltage (Vrms)	Line Current (Arms)	Line Power (W)	Line Power Factor	Bulk Ripple (V)	DC Bus Voltage (Vrms)	Motor Mechanical Power (W)	Motor Efficiency	Inverter Efficiency	Overall Efficiency	Temperature (deg C)	Estimated Temperature (deg C)	Motor cos-phi	Electrical Power Alpha-Beta [W]	Electrical Power Error [W]	Electrical Power Error [%]	Bus Voltage Usage [%]	Rotational Losses [W]	Kt [Nm/Arms]	
879.4877	877.5000	-1.9877	-0.2265	2.4005	2.5836	2.3297	0.0708	2.9489	0.1175	0.1151	14.9692	4.5243	3.3064	-2.0752	5.7389	4.1671	4.1790	-0.0118	-0.2839	0.0000	26.0910	64.0170	84.7066	87.9412	3.2346	3.6782	494.1086	560.7550	66.6464	11.8851	230.4977	4.4725	638.5775	0.6194	nan	201.5233	220.5857	39.3389	87.8126	34.5443	59.0380	81.1770	0.8834	574.8062	-14.0512	-2.5058	43.6383	32.1178	0.5761	
889.0010	893.8889	4.8879	0.5468	2.2994	2.5095	2.4343	-0.1348	-5.8638	0.1104	0.1134	14.3578	3.9847	3.6087	-1.8568	5.3073	3.9463	3.9597	-0.0134	-0.3392	0.0000	28.8135	67.0376	89.5874	88.6057	-0.9817	-1.1080	537.1524	543.1411	5.9887	1.1026	230.4397	4.3620	613.6267	0.6105	nan	202.4796	215.2461	39.6309	88.5131	35.0784	75.6424	101.5214	0.8968	554.4193	-11.2781	-2.0765	43.7604	35.3744	0.5827	
891.6077	898.5000	6.8923	0.7671	2.1997	2.4365	2.3912	-0.1915	-8.7040	0.1123	0.1105	14.6406	4.1732	3.4989	-1.9877	5.1704	3.7538	3.7656	-0.0118	-0.3139	0.0000	30.2709	68.3368	91.5648	88.6980	-2.8668	-3.2321	548.0254	522.6275	-25.3979	-4.8597	230.2728	4.2275	587.7300	0.6037	nan	203.3113	206.9760	39.6038	88.9229	35.2168	91.1700	115.4997	0.9062	533.5562	-10.9287	-2.0911	43.6267	37.2085	0.5860	
892.8454	898.9000	6.0546	0.6736	2.0991	2.3624	2.4295	-0.3304	-15.7392	0.1105	0.1094	13.4703	3.5919	3.7477	-1.5688	4.7362	3.5637	3.5730	-0.0093	-0.2617	0.0000	26.1181	66.8040	87.8566	87.4619	-0.3947	-0.4513	516.5365	493.6130	-22.9235	-4.6440	230.1486	4.0303	553.7530	0.5970	nan	204.4434	197.5936	40.0308	89.1395	35.6832	103.0185	123.1787	0.9143	500.1267	-6.5137	-1.3196	42.7805	35.6089	0.5890	
897.8414	898.8889	1.0474	0.1165	1.9993	2.2630	2.1979	-0.1986	-9.9313	0.1056	0.1071	10.4323	3.0071	3.4692	-1.5614	4.3985	3.3806	3.3902	-0.0096	-0.2838	0.0000	22.5914	66.5719	86.1487	85.7172	-0.4315	-0.5034	448.3010	462.6011	14.3001	3.0912	230.2033	3.8129	518.0833	0.5903	nan	205.8870	188.2000	40.6834	89.2908	36.3265	112.7428	126.9248	0.9217	468.9226	-6.3215	-1.3665	41.6332	33.0698	0.5914	
909.2731	899.2222	-10.0509	-1.1177	1.8994	2.1226	2.1592	-0.2598	-13.6774	0.1047	0.1047	9.7129	2.8160	3.4449	-1.4054	4.1670	3.2032	3.2132	-0.0099	-0.3095	0.0000	21.3119	65.2027	84.0730	83.4857	-0.5874	-0.7036	427.6027	430.0600	2.4573	0.5714	230.3967	3.5804	481.1367	0.5833	nan	207.5057	178.8636	41.5905	89.3842	37.1753	119.8594	127.6255	0.9285	435.1145	-5.0545	-1.1753	40.2329	29.9371	0.5930	
888.3727	900.0000	11.6273	1.2919	1.8004	2.1352	2.1183	-0.3178	-17.6522	0.1039	0.1029	9.4580	2.7724	3.4106	-1.6779	4.1099	3.0329	3.0413	-0.0084	-0.2760	0.0000	21.4874	63.0535	81.6122	80.9284	-0.6838	-0.8449	412.2462	397.3478	-14.8984	-3.7495	230.5397	3.3433	444.4467	0.5766	nan	208.9319	169.6878	42.7052	89.4028	38.1796	125.2159	126.2704	0.9347	401.6390	-4.2913	-1.0800	38.7344	26.2125	0.5936	
905.0882	899.0000	-6.0882	-0.6772	1.6987	1.9510	1.9934	-0.2947	-17.3512	0.1008	0.1007	8.0413	2.4400	3.2884	-1.0890	3.9071	2.8679	2.8752	-0.0074	-0.2571	0.0000	18.5540	61.6911	78.9115	78.1379	-0.7736	-0.9901	372.4586	365.0267	-7.4320	-2.0360	230.5243	3.1075	408.4944	0.5702	nan	210.2592	159.9176	43.8100	89.3590	39.1481	128.9191	123.5151	0.9405	368.1325	-3.1058	-0.8509	37.1627	23.0721	0.5923	
904.4405	900.1429	-4.2976	-0.4774	1.5996	1.8613	1.8051	-0.2055	-12.8460	0.0972	0.0983	6.4733	2.1341	3.0333	-1.2443	3.5611	2.7274	2.7352	-0.0078	-0.2874	0.0000	14.3535	60.1858	75.7819	75.5640	-0.2179	-0.2883	319.7365	337.4900	17.7535	5.2604	230.3421	2.9101	377.8657	0.5637	nan	211.1455	150.7801	44.6769	89.3148	39.9031	131.2329	120.0321	0.9455	341.2716	-3.7816	-1.1205	35.7876	20.9911	0.5865	
899.0022	899.6000	0.5978	0.0665	1.4996	1.7766	1.7794	-0.2798	-18.6616	0.0959	0.0957	5.9821	1.9259	3.1070	-1.3166	3.4288	2.5724	2.5793	-0.0069	-0.2672	0.0000	14.8292	57.8110	73.1021	72.5854	-0.5167	-0.7119	312.3131	307.4450	-4.8681	-1.5834	230.1960	2.6869	344.6140	0.5572	nan	212.2707	141.2713	45.9501	89.2143	40.9941	132.3925	115.9816	0.9507	310.1632	-2.7182	-0.8841	34.1947	18.2693	0.5830	
899.3548	899.8889	0.5341	0.0593	1.3997	1.6513	1.6946	-0.2950	-21.0751	0.0935	0.0927	5.2419	1.7191	3.0496	-1.2488	3.1693	2.4088	2.4147	-0.0058	-0.2428	0.0000	12.2256	55.3941	69.4818	69.3683	-0.1134	-0.1635	284.9345	276.6478	-8.2867	-2.9954	230.2863	2.4554	310.6144	0.5493	nan	213.6707	131.8992	47.6776	89.0647	42.4640	132.4896	111.3818	0.9559	278.6436	-1.9958	-0.7214	32.4651	15.0172	0.5811	
898.2214	897.8889	-0.3325	-0.0370	1.2992	1.5285	1.5376	-0.2383	-18.3448	0.0903	0.0900	4.3560	1.5408	2.8267	-1.1643	3.0304	2.2423	2.2491	-0.0068	-0.3049	0.0000	11.4918	53.0791	66.5156	66.0772	-0.4383	-0.6634	251.6500	246.6289	-5.0211	-2.0359	230.5012	2.2249	277.5244	0.5411	nan	215.0458	122.1616	49.5325	88.8674	44.0183	131.4788	106.5843	0.9610	248.7683	-2.1394	-0.8675	30.7270	12.3769	0.5794	
901.4896	900.7778	-0.7119	-0.0790	1.1993	1.3821	1.4284	-0.2291	-19.1029	0.0875	0.0869	3.4398	1.2508	2.7522	-1.0594	2.7788	2.0751	2.0802	-0.0051	-0.2442	0.0000	9.4841	50.7082	63.1852	62.7802	-0.4050	-0.6451	227.1148	218.0011	-9.1137	-4.1806	230.6020	2.0015	246.0500	0.5331	nan	216.3255	113.1322	51.8953	88.6003	45.9794	129.6457	101.7856	0.9661	219.3878	-1.3867	-0.6361	29.0212	9.3666	0.5780	
899.2501	901.2222	1.9722	0.2188	1.1010	1.2721	1.2716	-0.1706	-15.4908	0.0846	0.0845	2.6810	1.0660	2.5159	-0.9710	2.5205	1.9173	1.9219	-0.0046	-0.2416	0.0000	7.4120	48.5481	60.1508	59.6846	-0.4663	-0.7812	195.0572	192.4278	-2.6295	-1.3665	230.3857	1.8002	217.8922	0.5254	nan	217.1818	103.9077	53.9994	88.3132	47.6886	127.1955	96.9516	0.9709	194.1013	-1.6735	-0.8697	27.4814	7.5573	0.5743	
901.4406	901.8571	0.4165	0.0462	0.9993	1.1479	1.1669	-0.1676	-16.7743	0.0823	0.0821	2.0800	0.8769	2.3702	-0.8824	2.3296	1.7679	1.7730	-0.0051	-0.2873	0.0000	6.3341	46.3548	57.3013	56.7629	-0.5385	-0.9486	173.1561	169.5657	-3.5904	-2.1174	230.2806	1.6159	192.7643	0.5180	nan	218.0245	94.3748	55.6568	87.9653	48.9587	124.1495	92.2606	0.9756	171.3511	-1.7853	-1.0529	26.0351	6.9496	0.5652	
900.4176	898.8750	-1.5426	-0.1716	0.8984	1.0289	1.0238	-0.1254	-13.9624	0.0792	0.0795	1.3946	0.6498	2.1464	-0.8190	2.0741	1.5992	1.6034	-0.0042	-0.2603	0.0000	4.3417	44.0433	54.2042	53.5838	-0.6205	-1.1580	146.0530	145.6075	-0.4455	-0.3060	230.5946	1.4186	166.3938	0.5087	nan	219.2871	84.5640	58.0766	87.5078	50.8216	120.8574	87.8962	0.9810	147.5398	-1.9323	-1.3270	24.4354	5.7338	0.5618	
902.6996	898.7778	-3.9218	-0.4363	0.7989	0.8938	0.9029	-0.1040	-13.0187	0.0773	0.0772	0.9498	0.4876	1.9486	-0.7395	1.8669	1.4246	1.4291	-0.0044	-0.3123	0.0000	3.3456	41.6293	51.1501	50.2979	-0.8522	-1.6943	124.1283	122.5422	-1.5860	-1.2943	230.4897	1.2265	140.9800	0.4987	nan	220.0878	75.1912	61.3596	86.9217	53.3348	117.1255	83.7800	0.9874	124.9718	-2.4296	-1.9827	22.8536	3.9348	0.5608	
901.3181	899.8889	-1.4292	-0.1588	0.7000	0.7787	0.7800	-0.0800	-11.4345	0.0756	0.0754	0.6131	0.3588	1.7110	-0.6512	1.6580	1.2453	1.2476	-0.0023	-0.1838	0.0000	2.4933	39.3994	48.3512	47.1660	-1.1852	-2.5128	102.4651	100.9856	-1.4796	-1.4651	230.2908	1.0430	117.1600	0.4878	nan	220.8230	65.9652	65.3217	86.1945	56.3037	113.0985	79.7441	0.9927	103.5906	-2.6051	-2.5797	21.3592	2.2400	0.5621	
897.4894	899.6667	2.1773	0.2420	0.6001	0.6833	0.6727	-0.0726	-12.0971	0.0741	0.0742	0.2690	0.1774	1.5139	-0.5545	1.4311	1.0744	1.0757	-0.0012	-0.1163	0.0000	1.5730	37.3235	45.7527	44.3790	-1.3737	-3.0953	85.1792	82.2889	-2.8903	-3.5124	230.6141	0.8777	96.5544	0.4770	nan	221.9119	56.5384	68.7108	85.2249	58.5584	109.0300	75.9349	0.9964	84.6596	-2.3707	-2.8809	19.9985	1.6438	0.5585	
900.7529	900.2222	-0.5307	-0.0589	0.4996	0.5665	0.5690	-0.0695	-13.9109	0.0735	0.0735	0.1691	0.1312	1.2881	-0.4314	1.2185	0.9156	0.9188	-0.0032	-0.3504	0.0000	1.0911	35.6861	43.7269	42.0787	-1.6483	-3.9171	69.1724	66.6067	-2.5657	-3.8520	230.5590	0.7332	79.1600	0.4683	nan	222.4488	47.0936	70.7040	84.1418	59.4916	104.9826	72.5086	0.9981	69.2201	-2.6134	-3.9237	18.9161	2.2185	0.5456	
902.4681	898.2000	-4.2681	-0.4752	0.3992	0.4424	0.4574	-0.0582	-14.5876	0.0728	0.0727	0.0464	0.0438	1.0520	-0.3071	1.0013	0.7366	0.7379	-0.0012	-0.1658	0.0000	0.7316	33.8267	41.4390	39.6388	-1.8002	-4.5415	53.4252	50.5260	-2.8992	-5.7380	230.3042	0.5837	61.3100	0.4561	nan	222.7188	37.5485	74.3157	82.4107	61.2439	101.2668	69.4682	0.9990	52.7769	-2.2509	-4.4550	17.7977	1.9103	0.5419	
900.8145	901.0000	0.1855	0.0206	0.3021	0.3354	0.3388	-0.0367	-12.1422	0.0718	0.0718	-0.0148	-0.0186	0.7867	-0.2039	0.7415	0.5553	0.5559	-0.0006	-0.1098	0.0000	0.2198	31.7650	38.9051	37.2922	-1.6129	-4.3251	37.4871	35.7991	-1.6881	-4.7154	230.4516	0.4416	45.0182	0.4423	nan	223.6358	28.5024	79.6333	79.5162	63.3201	97.3122	66.8419	0.9980	37.3277	-1.5286	-4.2699	16.6754	1.0844	0.5440	
900.5404	899.2500	-1.2904	-0.1435	0.2060	0.2158	0.2154	-0.0094	-4.5778	0.0711	0.0711	-0.0001	0.0003	0.5086	-0.0793	0.5093	0.3653	0.3628	0.0025	0.6824	0.0000	0.4168	29.8767	36.5950	35.4960	-1.0990	-3.0960	22.8004	22.3925	-0.4079	-1.8217	230.6775	0.3104	30.2100	0.4219	nan	224.6457	19.4003	86.6562	74.1121	64.2203	93.2760	64.1316	0.9970	22.6141	-0.2216	-0.9897	15.8009	0.3380	0.5639	



Step N. = 	4
Target Speed = 	1200

Speed Mainboard (rpm_M)	Speed TestBench (rpm_M)	Speed Error (rpm_M)	Speed Error %	Torque TestBench (Nm_M)	Torque Ref (Nm)	Torque MainBoard (Nm_M)	Torque MainBoard Error (Nm_M)	Torque MainBoard Error %	Flux Ref (V/rad/s)	Flux (V/rad/s)	Id * Iq (A^2)	Id (Apeak)	Iq (Apeak)	Id Rotor (Apeak)	Iq Rotor (Apeak)	IMotor Measured (Arms)	IMotor MainBoard (Arms)	IMotor Error (Arms)	IMotor Error %	Motor Current THD %	Vsdref (Vpeak)	Vsqref (Vpeak)	Vout MainBoard (Vrms)	Vout Measured (Vrms)	Vout Error (Vrms)	Vout Error %	Motor Power MainBoard (W)	Motor Power Measured (W)	Motor Power Error (W)	Motor Power Error %	Line Voltage (Vrms)	Line Current (Arms)	Line Power (W)	Line Power Factor	Bulk Ripple (V)	DC Bus Voltage (Vrms)	Motor Mechanical Power (W)	Motor Efficiency	Inverter Efficiency	Overall Efficiency	Temperature (deg C)	Estimated Temperature (deg C)	Motor cos-phi	Electrical Power Alpha-Beta [W]	Electrical Power Error [W]	Electrical Power Error [%]	Bus Voltage Usage [%]	Rotational Losses [W]	Kt [Nm/Arms]	
1117.0223	1123.6667	6.6444	0.5913	2.3999	2.5719	2.7284	-0.3285	-13.6896	0.1136	0.1143	18.8669	4.7987	3.9276	-2.1019	5.5533	4.2370	4.2459	-0.0089	-0.2106	0.0000	32.4916	81.1082	107.0971	103.2873	-3.8097	-3.6885	708.9089	646.1133	-62.7955	-9.7190	230.5280	5.0814	728.8956	0.6222	nan	199.3887	282.3949	43.7090	88.6421	38.7443	61.9894	81.1332	0.8524	648.3616	-2.2483	-0.3480	51.8021	41.9148	0.5664	
1203.2935	1181.6667	-21.6268	-1.8302	2.2992	2.4409	2.5113	-0.2120	-9.2221	0.1140	0.1117	16.4232	4.4374	3.7350	-1.5461	5.2918	4.0342	4.1053	-0.0712	-1.7640	0.0000	30.0192	82.6238	107.7336	105.8339	-1.8997	-1.7950	662.0241	639.3422	-22.6819	-3.5477	230.5244	5.0224	715.7800	0.6182	nan	199.3393	284.5146	44.5019	89.3209	39.7495	78.9676	105.1381	0.8646	651.0893	-11.7471	-1.8374	53.0923	45.7281	0.5699	
1226.4592	1194.1429	-32.3163	-2.7062	2.2001	2.2506	2.3730	-0.1728	-7.8562	0.1135	0.1089	15.5993	4.4818	3.4842	-1.7575	4.9786	3.8315	3.8965	-0.0650	-1.6959	0.0000	27.6490	81.1573	105.0789	105.4947	0.4158	0.3941	610.8266	613.3343	2.5077	0.4089	230.5276	4.8478	683.9157	0.6120	nan	200.2088	275.1286	44.8582	89.6798	40.2287	93.7321	120.9488	0.8761	625.2361	-11.9019	-1.9405	52.6924	45.7560	0.5742	
1222.6159	1200.5556	-22.0604	-1.8375	2.0996	2.1849	2.3229	-0.2234	-10.6390	0.1077	0.1068	13.4207	3.6880	3.6338	-1.8402	4.7633	3.6277	3.7002	-0.0725	-1.9983	0.0000	25.9806	81.1213	104.3642	104.0804	-0.2837	-0.2726	586.6575	579.1478	-7.5097	-1.2967	230.5351	4.6124	644.0733	0.6057	nan	201.6478	263.9599	45.5776	89.9195	40.9831	105.8186	131.1001	0.8856	588.9205	-9.7728	-1.6874	51.6151	43.0236	0.5788	
1222.4056	1199.2222	-23.1834	-1.9332	2.0000	2.0990	2.1742	-0.1742	-8.7101	0.1049	0.1052	11.4009	3.3225	3.4408	-1.5600	4.6333	3.4293	3.4648	-0.0355	-1.0351	0.0000	27.0969	80.0603	103.5352	101.8979	-1.6373	-1.6068	547.7954	541.6456	-6.1498	-1.1354	230.5253	4.3553	601.2967	0.5989	nan	203.3784	251.1645	46.3710	90.0796	41.7708	116.1997	136.6541	0.8949	547.7715	-6.1259	-1.1310	50.1026	39.6026	0.5832	
1201.6609	1199.6667	-1.9942	-0.1662	1.8988	2.1124	2.0804	-0.1816	-9.5663	0.1026	0.1036	10.1968	3.0024	3.4125	-1.5433	4.3276	3.2432	3.2957	-0.0525	-1.6179	0.0000	24.0739	77.4921	99.3937	99.2720	-0.1217	-0.1226	504.8209	503.6311	-1.1898	-0.2362	230.4812	4.0918	558.5389	0.5922	nan	204.8816	238.5412	47.3643	90.1694	42.7081	123.8214	138.1867	0.9031	507.5326	-3.9015	-0.7747	48.4534	35.6523	0.5855	
1211.3609	1200.5556	-10.8054	-0.9000	1.7999	1.9833	1.9959	-0.1960	-10.8885	0.1004	0.1011	9.0027	2.7206	3.3108	-1.3667	4.0400	3.0678	3.1174	-0.0495	-1.6146	0.0000	21.1191	75.8685	96.4828	96.3477	-0.1352	-0.1403	462.9039	466.1022	3.1983	0.6862	230.4347	3.8283	516.6689	0.5857	nan	206.2245	226.2854	48.5485	90.2129	43.7970	129.2763	137.1971	0.9104	472.6934	-6.5911	-1.4141	46.7199	31.2963	0.5867	
1204.7450	1198.8889	-5.8561	-0.4885	1.7001	1.9169	1.9436	-0.2434	-14.3196	0.0992	0.0991	8.3790	2.5668	3.2666	-1.4056	3.8966	2.9019	2.9521	-0.0502	-1.7290	0.0000	20.2371	74.1124	94.1305	93.2527	-0.8778	-0.9413	441.1535	429.8911	-11.2624	-2.6198	230.4112	3.5713	476.4989	0.5791	nan	207.7214	213.4444	49.6509	90.2187	44.7944	132.9861	134.4672	0.9172	436.8702	-6.9791	-1.6234	44.8932	27.9122	0.5859	
1196.5859	1201.5556	4.9697	0.4136	1.5993	1.8559	1.8640	-0.2646	-16.5461	0.0970	0.0976	7.4230	2.3021	3.2274	-1.1372	3.7217	2.7457	2.7903	-0.0446	-1.6229	0.0000	18.2387	72.0199	91.0121	90.0933	-0.9188	-1.0198	411.9947	395.6511	-16.3436	-4.1308	230.4213	3.3269	438.6911	0.5723	nan	209.0592	201.2387	50.8627	90.1890	45.8725	135.1086	130.6897	0.9234	401.5161	-5.8650	-1.4824	43.0947	24.6148	0.5825	
1205.5885	1197.4286	-8.1599	-0.6815	1.4980	1.6908	1.6670	-0.1690	-11.2800	0.0938	0.0940	6.0493	2.0356	2.9707	-1.2692	3.5047	2.5847	2.5949	-0.0101	-0.3922	0.0000	16.7127	69.5905	87.6699	86.6959	-0.9740	-1.1235	361.1563	360.8057	-0.3506	-0.0972	230.4439	3.0739	400.3443	0.5652	nan	210.5584	187.8409	52.0615	90.1239	46.9198	136.1362	126.1676	0.9296	363.9603	-3.1546	-0.8743	41.1743	22.0639	0.5796	
1204.2768	1200.2222	-4.0545	-0.3378	1.3996	1.5947	1.6209	-0.2213	-15.8135	0.0916	0.0917	5.3875	1.8204	2.9573	-1.1609	3.2249	2.4182	2.4631	-0.0449	-1.8573	0.0000	13.9809	67.3382	84.2448	83.1202	-1.1246	-1.3529	337.0677	325.7678	-11.3000	-3.4687	230.4602	2.8162	361.8344	0.5575	nan	211.9586	175.9057	53.9973	90.0323	48.6150	136.1671	121.5605	0.9357	330.3180	-4.5502	-1.3968	39.2154	17.7732	0.5788	
1206.2380	1198.2222	-8.0157	-0.6690	1.2999	1.4644	1.4681	-0.1682	-12.9432	0.0887	0.0887	4.3482	1.5737	2.7639	-1.0619	3.0264	2.2477	2.2865	-0.0388	-1.7243	0.0000	12.3324	64.5058	80.4402	79.4162	-1.0240	-1.2894	296.6568	291.2478	-5.4090	-1.8572	230.4803	2.5586	324.0211	0.5495	nan	213.3105	163.1069	56.0028	89.8854	50.3383	135.0318	116.3863	0.9420	296.0587	-4.8110	-1.6518	37.2304	14.3743	0.5783	
1205.8774	1199.6667	-6.2107	-0.5177	1.1996	1.3487	1.3344	-0.1348	-11.2412	0.0860	0.0861	3.5423	1.3721	2.5820	-1.0521	2.7825	2.0789	2.1281	-0.0491	-2.3619	0.0000	10.1849	61.8743	76.8072	75.7700	-1.0372	-1.3688	260.5856	258.7000	-1.8856	-0.7289	230.5028	2.3108	288.3967	0.5414	nan	214.5939	150.6987	58.2523	89.7028	52.2540	133.1305	111.0752	0.9482	264.6633	-5.9633	-2.3051	35.3087	11.1969	0.5770	
1199.5850	1198.8750	-0.7100	-0.0592	1.0996	1.2547	1.2536	-0.1540	-14.0036	0.0847	0.0839	3.1727	1.2765	2.4843	-0.9608	2.5696	1.9168	1.9539	-0.0371	-1.9344	0.0000	8.6284	59.2205	73.2971	72.3051	-0.9919	-1.3719	237.2217	229.0387	-8.1829	-3.5727	230.5362	2.0805	256.0000	0.5337	nan	215.7923	138.0535	60.2753	89.4682	53.9273	130.3508	105.7734	0.9541	235.7543	-6.7155	-2.9320	33.5069	9.3348	0.5737	
1202.7877	1199.0000	-3.7877	-0.3159	0.9995	1.1258	1.1137	-0.1142	-11.4241	0.0813	0.0815	2.2654	0.9888	2.2854	-0.8513	2.3902	1.7651	1.7948	-0.0297	-1.6838	0.0000	7.2611	56.7279	70.0480	69.0795	-0.9685	-1.4019	205.3856	202.7363	-2.6494	-1.3068	230.5649	1.8727	227.2138	0.5262	nan	216.9387	125.4963	61.9013	89.2271	55.2327	127.2438	100.8479	0.9600	208.1186	-5.3823	-2.6548	31.8430	8.6099	0.5663	
1205.6631	1198.7500	-6.9131	-0.5767	0.8994	1.0097	1.0444	-0.1450	-16.1240	0.0800	0.0794	1.9519	0.8890	2.1806	-0.7068	2.1980	1.5958	1.6453	-0.0495	-3.1027	0.0000	6.1248	54.5252	67.2041	65.5987	-1.6053	-2.4472	186.8211	175.2850	-11.5361	-6.5813	230.5700	1.6540	197.2175	0.5171	nan	217.9592	112.9010	64.4101	88.8790	57.2470	123.7248	96.2289	0.9668	184.3324	-9.0474	-5.1615	30.0970	6.8541	0.5636	
1202.0061	1201.4444	-0.5617	-0.0467	0.7988	0.9039	0.8864	-0.0876	-10.9661	0.0770	0.0771	1.2139	0.6325	1.9166	-0.6927	1.9239	1.4177	1.4656	-0.0479	-3.3812	0.0000	4.3759	51.5996	63.4235	62.0676	-1.3560	-2.1846	152.5557	148.4856	-4.0701	-2.7411	230.5533	1.4362	167.8733	0.5070	nan	219.1263	100.4983	67.6823	88.4509	59.8656	119.8430	91.7141	0.9743	154.2712	-5.7857	-3.8965	28.3251	4.6520	0.5635	
1204.4822	1200.6667	-3.8155	-0.3178	0.6996	0.7791	0.7826	-0.0830	-11.8650	0.0755	0.0755	0.8446	0.4904	1.7208	-0.5553	1.7111	1.2352	1.2919	-0.0567	-4.5882	0.0000	3.4121	49.2960	60.5211	58.6904	-1.8307	-3.1192	129.7827	123.1956	-6.5871	-5.3469	230.5517	1.2265	140.2444	0.4960	nan	220.0945	87.9575	71.3970	87.8434	62.7175	115.6571	87.3532	0.9811	130.3218	-7.1263	-5.7845	26.6661	2.7415	0.5664	
1201.9775	1201.2222	-0.7552	-0.0629	0.6001	0.6798	0.6653	-0.0652	-10.8608	0.0741	0.0741	0.5228	0.3482	1.5016	-0.4091	1.4878	1.0636	1.1147	-0.0512	-4.8102	0.0000	2.4202	47.0486	57.6991	55.7994	-1.8997	-3.4045	107.2499	101.3467	-5.9032	-5.8248	230.5792	1.0401	116.3367	0.4851	nan	221.0231	75.4892	74.4912	87.1146	64.8926	111.3230	83.2655	0.9859	108.2521	-6.9055	-6.8137	25.2461	2.0720	0.5642	
1203.0255	1199.7500	-3.2755	-0.2730	0.4992	0.5539	0.5490	-0.0498	-9.9744	0.0734	0.0735	0.3210	0.2564	1.2499	-0.3304	1.2498	0.9066	0.9250	-0.0184	-2.0311	0.0000	1.6879	44.9120	55.0448	53.4274	-1.6175	-3.0274	84.8542	82.8925	-1.9617	-2.3666	230.6265	0.8768	96.1475	0.4755	nan	221.9783	62.7245	75.6697	86.2139	65.2378	106.9370	79.3978	0.9881	86.2501	-3.3576	-4.0505	24.0687	3.1133	0.5507	
1201.8258	1199.8889	-1.9369	-0.1614	0.3997	0.4759	0.4840	-0.0843	-21.1044	0.0730	0.0729	0.2028	0.1809	1.1071	-0.1904	1.0630	0.7295	0.7875	-0.0580	-7.9513	0.0000	1.4084	43.4344	53.2243	50.8838	-2.3405	-4.5997	72.6175	63.6767	-8.9408	-14.0410	230.6681	0.7010	75.1500	0.4648	nan	222.5866	50.2190	78.8657	84.7327	66.8251	102.7474	76.1978	0.9904	71.2961	-7.6194	-11.9658	22.8603	2.5554	0.5479	
1202.9987	1200.5556	-2.4432	-0.2035	0.2987	0.3612	0.3658	-0.0671	-22.4820	0.0721	0.0720	0.1209	0.1395	0.8419	-0.1272	0.8408	0.5443	0.6175	-0.0732	-13.4520	0.0000	0.9453	41.4442	50.7721	48.3298	-2.4423	-5.0534	52.6361	45.2144	-7.4217	-16.4143	230.7009	0.5290	54.9767	0.4505	nan	223.1992	37.5492	83.0453	82.2429	68.2990	98.6189	73.1863	0.9924	52.8690	-7.6545	-16.9294	21.6533	1.6726	0.5487	
1202.1425	1203.1429	1.0004	0.0831	0.2074	0.2605	0.2630	-0.0556	-26.8087	0.0713	0.0713	0.0572	0.0937	0.6140	-0.0357	0.5947	0.3732	0.4486	-0.0754	-20.2034	0.0000	0.7778	39.5421	48.4384	46.5801	-1.8582	-3.9893	36.5634	29.4800	-7.0834	-24.0277	230.7111	0.3793	37.8571	0.4325	nan	223.9434	26.1348	88.7298	77.8516	69.0690	94.7584	70.5803	0.9789	35.9064	-6.4264	-21.7990	20.8001	0.5618	0.5558	



Step N. = 	5
Target Speed = 	2000

Speed Mainboard (rpm_M)	Speed TestBench (rpm_M)	Speed Error (rpm_M)	Speed Error %	Torque TestBench (Nm_M)	Torque Ref (Nm)	Torque MainBoard (Nm_M)	Torque MainBoard Error (Nm_M)	Torque MainBoard Error %	Flux Ref (V/rad/s)	Flux (V/rad/s)	Id * Iq (A^2)	Id (Apeak)	Iq (Apeak)	Id Rotor (Apeak)	Iq Rotor (Apeak)	IMotor Measured (Arms)	IMotor MainBoard (Arms)	IMotor Error (Arms)	IMotor Error %	Motor Current THD %	Vsdref (Vpeak)	Vsqref (Vpeak)	Vout MainBoard (Vrms)	Vout Measured (Vrms)	Vout Error (Vrms)	Vout Error %	Motor Power MainBoard (W)	Motor Power Measured (W)	Motor Power Error (W)	Motor Power Error %	Line Voltage (Vrms)	Line Current (Arms)	Line Power (W)	Line Power Factor	Bulk Ripple (V)	DC Bus Voltage (Vrms)	Motor Mechanical Power (W)	Motor Efficiency	Inverter Efficiency	Overall Efficiency	Temperature (deg C)	Estimated Temperature (deg C)	Motor cos-phi	Electrical Power Alpha-Beta [W]	Electrical Power Error [W]	Electrical Power Error [%]	Bus Voltage Usage [%]	Rotational Losses [W]	Kt [Nm/Arms]	
2020.4911	1995.7500	-24.7411	-1.2397	1.9985	2.0221	2.1302	-0.1317	-6.5899	0.1038	0.1013	12.5059	3.6692	3.4228	-1.9518	4.6840	3.5285	3.5282	0.0003	0.0095	0.0000	10.6097	120.5017	148.9309	138.4343	-10.4967	-7.5824	667.1044	666.1975	-0.9069	-0.1361	230.1760	5.1599	738.7125	0.6220	nan	199.2439	417.6752	62.6962	90.1834	56.5414	55.0736	67.9816	0.7874	664.7517	1.4458	0.2170	69.4798	30.7549	0.5664	
1995.6863	1999.2222	3.5360	0.1769	1.8993	2.0223	2.0611	-0.1618	-8.5180	0.1011	0.1025	11.0750	3.1756	3.4579	-1.7461	4.4397	3.3248	3.3688	-0.0440	-1.3227	0.0000	20.2723	114.5991	143.0022	133.7783	-9.2239	-6.8949	688.2703	628.9422	-59.3281	-9.4330	230.2858	4.9085	693.9200	0.6139	nan	200.6736	397.6408	63.2238	90.6361	57.3036	65.9431	82.8598	0.8164	634.4268	-5.4846	-0.8720	66.6649	30.4007	0.5713	
2000.6732	2000.0000	-0.6732	-0.0337	1.8000	1.8989	1.8708	-0.0708	-3.9326	0.0978	0.0989	8.5140	2.6921	3.1738	-1.6944	4.2979	3.1355	3.1697	-0.0342	-1.0909	0.0000	24.2216	101.5656	128.1947	130.5239	2.3292	1.7845	578.5865	590.9920	12.4055	2.0991	230.4860	4.6718	650.4370	0.6041	nan	202.3026	376.9911	63.7898	90.8607	57.9598	75.5717	92.7449	0.8337	593.8307	-2.8387	-0.4803	64.5193	29.3737	0.5741	
2012.2586	1998.7500	-13.5086	-0.6759	1.6997	1.7489	1.8034	-0.1036	-6.0954	0.0963	0.0955	8.8370	2.8390	3.0905	-1.3075	3.7509	2.9457	2.9620	-0.0164	-0.5561	0.0000	21.8583	101.9982	127.9549	126.8353	-1.1196	-0.8828	565.4856	549.2875	-16.1981	-2.9489	230.5948	4.3714	603.3700	0.5986	nan	204.0749	355.7723	64.7699	91.0366	58.9643	83.1470	98.1314	0.8488	553.5444	-4.2569	-0.7750	62.1513	26.4364	0.5770	
2003.4472	1999.2222	-4.2249	-0.2113	1.5998	1.6776	1.7217	-0.1219	-7.6191	0.0945	0.0935	8.0826	2.6475	3.0511	-1.3650	3.7518	2.7665	2.7789	-0.0124	-0.4490	0.0000	16.0196	97.4391	121.1049	123.1074	2.0026	1.6267	508.4664	508.5333	0.0670	0.0132	230.6020	4.0915	558.1433	0.5916	nan	205.5694	334.9265	65.8613	91.1116	60.0073	88.8204	100.3526	0.8621	511.3421	-2.8088	-0.5523	59.8861	23.5019	0.5783	
1994.2114	1999.4286	5.2172	0.2609	1.5001	1.6178	1.6132	-0.1131	-7.5392	0.0924	0.0922	6.7128	2.3220	2.8868	-1.2853	3.5032	2.5956	2.6234	-0.0277	-1.0681	0.0000	19.8594	91.9272	115.2192	119.3344	4.1153	3.4485	466.1259	468.7471	2.6212	0.5592	230.5510	3.8262	514.1500	0.5828	nan	206.9500	314.0995	67.0083	91.1693	61.0910	92.4437	100.4052	0.8737	471.3589	-2.6118	-0.5572	57.6634	20.9787	0.5779	
2014.0594	2000.7778	-13.2816	-0.6638	1.4001	1.4499	1.4995	-0.0994	-7.1001	0.0897	0.0881	5.9680	2.1286	2.8034	-1.1576	3.3426	2.4304	2.4563	-0.0259	-1.0644	0.0000	16.4063	94.1120	117.0344	115.5713	-1.4631	-1.2660	448.4962	430.1344	-18.3618	-4.2688	230.4492	3.5464	471.7044	0.5772	nan	208.1664	293.3526	68.2002	91.1873	62.1899	94.8904	98.9070	0.8841	435.7583	-5.6238	-1.3075	55.5190	18.6826	0.5761	
2003.0413	1999.3000	-3.7413	-0.1871	1.3001	1.3826	1.3909	-0.0908	-6.9807	0.0870	0.0870	4.9535	1.8568	2.6670	-0.9934	3.1080	2.2606	2.2873	-0.0267	-1.1795	0.0000	12.5800	91.1638	112.7544	111.6026	-1.1518	-1.0321	399.3482	390.9620	-8.3862	-2.1450	230.3155	3.2641	428.8040	0.5704	nan	209.5145	272.1972	69.6224	91.1750	63.4782	96.2802	96.3419	0.8947	396.4785	-5.5165	-1.4110	53.2675	16.1436	0.5751	
1994.4002	2000.4444	6.0442	0.3021	1.1996	1.2957	1.2683	-0.0687	-5.7275	0.0844	0.0851	3.8988	1.5654	2.4906	-0.8454	2.8209	2.0870	2.0987	-0.0117	-0.5594	0.0000	11.8935	87.2159	107.8617	107.4688	-0.3929	-0.3656	353.0381	351.7222	-1.3158	-0.3741	230.2517	2.9812	385.9233	0.5622	nan	211.0146	251.2900	71.4456	91.1379	65.1140	96.5273	93.0938	0.9054	353.9984	-2.2762	-0.6472	50.9296	12.8991	0.5748	
2001.7913	1999.7778	-2.0136	-0.1007	1.0998	1.1689	1.1668	-0.0670	-6.0910	0.0823	0.0824	3.1909	1.3498	2.3614	-0.7688	2.6117	1.9200	1.9332	-0.0132	-0.6858	0.0000	7.0457	85.8832	105.5525	103.5118	-2.0407	-1.9715	318.8092	315.2311	-3.5781	-1.1351	230.2530	2.7115	346.1600	0.5544	nan	212.4452	230.3113	73.0611	91.0651	66.5332	95.9056	89.5078	0.9158	318.1158	-2.8847	-0.9151	48.7240	10.9794	0.5728	
2005.0743	1999.4444	-5.6298	-0.2816	0.9996	1.0583	1.0655	-0.0660	-6.5982	0.0803	0.0801	2.6160	1.1784	2.2189	-0.7336	2.3694	1.7653	1.7784	-0.0131	-0.7404	0.0000	8.0493	82.1478	101.1203	99.8660	-1.2543	-1.2560	287.9507	282.5711	-5.3796	-1.9038	230.2656	2.4667	310.6333	0.5469	nan	213.7748	209.2882	74.0657	90.9661	67.3747	94.6732	85.8081	0.9254	284.7863	-2.2152	-0.7840	46.7155	11.0180	0.5662	
2008.5981	1999.7778	-8.8203	-0.4411	0.8998	0.9400	0.9639	-0.0641	-7.1210	0.0782	0.0778	2.0637	0.9972	2.0671	-0.5952	2.1195	1.5932	1.6233	-0.0301	-1.8883	0.0000	6.4554	77.4139	95.1557	95.8711	0.7155	0.7463	249.6671	247.7256	-1.9415	-0.7837	230.2748	2.2017	272.8022	0.5381	nan	215.1459	188.4281	76.0633	90.8077	69.0713	92.9555	82.1447	0.9364	250.8707	-3.1451	-1.2696	44.5610	8.8559	0.5648	
1996.8635	1999.1250	2.2615	0.1131	0.8000	0.8675	0.8513	-0.0513	-6.4122	0.0765	0.0766	1.4827	0.7997	1.8569	-0.5592	1.9267	1.4137	1.4306	-0.0169	-1.1965	0.0000	5.9995	74.8292	91.9556	91.9960	0.0404	0.0440	215.6320	213.2300	-2.4020	-1.1265	230.2854	1.9345	235.4287	0.5285	nan	216.5917	167.4783	78.5435	90.5709	71.1376	90.6732	78.4115	0.9466	216.3831	-3.1531	-1.4787	42.4744	6.3213	0.5659	
2008.7835	1999.7778	-9.0057	-0.4503	0.6998	0.7210	0.7390	-0.0392	-5.5989	0.0749	0.0746	1.0286	0.6253	1.6459	-0.4211	1.7278	1.2347	1.2522	-0.0175	-1.4191	0.0000	3.9852	72.8739	89.3962	88.3263	-1.0698	-1.2112	183.6416	180.6567	-2.9850	-1.6523	230.2839	1.6791	200.1467	0.5176	nan	217.8159	146.5447	81.1178	90.2621	73.2187	88.0976	74.8643	0.9564	184.9832	-4.3265	-2.3949	40.5509	4.2842	0.5668	
2005.4005	2001.6667	-3.7339	-0.1865	0.6008	0.6327	0.6433	-0.0426	-7.0842	0.0740	0.0739	0.7025	0.4829	1.4532	-0.2709	1.5294	1.0627	1.0910	-0.0283	-2.6622	0.0000	3.3192	71.4014	87.5450	85.3786	-2.1664	-2.5375	158.1042	151.1289	-6.9753	-4.6155	230.3069	1.4433	168.2544	0.5062	nan	218.9928	125.9316	83.3304	89.8215	74.8485	85.2896	71.3929	0.9616	156.3269	-5.1980	-3.4395	38.9870	3.2973	0.5653	
2005.7509	1998.2222	-7.5287	-0.3768	0.4997	0.5349	0.5452	-0.0455	-9.1095	0.0734	0.0733	0.4971	0.4034	1.2348	-0.2169	1.2887	0.9114	0.9379	-0.0265	-2.9067	0.0000	2.5539	69.4288	85.0903	83.0076	-2.0828	-2.5091	130.1712	126.2467	-3.9246	-3.1086	230.3678	1.2380	141.4567	0.4960	nan	220.0866	104.5569	82.8195	89.2476	73.9145	82.3921	68.2223	0.9635	130.0186	-3.7719	-2.9877	37.7159	5.7350	0.5482	
2000.1653	2000.2222	0.0570	0.0028	0.4004	0.4603	0.4419	-0.0414	-10.3420	0.0727	0.0728	0.2844	0.2809	1.0140	-0.0735	1.0750	0.7418	0.7794	-0.0377	-5.0786	0.0000	1.7789	67.3424	82.5089	80.3787	-2.1302	-2.6502	103.2026	99.7022	-3.5004	-3.5108	230.4521	1.0157	112.9344	0.4825	nan	221.1830	83.8781	84.1290	88.2832	74.2717	79.5313	65.3826	0.9655	104.2088	-4.5066	-4.5201	36.3404	5.3545	0.5399	
2003.2268	2000.7778	-2.4490	-0.1224	0.2998	0.3433	0.3370	-0.0372	-12.4121	0.0718	0.0718	0.1622	0.2063	0.7894	0.0064	0.8204	0.5567	0.5968	-0.0401	-7.2023	0.0000	0.7178	64.8132	79.3867	77.5659	-1.8208	-2.3475	77.0151	72.2600	-4.7551	-6.5806	230.5592	0.7777	83.5122	0.4657	nan	222.3322	62.8100	86.9226	86.5263	75.2110	76.6924	62.7878	0.9661	77.6561	-5.3961	-7.4677	34.8875	3.6079	0.5385	
2004.0620	2003.0000	-1.0620	-0.0530	0.2080	0.2477	0.2483	-0.0403	-19.3955	0.0712	0.0712	0.1046	0.1800	0.5871	0.0601	0.6259	0.3924	0.4533	-0.0609	-15.5205	0.0000	1.5645	63.3573	77.6203	75.6691	-1.9512	-2.5786	56.2653	48.6013	-7.6641	-15.7693	230.6347	0.5640	58.3263	0.4484	nan	223.1661	43.6294	89.7691	83.3204	74.7963	73.9926	60.5279	0.9449	55.8834	-7.2822	-14.9835	33.9072	2.0959	0.5301	



