WindyBPMp50_330uF__HefeiH24_ID12__HighSpeedPower_230Vac_20250613_093208
Report created on: 2025/06/13: 11:12:23


Step N. = 	0
Target Speed = 	18000

Speed Mainboard (rpm_M)	Speed TestBench (rpm_M)	Speed Error (rpm_M)	Speed Error %	Torque TestBench (Nm_M)	Torque Ref (Nm)	Torque MainBoard (Nm_M)	Torque MainBoard Error (Nm_M)	Torque MainBoard Error %	Flux Ref (V/rad/s)	Flux (V/rad/s)	Id * Iq (A^2)	Id (Apeak)	Iq (Apeak)	Id Rotor (Apeak)	Iq Rotor (Apeak)	IMotor Measured (Arms)	IMotor MainBoard (Arms)	IMotor Error (Arms)	IMotor Error %	Motor Current THD %	Vsdref (Vpeak)	Vsqref (Vpeak)	Vout MainBoard (Vrms)	Vout Measured (Vrms)	Vout Error (Vrms)	Vout Error %	Motor Power MainBoard (W)	Motor Power Measured (W)	Motor Power Error (W)	Motor Power Error %	Line Voltage (Vrms)	Line Current (Arms)	Line Power (W)	Line Power Factor	Bulk Ripple (V)	DC Bus Voltage (Vrms)	Motor Mechanical Power (W)	Motor Efficiency	Inverter Efficiency	Overall Efficiency	Temperature (deg C)	Estimated Temperature (deg C)	Motor cos-phi	Electrical Power Alpha-Beta [W]	Electrical Power Error [W]	Electrical Power Error [%]	Bus Voltage Usage [%]	Rotational Losses [W]	Kt [Nm/Arms]	
18003.1327	18003.1327	0.0000	0.0000	0.2004	0.2095	0.2319	-0.0315	-15.7002	0.0210	0.0208	-4.3436	-2.3051	1.8963	-2.8488	0.3076	2.0635	2.0467	0.0168	0.8138	0.0000	-6.1061	183.0629	224.3357	209.8160	-14.5197	-6.9202	542.1420	438.3667	-103.7753	-23.6732	230.3283	2.7420	467.0344	0.7395	nan	206.1224	377.8946	86.2068	93.8618	80.9152	40.0654	71.7805	0.5846	473.6224	-35.2557	-8.0425	101.7919	21.5671	0.0971	
17994.2759	17994.2759	0.0000	0.0000	0.2107	0.2327	0.2522	-0.0415	-19.6803	0.0207	0.0204	-4.7323	-2.2578	2.1005	-2.9654	0.3553	2.0748	2.0535	0.0213	1.0284	0.0000	-3.8667	180.4154	221.0170	209.2682	-11.7487	-5.6142	581.5266	458.4850	-123.0416	-26.8366	230.3910	2.8554	488.2775	0.7422	nan	205.6397	397.1284	86.6174	93.8984	81.3325	40.4726	72.1691	0.6096	501.7756	-43.2906	-9.4421	101.7645	21.9583	0.1016	
17998.8126	17998.8126	0.0000	0.0000	0.2244	0.2385	0.2123	0.0121	5.4039	0.0203	0.0207	-4.3786	-2.5059	1.7478	-2.9785	0.3739	2.0893	2.0711	0.0182	0.8700	0.0000	-5.9444	181.2057	222.0603	208.7521	-13.3082	-6.3751	496.5667	482.9178	-13.6490	-2.8264	230.5667	2.9923	514.1200	0.7452	nan	205.4452	423.0395	87.5998	93.9310	82.2833	40.9062	72.5292	0.6393	522.9436	-40.0258	-8.2883	101.6096	19.8582	0.1074	
18004.3228	18004.3228	0.0000	0.0000	0.2378	0.2434	0.2251	0.0126	5.3171	0.0208	0.0208	-4.3172	-2.3976	1.7994	-3.0454	0.4185	2.1040	2.0933	0.0108	0.5127	0.0000	-10.2424	184.8496	226.8184	208.1488	-18.6696	-8.9694	534.8536	504.2600	-30.5936	-6.0670	230.7027	3.1114	536.7456	0.7478	nan	205.1765	448.3073	88.9029	93.9477	83.5223	41.2819	72.8878	0.6648	550.1720	-45.9120	-9.1048	101.4486	15.3047	0.1130	
17994.8202	17994.8202	0.0000	0.0000	0.2508	0.2710	0.2428	0.0079	3.1681	0.0214	0.0199	-4.5511	-2.4387	1.8727	-3.1077	0.4839	2.1259	2.1114	0.0144	0.6797	0.0000	-11.8231	185.4677	227.6168	207.2600	-20.3568	-9.8218	564.3693	534.4311	-29.9382	-5.6019	230.6826	3.2813	568.7467	0.7514	nan	204.6515	472.5678	88.4234	93.9665	83.0883	41.6844	73.2539	0.7003	587.7568	-53.3257	-9.9780	101.2746	20.2998	0.1180	
17993.5392	17993.5392	0.0000	0.0000	0.2641	0.2879	0.2535	0.0107	4.0377	0.0210	0.0197	-4.5557	-2.2741	2.0081	-3.1510	0.4458	2.1490	2.1365	0.0124	0.5789	0.0000	-12.1766	182.8232	224.4521	206.0684	-18.3836	-8.9211	592.1986	562.9729	-29.2257	-5.1913	230.5417	3.4448	599.2643	0.7546	nan	204.0229	497.7193	88.4092	93.9440	83.0551	42.0507	73.6227	0.7340	614.0669	-51.0941	-9.0758	101.0026	22.7197	0.1229	
17996.3404	17996.3404	0.0000	0.0000	0.2782	0.2958	0.2713	0.0069	2.4900	0.0189	0.0203	-4.9210	-2.0584	2.3960	-3.1280	0.4657	2.1695	2.1621	0.0073	0.3380	0.0000	-3.3460	176.2583	215.9114	204.9740	-10.9374	-5.3360	643.7111	585.4050	-58.3061	-9.9600	230.2960	3.5743	623.2800	0.7572	nan	203.3799	524.3822	89.5763	93.9233	84.1330	42.4467	73.9995	0.7600	626.4193	-41.0143	-7.0061	100.7838	17.6046	0.1283	
18011.5773	18011.5773	0.0000	0.0000	0.2903	0.2892	0.2948	-0.0045	-1.5374	0.0187	0.0210	-4.5715	-1.7566	2.6023	-3.0274	0.4456	2.1939	2.1864	0.0074	0.3386	0.0000	-1.6656	177.3483	217.2212	204.0729	-13.1483	-6.4429	696.4993	611.7611	-84.7381	-13.8515	230.2570	3.7257	651.5789	0.7595	nan	203.0208	547.6178	89.5154	93.8890	84.0451	42.8570	74.4115	0.7889	650.1112	-38.3501	-6.2688	100.5182	19.6702	0.1323	
17998.6217	17998.6217	0.0000	0.0000	0.3033	0.3192	0.3037	-0.0003	-0.1077	0.0202	0.0199	-4.6516	-1.8727	2.4960	-3.1721	0.5149	2.2156	2.2016	0.0140	0.6312	0.0000	-6.5757	180.9668	221.8437	203.3102	-18.5335	-9.1159	694.6633	637.7056	-56.9577	-8.9317	230.3264	3.8714	679.4867	0.7620	nan	202.7047	571.7262	89.6538	93.8511	84.1410	43.2593	74.8350	0.8174	687.9066	-50.2011	-7.8721	100.2987	20.5481	0.1369	
18000.5858	18000.5858	0.0000	0.0000	0.3167	0.3291	0.2914	0.0254	8.0080	0.0207	0.0205	-4.8284	-2.0889	2.3124	-3.1831	0.5378	2.2397	2.2273	0.0124	0.5522	0.0000	-11.0762	184.8637	226.8884	202.5288	-24.3597	-12.0278	676.4146	660.4550	-15.9596	-2.4165	230.3657	4.0020	704.0975	0.7637	nan	202.4007	597.0788	90.4037	93.8016	84.8002	43.6621	75.2541	0.8406	716.0964	-55.6414	-8.4247	100.0633	16.8760	0.1414	
18000.1889	18000.1889	0.0000	0.0000	0.3291	0.3433	0.3047	0.0244	7.4028	0.0198	0.0194	-4.6165	-1.8482	2.5058	-3.2946	0.5103	2.2672	2.2622	0.0050	0.2211	0.0000	-6.8181	181.1612	222.0544	201.8153	-20.2390	-10.0285	699.4783	687.3289	-12.1494	-1.7676	230.4442	4.1532	733.2522	0.7661	nan	202.0804	620.3663	90.2574	93.7370	84.6046	44.0670	75.6956	0.8673	738.8663	-51.5374	-7.4982	99.8688	19.2362	0.1452	
17998.7970	17998.7970	0.0000	0.0000	0.3438	0.3596	0.2994	0.0444	12.9227	0.0193	0.0204	-4.7779	-1.8975	2.5326	-3.2190	0.5214	2.3041	2.2870	0.0171	0.7413	0.0000	-7.5344	176.8157	216.7923	200.4801	-16.3122	-8.1365	693.3291	713.3711	20.0420	2.8095	230.5741	4.3017	761.7922	0.7680	nan	201.7674	647.9626	90.8311	93.6438	85.0577	44.4957	76.1718	0.8916	761.1380	-47.7669	-6.6959	99.3620	16.0329	0.1492	
17998.5575	17998.5575	0.0000	0.0000	0.3571	0.3748	0.3201	0.0370	10.3602	0.0196	0.0201	-4.7107	-1.7710	2.6606	-3.2315	0.5571	2.3387	2.3298	0.0089	0.3785	0.0000	-11.1127	178.5115	219.1257	199.7380	-19.3877	-9.7066	741.9662	740.0786	-1.8876	-0.2551	230.5884	4.4595	791.1657	0.7694	nan	201.3798	673.1444	90.9563	93.5429	85.0832	44.9691	76.6749	0.9147	794.7972	-54.7186	-7.3936	99.1847	15.9692	0.1527	
17998.5429	17998.5429	0.0000	0.0000	0.3685	0.3920	0.3431	0.0254	6.9006	0.0193	0.0198	-4.5214	-1.5728	2.8840	-3.3367	0.5582	2.3863	2.3948	-0.0085	-0.3571	0.0000	-8.2342	174.5834	214.0830	198.6120	-15.4710	-7.7895	774.0672	770.4250	-3.6422	-0.4728	230.4545	4.6429	824.9175	0.7710	nan	200.9038	694.5498	90.1517	93.3942	84.1965	45.3947	77.1735	0.9385	821.8927	-51.4677	-6.6804	98.8592	22.7257	0.1544	
17995.6314	17995.6314	0.0000	0.0000	0.3821	0.4084	0.3563	0.0258	6.7619	0.0182	0.0197	-3.6002	-1.1491	3.1502	-3.6191	0.5809	2.4486	2.4458	0.0028	0.1128	0.0000	-2.2216	174.1885	213.3583	197.6062	-15.7521	-7.9715	826.8605	796.5889	-30.2716	-3.8002	230.2396	4.8252	854.9144	0.7695	nan	200.5443	720.0877	90.3962	93.1777	84.2291	45.8662	77.7653	0.9505	849.3008	-52.7119	-6.6172	98.5351	20.4344	0.1561	
17985.3426	17985.3426	0.0000	0.0000	0.3968	0.4375	0.4733	-0.0765	-19.2754	0.0222	0.0192	1.6731	0.4450	3.7177	-3.4698	0.6372	2.5781	2.5787	-0.0006	-0.0231	0.0000	-2.1626	179.5824	219.9707	196.5237	-23.4471	-11.9309	999.4905	828.7644	-170.7260	-20.6001	230.1546	5.2346	896.4922	0.7441	nan	201.1946	747.3005	90.1790	92.4452	83.3660	46.4120	78.4589	0.9444	901.7609	-72.9964	-8.8079	97.6787	19.1744	0.1539	
18003.4586	18003.4586	0.0000	0.0000	0.4083	0.4495	0.4630	-0.0547	-13.3924	0.0216	0.0194	1.3962	0.3304	3.6554	-3.7037	0.6816	2.6267	2.6265	0.0002	0.0066	0.0000	-0.9107	180.6611	221.3093	196.5151	-24.7942	-12.6170	995.1515	859.5911	-135.5603	-15.7703	230.3148	5.2495	928.2211	0.7677	nan	200.8381	769.8402	89.5646	92.6061	82.9421	47.0225	79.2508	0.9614	908.9802	-49.3891	-5.7456	97.8479	24.9359	0.1555	
17914.5292	17914.5292	0.0000	0.0000	0.4224	0.4072	0.4535	-0.0311	-7.3625	0.0211	0.0189	1.9816	0.5421	3.6145	-3.5907	0.6573	2.6824	2.6895	-0.0071	-0.2655	0.0000	-0.6107	178.8797	219.1018	196.3406	-22.7612	-11.5927	970.3394	873.5788	-96.7606	-11.0763	230.4884	5.2899	944.0875	0.7743	nan	200.5340	792.3764	90.7073	92.5317	83.9331	47.6627	80.0240	0.9577	928.6188	-55.0401	-6.3005	97.9089	13.4390	0.1575	
17616.6597	17616.6597	0.0000	0.0000	0.4313	0.4191	0.4705	-0.0392	-9.0968	0.0211	0.0181	2.5312	0.6847	3.6542	-3.6932	0.7230	2.7099	2.7244	-0.0145	-0.5342	0.0000	0.4072	174.8026	214.0922	196.2309	-17.8613	-9.1022	957.8733	880.1800	-77.6933	-8.8270	230.5293	5.3325	951.9843	0.7744	nan	200.4092	795.6296	90.3948	92.4576	83.5769	48.2884	80.7324	0.9556	945.7470	-65.5670	-7.4493	97.9151	15.2203	0.1592	
17166.5129	17166.5129	0.0000	0.0000	0.4470	0.4663	0.4957	-0.0487	-10.8946	0.0218	0.0200	6.0834	1.6057	3.7864	-3.6981	0.7606	2.7387	2.7443	-0.0057	-0.2071	0.0000	1.6116	178.7857	219.0163	195.7756	-23.2407	-11.8711	1019.6214	887.2433	-132.3781	-14.9202	230.4834	5.3814	960.4967	0.7744	nan	200.4063	803.5556	90.5735	92.3737	83.6666	48.9402	81.4190	0.9554	950.5016	-63.2583	-7.1298	97.6893	12.6981	0.1632	
16716.3464	16716.3464	0.0000	0.0000	0.4582	0.4660	0.4752	-0.0169	-3.6990	0.0217	0.0195	5.0882	1.4092	3.6141	-3.7853	0.7701	2.7658	2.7734	-0.0076	-0.2747	0.0000	2.9992	175.1550	214.5655	195.1927	-19.3728	-9.9250	955.3665	886.4533	-68.9131	-7.7740	230.4116	5.3802	960.5789	0.7749	nan	200.3188	802.1193	90.4866	92.2833	83.5041	49.5818	82.0578	0.9480	949.0639	-62.6106	-7.0630	97.4410	11.7514	0.1657	

Torque compensated Offset = 	0
Mean Torque Mainboard Error perc = 	-1.33205669155526


Step N. = 	1
Target Speed = 	16296

Speed Mainboard (rpm_M)	Speed TestBench (rpm_M)	Speed Error (rpm_M)	Speed Error %	Torque TestBench (Nm_M)	Torque Ref (Nm)	Torque MainBoard (Nm_M)	Torque MainBoard Error (Nm_M)	Torque MainBoard Error %	Flux Ref (V/rad/s)	Flux (V/rad/s)	Id * Iq (A^2)	Id (Apeak)	Iq (Apeak)	Id Rotor (Apeak)	Iq Rotor (Apeak)	IMotor Measured (Arms)	IMotor MainBoard (Arms)	IMotor Error (Arms)	IMotor Error %	Motor Current THD %	Vsdref (Vpeak)	Vsqref (Vpeak)	Vout MainBoard (Vrms)	Vout Measured (Vrms)	Vout Error (Vrms)	Vout Error %	Motor Power MainBoard (W)	Motor Power Measured (W)	Motor Power Error (W)	Motor Power Error %	Line Voltage (Vrms)	Line Current (Arms)	Line Power (W)	Line Power Factor	Bulk Ripple (V)	DC Bus Voltage (Vrms)	Motor Mechanical Power (W)	Motor Efficiency	Inverter Efficiency	Overall Efficiency	Temperature (deg C)	Estimated Temperature (deg C)	Motor cos-phi	Electrical Power Alpha-Beta [W]	Electrical Power Error [W]	Electrical Power Error [%]	Bus Voltage Usage [%]	Rotational Losses [W]	Kt [Nm/Arms]	
16305.6055	16305.6055	0.0000	0.0000	0.1854	0.1846	0.2078	-0.0224	-12.1058	0.0232	0.0233	-3.5926	-2.3645	1.5182	-2.5727	0.3760	1.9012	1.8680	0.0331	1.7436	0.0000	-8.9547	176.2113	216.1273	210.6703	-5.4570	-2.5903	433.4269	369.7375	-63.6894	-17.2256	230.7095	2.3524	395.3675	0.7285	nan	207.7925	316.5307	85.6113	93.5174	80.0614	41.9197	75.4021	0.5330	398.6343	-28.8968	-7.8155	101.3849	19.9340	0.0975	
16302.9684	16302.9684	0.0000	0.0000	0.1933	0.1946	0.2040	-0.0107	-5.5608	0.0231	0.0232	-3.6565	-2.3918	1.5264	-2.8028	0.2895	1.9078	1.8915	0.0163	0.8554	0.0000	-10.3173	176.7263	216.8870	210.4655	-6.4215	-3.0511	441.3157	380.6050	-60.7107	-15.9511	230.7865	2.4134	406.6100	0.7300	nan	207.6284	329.9248	86.6836	93.6044	81.1396	42.3539	75.7472	0.5473	408.1599	-27.5549	-7.2398	101.3664	17.1154	0.1013	
16296.9914	16296.9914	0.0000	0.0000	0.2117	0.2149	0.2073	0.0043	2.0467	0.0231	0.0236	-3.1728	-2.1959	1.4472	-2.6725	0.3242	1.9199	1.8924	0.0275	1.4349	0.0000	-9.0632	176.4543	216.4375	209.8438	-6.5937	-3.1422	413.2814	402.7633	-10.5180	-2.6115	230.7869	2.5396	429.9533	0.7336	nan	207.1649	361.2341	89.6892	93.6760	84.0172	42.7733	76.0602	0.5772	430.0684	-27.3050	-6.7794	101.2931	7.4803	0.1102	
16301.0724	16301.0724	0.0000	0.0000	0.2257	0.2292	0.2246	0.0011	0.4780	0.0227	0.0238	-3.3630	-2.1117	1.5995	-2.6923	0.3640	1.9472	1.9354	0.0118	0.6052	0.0000	-12.8004	174.9871	215.0173	208.6699	-6.3474	-3.0418	461.5854	437.9967	-23.5887	-5.3856	230.7178	2.7407	467.1511	0.7388	nan	206.4191	385.2204	87.9552	93.7590	82.4658	43.2156	76.3698	0.6223	469.2980	-31.3013	-7.1465	101.0904	17.6915	0.1159	
16296.8550	16296.8550	0.0000	0.0000	0.2466	0.2540	0.2504	-0.0039	-1.5639	0.0223	0.0233	-4.1678	-2.2072	1.8883	-2.7769	0.4132	1.9742	1.9551	0.0190	0.9633	0.0000	-7.7354	175.0280	214.6316	207.5219	-7.1097	-3.4260	520.6913	472.3314	-48.3599	-10.2385	230.6133	2.9367	503.5586	0.7435	nan	205.6855	420.7985	89.0888	93.7987	83.5641	43.6258	76.6868	0.6656	501.4184	-29.0869	-6.1582	100.8928	15.4111	0.1249	
16303.8419	16303.8419	0.0000	0.0000	0.2635	0.2577	0.2775	-0.0140	-5.2943	0.0229	0.0225	-4.1432	-2.0142	2.0673	-2.8941	0.4663	1.9933	1.9744	0.0189	0.9464	0.0000	-6.8928	175.3119	214.9529	206.6893	-8.2636	-3.9981	564.0884	496.5588	-67.5296	-13.5995	230.4880	3.0759	529.1988	0.7465	nan	205.2230	449.8829	90.6025	93.8322	85.0143	44.0054	76.9857	0.6959	534.6477	-38.0889	-7.6706	100.7145	9.7948	0.1322	
16303.2612	16303.2612	0.0000	0.0000	0.2811	0.2780	0.2842	-0.0031	-1.1155	0.0226	0.0233	-4.1091	-1.9613	2.1200	-2.8671	0.4732	2.0248	2.0016	0.0232	1.1452	0.0000	-6.3017	173.8398	213.1092	205.4671	-7.6421	-3.7194	570.9626	530.9089	-40.0537	-7.5444	230.3629	3.2720	565.7233	0.7506	nan	204.5114	479.9340	90.3989	93.8460	84.8358	44.4272	77.3224	0.7368	570.5030	-39.5941	-7.4578	100.4673	12.8558	0.1388	
16298.7936	16298.7936	0.0000	0.0000	0.2989	0.3019	0.3212	-0.0223	-7.4661	0.0212	0.0225	-4.4811	-1.7480	2.5624	-2.9337	0.5010	2.0568	2.0400	0.0168	0.8148	0.0000	0.1074	166.1958	203.5607	204.3761	0.8154	0.3990	638.4298	563.9633	-74.4664	-13.2041	230.2861	3.4609	601.0444	0.7541	nan	203.8922	510.1454	90.4582	93.8305	84.8774	44.8672	77.6747	0.7746	599.3400	-35.3767	-6.2729	100.2373	14.4140	0.1453	
16296.3180	16296.3180	0.0000	0.0000	0.3151	0.3209	0.3562	-0.0411	-13.0551	0.0213	0.0223	-3.9710	-1.4004	2.8430	-3.0756	0.5301	2.0869	2.0761	0.0108	0.5182	0.0000	-0.2113	166.3271	203.7218	203.4791	-0.2427	-0.1193	710.0597	592.7167	-117.3430	-19.7975	230.3086	3.6231	631.7944	0.7572	nan	203.4729	537.7513	90.7264	93.8148	85.1148	45.2922	78.0432	0.8059	631.1818	-38.4652	-6.4896	100.0030	14.3300	0.1510	
16297.2055	16297.2055	0.0000	0.0000	0.3325	0.3367	0.3772	-0.0447	-13.4299	0.0214	0.0231	-3.5316	-1.2015	2.9643	-2.8563	0.5720	2.1227	2.1082	0.0145	0.6848	0.0000	-2.3403	169.4059	207.4996	202.5147	-4.9848	-2.4615	757.9483	623.5450	-134.4033	-21.5547	230.4355	3.7976	664.9875	0.7599	nan	203.0944	567.4573	91.0050	93.7679	85.3335	45.7034	78.4161	0.8374	664.0091	-40.4641	-6.4894	99.7146	13.9786	0.1566	
16294.3809	16294.3809	0.0000	0.0000	0.3507	0.3581	0.3998	-0.0492	-14.0218	0.0215	0.0227	-2.8647	-0.9133	3.1474	-2.9945	0.5684	2.1627	2.1498	0.0129	0.5962	0.0000	3.2208	166.4145	203.8998	201.5811	-2.3187	-1.1503	781.7669	656.1344	-125.6324	-19.1474	230.5448	3.9816	700.2211	0.7628	nan	202.7166	598.3576	91.1941	93.7039	85.4524	46.1668	78.8108	0.8689	697.6591	-41.5246	-6.3287	99.4399	13.9865	0.1621	
16297.5996	16297.5996	0.0000	0.0000	0.3666	0.3711	0.3864	-0.0199	-5.4174	0.0207	0.0230	-3.2105	-1.0213	3.1527	-2.8837	0.5904	2.2069	2.2011	0.0058	0.2615	0.0000	3.4222	163.6011	200.4404	200.4982	0.0578	0.0288	768.4522	688.0589	-80.3933	-11.6841	230.5454	4.1649	734.9756	0.7654	nan	202.2519	625.5939	90.9217	93.6166	85.1178	46.6583	79.2574	0.8978	723.6606	-35.6017	-5.1742	99.1329	16.7782	0.1661	
16299.4309	16299.4309	0.0000	0.0000	0.3834	0.3856	0.3609	0.0226	5.8908	0.0231	0.0208	-4.0259	-1.5665	2.5687	-3.1728	0.6429	2.2538	2.2424	0.0114	0.5063	0.0000	-8.1451	178.9252	219.4347	199.4541	-19.9806	-10.0176	708.9977	717.8389	8.8412	1.2316	230.5361	4.3375	767.5489	0.7676	nan	201.7911	654.4912	91.1755	93.5235	85.2705	47.1170	79.7101	0.9220	772.1175	-54.2786	-7.5614	98.8419	15.6130	0.1701	
16298.1973	16298.1973	0.0000	0.0000	0.4018	0.4049	0.3803	0.0215	5.3433	0.0198	0.0228	-3.0546	-0.9682	3.1562	-3.0340	0.6217	2.3072	2.2982	0.0089	0.3869	0.0000	-1.5634	166.5949	204.1131	198.3409	-5.7722	-2.9103	791.2016	746.7833	-44.4183	-5.9479	230.5383	4.5076	799.6244	0.7695	nan	201.3307	685.7313	91.8248	93.3918	85.7568	47.6177	80.1981	0.9422	782.9879	-36.2045	-4.8481	98.5150	10.9303	0.1741	
16294.6812	16294.6812	0.0000	0.0000	0.4177	0.4294	0.4125	0.0051	1.2270	0.0196	0.0222	-1.3157	-0.3854	3.5034	-3.2332	0.6404	2.3870	2.3848	0.0021	0.0883	0.0000	2.2469	166.8309	204.3690	197.0550	-7.3140	-3.7117	875.8975	782.8011	-93.0963	-11.8927	230.5450	4.7262	840.0856	0.7710	nan	200.9597	712.6959	91.0444	93.1811	84.8362	48.1521	80.7485	0.9609	819.6152	-36.8141	-4.7029	98.0570	16.3446	0.1750	
16289.7650	16289.7650	0.0000	0.0000	0.4335	0.4182	0.4262	0.0073	1.6857	0.0237	0.0206	-3.3790	-1.2267	2.8683	-3.7333	0.8151	2.6059	2.6035	0.0025	0.0949	0.0000	4.8719	166.1214	203.6599	195.6805	-7.9794	-4.0778	709.4996	821.3450	111.8454	13.6173	230.5760	5.1439	889.0000	0.7495	nan	201.7303	739.4904	90.0359	92.3896	83.1838	48.7470	81.5324	0.9299	872.0639	-50.7189	-6.1751	97.0011	17.6283	0.1664	
16289.2774	16289.2774	0.0000	0.0000	0.4514	0.4720	0.4570	-0.0056	-1.2434	0.0206	0.0209	1.7671	0.4726	3.6255	-3.8288	0.7152	2.6678	2.6825	-0.0146	-0.5487	0.0000	5.7352	160.2141	196.3975	195.0229	-1.3746	-0.7048	875.9047	857.0175	-18.8872	-2.2038	230.5504	5.2125	927.0237	0.7714	nan	200.6673	769.9593	89.8528	92.4486	83.0679	49.4406	82.4106	0.9510	911.2369	-54.2194	-6.3265	97.1872	19.5623	0.1692	
16027.3127	16027.3127	0.0000	0.0000	0.4678	0.5457	0.4552	0.0126	2.6904	0.0204	0.0224	4.8832	1.3014	3.7371	-3.8127	0.7430	2.7604	2.7743	-0.0139	-0.5052	0.0000	4.5125	169.1169	207.2509	194.3147	-12.9362	-6.6574	958.3147	869.2267	-89.0880	-10.2491	230.4213	5.2797	942.3300	0.7746	nan	200.4206	785.1000	90.3216	92.2423	83.3147	50.1948	83.2907	0.9356	927.7114	-58.4847	-6.7284	96.9534	11.6550	0.1695	
15403.8533	15403.8533	0.0000	0.0000	0.4876	0.4997	0.4999	-0.0123	-2.5299	0.0236	0.0225	5.6582	1.6230	3.5080	-3.8801	0.7005	2.7787	2.7955	-0.0168	-0.6055	0.0000	2.0493	172.7964	211.6985	193.5513	-18.1472	-9.3759	914.9779	866.2544	-48.7235	-5.6246	230.2063	5.2678	939.5822	0.7748	nan	200.2015	786.4367	90.7860	92.1957	83.7008	50.9392	84.0893	0.9299	905.2081	-38.9536	-4.4968	96.6783	6.1690	0.1755	
14925.9827	14925.9827	0.0000	0.0000	0.4988	0.4988	0.5247	-0.0260	-5.2093	0.0237	0.0243	6.3459	1.7132	3.7159	-3.7505	0.7712	2.7874	2.7999	-0.0124	-0.4455	0.0000	2.3934	168.0662	205.8636	193.1840	-12.6796	-6.5635	942.4868	864.1250	-78.3618	-9.0683	230.1615	5.2562	937.3850	0.7748	nan	200.1892	779.5429	90.2118	92.1846	83.1614	51.6983	84.7392	0.9265	913.9016	-49.7766	-5.7603	96.5007	10.2498	0.1789	

Torque compensated Offset = 	0
Mean Torque Mainboard Error perc = 	-3.4325606498932237


Step N. = 	2
Target Speed = 	13968

Speed Mainboard (rpm_M)	Speed TestBench (rpm_M)	Speed Error (rpm_M)	Speed Error %	Torque TestBench (Nm_M)	Torque Ref (Nm)	Torque MainBoard (Nm_M)	Torque MainBoard Error (Nm_M)	Torque MainBoard Error %	Flux Ref (V/rad/s)	Flux (V/rad/s)	Id * Iq (A^2)	Id (Apeak)	Iq (Apeak)	Id Rotor (Apeak)	Iq Rotor (Apeak)	IMotor Measured (Arms)	IMotor MainBoard (Arms)	IMotor Error (Arms)	IMotor Error %	Motor Current THD %	Vsdref (Vpeak)	Vsqref (Vpeak)	Vout MainBoard (Vrms)	Vout Measured (Vrms)	Vout Error (Vrms)	Vout Error %	Motor Power MainBoard (W)	Motor Power Measured (W)	Motor Power Error (W)	Motor Power Error %	Line Voltage (Vrms)	Line Current (Arms)	Line Power (W)	Line Power Factor	Bulk Ripple (V)	DC Bus Voltage (Vrms)	Motor Mechanical Power (W)	Motor Efficiency	Inverter Efficiency	Overall Efficiency	Temperature (deg C)	Estimated Temperature (deg C)	Motor cos-phi	Electrical Power Alpha-Beta [W]	Electrical Power Error [W]	Electrical Power Error [%]	Bus Voltage Usage [%]	Rotational Losses [W]	Kt [Nm/Arms]	
13962.7911	13959.7778	-3.0133	-0.0216	0.1880	0.1773	0.1495	0.0385	20.4978	0.0285	0.0279	-1.9447	-2.2370	0.8693	-2.4543	0.2855	1.7326	1.6772	0.0555	3.2025	0.0000	-8.9068	173.5757	212.8897	209.5788	-3.3109	-1.5798	256.1992	312.8156	56.6163	18.0990	230.4323	2.0298	336.6178	0.7196	nan	209.3574	274.8310	87.8276	92.9277	81.6167	41.5946	72.5909	0.4973	300.0346	12.7809	4.0858	100.1060	10.3855	0.1085	
13966.8481	13965.2222	-1.6259	-0.0116	0.2176	0.2116	0.2055	0.0120	5.5356	0.0275	0.0272	-2.6208	-2.1351	1.2339	-2.5464	0.3705	1.7594	1.7222	0.0372	2.1163	0.0000	-8.7457	172.3026	211.3171	208.7286	-2.5885	-1.2401	346.3798	349.6667	3.2868	0.9400	230.5396	2.2413	375.1333	0.7260	nan	208.0066	318.1607	90.9955	93.2111	84.8176	41.9693	72.9989	0.5497	358.0771	-8.4105	-2.4053	100.3471	3.0052	0.1237	
13962.3058	13968.3750	6.0692	0.0434	0.2404	0.2404	0.2399	0.0004	0.1860	0.0268	0.0278	-3.0305	-2.0331	1.4902	-2.5691	0.3722	1.7952	1.7584	0.0368	2.0498	0.0000	-9.3877	169.0663	207.4205	207.6399	0.2194	0.1057	406.1512	394.5725	-11.5787	-2.9345	230.6930	2.4971	422.3512	0.7332	nan	207.5002	351.6114	89.1110	93.4228	83.2500	42.3338	73.3244	0.6111	395.1066	-0.5341	-0.1354	100.0675	13.2448	0.1339	
13962.2262	13963.8182	1.5920	0.0114	0.2629	0.2646	0.2267	0.0362	13.7694	0.0281	0.0271	-2.8326	-2.1249	1.3332	-2.5757	0.4851	1.8128	1.8025	0.0103	0.5684	0.0000	-8.1489	174.7977	214.4073	207.2839	-7.1234	-3.4365	375.4519	416.4255	40.9736	9.8394	230.7802	2.6205	444.9982	0.7358	nan	206.9648	384.4477	92.3209	93.5791	86.3930	42.7500	73.6693	0.6398	437.1046	-20.6791	-4.9659	100.1542	1.6248	0.1450	
13968.5201	13970.6667	2.1466	0.0154	0.2806	0.2741	0.2700	0.0105	3.7558	0.0271	0.0269	-3.5145	-2.0618	1.7065	-2.5599	0.4829	1.8515	1.8164	0.0351	1.8958	0.0000	-5.9241	170.9331	209.5067	206.1169	-3.3898	-1.6446	455.1740	457.6833	2.5093	0.5483	230.7862	2.8551	488.6344	0.7416	nan	206.5961	410.4545	89.6845	93.6657	84.0035	43.1330	73.9654	0.6924	461.2366	-3.5532	-0.7764	99.7682	15.5175	0.1515	
13961.8609	13971.2857	9.4248	0.0675	0.3041	0.3101	0.2882	0.0159	5.2424	0.0269	0.0262	-3.5116	-1.9831	1.7812	-2.6528	0.5607	1.8803	1.8481	0.0322	1.7126	0.0000	-7.4476	170.0472	208.5143	205.2714	-3.2429	-1.5798	476.1478	486.0129	9.8650	2.0298	230.7066	3.0167	518.5457	0.7451	nan	205.8391	444.9827	91.5580	93.7261	85.8138	43.5179	74.2531	0.7270	506.0790	-20.0662	-4.1287	99.7243	8.2760	0.1618	
13964.0480	13966.7778	2.7298	0.0195	0.3257	0.3219	0.3221	0.0036	1.1060	0.0270	0.0266	-3.5696	-1.8259	1.9643	-2.6627	0.5921	1.9082	1.8776	0.0305	1.6004	0.0000	-5.7523	170.8700	209.4254	204.3686	-5.0568	-2.4744	518.0025	511.4711	-6.5314	-1.2770	230.5033	3.1636	545.5478	0.7481	nan	205.3593	476.3201	93.1280	93.7537	87.3109	43.8743	74.5382	0.7572	529.4372	-17.9661	-3.5126	99.5176	1.3697	0.1707	
13962.3242	13962.5556	0.2314	0.0017	0.3478	0.3472	0.3741	-0.0263	-7.5562	0.0263	0.0257	-3.5633	-1.4988	2.3985	-2.8420	0.5865	1.9647	1.9253	0.0393	2.0010	0.0000	-3.7726	170.3757	208.7795	202.7390	-6.0405	-2.9794	621.6067	558.5200	-63.0867	-11.2953	230.3227	3.4331	595.9356	0.7537	nan	204.5217	508.5049	91.0448	93.7215	85.3286	44.2689	74.8348	0.8096	569.5655	-11.0455	-1.9776	99.1287	14.1482	0.1770	
13965.2824	13969.7500	4.4676	0.0320	0.3675	0.3680	0.4049	-0.0374	-10.1790	0.0259	0.0263	-3.5192	-1.3427	2.6479	-2.7401	0.6411	1.9888	1.9681	0.0208	1.0452	0.0000	-0.1969	167.6996	205.4277	202.2270	-3.2007	-1.5827	666.3819	578.1000	-88.2819	-15.2710	230.3595	3.5436	616.7050	0.7555	nan	203.9009	537.6189	92.9975	93.7401	87.1759	44.6825	75.1842	0.8299	606.0036	-27.9036	-4.8268	99.1791	3.6653	0.1848	
13966.0246	13966.1111	0.0865	0.0006	0.3868	0.3793	0.3707	0.0160	4.1463	0.0259	0.0262	-3.5879	-1.5285	2.3963	-2.7939	0.6068	2.0402	1.9988	0.0414	2.0302	0.0000	-3.8548	171.1924	209.7483	201.1779	-8.5704	-4.2601	623.7838	615.8422	-7.9415	-1.2895	230.5021	3.7571	657.3978	0.7591	nan	203.6773	565.6729	91.8568	93.6788	86.0504	45.1118	75.5047	0.8663	626.1403	-10.2981	-1.6722	98.7729	11.3602	0.1896	
13970.8441	13970.2222	-0.6218	-0.0045	0.4100	0.4044	0.4194	-0.0094	-2.2951	0.0262	0.0255	-3.2075	-1.2275	2.6914	-2.8532	0.6858	2.0936	2.0636	0.0300	1.4350	0.0000	-4.6696	172.7138	211.6513	200.1959	-11.4554	-5.7221	706.3044	651.3789	-54.9255	-8.4322	230.6639	3.9580	695.8256	0.7622	nan	203.1041	599.8121	92.0834	93.6124	86.2015	45.5432	75.8805	0.8973	678.4398	-27.0609	-4.1544	98.5682	10.6304	0.1958	
13965.2110	13966.0000	0.7890	0.0056	0.4303	0.4255	0.4072	0.0232	5.3852	0.0247	0.0253	-3.4931	-1.3170	2.7046	-2.9556	0.6854	2.1329	2.0947	0.0381	1.7880	0.0000	-1.1713	164.5774	201.6284	199.4307	-2.1977	-1.1020	668.7555	674.7133	5.9578	0.8830	230.6377	4.0923	721.1267	0.7640	nan	202.8716	629.3701	93.2797	93.5638	87.2761	45.9468	76.2441	0.9158	695.0868	-20.3734	-3.0196	98.3039	2.7889	0.2018	
13966.3967	13965.9091	-0.4876	-0.0035	0.4514	0.4447	0.4463	0.0051	1.1303	0.0250	0.0259	-2.3006	-0.8178	2.9996	-2.9242	0.7410	2.2296	2.1706	0.0590	2.6463	0.0000	-1.0183	167.4581	205.2393	197.4606	-7.7786	-3.9393	755.9400	723.1945	-32.7455	-4.5279	230.3624	4.3785	774.5773	0.7679	nan	202.1424	660.1221	91.2784	93.3664	85.2233	46.4001	76.6331	0.9484	732.6235	-9.4289	-1.3038	97.6843	16.4896	0.2024	
13965.1524	13967.6250	2.4726	0.0177	0.4725	0.4750	0.4898	-0.0173	-3.6703	0.0257	0.0244	-1.1331	-0.4225	3.1913	-3.1992	0.7974	2.2904	2.2669	0.0235	1.0264	0.0000	-4.7389	171.7773	210.5576	196.4466	-14.1110	-7.1831	826.6528	748.5963	-78.0565	-10.4271	230.2212	4.5307	802.6975	0.7696	nan	201.2243	691.1191	92.3220	93.2601	86.0996	46.9660	77.1813	0.9606	782.5765	-33.9802	-4.5392	97.6258	8.2072	0.2063	
13967.5826	13962.8889	-4.6937	-0.0336	0.4936	0.4908	0.4896	0.0040	0.8036	0.0245	0.0250	-0.1585	-0.1235	3.3109	-3.4247	0.8075	2.4001	2.3485	0.0516	2.1509	0.0000	2.3941	169.9987	208.3144	195.1307	-13.1837	-6.7563	844.4192	785.7956	-58.6236	-7.4604	230.2359	4.7568	844.7822	0.7714	nan	200.7954	721.6716	91.8401	93.0175	85.4274	47.5050	77.6994	0.9687	810.0428	-24.2472	-3.0857	97.1789	9.9054	0.2056	
13957.1410	13959.1111	1.9701	0.0141	0.5146	0.4546	0.5180	-0.0034	-0.6699	0.0248	0.0228	0.5882	0.1357	3.4278	-3.7389	0.8341	2.6391	2.5293	0.1098	4.1607	0.0000	1.0210	170.6609	209.3279	193.5704	-15.7574	-8.1404	876.6482	832.9944	-43.6538	-5.2406	230.3384	5.1076	901.5344	0.7663	nan	200.8056	752.1744	90.3036	92.3972	83.4374	48.1565	78.3783	0.9415	857.5034	-24.5090	-2.9423	96.3971	15.1006	0.1950	
13923.7712	13725.1111	-198.6601	-1.4474	0.5359	0.5468	0.4632	0.0726	13.5565	0.0226	0.0248	4.9411	1.3733	3.5788	-3.6648	0.7635	2.8047	2.7244	0.0803	2.8643	0.0000	5.8318	167.7976	205.6937	192.4866	-13.2071	-6.8613	913.7533	855.9256	-57.8278	-6.7562	230.4558	5.2049	929.1300	0.7746	nan	200.6197	770.2115	89.9858	92.1212	82.8960	48.9606	79.3964	0.9153	888.8358	-32.9103	-3.8450	95.9461	11.2530	0.1911	
13550.4932	13237.7500	-312.7432	-2.3625	0.5575	0.5460	0.5701	-0.0126	-2.2579	0.0267	0.0258	5.5414	1.5447	3.5687	-3.8376	0.8306	2.8156	2.8255	-0.0099	-0.3505	0.0000	3.0734	170.5274	208.9393	192.1380	-16.8013	-8.7444	921.0271	854.7600	-66.2671	-7.7527	230.5763	5.1963	928.0100	0.7745	nan	200.5371	772.8197	90.4139	92.1068	83.2773	49.7712	80.4796	0.9122	890.0537	-35.2937	-4.1291	95.8117	6.6631	0.1980	
13027.1186	12754.0000	-273.1186	-2.1414	0.5787	0.5336	0.6007	-0.0219	-3.7917	0.0280	0.0270	7.3921	1.9933	3.6864	-3.9839	0.9308	2.8257	2.8304	-0.0047	-0.1652	0.0000	8.2569	156.6491	192.3878	191.8910	-0.4968	-0.2589	888.5941	853.6225	-34.9716	-4.0968	230.5852	5.1905	927.1075	0.7746	nan	200.5808	772.9462	90.5489	92.0737	83.3718	50.5749	81.2781	0.9089	893.5069	-39.8844	-4.6724	95.6677	4.6186	0.2048	

Torque compensated Offset = 	0
Mean Torque Mainboard Error perc = 	2.3523597310392317


Step N. = 	3
Target Speed = 	11640

Speed Mainboard (rpm_M)	Speed TestBench (rpm_M)	Speed Error (rpm_M)	Speed Error %	Torque TestBench (Nm_M)	Torque Ref (Nm)	Torque MainBoard (Nm_M)	Torque MainBoard Error (Nm_M)	Torque MainBoard Error %	Flux Ref (V/rad/s)	Flux (V/rad/s)	Id * Iq (A^2)	Id (Apeak)	Iq (Apeak)	Id Rotor (Apeak)	Iq Rotor (Apeak)	IMotor Measured (Arms)	IMotor MainBoard (Arms)	IMotor Error (Arms)	IMotor Error %	Motor Current THD %	Vsdref (Vpeak)	Vsqref (Vpeak)	Vout MainBoard (Vrms)	Vout Measured (Vrms)	Vout Error (Vrms)	Vout Error %	Motor Power MainBoard (W)	Motor Power Measured (W)	Motor Power Error (W)	Motor Power Error %	Line Voltage (Vrms)	Line Current (Arms)	Line Power (W)	Line Power Factor	Bulk Ripple (V)	DC Bus Voltage (Vrms)	Motor Mechanical Power (W)	Motor Efficiency	Inverter Efficiency	Overall Efficiency	Temperature (deg C)	Estimated Temperature (deg C)	Motor cos-phi	Electrical Power Alpha-Beta [W]	Electrical Power Error [W]	Electrical Power Error [%]	Bus Voltage Usage [%]	Rotational Losses [W]	Kt [Nm/Arms]	
11630.6635	11632.7778	2.1143	0.0182	0.1847	0.1658	0.1488	0.0359	19.4478	0.0338	0.0344	-1.4719	-2.0223	0.7272	-2.0929	0.2570	1.5268	1.4614	0.0654	4.2820	0.0000	-4.9354	170.1870	208.5291	210.0023	1.4733	0.7016	200.5782	252.4222	51.8441	20.5386	230.8156	1.6770	273.8767	0.7074	nan	211.3553	224.9552	89.0685	92.1611	82.0876	40.8738	77.0279	0.4545	223.7767	28.6455	11.3482	99.3606	6.0990	0.1210	
11638.6341	11641.7778	3.1437	0.0270	0.2222	0.2134	0.2304	-0.0082	-3.6921	0.0332	0.0335	-2.4349	-2.0003	1.2168	-2.2431	0.3633	1.5699	1.5363	0.0336	2.1381	0.0000	-8.0666	169.8062	208.2477	208.2752	0.0275	0.0132	333.9986	301.6511	-32.3475	-10.7235	230.5042	1.9663	325.3300	0.7178	nan	209.0584	270.9166	89.8248	92.7208	83.2857	41.2265	77.3905	0.5326	300.4070	1.2442	0.4124	99.6255	8.1101	0.1416	
11635.6346	11639.7500	4.1154	0.0354	0.2529	0.2550	0.2613	-0.0084	-3.3289	0.0324	0.0334	-2.7425	-2.0008	1.3763	-2.2779	0.4466	1.6005	1.5685	0.0319	1.9944	0.0000	-3.9525	168.8742	206.8864	207.5004	0.6140	0.2959	360.5656	335.6200	-24.9456	-7.4327	230.5591	2.1627	360.6612	0.7233	nan	208.1186	308.2323	91.8392	93.0568	85.4627	41.5532	77.7083	0.5835	344.8540	-9.2340	-2.7513	99.7030	3.8432	0.1580	
11639.1111	11637.2500	-1.8611	-0.0160	0.2781	0.2727	0.2864	-0.0082	-2.9606	0.0322	0.0335	-2.6293	-1.8098	1.4614	-2.2693	0.4889	1.6329	1.5938	0.0391	2.3945	0.0000	-5.6709	161.7009	198.2797	206.8599	8.5802	4.1478	368.8579	369.7337	0.8759	0.2369	230.8275	2.3567	396.3050	0.7285	nan	208.0261	338.9370	91.6742	93.2951	85.5274	41.8924	77.9761	0.6320	373.6331	-3.8993	-1.0546	99.4395	6.2544	0.1703	
11638.3911	11640.2500	1.8589	0.0160	0.3070	0.3039	0.3043	0.0027	0.8835	0.0326	0.0323	-2.7190	-1.7726	1.5470	-2.3710	0.5148	1.6725	1.6388	0.0336	2.0102	0.0000	-7.9333	169.1148	207.3610	205.7805	-1.5805	-0.7680	414.1683	406.5225	-7.6458	-1.8808	230.7792	2.5682	435.0275	0.7340	nan	207.3765	374.2220	92.0536	93.4475	86.0218	42.2110	78.2359	0.6820	413.6681	-7.1456	-1.7577	99.2305	6.5218	0.1836	
11639.4840	11638.0000	-1.4840	-0.0128	0.3347	0.3260	0.3240	0.0107	3.1898	0.0327	0.0322	-2.9454	-1.8014	1.6332	-2.4124	0.5658	1.7117	1.6782	0.0335	1.9567	0.0000	-7.0037	168.0501	206.0126	204.6152	-1.3974	-0.6829	430.4332	438.8367	8.4034	1.9149	230.4798	2.7560	469.1022	0.7385	nan	206.7138	407.8677	92.9430	93.5482	86.9465	42.5489	78.4948	0.7234	441.2731	-2.4364	-0.5552	98.9850	3.9293	0.1955	
11640.0987	11637.7778	-2.3209	-0.0199	0.3603	0.3537	0.3354	0.0249	6.9224	0.0326	0.0312	-2.8863	-1.6957	1.7112	-2.5340	0.6213	1.7569	1.7252	0.0317	1.8039	0.0000	-7.2477	166.7564	204.4954	203.5131	-0.9823	-0.4827	445.5223	474.3822	28.8599	6.0837	230.3891	2.9603	506.8100	0.7431	nan	205.9071	439.1400	92.5710	93.6016	86.6479	42.8940	78.7743	0.7660	482.6448	-8.2626	-1.7418	98.8375	6.7154	0.2051	
11635.9636	11636.7778	0.8142	0.0070	0.3896	0.3873	0.3908	-0.0012	-0.3087	0.0314	0.0318	-3.1186	-1.5256	2.0697	-2.4586	0.6575	1.8025	1.7791	0.0234	1.3006	0.0000	-3.0435	162.3286	198.9035	202.7611	3.8576	1.9025	510.0125	508.7833	-1.2292	-0.2416	230.6376	3.1538	543.3422	0.7470	nan	205.4992	474.7123	93.3034	93.6396	87.3688	43.2649	79.0728	0.8037	518.1397	-9.3564	-1.8390	98.6677	4.0003	0.2161	
11640.1172	11643.0000	2.8828	0.0248	0.4151	0.4088	0.4239	-0.0088	-2.1169	0.0313	0.0317	-3.0922	-1.3985	2.2564	-2.5719	0.7487	1.8519	1.8282	0.0237	1.2817	0.0000	-4.5435	167.3652	205.0772	201.8976	-3.1796	-1.5749	575.7657	543.0963	-32.6694	-6.0154	230.7619	3.3481	580.0350	0.7507	nan	205.1944	506.1419	93.1956	93.6316	87.2605	43.6195	79.3895	0.8386	558.4054	-15.3092	-2.8189	98.3934	5.1677	0.2242	
11634.6968	11637.0000	2.3032	0.0198	0.4423	0.4430	0.4160	0.0263	5.9531	0.0319	0.0308	-3.1642	-1.4814	2.1560	-2.7053	0.7383	1.9103	1.8841	0.0263	1.3765	0.0000	-2.9445	163.4274	200.2977	200.6059	0.3082	0.1536	534.3665	578.7678	44.4013	7.6717	230.5213	3.5547	618.2933	0.7545	nan	204.4787	539.0381	93.1356	93.6073	87.1817	44.0328	79.7160	0.8719	589.1071	-10.3393	-1.7864	98.1061	5.8502	0.2315	
11636.2062	11640.3333	4.1271	0.0355	0.4701	0.4690	0.4691	0.0010	0.2202	0.0307	0.0308	-2.9947	-1.1957	2.5412	-2.7695	0.8332	1.9702	1.9458	0.0244	1.2382	0.0000	-4.2947	159.5945	195.5507	199.3432	3.7925	1.9025	612.9640	612.9611	-0.0029	-0.0005	230.3131	3.7528	655.2056	0.7581	nan	203.6726	573.0524	93.4893	93.5525	87.4616	44.4184	80.0856	0.9011	630.3225	-17.3614	-2.8324	97.8744	3.8167	0.2386	
11638.7195	11637.1111	-1.6084	-0.0138	0.4970	0.4934	0.5025	-0.0055	-1.1053	0.0295	0.0318	-2.3454	-0.8559	2.8685	-2.7079	0.8268	2.0425	2.0114	0.0311	1.5214	0.0000	2.4048	156.3219	191.5346	198.2364	6.7019	3.3808	668.1474	650.8356	-17.3119	-2.6599	230.3483	3.9702	696.3611	0.7614	nan	203.0709	605.6623	93.0593	93.4624	86.9754	44.8807	80.4940	0.9280	666.7088	-15.8733	-2.4389	97.6194	6.3126	0.2433	
11637.8472	11641.8889	4.0417	0.0347	0.5242	0.5201	0.5138	0.0105	1.9941	0.0310	0.0316	-2.5421	-0.9293	2.7712	-2.7065	0.8944	2.1139	2.0895	0.0244	1.1544	0.0000	-2.0154	163.7518	200.6134	197.4607	-3.1527	-1.5966	682.3988	684.8411	2.4423	0.3566	230.5640	4.1637	733.4500	0.7640	nan	202.8121	639.0980	93.3206	93.3726	87.1358	45.3380	80.9396	0.9472	701.6276	-16.7865	-2.4511	97.3615	4.0427	0.2480	
11635.4667	11638.5000	3.0333	0.0261	0.5510	0.5476	0.5514	-0.0004	-0.0698	0.0302	0.0319	-1.4401	-0.5189	3.0523	-2.8104	0.9304	2.2107	2.1693	0.0414	1.8708	0.0000	-3.5987	164.0687	201.0015	196.4373	-4.5643	-2.3235	754.6534	723.8700	-30.7834	-4.2526	230.6715	4.3896	776.5000	0.7669	nan	202.4505	671.5491	92.7720	93.2222	86.4841	45.8466	81.3973	0.9624	739.1470	-15.2770	-2.1105	97.0299	6.6233	0.2492	
11634.8939	11640.6667	5.7728	0.0496	0.5784	0.5802	0.5679	0.0105	1.8210	0.0303	0.0310	-1.4034	-0.4773	3.1315	-2.9427	0.9816	2.3301	2.2861	0.0440	1.8864	0.0000	-0.1467	164.6298	201.6302	195.3670	-6.2632	-3.2059	771.5572	762.0633	-9.4939	-1.2458	230.6302	4.6171	819.2200	0.7693	nan	201.8361	705.1280	92.5287	93.0230	86.0730	46.3741	81.9780	0.9665	778.4090	-16.3457	-2.1449	96.7950	6.0630	0.2483	
11637.9475	11642.8889	4.9414	0.0424	0.6043	0.5164	0.6351	-0.0308	-5.0922	0.0309	0.0288	3.0593	0.8441	3.5055	-3.3307	0.9788	2.5157	2.4658	0.0499	1.9826	0.0000	2.5037	165.1265	202.3502	193.5430	-8.8072	-4.5505	874.2855	803.3389	-70.9466	-8.8315	230.4468	4.8760	867.0011	0.7716	nan	201.3780	736.8276	91.7209	92.6573	84.9861	47.0256	82.6815	0.9526	826.0679	-22.7290	-2.8293	96.1094	7.0581	0.2402	
11589.5755	11500.8889	-88.6866	-0.7711	0.6324	0.6396	0.6284	0.0041	0.6414	0.0294	0.0289	5.8917	1.6101	3.6620	-3.8068	0.9752	2.8517	2.7220	0.1297	4.5470	0.0000	9.5057	155.7975	191.2344	190.4856	-0.7489	-0.3931	877.1247	847.2600	-29.8647	-3.5249	230.2084	5.1641	921.0244	0.7747	nan	200.5397	761.6968	89.9012	91.9910	82.7011	47.7919	83.6340	0.9005	868.2070	-20.9470	-2.4723	94.9868	8.9382	0.2218	
11379.8605	11074.0000	-305.8605	-2.7620	0.6600	0.6800	0.6344	0.0256	3.8761	0.0297	0.0302	5.5958	1.5615	3.6073	-4.2563	1.0435	2.8660	2.8682	-0.0022	-0.0771	0.0000	4.5378	173.4913	212.7671	190.2733	-22.4938	-11.8218	946.4191	847.0600	-99.3591	-11.7299	230.2437	5.1636	920.9867	0.7747	nan	200.2111	765.3630	90.3553	91.9731	83.1026	48.6095	84.9512	0.8968	884.2048	-37.1448	-4.3851	95.0364	4.0528	0.2303	
10834.1756	10573.2727	-260.9028	-2.4676	0.6876	0.7036	0.6817	0.0059	0.8607	0.0313	0.0299	6.7598	1.8693	3.5877	-3.9462	1.0789	2.8822	2.8884	-0.0063	-0.2173	0.0000	10.0315	144.7742	177.9271	190.0602	12.1331	6.3838	806.7155	846.7182	40.0027	4.7244	230.3745	5.1605	920.7882	0.7745	nan	200.3469	761.3413	89.9167	91.9558	82.6837	49.5159	85.9356	0.8924	880.8883	-34.1702	-4.0356	94.8655	6.5755	0.2386	

Torque compensated Offset = 	0
Mean Torque Mainboard Error perc = 	1.4281921959058248


Step N. = 	4
Target Speed = 	9312

Speed Mainboard (rpm_M)	Speed TestBench (rpm_M)	Speed Error (rpm_M)	Speed Error %	Torque TestBench (Nm_M)	Torque Ref (Nm)	Torque MainBoard (Nm_M)	Torque MainBoard Error (Nm_M)	Torque MainBoard Error %	Flux Ref (V/rad/s)	Flux (V/rad/s)	Id * Iq (A^2)	Id (Apeak)	Iq (Apeak)	Id Rotor (Apeak)	Iq Rotor (Apeak)	IMotor Measured (Arms)	IMotor MainBoard (Arms)	IMotor Error (Arms)	IMotor Error %	Motor Current THD %	Vsdref (Vpeak)	Vsqref (Vpeak)	Vout MainBoard (Vrms)	Vout Measured (Vrms)	Vout Error (Vrms)	Vout Error %	Motor Power MainBoard (W)	Motor Power Measured (W)	Motor Power Error (W)	Motor Power Error %	Line Voltage (Vrms)	Line Current (Arms)	Line Power (W)	Line Power Factor	Bulk Ripple (V)	DC Bus Voltage (Vrms)	Motor Mechanical Power (W)	Motor Efficiency	Inverter Efficiency	Overall Efficiency	Temperature (deg C)	Estimated Temperature (deg C)	Motor cos-phi	Electrical Power Alpha-Beta [W]	Electrical Power Error [W]	Electrical Power Error [%]	Bus Voltage Usage [%]	Rotational Losses [W]	Kt [Nm/Arms]	
9309.3390	9309.2222	-0.1168	-0.0013	0.1824	0.1350	0.1307	0.0518	28.3807	0.0433	0.0422	-0.7392	-1.5700	0.4707	-1.7115	0.2565	1.2330	1.1618	0.0711	5.7694	0.0000	-2.9718	169.8661	208.1021	210.4851	2.3830	1.1321	126.8782	194.2756	67.3974	34.6916	230.9426	1.3281	212.6878	0.6932	nan	213.3008	177.8557	91.5968	91.3308	83.6546	40.5628	78.4157	0.4320	154.3301	39.9454	20.5612	98.6811	2.5023	0.1480	
9305.1348	9308.7500	3.6152	0.0388	0.2318	0.2249	0.2183	0.0135	5.8207	0.0434	0.0418	-1.2778	-1.5725	0.8128	-1.7554	0.4442	1.2919	1.2458	0.0461	3.5720	0.0000	-5.9445	169.1884	207.3819	208.5670	1.1851	0.5682	220.1648	249.3150	29.1502	11.6921	230.9225	1.6545	270.3125	0.7075	nan	210.3784	225.9118	90.6194	92.2313	83.5792	40.7569	78.6664	0.5342	241.5015	7.8135	3.1340	99.1392	8.1102	0.1794	
9320.1245	9310.6667	-9.4578	-0.1016	0.2683	0.2453	0.2444	0.0239	8.9011	0.0423	0.0421	-1.5162	-1.5804	0.9616	-1.8696	0.4462	1.3258	1.2883	0.0375	2.8252	0.0000	-5.5164	166.0414	203.5325	207.8479	4.3153	2.0762	252.5446	279.4744	26.9298	9.6359	230.9056	1.8311	301.4811	0.7130	nan	209.7074	261.6279	93.6151	92.7003	86.7813	41.0068	78.9060	0.5856	276.9671	2.5074	0.8972	99.1135	1.7262	0.2024	
9310.6633	9311.2222	0.5589	0.0060	0.3041	0.2920	0.3041	-0.0000	-0.0001	0.0416	0.0420	-1.8777	-1.5155	1.2402	-1.8307	0.5430	1.3748	1.3358	0.0389	2.8307	0.0000	-3.0772	165.5965	202.8553	206.7129	3.8576	1.8662	315.3517	318.5667	3.2150	1.0092	230.8788	2.0584	342.3356	0.7203	nan	209.0999	296.5293	93.0823	93.0568	86.6194	41.2314	79.1243	0.6472	312.6876	5.8791	1.8455	98.8588	4.6875	0.2212	
9312.3112	9314.8889	2.5777	0.0277	0.3380	0.3276	0.3418	-0.0038	-1.1150	0.0410	0.0414	-2.0826	-1.4732	1.4140	-1.9172	0.6218	1.4250	1.3891	0.0358	2.5158	0.0000	-0.7558	167.0211	204.6681	205.6739	1.0058	0.4890	354.5639	355.7333	1.1694	0.3287	230.8468	2.2736	381.2767	0.7265	nan	208.4073	329.7032	92.6832	93.3005	86.4739	41.4806	79.3472	0.7008	353.2412	2.4921	0.7005	98.6887	7.3716	0.2372	
9307.9927	9307.1250	-0.8677	-0.0093	0.3745	0.3679	0.3600	0.0145	3.8822	0.0409	0.0409	-1.9920	-1.3830	1.4432	-1.9454	0.6625	1.4740	1.4422	0.0318	2.1542	0.0000	-0.2033	164.7477	201.8761	204.7250	2.8489	1.3916	356.5451	389.5725	33.0274	8.4779	230.8270	2.4684	416.8487	0.7316	nan	207.7826	365.0032	93.6932	93.4565	87.5624	41.7389	79.5774	0.7454	388.8338	0.7387	0.1896	98.5287	4.5844	0.2541	
9307.5719	9306.2500	-1.3219	-0.0142	0.4099	0.4076	0.3874	0.0224	5.4727	0.0409	0.0409	-2.2844	-1.4344	1.5997	-2.0391	0.6756	1.5280	1.4973	0.0306	2.0047	0.0000	-5.3406	161.5358	198.0260	203.7430	5.7170	2.8060	398.2380	424.5137	26.2757	6.1896	230.8148	2.6692	453.7337	0.7365	nan	207.1343	399.4430	94.0944	93.5601	88.0349	42.0142	79.8330	0.7873	426.9124	-2.3987	-0.5650	98.3630	3.5713	0.2683	
9309.2613	9309.0000	-0.2613	-0.0028	0.4439	0.4375	0.4373	0.0066	1.4783	0.0400	0.0406	-2.3568	-1.2823	1.8456	-2.0557	0.7888	1.5910	1.5520	0.0390	2.4518	0.0000	-1.2744	162.5809	199.2236	202.6222	3.3986	1.6773	452.2226	462.3222	10.0996	2.1845	230.7978	2.8863	493.8744	0.7414	nan	206.5587	432.7189	93.5973	93.6113	87.6175	42.2895	80.0950	0.8280	464.3055	-1.9832	-0.4290	98.0945	6.2669	0.2790	
9312.7296	9310.3333	-2.3963	-0.0257	0.4796	0.4681	0.4692	0.0103	2.1498	0.0405	0.0404	-2.4346	-1.2572	1.9596	-2.1189	0.8426	1.6522	1.6174	0.0347	2.1016	0.0000	-2.4211	166.3520	203.8377	201.6179	-2.2199	-1.1010	494.0462	496.9711	2.9249	0.5885	230.7753	3.0850	530.8244	0.7456	nan	206.0048	467.5547	94.0808	93.6225	88.0808	42.6198	80.3865	0.8614	501.8687	-4.8976	-0.9855	97.8707	4.2184	0.2903	
9305.7037	9308.7500	3.0463	0.0327	0.5158	0.5117	0.5225	-0.0067	-1.3013	0.0390	0.0409	-2.3779	-1.0666	2.2731	-2.1474	0.8862	1.7217	1.6871	0.0346	2.0096	0.0000	-3.6745	160.6302	196.9613	200.4952	3.5339	1.7626	554.4723	533.5675	-20.9048	-3.9179	230.7500	3.2948	570.0650	0.7498	nan	205.4112	502.7582	94.2258	93.5977	88.1931	42.9325	80.6962	0.8924	537.5555	-3.9880	-0.7474	97.6070	3.4128	0.2996	
9310.3062	9316.1111	5.8049	0.0623	0.5502	0.5405	0.5297	0.0206	3.7386	0.0393	0.0404	-2.2438	-1.0247	2.2674	-2.2858	0.9334	1.7992	1.7597	0.0395	2.1955	0.0000	-1.5139	158.8815	194.8035	199.3440	4.5405	2.2777	542.4005	571.5822	29.1817	5.1054	230.7340	3.5133	611.0411	0.7538	nan	204.8400	536.7863	93.9125	93.5423	87.8479	43.2818	81.0381	0.9201	573.2914	-1.7091	-0.2990	97.3171	4.8335	0.3058	
9306.5489	9309.8571	3.3083	0.0355	0.5841	0.5775	0.5721	0.0120	2.0548	0.0384	0.0391	-2.2759	-0.9263	2.4780	-2.4706	0.9906	1.8805	1.8288	0.0517	2.7470	0.0000	-6.0358	156.1716	191.4441	198.2757	6.8316	3.4455	587.5228	608.6086	21.0858	3.4646	230.7219	3.7268	651.1814	0.7573	nan	204.3408	569.4963	93.5734	93.4622	87.4558	43.6614	81.4040	0.9424	605.2388	3.3698	0.5537	97.0321	6.3325	0.3106	
9304.4859	9308.4444	3.9585	0.0425	0.6198	0.6187	0.6581	-0.0384	-6.1888	0.0395	0.0386	-1.2811	-0.4645	2.8416	-2.5737	1.1193	1.9715	1.9174	0.0541	2.7434	0.0000	0.1722	166.4347	203.8513	197.2187	-6.6326	-3.3631	709.9236	646.4044	-63.5191	-9.8265	230.6981	3.9459	692.3300	0.7605	nan	203.7348	604.1457	93.4625	93.3665	87.2627	44.0784	81.8525	0.9598	657.6360	-11.2316	-1.7375	96.8018	6.1693	0.3144	
9306.4328	9312.4444	6.0117	0.0646	0.6557	0.6516	0.6064	0.0493	7.5133	0.0401	0.0378	-1.9369	-0.7938	2.5078	-2.8103	1.1755	2.0749	2.0191	0.0558	2.6872	0.0000	-2.9146	164.2330	201.1936	196.1850	-5.0086	-2.5530	620.2712	685.1267	64.8555	9.4662	230.6892	4.1717	734.8778	0.7636	nan	203.1694	639.4042	93.3266	93.2300	87.0084	44.5377	82.3403	0.9718	693.9214	-8.7947	-1.2837	96.5624	5.6765	0.3160	
9309.2190	9310.5000	1.2810	0.0138	0.6895	0.6832	0.6887	0.0008	0.1186	0.0367	0.0398	-0.6193	-0.1998	3.1062	-2.5690	1.1554	2.1957	2.1302	0.0655	2.9827	0.0000	0.2650	155.5432	190.5333	195.2465	4.7132	2.4140	724.6344	724.3300	-0.3044	-0.0420	230.6725	4.4024	778.2700	0.7664	nan	202.6557	672.2579	92.8111	93.0692	86.3786	45.0220	82.8832	0.9755	728.1950	-3.8650	-0.5336	96.3440	7.1381	0.3140	
9307.3306	9308.1111	0.7806	0.0084	0.7253	0.7218	0.7447	-0.0194	-2.6766	0.0383	0.0379	1.8453	0.4544	3.3152	-3.0599	1.1938	2.3675	2.2895	0.0780	3.2941	0.0000	0.8722	161.7092	198.1470	194.0934	-4.0536	-2.0885	806.3644	767.1833	-39.1810	-5.1071	230.5343	4.6620	826.5489	0.7691	nan	201.9681	707.0138	92.1571	92.8177	85.5381	45.5920	83.5343	0.9639	780.4721	-13.2887	-1.7321	96.1013	7.8130	0.3064	
9300.6857	9316.3333	15.6476	0.1680	0.7596	0.6836	0.7656	-0.0061	-0.7978	0.0377	0.0362	4.1882	1.1497	3.3917	-3.5312	1.2343	2.6654	2.5514	0.1140	4.2757	0.0000	5.0485	143.0151	175.3185	191.3664	16.0479	8.3860	735.3980	817.2933	81.8953	10.0203	230.3578	4.9665	885.3478	0.7739	nan	201.2832	741.0258	90.6698	92.3135	83.7007	46.3060	84.4107	0.9251	824.0689	-6.7756	-0.8290	95.0735	9.7178	0.2850	
9214.9516	8966.7500	-248.2016	-2.7680	0.7970	0.7956	0.8034	-0.0064	-0.8026	0.0363	0.0380	7.2150	1.9538	3.6809	-3.9803	1.2583	2.9582	2.8509	0.1072	3.6247	0.0000	4.0769	152.4780	187.0556	188.8875	1.8319	0.9698	852.8228	843.0850	-9.7378	-1.1550	230.2088	5.1490	918.2300	0.7746	nan	200.4467	748.3728	88.7661	91.8163	81.5018	47.2245	85.7200	0.8711	869.9459	-26.8609	-3.1860	94.2335	12.4420	0.2694	
8870.5080	8588.4444	-282.0636	-3.2842	0.8332	0.8853	0.7915	0.0417	5.0089	0.0363	0.0394	7.5090	2.0860	3.5862	-3.9503	1.3520	2.9857	2.9777	0.0080	0.2677	0.0000	9.9004	137.0599	168.5777	188.9778	20.4001	10.7950	768.1661	844.5689	76.4027	9.0464	230.3082	5.1574	920.1311	0.7747	nan	200.2137	749.3718	88.7286	91.7879	81.4422	48.2461	87.2330	0.8642	879.7672	-35.1983	-4.1676	94.3881	11.0526	0.2791	

Torque compensated Offset = 	0
Mean Torque Mainboard Error perc = 	3.2440804888495864


Step N. = 	5
Target Speed = 	6984

Speed Mainboard (rpm_M)	Speed TestBench (rpm_M)	Speed Error (rpm_M)	Speed Error %	Torque TestBench (Nm_M)	Torque Ref (Nm)	Torque MainBoard (Nm_M)	Torque MainBoard Error (Nm_M)	Torque MainBoard Error %	Flux Ref (V/rad/s)	Flux (V/rad/s)	Id * Iq (A^2)	Id (Apeak)	Iq (Apeak)	Id Rotor (Apeak)	Iq Rotor (Apeak)	IMotor Measured (Arms)	IMotor MainBoard (Arms)	IMotor Error (Arms)	IMotor Error %	Motor Current THD %	Vsdref (Vpeak)	Vsqref (Vpeak)	Vout MainBoard (Vrms)	Vout Measured (Vrms)	Vout Error (Vrms)	Vout Error %	Motor Power MainBoard (W)	Motor Power Measured (W)	Motor Power Error (W)	Motor Power Error %	Line Voltage (Vrms)	Line Current (Arms)	Line Power (W)	Line Power Factor	Bulk Ripple (V)	DC Bus Voltage (Vrms)	Motor Mechanical Power (W)	Motor Efficiency	Inverter Efficiency	Overall Efficiency	Temperature (deg C)	Estimated Temperature (deg C)	Motor cos-phi	Electrical Power Alpha-Beta [W]	Electrical Power Error [W]	Electrical Power Error [%]	Bus Voltage Usage [%]	Rotational Losses [W]	Kt [Nm/Arms]	
6976.8338	6981.0000	4.1662	0.0597	0.1764	0.1634	0.1574	0.0189	10.7304	0.0582	0.0578	-0.4233	-0.9607	0.4386	-1.0443	0.3132	0.7682	0.7275	0.0408	5.3048	0.0000	-1.3633	168.7109	206.7480	210.6845	3.9365	1.8684	112.6463	136.4575	23.8112	17.4495	230.9808	0.9676	150.5050	0.6731	nan	213.5853	128.9430	94.5681	90.6493	85.7232	40.5730	75.9891	0.4863	127.0916	9.3659	6.8636	98.6431	2.1110	0.2296	
6977.4586	6981.6667	4.2081	0.0603	0.2484	0.2596	0.2794	-0.0309	-12.4434	0.0555	0.0569	-0.8486	-0.9943	0.8524	-1.1171	0.4871	0.8644	0.8418	0.0225	2.6062	0.0000	3.0400	165.0411	202.2320	208.1342	5.9023	2.8358	206.3862	195.1944	-11.1918	-5.7337	230.9381	1.3246	212.3522	0.6942	nan	210.9903	181.6427	93.0582	91.9194	85.5385	40.5938	76.0862	0.6264	197.1192	-1.9248	-0.9861	98.6464	6.7108	0.2874	
6980.8603	6985.7778	4.9175	0.0704	0.3000	0.3083	0.3034	-0.0034	-1.1340	0.0564	0.0556	-0.8715	-0.9546	0.9125	-1.2227	0.5862	0.9298	0.9098	0.0200	2.1542	0.0000	-2.9375	164.1109	201.1230	207.0054	5.8824	2.8417	228.3494	233.3256	4.9762	2.1327	230.8794	1.5519	251.9678	0.7032	nan	210.2534	219.4650	94.0601	92.6010	87.1004	40.6295	76.2144	0.6999	236.1825	-2.8569	-1.2244	98.4552	5.9433	0.3226	
6980.2593	6981.5556	1.2963	0.0186	0.3522	0.3598	0.3664	-0.0142	-4.0247	0.0565	0.0556	-0.9822	-0.9079	1.0823	-1.2755	0.6729	1.0008	0.9844	0.0164	1.6385	0.0000	-7.3876	163.6081	200.6072	205.8086	5.2014	2.5273	275.6521	271.3522	-4.2999	-1.5846	230.8157	1.7764	291.6911	0.7114	nan	209.5394	257.5122	94.9008	93.0271	88.2834	40.7221	76.3571	0.7606	277.2349	-5.8827	-2.1679	98.2195	4.6641	0.3519	
6980.4456	6981.8571	1.4115	0.0202	0.4031	0.4113	0.4335	-0.0304	-7.5314	0.0536	0.0557	-1.2689	-0.9315	1.3619	-1.2635	0.7744	1.0787	1.0668	0.0119	1.1056	0.0000	2.0777	158.5929	194.3778	204.5984	10.2206	4.9955	321.1135	310.6000	-10.5135	-3.3849	230.7234	2.0066	332.8886	0.7190	nan	208.7144	294.7536	94.8978	93.3045	88.5440	40.8217	76.5112	0.8125	316.0477	-5.4477	-1.7539	98.0279	5.1823	0.3737	
6979.3679	6984.2222	4.8544	0.0695	0.4549	0.4674	0.4768	-0.0220	-4.8257	0.0539	0.0545	-1.2956	-0.8803	1.4718	-1.4525	0.8674	1.1646	1.1496	0.0150	1.2896	0.0000	-3.9141	160.0867	196.1616	203.3564	7.1948	3.5380	358.3242	351.4589	-6.8653	-1.9534	230.6373	2.2449	375.9689	0.7262	nan	207.9268	332.6999	94.6626	93.4808	88.4914	40.9696	76.7095	0.8568	357.9867	-6.5278	-1.8573	97.8019	6.3217	0.3906	
6981.8854	6985.7500	3.8646	0.0553	0.5058	0.5181	0.5061	-0.0004	-0.0780	0.0564	0.0541	-1.1486	-0.7646	1.5022	-1.5183	1.0321	1.2534	1.2404	0.0130	1.0338	0.0000	-2.5792	166.3232	203.7640	202.1282	-1.6358	-0.8093	377.5076	391.5000	13.9924	3.5740	230.5088	2.4781	418.3475	0.7324	nan	207.1388	369.9794	94.5030	93.5825	88.4383	41.1667	76.9428	0.8922	403.7586	-12.2586	-3.1312	97.5811	7.1029	0.4035	
6985.9553	6982.8889	-3.0664	-0.0439	0.5567	0.5623	0.5812	-0.0245	-4.4101	0.0538	0.0545	-1.2833	-0.7049	1.8216	-1.5345	1.0454	1.3440	1.3259	0.0182	1.3520	0.0000	-3.9297	162.3724	198.9599	201.0096	2.0496	1.0197	447.7508	430.7433	-17.0075	-3.9484	230.4204	2.7056	460.0478	0.7379	nan	206.4214	407.0605	94.5019	93.6301	88.4823	41.3718	77.1934	0.9205	440.9726	-10.2293	-2.3748	97.3783	7.0903	0.4142	
6984.3885	6986.6667	2.2781	0.0326	0.6071	0.6163	0.5983	0.0088	1.4544	0.0535	0.0542	-1.2994	-0.7052	1.8547	-1.6039	1.0667	1.4385	1.4234	0.0151	1.0507	0.0000	-0.5476	161.1052	197.3856	200.0178	2.6321	1.3159	448.9588	470.1800	21.2212	4.5134	230.4454	2.9328	502.1389	0.7430	nan	205.8086	444.1882	94.4719	93.6354	88.4592	41.6255	77.4912	0.9434	479.7441	-9.5641	-2.0341	97.1863	6.9652	0.4220	
6983.0462	6981.8889	-1.1573	-0.0166	0.6586	0.6690	0.6584	0.0002	0.0250	0.0525	0.0537	-1.2778	-0.6153	2.0952	-1.7676	1.2475	1.5381	1.5281	0.0100	0.6530	0.0000	0.0162	156.7752	192.2049	199.0117	6.8068	3.4203	491.7647	509.7833	18.0187	3.5346	230.4658	3.1609	544.6644	0.7477	nan	205.2445	481.4973	94.4513	93.5958	88.4025	41.9004	77.8260	0.9615	520.7293	-10.9460	-2.1472	96.9632	6.5102	0.4282	
6981.3572	6985.2222	3.8650	0.0553	0.7091	0.7238	0.7415	-0.0324	-4.5703	0.0524	0.0521	-0.8979	-0.3824	2.3671	-2.0004	1.3417	1.6473	1.6368	0.0104	0.6336	0.0000	-1.7491	160.7603	196.9667	197.9909	1.0241	0.5173	571.1692	551.0456	-20.1236	-3.6519	230.5060	3.3992	589.2756	0.7521	nan	204.6752	518.7081	94.1316	93.5124	88.0247	42.2128	78.2040	0.9755	564.6019	-13.5563	-2.4601	96.7342	7.3296	0.4305	
6982.1629	6986.8571	4.6943	0.0672	0.7613	0.7747	0.7751	-0.0138	-1.8191	0.0514	0.0536	-0.7754	-0.3216	2.5410	-1.9534	1.4142	1.7631	1.7547	0.0084	0.4764	0.0000	5.8316	156.5803	192.0698	197.0197	4.9499	2.5124	591.1714	592.5486	1.3772	0.2324	230.5694	3.6383	634.3543	0.7562	nan	204.1495	557.0041	94.0014	93.4097	87.8064	42.5862	78.6219	0.9849	607.6534	-15.1048	-2.5491	96.5076	6.8528	0.4318	
6986.9574	6985.0000	-1.9574	-0.0280	0.8116	0.8182	0.8037	0.0078	0.9646	0.0525	0.0511	-0.5377	-0.2169	2.5629	-2.3118	1.4521	1.8896	1.8865	0.0031	0.1630	0.0000	-1.1984	158.1045	193.6917	195.9949	2.3032	1.1751	607.1222	634.5578	27.4356	4.3236	230.5732	3.8826	680.2967	0.7599	nan	203.5682	593.6266	93.5496	93.2766	87.2600	42.9469	79.1015	0.9892	647.7578	-13.2001	-2.0802	96.2797	7.9284	0.4295	
6982.9315	6984.1111	1.1796	0.0169	0.8633	0.8770	0.8475	0.0159	1.8375	0.0506	0.0504	-0.0914	-0.0420	2.7964	-2.4985	1.5360	2.0300	2.0260	0.0040	0.1974	0.0000	-2.2814	156.3614	191.5371	194.9867	3.4495	1.7691	655.5294	677.2422	21.7128	3.2061	230.5333	4.1336	727.3267	0.7633	nan	203.0058	631.4200	93.2340	93.1139	86.8138	43.4380	79.6807	0.9878	689.6642	-12.4220	-1.8342	96.0498	7.6568	0.4253	
6983.1004	6986.0000	2.8996	0.0415	0.9142	0.9288	0.9449	-0.0306	-3.3525	0.0524	0.0532	1.1223	0.3392	3.0144	-2.4388	1.6619	2.1967	2.2024	-0.0056	-0.2567	0.0000	-2.2930	161.4927	197.8877	193.9333	-3.9543	-2.0390	730.3008	721.7367	-8.5642	-1.1866	230.4446	4.3999	776.8822	0.7662	nan	202.3560	668.8197	92.6681	92.9017	86.0902	43.9686	80.3653	0.9781	740.1448	-18.4081	-2.5505	95.8377	8.1304	0.4162	
6985.4721	6986.3333	0.8612	0.0123	0.9644	0.9776	1.0034	-0.0390	-4.0410	0.0508	0.0520	4.2846	1.2201	3.3437	-2.7968	1.7078	2.4208	2.4241	-0.0033	-0.1378	0.0000	0.8922	168.0283	205.8195	192.7833	-13.0362	-6.7621	844.8122	769.4378	-75.3744	-9.7960	230.3142	4.6913	830.8433	0.7690	nan	201.6136	705.5942	91.7027	92.6093	84.9251	44.6120	81.2334	0.9519	793.8363	-24.3985	-3.1710	95.6202	9.3163	0.3984	
6968.4146	6980.2222	11.8077	0.1692	1.0150	1.1277	0.9994	0.0156	1.5329	0.0456	0.0508	7.6937	2.1427	3.5950	-3.7355	1.6810	2.9416	2.9595	-0.0179	-0.6077	0.0000	7.9596	141.4143	174.0785	188.8972	14.8188	7.8449	789.3608	836.5911	47.2303	5.6456	230.2402	5.1121	911.1800	0.7741	nan	200.3953	741.9310	88.6867	91.8144	81.4274	45.4524	82.5617	0.8693	871.1076	-34.5165	-4.1259	94.2623	13.8765	0.3451	
6647.6452	6632.8889	-14.7563	-0.2225	1.0706	1.2331	1.0955	-0.0250	-2.3306	0.0501	0.0515	10.1006	2.8165	3.5904	-4.0914	1.7680	3.1708	3.1812	-0.0104	-0.3271	0.0000	14.1681	154.7436	191.0327	188.2869	-2.7458	-1.4583	897.8753	853.5656	-44.3097	-5.1911	230.2269	5.2289	933.0844	0.7751	nan	199.9931	743.5966	87.1165	91.4778	79.6923	46.6317	84.5691	0.8254	882.0272	-28.4616	-3.3344	94.1467	15.6668	0.3376	
6357.4675	6327.2222	-30.2453	-0.4780	1.1222	1.1320	1.1792	-0.0570	-5.0789	0.0535	0.0503	9.7672	2.6707	3.6583	-4.1254	1.8170	3.2119	3.2192	-0.0073	-0.2282	0.0000	12.1319	147.8785	181.9057	188.2808	6.3751	3.3859	859.3268	856.4778	-2.8491	-0.3326	230.2378	5.2503	936.7933	0.7750	nan	199.9945	743.5621	86.8163	91.4265	79.3731	47.9161	86.2744	0.8177	885.7259	-29.2481	-3.4149	94.1430	15.6652	0.3494	

Torque compensated Offset = 	0
Mean Torque Mainboard Error perc = 	-2.0576265213821214


Step N. = 	6
Target Speed = 	4190

Speed Mainboard (rpm_M)	Speed TestBench (rpm_M)	Speed Error (rpm_M)	Speed Error %	Torque TestBench (Nm_M)	Torque Ref (Nm)	Torque MainBoard (Nm_M)	Torque MainBoard Error (Nm_M)	Torque MainBoard Error %	Flux Ref (V/rad/s)	Flux (V/rad/s)	Id * Iq (A^2)	Id (Apeak)	Iq (Apeak)	Id Rotor (Apeak)	Iq Rotor (Apeak)	IMotor Measured (Arms)	IMotor MainBoard (Arms)	IMotor Error (Arms)	IMotor Error %	Motor Current THD %	Vsdref (Vpeak)	Vsqref (Vpeak)	Vout MainBoard (Vrms)	Vout Measured (Vrms)	Vout Error (Vrms)	Vout Error %	Motor Power MainBoard (W)	Motor Power Measured (W)	Motor Power Error (W)	Motor Power Error %	Line Voltage (Vrms)	Line Current (Arms)	Line Power (W)	Line Power Factor	Bulk Ripple (V)	DC Bus Voltage (Vrms)	Motor Mechanical Power (W)	Motor Efficiency	Inverter Efficiency	Overall Efficiency	Temperature (deg C)	Estimated Temperature (deg C)	Motor cos-phi	Electrical Power Alpha-Beta [W]	Electrical Power Error [W]	Electrical Power Error [%]	Bus Voltage Usage [%]	Rotational Losses [W]	Kt [Nm/Arms]	
4188.7593	4187.5556	-1.2037	-0.0287	0.1719	0.1868	0.1933	-0.0214	-12.4446	0.0876	0.0876	0.1455	0.3937	0.3731	0.3129	0.3907	0.3720	0.3731	-0.0011	-0.3033	0.0000	-0.1813	154.8850	189.7188	189.3547	-0.3641	-0.1923	86.6519	83.4822	-3.1697	-3.7969	230.6037	0.6391	95.1744	0.6449	nan	214.4569	75.3800	90.6494	87.6117	79.3925	40.0420	82.8920	0.6815	85.1626	-1.6804	-2.0129	88.2955	6.8380	0.4621	
4192.1568	4188.5000	-3.6568	-0.0873	0.2890	0.3036	0.3082	-0.0192	-6.6280	0.0881	0.0880	0.2246	0.3836	0.5850	0.2540	0.6284	0.5117	0.5016	0.0101	1.9803	0.0000	-0.8527	154.0371	188.8536	190.8907	2.0371	1.0672	134.4874	138.8550	4.3676	3.1454	230.5995	0.9851	153.6750	0.6765	nan	211.9882	126.7612	91.3037	90.3536	82.4951	40.0194	82.8446	0.8207	140.2036	-1.3486	-0.9712	90.0478	9.7017	0.5648	
4186.6647	4189.5556	2.8908	0.0690	0.3844	0.4150	0.3971	-0.0127	-3.3002	0.0891	0.0896	0.3834	0.5345	0.7166	0.2603	0.8551	0.6425	0.6362	0.0063	0.9775	0.0000	-3.6123	154.7325	189.6565	193.9907	4.3342	2.2342	162.9056	181.5211	18.6155	10.2553	230.6198	1.2460	198.5467	0.6910	nan	210.9721	168.6666	92.9220	91.4243	84.9527	40.0423	82.8781	0.8409	184.4961	-2.9750	-1.6389	91.9508	9.0834	0.5984	
4185.9519	4188.4000	2.4481	0.0584	0.4780	0.5165	0.5108	-0.0328	-6.8688	0.0905	0.0902	0.6172	0.6575	0.9385	0.2015	1.0832	0.7816	0.7732	0.0084	1.0741	0.0000	4.6928	159.1014	195.0836	197.3967	2.3131	1.1718	228.6474	226.5450	-2.1024	-0.9280	230.6806	1.5163	245.8500	0.7029	nan	210.0699	209.6548	92.5449	92.1476	85.2777	40.1039	82.9798	0.8477	229.7845	-3.2395	-1.4299	93.9672	11.3074	0.6116	
4186.6830	4189.1111	2.4281	0.0580	0.5718	0.6090	0.5908	-0.0190	-3.3300	0.0912	0.0911	0.6989	0.6531	1.0715	0.1524	1.2437	0.9130	0.9091	0.0039	0.4314	0.0000	3.2856	159.2587	195.2571	200.2934	5.0363	2.5145	259.3589	269.8556	10.4967	3.8897	230.7801	1.7728	291.3311	0.7121	nan	209.3787	250.8293	92.9496	92.6284	86.0977	40.2038	83.1458	0.8519	273.5905	-3.7349	-1.3840	95.6609	11.4051	0.6262	
4189.5926	4190.7778	1.1852	0.0283	0.6644	0.6951	0.7051	-0.0407	-6.1225	0.0919	0.0901	1.0152	0.7958	1.2779	0.0452	1.4790	1.0396	1.0356	0.0041	0.3919	0.0000	0.5230	160.5570	196.6896	201.6368	4.9472	2.4535	307.6248	313.0900	5.4652	1.7456	230.8803	2.0260	336.8900	0.7202	nan	208.7017	291.5962	93.1350	92.9354	86.5553	40.3599	83.3504	0.8623	317.9852	-4.8952	-1.5635	96.6148	11.6067	0.6391	
4187.3212	4188.2222	0.9010	0.0215	0.7574	0.7951	0.7855	-0.0281	-3.7090	0.0916	0.0933	1.1063	0.7893	1.4152	0.0958	1.6722	1.1668	1.1598	0.0070	0.6022	0.0000	0.8252	160.9342	197.1442	201.4857	4.3414	2.1547	341.7298	356.9667	15.2368	4.2684	230.9081	2.2819	383.3844	0.7276	nan	207.9654	332.2073	93.0639	93.1094	86.6513	40.5274	83.6013	0.8767	362.6680	-5.7013	-1.5972	96.8842	12.2975	0.6492	
4191.7107	4188.0000	-3.7107	-0.0886	0.8496	0.8743	0.9123	-0.0627	-7.3823	0.0890	0.0912	1.3307	0.7812	1.7110	-0.1537	1.7956	1.2945	1.2871	0.0074	0.5718	0.0000	5.2547	160.8459	197.1366	200.5520	3.4154	1.7030	418.4032	400.2378	-18.1654	-4.5387	230.7908	2.5343	429.4844	0.7343	nan	207.1064	372.5864	93.0913	93.1903	86.7520	40.7809	83.8967	0.8901	405.8677	-5.6299	-1.4066	96.8353	12.2964	0.6563	
4194.5184	4186.5556	-7.9629	-0.1902	0.9423	0.9589	0.9801	-0.0378	-4.0083	0.0896	0.0908	1.6616	0.9162	1.8177	-0.2811	2.0275	1.4320	1.4280	0.0040	0.2784	0.0000	5.7096	159.4599	195.5826	199.5716	3.9890	1.9988	442.0359	444.7100	2.6741	0.6013	230.6328	2.7942	477.1700	0.7405	nan	206.2244	413.1331	92.8995	93.1974	86.5799	41.0290	84.2481	0.8984	451.4183	-6.7083	-1.5085	96.7740	12.7686	0.6581	
4190.3558	4191.1429	0.7871	0.0188	1.0363	1.0622	1.0301	0.0062	0.5945	0.0890	0.0919	1.8034	0.9472	1.9099	-0.3878	2.1560	1.5772	1.5747	0.0024	0.1538	0.0000	5.4810	156.3196	191.5780	198.6719	7.0939	3.5707	455.3477	489.6857	34.3380	7.0123	230.5024	3.0565	525.7257	0.7462	nan	205.3891	454.8211	92.8802	93.1447	86.5130	41.3554	84.6554	0.9023	494.8442	-5.1584	-1.0534	96.7295	12.0190	0.6571	
4188.8831	4189.5556	0.6724	0.0160	1.1301	1.1587	1.1801	-0.0500	-4.4231	0.0888	0.0865	2.5573	1.1340	2.2536	-0.9249	2.3499	1.7318	1.7346	-0.0028	-0.1628	0.0000	0.4500	163.2135	199.9557	197.7679	-2.1878	-1.1063	552.5997	535.5744	-17.0252	-3.1789	230.3869	3.3243	575.5111	0.7514	nan	204.5640	495.8128	92.5759	93.0607	86.1517	41.7008	85.1468	0.9029	544.0610	-8.4865	-1.5846	96.6777	12.1792	0.6526	
4186.9887	4189.0000	2.0113	0.0480	1.2229	1.2558	1.2481	-0.0252	-2.0606	0.0866	0.0891	2.9166	1.2010	2.4288	-0.8883	2.4245	1.8963	1.8999	-0.0036	-0.1898	0.0000	5.3126	156.4925	191.9402	196.9397	4.9995	2.5386	578.8922	582.2222	3.3301	0.5720	230.4210	3.5954	626.4756	0.7562	nan	203.9570	536.4460	92.1377	92.9361	85.6292	42.1563	85.7480	0.9001	589.6954	-7.4732	-1.2836	96.5594	12.6437	0.6449	
4192.9363	4188.7778	-4.1586	-0.0993	1.3167	1.3312	1.3197	-0.0030	-0.2303	0.0844	0.0855	3.3167	1.2934	2.5723	-1.3886	2.5470	2.0740	2.0803	-0.0063	-0.3040	0.0000	2.7926	155.7462	190.7969	196.1952	5.3983	2.7515	606.5960	630.1478	23.5518	3.7375	230.5502	3.8743	679.2078	0.7604	nan	203.4208	577.5526	91.6535	92.7769	85.0333	42.6914	86.4528	0.8941	635.1982	-5.0504	-0.8015	96.4480	12.8753	0.6348	
4190.0087	4188.3333	-1.6754	-0.0400	1.4084	1.4322	1.4432	-0.0348	-2.4694	0.0830	0.0823	4.9642	1.6983	2.9126	-1.7998	2.7386	2.2722	2.2824	-0.0102	-0.4507	0.0000	2.8152	159.5923	195.6727	195.2673	-0.4053	-0.2076	704.9520	679.8256	-25.1264	-3.6960	230.6517	4.1663	734.3911	0.7642	nan	202.8617	617.7453	90.8682	92.5700	84.1167	43.2881	87.2994	0.8846	691.0319	-11.2064	-1.6484	96.2564	14.2924	0.6199	
4193.0107	4191.4444	-1.5663	-0.0374	1.5020	1.5163	1.4988	0.0032	0.2141	0.0841	0.0823	5.2531	1.7277	3.0168	-2.1695	2.8849	2.5011	2.5123	-0.0112	-0.4480	0.0000	10.9173	162.5737	199.8541	194.1598	-5.6943	-2.9328	761.3856	731.6178	-29.7678	-4.0688	230.6922	4.4770	792.5922	0.7674	nan	202.2840	659.2685	90.1111	92.3070	83.1788	44.0181	88.3284	0.8698	741.6212	-10.0034	-1.3673	95.9838	14.2791	0.6005	
4178.3228	4188.0000	9.6772	0.2311	1.5943	1.6538	1.6388	-0.0444	-2.7872	0.0883	0.0889	7.1066	2.3360	3.0488	-1.8814	3.1168	2.8260	2.8499	-0.0239	-0.8452	0.0000	-0.9218	167.8438	205.6856	192.1957	-13.4899	-7.0188	761.5575	790.9867	29.4292	3.7206	230.6853	4.8468	860.7200	0.7698	nan	201.6284	699.2210	88.3986	91.8983	81.2367	44.8054	89.6080	0.8408	807.9118	-16.9252	-2.1398	95.3217	17.3962	0.5642	
4178.6356	4178.9231	0.2875	0.0069	1.6878	1.7763	1.6382	0.0496	2.9412	0.0764	0.0805	12.2764	3.3871	3.6302	-3.1987	2.9216	3.4270	3.4401	-0.0130	-0.3795	0.0000	10.3034	166.7798	205.8551	189.5412	-16.3138	-8.6070	959.2507	868.1915	-91.0592	-10.4884	230.6335	5.3143	952.8892	0.7775	nan	200.3501	738.6280	85.0767	91.1115	77.5146	46.0566	91.8919	0.7717	882.5304	-14.3389	-1.6516	94.6050	19.6535	0.4925	

Torque compensated Offset = 	0
Mean Torque Mainboard Error perc = 	-3.6479183326230857


