Time	speed	torque	motor_current	motor_current_thd	motor_voltage	motor_power	line_voltage	line_current	line_power	motor_temperature	Test_Marker	BD_Target_Speed	BD_Target_Accel	BD_Update_Cmd	Mcl_Quantities.Speed_Rot_Mech	Mcl_Quantities.Torque	Mcl_Quantities.Torque_Ref	Mcl_Quantities.Stator_Flux_Mag	Mcl_Quantities.Flux_Ref	Mcl_Quantities.Id_stator_current	Mcl_Quantities.Iq_stator_current	Mcl_Quantities.Id_rotor_current	Rotor_Curr_Iq	Flux_Controller.Out	Torque_Controller.Out	DC_Bus_RMS	Mcl_Quantities.Electrical_Power	Mcl_Quantities.Stator_Temperature	Mcl_Quantities.Is_Abs	Mcl_Quantities.IsRMS	SR_Overheating_Temp
0.7417	0.0000	-0.0000	0.0107	0.0000	0.3040	-0.0400	230.7690	0.0000	1.3900	41.5880	NOT CONNECTED	NOT CONNECTED	NOT CONNECTED	NOT CONNECTED	NOT CONNECTED	NOT CONNECTED	NOT CONNECTED	NOT CONNECTED	NOT CONNECTED	NOT CONNECTED	NOT CONNECTED	NOT CONNECTED	NOT CONNECTED	NOT CONNECTED	NOT CONNECTED	NOT CONNECTED	NOT CONNECTED	NOT CONNECTED	NOT CONNECTED	NOT CONNECTED	NOT CONNECTED
1.4642	0.0000	-0.0000	0.0107	0.0000	0.3040	-0.0400	230.8070	0.0000	1.3200	41.5561	NOT CONNECTED	0.0000	450.0000	0.0000	0.0000	0.0000	0.0000	0.0931	0.0531	-1.4291	0.2139	-1.4405	0.1147	0.0000	0.0000	321.1944	0.0000	31.0226	1.4450	0.0054	53.2787
1.4755	0.0000	-0.0000	0.0107	0.0000	0.3040	-0.0400	230.8070	0.0000	1.3200	41.5561	NOT CONNECTED	0.0000	450.0000	0.0000	0.0000	0.0000	0.0000	0.0931	0.0531	-1.4291	0.2139	-1.4405	0.1147	0.0000	0.0000	321.1944	0.0000	31.0226	1.4450	0.0054	53.2787
2.0701	0.0000	-0.0000	0.0108	0.0000	0.3040	-0.0400	230.8250	0.0000	1.3300	41.5824	NOT CONNECTED	0.0000	450.0000	0.0000	0.0000	0.0000	0.0000	0.0931	0.0531	-1.4291	0.2139	-1.4405	0.1147	0.0000	0.0000	321.2120	0.0000	31.0041	1.4450	0.0054	53.2690
2.2245	0.0000	-0.0000	0.0108	0.0000	0.3040	-0.0400	230.8250	0.0000	1.3300	41.5824	NOT CONNECTED	0.0000	450.0000	0.0000	0.0000	0.0000	0.0000	0.0931	0.0531	-1.4291	0.2139	-1.4405	0.1147	0.0000	0.0000	321.2120	0.0000	31.0041	1.4450	0.0054	53.2690
2.6756	0.0000	-0.0000	0.0108	0.0000	0.3040	-0.0400	230.8600	0.0000	1.3500	41.5369	NOT CONNECTED	0.0000	450.0000	0.0000	0.0000	0.0000	0.0000	0.0931	0.0531	-1.4291	0.2139	-1.4405	0.1147	0.0000	0.0000	321.2486	0.0000	30.9880	1.4450	0.0053	53.2593
2.9692	0.0000	-0.0000	0.0108	0.0000	0.3040	-0.0400	230.8600	0.0000	1.3500	41.5369	NOT CONNECTED	0.0000	450.0000	0.0000	0.0000	0.0000	0.0000	0.0931	0.0531	-1.4291	0.2139	-1.4405	0.1147	0.0000	0.0000	321.2486	0.0000	30.9880	1.4450	0.0053	53.2593
3.2799	0.0000	-0.0000	0.0108	0.0000	0.3040	-0.0400	230.8600	0.0000	1.3500	41.5369	NOT CONNECTED	0.0000	450.0000	0.0000	0.0000	0.0000	0.0000	0.0931	0.0531	-1.4291	0.2139	-1.4405	0.1147	0.0000	0.0000	321.2932	0.0000	30.9732	1.4450	0.0053	53.2593
3.8866	0.0000	-0.0000	0.0108	0.0000	0.3040	-0.0400	230.8600	0.0000	1.3500	41.5369	NOT CONNECTED	0.0000	450.0000	0.0000	0.0000	0.0000	0.0000	0.0931	0.0531	-1.4291	0.2139	-1.4405	0.1147	0.0000	0.0000	321.3067	0.0000	30.9597	1.4450	0.0054	53.2497
4.4767	0.0000	-0.0000	0.0108	0.0000	0.3040	-0.0400	230.9140	0.0000	1.3300	41.5075	NOT CONNECTED	0.0000	450.0000	0.0000	0.0000	0.0000	0.0000	0.0931	0.0531	-1.4291	0.2139	-1.4405	0.1147	0.0000	0.0000	321.3122	0.0000	30.9472	1.4450	0.0052	53.2497
5.0813	0.0000	-0.0000	0.0108	0.0000	0.3040	-0.0400	230.9140	0.0000	1.3300	41.5075	NOT CONNECTED	0.0000	450.0000	0.0000	0.0000	0.0000	0.0000	0.0931	0.0531	-1.4291	0.2139	-1.4405	0.1147	0.0000	0.0000	321.3081	0.0000	30.9357	1.4450	0.0059	53.2400
5.2280	0.0000	-0.0000	0.0108	0.0000	0.3040	-0.0400	230.9140	0.0000	1.3300	41.5075	NOT CONNECTED	0.0000	450.0000	0.0000	0.0000	0.0000	0.0000	0.0931	0.0531	-1.4291	0.2139	-1.4405	0.1147	0.0000	0.0000	321.3081	0.0000	30.9357	1.4450	0.0059	53.2400
5.6879	0.0000	-0.0000	0.0108	0.0000	0.3050	-0.0400	230.9300	0.0000	1.3300	41.4984	NOT CONNECTED	0.0000	450.0000	0.0000	0.0000	0.0000	0.0000	0.0931	0.0531	-1.4291	0.2139	-1.4405	0.1147	0.0000	0.0000	321.3216	0.0000	30.9250	1.4450	0.0054	53.2304
5.9691	0.0000	-0.0000	0.0108	0.0000	0.3050	-0.0400	230.9300	0.0000	1.3300	41.4984	NOT CONNECTED	0.0000	450.0000	0.0000	0.0000	0.0000	0.0000	0.0931	0.0531	-1.4291	0.2139	-1.4405	0.1147	0.0000	0.0000	321.3216	0.0000	30.9250	1.4450	0.0054	53.2304
6.2923	0.0000	-0.0000	0.0108	0.0000	0.3050	-0.0400	230.9300	0.0000	1.3300	41.4984	NOT CONNECTED	0.0000	450.0000	0.0000	0.0000	0.0000	0.0000	0.0931	0.0531	-1.4291	0.2139	-1.4405	0.1147	0.0000	0.0000	321.3514	0.0000	30.9151	1.4450	0.0055	53.2304
6.7045	0.0000	-0.0000	0.0108	0.0000	0.3040	-0.0400	230.9350	0.0000	1.3300	41.5348	NOT CONNECTED	0.0000	450.0000	0.0000	0.0000	0.0000	0.0000	0.0931	0.0531	-1.4291	0.2139	-1.4405	0.1147	0.0000	0.0000	321.3554	0.0000	30.9056	1.4450	0.0053	53.2208
6.8990	0.0000	-0.0000	0.0108	0.0000	0.3040	-0.0400	230.9350	0.0000	1.3300	41.5348	NOT CONNECTED	0.0000	450.0000	0.0000	0.0000	0.0000	0.0000	0.0931	0.0531	-1.4291	0.2139	-1.4405	0.1147	0.0000	0.0000	321.3554	0.0000	30.9056	1.4450	0.0053	53.2208
7.4500	0.0000	-0.0000	0.0108	0.0000	0.3040	-0.0400	230.9400	0.0000	1.3400	41.5061	NOT CONNECTED	0.0000	450.0000	0.0000	0.0000	0.0000	0.0000	0.0931	0.0531	-1.4291	0.2139	-1.4405	0.1147	0.0000	0.0000	321.3324	0.0000	30.8967	1.4450	0.0053	53.2112
7.5194	0.0000	-0.0000	0.0108	0.0000	0.3040	-0.0400	230.9400	0.0000	1.3400	41.5061	NOT CONNECTED	0.0000	450.0000	0.0000	0.0000	0.0000	0.0000	0.0931	0.0531	-1.4291	0.2139	-1.4405	0.1147	0.0000	0.0000	321.3324	0.0000	30.8967	1.4450	0.0053	53.2112
8.1414	0.0000	-0.0000	0.0108	0.0000	0.3040	-0.0400	230.9400	0.0000	1.3200	41.5000	NOT CONNECTED	0.0000	500.0000	0.0000	0.0000	0.0000	0.0000	0.0931	0.0531	-1.4291	0.2139	-1.4405	0.1147	0.0000	0.0000	321.3216	0.0000	30.8886	1.4450	0.0053	53.2112
8.1834	0.0000	-0.0000	0.0108	0.0000	0.3040	-0.0400	230.9400	0.0000	1.3200	41.5000	NOT CONNECTED	0.0000	500.0000	0.0000	0.0000	0.0000	0.0000	0.0931	0.0531	-1.4291	0.2139	-1.4405	0.1147	0.0000	0.0000	321.3216	0.0000	30.8886	1.4450	0.0053	53.2112
8.7468	0.0000	-0.0000	0.0107	0.0000	0.3040	-0.0400	230.9350	0.0000	1.3400	41.4685	NOT CONNECTED	0.0000	500.0000	0.0000	0.0000	0.0000	0.0000	0.0931	0.0531	-1.4291	0.2139	-1.4405	0.1147	0.0000	0.0000	321.3325	0.0000	30.8810	1.4450	0.0053	53.2016
8.9146	0.0000	-0.0000	0.0107	0.0000	0.3040	-0.0400	230.9350	0.0000	1.3400	41.4685	NOT CONNECTED	0.0000	500.0000	0.0000	0.0000	0.0000	0.0000	0.0931	0.0531	-1.4291	0.2139	-1.4405	0.1147	0.0000	0.0000	321.3325	0.0000	30.8810	1.4450	0.0053	53.2016
9.3368	0.0000	-0.0000	0.0107	0.0000	0.3040	-0.0400	230.9320	0.0000	1.3400	41.4860	NOT CONNECTED	0.0000	500.0000	0.0000	0.0000	0.0000	0.0000	0.0931	0.0531	-1.4291	0.2139	-1.4405	0.1147	0.0000	0.0000	321.3419	0.0000	30.8739	1.4450	0.0052	53.2016
9.6551	0.0000	-0.0000	0.0107	0.0000	0.3040	-0.0400	230.9320	0.0000	1.3400	41.4860	NOT CONNECTED	0.0000	500.0000	0.0000	0.0000	0.0000	0.0000	0.0931	0.0531	-1.4291	0.2139	-1.4405	0.1147	0.0000	0.0000	321.3162	0.0000	30.8676	1.4450	0.0055	53.1920
9.9421	0.0000	-0.0000	0.0107	0.0000	0.3040	-0.0400	230.9320	0.0000	1.3400	41.4860	NOT CONNECTED	0.0000	500.0000	0.0000	0.0000	0.0000	0.0000	0.0931	0.0531	-1.4291	0.2139	-1.4405	0.1147	0.0000	0.0000	321.3162	0.0000	30.8676	1.4450	0.0055	53.1920
10.4109	0.0000	-0.0000	0.0107	0.0000	0.3050	-0.0400	230.9200	0.0000	1.3200	41.4638	NOT CONNECTED	0.0000	500.0000	0.0000	0.0000	0.0000	0.0000	0.0931	0.0531	-1.4291	0.2139	-1.4405	0.1147	0.0000	0.0000	321.3175	0.0000	30.8610	1.4450	0.0054	53.1824
10.5481	0.0000	-0.0000	0.0107	0.0000	0.3050	-0.0400	230.9200	0.0000	1.3200	41.4638	NOT CONNECTED	0.0000	500.0000	0.0000	0.0000	0.0000	0.0000	0.0931	0.0531	-1.4291	0.2139	-1.4405	0.1147	0.0000	0.0000	321.3175	0.0000	30.8610	1.4450	0.0054	53.1824
11.1493	0.0000	-0.0000	0.0107	0.0000	0.3050	-0.0400	230.9110	0.0000	1.3100	41.4552	NOT CONNECTED	0.0000	500.0000	0.0000	0.0000	0.0000	0.0000	0.0931	0.0531	-1.4291	0.2139	-1.4405	0.1147	0.0000	0.0000	321.2784	0.0000	30.8549	1.4450	0.0053	53.1824
11.1698	0.0000	-0.0000	0.0107	0.0000	0.3050	-0.0400	230.9110	0.0000	1.3100	41.4552	NOT CONNECTED	0.0000	500.0000	0.0000	0.0000	0.0000	0.0000	0.0931	0.0531	-1.4291	0.2139	-1.4405	0.1147	0.0000	0.0000	321.2784	0.0000	30.8549	1.4450	0.0053	53.1824
11.7755	0.0000	-0.0000	0.0107	0.0000	0.3050	-0.0400	230.8900	0.0000	1.3100	41.4432	NOT CONNECTED	0.0000	500.0000	0.0000	0.0000	0.0000	0.0000	0.0931	0.0531	-1.4291	0.2139	-1.4405	0.1147	0.0000	0.0000	321.2661	0.0000	30.8490	1.4450	0.0054	53.1729
11.9014	0.0000	-0.0000	0.0107	0.0000	0.3050	-0.0400	230.8900	0.0000	1.3100	41.4432	NOT CONNECTED	0.0000	500.0000	0.0000	0.0000	0.0000	0.0000	0.0931	0.0531	-1.4291	0.2139	-1.4405	0.1147	0.0000	0.0000	321.2661	0.0000	30.8490	1.4450	0.0054	53.1729
12.3645	0.0000	-0.0000	0.0107	0.0000	0.3050	-0.0400	230.8770	0.0000	1.3100	41.4269	NOT CONNECTED	0.0000	500.0000	0.0000	0.0000	0.0000	0.0000	0.0931	0.0531	-1.4291	0.2139	-1.4405	0.1147	0.0000	0.0000	321.2594	0.0000	30.8437	1.4450	0.0055	53.1729
12.6347	0.0000	-0.0000	0.0107	0.0000	0.3050	-0.0400	230.8770	0.0000	1.3100	41.4269	NOT CONNECTED	0.0000	500.0000	0.0000	0.0000	0.0000	0.0000	0.0931	0.0531	-1.4291	0.2139	-1.4405	0.1147	0.0000	0.0000	321.2594	0.0000	30.8437	1.4450	0.0055	53.1729
12.9705	0.0000	-0.0000	0.0107	0.0000	0.3050	-0.0400	230.8770	0.0000	1.3100	41.4269	NOT CONNECTED	0.0000	500.0000	0.0000	0.0000	0.0000	0.0000	0.0931	0.0531	-1.4291	0.2139	-1.4405	0.1147	0.0000	0.0000	321.2337	0.0000	30.8388	1.4450	0.0053	53.1633
13.4105	0.0000	-0.0000	0.0107	0.0000	0.3040	-0.0400	230.8640	0.0000	1.3000	41.4246	NOT CONNECTED	0.0000	500.0000	0.0000	0.0000	0.0000	0.0000	0.0931	0.0531	-1.4291	0.2139	-1.4405	0.1147	0.0000	0.0000	321.1931	0.0000	30.8335	1.4450	0.0053	53.1538
13.5758	0.0000	-0.0000	0.0107	0.0000	0.3040	-0.0400	230.8640	0.0000	1.3000	41.4246	NOT CONNECTED	0.0000	500.0000	0.0000	0.0000	0.0000	0.0000	0.0931	0.0531	-1.4291	0.2139	-1.4405	0.1147	0.0000	0.0000	321.1931	0.0000	30.8335	1.4450	0.0053	53.1538
14.1805	0.0000	-0.0000	0.0107	0.0000	0.3040	-0.0400	230.8370	0.0000	1.3000	41.4208	NOT CONNECTED	0.0000	500.0000	0.0000	0.0000	0.0000	0.0000	0.0931	0.0531	-1.4291	0.2139	-1.4405	0.1147	0.0000	0.0000	321.1647	0.0000	30.8284	1.4450	0.0055	53.1538
14.3694	0.0000	-0.0000	0.0107	0.0000	0.3040	-0.0400	230.8370	0.0000	1.3000	41.4208	NOT CONNECTED	0.0000	500.0000	0.0000	0.0000	0.0000	0.0000	0.0931	0.0531	-1.4291	0.2139	-1.4405	0.1147	0.0000	0.0000	321.1647	0.0000	30.8284	1.4450	0.0055	53.1538
14.7870	0.0000	-0.0000	0.0108	0.0000	0.3040	-0.0400	230.8100	0.0000	1.2900	41.4104	NOT CONNECTED	0.0000	500.0000	0.0000	0.0000	0.0000	0.0000	0.0931	0.0531	-1.4291	0.2139	-1.4405	0.1147	0.0000	0.0000	321.1525	0.0000	30.8240	1.4450	0.0051	53.1442
15.1178	0.0000	-0.0000	0.0108	0.0000	0.3040	-0.0400	230.8100	0.0000	1.2900	41.4104	NOT CONNECTED	8000.0000	500.0000	0.0000	0.0000	0.0000	0.0000	0.0931	0.0531	-1.4291	0.2139	-1.4405	0.1147	0.0000	0.0000	321.1593	0.0000	30.8194	1.4450	0.0052	53.1442
15.4076	0.0000	-0.0000	0.0108	0.0000	0.3040	-0.0400	230.8100	0.0000	1.2900	41.4104	NOT CONNECTED	8000.0000	500.0000	0.0000	0.0000	0.0000	0.0000	0.0931	0.0531	-1.4291	0.2139	-1.4405	0.1147	0.0000	0.0000	321.1593	0.0000	30.8194	1.4450	0.0052	53.1442
15.8524	0.0000	-0.0000	0.0107	0.0000	0.3040	-0.0400	230.7960	0.0000	1.2900	41.3950	NOT CONNECTED	8000.0000	500.0000	0.0000	0.0000	0.0000	0.0000	0.0931	0.0531	-1.4291	0.2139	-1.4405	0.1147	0.0000	0.0000	321.1173	0.0000	30.8148	1.4450	0.0054	53.1347
16.0143	0.0000	-0.0000	0.0107	0.0000	0.3040	-0.0400	230.7960	0.0000	1.2900	41.3950	NOT CONNECTED	8000.0000	500.0000	0.0000	0.0000	0.0000	0.0000	0.0931	0.0531	-1.4291	0.2139	-1.4405	0.1147	0.0000	0.0000	321.1173	0.0000	30.8148	1.4450	0.0054	53.1347
16.5960	0.0000	-0.0000	0.0108	0.0000	0.3040	-0.0400	230.7650	0.0000	1.2700	41.3737	NOT CONNECTED	8000.0000	450.0000	0.0000	0.0000	0.0000	0.0000	0.0931	0.0531	-1.4291	0.2139	-1.4405	0.1147	0.0000	0.0000	321.0646	0.0000	30.8105	1.4450	0.0056	53.1252
16.6357	0.0000	-0.0000	0.0108	0.0000	0.3040	-0.0400	230.7650	0.0000	1.2700	41.3737	NOT CONNECTED	8000.0000	450.0000	0.0000	0.0000	0.0000	0.0000	0.0931	0.0531	-1.4291	0.2139	-1.4405	0.1147	0.0000	0.0000	321.0646	0.0000	30.8105	1.4450	0.0056	53.1252
17.2413	0.0000	-0.0000	0.0108	0.0000	0.3040	-0.0400	230.7480	0.0000	1.2800	41.3526	NOT CONNECTED	8000.0000	450.0000	0.0000	0.0000	0.0000	0.0000	0.0931	0.0531	-1.4291	0.2139	-1.4405	0.1147	0.0000	0.0000	321.0375	0.0000	30.8061	1.4450	0.0054	53.1252
17.3358	0.0000	-0.0000	0.0108	0.0000	0.3040	-0.0400	230.7480	0.0000	1.2800	41.3526	NOT CONNECTED	8000.0000	450.0000	0.0000	0.0000	0.0000	0.0000	0.0931	0.0531	-1.4291	0.2139	-1.4405	0.1147	0.0000	0.0000	321.0375	0.0000	30.8061	1.4450	0.0054	53.1252
17.8462	0.0000	-0.0000	0.0107	0.0000	0.3050	-0.0400	230.7110	0.0000	1.2800	41.3476	NOT CONNECTED	8000.0000	450.0000	0.0000	0.0000	0.0000	0.0000	0.0931	0.0531	-1.4291	0.2139	-1.4405	0.1147	0.0000	0.0000	320.9793	0.0000	30.8017	1.4450	0.0053	53.1157
18.0741	0.0000	-0.0000	0.0107	0.0000	0.3050	-0.0400	230.7110	0.0000	1.2800	41.3476	NOT CONNECTED	8000.0000	450.0000	0.0000	0.0000	0.0000	0.0000	0.0931	0.0531	-1.4291	0.2139	-1.4405	0.1147	0.0000	0.0000	320.9793	0.0000	30.8017	1.4450	0.0053	53.1157
18.4510	0.0000	-0.0000	0.0107	0.0000	0.3050	-0.0400	230.6940	0.0000	1.2800	41.3506	NOT CONNECTED	8000.0000	450.0000	0.0000	0.0000	0.0000	0.0000	0.0931	0.0531	-1.4291	0.2139	-1.4405	0.1147	0.0000	0.0000	321.0307	0.0000	30.7981	1.4450	0.0050	53.1157
18.8048	0.0000	-0.0000	0.0107	0.0000	0.3050	-0.0400	230.6940	0.0000	1.2800	41.3506	NOT CONNECTED	8000.0000	450.0000	0.0000	0.0000	0.0000	0.0000	0.0931	0.0531	-1.4291	0.2139	-1.4405	0.1147	0.0000	0.0000	320.9631	0.0000	30.7944	1.4450	0.0051	53.1062
19.0576	0.0000	-0.0000	0.0107	0.0000	0.3050	-0.0400	230.6940	0.0000	1.2800	41.3506	NOT CONNECTED	8000.0000	450.0000	0.0000	0.0000	0.0000	0.0000	0.0931	0.0531	-1.4291	0.2139	-1.4405	0.1147	0.0000	0.0000	320.9631	0.0000	30.7944	1.4450	0.0051	53.1062
19.5352	0.0000	-0.0000	0.0108	0.0000	0.3050	-0.0400	230.6590	0.0000	1.2800	41.3350	NOT CONNECTED	8000.0000	450.0000	0.0000	0.0000	0.0000	0.0000	0.0931	0.0531	-1.4291	0.2139	-1.4405	0.1147	0.0000	0.0000	320.9631	0.0000	30.7944	1.4450	0.0051	53.1062
20.2834	24.0000	0.0640	0.0108	0.0000	0.3050	-0.0400	230.6410	0.0000	1.2800	41.3386	NOT CONNECTED	8000.0000	450.0000	0.0000	-5.0430	0.0755	0.0000	0.1702	0.0531	2.0579	0.0737	2.0866	0.0066	14.0000	0.0000	307.4462	43.2872	30.7994	2.0675	1.3604	53.0967
20.8738	0.0000	-0.0130	1.3659	0.0000	12.6720	39.4700	230.5670	0.3838	54.3200	41.2987	NOT CONNECTED	8000.0000	450.0000	0.0000	0.1800	-0.0077	0.0000	0.1950	0.0531	3.0544	-0.0100	3.0423	-0.0074	19.9499	0.0000	299.7588	90.8309	31.0669	3.0464	1.6740	53.1469
21.0127	0.0000	-0.0130	1.3659	0.0000	12.6720	39.4700	230.5670	0.3838	54.3200	41.2987	NOT CONNECTED	8000.0000	450.0000	0.0000	0.1800	-0.0077	0.0000	0.1950	0.0531	3.0544	-0.0100	3.0423	-0.0074	19.9499	0.0000	299.7588	90.8309	31.0669	3.0464	1.6740	53.1469
21.4791	0.0000	-0.0130	2.0038	0.0000	18.6140	84.7100	230.5190	0.7095	108.5300	41.2700	NOT CONNECTED	8000.0000	450.0000	0.0000	0.0645	-0.0075	0.0000	0.1950	0.0531	3.0424	-0.0083	3.0464	0.0000	17.3899	0.0000	300.2001	90.6781	31.5636	3.0424	2.1464	53.1469
21.7570	0.0000	-0.0130	2.0038	0.0000	18.6140	84.7100	230.5190	0.7095	108.5300	41.2700	NOT CONNECTED	8000.0000	450.0000	0.0000	0.0645	-0.0075	0.0000	0.1950	0.0531	3.0424	-0.0083	3.0464	0.0000	17.3899	0.0000	300.2001	90.6781	31.5636	3.0424	2.1464	53.1469
22.0846	0.0000	-0.0130	2.0038	0.0000	18.6140	84.7100	230.5190	0.7095	108.5300	41.2700	NOT CONNECTED	8000.0000	450.0000	0.0000	-1.7593	0.0167	0.0193	0.1049	0.1117	1.0113	0.0251	0.6497	0.0342	8.1647	0.4325	315.3616	11.1536	34.7821	0.6141	0.6834	53.3829
22.5057	0.0000	-0.0160	0.6409	0.0000	6.0040	8.8900	230.5720	0.1365	16.5900	41.2765	NOT CONNECTED	8000.0000	450.0000	0.0000	118.4566	0.2484	0.2700	0.1116	0.1117	1.0041	0.3681	0.9434	0.5724	5.7602	10.2099	313.9433	15.5820	34.7315	1.0876	0.7347	53.4312
22.6752	0.0000	-0.0160	0.6409	0.0000	6.0040	8.8900	230.5720	0.1365	16.5900	41.2765	NOT CONNECTED	8000.0000	450.0000	0.0000	118.4566	0.2484	0.2700	0.1116	0.1117	1.0041	0.3681	0.9434	0.5724	5.7602	10.2099	313.9433	15.5820	34.7315	1.0876	0.7347	53.4312
23.2392	236.0000	-0.1130	0.6783	0.0000	7.6130	10.1100	230.5370	0.1466	18.1000	41.3166	NOT CONNECTED	8000.0000	450.0000	0.0000	419.5464	0.1340	0.1048	0.0932	0.0935	0.2422	0.2404	0.2859	0.2678	1.2035	18.5602	316.5870	6.2015	34.6880	0.3619	0.5311	53.4312
23.2647	236.0000	-0.1130	0.6783	0.0000	7.6130	10.1100	230.5370	0.1466	18.1000	41.3166	NOT CONNECTED	8000.0000	450.0000	0.0000	419.5464	0.1340	0.1048	0.0932	0.0935	0.2422	0.2404	0.2859	0.2678	1.2035	18.5602	316.5870	6.2015	34.6880	0.3619	0.5311	53.4312
23.8703	576.0000	-0.1050	0.2383	0.0000	22.8820	6.3500	230.5110	0.1036	12.1500	41.3073	NOT CONNECTED	8000.0000	450.0000	0.0000	675.5929	0.1188	0.1415	0.0935	0.0934	0.2540	0.2159	0.2223	0.3055	1.2677	29.1873	315.1258	9.8827	34.6008	0.3252	0.2490	53.4396
23.9892	576.0000	-0.1050	0.2383	0.0000	22.8820	6.3500	230.5110	0.1036	12.1500	41.3073	NOT CONNECTED	8000.0000	450.0000	0.0000	675.5929	0.1188	0.1415	0.0935	0.0934	0.2540	0.2159	0.2223	0.3055	1.2677	29.1873	315.1258	9.8827	34.6008	0.3252	0.2490	53.4396
24.4760	911.0000	-0.1080	0.2508	0.0000	33.5940	9.5400	230.5050	0.1299	15.7400	41.3458	NOT CONNECTED	8000.0000	450.0000	0.0000	948.1023	0.1423	0.1492	0.0935	0.0935	0.2499	0.2558	0.2463	0.3066	1.3213	39.7319	314.0609	13.9817	34.5137	0.3662	0.2557	53.4396
24.7396	911.0000	-0.1080	0.2508	0.0000	33.5940	9.5400	230.5050	0.1299	15.7400	41.3458	NOT CONNECTED	8000.0000	450.0000	0.0000	948.1023	0.1423	0.1492	0.0935	0.0935	0.2499	0.2558	0.2463	0.3066	1.3213	39.7319	314.0609	13.9817	34.5137	0.3662	0.2557	53.4396
25.0802	911.0000	-0.1080	0.2508	0.0000	33.5940	9.5400	230.5050	0.1299	15.7400	41.3458	NOT CONNECTED	8000.0000	450.0000	0.0000	1221.0741	0.1139	0.1524	0.0935	0.0933	0.2838	0.1983	0.2557	0.3177	1.5362	50.5881	312.9217	18.2397	34.4399	0.3685	0.2620	53.4333
25.4840	1250.0000	-0.1090	0.2626	0.0000	55.0820	16.0800	230.4960	0.1814	23.0100	41.3207	NOT CONNECTED	8000.0000	450.0000	0.0000	1495.4034	0.1527	0.1503	0.0935	0.0935	0.2590	0.2696	0.3383	0.2778	1.7441	61.7518	312.1005	21.7454	34.3745	0.4433	0.2681	53.4278
25.6869	1250.0000	-0.1090	0.2626	0.0000	55.0820	16.0800	230.4960	0.1814	23.0100	41.3207	NOT CONNECTED	8000.0000	450.0000	0.0000	1495.4034	0.1527	0.1503	0.0935	0.0935	0.2590	0.2696	0.3383	0.2778	1.7441	61.7518	312.1005	21.7454	34.3745	0.4433	0.2681	53.4278
26.2252	1578.0000	-0.1100	0.2668	0.0000	65.7690	19.5000	230.4960	0.2074	26.8000	41.3191	NOT CONNECTED	8000.0000	450.0000	0.0000	1767.9276	0.1072	0.1481	0.0935	0.0933	0.3411	0.1883	0.3405	0.2439	1.0553	71.4440	311.0888	26.5865	34.3144	0.4181	0.2722	53.4278
26.2919	1578.0000	-0.1100	0.2668	0.0000	65.7690	19.5000	230.4960	0.2074	26.8000	41.3191	NOT CONNECTED	8000.0000	450.0000	0.0000	1767.9276	0.1072	0.1481	0.0935	0.0933	0.3411	0.1883	0.3405	0.2439	1.0553	71.4440	311.0888	26.5865	34.3144	0.4181	0.2722	53.4278
26.8972	1915.0000	-0.1090	0.2743	0.0000	87.3360	26.6300	230.5080	0.2593	34.5600	41.3270	NOT CONNECTED	8000.0000	450.0000	0.0000	2037.9709	0.1232	0.1387	0.0935	0.0934	0.2963	0.2117	0.2830	0.3089	1.7961	83.4149	310.1689	30.5700	34.2654	0.3733	0.2786	53.4231
26.9610	1915.0000	-0.1090	0.2743	0.0000	87.3360	26.6300	230.5080	0.2593	34.5600	41.3270	NOT CONNECTED	8000.0000	450.0000	0.0000	2037.9709	0.1232	0.1387	0.0935	0.0934	0.2963	0.2117	0.2830	0.3089	1.7961	83.4149	310.1689	30.5700	34.2654	0.3733	0.2786	53.4231
27.4873	2254.0000	-0.1100	0.2782	0.0000	98.2600	30.5200	230.5190	0.2868	38.7300	41.3365	NOT CONNECTED	8000.0000	450.0000	0.0000	2306.8116	0.1246	0.1499	0.0934	0.0934	0.2765	0.2257	0.2392	0.3123	1.1877	92.6368	309.2844	34.8811	34.2202	0.3741	0.2824	53.4197
27.7051	2254.0000	-0.1100	0.2782	0.0000	98.2600	30.5200	230.5190	0.2868	38.7300	41.3365	NOT CONNECTED	8000.0000	450.0000	0.0000	2306.8116	0.1246	0.1499	0.0934	0.0934	0.2765	0.2257	0.2392	0.3123	1.1877	92.6368	309.2844	34.8811	34.2202	0.3741	0.2824	53.4197
28.0770	2578.0000	-0.1120	0.2856	0.0000	119.9260	38.5200	230.5540	0.3422	47.3300	41.3205	NOT CONNECTED	8000.0000	450.0000	0.0000	2570.5737	0.1624	0.1599	0.0935	0.0936	0.3504	0.2884	0.2886	0.3283	0.7008	101.9481	308.5608	40.1799	34.1802	0.4275	0.2852	53.4197
28.4441	2578.0000	-0.1120	0.2856	0.0000	119.9260	38.5200	230.5540	0.3422	47.3300	41.3205	NOT CONNECTED	8000.0000	450.0000	0.0000	2834.8527	0.1543	0.1705	0.0936	0.0935	0.2825	0.2616	0.2997	0.2340	2.1097	117.5829	307.6954	44.4331	34.1447	0.4136	0.2914	53.4176
28.6830	2578.0000	-0.1120	0.2856	0.0000	119.9260	38.5200	230.5540	0.3422	47.3300	41.3205	NOT CONNECTED	8000.0000	450.0000	0.0000	2834.8527	0.1543	0.1705	0.0936	0.0935	0.2825	0.2616	0.2997	0.2340	2.1097	117.5829	307.6954	44.4331	34.1447	0.4136	0.2914	53.4176
29.1906	2916.0000	-0.1110	0.2893	0.0000	130.6650	42.6500	230.5750	0.3698	51.6600	41.3748	NOT CONNECTED	8000.0000	450.0000	0.0000	3114.0738	0.1740	0.1514	0.0935	0.0936	0.3131	0.3160	0.2608	0.2530	-0.7004	123.6449	306.9761	49.4734	34.1138	0.3907	0.2970	53.4176
29.2884	2916.0000	-0.1110	0.2893	0.0000	130.6650	42.6500	230.5750	0.3698	51.6600	41.3748	NOT CONNECTED	8000.0000	450.0000	0.0000	3114.0738	0.1740	0.1514	0.0935	0.0936	0.3131	0.3160	0.2608	0.2530	-0.7004	123.6449	306.9761	49.4734	34.1138	0.3907	0.2970	53.4176
29.8937	3251.0000	-0.1130	0.2973	0.0000	152.4300	51.4500	230.6230	0.4276	60.9100	41.3501	NOT CONNECTED	8000.0000	450.0000	0.0000	3382.8214	0.1461	0.1677	0.0935	0.0935	0.3005	0.2583	0.3024	0.2558	2.2274	135.7659	306.1635	54.1193	34.0869	0.4055	0.3002	53.4170
29.9440	3251.0000	-0.1130	0.2973	0.0000	152.4300	51.4500	230.6230	0.4276	60.9100	41.3501	NOT CONNECTED	8000.0000	450.0000	0.0000	3382.8214	0.1461	0.1677	0.0935	0.0935	0.3005	0.2583	0.3024	0.2558	2.2274	135.7659	306.1635	54.1193	34.0869	0.4055	0.3002	53.4170
30.4990	3585.0000	-0.1130	0.2999	0.0000	163.3980	55.8700	230.6470	0.4565	65.5200	41.3648	NOT CONNECTED	8000.0000	450.0000	0.0000	3658.0695	0.1720	0.1653	0.0935	0.0936	0.2736	0.3334	0.3053	0.3425	0.8984	146.7762	305.4957	61.1658	34.0624	0.4218	0.3063	53.4186
30.6828	3585.0000	-0.1130	0.2999	0.0000	163.3980	55.8700	230.6470	0.4565	65.5200	41.3648	NOT CONNECTED	8000.0000	450.0000	0.0000	3658.0695	0.1720	0.1653	0.0935	0.0936	0.2736	0.3334	0.3053	0.3425	0.8984	146.7762	305.4957	61.1658	34.0624	0.4218	0.3063	53.4186
31.1050	3919.0000	-0.1130	0.3079	0.0000	185.2580	65.4200	230.6980	0.5167	75.3700	41.3420	NOT CONNECTED	8000.0000	450.0000	0.0000	3939.2926	0.1564	0.1420	0.0934	0.0935	0.2645	0.2866	0.3059	0.3213	5.0359	160.2150	304.8455	66.5993	34.0421	0.4375	0.3060	53.4186
31.4268	3919.0000	-0.1130	0.3079	0.0000	185.2580	65.4200	230.6980	0.5167	75.3700	41.3420	NOT CONNECTED	8000.0000	450.0000	0.0000	4204.4430	0.1763	0.1603	0.0928	0.0937	0.4081	0.3106	0.2588	0.3287	-10.7351	164.9923	304.1577	73.8235	34.0239	0.4359	0.3111	53.4225
31.7105	3919.0000	-0.1130	0.3079	0.0000	185.2580	65.4200	230.6980	0.5167	75.3700	41.3420	NOT CONNECTED	8000.0000	450.0000	0.0000	4204.4430	0.1763	0.1603	0.0928	0.0937	0.4081	0.3106	0.2588	0.3287	-10.7351	164.9923	304.1577	73.8235	34.0239	0.4359	0.3111	53.4225
32.1752	4257.0000	-0.1140	0.3124	0.0000	196.3560	70.1900	230.7210	0.5446	79.9500	41.3533	NOT CONNECTED	8000.0000	450.0000	0.0000	4204.4430	0.1763	0.1603	0.0928	0.0937	0.4081	0.3106	0.2588	0.3287	-10.7351	164.9923	304.1577	73.8235	34.0239	0.4359	0.3111	53.4225
32.8261	4594.0000	-0.1180	0.2603	0.0000	210.9260	79.2900	230.7680	0.5962	88.5100	41.3605	NOT CONNECTED	8000.0000	450.0000	0.0000	4706.1541	0.1723	0.1668	0.0869	0.0853	-0.0493	0.3442	-0.0517	0.3518	-8.5839	168.1265	303.5107	82.1715	33.9941	0.2701	0.2231	53.4281
32.9233	4594.0000	-0.1180	0.2603	0.0000	210.9260	79.2900	230.7680	0.5962	88.5100	41.3605	NOT CONNECTED	8000.0000	450.0000	0.0000	4706.1541	0.1723	0.1668	0.0869	0.0853	-0.0493	0.3442	-0.0517	0.3518	-8.5839	168.1265	303.5107	82.1715	33.9941	0.2701	0.2231	53.4281
33.4310	4931.0000	-0.1210	0.2301	0.0000	211.2820	82.3100	230.7900	0.6133	91.3300	41.3565	NOT CONNECTED	8000.0000	450.0000	0.0000	4973.5609	0.1641	0.1908	0.0813	0.0816	-0.2596	0.3685	-0.2499	0.2730	-8.2416	175.0723	303.0771	87.5426	33.9765	0.4111	0.2387	53.4281
33.6675	4931.0000	-0.1210	0.2301	0.0000	211.2820	82.3100	230.7900	0.6133	91.3300	41.3565	NOT CONNECTED	8000.0000	450.0000	0.0000	4973.5609	0.1641	0.1908	0.0813	0.0816	-0.2596	0.3685	-0.2499	0.2730	-8.2416	175.0723	303.0771	87.5426	33.9765	0.4111	0.2387	53.4281
34.0361	4931.0000	-0.1210	0.2301	0.0000	211.2820	82.3100	230.7900	0.6133	91.3300	41.3565	NOT CONNECTED	8000.0000	450.0000	0.0000	5256.2332	0.1613	0.1614	0.0754	0.0755	-0.5142	0.3593	-0.4500	0.2566	-1.7227	167.6505	302.6006	94.3137	33.9641	0.5448	0.3049	53.4344
34.4300	5269.0000	-0.1250	0.3450	0.0000	211.3830	91.5600	230.8240	0.6736	101.4100	41.3626	NOT CONNECTED	8000.0000	450.0000	0.0000	5534.5611	0.1853	0.1485	0.0721	0.0728	-0.5549	0.4336	-0.6701	0.2789	-8.0956	167.5316	301.9822	101.8767	33.9629	0.6010	0.4371	53.3726
34.6432	5269.0000	-0.1250	0.3450	0.0000	211.3830	91.5600	230.8240	0.6736	101.4100	41.3626	NOT CONNECTED	8000.0000	450.0000	0.0000	5534.5611	0.1853	0.1485	0.0721	0.0728	-0.5549	0.4336	-0.6701	0.2789	-8.0956	167.5316	301.9822	101.8767	33.9629	0.6010	0.4371	53.3726
35.1763	5615.0000	-0.1290	0.4312	0.0000	211.1650	96.8600	230.8360	0.7091	107.3800	41.3823	NOT CONNECTED	8000.0000	450.0000	0.0000	5806.6041	0.1670	0.1729	0.0690	0.0688	-0.6826	0.4040	-0.8384	0.2638	-8.0526	166.4658	301.3349	111.1256	33.9729	0.8706	0.5276	53.3726
35.2643	5615.0000	-0.1290	0.4312	0.0000	211.1650	96.8600	230.8360	0.7091	107.3800	41.3823	NOT CONNECTED	8000.0000	450.0000	0.0000	5806.6041	0.1670	0.1729	0.0690	0.0688	-0.6826	0.4040	-0.8384	0.2638	-8.0526	166.4658	301.3349	111.1256	33.9729	0.8706	0.5276	53.3726
35.8535	5952.0000	-0.1310	0.6030	0.0000	210.8330	108.1900	230.8570	0.7842	120.1100	41.3492	NOT CONNECTED	8000.0000	450.0000	0.0000	6067.1727	0.1631	0.2177	0.0665	0.0655	-0.8606	0.4032	-0.9162	0.3239	-4.7197	160.7650	300.6608	118.5840	33.9960	1.0907	0.6553	53.3254
35.9223	5952.0000	-0.1310	0.6030	0.0000	210.8330	108.1900	230.8570	0.7842	120.1100	41.3492	NOT CONNECTED	8000.0000	450.0000	0.0000	6067.1727	0.1631	0.2177	0.0665	0.0655	-0.8606	0.4032	-0.9162	0.3239	-4.7197	160.7650	300.6608	118.5840	33.9960	1.0907	0.6553	53.3254
36.4594	6285.0000	-0.1330	0.6845	0.0000	210.7040	114.9100	230.8630	0.8273	127.5600	41.3884	NOT CONNECTED	8000.0000	450.0000	0.0000	6350.4536	0.1498	0.1595	0.0629	0.0624	-1.0586	0.4270	-1.1243	0.2746	-13.8225	172.3000	300.1066	128.6814	34.0333	1.0626	0.7298	53.3254
36.6717	6285.0000	-0.1330	0.6845	0.0000	210.7040	114.9100	230.8630	0.8273	127.5600	41.3884	NOT CONNECTED	8000.0000	450.0000	0.0000	6350.4536	0.1498	0.1595	0.0629	0.0624	-1.0586	0.4270	-1.1243	0.2746	-13.8225	172.3000	300.1066	128.6814	34.0333	1.0626	0.7298	53.3254
37.0640	6627.0000	-0.1340	0.8325	0.0000	210.3380	128.4000	230.8700	0.9150	142.5100	41.4131	NOT CONNECTED	8000.0000	450.0000	0.0000	6609.2807	0.1852	0.2140	0.0611	0.0597	-1.0839	0.4888	-1.1332	0.2709	-6.4695	167.1642	299.5272	139.3381	34.0838	1.2253	0.8057	53.2928
37.4291	6627.0000	-0.1340	0.8325	0.0000	210.3380	128.4000	230.8700	0.9150	142.5100	41.4131	NOT CONNECTED	8000.0000	450.0000	0.0000	6895.6698	0.1675	0.1780	0.0584	0.0582	-1.1836	0.4353	-1.3192	0.3154	-3.9917	165.5760	299.0818	146.6261	34.1516	1.2861	0.9000	53.2769
37.6696	6627.0000	-0.1340	0.8325	0.0000	210.3380	128.4000	230.8700	0.9150	142.5100	41.4131	NOT CONNECTED	8000.0000	450.0000	0.0000	6895.6698	0.1675	0.1780	0.0584	0.0582	-1.1836	0.4353	-1.3192	0.3154	-3.9917	165.5760	299.0818	146.6261	34.1516	1.2861	0.9000	53.2769
38.1663	6967.0000	-0.1370	0.8913	0.0000	210.4150	134.8700	230.8680	0.9566	149.6700	41.3669	NOT CONNECTED	8000.0000	450.0000	0.0000	7171.3020	0.1820	0.1787	0.0548	0.0542	-1.3503	0.5625	-1.4262	0.3226	-10.1329	163.5962	298.5311	154.7265	34.2291	1.4822	0.9636	53.2769
38.2753	6967.0000	-0.1370	0.8913	0.0000	210.4150	134.8700	230.8680	0.9566	149.6700	41.3669	NOT CONNECTED	8000.0000	450.0000	0.0000	7171.3020	0.1820	0.1787	0.0548	0.0542	-1.3503	0.5625	-1.4262	0.3226	-10.1329	163.5962	298.5311	154.7265	34.2291	1.4822	0.9636	53.2769
38.8815	7306.0000	-0.1380	1.0141	0.0000	210.0720	149.6700	230.8610	1.0507	165.8900	41.4099	NOT CONNECTED	8000.0000	450.0000	0.0000	7453.6660	0.1831	0.1702	0.0540	0.0536	-1.3577	0.5662	-1.4188	0.3145	-12.0581	162.3162	298.0587	165.7735	34.3154	1.5509	1.0257	53.2824
38.9223	7306.0000	-0.1380	1.0141	0.0000	210.0720	149.6700	230.8610	1.0507	165.8900	41.4099	NOT CONNECTED	8000.0000	450.0000	0.0000	7453.6660	0.1831	0.1702	0.0540	0.0536	-1.3577	0.5662	-1.4188	0.3145	-12.0581	162.3162	298.0587	165.7735	34.3154	1.5509	1.0257	53.2824
39.4871	7306.0000	-0.1380	1.0141	0.0000	210.0720	149.6700	230.8610	1.0507	165.8900	41.4099	NOT CONNECTED	8000.0000	450.0000	0.0000	7724.0421	0.1846	0.1781	0.0510	0.0499	-1.6082	0.6014	-1.4981	0.3301	-16.6802	163.2975	297.5950	175.2605	34.4116	1.5922	1.1068	53.2824
40.0765	7870.0000	-0.1420	1.1233	0.0000	209.7830	165.1200	230.8440	1.1470	182.6900	41.4620	NOT CONNECTED	8000.0000	450.0000	0.0000	7985.4990	0.1865	0.1893	0.0494	0.0478	-1.7068	0.6706	-1.6729	0.2733	-0.6253	169.4618	297.2699	185.3512	34.5178	1.7423	1.1644	53.3037
40.1722	7870.0000	-0.1420	1.1233	0.0000	209.7830	165.1200	230.8440	1.1470	182.6900	41.4620	NOT CONNECTED	8000.0000	450.0000	0.0000	7985.4990	0.1865	0.1893	0.0494	0.0478	-1.7068	0.6706	-1.6729	0.2733	-0.6253	169.4618	297.2699	185.3512	34.5178	1.7423	1.1644	53.3037
40.6822	8028.0000	-0.0600	1.1179	0.0000	214.4780	105.3800	230.8760	0.7949	120.3600	41.4783	NOT CONNECTED	8000.0000	450.0000	0.0000	8015.8296	0.0786	0.0943	0.0513	0.0509	-1.6158	0.2793	-1.5482	0.1764	-7.1278	170.5107	304.6579	99.8810	34.6266	1.6100	1.1207	53.3369
40.9300	8028.0000	-0.0600	1.1179	0.0000	214.4780	105.3800	230.8760	0.7949	120.3600	41.4783	NOT CONNECTED	8000.0000	450.0000	0.0000	8015.8296	0.0786	0.0943	0.0513	0.0509	-1.6158	0.2793	-1.5482	0.1764	-7.1278	170.5107	304.6579	99.8810	34.6266	1.6100	1.1207	53.3369
41.2875	8028.0000	-0.0600	1.1179	0.0000	214.4780	105.3800	230.8760	0.7949	120.3600	41.4783	NOT CONNECTED	8000.0000	450.0000	0.0000	8004.9083	0.1008	0.0941	0.0512	0.0500	-1.4982	0.2852	-1.5784	0.1722	-14.2384	171.8956	303.5409	110.0652	34.7016	1.5025	1.0802	53.3369
41.6711	7999.0000	-0.0710	1.1005	0.0000	215.2710	95.5200	230.8530	0.7227	108.2900	41.5093	NOT CONNECTED	8000.0000	450.0000	0.0000	7996.9973	0.1074	0.1051	0.0514	0.0508	-1.5504	0.3631	-1.5237	0.1809	-14.6292	167.2094	303.4047	109.8533	34.7695	1.6991	1.0876	53.3666
41.8916	7999.0000	-0.0710	1.1005	0.0000	215.2710	95.5200	230.8530	0.7227	108.2900	41.5093	NOT CONNECTED	8000.0000	450.0000	0.0000	7996.9973	0.1074	0.1051	0.0514	0.0508	-1.5504	0.3631	-1.5237	0.1809	-14.6292	167.2094	303.4047	109.8533	34.7695	1.6991	1.0876	53.3666
42.4340	8001.0000	-0.0700	1.1094	0.0000	214.3900	103.3700	230.8030	0.7737	116.9200	41.5416	NOT CONNECTED	8000.0000	450.0000	0.0000	7998.5588	0.1104	0.1045	0.0517	0.0501	-1.5584	0.3480	-1.4860	0.1793	-7.6705	172.0206	303.4086	111.9793	34.8369	1.6159	1.0935	53.3930
42.4989	8001.0000	-0.0700	1.1094	0.0000	214.3900	103.3700	230.8030	0.7737	116.9200	41.5416	NOT CONNECTED	8000.0000	450.0000	0.0000	7998.5588	0.1104	0.1045	0.0517	0.0501	-1.5584	0.3480	-1.4860	0.1793	-7.6705	172.0206	303.4086	111.9793	34.8369	1.6159	1.0935	53.3930
43.1045	8004.0000	-0.0700	1.1086	0.0000	214.5420	104.0100	230.7860	0.7769	117.4900	41.5473	NOT CONNECTED	8000.0000	450.0000	0.0000	8000.8896	0.0994	0.1012	0.0504	0.0505	-1.5143	0.2898	-1.5801	0.1861	-0.4911	168.8244	303.4989	110.8008	34.8966	1.6925	1.1091	53.3930
43.1693	8004.0000	-0.0700	1.1086	0.0000	214.5420	104.0100	230.7860	0.7769	117.4900	41.5473	NOT CONNECTED	8000.0000	450.0000	0.0000	8000.8896	0.0994	0.1012	0.0504	0.0505	-1.5143	0.2898	-1.5801	0.1861	-0.4911	168.8244	303.4989	110.8008	34.8966	1.6925	1.1091	53.3930
43.6941	7999.0000	-0.0690	1.1086	0.0000	214.5770	103.2500	230.7490	0.7729	116.6700	41.5821	NOT CONNECTED	8000.0000	450.0000	0.0000	7998.2190	0.1032	0.1048	0.0509	0.0506	-1.6075	0.3266	-1.5422	0.2017	-14.8968	165.3999	303.4489	110.8391	34.9594	1.6172	1.1019	53.4182
44.0424	7999.0000	-0.0690	1.1086	0.0000	214.5770	103.2500	230.7490	0.7729	116.6700	41.5821	NOT CONNECTED	8000.0000	450.0000	0.0000	8001.8775	0.0870	0.0999	0.0514	0.0509	-1.5842	0.2605	-1.5327	0.1495	-6.2173	172.2930	303.5032	112.1006	35.0084	1.6410	1.0915	53.4182
44.2990	7999.0000	-0.0690	1.1086	0.0000	214.5770	103.2500	230.7490	0.7729	116.6700	41.5821	NOT CONNECTED	8000.0000	450.0000	0.0000	8001.8775	0.0870	0.0999	0.0514	0.0509	-1.5842	0.2605	-1.5327	0.1495	-6.2173	172.2930	303.5032	112.1006	35.0084	1.6410	1.0915	53.4182
44.7903	7999.0000	-0.0720	1.1083	0.0000	214.5890	103.4800	230.7270	0.7742	116.9400	41.6290	NOT CONNECTED	8000.0000	450.0000	0.0000	7998.1415	0.1009	0.1048	0.0508	0.0502	-1.5934	0.3460	-1.5395	0.1938	-15.5558	166.5302	303.4449	110.0605	35.0575	1.5795	1.0905	53.4480
44.9051	7999.0000	-0.0720	1.1083	0.0000	214.5890	103.4800	230.7270	0.7742	116.9400	41.6290	NOT CONNECTED	8000.0000	450.0000	0.0000	7998.1415	0.1009	0.1048	0.0508	0.0502	-1.5934	0.3460	-1.5395	0.1938	-15.5558	166.5302	303.4449	110.0605	35.0575	1.5795	1.0905	53.4480
45.5107	8004.0000	-0.0720	1.1084	0.0000	214.5640	103.3100	230.6810	0.7735	116.7200	41.6573	NOT CONNECTED	8000.0000	450.0000	0.0000	7997.1203	0.0964	0.1061	0.0500	0.0510	-1.6033	0.3528	-1.6788	0.1585	-2.2334	172.2621	303.4411	111.6137	35.1013	1.6496	1.0893	53.4737
45.5433	8004.0000	-0.0720	1.1084	0.0000	214.5640	103.3100	230.6810	0.7735	116.7200	41.6573	NOT CONNECTED	8000.0000	450.0000	0.0000	7997.1203	0.0964	0.1061	0.0500	0.0510	-1.6033	0.3528	-1.6788	0.1585	-2.2334	172.2621	303.4411	111.6137	35.1013	1.6496	1.0893	53.4737
46.1153	7999.0000	-0.0720	1.1088	0.0000	214.5450	103.5100	230.6350	0.7750	116.9200	41.7084	NOT CONNECTED	8000.0000	450.0000	0.0000	8001.7504	0.1062	0.1004	0.0516	0.0499	-1.6412	0.3343	-1.5000	0.1639	-0.0486	171.6808	303.3194	112.8552	35.1425	1.6419	1.1195	53.4737
46.4267	7999.0000	-0.0720	1.1088	0.0000	214.5450	103.5100	230.6350	0.7750	116.9200	41.7084	NOT CONNECTED	8000.0000	450.0000	0.0000	7999.8935	0.1154	0.1059	0.0517	0.0510	-1.5572	0.4073	-1.4819	0.1771	-7.9926	171.8076	303.0885	113.4436	35.1898	1.6195	1.0912	53.4986
46.7218	7999.0000	-0.0720	1.1088	0.0000	214.5450	103.5100	230.6350	0.7750	116.9200	41.7084	NOT CONNECTED	8000.0000	450.0000	0.0000	7999.8935	0.1154	0.1059	0.0517	0.0510	-1.5572	0.4073	-1.4819	0.1771	-7.9926	171.8076	303.0885	113.4436	35.1898	1.6195	1.0912	53.4986
47.1726	8000.0000	-0.0790	1.1095	0.0000	214.6670	106.0600	230.6100	0.7892	119.3100	41.7536	NOT CONNECTED	8000.0000	450.0000	0.0000	7994.6147	0.1147	0.1170	0.0515	0.0496	-1.5069	0.3720	-1.5319	0.1812	-16.7288	171.5419	302.7418	120.6517	35.2283	1.5632	1.0955	53.4986
47.3276	8000.0000	-0.0790	1.1095	0.0000	214.6670	106.0600	230.6100	0.7892	119.3100	41.7536	NOT CONNECTED	8000.0000	450.0000	0.0000	7994.6147	0.1147	0.1170	0.0515	0.0496	-1.5069	0.3720	-1.5319	0.1812	-16.7288	171.5419	302.7418	120.6517	35.2283	1.5632	1.0955	53.4986
47.9324	7998.0000	-0.0890	1.1178	0.0000	213.9440	111.8800	230.5680	0.8261	125.5400	41.7896	NOT CONNECTED	8000.0000	450.0000	0.0000	7991.9773	0.1055	0.1259	0.0505	0.0503	-1.5590	0.3290	-1.6613	0.2293	-8.7115	168.3392	302.1278	127.4624	35.2647	1.6206	1.1051	53.5291
48.0112	7998.0000	-0.0890	1.1178	0.0000	213.9440	111.8800	230.5680	0.8261	125.5400	41.7896	NOT CONNECTED	8000.0000	450.0000	0.0000	7991.9773	0.1055	0.1259	0.0505	0.0503	-1.5590	0.3290	-1.6613	0.2293	-8.7115	168.3392	302.1278	127.4624	35.2647	1.6206	1.1051	53.5291
48.5385	7995.0000	-0.1040	1.1228	0.0000	213.7220	117.4200	230.5470	0.8595	131.2400	41.8330	NOT CONNECTED	8000.0000	450.0000	0.0000	8001.4520	0.1382	0.1237	0.0501	0.0502	-1.6720	0.4893	-1.5401	0.1720	-1.5823	174.4281	301.2861	135.7388	35.3017	1.5390	1.1146	53.5570
48.7558	7995.0000	-0.1040	1.1228	0.0000	213.7220	117.4200	230.5470	0.8595	131.2400	41.8330	NOT CONNECTED	8000.0000	450.0000	0.0000	8001.4520	0.1382	0.1237	0.0501	0.0502	-1.6720	0.4893	-1.5401	0.1720	-1.5823	174.4281	301.2861	135.7388	35.3017	1.5390	1.1146	53.5570
49.1431	7991.0000	-0.1120	1.1405	0.0000	212.7810	133.2600	230.5060	0.9565	147.8900	41.8507	NOT CONNECTED	8000.0000	450.0000	0.0000	8000.1126	0.1326	0.1359	0.0487	0.0498	-1.5221	0.4032	-1.6221	0.2181	-12.6773	168.2489	300.6970	146.9656	35.3403	1.7259	1.1280	53.5570
49.4880	7991.0000	-0.1120	1.1405	0.0000	212.7810	133.2600	230.5060	0.9565	147.8900	41.8507	NOT CONNECTED	8000.0000	450.0000	0.0000	7996.5171	0.1518	0.1506	0.0495	0.0505	-1.5965	0.5076	-1.6870	0.2560	-19.7098	170.8857	300.0807	158.1151	35.3885	1.6308	1.1401	53.5864
49.7496	7991.0000	-0.1120	1.1405	0.0000	212.7810	133.2600	230.5060	0.9565	147.8900	41.8507	NOT CONNECTED	8000.0000	450.0000	0.0000	7996.5171	0.1518	0.1506	0.0495	0.0505	-1.5965	0.5076	-1.6870	0.2560	-19.7098	170.8857	300.0807	158.1151	35.3885	1.6308	1.1401	53.5864
50.3553	7997.0000	-0.1250	1.1504	0.0000	212.1950	141.2300	230.4870	1.0052	156.3300	41.9120	NOT CONNECTED	8000.0000	450.0000	0.0000	7994.9061	0.1860	0.1663	0.0483	0.0488	-1.6174	0.6576	-1.7726	0.3099	-15.3030	164.2629	298.7912	173.8724	35.4287	1.7715	1.1519	53.5864
50.3646	7997.0000	-0.1250	1.1504	0.0000	212.1950	141.2300	230.4870	1.0052	156.3300	41.9120	NOT CONNECTED	8000.0000	450.0000	0.0000	7994.9061	0.1860	0.1663	0.0483	0.0488	-1.6174	0.6576	-1.7726	0.3099	-15.3030	164.2629	298.7912	173.8724	35.4287	1.7715	1.1519	53.5864
50.9606	7994.0000	-0.1580	1.1763	0.0000	210.8810	162.8100	230.4480	1.1365	179.2300	41.9493	NOT CONNECTED	8000.0000	450.0000	0.0000	7992.3095	0.1761	0.1865	0.0504	0.0500	-1.5405	0.5912	-1.6859	0.3200	-16.5891	166.5174	298.0943	181.9873	35.4740	1.7055	1.1761	53.6233
51.1156	7994.0000	-0.1580	1.1763	0.0000	210.8810	162.8100	230.4480	1.1365	179.2300	41.9493	NOT CONNECTED	8000.0000	450.0000	0.0000	7992.3095	0.1761	0.1865	0.0504	0.0500	-1.5405	0.5912	-1.6859	0.3200	-16.5891	166.5174	298.0943	181.9873	35.4740	1.7055	1.1761	53.6233
51.5666	7995.0000	-0.1650	1.1885	0.0000	210.4370	173.3500	230.4320	1.2006	190.5200	42.0314	NOT CONNECTED	8000.0000	450.0000	0.0000	7988.9541	0.2063	0.2032	0.0497	0.0479	-1.7313	0.7163	-1.6972	0.2951	-14.8208	169.7990	297.7210	192.9742	35.5196	1.6288	1.1843	53.6599
51.8545	7995.0000	-0.1650	1.1885	0.0000	210.4370	173.3500	230.4320	1.2006	190.5200	42.0314	NOT CONNECTED	8000.0000	450.0000	0.0000	7988.9541	0.2063	0.2032	0.0497	0.0479	-1.7313	0.7163	-1.6972	0.2951	-14.8208	169.7990	297.7210	192.9742	35.5196	1.6288	1.1843	53.6599
52.1721	7995.0000	-0.1650	1.1885	0.0000	210.4370	173.3500	230.4320	1.2006	190.5200	42.0314	NOT CONNECTED	8000.0000	450.0000	0.0000	7996.6914	0.2125	0.2039	0.0474	0.0494	-1.5716	0.7176	-1.8426	0.2869	-6.7062	171.0494	297.2368	206.5645	35.5688	1.8260	1.2041	53.6599
52.7084	7995.0000	-0.1730	1.2072	0.0000	209.7900	189.0100	230.4150	1.2945	206.9800	42.0474	NOT CONNECTED	8000.0000	450.0000	0.0000	7992.6878	0.2415	0.2253	0.0502	0.0473	-1.5575	0.8774	-1.7452	0.3395	-13.3709	172.6432	296.2061	222.4653	35.6215	1.7394	1.2179	53.6984
52.7775	7995.0000	-0.1730	1.2072	0.0000	209.7900	189.0100	230.4150	1.2945	206.9800	42.0474	NOT CONNECTED	8000.0000	450.0000	0.0000	7992.6878	0.2415	0.2253	0.0502	0.0473	-1.5575	0.8774	-1.7452	0.3395	-13.3709	172.6432	296.2061	222.4653	35.6215	1.7394	1.2179	53.6984
53.3824	7994.0000	-0.2100	1.2396	0.0000	208.5860	215.3700	230.3980	1.4521	235.0900	42.1191	0.0000	8000.0000	450.0000	0.0000	7994.9020	0.2277	0.2392	0.0466	0.0489	-1.5958	0.7608	-1.8777	0.4136	-12.9555	161.5137	295.7867	232.4645	35.6742	1.8251	1.2309	53.6984
53.4585	7994.0000	-0.2100	1.2396	0.0000	208.5860	215.3700	230.3980	1.4521	235.0900	42.1191	0.0000	8000.0000	450.0000	0.0000	7994.9020	0.2277	0.2392	0.0466	0.0489	-1.5958	0.7608	-1.8777	0.4136	-12.9555	161.5137	295.7867	232.4645	35.6742	1.8251	1.2309	53.6984
53.9712	7995.0000	-0.2170	1.2502	0.0000	208.3540	223.5000	230.4000	1.5015	243.8300	42.1397	0.0000	8000.0000	450.0000	0.0000	7999.1475	0.2454	0.2438	0.0466	0.0489	-1.6093	0.8067	-1.8563	0.3939	-18.9957	164.0123	295.5489	241.7596	35.7260	1.8621	1.2387	53.7462
54.1881	7995.0000	-0.2170	1.2502	0.0000	208.3540	223.5000	230.4000	1.5015	243.8300	42.1397	0.0000	8000.0000	450.0000	0.0000	7999.1475	0.2454	0.2438	0.0466	0.0489	-1.6093	0.8067	-1.8563	0.3939	-18.9957	164.0123	295.5489	241.7596	35.7260	1.8621	1.2387	53.7462
54.5772	7994.0000	-0.2240	1.2636	0.0000	208.0880	234.5500	230.4170	1.5671	255.3500	42.1831	0.0000	8000.0000	450.0000	0.0000	8000.6518	0.2683	0.2495	0.0483	0.0474	-1.6372	0.9610	-1.7135	0.3846	2.9695	170.2102	295.4942	248.0629	35.7770	1.8280	1.2496	53.7923
54.9252	7994.0000	-0.2240	1.2636	0.0000	208.0880	234.5500	230.4170	1.5671	255.3500	42.1831	0.0000	8000.0000	450.0000	0.0000	7996.2822	0.2493	0.2609	0.0492	0.0482	-1.5336	0.8761	-1.6580	0.4530	-15.4638	162.3435	295.6213	249.9836	35.8285	1.7280	1.2754	53.7923
55.1834	7994.0000	-0.2240	1.2636	0.0000	208.0880	234.5500	230.4170	1.5671	255.3500	42.1831	0.0000	8000.0000	450.0000	0.0000	7996.2822	0.2493	0.2609	0.0492	0.0482	-1.5336	0.8761	-1.6580	0.4530	-15.4638	162.3435	295.6213	249.9836	35.8285	1.7280	1.2754	53.7923
55.6589	7997.0000	-0.2250	1.2666	0.0000	208.3240	239.1600	230.4300	1.5932	259.9100	42.2289	0.0000	8000.0000	450.0000	0.0000	8000.9554	0.2503	0.2591	0.0469	0.0491	-1.5278	0.8079	-1.7188	0.3909	-7.9130	168.0203	295.6265	256.7757	35.8846	1.8328	1.2573	53.8388
55.7885	7997.0000	-0.2250	1.2666	0.0000	208.3240	239.1600	230.4300	1.5932	259.9100	42.2289	0.0000	8000.0000	450.0000	0.0000	8000.9554	0.2503	0.2591	0.0469	0.0491	-1.5278	0.8079	-1.7188	0.3909	-7.9130	168.0203	295.6265	256.7757	35.8846	1.8328	1.2573	53.8388
56.3940	8004.0000	-0.2320	1.2718	0.0000	208.4690	245.0100	230.4740	1.6273	265.8000	42.2927	1.0000	8000.0000	450.0000	0.0000	7998.9324	0.2802	0.2641	0.0496	0.0477	-1.6648	0.9622	-1.6721	0.4700	-19.4177	157.0144	295.7753	255.9854	35.9309	1.7800	1.2508	53.8388
56.4313	8004.0000	-0.2320	1.2718	0.0000	208.4690	245.0100	230.4740	1.6273	265.8000	42.2927	1.0000	8000.0000	450.0000	0.0000	7998.9324	0.2802	0.2641	0.0496	0.0477	-1.6648	0.9622	-1.6721	0.4700	-19.4177	157.0144	295.7753	255.9854	35.9309	1.7800	1.2508	53.8388
56.9997	7998.0000	-0.2330	1.2766	0.0000	207.8950	245.5600	230.5030	1.6322	266.5500	42.3196	1.0000	8000.0000	450.0000	0.0000	7999.2116	0.2618	0.2654	0.0482	0.0496	-1.4759	0.9101	-1.8050	0.3910	-1.5668	171.2098	295.9768	256.5633	35.9764	1.7798	1.2623	53.8909
57.2767	7998.0000	-0.2330	1.2766	0.0000	207.8950	245.5600	230.5030	1.6322	266.5500	42.3196	1.0000	8000.0000	450.0000	0.0000	7999.2116	0.2618	0.2654	0.0482	0.0496	-1.4759	0.9101	-1.8050	0.3910	-1.5668	171.2098	295.9768	256.5633	35.9764	1.7798	1.2623	53.8909
57.6049	7998.0000	-0.2330	1.2766	0.0000	207.8950	245.5600	230.5030	1.6322	266.5500	42.3196	1.0000	8000.0000	450.0000	0.0000	8001.0440	0.2749	0.2632	0.0474	0.0470	-1.6812	0.9984	-1.7886	0.4485	-5.2458	167.1448	296.1378	257.0799	36.0182	1.8388	1.2580	53.9384
58.0118	7998.0000	-0.2320	1.2700	0.0000	208.8990	246.1900	230.5630	1.6335	266.5700	42.3654	1.0000	8000.0000	450.0000	0.0000	7996.1266	0.2588	0.2701	0.0495	0.0493	-1.4954	0.8811	-1.7208	0.4110	-11.2554	170.0404	296.2664	256.9115	36.0578	1.7437	1.2874	53.9384
58.2113	7998.0000	-0.2320	1.2700	0.0000	208.8990	246.1900	230.5630	1.6335	266.5700	42.3654	1.0000	8000.0000	450.0000	0.0000	7996.1266	0.2588	0.2701	0.0495	0.0493	-1.4954	0.8811	-1.7208	0.4110	-11.2554	170.0404	296.2664	256.9115	36.0578	1.7437	1.2874	53.9384
58.7510	7996.0000	-0.2330	1.2701	0.0000	208.9810	246.7800	230.5930	1.6368	267.0900	42.4459	1.0000	8000.0000	450.0000	0.0000	8001.5785	0.2751	0.2630	0.0488	0.0467	-1.6903	1.0100	-1.7236	0.4322	-13.3904	171.3587	296.4011	258.2644	36.1040	1.7861	1.2645	53.9848
58.8172	7996.0000	-0.2330	1.2701	0.0000	208.9810	246.7800	230.5930	1.6368	267.0900	42.4459	1.0000	8000.0000	450.0000	0.0000	8001.5785	0.2751	0.2630	0.0488	0.0467	-1.6903	1.0100	-1.7236	0.4322	-13.3904	171.3587	296.4011	258.2644	36.1040	1.7861	1.2645	53.9848
59.4226	7997.0000	-0.2340	1.2731	0.0000	208.7950	247.7600	230.6480	1.6430	268.0400	42.5014	1.0000	8000.0000	450.0000	0.0000	7998.8957	0.2419	0.2665	0.0465	0.0488	-1.6216	0.8215	-1.8279	0.4584	-5.4892	163.9470	296.5750	256.6270	36.1412	1.8713	1.2611	53.9848
59.4828	7997.0000	-0.2340	1.2731	0.0000	208.7950	247.7600	230.6480	1.6430	268.0400	42.5014	1.0000	8000.0000	450.0000	0.0000	7998.8957	0.2419	0.2665	0.0465	0.0488	-1.6216	0.8215	-1.8279	0.4584	-5.4892	163.9470	296.5750	256.6270	36.1412	1.8713	1.2611	53.9848
60.0113	7999.0000	-0.2350	1.2713	0.0000	208.9550	247.4300	230.6760	1.6405	267.5300	42.5382	1.0000	8000.0000	450.0000	0.0000	7999.5758	0.2645	0.2658	0.0478	0.0490	-1.6332	0.9260	-1.7705	0.4631	-17.9717	164.6536	296.7250	254.0887	36.1763	1.8426	1.2612	54.0357
60.2162	7999.0000	-0.2350	1.2713	0.0000	208.9550	247.4300	230.6760	1.6405	267.5300	42.5382	1.0000	8000.0000	450.0000	0.0000	7999.5758	0.2645	0.2658	0.0478	0.0490	-1.6332	0.9260	-1.7705	0.4631	-17.9717	164.6536	296.7250	254.0887	36.1763	1.8426	1.2612	54.0357
60.6173	8000.0000	-0.2330	1.2727	0.0000	208.8560	247.9400	230.7270	1.6435	267.9500	42.5911	1.0000	8000.0000	450.0000	0.0000	7991.2995	0.2879	0.2764	0.0466	0.0476	-1.5261	1.0395	-1.9057	0.3928	-16.2090	167.0605	296.8723	258.2118	36.2095	1.8471	1.2603	54.0820
60.9611	8000.0000	-0.2330	1.2727	0.0000	208.8560	247.9400	230.7270	1.6435	267.9500	42.5911	1.0000	8000.0000	450.0000	0.0000	7996.5247	0.2734	0.2698	0.0473	0.0486	-1.6137	0.9637	-1.8416	0.4300	-0.0061	165.3945	296.9499	255.0232	36.2422	1.9760	1.2968	54.0820
61.2225	8000.0000	-0.2330	1.2727	0.0000	208.8560	247.9400	230.7270	1.6435	267.9500	42.5911	1.0000	8000.0000	450.0000	0.0000	7996.5247	0.2734	0.2698	0.0473	0.0486	-1.6137	0.9637	-1.8416	0.4300	-0.0061	165.3945	296.9499	255.0232	36.2422	1.9760	1.2968	54.0820
61.7009	8000.0000	-0.2340	1.2698	0.0000	209.1370	247.2700	230.7510	1.6388	267.0900	42.6570	1.0000	8000.0000	450.0000	0.0000	7993.5900	0.2708	0.2734	0.0498	0.0488	-1.6245	0.8781	-1.6924	0.4211	1.3300	164.9948	297.0735	256.8082	36.2811	1.6482	1.2604	54.1277
61.8119	8000.0000	-0.2340	1.2698	0.0000	209.1370	247.2700	230.7510	1.6388	267.0900	42.6570	1.0000	8000.0000	450.0000	0.0000	7993.5900	0.2708	0.2734	0.0498	0.0488	-1.6245	0.8781	-1.6924	0.4211	1.3300	164.9948	297.0735	256.8082	36.2811	1.6482	1.2604	54.1277
62.4181	8001.0000	-0.2340	1.2694	0.0000	209.2430	247.4700	230.7870	1.6401	267.2300	42.7103	1.0000	8000.0000	450.0000	0.0000	8000.5329	0.2789	0.2644	0.0488	0.0481	-1.6271	0.9970	-1.7429	0.4291	-15.4629	169.9579	297.1856	259.2884	36.3104	1.7089	1.2589	54.1277
62.4435	8001.0000	-0.2340	1.2694	0.0000	209.2430	247.4700	230.7870	1.6401	267.2300	42.7103	1.0000	8000.0000	450.0000	0.0000	8000.5329	0.2789	0.2644	0.0488	0.0481	-1.6271	0.9970	-1.7429	0.4291	-15.4629	169.9579	297.1856	259.2884	36.3104	1.7089	1.2589	54.1277
63.1850	7996.0000	-0.2340	1.2685	0.0000	209.3180	247.2200	230.8000	1.6387	266.9200	42.7593	1.0000	8000.0000	450.0000	0.0000	7995.7232	0.2676	0.2706	0.0490	0.0498	-1.5050	0.9338	-1.7374	0.4151	3.0975	170.0855	297.2829	257.9822	36.3627	1.8023	1.2586	54.2227
63.5497	7996.0000	-0.2340	1.2685	0.0000	209.3180	247.2200	230.8000	1.6387	266.9200	42.7593	1.0000	8000.0000	450.0000	0.0000	7995.7232	0.2676	0.2706	0.0490	0.0498	-1.5050	0.9338	-1.7374	0.4151	3.0975	170.0855	297.2829	257.9822	36.3627	1.8023	1.2586	54.2227
63.9315	8001.0000	-0.2350	1.2685	0.0000	209.3220	247.1300	230.8150	1.6380	266.6900	42.7889	1.0000	8000.0000	450.0000	0.0000	8005.1117	0.2713	0.2583	0.0476	0.0476	-1.6303	0.9467	-1.7977	0.4171	5.5937	167.2401	297.4034	257.3295	36.3903	1.8858	1.2725	54.2227
64.1543	8001.0000	-0.2350	1.2685	0.0000	209.3220	247.1300	230.8150	1.6380	266.6900	42.7889	1.0000	8000.0000	450.0000	0.0000	8005.1117	0.2713	0.2583	0.0476	0.0476	-1.6303	0.9467	-1.7977	0.4171	5.5937	167.2401	297.4034	257.3295	36.3903	1.8858	1.2725	54.2227
64.6778	8002.0000	-0.2330	1.2677	0.0000	209.4440	247.2100	230.8190	1.6386	266.7400	42.8487	2.0000	8000.0000	450.0000	0.0000	7998.2959	0.2789	0.2671	0.0487	0.0497	-1.4561	0.9290	-1.7295	0.4756	-14.1672	163.4613	297.4679	255.4625	36.4250	1.8978	1.2675	54.2672
64.7606	8002.0000	-0.2330	1.2677	0.0000	209.4440	247.2100	230.8190	1.6386	266.7400	42.8487	2.0000	8000.0000	450.0000	0.0000	7998.2959	0.2789	0.2671	0.0487	0.0497	-1.4561	0.9290	-1.7295	0.4756	-14.1672	163.4613	297.4679	255.4625	36.4250	1.8978	1.2675	54.2672
65.3656	7999.0000	-0.2350	1.2658	0.0000	209.6160	246.7600	230.8210	1.6352	266.0800	42.9320	2.0000	8000.0000	450.0000	0.0000	7995.7903	0.2740	0.2705	0.0505	0.0470	-1.6296	0.9356	-1.6451	0.4144	3.6705	168.7849	297.5294	258.0689	36.4501	1.8219	1.2585	54.2672
65.5415	7999.0000	-0.2350	1.2658	0.0000	209.6160	246.7600	230.8210	1.6352	266.0800	42.9320	2.0000	8000.0000	450.0000	0.0000	7995.7903	0.2740	0.2705	0.0505	0.0470	-1.6296	0.9356	-1.6451	0.4144	3.6705	168.7849	297.5294	258.0689	36.4501	1.8219	1.2585	54.2672
65.9715	7995.0000	-0.2330	1.2669	0.0000	209.5290	246.9700	230.8170	1.6365	266.3100	42.9787	2.0000	8000.0000	450.0000	0.0000	7995.6644	0.2751	0.2707	0.0488	0.0490	-1.4942	0.9333	-1.7597	0.4219	-15.6951	165.4381	297.5346	255.4640	36.4744	1.7755	1.2547	54.3151
66.2823	7995.0000	-0.2330	1.2669	0.0000	209.5290	246.9700	230.8170	1.6365	266.3100	42.9787	2.0000	8000.0000	450.0000	0.0000	7999.1055	0.2641	0.2659	0.0484	0.0490	-1.5740	0.9148	-1.7965	0.4469	-16.2063	163.5160	297.5461	255.3440	36.4987	1.8763	1.2577	54.3592
66.5617	7995.0000	-0.2330	1.2669	0.0000	209.5290	246.9700	230.8170	1.6365	266.3100	42.9787	2.0000	8000.0000	450.0000	0.0000	7999.1055	0.2641	0.2659	0.0484	0.0490	-1.5740	0.9148	-1.7965	0.4469	-16.2063	163.5160	297.5461	255.3440	36.4987	1.8763	1.2577	54.3592
67.0269	8000.0000	-0.2320	1.2644	0.0000	209.7700	246.5900	230.8040	1.6341	265.7500	43.0105	2.0000	8000.0000	450.0000	0.0000	7998.5704	0.2713	0.2666	0.0506	0.0472	-1.5906	0.9546	-1.6668	0.4555	-16.4773	163.5912	297.5592	259.2278	36.5211	1.7819	1.2739	54.3592
67.1672	8000.0000	-0.2320	1.2644	0.0000	209.7700	246.5900	230.8040	1.6341	265.7500	43.0105	2.0000	8000.0000	450.0000	0.0000	7998.5704	0.2713	0.2666	0.0506	0.0472	-1.5906	0.9546	-1.6668	0.4555	-16.4773	163.5912	297.5592	259.2278	36.5211	1.7819	1.2739	54.3592
67.7638	8000.0000	-0.2330	1.2624	0.0000	209.9940	246.4800	230.7940	1.6324	265.4700	43.0807	2.0000	8000.0000	450.0000	0.0000	7997.9107	0.2765	0.2676	0.0475	0.0489	-1.5016	0.9838	-1.8054	0.4299	-1.8290	165.5482	297.5880	253.7773	36.5518	1.9079	1.2567	54.4018
67.7730	8000.0000	-0.2330	1.2624	0.0000	209.9940	246.4800	230.7940	1.6324	265.4700	43.0807	2.0000	8000.0000	450.0000	0.0000	7997.9107	0.2765	0.2676	0.0475	0.0489	-1.5016	0.9838	-1.8054	0.4299	-1.8290	165.5482	297.5880	253.7773	36.5518	1.9079	1.2567	54.4018
68.3784	7998.0000	-0.2330	1.2645	0.0000	209.7870	246.7800	230.7690	1.6351	265.7600	43.1170	2.0000	8000.0000	450.0000	0.0000	7997.1535	0.2695	0.2684	0.0487	0.0481	-1.5969	0.9038	-1.7080	0.3946	-8.3605	169.6207	297.6200	258.3555	36.5744	1.8348	1.2509	54.4018
68.5193	7998.0000	-0.2330	1.2645	0.0000	209.7870	246.7800	230.7690	1.6351	265.7600	43.1170	2.0000	8000.0000	450.0000	0.0000	7997.1535	0.2695	0.2684	0.0487	0.0481	-1.5969	0.9038	-1.7080	0.3946	-8.3605	169.6207	297.6200	258.3555	36.5744	1.8348	1.2509	54.4018
68.9841	8002.0000	-0.2330	1.2626	0.0000	209.9630	246.3400	230.7540	1.6325	265.2600	43.1901	2.0000	8000.0000	450.0000	0.0000	7999.3054	0.2780	0.2658	0.0490	0.0481	-1.5072	0.9822	-1.7915	0.4461	-9.0676	159.0314	297.6101	255.2843	36.5970	1.8164	1.2553	54.4488
69.2628	8002.0000	-0.2330	1.2626	0.0000	209.9630	246.3400	230.7540	1.6325	265.2600	43.1901	2.0000	8000.0000	450.0000	0.0000	7999.3054	0.2780	0.2658	0.0490	0.0481	-1.5072	0.9822	-1.7915	0.4461	-9.0676	159.0314	297.6101	255.2843	36.5970	1.8164	1.2553	54.4488
69.5895	8002.0000	-0.2330	1.2626	0.0000	209.9630	246.3400	230.7540	1.6325	265.2600	43.1901	2.0000	8000.0000	450.0000	0.0000	7998.4276	0.2798	0.2669	0.0507	0.0500	-1.4448	0.9625	-1.6474	0.4207	2.2396	168.7042	297.6194	256.2329	36.6200	1.7523	1.2579	54.4922
70.0143	7994.0000	-0.2340	1.2650	0.0000	209.7340	246.6800	230.7180	1.6356	265.7000	43.2158	2.0000	8000.0000	450.0000	0.0000	7999.1702	0.2684	0.2659	0.0502	0.0474	-1.6648	0.9583	-1.6386	0.4311	-15.7475	167.7260	297.6243	256.4697	36.6428	1.7269	1.2842	54.4922
70.1951	7994.0000	-0.2340	1.2650	0.0000	209.7340	246.6800	230.7180	1.6356	265.7000	43.2158	2.0000	8000.0000	450.0000	0.0000	7999.1702	0.2684	0.2659	0.0502	0.0474	-1.6648	0.9583	-1.6386	0.4311	-15.7475	167.7260	297.6243	256.4697	36.6428	1.7269	1.2842	54.4922
70.7599	7997.0000	-0.2340	1.2650	0.0000	209.7270	246.7200	230.7000	1.6357	265.6600	43.2756	2.0000	8000.0000	450.0000	0.0000	8000.4379	0.2640	0.2643	0.0468	0.0498	-1.4538	0.8577	-1.9974	0.4499	-17.7443	166.7390	297.6082	256.2772	36.6739	1.8817	1.2537	54.5346
70.8005	7997.0000	-0.2340	1.2650	0.0000	209.7270	246.7200	230.7000	1.6357	265.6600	43.2756	2.0000	8000.0000	450.0000	0.0000	8000.4379	0.2640	0.2643	0.0468	0.0498	-1.4538	0.8577	-1.9974	0.4499	-17.7443	166.7390	297.6082	256.2772	36.6739	1.8817	1.2537	54.5346
71.4060	7998.0000	-0.2330	1.2653	0.0000	209.7460	247.1400	230.6560	1.6378	266.0200	43.3227	2.0000	8000.0000	450.0000	0.0000	8000.3866	0.2623	0.2645	0.0494	0.0473	-1.6036	0.9242	-1.6358	0.4381	-3.6706	167.9722	297.6150	255.7567	36.6947	1.6709	1.2559	54.5346
71.5003	7998.0000	-0.2330	1.2653	0.0000	209.7460	247.1400	230.6560	1.6378	266.0200	43.3227	2.0000	8000.0000	450.0000	0.0000	8000.3866	0.2623	0.2645	0.0494	0.0473	-1.6036	0.9242	-1.6358	0.4381	-3.6706	167.9722	297.6150	255.7567	36.6947	1.6709	1.2559	54.5346
72.0117	8002.0000	-0.2340	1.2654	0.0000	209.6790	246.6800	230.6330	1.6360	265.5200	43.3936	2.0000	8000.0000	450.0000	0.0000	8002.5198	0.2575	0.2616	0.0481	0.0495	-1.5967	0.9060	-1.7442	0.4404	-15.0398	164.3681	297.5737	256.0537	36.7174	1.7990	1.2550	54.5811
72.2429	8002.0000	-0.2340	1.2654	0.0000	209.6790	246.6800	230.6330	1.6360	265.5200	43.3936	2.0000	8000.0000	450.0000	0.0000	8002.5198	0.2575	0.2616	0.0481	0.0495	-1.5967	0.9060	-1.7442	0.4404	-15.0398	164.3681	297.5737	256.0537	36.7174	1.7990	1.2550	54.5811
72.6172	8002.0000	-0.2340	1.2654	0.0000	209.6790	246.6800	230.6330	1.6360	265.5200	43.3936	2.0000	8000.0000	450.0000	0.0000	7992.4931	0.2752	0.2745	0.0485	0.0469	-1.6527	0.9802	-1.7615	0.4147	-17.3698	168.5530	297.5427	257.6324	36.7407	1.8605	1.2566	54.6238
72.9918	7998.0000	-0.2340	1.2648	0.0000	209.7660	246.7700	230.5850	1.6355	265.4900	43.4206	3.0000	8000.0000	450.0000	0.0000	8000.7404	0.2680	0.2638	0.0492	0.0487	-1.5908	0.9099	-1.7358	0.4323	-8.6141	163.0847	297.5369	255.8012	36.7630	1.7221	1.2591	54.6238
73.2223	7998.0000	-0.2340	1.2648	0.0000	209.7660	246.7700	230.5850	1.6355	265.4900	43.4206	3.0000	8000.0000	450.0000	0.0000	8000.7404	0.2680	0.2638	0.0492	0.0487	-1.5908	0.9099	-1.7358	0.4323	-8.6141	163.0847	297.5369	255.8012	36.7630	1.7221	1.2591	54.6238
73.8277	7997.0000	-0.2330	1.2624	0.0000	210.0040	246.3900	230.5630	1.6335	265.0200	43.4844	3.0000	8000.0000	450.0000	0.0000	7996.3230	0.2508	0.2694	0.0480	0.0493	-1.5208	0.8045	-1.7199	0.3908	-9.7533	170.4331	297.5549	257.6239	36.7910	1.9304	1.2493	54.6648
73.8420	7997.0000	-0.2330	1.2624	0.0000	210.0040	246.3900	230.5630	1.6335	265.0200	43.4844	3.0000	8000.0000	450.0000	0.0000	7996.3230	0.2508	0.2694	0.0480	0.0493	-1.5208	0.8045	-1.7199	0.3908	-9.7533	170.4331	297.5549	257.6239	36.7910	1.9304	1.2493	54.6648
74.4330	7997.0000	-0.2310	1.2618	0.0000	210.0500	246.2000	230.5190	1.6326	264.7200	43.5590	3.0000	8000.0000	450.0000	0.0000	7997.0323	0.2719	0.2684	0.0485	0.0480	-1.6595	0.9374	-1.9222	0.4416	-6.8121	163.3549	297.5398	256.1193	36.8110	1.7941	1.2505	54.6648
74.5900	7997.0000	-0.2310	1.2618	0.0000	210.0500	246.2000	230.5190	1.6326	264.7200	43.5590	3.0000	8000.0000	450.0000	0.0000	7997.0323	0.2719	0.2684	0.0485	0.0480	-1.6595	0.9374	-1.9222	0.4416	-6.8121	163.3549	297.5398	256.1193	36.8110	1.7941	1.2505	54.6648
75.0387	8000.0000	-0.2330	1.2622	0.0000	210.0010	246.3100	230.4980	1.6333	264.8400	43.5969	3.0000	8000.0000	450.0000	0.0000	8003.3398	0.2664	0.2602	0.0486	0.0501	-1.5032	0.8818	-1.7568	0.4149	-16.7442	168.8560	297.5928	255.9561	36.8308	1.8355	1.2494	54.7100
75.3386	8000.0000	-0.2330	1.2622	0.0000	210.0010	246.3100	230.4980	1.6333	264.8400	43.5969	3.0000	8000.0000	450.0000	0.0000	7995.9197	0.2487	0.2698	0.0479	0.0499	-1.5746	0.8420	-1.7487	0.4251	-7.2761	169.6586	297.5418	256.4128	36.8506	1.8816	1.2502	54.7510
75.6287	8000.0000	-0.2330	1.2622	0.0000	210.0010	246.3100	230.4980	1.6333	264.8400	43.5969	3.0000	8000.0000	450.0000	0.0000	7995.9197	0.2487	0.2698	0.0479	0.0499	-1.5746	0.8420	-1.7487	0.4251	-7.2761	169.6586	297.5418	256.4128	36.8506	1.8816	1.2502	54.7510
76.0888	7997.0000	-0.2320	1.2621	0.0000	209.9850	246.0900	230.4580	1.6327	264.6300	43.6316	3.0000	8000.0000	450.0000	0.0000	8002.2010	0.2669	0.2616	0.0469	0.0479	-1.6653	0.9525	-1.8675	0.4788	-14.5784	161.0915	297.5572	255.6683	36.8714	1.8354	1.2696	54.7510
76.2338	7997.0000	-0.2320	1.2621	0.0000	209.9850	246.0900	230.4580	1.6327	264.6300	43.6316	3.0000	8000.0000	450.0000	0.0000	8002.2010	0.2669	0.2616	0.0469	0.0479	-1.6653	0.9525	-1.8675	0.4788	-14.5784	161.0915	297.5572	255.6683	36.8714	1.8354	1.2696	54.7510
76.8312	8001.0000	-0.2310	1.2626	0.0000	209.9170	246.0700	230.4410	1.6329	264.6100	43.7143	3.0000	8000.0000	450.0000	0.0000	7998.8490	0.2551	0.2660	0.0472	0.0497	-1.5659	0.8329	-1.8355	0.4042	-3.6969	170.3484	297.5326	255.5938	36.8997	1.9713	1.2509	54.7911
76.8399	8001.0000	-0.2310	1.2626	0.0000	209.9170	246.0700	230.4410	1.6329	264.6100	43.7143	3.0000	8000.0000	450.0000	0.0000	7998.8490	0.2551	0.2660	0.0472	0.0497	-1.5659	0.8329	-1.8355	0.4042	-3.6969	170.3484	297.5326	255.5938	36.8997	1.9713	1.2509	54.7911
77.4455	7995.0000	-0.2300	1.2629	0.0000	209.8820	246.0800	230.4150	1.6332	264.6200	43.7556	3.0000	8000.0000	450.0000	0.0000	7999.7233	0.2762	0.2648	0.0487	0.0471	-1.6634	1.0028	-1.8051	0.4179	-13.8291	166.7833	297.5025	256.3015	36.9195	1.7289	1.2494	54.7911
77.5665	7995.0000	-0.2300	1.2629	0.0000	209.8820	246.0800	230.4150	1.6332	264.6200	43.7556	3.0000	8000.0000	450.0000	0.0000	7999.7233	0.2762	0.2648	0.0487	0.0471	-1.6634	1.0028	-1.8051	0.4179	-13.8291	166.7833	297.5025	256.3015	36.9195	1.7289	1.2494	54.7911
78.0510	7995.0000	-0.2300	1.2629	0.0000	209.8820	246.0800	230.4150	1.6332	264.6200	43.7556	3.0000	8000.0000	450.0000	0.0000	7999.1416	0.2453	0.2656	0.0487	0.0492	-1.5835	0.8141	-1.7573	0.4037	-1.7992	170.1565	297.5401	254.5357	36.9396	1.8077	1.2496	54.8356
78.6559	8001.0000	-0.2310	1.2624	0.0000	209.9840	246.3300	230.3970	1.6340	264.6900	43.8261	3.0000	8000.0000	450.0000	0.0000	8000.2805	0.2623	0.2642	0.0489	0.0471	-1.6493	0.9157	-1.6968	0.4304	-14.6703	168.9380	297.4983	257.2314	36.9594	1.8163	1.2490	54.8757
78.8166	8001.0000	-0.2310	1.2624	0.0000	209.9840	246.3300	230.3970	1.6340	264.6900	43.8261	3.0000	8000.0000	450.0000	0.0000	8000.2805	0.2623	0.2642	0.0489	0.0471	-1.6493	0.9157	-1.6968	0.4304	-14.6703	168.9380	297.4983	257.2314	36.9594	1.8163	1.2490	54.8757
79.2617	8003.0000	-0.2320	1.2622	0.0000	209.9630	245.9200	230.3900	1.6321	264.3700	43.8853	3.0000	8000.0000	450.0000	0.0000	8000.6722	0.2535	0.2636	0.0474	0.0490	-1.5548	0.8505	-1.7812	0.4714	-16.6055	163.5222	297.5837	254.9863	36.9821	1.8721	1.2784	54.8757
79.5558	8003.0000	-0.2320	1.2622	0.0000	209.9630	245.9200	230.3900	1.6321	264.3700	43.8853	3.0000	8000.0000	450.0000	0.0000	8000.6722	0.2535	0.2636	0.0474	0.0490	-1.5548	0.8505	-1.7812	0.4714	-16.6055	163.5222	297.5837	254.9863	36.9821	1.8721	1.2784	54.8757
79.8663	8003.0000	-0.2320	1.2622	0.0000	209.9630	245.9200	230.3900	1.6321	264.3700	43.8853	3.0000	8000.0000	450.0000	0.0000	8002.6352	0.2693	0.2611	0.0494	0.0479	-1.4953	0.9419	-1.6651	0.3957	-9.4229	169.7169	297.5768	257.2495	37.0093	1.8432	1.2501	54.9151
80.3012	7989.0000	-0.2320	1.2624	0.0000	209.9470	246.0100	230.3900	1.6329	264.4400	43.9313	3.0000	8000.0000	450.0000	0.0000	8004.7049	0.2648	0.2584	0.0475	0.0486	-1.4757	0.9326	-1.8390	0.4331	-4.6926	164.6123	297.6308	254.1383	37.0289	1.8462	1.2488	54.9151
80.4727	7989.0000	-0.2320	1.2624	0.0000	209.9470	246.0100	230.3900	1.6329	264.4400	43.9313	3.0000	8000.0000	450.0000	0.0000	8004.7049	0.2648	0.2584	0.0475	0.0486	-1.4757	0.9326	-1.8390	0.4331	-4.6926	164.6123	297.6308	254.1383	37.0289	1.8462	1.2488	54.9151
81.0490	7995.0000	-0.2300	1.2619	0.0000	210.0290	246.1000	230.4000	1.6324	264.5000	43.9333	4.0000	8000.0000	450.0000	0.0000	8001.4567	0.2650	0.2627	0.0495	0.0485	-1.7012	0.9052	-1.7920	0.4191	-10.0847	166.9196	297.6447	254.5099	37.0488	1.6939	1.2499	54.9588
81.0622	7995.0000	-0.2300	1.2619	0.0000	210.0290	246.1000	230.4000	1.6324	264.5000	43.9333	4.0000	8000.0000	450.0000	0.0000	8001.4567	0.2650	0.2627	0.0495	0.0485	-1.7012	0.9052	-1.7920	0.4191	-10.0847	166.9196	297.6447	254.5099	37.0488	1.6939	1.2499	54.9588
81.6514	7993.0000	-0.2310	1.2616	0.0000	210.0780	246.1900	230.4220	1.6331	264.5200	44.0380	4.0000	8000.0000	450.0000	0.0000	7998.5803	0.2532	0.2665	0.0489	0.0486	-1.5637	0.8400	-1.7244	0.4293	-16.8671	163.7272	297.6635	254.4401	37.0685	1.7707	1.2490	54.9982
81.9254	7993.0000	-0.2310	1.2616	0.0000	210.0780	246.1900	230.4220	1.6331	264.5200	44.0380	4.0000	8000.0000	450.0000	0.0000	7998.5803	0.2532	0.2665	0.0489	0.0486	-1.5637	0.8400	-1.7244	0.4293	-16.8671	163.7272	297.6635	254.4401	37.0685	1.7707	1.2490	54.9982
82.2574	7993.0000	-0.2310	1.2616	0.0000	210.0780	246.1900	230.4220	1.6331	264.5200	44.0380	4.0000	8000.0000	450.0000	0.0000	7998.2271	0.2741	0.2667	0.0487	0.0491	-1.5018	0.8896	-1.7488	0.4112	-1.7393	171.1226	297.7213	257.6257	37.0894	1.7423	1.2850	54.9982
82.6682	7992.0000	-0.2320	1.2615	0.0000	210.0670	245.9700	230.4400	1.6318	264.2600	44.0572	4.0000	8000.0000	450.0000	0.0000	8001.4858	0.2814	0.2623	0.0477	0.0481	-1.5482	1.0011	-1.7887	0.4320	-3.3260	163.8573	297.7797	254.7481	37.1169	1.8202	1.2503	55.0367
82.8633	7992.0000	-0.2320	1.2615	0.0000	210.0670	245.9700	230.4400	1.6318	264.2600	44.0572	4.0000	8000.0000	450.0000	0.0000	8001.4858	0.2814	0.2623	0.0477	0.0481	-1.5482	1.0011	-1.7887	0.4320	-3.3260	163.8573	297.7797	254.7481	37.1169	1.8202	1.2503	55.0367
83.4335	7998.0000	-0.2310	1.2624	0.0000	209.9220	245.7200	230.4830	1.6314	264.1800	44.0923	4.0000	8000.0000	450.0000	0.0000	7997.7819	0.2645	0.2669	0.0497	0.0482	-1.6004	0.9174	-1.6852	0.4330	-5.3350	163.2795	297.8595	253.5184	37.1362	1.7938	1.2483	55.0367
83.4535	7998.0000	-0.2310	1.2624	0.0000	209.9220	245.7200	230.4830	1.6314	264.1800	44.0923	4.0000	8000.0000	450.0000	0.0000	7997.7819	0.2645	0.2669	0.0497	0.0482	-1.6004	0.9174	-1.6852	0.4330	-5.3350	163.2795	297.8595	253.5184	37.1362	1.7938	1.2483	55.0367
84.0589	7997.0000	-0.2310	1.2623	0.0000	209.9160	245.6500	230.5060	1.6308	264.1000	44.1718	4.0000	8000.0000	450.0000	0.0000	8002.2120	0.2346	0.2609	0.0496	0.0497	-1.4862	0.7338	-1.7040	0.4306	-15.0478	167.0753	297.9657	256.5396	37.1549	1.8339	1.2500	55.0796
84.1807	7997.0000	-0.2310	1.2623	0.0000	209.9160	245.6500	230.5060	1.6308	264.1000	44.1718	4.0000	8000.0000	450.0000	0.0000	8002.2120	0.2346	0.2609	0.0496	0.0497	-1.4862	0.7338	-1.7040	0.4306	-15.0478	167.0753	297.9657	256.5396	37.1549	1.8339	1.2500	55.0796
84.6646	7999.0000	-0.2310	1.2627	0.0000	209.8650	245.3600	230.5590	1.6290	263.8700	44.2263	4.0000	8000.0000	450.0000	0.0000	8000.4303	0.2653	0.2633	0.0505	0.0480	-1.5262	0.9292	-1.6417	0.4395	-16.4214	165.6141	297.9649	254.9602	37.1751	1.8423	1.2503	55.1184
84.9295	7999.0000	-0.2310	1.2627	0.0000	209.8650	245.3600	230.5590	1.6290	263.8700	44.2263	4.0000	8000.0000	450.0000	0.0000	8000.4303	0.2653	0.2633	0.0505	0.0480	-1.5262	0.9292	-1.6417	0.4395	-16.4214	165.6141	297.9649	254.9602	37.1751	1.8423	1.2503	55.1184
85.2698	7999.0000	-0.2310	1.2627	0.0000	209.8650	245.3600	230.5590	1.6290	263.8700	44.2263	4.0000	8000.0000	450.0000	0.0000	8005.1589	0.2385	0.2572	0.0477	0.0494	-1.5554	0.8173	-1.8385	0.4150	-15.7039	166.7597	298.0677	254.2833	37.1977	1.8143	1.2849	55.1184
85.6700	8001.0000	-0.2300	1.2620	0.0000	209.9390	245.4200	230.5890	1.6298	263.9100	44.2386	4.0000	8000.0000	450.0000	0.0000	7998.1321	0.2875	0.2664	0.0463	0.0470	-1.5237	1.0117	-1.9472	0.4019	-8.6386	170.0449	298.1307	256.2347	37.2244	1.9340	1.2487	55.1563
85.8752	8001.0000	-0.2300	1.2620	0.0000	209.9390	245.4200	230.5890	1.6298	263.9100	44.2386	4.0000	8000.0000	450.0000	0.0000	7998.1321	0.2875	0.2664	0.0463	0.0470	-1.5237	1.0117	-1.9472	0.4019	-8.6386	170.0449	298.1307	256.2347	37.2244	1.9340	1.2487	55.1563
86.4349	7997.0000	-0.2310	1.2613	0.0000	210.0660	245.7000	230.6490	1.6302	264.1700	44.2823	4.0000	8000.0000	450.0000	0.0000	7999.9663	0.2514	0.2640	0.0471	0.0489	-1.6301	0.8652	-1.9548	0.4701	-14.0029	161.2671	298.1855	255.0949	37.2440	1.8983	1.2468	55.1563
86.4811	7997.0000	-0.2310	1.2613	0.0000	210.0660	245.7000	230.6490	1.6302	264.1700	44.2823	4.0000	8000.0000	450.0000	0.0000	7999.9663	0.2514	0.2640	0.0471	0.0489	-1.6301	0.8652	-1.9548	0.4701	-14.0029	161.2671	298.1855	255.0949	37.2440	1.8983	1.2468	55.1563
87.0858	8002.0000	-0.2300	1.2613	0.0000	210.0420	245.5000	230.6770	1.6290	263.8700	44.3314	4.0000	8000.0000	450.0000	0.0000	7998.8112	0.2929	0.2657	0.0506	0.0470	-1.5620	1.0349	-1.6143	0.4224	-17.0283	171.6816	298.2153	256.5518	37.2622	1.7339	1.2459	55.1983
87.1784	8002.0000	-0.2300	1.2613	0.0000	210.0420	245.5000	230.6770	1.6290	263.8700	44.3314	4.0000	8000.0000	450.0000	0.0000	7998.8112	0.2929	0.2657	0.0506	0.0470	-1.5620	1.0349	-1.6143	0.4224	-17.0283	171.6816	298.2153	256.5518	37.2622	1.7339	1.2459	55.1983
87.6923	8000.0000	-0.2300	1.2600	0.0000	210.2290	245.6400	230.7280	1.6291	263.9400	44.3737	4.0000	8000.0000	450.0000	0.0000	7997.7241	0.2591	0.2671	0.0477	0.0490	-1.5709	0.8785	-1.7770	0.4271	-17.2317	164.9279	298.2358	254.5252	37.2816	1.8991	1.2454	55.2359
87.9261	8000.0000	-0.2300	1.2600	0.0000	210.2290	245.6400	230.7280	1.6291	263.9400	44.3737	4.0000	8000.0000	450.0000	0.0000	7997.7241	0.2591	0.2671	0.0477	0.0490	-1.5709	0.8785	-1.7770	0.4271	-17.2317	164.9279	298.2358	254.5252	37.2816	1.8991	1.2454	55.2359
88.2972	8000.0000	-0.2300	1.2600	0.0000	210.2290	245.6400	230.7280	1.6291	263.9400	44.3737	4.0000	8000.0000	450.0000	0.0000	8003.4908	0.2744	0.2594	0.0475	0.0485	-1.6249	0.9514	-1.8762	0.4427	-16.4160	168.2847	298.3359	256.9989	37.3026	1.8864	1.2691	55.2359
88.6736	7993.0000	-0.2300	1.2596	0.0000	210.2570	245.5000	230.7520	1.6286	263.8500	44.4255	5.0000	8000.0000	450.0000	0.0000	7999.3258	0.2636	0.2648	0.0482	0.0485	-1.6206	0.9002	-1.7771	0.4222	-4.1513	165.9272	298.3638	253.7673	37.3281	1.7326	1.2457	55.2726
88.9033	7993.0000	-0.2300	1.2596	0.0000	210.2570	245.5000	230.7520	1.6286	263.8500	44.4255	5.0000	8000.0000	450.0000	0.0000	7999.3258	0.2636	0.2648	0.0482	0.0485	-1.6206	0.9002	-1.7771	0.4222	-4.1513	165.9272	298.3638	253.7673	37.3281	1.7326	1.2457	55.2726
89.5089	8001.0000	-0.2310	1.2596	0.0000	210.2520	245.4000	230.7880	1.6281	263.8000	44.4860	5.0000	8000.0000	450.0000	0.0000	8002.7185	0.2518	0.2602	0.0484	0.0501	-1.6163	0.8849	-1.7726	0.3962	-12.8659	169.1878	298.4156	255.1250	37.3474	1.7419	1.2475	55.3136
89.5245	8001.0000	-0.2310	1.2596	0.0000	210.2520	245.4000	230.7880	1.6281	263.8000	44.4860	5.0000	8000.0000	450.0000	0.0000	8002.7185	0.2518	0.2602	0.0484	0.0501	-1.6163	0.8849	-1.7726	0.3962	-12.8659	169.1878	298.4156	255.1250	37.3474	1.7419	1.2475	55.3136
90.1147	7997.0000	-0.2310	1.2603	0.0000	210.1680	245.3800	230.8020	1.6280	263.7600	44.5643	5.0000	8000.0000	450.0000	0.0000	8003.1032	0.2567	0.2597	0.0492	0.0478	-1.6402	0.8692	-1.7129	0.4167	-0.0363	167.1248	298.4522	254.9199	37.3670	1.8469	1.2494	55.3136
90.2759	7997.0000	-0.2310	1.2603	0.0000	210.1680	245.3800	230.8020	1.6280	263.7600	44.5643	5.0000	8000.0000	450.0000	0.0000	8003.1032	0.2567	0.2597	0.0492	0.0478	-1.6402	0.8692	-1.7129	0.4167	-0.0363	167.1248	298.4522	254.9199	37.3670	1.8469	1.2494	55.3136
90.7037	7987.0000	-0.2290	1.2605	0.0000	210.1130	245.0500	230.8190	1.6260	263.4400	44.5843	5.0000	8000.0000	450.0000	0.0000	8000.1406	0.2692	0.2605	0.0499	0.0476	-1.6734	0.9660	-1.7665	0.4344	1.7910	163.5714	298.4210	255.2648	37.3868	1.7379	1.2491	55.3508
91.0248	7987.0000	-0.2290	1.2605	0.0000	210.1130	245.0500	230.8190	1.6260	263.4400	44.5843	5.0000	8000.0000	450.0000	0.0000	8002.1234	0.2469	0.2610	0.0474	0.0500	-1.5389	0.8325	-1.8248	0.3958	-11.6901	171.6836	298.4979	253.3854	37.4075	1.9025	1.2797	55.3508
91.3091	7987.0000	-0.2290	1.2605	0.0000	210.1130	245.0500	230.8190	1.6260	263.4400	44.5843	5.0000	8000.0000	450.0000	0.0000	8002.1234	0.2469	0.2610	0.0474	0.0500	-1.5389	0.8325	-1.8248	0.3958	-11.6901	171.6836	298.4979	253.3854	37.4075	1.9025	1.2797	55.3508
91.7757	8001.0000	-0.2300	1.2601	0.0000	210.1610	245.1000	230.8230	1.6265	263.5300	44.6135	5.0000	8000.0000	450.0000	0.0000	7998.6334	0.2714	0.2654	0.0493	0.0473	-1.7189	0.9910	-1.7899	0.3595	0.7111	175.9028	298.4454	254.1581	37.4343	1.6853	1.2489	55.3872
91.9142	8001.0000	-0.2300	1.2601	0.0000	210.1610	245.1000	230.8230	1.6265	263.5300	44.6135	5.0000	8000.0000	450.0000	0.0000	7998.6334	0.2714	0.2654	0.0493	0.0473	-1.7189	0.9910	-1.7899	0.3595	0.7111	175.9028	298.4454	254.1581	37.4343	1.6853	1.2489	55.3872
92.5200	8005.0000	-0.2310	1.2604	0.0000	210.1100	244.8600	230.8180	1.6250	263.2400	44.6520	5.0000	8000.0000	450.0000	0.0000	8006.3018	0.2561	0.2554	0.0498	0.0493	-1.5851	0.8572	-1.7097	0.4071	-5.0732	167.6355	298.4437	253.2515	37.4539	1.7330	1.2493	55.4279
92.5255	8005.0000	-0.2310	1.2604	0.0000	210.1100	244.8600	230.8180	1.6250	263.2400	44.6520	5.0000	8000.0000	450.0000	0.0000	8006.3018	0.2561	0.2554	0.0498	0.0493	-1.5851	0.8572	-1.7097	0.4071	-5.0732	167.6355	298.4437	253.2515	37.4539	1.7330	1.2493	55.4279
93.1267	7998.0000	-0.2300	1.2603	0.0000	210.1300	245.0600	230.8100	1.6258	263.3700	44.7010	5.0000	8000.0000	450.0000	0.0000	8000.6016	0.2914	0.2626	0.0466	0.0475	-1.6079	1.0555	-1.9031	0.4118	-7.4679	174.2097	298.4435	258.4503	37.4737	1.8265	1.2494	55.4279
93.2683	7998.0000	-0.2300	1.2603	0.0000	210.1300	245.0600	230.8100	1.6258	263.3700	44.7010	5.0000	8000.0000	450.0000	0.0000	8000.6016	0.2914	0.2626	0.0466	0.0475	-1.6079	1.0555	-1.9031	0.4118	-7.4679	174.2097	298.4435	258.4503	37.4737	1.8265	1.2494	55.4279
94.0180	8002.0000	-0.2290	1.2611	0.0000	210.0300	244.9200	230.7810	1.6251	263.2400	44.7116	5.0000	8000.0000	450.0000	0.0000	8000.4454	0.2695	0.2632	0.0486	0.0496	-1.4961	0.8770	-1.7177	0.4280	-1.2417	168.6416	298.4013	256.7250	37.5117	1.8829	1.2856	55.4646
94.2568	8002.0000	-0.2290	1.2611	0.0000	210.0300	244.9200	230.7810	1.6251	263.2400	44.7116	5.0000	8000.0000	450.0000	0.0000	8000.4454	0.2695	0.2632	0.0486	0.0496	-1.4961	0.8770	-1.7177	0.4280	-1.2417	168.6416	298.4013	256.7250	37.5117	1.8829	1.2856	55.4646
94.7686	7994.0000	-0.2290	1.2605	0.0000	210.0510	244.5800	230.7600	1.6234	262.8900	44.7791	5.0000	8000.0000	450.0000	0.0000	7997.9340	0.2725	0.2663	0.0492	0.0481	-1.5158	0.9459	-1.8092	0.4412	-2.4800	162.0490	298.3580	254.7496	37.5402	1.7266	1.2499	55.5005
94.8632	7994.0000	-0.2290	1.2605	0.0000	210.0510	244.5800	230.7600	1.6234	262.8900	44.7791	5.0000	8000.0000	450.0000	0.0000	7997.9340	0.2725	0.2663	0.0492	0.0481	-1.5158	0.9459	-1.8092	0.4412	-2.4800	162.0490	298.3580	254.7496	37.5402	1.7266	1.2499	55.5005
95.4687	7995.0000	-0.2300	1.2612	0.0000	210.0150	244.9300	230.7090	1.6256	263.2400	44.8020	5.0000	8000.0000	450.0000	0.0000	8006.9540	0.2610	0.2547	0.0498	0.0502	-1.5542	0.8181	-1.7486	0.4334	-13.6496	167.8289	298.3173	256.3133	37.5598	1.7710	1.2506	55.5005
95.5209	7995.0000	-0.2300	1.2612	0.0000	210.0150	244.9300	230.7090	1.6256	263.2400	44.8020	5.0000	8000.0000	450.0000	0.0000	8006.9540	0.2610	0.2547	0.0498	0.0502	-1.5542	0.8181	-1.7486	0.4334	-13.6496	167.8289	298.3173	256.3133	37.5598	1.7710	1.2506	55.5005
96.0749	8002.0000	-0.2290	1.2611	0.0000	210.0150	245.0100	230.6820	1.6263	263.3400	44.8515	5.0000	8000.0000	450.0000	0.0000	7999.7682	0.2707	0.2638	0.0466	0.0480	-1.5267	0.9490	-1.8448	0.4067	1.3005	166.5353	298.2761	254.4088	37.5795	1.9249	1.2509	55.5407
96.2647	8002.0000	-0.2290	1.2611	0.0000	210.0150	245.0100	230.6820	1.6263	263.3400	44.8515	5.0000	8000.0000	450.0000	0.0000	7999.7682	0.2707	0.2638	0.0466	0.0480	-1.5267	0.9490	-1.8448	0.4067	1.3005	166.5353	298.2761	254.4088	37.5795	1.9249	1.2509	55.5407
96.6793	7999.0000	-0.2280	1.2619	0.0000	209.9110	244.7500	230.6190	1.6252	263.0300	44.9086	6.0000	8000.0000	450.0000	0.0000	7998.8199	0.2475	0.2651	0.0473	0.0496	-1.5974	0.8631	-1.8410	0.4508	-9.8166	169.7659	298.1557	255.3107	37.5993	1.8997	1.2515	55.5769
96.9982	7999.0000	-0.2280	1.2619	0.0000	209.9110	244.7500	230.6190	1.6252	263.0300	44.9086	6.0000	8000.0000	450.0000	0.0000	7999.4587	0.2773	0.2645	0.0491	0.0471	-1.6045	0.9686	-1.6875	0.4508	-15.1909	169.3288	298.1722	254.9094	37.6213	1.8712	1.2693	55.5769
97.2845	7999.0000	-0.2280	1.2619	0.0000	209.9110	244.7500	230.6190	1.6252	263.0300	44.9086	6.0000	8000.0000	450.0000	0.0000	7999.4587	0.2773	0.2645	0.0491	0.0471	-1.6045	0.9686	-1.6875	0.4508	-15.1909	169.3288	298.1722	254.9094	37.6213	1.8712	1.2693	55.5769
97.7384	7999.0000	-0.2280	1.2622	0.0000	209.8780	245.0100	230.5840	1.6274	263.3600	44.9290	NOT CONNECTED	8000.0000	450.0000	0.0000	7997.5551	0.2459	0.2669	0.0487	0.0488	-1.6179	0.8473	-1.7778	0.4173	-14.3633	165.2293	298.1027	254.8497	37.6487	1.7299	1.2527	55.6123
97.8900	7999.0000	-0.2280	1.2622	0.0000	209.8780	245.0100	230.5840	1.6274	263.3600	44.9290	NOT CONNECTED	8000.0000	450.0000	0.0000	7997.5551	0.2459	0.2669	0.0487	0.0488	-1.6179	0.8473	-1.7778	0.4173	-14.3633	165.2293	298.1027	254.8497	37.6487	1.7299	1.2527	55.6123
98.5126	8075.0000	-0.1160	1.2626	0.0000	209.8780	245.4200	230.5210	1.6301	263.7600	44.9619	NOT CONNECTED	0.0000	450.0000	0.0000	8074.9695	0.0652	0.0835	0.0497	0.0505	-1.6134	0.2346	-1.5408	0.1174	-10.4377	174.5107	306.6526	93.3538	37.6639	1.5417	1.1943	55.6467
98.7382	8075.0000	-0.1160	1.2626	0.0000	209.8780	245.4200	230.5210	1.6301	263.7600	44.9619	NOT CONNECTED	0.0000	450.0000	0.0000	8074.9695	0.0652	0.0835	0.0497	0.0505	-1.6134	0.2346	-1.5408	0.1174	-10.4377	174.5107	306.6526	93.3538	37.6639	1.5417	1.1943	55.6467
99.1180	8001.0000	-0.0590	1.0794	0.0000	217.7680	84.5700	230.5650	0.6575	95.6000	45.0300	NOT CONNECTED	0.0000	450.0000	0.0000	8012.3127	0.0707	0.0837	0.0511	0.0515	-1.3962	0.2220	-1.5882	0.1616	1.8635	172.2010	306.7786	104.0387	37.6356	1.5495	1.0626	55.6467
99.4825	8001.0000	-0.0590	1.0794	0.0000	217.7680	84.5700	230.5650	0.6575	95.6000	45.0300	NOT CONNECTED	0.0000	450.0000	0.0000	7998.8135	0.1008	0.1026	0.0503	0.0507	-1.5642	0.3311	-1.6411	0.1601	-11.9976	173.6727	306.0119	109.4064	37.6059	1.5218	1.0740	55.6563
99.7236	8001.0000	-0.0590	1.0794	0.0000	217.7680	84.5700	230.5650	0.6575	95.6000	45.0300	NOT CONNECTED	0.0000	450.0000	0.0000	7998.8135	0.1008	0.1026	0.0503	0.0507	-1.5642	0.3311	-1.6411	0.1601	-11.9976	173.6727	306.0119	109.4064	37.6059	1.5218	1.0740	55.6563
100.2295	7997.0000	-0.0720	1.1029	0.0000	216.0000	101.3400	230.5060	0.7633	113.0700	45.0545	NOT CONNECTED	0.0000	450.0000	0.0000	8005.7691	0.0908	0.0933	0.0505	0.0515	-1.5410	0.2908	-1.5485	0.1865	-4.9539	170.8981	306.0914	109.4366	37.5836	1.6101	1.1067	55.6563
100.3284	7997.0000	-0.0720	1.1029	0.0000	216.0000	101.3400	230.5060	0.7633	113.0700	45.0545	NOT CONNECTED	0.0000	450.0000	0.0000	8005.7691	0.0908	0.0933	0.0505	0.0515	-1.5410	0.2908	-1.5485	0.1865	-4.9539	170.8981	306.0914	109.4366	37.5836	1.6101	1.1067	55.6563
100.9340	7997.0000	-0.0660	1.0927	0.0000	216.4900	102.6000	230.4760	0.7720	114.4400	45.1297	NOT CONNECTED	0.0000	450.0000	0.0000	7998.8852	0.1056	0.1023	0.0505	0.0505	-1.5250	0.3588	-1.5856	0.1444	1.0637	173.9397	305.9901	110.2601	37.5678	1.5438	1.0679	55.6655
100.9802	7997.0000	-0.0660	1.0927	0.0000	216.4900	102.6000	230.4760	0.7720	114.4400	45.1297	NOT CONNECTED	0.0000	450.0000	0.0000	7998.8852	0.1056	0.1023	0.0505	0.0505	-1.5250	0.3588	-1.5856	0.1444	1.0637	173.9397	305.9901	110.2601	37.5678	1.5438	1.0679	55.6655
101.5392	8003.0000	-0.0660	1.0934	0.0000	216.4270	103.1600	230.4660	0.7749	115.0500	45.1304	NOT CONNECTED	0.0000	450.0000	0.0000	7999.5141	0.0957	0.1013	0.0513	0.0513	-1.5588	0.3075	-1.5997	0.1518	-10.4476	174.2883	305.9778	108.9955	37.5482	1.6235	1.0660	55.6797
101.7281	8003.0000	-0.0660	1.0934	0.0000	216.4270	103.1600	230.4660	0.7749	115.0500	45.1304	NOT CONNECTED	0.0000	450.0000	0.0000	7999.5141	0.0957	0.1013	0.0513	0.0513	-1.5588	0.3075	-1.5997	0.1518	-10.4476	174.2883	305.9778	108.9955	37.5482	1.6235	1.0660	55.6797
102.1618	7998.0000	-0.0650	1.0935	0.0000	216.4110	102.9500	230.4550	0.7740	114.8500	45.1819	NOT CONNECTED	0.0000	450.0000	0.0000	8000.7514	0.0680	0.0860	0.0518	0.0515	-1.5153	0.2071	-1.5533	0.1413	-12.8886	166.0019	306.2750	90.3298	37.5333	1.6019	1.0681	55.6797
102.4771	7998.0000	-0.0650	1.0935	0.0000	216.4110	102.9500	230.4550	0.7740	114.8500	45.1819	NOT CONNECTED	0.0000	450.0000	0.0000	7736.6968	0.0037	0.0039	0.0527	0.0531	-1.3804	-0.0334	-1.6570	0.0160	-2.6952	171.3696	313.9561	24.5274	37.5115	1.4549	0.9726	55.6845
102.7670	7998.0000	-0.0650	1.0935	0.0000	216.4110	102.9500	230.4550	0.7740	114.8500	45.1819	NOT CONNECTED	0.0000	450.0000	0.0000	7736.6968	0.0037	0.0039	0.0527	0.0531	-1.3804	-0.0334	-1.6570	0.0160	-2.6952	171.3696	313.9561	24.5274	37.5115	1.4549	0.9726	55.6845
103.2218	7684.0000	0.0030	1.0163	0.0000	221.0850	35.2300	230.5070	0.3581	47.5200	45.1835	NOT CONNECTED	0.0000	450.0000	0.0000	7459.9065	0.0097	-0.0000	0.0522	0.0531	-1.5030	0.0317	-1.3554	0.0025	-19.2405	166.9918	313.2363	29.1828	37.4835	1.3044	1.0290	55.6845
103.3570	7684.0000	0.0030	1.0163	0.0000	221.0850	35.2300	230.5070	0.3581	47.5200	45.1835	NOT CONNECTED	0.0000	450.0000	0.0000	7459.9065	0.0097	-0.0000	0.0522	0.0531	-1.5030	0.0317	-1.3554	0.0025	-19.2405	166.9918	313.2363	29.1828	37.4835	1.3044	1.0290	55.6845
103.9624	7337.0000	0.0000	1.0064	0.0000	209.0340	24.4600	230.5030	0.2724	35.4600	45.2360	NOT CONNECTED	0.0000	450.0000	0.0000	7178.7775	0.0246	0.0118	0.0530	0.0531	-1.6323	0.0972	-1.5449	0.0496	-20.8899	157.9504	313.3932	27.9129	37.4641	1.3805	0.9892	55.6766
103.9711	7337.0000	0.0000	1.0064	0.0000	209.0340	24.4600	230.5030	0.2724	35.4600	45.2360	NOT CONNECTED	0.0000	450.0000	0.0000	7178.7775	0.0246	0.0118	0.0530	0.0531	-1.6323	0.0972	-1.5449	0.0496	-20.8899	157.9504	313.3932	27.9129	37.4641	1.3805	0.9892	55.6766
104.5681	7007.0000	0.0000	1.0053	0.0000	202.6700	23.7900	230.5170	0.2704	35.1600	45.2342	NOT CONNECTED	0.0000	450.0000	0.0000	6911.9288	-0.0400	-0.0000	0.0532	0.0531	-1.5659	-0.2209	-1.5324	0.0990	-10.8922	136.1858	313.6110	25.3019	37.4429	1.5487	0.9919	55.6693
104.7050	7007.0000	0.0000	1.0053	0.0000	202.6700	23.7900	230.5170	0.2704	35.1600	45.2342	NOT CONNECTED	0.0000	450.0000	0.0000	6911.9288	-0.0400	-0.0000	0.0532	0.0531	-1.5659	-0.2209	-1.5324	0.0990	-10.8922	136.1858	313.6110	25.3019	37.4429	1.5487	0.9919	55.6693
105.1729	6667.0000	0.0030	1.0027	0.0000	190.1480	19.8200	230.5620	0.2467	31.6500	45.2843	NOT CONNECTED	0.0000	450.0000	0.0000	6643.4329	-0.0147	-0.0000	0.0532	0.0531	-1.3602	-0.0795	-1.3561	0.0640	-9.2821	137.2739	314.0425	22.1598	37.4268	1.3888	0.9910	55.6693
105.4520	6667.0000	0.0030	1.0027	0.0000	190.1480	19.8200	230.5620	0.2467	31.6500	45.2843	NOT CONNECTED	0.0000	450.0000	0.0000	6643.4329	-0.0147	-0.0000	0.0532	0.0531	-1.3602	-0.0795	-1.3561	0.0640	-9.2821	137.2739	314.0425	22.1598	37.4268	1.3888	0.9910	55.6693
105.7784	6667.0000	0.0030	1.0027	0.0000	190.1480	19.8200	230.5620	0.2467	31.6500	45.2843	NOT CONNECTED	0.0000	450.0000	0.0000	6358.4549	0.0095	-0.0000	0.0532	0.0531	-1.4968	0.0379	-1.5148	0.0264	-9.3920	138.4178	314.2766	20.6348	37.4136	1.4943	0.9938	55.6550
106.1893	6326.0000	0.0060	1.0025	0.0000	183.7490	18.6100	230.5860	0.2399	30.6700	45.2875	NOT CONNECTED	0.0000	450.0000	0.0000	6088.8154	-0.0007	-0.0000	0.0530	0.0531	-1.5509	0.0142	-1.4175	-0.0102	-9.7422	139.1504	314.4105	20.0397	37.4054	1.4307	1.0221	55.6550
106.3842	6326.0000	0.0060	1.0025	0.0000	183.7490	18.6100	230.5860	0.2399	30.6700	45.2875	NOT CONNECTED	0.0000	450.0000	0.0000	6088.8154	-0.0007	-0.0000	0.0530	0.0531	-1.5509	0.0142	-1.4175	-0.0102	-9.7422	139.1504	314.4105	20.0397	37.4054	1.4307	1.0221	55.6550
106.9300	6006.0000	0.0090	1.0029	0.0000	170.9720	16.6900	230.6420	0.2266	28.8300	45.3367	NOT CONNECTED	0.0000	450.0000	0.0000	5826.0390	0.0105	-0.0000	0.0531	0.0531	-1.4049	0.0247	-1.5085	0.0160	-11.0111	129.9754	314.5390	20.1982	37.4014	1.4428	0.9994	55.6373
106.9906	6006.0000	0.0090	1.0029	0.0000	170.9720	16.6900	230.6420	0.2266	28.8300	45.3367	NOT CONNECTED	0.0000	450.0000	0.0000	5826.0390	0.0105	-0.0000	0.0531	0.0531	-1.4049	0.0247	-1.5085	0.0160	-11.0111	129.9754	314.5390	20.1982	37.4014	1.4428	0.9994	55.6373
107.5954	5674.0000	0.0070	1.0045	0.0000	164.7250	16.0500	230.6730	0.2227	28.2900	45.3319	NOT CONNECTED	0.0000	450.0000	0.0000	5574.1274	-0.0020	-0.0000	0.0529	0.0531	-1.3926	-0.0406	-1.5164	-0.0530	-9.3285	133.0566	314.3524	20.2388	37.3963	1.3351	0.9992	55.6192
107.6726	5674.0000	0.0070	1.0045	0.0000	164.7250	16.0500	230.6730	0.2227	28.2900	45.3319	NOT CONNECTED	0.0000	450.0000	0.0000	5574.1274	-0.0020	-0.0000	0.0529	0.0531	-1.3926	-0.0406	-1.5164	-0.0530	-9.3285	133.0566	314.3524	20.2388	37.3963	1.3351	0.9992	55.6192
108.2006	5365.0000	0.0080	1.0040	0.0000	153.1250	17.3200	230.7340	0.2322	29.6400	45.3769	NOT CONNECTED	0.0000	450.0000	0.0000	5311.5998	-0.0083	-0.0000	0.0530	0.0531	-1.2601	-0.0340	-1.3363	0.0217	-7.1597	112.5570	314.4335	20.1147	37.3934	1.5976	1.0011	55.6192
108.4359	5365.0000	0.0080	1.0040	0.0000	153.1250	17.3200	230.7340	0.2322	29.6400	45.3769	NOT CONNECTED	0.0000	450.0000	0.0000	5311.5998	-0.0083	-0.0000	0.0530	0.0531	-1.2601	-0.0340	-1.3363	0.0217	-7.1597	112.5570	314.4335	20.1147	37.3934	1.5976	1.0011	55.6192
108.7908	5365.0000	0.0080	1.0040	0.0000	153.1250	17.3200	230.7340	0.2322	29.6400	45.3769	NOT CONNECTED	0.0000	450.0000	0.0000	5081.1846	0.0093	-0.0000	0.0532	0.0531	-1.5139	0.0199	-1.5611	-0.0309	-8.8807	113.8763	314.3943	20.1019	37.3925	1.2585	1.0028	55.5970
109.1796	5064.0000	0.0050	1.0042	0.0000	147.4600	17.0300	230.7650	0.2302	29.3700	45.4065	NOT CONNECTED	0.0000	450.0000	0.0000	4844.2083	0.0012	-0.0000	0.0530	0.0531	-1.5261	-0.0096	-1.2630	-0.0159	-11.8963	112.9061	314.4390	19.8649	37.3944	1.3540	1.0182	55.5970
109.3964	5064.0000	0.0050	1.0042	0.0000	147.4600	17.0300	230.7650	0.2302	29.3700	45.4065	NOT CONNECTED	0.0000	450.0000	0.0000	4844.2083	0.0012	-0.0000	0.0530	0.0531	-1.5261	-0.0096	-1.2630	-0.0159	-11.8963	112.9061	314.4390	19.8649	37.3944	1.3540	1.0182	55.5970
109.9309	4775.0000	0.0040	1.0046	0.0000	136.3390	17.1900	230.8190	0.2320	29.7000	45.4016	NOT CONNECTED	0.0000	450.0000	0.0000	4623.1669	0.0028	-0.0000	0.0532	0.0531	-1.4767	0.0055	-1.4971	-0.0120	-8.9949	105.6079	314.5540	20.3146	37.3977	1.2760	1.0059	55.6590
110.0020	4775.0000	0.0040	1.0046	0.0000	136.3390	17.1900	230.8190	0.2320	29.7000	45.4016	NOT CONNECTED	0.0000	450.0000	0.0000	4623.1669	0.0028	-0.0000	0.0532	0.0531	-1.4767	0.0055	-1.4971	-0.0120	-8.9949	105.6079	314.5540	20.3146	37.3977	1.2760	1.0059	55.6590
110.6072	4488.0000	0.0030	1.0058	0.0000	130.8780	17.1200	230.8460	0.2314	29.5600	45.4326	NOT CONNECTED	0.0000	450.0000	0.0000	4394.8962	-0.0025	-0.0000	0.0533	0.0531	-1.2849	0.0094	-1.2316	-0.0105	-9.0828	98.6622	314.5823	20.2503	37.4007	1.1882	1.0078	55.7206
110.6651	4488.0000	0.0030	1.0058	0.0000	130.8780	17.1200	230.8460	0.2314	29.5600	45.4326	NOT CONNECTED	0.0000	450.0000	0.0000	4394.8962	-0.0025	-0.0000	0.0533	0.0531	-1.2849	0.0094	-1.2316	-0.0105	-9.0828	98.6622	314.5823	20.2503	37.4007	1.1882	1.0078	55.7206
111.2125	4218.0000	0.0030	1.0112	0.0000	120.4780	16.8300	230.8860	0.2290	29.2800	45.4337	NOT CONNECTED	0.0000	450.0000	0.0000	4157.5786	-0.0065	-0.0000	0.0531	0.0531	-1.3405	-0.0343	-1.6315	-0.0120	-9.2055	95.4519	314.6284	20.3071	37.4052	1.5530	1.0112	55.7206
111.4344	4218.0000	0.0030	1.0112	0.0000	120.4780	16.8300	230.8860	0.2290	29.2800	45.4337	NOT CONNECTED	0.0000	450.0000	0.0000	4157.5786	-0.0065	-0.0000	0.0531	0.0531	-1.3405	-0.0343	-1.6315	-0.0120	-9.2055	95.4519	314.6284	20.3071	37.4052	1.5530	1.0112	55.7206
111.8186	3941.0000	0.0030	1.0064	0.0000	115.3580	16.6900	230.9010	0.2276	29.1100	45.4912	NOT CONNECTED	0.0000	450.0000	0.0000	3932.7875	-0.0105	-0.0000	0.0531	0.0531	-1.2719	-0.0504	-1.2502	0.0038	-8.8865	86.3636	314.6608	20.3839	37.4103	1.3726	1.0093	55.7795
112.1782	3941.0000	0.0030	1.0064	0.0000	115.3580	16.6900	230.9010	0.2276	29.1100	45.4912	NOT CONNECTED	0.0000	450.0000	0.0000	3733.1006	0.0018	-0.0000	0.0530	0.0531	-1.5585	0.0017	-1.2541	0.0241	-8.6725	77.8445	314.6067	19.5123	37.4168	1.3767	1.0160	55.7795
112.4234	3941.0000	0.0030	1.0064	0.0000	115.3580	16.6900	230.9010	0.2276	29.1100	45.4912	NOT CONNECTED	0.0000	450.0000	0.0000	3733.1006	0.0018	-0.0000	0.0530	0.0531	-1.5585	0.0017	-1.2541	0.0241	-8.6725	77.8445	314.6067	19.5123	37.4168	1.3767	1.0160	55.7795
112.9261	3680.0000	0.0030	1.0070	0.0000	105.4340	16.5900	230.9220	0.2271	29.0200	45.4990	NOT CONNECTED	0.0000	450.0000	0.0000	3530.0874	0.0062	-0.0000	0.0530	0.0531	-1.5288	0.0214	-1.5498	0.0059	-9.3186	79.0821	314.6960	19.7736	37.4237	1.4659	1.0119	55.8366
113.0291	3680.0000	0.0030	1.0070	0.0000	105.4340	16.5900	230.9220	0.2271	29.0200	45.4990	NOT CONNECTED	0.0000	450.0000	0.0000	3530.0874	0.0062	-0.0000	0.0530	0.0531	-1.5288	0.0214	-1.5498	0.0059	-9.3186	79.0821	314.6960	19.7736	37.4237	1.4659	1.0119	55.8366
113.6341	3423.0000	0.0020	1.0075	0.0000	100.5220	16.6500	230.9250	0.2271	29.0800	45.5175	NOT CONNECTED	0.0000	450.0000	0.0000	3304.6482	-0.0143	-0.0000	0.0531	0.0531	-1.2803	-0.0365	-1.4371	0.0160	-8.5540	70.5749	314.7123	19.8028	37.4303	1.6084	1.0128	55.8934
113.6685	3423.0000	0.0020	1.0075	0.0000	100.5220	16.6500	230.9250	0.2271	29.0800	45.5175	NOT CONNECTED	0.0000	450.0000	0.0000	3304.6482	-0.0143	-0.0000	0.0531	0.0531	-1.2803	-0.0365	-1.4371	0.0160	-8.5540	70.5749	314.7123	19.8028	37.4303	1.6084	1.0128	55.8934
114.2396	3169.0000	0.0030	1.0077	0.0000	91.0540	16.5400	230.9270	0.2255	28.8500	45.5520	NOT CONNECTED	0.0000	450.0000	0.0000	3109.1053	-0.0005	-0.0000	0.0530	0.0531	-1.5422	-0.0100	-1.2761	-0.0051	-8.5283	70.7833	314.6541	19.6029	37.4371	1.3852	1.0133	55.8934
114.4315	3169.0000	0.0030	1.0077	0.0000	91.0540	16.5400	230.9270	0.2255	28.8500	45.5520	NOT CONNECTED	0.0000	450.0000	0.0000	3109.1053	-0.0005	-0.0000	0.0530	0.0531	-1.5422	-0.0100	-1.2761	-0.0051	-8.5283	70.7833	314.6541	19.6029	37.4371	1.3852	1.0133	55.8934
114.8461	2917.0000	0.0030	1.0075	0.0000	86.4580	16.4500	230.9240	0.2242	28.7200	45.5610	NOT CONNECTED	0.0000	450.0000	0.0000	2913.4185	0.0031	-0.0000	0.0531	0.0531	-1.5401	-0.0089	-1.6000	-0.0238	-9.6054	70.4074	314.7217	20.0767	37.4448	1.5286	1.0141	55.9483
115.1715	2917.0000	0.0030	1.0075	0.0000	86.4580	16.4500	230.9240	0.2242	28.7200	45.5610	NOT CONNECTED	0.0000	450.0000	0.0000	2708.5402	-0.0067	-0.0000	0.0531	0.0531	-1.3917	-0.0442	-1.5290	-0.0047	-8.4195	59.8754	314.6431	20.2754	37.4529	1.5822	1.0204	55.9483
115.4511	2917.0000	0.0030	1.0075	0.0000	86.4580	16.4500	230.9240	0.2242	28.7200	45.5610	NOT CONNECTED	0.0000	450.0000	0.0000	2708.5402	-0.0067	-0.0000	0.0531	0.0531	-1.3917	-0.0442	-1.5290	-0.0047	-8.4195	59.8754	314.6431	20.2754	37.4529	1.5822	1.0204	55.9483
115.9248	2680.0000	0.0040	1.0069	0.0000	77.3260	16.3900	230.9090	0.2232	28.5200	45.5924	NOT CONNECTED	0.0000	450.0000	0.0000	2514.9268	-0.0075	-0.0000	0.0530	0.0531	-1.3007	-0.0370	-1.2773	0.0199	-9.3930	53.3787	314.6757	19.5883	37.4610	1.4243	1.0159	56.0022
116.0577	2680.0000	0.0040	1.0069	0.0000	77.3260	16.3900	230.9090	0.2232	28.5200	45.5924	NOT CONNECTED	0.0000	450.0000	0.0000	2514.9268	-0.0075	-0.0000	0.0530	0.0531	-1.3007	-0.0370	-1.2773	0.0199	-9.3930	53.3787	314.6757	19.5883	37.4610	1.4243	1.0159	56.0022
116.6623	2274.0000	0.0020	1.0085	0.0000	68.4120	16.3500	230.8810	0.2223	28.4200	45.6313	NOT CONNECTED	0.0000	450.0000	0.0000	2326.4198	-0.0035	-0.0000	0.0532	0.0531	-1.5268	-0.0316	-1.5896	0.0214	-10.1561	48.4373	314.6812	19.9053	37.4691	1.5420	1.0169	56.0558
117.1787	2274.0000	0.0020	1.0085	0.0000	68.4120	16.3500	230.8810	0.2223	28.4200	45.6313	NOT CONNECTED	0.0000	450.0000	0.0000	2123.5611	-0.0009	-0.0000	0.0531	0.0531	-1.3638	0.0080	-1.4970	0.0204	-10.3746	45.2448	314.6364	20.2857	37.4771	1.5775	1.0164	56.0558
117.2524	2274.0000	0.0020	1.0085	0.0000	68.4120	16.3500	230.8810	0.2223	28.4200	45.6313	NOT CONNECTED	0.0000	450.0000	0.0000	2123.5611	-0.0009	-0.0000	0.0531	0.0531	-1.3638	0.0080	-1.4970	0.0204	-10.3746	45.2448	314.6364	20.2857	37.4771	1.5775	1.0164	56.0558
117.8577	2012.0000	0.0230	1.0110	0.0000	59.8720	13.8300	230.8430	0.2062	26.1300	45.6753	NOT CONNECTED	0.0000	450.0000	0.0000	1844.8471	-0.0906	-0.1095	0.0534	0.0533	-1.5671	-0.2810	-1.5921	-0.1746	-9.9988	36.3626	316.4425	11.2570	37.4855	1.6129	1.0236	56.1084
117.9256	2012.0000	0.0230	1.0110	0.0000	59.8720	13.8300	230.8430	0.2062	26.1300	45.6753	NOT CONNECTED	0.0000	450.0000	0.0000	1844.8471	-0.0906	-0.1095	0.0534	0.0533	-1.5671	-0.2810	-1.5921	-0.1746	-9.9988	36.3626	316.4425	11.2570	37.4855	1.6129	1.0236	56.1084
118.4638	1553.0000	0.0660	1.0126	0.0000	53.2160	5.9300	230.8280	0.1464	17.7300	45.7087	NOT CONNECTED	0.0000	450.0000	0.0000	1453.9570	-0.1398	-0.0000	0.0530	0.0534	-1.4166	-0.4420	-1.4130	-0.1965	-8.7219	25.0933	317.1770	5.9858	37.4950	1.2849	1.0209	56.1084
118.6687	1553.0000	0.0660	1.0126	0.0000	53.2160	5.9300	230.8280	0.1464	17.7300	45.7087	NOT CONNECTED	0.0000	450.0000	0.0000	1453.9570	-0.1398	-0.0000	0.0530	0.0534	-1.4166	-0.4420	-1.4130	-0.1965	-8.7219	25.0933	317.1770	5.9858	37.4950	1.2849	1.0209	56.1084
119.0686	788.0000	0.1590	0.9976	0.0000	28.4000	0.0700	230.7820	0.0976	11.0600	45.7572	NOT CONNECTED	0.0000	450.0000	0.0000	769.3288	-0.1566	-0.1821	0.0536	0.0535	-1.1744	-0.4960	-1.3078	-0.3279	-8.4975	11.1241	317.8698	4.0619	37.5021	1.3758	1.0044	56.1603
119.4319	788.0000	0.1590	0.9976	0.0000	28.4000	0.0700	230.7820	0.0976	11.0600	45.7572	NOT CONNECTED	0.0000	450.0000	0.0000	0.0000	0.0000	0.0000	0.0931	0.0531	-1.0666	-0.1515	-1.0733	-0.0922	-7.3933	3.2046	321.0105	0.0000	37.4952	1.0773	0.6132	56.2035
119.6745	788.0000	0.1590	0.9976	0.0000	28.4000	0.0700	230.7820	0.0976	11.0600	45.7572	NOT CONNECTED	0.0000	450.0000	0.0000	0.0000	0.0000	0.0000	0.0931	0.0531	-1.0666	-0.1515	-1.0733	-0.0922	-7.3933	3.2046	321.0105	0.0000	37.4952	1.0773	0.6132	56.2035
120.1824	11.0000	-0.0270	0.9045	0.0000	10.6370	5.5700	230.7520	0.1270	15.1400	45.7756	NOT CONNECTED	0.0000	450.0000	0.0000	0.0000	0.0000	0.0000	0.0931	0.0531	-1.0666	-0.1515	-1.0733	-0.0922	-7.3933	3.2046	321.1552	0.0000	37.3829	1.0773	0.0056	56.2035
120.2644	11.0000	-0.0270	0.9045	0.0000	10.6370	5.5700	230.7520	0.1270	15.1400	45.7756	NOT CONNECTED	0.0000	450.0000	0.0000	0.0000	0.0000	0.0000	0.0931	0.0531	-1.0666	-0.1515	-1.0733	-0.0922	-7.3933	3.2046	321.1552	0.0000	37.3829	1.0773	0.0056	56.2035
120.8699	0.0000	-0.0000	0.0107	0.0000	0.3040	-0.0400	230.7050	0.0000	1.4600	45.8672	NOT CONNECTED	0.0000	450.0000	0.0000	0.0000	0.0000	0.0000	0.0931	0.0531	-1.0666	-0.1515	-1.0733	-0.0922	-7.3933	3.2046	321.1038	0.0000	37.2716	1.0773	0.0059	56.1903
120.9257	0.0000	-0.0000	0.0107	0.0000	0.3040	-0.0400	230.7050	0.0000	1.4600	45.8672	NOT CONNECTED	0.0000	450.0000	0.0000	0.0000	0.0000	0.0000	0.0931	0.0531	-1.0666	-0.1515	-1.0733	-0.0922	-7.3933	3.2046	321.1038	0.0000	37.2716	1.0773	0.0059	56.1903
121.4758	0.0000	-0.0000	0.0107	0.0000	0.3040	-0.0400	230.6760	0.0000	1.4400	45.9024	NOT CONNECTED	0.0000	450.0000	0.0000	0.0000	0.0000	0.0000	0.0931	0.0531	-1.0666	-0.1515	-1.0733	-0.0922	0.0000	0.0000	321.1038	0.0000	37.1631	1.0773	0.0054	56.1903
121.6757	0.0000	-0.0000	0.0107	0.0000	0.3040	-0.0400	230.6760	0.0000	1.4400	45.9024	NOT CONNECTED	0.0000	450.0000	0.0000	0.0000	0.0000	0.0000	0.0931	0.0531	-1.0666	-0.1515	-1.0733	-0.0922	0.0000	0.0000	321.1038	0.0000	37.1631	1.0773	0.0054	56.1903
122.0810	0.0000	-0.0000	0.0107	0.0000	0.3040	-0.0400	230.6220	0.0000	1.3300	45.9385	NOT CONNECTED	0.0000	450.0000	0.0000	0.0000	0.0000	0.0000	0.0931	0.0531	-1.0666	-0.1515	-1.0733	-0.0922	0.0000	0.0000	321.0605	0.0000	37.0699	1.0773	0.0053	56.1773
122.4161	0.0000	-0.0000	0.0107	0.0000	0.3040	-0.0400	230.6220	0.0000	1.3300	45.9385	NOT CONNECTED	0.0000	450.0000	0.0000	0.0000	0.0000	0.0000	0.0931	0.0531	-1.0666	-0.1515	-1.0733	-0.0922	0.0000	0.0000	321.0226	0.0000	36.9862	1.0773	0.0054	56.1643
122.6863	NOT CONNECTED	NOT CONNECTED	NOT CONNECTED	NOT CONNECTED	NOT CONNECTED	NOT CONNECTED	NOT CONNECTED	NOT CONNECTED	NOT CONNECTED	NOT CONNECTED	NOT CONNECTED	0.0000	450.0000	0.0000	0.0000	0.0000	0.0000	0.0931	0.0531	-1.0666	-0.1515	-1.0733	-0.0922	0.0000	0.0000	321.0226	0.0000	36.9862	1.0773	0.0054	56.1643
