Time	speed	torque	motor_current	motor_current_thd	motor_voltage	motor_power	line_voltage	line_current	line_power	motor_temperature	Test_Marker	BD_Target_Speed	BD_Target_Accel	BD_Update_Cmd	Mcl_Quantities.Speed_Rot_Mech	Mcl_Quantities.Torque	Mcl_Quantities.Torque_Ref	Mcl_Quantities.Stator_Flux_Mag	Mcl_Quantities.Flux_Ref	Mcl_Quantities.Id_stator_current	Mcl_Quantities.Iq_stator_current	Mcl_Quantities.Id_rotor_current	Rotor_Curr_Iq	Flux_Controller.Out	Torque_Controller.Out	DC_Bus_RMS	Mcl_Quantities.Electrical_Power	Mcl_Quantities.Stator_Temperature	Mcl_Quantities.Is_Abs	Mcl_Quantities.IsRMS	SR_Overheating_Temp
0.7464	0.0000	-0.0130	0.0148	0.0000	0.7500	-0.0400	230.6630	0.0325	1.9400	63.5412	NOT CONNECTED	NOT CONNECTED	NOT CONNECTED	NOT CONNECTED	NOT CONNECTED	NOT CONNECTED	NOT CONNECTED	NOT CONNECTED	NOT CONNECTED	NOT CONNECTED	NOT CONNECTED	NOT CONNECTED	NOT CONNECTED	NOT CONNECTED	NOT CONNECTED	NOT CONNECTED	NOT CONNECTED	NOT CONNECTED	NOT CONNECTED	NOT CONNECTED	NOT CONNECTED
1.4880	0.0000	-0.0150	0.0148	0.0000	0.7500	-0.0400	230.6520	0.0325	1.9600	63.5069	NOT CONNECTED	NOT CONNECTED	NOT CONNECTED	NOT CONNECTED	NOT CONNECTED	NOT CONNECTED	NOT CONNECTED	NOT CONNECTED	NOT CONNECTED	NOT CONNECTED	NOT CONNECTED	NOT CONNECTED	NOT CONNECTED	NOT CONNECTED	NOT CONNECTED	NOT CONNECTED	NOT CONNECTED	NOT CONNECTED	NOT CONNECTED	NOT CONNECTED	NOT CONNECTED
1.6061	0.0000	-0.0150	0.0148	0.0000	0.7500	-0.0400	230.6520	0.0325	1.9600	63.5069	NOT CONNECTED	0.0000	500.0000	0.0000	0.0000	0.0000	0.0000	0.0672	0.0354	-1.8715	0.2953	-1.8904	0.1268	0.0000	0.0000	321.5718	0.0000	73.8349	1.8947	0.0051	69.7086
2.2118	0.0000	-0.0140	0.0148	0.0000	0.7500	-0.0400	230.6280	0.0325	1.9500	63.4652	NOT CONNECTED	0.0000	500.0000	0.0000	0.0000	0.0000	0.0000	0.0672	0.0354	-1.8715	0.2953	-1.8904	0.1268	0.0000	0.0000	321.5447	0.0000	73.7326	1.8947	0.0051	69.6629
2.2751	0.0000	-0.0140	0.0148	0.0000	0.7500	-0.0400	230.6280	0.0325	1.9500	63.4652	NOT CONNECTED	0.0000	500.0000	0.0000	0.0000	0.0000	0.0000	0.0672	0.0354	-1.8715	0.2953	-1.8904	0.1268	0.0000	0.0000	321.5447	0.0000	73.7326	1.8947	0.0051	69.6629
2.8174	0.0000	-0.0150	0.0148	0.0000	0.7490	-0.0400	230.6150	0.0325	1.9600	63.4277	NOT CONNECTED	0.0000	500.0000	0.0000	0.0000	0.0000	0.0000	0.0672	0.0354	-1.8715	0.2953	-1.8904	0.1268	0.0000	0.0000	321.4893	0.0000	73.6336	1.8947	0.0052	69.6629
3.0071	0.0000	-0.0150	0.0148	0.0000	0.7490	-0.0400	230.6150	0.0325	1.9600	63.4277	NOT CONNECTED	0.0000	500.0000	0.0000	0.0000	0.0000	0.0000	0.0672	0.0354	-1.8715	0.2953	-1.8904	0.1268	0.0000	0.0000	321.4893	0.0000	73.6336	1.8947	0.0052	69.6629
3.4229	0.0000	-0.0140	0.0148	0.0000	0.7500	-0.0400	230.5900	0.0325	1.9500	63.3445	NOT CONNECTED	0.0000	500.0000	0.0000	0.0000	0.0000	0.0000	0.0672	0.0354	-1.8715	0.2953	-1.8904	0.1268	0.0000	0.0000	321.4907	0.0000	73.5380	1.8947	0.0051	69.6173
3.7501	0.0000	-0.0140	0.0148	0.0000	0.7500	-0.0400	230.5900	0.0325	1.9500	63.3445	NOT CONNECTED	0.0000	500.0000	0.0000	0.0000	0.0000	0.0000	0.0672	0.0354	-1.8715	0.2953	-1.8904	0.1268	0.0000	0.0000	321.4947	0.0000	73.4456	1.8947	0.0050	69.5719
4.0124	0.0000	-0.0140	0.0148	0.0000	0.7500	-0.0400	230.5900	0.0325	1.9500	63.3445	NOT CONNECTED	0.0000	500.0000	0.0000	0.0000	0.0000	0.0000	0.0672	0.0354	-1.8715	0.2953	-1.8904	0.1268	0.0000	0.0000	321.4947	0.0000	73.4456	1.8947	0.0050	69.5719
4.5017	0.0000	-0.0140	0.0148	0.0000	0.7490	-0.0400	230.5780	0.0324	1.9500	63.3024	NOT CONNECTED	0.0000	500.0000	0.0000	0.0000	0.0000	0.0000	0.0672	0.0354	-1.8715	0.2953	-1.8904	0.1268	0.0000	0.0000	321.4772	0.0000	73.3562	1.8947	0.0052	69.5719
4.6174	0.0000	-0.0140	0.0148	0.0000	0.7490	-0.0400	230.5780	0.0324	1.9500	63.3024	NOT CONNECTED	0.0000	500.0000	0.0000	0.0000	0.0000	0.0000	0.0672	0.0354	-1.8715	0.2953	-1.8904	0.1268	0.0000	0.0000	321.4772	0.0000	73.3562	1.8947	0.0052	69.5719
5.2240	0.0000	-0.0140	0.0149	0.0000	0.7500	-0.0400	230.5570	0.0325	1.9700	63.2291	NOT CONNECTED	0.0000	500.0000	0.0000	0.0000	0.0000	0.0000	0.0672	0.0354	-1.8715	0.2953	-1.8904	0.1268	0.0000	0.0000	321.4149	0.0000	73.2698	1.8947	0.0047	69.5265
5.2576	0.0000	-0.0140	0.0149	0.0000	0.7500	-0.0400	230.5570	0.0325	1.9700	63.2291	NOT CONNECTED	0.0000	500.0000	0.0000	0.0000	0.0000	0.0000	0.0672	0.0354	-1.8715	0.2953	-1.8904	0.1268	0.0000	0.0000	321.4149	0.0000	73.2698	1.8947	0.0047	69.5265
5.8296	0.0000	-0.0140	0.0148	0.0000	0.7500	-0.0400	230.5480	0.0326	1.9800	63.1754	NOT CONNECTED	0.0000	500.0000	0.0000	0.0000	0.0000	0.0000	0.0672	0.0354	-1.8715	0.2953	-1.8904	0.1268	0.0000	0.0000	321.3676	0.0000	73.1862	1.8947	0.0048	69.5265
6.0030	0.0000	-0.0140	0.0148	0.0000	0.7500	-0.0400	230.5480	0.0326	1.9800	63.1754	NOT CONNECTED	0.0000	500.0000	0.0000	0.0000	0.0000	0.0000	0.0672	0.0354	-1.8715	0.2953	-1.8904	0.1268	0.0000	0.0000	321.3676	0.0000	73.1862	1.8947	0.0048	69.5265
6.4351	0.0000	-0.0140	0.0148	0.0000	0.7500	-0.0400	230.5310	0.0325	1.9700	63.1146	NOT CONNECTED	0.0000	500.0000	0.0000	0.0000	0.0000	0.0000	0.0672	0.0354	-1.8715	0.2953	-1.8904	0.1268	0.0000	0.0000	321.3771	0.0000	73.1020	1.8947	0.0051	69.4813
6.7475	0.0000	-0.0140	0.0148	0.0000	0.7500	-0.0400	230.5310	0.0325	1.9700	63.1146	NOT CONNECTED	0.0000	500.0000	0.0000	0.0000	0.0000	0.0000	0.0672	0.0354	-1.8715	0.2953	-1.8904	0.1268	0.0000	0.0000	321.4136	0.0000	73.0239	1.8947	0.0049	69.4362
7.0400	0.0000	-0.0140	0.0148	0.0000	0.7500	-0.0400	230.5310	0.0325	1.9700	63.1146	NOT CONNECTED	0.0000	500.0000	0.0000	0.0000	0.0000	0.0000	0.0672	0.0354	-1.8715	0.2953	-1.8904	0.1268	0.0000	0.0000	321.4136	0.0000	73.0239	1.8947	0.0049	69.4362
7.4922	0.0000	-0.0140	0.0149	0.0000	0.7500	-0.0400	230.5240	0.0325	1.9700	63.0521	NOT CONNECTED	0.0000	500.0000	0.0000	0.0000	0.0000	0.0000	0.0672	0.0354	-1.8715	0.2953	-1.8904	0.1268	0.0000	0.0000	321.3514	0.0000	72.9452	1.8947	0.0049	69.4362
7.6618	0.0000	-0.0140	0.0149	0.0000	0.7500	-0.0400	230.5240	0.0325	1.9700	63.0521	NOT CONNECTED	0.0000	500.0000	0.0000	0.0000	0.0000	0.0000	0.0672	0.0354	-1.8715	0.2953	-1.8904	0.1268	0.0000	0.0000	321.3514	0.0000	72.9452	1.8947	0.0049	69.4362
8.2841	0.0000	-0.0140	0.0149	0.0000	0.7500	-0.0400	230.5240	0.0325	1.9700	63.0521	NOT CONNECTED	0.0000	500.0000	0.0000	0.0000	0.0000	0.0000	0.0672	0.0354	-1.8715	0.2953	-1.8904	0.1268	0.0000	0.0000	321.3351	0.0000	72.8692	1.8947	0.0050	69.3912
8.8741	0.0000	-0.0140	0.0149	0.0000	0.7490	-0.0400	230.5080	0.0324	1.9700	62.8509	NOT CONNECTED	0.0000	500.0000	0.0000	0.0000	0.0000	0.0000	0.0672	0.0354	-1.8715	0.2953	-1.8904	0.1268	0.0000	0.0000	321.3054	0.0000	72.7986	1.8947	0.0049	69.3912
9.4799	0.0000	-0.0140	0.0149	0.0000	0.7490	-0.0400	230.5080	0.0324	1.9700	62.8509	NOT CONNECTED	0.0000	500.0000	0.0000	0.0000	0.0000	0.0000	0.0672	0.0354	-1.8715	0.2953	-1.8904	0.1268	0.0000	0.0000	321.3189	0.0000	72.7331	1.8947	0.0049	69.3464
9.7513	0.0000	-0.0140	0.0149	0.0000	0.7490	-0.0400	230.5080	0.0324	1.9700	62.8509	NOT CONNECTED	0.0000	500.0000	0.0000	0.0000	0.0000	0.0000	0.0672	0.0354	-1.8715	0.2953	-1.8904	0.1268	0.0000	0.0000	321.3189	0.0000	72.7331	1.8947	0.0049	69.3464
10.0854	0.0000	-0.0140	0.0149	0.0000	0.7490	-0.0400	230.5080	0.0324	1.9700	62.8509	NOT CONNECTED	0.0000	500.0000	0.0000	0.0000	0.0000	0.0000	0.0672	0.0354	-1.8715	0.2953	-1.8904	0.1268	0.0000	0.0000	321.3636	0.0000	72.6642	1.8947	0.0051	69.3016
10.4991	0.0000	-0.0140	0.0148	0.0000	0.7500	-0.0400	230.5090	0.0323	1.9800	62.7949	NOT CONNECTED	0.0000	500.0000	0.0000	0.0000	0.0000	0.0000	0.0672	0.0354	-1.8715	0.2953	-1.8904	0.1268	0.0000	0.0000	321.3230	0.0000	72.6001	1.8947	0.0050	69.3016
10.6909	0.0000	-0.0140	0.0148	0.0000	0.7500	-0.0400	230.5090	0.0323	1.9800	62.7949	NOT CONNECTED	0.0000	500.0000	0.0000	0.0000	0.0000	0.0000	0.0672	0.0354	-1.8715	0.2953	-1.8904	0.1268	0.0000	0.0000	321.3230	0.0000	72.6001	1.8947	0.0050	69.3016
11.2562	0.0000	-0.0140	0.0148	0.0000	0.7500	-0.0400	230.5130	0.0323	1.9700	62.7012	NOT CONNECTED	0.0000	500.0000	0.0000	0.0000	0.0000	0.0000	0.0672	0.0354	-1.8715	0.2953	-1.8904	0.1268	0.0000	0.0000	321.3662	0.0000	72.5356	1.8947	0.0050	69.2570
11.3127	0.0000	-0.0140	0.0148	0.0000	0.7500	-0.0400	230.5130	0.0323	1.9700	62.7012	NOT CONNECTED	0.0000	500.0000	0.0000	0.0000	0.0000	0.0000	0.0672	0.0354	-1.8715	0.2953	-1.8904	0.1268	0.0000	0.0000	321.3662	0.0000	72.5356	1.8947	0.0050	69.2570
11.9181	0.0000	-0.0140	0.0148	0.0000	0.7500	-0.0400	230.5170	0.0321	1.9600	62.6419	NOT CONNECTED	0.0000	500.0000	0.0000	0.0000	0.0000	0.0000	0.0672	0.0354	-1.8715	0.2953	-1.8904	0.1268	0.0000	0.0000	321.3500	0.0000	72.4756	1.8947	0.0050	69.2570
11.9926	0.0000	-0.0140	0.0148	0.0000	0.7500	-0.0400	230.5170	0.0321	1.9600	62.6419	NOT CONNECTED	0.0000	500.0000	0.0000	0.0000	0.0000	0.0000	0.0672	0.0354	-1.8715	0.2953	-1.8904	0.1268	0.0000	0.0000	321.3500	0.0000	72.4756	1.8947	0.0050	69.2570
12.5228	0.0000	-0.0140	0.0148	0.0000	0.7500	-0.0400	230.5290	0.0320	1.9700	62.5973	NOT CONNECTED	0.0000	500.0000	0.0000	0.0000	0.0000	0.0000	0.0672	0.0354	-1.8715	0.2953	-1.8904	0.1268	0.0000	0.0000	321.3324	0.0000	72.4175	1.8947	0.0052	69.2125
12.7507	0.0000	-0.0140	0.0148	0.0000	0.7500	-0.0400	230.5290	0.0320	1.9700	62.5973	NOT CONNECTED	0.0000	500.0000	0.0000	0.0000	0.0000	0.0000	0.0672	0.0354	-1.8715	0.2953	-1.8904	0.1268	0.0000	0.0000	321.3324	0.0000	72.4175	1.8947	0.0052	69.2125
13.1287	0.0000	-0.0140	0.0148	0.0000	0.7500	-0.0400	230.5290	0.0320	1.9700	62.5973	NOT CONNECTED	0.0000	500.0000	0.0000	0.0000	0.0000	0.0000	0.0672	0.0354	-1.8715	0.2953	-1.8904	0.1268	0.0000	0.0000	321.3676	0.0000	72.3589	1.8947	0.0050	69.1681
13.7201	0.0000	-0.0140	0.0148	0.0000	0.7490	-0.0400	230.5390	0.0320	1.9600	62.4962	NOT CONNECTED	0.0000	500.0000	0.0000	0.0000	0.0000	0.0000	0.0672	0.0354	-1.8715	0.2953	-1.8904	0.1268	0.0000	0.0000	321.3933	0.0000	72.3045	1.8947	0.0049	69.1681
13.7353	0.0000	-0.0140	0.0148	0.0000	0.7490	-0.0400	230.5390	0.0320	1.9600	62.4962	NOT CONNECTED	0.0000	500.0000	0.0000	0.0000	0.0000	0.0000	0.0672	0.0354	-1.8715	0.2953	-1.8904	0.1268	0.0000	0.0000	321.3933	0.0000	72.3045	1.8947	0.0049	69.1681
14.3398	0.0000	-0.0140	0.0148	0.0000	0.7500	-0.0400	230.5650	0.0319	1.9500	62.4464	NOT CONNECTED	0.0000	500.0000	0.0000	0.0000	0.0000	0.0000	0.0672	0.0354	-1.8715	0.2953	-1.8904	0.1268	0.0000	0.0000	321.4285	0.0000	72.2517	1.8947	0.0049	69.1239
14.4623	0.0000	-0.0140	0.0148	0.0000	0.7500	-0.0400	230.5650	0.0319	1.9500	62.4464	NOT CONNECTED	0.0000	500.0000	0.0000	0.0000	0.0000	0.0000	0.0672	0.0354	-1.8715	0.2953	-1.8904	0.1268	0.0000	0.0000	321.4285	0.0000	72.2517	1.8947	0.0049	69.1239
14.9460	0.0000	-0.0140	0.0148	0.0000	0.7490	-0.0400	230.5790	0.0319	1.9600	62.3742	NOT CONNECTED	0.0000	500.0000	0.0000	0.0000	0.0000	0.0000	0.0672	0.0354	-1.8715	0.2953	-1.8904	0.1268	0.0000	0.0000	321.4798	0.0000	72.2006	1.8947	0.0050	69.1239
15.2073	0.0000	-0.0140	0.0148	0.0000	0.7490	-0.0400	230.5790	0.0319	1.9600	62.3742	NOT CONNECTED	0.0000	500.0000	0.0000	0.0000	0.0000	0.0000	0.0672	0.0354	-1.8715	0.2953	-1.8904	0.1268	0.0000	0.0000	321.4798	0.0000	72.2006	1.8947	0.0050	69.1239
15.5670	0.0000	-0.0140	0.0148	0.0000	0.7490	-0.0400	230.5790	0.0319	1.9600	62.3742	NOT CONNECTED	4000.0000	500.0000	0.0000	0.0000	0.0000	0.0000	0.0672	0.0354	-1.8715	0.2953	-1.8904	0.1268	0.0000	0.0000	321.4542	0.0000	72.1489	1.8947	0.0051	69.0797
15.9435	0.0000	-0.0140	0.0148	0.0000	0.7490	-0.0400	230.6100	0.0318	1.9600	62.3079	NOT CONNECTED	4000.0000	500.0000	0.0000	0.0000	0.0000	0.0000	0.0672	0.0354	-1.8715	0.2953	-1.8904	0.1268	0.0000	0.0000	321.4948	0.0000	72.1009	1.8947	0.0051	69.0357
16.1738	0.0000	-0.0140	0.0148	0.0000	0.7490	-0.0400	230.6100	0.0318	1.9600	62.3079	NOT CONNECTED	4000.0000	500.0000	0.0000	0.0000	0.0000	0.0000	0.0672	0.0354	-1.8715	0.2953	-1.8904	0.1268	0.0000	0.0000	321.4948	0.0000	72.1009	1.8947	0.0051	69.0357
16.6883	0.0000	-0.0140	0.0148	0.0000	0.7490	-0.0400	230.6270	0.0317	1.9500	62.2357	NOT CONNECTED	4000.0000	500.0000	0.0000	0.0000	0.0000	0.0000	0.0672	0.0354	-1.8715	0.2953	-1.8904	0.1268	0.0000	0.0000	321.5367	0.0000	72.0524	1.8947	0.0051	69.0357
16.7953	0.0000	-0.0140	0.0148	0.0000	0.7490	-0.0400	230.6270	0.0317	1.9500	62.2357	NOT CONNECTED	4000.0000	500.0000	0.0000	0.0000	0.0000	0.0000	0.0672	0.0354	-1.8715	0.2953	-1.8904	0.1268	0.0000	0.0000	321.5367	0.0000	72.0524	1.8947	0.0051	69.0357
17.3851	0.0000	-0.0140	0.0148	0.0000	0.7490	-0.0400	230.6640	0.0317	1.9600	62.1689	NOT CONNECTED	4000.0000	500.0000	0.0000	0.0000	0.0000	0.0000	0.0672	0.0354	-1.8715	0.2953	-1.8904	0.1268	0.0000	0.0000	321.5597	0.0000	72.0073	1.8947	0.0050	68.9918
17.4210	0.0000	-0.0140	0.0148	0.0000	0.7490	-0.0400	230.6640	0.0317	1.9600	62.1689	NOT CONNECTED	4000.0000	500.0000	0.0000	0.0000	0.0000	0.0000	0.0672	0.0354	-1.8715	0.2953	-1.8904	0.1268	0.0000	0.0000	321.5597	0.0000	72.0073	1.8947	0.0050	68.9918
17.9898	0.0000	-0.0140	0.0148	0.0000	0.7490	-0.0400	230.6640	0.0317	1.9600	62.1689	NOT CONNECTED	4000.0000	500.0000	0.0000	0.0000	0.0000	0.0000	0.0672	0.0354	-1.8715	0.2953	-1.8904	0.1268	0.0000	0.0000	321.6382	0.0000	71.9636	1.8947	0.0048	68.9480
18.5967	0.0000	-0.0140	0.0149	0.0000	0.7500	-0.0400	230.7430	0.0317	1.9800	61.9829	NOT CONNECTED	4000.0000	500.0000	0.0000	0.0000	0.0000	0.0000	0.0672	0.0354	-1.8715	0.2953	-1.8904	0.1268	0.0000	0.0000	321.5908	0.0000	71.9211	1.8947	0.0048	68.9480
19.2024	0.0000	-0.0140	0.0149	0.0000	0.7500	-0.0400	230.7430	0.0317	1.9800	61.9829	NOT CONNECTED	4000.0000	500.0000	0.0000	0.0000	0.0000	0.0000	0.0672	0.0354	-1.8715	0.2953	-1.8904	0.1268	0.0000	0.0000	321.6409	0.0000	71.8799	1.8947	0.0051	68.9043
19.6796	0.0000	-0.0140	0.0149	0.0000	0.7500	-0.0400	230.7430	0.0317	1.9800	61.9829	NOT CONNECTED	4000.0000	500.0000	0.0000	0.0000	-0.0019	0.0000	0.0672	0.0354	0.0000	-0.0046	-1.8904	0.0071	1.3300	0.0000	321.6449	-0.0002	71.8383	1.8947	0.0050	68.9043
19.8168	0.0000	-0.0140	0.0149	0.0000	0.7500	-0.0400	230.7430	0.0317	1.9800	61.9829	NOT CONNECTED	4000.0000	500.0000	0.0000	0.0000	-0.0019	0.0000	0.0672	0.0354	0.0000	-0.0046	-1.8904	0.0071	1.3300	0.0000	321.6449	-0.0002	71.8383	1.8947	0.0050	68.9043
20.4152	8.0000	0.0230	0.0159	0.0000	1.0640	-0.0400	230.7830	0.0525	2.6100	61.9309	NOT CONNECTED	4000.0000	500.0000	0.0000	0.4875	0.0294	0.0000	0.1186	0.0354	2.0426	0.0413	2.0581	0.0863	14.0350	0.0000	314.0748	43.0002	71.8244	2.0590	1.3270	68.8608
21.0258	0.0000	0.0000	1.3543	0.0000	13.1410	39.9600	230.7570	0.4858	54.2500	61.8767	NOT CONNECTED	4000.0000	500.0000	0.0000	0.0376	0.0245	0.0000	0.1324	0.0354	3.0221	0.0302	3.0173	0.0889	20.2649	0.0000	308.9055	91.8200	72.2318	3.0143	1.6327	68.8931
21.1584	0.0000	0.0000	1.3543	0.0000	13.1410	39.9600	230.7570	0.4858	54.2500	61.8767	NOT CONNECTED	4000.0000	500.0000	0.0000	0.0376	0.0245	0.0000	0.1324	0.0354	3.0221	0.0302	3.0173	0.0889	20.2649	0.0000	308.9055	91.8200	72.2318	3.0143	1.6327	68.8931
21.8997	0.0000	0.0000	2.0314	0.0000	19.6690	89.8000	230.7810	0.9175	113.3700	61.8839	NOT CONNECTED	4000.0000	500.0000	0.0000	101.2810	0.2035	0.1818	0.0809	0.0806	0.9566	0.4253	0.8725	0.4334	7.4561	7.3105	318.5511	12.2988	72.8062	0.9957	0.6760	69.2032
22.6458	8.0000	-0.0170	0.7026	0.0000	6.9930	10.9400	230.8720	0.2170	19.8500	61.9235	NOT CONNECTED	4000.0000	500.0000	0.0000	101.2810	0.2035	0.1818	0.0809	0.0806	0.9566	0.4253	0.8725	0.4334	7.4561	7.3105	318.5511	12.2988	72.8062	0.9957	0.6760	69.2032
22.7669	8.0000	-0.0170	0.7026	0.0000	6.9930	10.9400	230.8720	0.2170	19.8500	61.9235	NOT CONNECTED	4000.0000	500.0000	0.0000	101.2810	0.2035	0.1818	0.0809	0.0806	0.9566	0.4253	0.8725	0.4334	7.4561	7.3105	318.5511	12.2988	72.8062	0.9957	0.6760	69.2032
23.3722	338.0000	-0.1020	0.7027	0.0000	11.3320	11.3800	230.8560	0.2101	20.0200	61.9592	NOT CONNECTED	4000.0000	500.0000	0.0000	420.5883	0.1375	0.1536	0.0710	0.0709	0.2138	0.3238	0.1768	0.3481	1.3865	15.4782	319.4330	6.8732	72.7879	0.3989	0.4735	69.2731
23.3808	338.0000	-0.1020	0.7027	0.0000	11.3320	11.3800	230.8560	0.2101	20.0200	61.9592	NOT CONNECTED	4000.0000	500.0000	0.0000	420.5883	0.1375	0.1536	0.0710	0.0709	0.2138	0.3238	0.1768	0.3481	1.3865	15.4782	319.4330	6.8732	72.7879	0.3989	0.4735	69.2731
23.9777	703.0000	-0.1060	0.2810	0.0000	17.0140	6.6100	230.8730	0.1459	13.0300	62.0160	NOT CONNECTED	4000.0000	500.0000	0.0000	738.1050	0.1225	0.0960	0.0707	0.0708	0.2662	0.2914	0.2907	0.3003	2.0402	24.3972	318.6390	11.5978	72.7047	0.4496	0.3091	69.2569
24.1170	703.0000	-0.1060	0.2810	0.0000	17.0140	6.6100	230.8730	0.1459	13.0300	62.0160	NOT CONNECTED	4000.0000	500.0000	0.0000	738.1050	0.1225	0.0960	0.0707	0.0708	0.2662	0.2914	0.2907	0.3003	2.0402	24.3972	318.6390	11.5978	72.7047	0.4496	0.3091	69.2569
24.5824	1075.0000	-0.1100	0.3217	0.0000	35.0820	14.0900	230.8880	0.2230	21.6100	62.1263	NOT CONNECTED	4000.0000	500.0000	0.0000	1036.4689	0.1393	0.1019	0.0707	0.0709	0.3046	0.3435	0.3170	0.4163	2.2361	33.7396	317.8965	16.2262	72.6307	0.4666	0.3233	69.2569
24.8608	1075.0000	-0.1100	0.3217	0.0000	35.0820	14.0900	230.8880	0.2230	21.6100	62.1263	NOT CONNECTED	4000.0000	500.0000	0.0000	1036.4689	0.1393	0.1019	0.0707	0.0709	0.3046	0.3435	0.3170	0.4163	2.2361	33.7396	317.8965	16.2262	72.6307	0.4666	0.3233	69.2569
25.1880	1075.0000	-0.1100	0.3217	0.0000	35.0820	14.0900	230.8880	0.2230	21.6100	62.1263	NOT CONNECTED	4000.0000	500.0000	0.0000	1338.7596	0.1422	0.1185	0.0707	0.0709	0.4029	0.3277	0.3537	0.4075	2.1808	42.7144	317.1327	21.9216	72.5569	0.4777	0.3340	69.2292
25.6072	1449.0000	-0.1100	0.3322	0.0000	44.2640	18.0400	230.8930	0.2608	26.0000	62.1907	NOT CONNECTED	4000.0000	500.0000	0.0000	1631.3938	0.1346	0.1627	0.0708	0.0709	0.3337	0.3186	0.3919	0.3174	2.2330	51.2719	316.4973	25.8172	72.4912	0.5649	0.3457	69.2292
25.7948	1449.0000	-0.1100	0.3322	0.0000	44.2640	18.0400	230.8930	0.2608	26.0000	62.1907	NOT CONNECTED	4000.0000	500.0000	0.0000	1631.3938	0.1346	0.1627	0.0708	0.0709	0.3337	0.3186	0.3919	0.3174	2.2330	51.2719	316.4973	25.8172	72.4912	0.5649	0.3457	69.2292
26.3548	1820.0000	-0.1100	0.3467	0.0000	62.4730	26.0700	230.9000	0.3335	34.9000	62.2200	NOT CONNECTED	4000.0000	500.0000	0.0000	1944.3463	0.1291	0.1234	0.0708	0.0708	0.3297	0.3118	0.3339	0.3892	2.2843	60.9390	315.8150	31.3749	72.4297	0.4977	0.3513	69.2069
26.4002	1820.0000	-0.1100	0.3467	0.0000	62.4730	26.0700	230.9000	0.3335	34.9000	62.2200	NOT CONNECTED	4000.0000	500.0000	0.0000	1944.3463	0.1291	0.1234	0.0708	0.0708	0.3297	0.3118	0.3339	0.3892	2.2843	60.9390	315.8150	31.3749	72.4297	0.4977	0.3513	69.2069
27.0062	2198.0000	-0.1100	0.3528	0.0000	71.4860	30.2800	230.9020	0.3700	39.5400	62.2231	NOT CONNECTED	4000.0000	500.0000	0.0000	2249.5574	0.1358	0.1256	0.0709	0.0708	0.3075	0.3254	0.2792	0.3473	1.9875	69.2633	315.1407	36.5168	72.3690	0.4954	0.3529	69.1891
27.1009	2198.0000	-0.1100	0.3528	0.0000	71.4860	30.2800	230.9020	0.3700	39.5400	62.2231	NOT CONNECTED	4000.0000	500.0000	0.0000	2249.5574	0.1358	0.1256	0.0709	0.0708	0.3075	0.3254	0.2792	0.3473	1.9875	69.2633	315.1407	36.5168	72.3690	0.4954	0.3529	69.1891
27.5956	2562.0000	-0.1090	0.3645	0.0000	89.7400	39.3200	230.9070	0.4458	49.3200	62.1981	NOT CONNECTED	4000.0000	500.0000	0.0000	2535.2884	0.1648	0.1653	0.0709	0.0709	0.3859	0.3902	0.3483	0.3836	2.0270	78.3469	314.4884	41.8296	72.3167	0.5235	0.3662	69.1891
27.8352	2562.0000	-0.1090	0.3645	0.0000	89.7400	39.3200	230.9070	0.4458	49.3200	62.1981	NOT CONNECTED	4000.0000	500.0000	0.0000	2535.2884	0.1648	0.1653	0.0709	0.0709	0.3859	0.3902	0.3483	0.3836	2.0270	78.3469	314.4884	41.8296	72.3167	0.5235	0.3662	69.1891
28.1855	2562.0000	-0.1090	0.3645	0.0000	89.7400	39.3200	230.9070	0.4458	49.3200	62.1981	NOT CONNECTED	4000.0000	500.0000	0.0000	2827.0056	0.1395	0.1782	0.0710	0.0709	0.4196	0.3140	0.2583	0.3943	1.8462	87.4135	313.8914	47.9661	72.2652	0.4703	0.3724	69.1764
28.5782	2931.0000	-0.1100	0.3702	0.0000	98.9650	44.1500	230.9070	0.4851	54.5500	62.1726	NOT CONNECTED	4000.0000	500.0000	0.0000	3122.3769	0.1645	0.1775	0.0710	0.0709	0.3437	0.3859	0.3733	0.4771	2.4509	97.7454	313.1951	53.1336	72.2166	0.5787	0.3781	69.1764
28.7898	2931.0000	-0.1100	0.3702	0.0000	98.9650	44.1500	230.9070	0.4851	54.5500	62.1726	NOT CONNECTED	4000.0000	500.0000	0.0000	3122.3769	0.1645	0.1775	0.0710	0.0709	0.3437	0.3859	0.3733	0.4771	2.4509	97.7454	313.1951	53.1336	72.2166	0.5787	0.3781	69.1764
29.3134	3297.0000	-0.1110	0.3811	0.0000	117.2600	54.0400	230.9070	0.5640	65.0700	62.1369	NOT CONNECTED	4000.0000	500.0000	0.0000	3438.6245	0.1537	0.1455	0.0709	0.0709	0.4284	0.3676	0.3339	0.4552	2.1917	105.3535	312.6207	59.6802	72.1706	0.5709	0.3865	69.1684
29.3963	3297.0000	-0.1110	0.3811	0.0000	117.2600	54.0400	230.9070	0.5640	65.0700	62.1369	NOT CONNECTED	4000.0000	500.0000	0.0000	3438.6245	0.1537	0.1455	0.0709	0.0709	0.4284	0.3676	0.3339	0.4552	2.1917	105.3535	312.6207	59.6802	72.1706	0.5709	0.3865	69.1684
30.0011	3670.0000	-0.1130	0.3861	0.0000	126.3190	59.1000	230.9070	0.6036	70.4700	62.0930	NOT CONNECTED	4000.0000	500.0000	0.0000	3731.6829	0.1302	0.1696	0.0710	0.0708	0.3778	0.3071	0.2947	0.4115	1.9939	114.9235	312.0143	65.4754	72.1262	0.5254	0.3836	69.1658
30.0608	3670.0000	-0.1130	0.3861	0.0000	126.3190	59.1000	230.9070	0.6036	70.4700	62.0930	NOT CONNECTED	4000.0000	500.0000	0.0000	3731.6829	0.1302	0.1696	0.0710	0.0708	0.3778	0.3071	0.2947	0.4115	1.9939	114.9235	312.0143	65.4754	72.1262	0.5254	0.3836	69.1658
30.6066	4014.0000	-0.0950	0.3950	0.0000	144.6390	69.2100	230.9060	0.6854	81.2000	62.0560	NOT CONNECTED	4000.0000	500.0000	0.0000	4014.5172	0.0756	0.0986	0.0708	0.0707	0.4022	0.1628	0.3195	0.2110	2.1677	121.0368	313.3633	35.7865	72.0830	0.3613	0.3801	69.1658
30.7933	4014.0000	-0.0950	0.3950	0.0000	144.6390	69.2100	230.9060	0.6854	81.2000	62.0560	NOT CONNECTED	4000.0000	500.0000	0.0000	4014.5172	0.0756	0.0986	0.0708	0.0707	0.4022	0.1628	0.3195	0.2110	2.1677	121.0368	313.3633	35.7865	72.0830	0.3613	0.3801	69.1658
31.2131	4004.0000	-0.0450	0.3008	0.0000	146.4830	30.7100	230.9350	0.3818	40.9300	61.9379	NOT CONNECTED	4000.0000	500.0000	0.0000	4007.8734	0.0854	0.0544	0.0705	0.0707	0.3087	0.2128	0.3808	0.1840	1.7022	119.6028	315.6289	30.4639	72.0354	0.4341	0.3089	69.1659
31.5396	4004.0000	-0.0450	0.3008	0.0000	146.4830	30.7100	230.9350	0.3818	40.9300	61.9379	NOT CONNECTED	4000.0000	500.0000	0.0000	3992.0128	0.0588	0.1014	0.0707	0.0706	0.3164	0.1441	0.3178	0.1343	2.8559	120.2297	315.4384	31.8279	71.9841	0.3615	0.3107	69.1659
31.8185	4004.0000	-0.0450	0.3008	0.0000	146.4830	30.7100	230.9350	0.3818	40.9300	61.9379	NOT CONNECTED	4000.0000	500.0000	0.0000	3992.0128	0.0588	0.1014	0.0707	0.0706	0.3164	0.1441	0.3178	0.1343	2.8559	120.2297	315.4384	31.8279	71.9841	0.3615	0.3107	69.1659
32.2874	3998.0000	-0.0460	0.3048	0.0000	146.1820	33.1700	230.9190	0.4017	43.5200	61.9006	NOT CONNECTED	4000.0000	500.0000	0.0000	3991.9149	0.0806	0.1011	0.0707	0.0707	0.4209	0.1716	0.3257	0.2731	1.8967	119.6073	315.4224	32.8209	71.9348	0.3320	0.3161	69.1605
32.4235	3998.0000	-0.0460	0.3048	0.0000	146.1820	33.1700	230.9190	0.4017	43.5200	61.9006	NOT CONNECTED	4000.0000	500.0000	0.0000	3991.9149	0.0806	0.1011	0.0707	0.0707	0.4209	0.1716	0.3257	0.2731	1.8967	119.6073	315.4224	32.8209	71.9348	0.3320	0.3161	69.1605
33.0292	3999.0000	-0.0480	0.3102	0.0000	146.2220	33.4300	230.9170	0.4033	43.7700	61.8094	NOT CONNECTED	4000.0000	500.0000	0.0000	4008.9135	0.0394	0.0416	0.0707	0.0706	0.4178	0.0905	0.3680	0.2394	2.5802	119.3994	315.3776	32.5710	71.8475	0.4623	0.3126	69.1559
33.5241	4001.0000	-0.0470	0.3070	0.0000	146.2080	33.4400	230.9120	0.4030	43.7300	61.7570	NOT CONNECTED	4000.0000	500.0000	0.0000	4008.9135	0.0394	0.0416	0.0707	0.0706	0.4178	0.0905	0.3680	0.2394	2.5802	119.3994	315.3776	32.5710	71.8475	0.4623	0.3126	69.1559
33.8990	4001.0000	-0.0470	0.3070	0.0000	146.2080	33.4400	230.9120	0.4030	43.7300	61.7570	NOT CONNECTED	4000.0000	500.0000	0.0000	3994.6353	0.0845	0.0916	0.0707	0.0707	0.3323	0.2091	0.3177	0.1020	1.8643	119.6177	315.3355	31.8798	71.8027	0.4015	0.3150	69.1506
34.1300	4001.0000	-0.0470	0.3070	0.0000	146.2080	33.4400	230.9120	0.4030	43.7300	61.7570	NOT CONNECTED	4000.0000	500.0000	0.0000	3994.6353	0.0845	0.0916	0.0707	0.0707	0.3323	0.2091	0.3177	0.1020	1.8643	119.6177	315.3355	31.8798	71.8027	0.4015	0.3150	69.1506
34.6474	3998.0000	-0.0480	0.3090	0.0000	146.2200	33.3700	230.9090	0.4023	43.7100	61.7008	NOT CONNECTED	4000.0000	500.0000	0.0000	3996.5155	0.0852	0.0849	0.0706	0.0707	0.4408	0.1883	0.4581	0.2784	2.4426	119.5095	315.2704	32.3223	71.7593	0.4097	0.3151	69.1506
34.7347	3998.0000	-0.0480	0.3090	0.0000	146.2200	33.3700	230.9090	0.4023	43.7100	61.7008	NOT CONNECTED	4000.0000	500.0000	0.0000	3996.5155	0.0852	0.0849	0.0706	0.0707	0.4408	0.1883	0.4581	0.2784	2.4426	119.5095	315.2704	32.3223	71.7593	0.4097	0.3151	69.1506
35.3417	3999.0000	-0.0490	0.3095	0.0000	146.2160	33.3900	230.8980	0.4014	43.6800	61.6283	NOT CONNECTED	4000.0000	500.0000	0.0000	3990.0367	0.0684	0.1076	0.0708	0.0707	0.3061	0.1679	0.4686	0.1857	2.0849	119.9123	315.3040	31.3313	71.7158	0.4524	0.3162	69.1454
35.3894	3999.0000	-0.0490	0.3095	0.0000	146.2160	33.3900	230.8980	0.4014	43.6800	61.6283	NOT CONNECTED	4000.0000	500.0000	0.0000	3990.0367	0.0684	0.1076	0.0708	0.0707	0.3061	0.1679	0.4686	0.1857	2.0849	119.9123	315.3040	31.3313	71.7158	0.4524	0.3162	69.1454
36.2777	3999.0000	-0.0460	0.3091	0.0000	146.2190	33.4000	230.8800	0.4021	43.8000	61.5795	NOT CONNECTED	4000.0000	500.0000	0.0000	4001.0332	0.0551	0.0704	0.0707	0.0706	0.4379	0.1262	0.3341	0.1659	2.2359	119.1678	315.0743	33.6171	71.6396	0.3856	0.3159	69.1411
36.4721	3999.0000	-0.0460	0.3091	0.0000	146.2190	33.4000	230.8800	0.4021	43.8000	61.5795	NOT CONNECTED	4000.0000	500.0000	0.0000	4001.0332	0.0551	0.0704	0.0707	0.0706	0.4379	0.1262	0.3341	0.1659	2.2359	119.1678	315.0743	33.6171	71.6396	0.3856	0.3159	69.1411
37.0241	4000.0000	-0.0510	0.3073	0.0000	146.2120	34.4200	230.8700	0.4092	44.7500	61.4941	NOT CONNECTED	4000.0000	500.0000	0.0000	3994.0627	0.0780	0.0981	0.0707	0.0707	0.3093	0.1946	0.2977	0.1451	1.9541	119.5072	314.8907	35.0644	71.6013	0.3562	0.3162	69.1359
37.0782	4000.0000	-0.0510	0.3073	0.0000	146.2120	34.4200	230.8700	0.4092	44.7500	61.4941	NOT CONNECTED	4000.0000	500.0000	0.0000	3994.0627	0.0780	0.0981	0.0707	0.0707	0.3093	0.1946	0.2977	0.1451	1.9541	119.5072	314.8907	35.0644	71.6013	0.3562	0.3162	69.1359
37.6845	3999.0000	-0.0550	0.3130	0.0000	146.3380	37.3500	230.8500	0.4327	47.8700	61.4453	NOT CONNECTED	4000.0000	500.0000	0.0000	4002.0951	0.0847	0.0745	0.0707	0.0707	0.4677	0.1790	0.2953	0.2198	2.3339	119.5431	314.4894	38.4315	71.5630	0.3531	0.3187	69.1359
37.8665	3999.0000	-0.0550	0.3130	0.0000	146.3380	37.3500	230.8500	0.4327	47.8700	61.4453	NOT CONNECTED	4000.0000	500.0000	0.0000	4002.0951	0.0847	0.0745	0.0707	0.0707	0.4677	0.1790	0.2953	0.2198	2.3339	119.5431	314.4894	38.4315	71.5630	0.3531	0.3187	69.1359
38.2902	3998.0000	-0.0620	0.3201	0.0000	146.4770	40.5900	230.8390	0.4573	51.1000	61.3915	NOT CONNECTED	4000.0000	500.0000	0.0000	3994.2565	0.1371	0.1122	0.0708	0.0709	0.4212	0.3283	0.4027	0.2529	2.9411	120.0481	313.9049	43.3168	71.5281	0.4798	0.3311	69.1308
38.6043	3998.0000	-0.0620	0.3201	0.0000	146.4770	40.5900	230.8390	0.4573	51.1000	61.3915	NOT CONNECTED	4000.0000	500.0000	0.0000	3997.8436	0.1166	0.1130	0.0708	0.0708	0.4445	0.2507	0.2567	0.3860	2.4362	120.9200	313.1531	50.1278	71.4951	0.4230	0.3303	69.1308
38.8946	3998.0000	-0.0620	0.3201	0.0000	146.4770	40.5900	230.8390	0.4573	51.1000	61.3915	NOT CONNECTED	4000.0000	500.0000	0.0000	3997.8436	0.1166	0.1130	0.0708	0.0708	0.4445	0.2507	0.2567	0.3860	2.4362	120.9200	313.1531	50.1278	71.4951	0.4230	0.3303	69.1308
39.3479	3995.0000	-0.0880	0.3424	0.0000	146.9310	50.4000	230.8140	0.5333	61.3900	61.3351	NOT CONNECTED	4000.0000	500.0000	0.0000	4009.0161	0.1115	0.0869	0.0707	0.0708	0.3113	0.2660	0.4489	0.2695	0.8601	120.2598	312.7023	53.7534	71.4652	0.6165	0.3547	69.1271
39.5013	3995.0000	-0.0880	0.3424	0.0000	146.9310	50.4000	230.8140	0.5333	61.3900	61.3351	NOT CONNECTED	4000.0000	500.0000	0.0000	4009.0161	0.1115	0.0869	0.0707	0.0708	0.3113	0.2660	0.4489	0.2695	0.8601	120.2598	312.7023	53.7534	71.4652	0.6165	0.3547	69.1271
40.1064	3996.0000	-0.1080	0.3524	0.0000	147.1240	54.6100	230.8030	0.5659	65.7400	61.2756	NOT CONNECTED	4000.0000	500.0000	0.0000	3987.1466	0.1681	0.1751	0.0709	0.0709	0.3556	0.4073	0.3680	0.3650	2.0311	120.6590	312.0210	61.0116	71.4385	0.5285	0.3690	69.1239
40.2024	3996.0000	-0.1080	0.3524	0.0000	147.1240	54.6100	230.8030	0.5659	65.7400	61.2756	NOT CONNECTED	4000.0000	500.0000	0.0000	3987.1466	0.1681	0.1751	0.0709	0.0709	0.3556	0.4073	0.3680	0.3650	2.0311	120.6590	312.0210	61.0116	71.4385	0.5285	0.3690	69.1239
40.7125	3996.0000	-0.1280	0.3837	0.0000	147.6020	66.5000	230.7720	0.6592	78.3500	61.2390	NOT CONNECTED	4000.0000	500.0000	0.0000	4001.1273	0.1590	0.1476	0.0708	0.0709	0.4793	0.3648	0.2083	0.4087	2.7384	121.2329	310.9480	73.1754	71.4143	0.4801	0.3933	69.1239
40.9449	3996.0000	-0.1280	0.3837	0.0000	147.6020	66.5000	230.7720	0.6592	78.3500	61.2390	NOT CONNECTED	4000.0000	500.0000	0.0000	4001.1273	0.1590	0.1476	0.0708	0.0709	0.4793	0.3648	0.2083	0.4087	2.7384	121.2329	310.9480	73.1754	71.4143	0.4801	0.3933	69.1239
41.3186	3996.0000	-0.1280	0.3837	0.0000	147.6020	66.5000	230.7720	0.6592	78.3500	61.2390	NOT CONNECTED	4000.0000	500.0000	0.0000	4006.4256	0.1746	0.1497	0.0709	0.0710	0.3413	0.4000	0.2985	0.4470	1.3160	121.5286	310.3157	78.9852	71.3968	0.6548	0.4163	69.1224
41.9234	3997.0000	-0.1650	0.4367	0.0000	148.4690	84.6000	230.7280	0.8018	97.5100	61.1843	NOT CONNECTED	4000.0000	500.0000	0.0000	4009.2250	0.1800	0.1539	0.0709	0.0710	0.4374	0.4043	0.2784	0.5546	2.4321	122.4374	309.8879	85.2533	71.3822	0.6223	0.4303	69.1224
42.3109	3997.0000	-0.1650	0.4367	0.0000	148.4690	84.6000	230.7280	0.8018	97.5100	61.1843	NOT CONNECTED	4000.0000	500.0000	0.0000	3988.8378	0.2288	0.2464	0.0712	0.0711	0.3476	0.5484	0.2872	0.6121	2.8743	122.2789	308.8170	97.3253	71.3718	0.6546	0.4633	69.1248
42.5289	3997.0000	-0.1650	0.4367	0.0000	148.4690	84.6000	230.7280	0.8018	97.5100	61.1843	NOT CONNECTED	4000.0000	500.0000	0.0000	3988.8378	0.2288	0.2464	0.0712	0.0711	0.3476	0.5484	0.2872	0.6121	2.8743	122.2789	308.8170	97.3253	71.3718	0.6546	0.4633	69.1248
43.0592	3997.0000	-0.2030	0.4679	0.0000	148.8160	94.5500	230.7110	0.8759	108.0800	61.1355	NOT CONNECTED	4000.0000	500.0000	0.0000	4005.0492	0.2673	0.2125	0.0711	0.0712	0.3161	0.6377	0.2405	0.5740	2.3841	122.5837	308.2304	104.7512	71.3694	0.6588	0.4945	69.1292
43.1352	3997.0000	-0.2030	0.4679	0.0000	148.8160	94.5500	230.7110	0.8759	108.0800	61.1355	NOT CONNECTED	4000.0000	500.0000	0.0000	4005.0492	0.2673	0.2125	0.0711	0.0712	0.3161	0.6377	0.2405	0.5740	2.3841	122.5837	308.2304	104.7512	71.3694	0.6588	0.4945	69.1292
43.7407	3998.0000	-0.2180	0.5100	0.0000	149.5050	107.3300	230.6860	0.9727	121.8100	61.1008	0.0000	4000.0000	500.0000	0.0000	4001.6763	0.2322	0.2373	0.0712	0.0711	0.4843	0.5273	0.1616	0.6006	2.8008	122.6216	307.9685	109.8323	71.3722	0.6210	0.5155	69.1292
43.8092	3998.0000	-0.2180	0.5100	0.0000	149.5050	107.3300	230.6860	0.9727	121.8100	61.1008	0.0000	4000.0000	500.0000	0.0000	4001.6763	0.2322	0.2373	0.0712	0.0711	0.4843	0.5273	0.1616	0.6006	2.8008	122.6216	307.9685	109.8323	71.3722	0.6210	0.5155	69.1292
44.3464	3999.0000	-0.2200	0.5218	0.0000	149.7080	110.8000	230.6730	0.9993	125.4600	61.0344	0.0000	4000.0000	500.0000	0.0000	4008.8109	0.2585	0.2216	0.0711	0.0712	0.3589	0.6150	0.2312	0.6221	1.4162	121.8559	307.7883	113.0647	71.3778	0.7549	0.5275	69.1382
44.5544	3999.0000	-0.2200	0.5218	0.0000	149.7080	110.8000	230.6730	0.9993	125.4600	61.0344	0.0000	4000.0000	500.0000	0.0000	4008.8109	0.2585	0.2216	0.0711	0.0712	0.3589	0.6150	0.2312	0.6221	1.4162	121.8559	307.7883	113.0647	71.3778	0.7549	0.5275	69.1382
44.9521	4000.0000	-0.2240	0.5417	0.0000	150.0340	116.7900	230.6410	1.0453	131.7100	61.0413	0.0000	4000.0000	500.0000	0.0000	4002.3312	0.2970	0.2528	0.0712	0.0715	0.5055	0.7049	0.2493	0.6995	2.8525	122.6583	307.6063	116.6360	71.3847	0.7662	0.5398	69.1382
45.3093	4000.0000	-0.2240	0.5417	0.0000	150.0340	116.7900	230.6410	1.0453	131.7100	61.0413	0.0000	4000.0000	500.0000	0.0000	3997.0929	0.2475	0.2771	0.0712	0.0711	0.4269	0.5738	0.1512	0.6578	2.4126	122.5479	307.6103	119.4785	71.3947	0.7166	0.5489	69.1502
45.5576	4000.0000	-0.2240	0.5417	0.0000	150.0340	116.7900	230.6410	1.0453	131.7100	61.0413	0.0000	4000.0000	500.0000	0.0000	3997.0929	0.2475	0.2771	0.0712	0.0711	0.4269	0.5738	0.1512	0.6578	2.4126	122.5479	307.6103	119.4785	71.3947	0.7166	0.5489	69.1502
46.0444	4002.0000	-0.2300	0.5478	0.0000	150.1420	118.5900	230.6290	1.0606	133.6100	61.0010	0.0000	4000.0000	500.0000	0.0000	4004.9478	0.2916	0.2537	0.0711	0.0714	0.4608	0.6640	0.2675	0.7328	3.4175	124.7853	307.6512	120.6053	71.4066	0.8012	0.5541	69.1632
46.1633	4002.0000	-0.2300	0.5478	0.0000	150.1420	118.5900	230.6290	1.0606	133.6100	61.0010	0.0000	4000.0000	500.0000	0.0000	4004.9478	0.2916	0.2537	0.0711	0.0714	0.4608	0.6640	0.2675	0.7328	3.4175	124.7853	307.6512	120.6053	71.4066	0.8012	0.5541	69.1632
46.7683	4000.0000	-0.2330	0.5566	0.0000	150.3650	120.7200	230.6030	1.0811	135.9100	61.0256	1.0000	4000.0000	500.0000	0.0000	4007.8207	0.2624	0.2454	0.0712	0.0712	0.3192	0.6225	0.1782	0.7650	1.6101	124.0040	307.6721	118.8697	71.4188	0.8102	0.5580	69.1632
46.7883	4000.0000	-0.2330	0.5566	0.0000	150.3650	120.7200	230.6030	1.0811	135.9100	61.0256	1.0000	4000.0000	500.0000	0.0000	4007.8207	0.2624	0.2454	0.0712	0.0712	0.3192	0.6225	0.1782	0.7650	1.6101	124.0040	307.6721	118.8697	71.4188	0.8102	0.5580	69.1632
47.3735	4000.0000	-0.2320	0.5568	0.0000	150.3540	120.8800	230.5920	1.0845	136.1000	60.9831	1.0000	4000.0000	500.0000	0.0000	4006.9959	0.2893	0.2491	0.0712	0.0715	0.3787	0.6926	0.2730	0.7092	2.3789	124.0362	307.7875	120.7421	71.4309	0.7751	0.5594	69.1773
47.6325	4000.0000	-0.2320	0.5568	0.0000	150.3540	120.8800	230.5920	1.0845	136.1000	60.9831	1.0000	4000.0000	500.0000	0.0000	4006.9959	0.2893	0.2491	0.0712	0.0715	0.3787	0.6926	0.2730	0.7092	2.3789	124.0362	307.7875	120.7421	71.4309	0.7751	0.5594	69.1773
47.9793	4000.0000	-0.2320	0.5568	0.0000	150.3540	120.8800	230.5920	1.0845	136.1000	60.9831	1.0000	4000.0000	500.0000	0.0000	3991.4034	0.2659	0.3044	0.0716	0.0712	0.4078	0.6264	0.2010	0.8103	1.9808	125.2636	307.8863	120.2506	71.4413	0.7152	0.5483	69.1925
48.3708	3998.0000	-0.2340	0.5585	0.0000	150.4100	121.3600	230.5840	1.0921	136.5700	60.9737	1.0000	4000.0000	500.0000	0.0000	3996.8227	0.2927	0.2852	0.0714	0.0715	0.6108	0.6528	0.0813	0.6612	2.3192	123.0915	307.9731	121.2707	71.4524	0.6918	0.5583	69.1925
48.5855	3998.0000	-0.2340	0.5585	0.0000	150.4100	121.3600	230.5840	1.0921	136.5700	60.9737	1.0000	4000.0000	500.0000	0.0000	3996.8227	0.2927	0.2852	0.0714	0.0715	0.6108	0.6528	0.0813	0.6612	2.3192	123.0915	307.9731	121.2707	71.4524	0.6918	0.5583	69.1925
49.1101	3999.0000	-0.2320	0.5584	0.0000	150.3980	121.2500	230.5620	1.0932	136.4200	60.9509	1.0000	4000.0000	500.0000	0.0000	4003.0757	0.2612	0.2636	0.0712	0.0712	0.3910	0.6365	0.3882	0.6664	3.2194	123.8071	308.0478	120.9680	71.4633	0.8817	0.5582	69.2068
49.1917	3999.0000	-0.2320	0.5584	0.0000	150.3980	121.2500	230.5620	1.0932	136.4200	60.9509	1.0000	4000.0000	500.0000	0.0000	4003.0757	0.2612	0.2636	0.0712	0.0712	0.3910	0.6365	0.3882	0.6664	3.2194	123.8071	308.0478	120.9680	71.4633	0.8817	0.5582	69.2068
49.7978	4002.0000	-0.2330	0.5592	0.0000	150.4000	121.5400	230.5360	1.0982	136.6500	60.9450	1.0000	4000.0000	500.0000	0.0000	3999.0232	0.2963	0.2780	0.0714	0.0716	0.4550	0.7008	0.1886	0.7291	2.9618	123.5061	308.0753	120.7759	71.4736	0.7051	0.5582	69.2068
49.8644	4002.0000	-0.2330	0.5592	0.0000	150.4000	121.5400	230.5360	1.0982	136.6500	60.9450	1.0000	4000.0000	500.0000	0.0000	3999.0232	0.2963	0.2780	0.0714	0.0716	0.4550	0.7008	0.1886	0.7291	2.9618	123.5061	308.0753	120.7759	71.4736	0.7051	0.5582	69.2068
50.4029	4002.0000	-0.2340	0.5587	0.0000	150.3940	121.4800	230.5260	1.0995	136.5300	60.9001	1.0000	4000.0000	500.0000	0.0000	3995.5938	0.2670	0.2899	0.0715	0.0712	0.4823	0.6243	0.2092	0.7201	4.2142	125.3868	308.2144	121.6017	71.4839	0.7298	0.5576	69.2211
50.6029	4002.0000	-0.2340	0.5587	0.0000	150.3940	121.4800	230.5260	1.0995	136.5300	60.9001	1.0000	4000.0000	500.0000	0.0000	3995.5938	0.2670	0.2899	0.0715	0.0712	0.4823	0.6243	0.2092	0.7201	4.2142	125.3868	308.2144	121.6017	71.4839	0.7298	0.5576	69.2211
51.0088	3997.0000	-0.2340	0.5586	0.0000	150.4100	121.3900	230.5090	1.1012	136.4000	60.9395	1.0000	4000.0000	500.0000	0.0000	3996.8119	0.2771	0.2858	0.0712	0.0713	0.3346	0.6516	0.3003	0.6511	2.8458	123.1855	308.2680	120.1426	71.4925	0.8515	0.5525	69.2363
51.3478	3997.0000	-0.2340	0.5586	0.0000	150.4100	121.3900	230.5090	1.1012	136.4000	60.9395	1.0000	4000.0000	500.0000	0.0000	4009.0018	0.2296	0.2430	0.0712	0.0711	0.3666	0.5415	0.4158	0.6994	1.8256	123.2486	308.3882	120.7753	71.5020	0.8558	0.5599	69.2363
51.6135	3997.0000	-0.2340	0.5586	0.0000	150.4100	121.3900	230.5090	1.1012	136.4000	60.9395	1.0000	4000.0000	500.0000	0.0000	4009.0018	0.2296	0.2430	0.0712	0.0711	0.3666	0.5415	0.4158	0.6994	1.8256	123.2486	308.3882	120.7753	71.5020	0.8558	0.5599	69.2363
52.0961	4000.0000	-0.2340	0.5588	0.0000	150.3980	121.4200	230.4990	1.1028	136.3700	60.9025	1.0000	4000.0000	500.0000	0.0000	3989.4518	0.3005	0.3114	0.0715	0.0716	0.5060	0.7061	0.1881	0.7389	2.4370	124.2516	308.4485	121.1225	71.5115	0.7853	0.5602	69.2506
52.2190	4000.0000	-0.2340	0.5588	0.0000	150.3980	121.4200	230.4990	1.1028	136.3700	60.9025	1.0000	4000.0000	500.0000	0.0000	3989.4518	0.3005	0.3114	0.0715	0.0716	0.5060	0.7061	0.1881	0.7389	2.4370	124.2516	308.4485	121.1225	71.5115	0.7853	0.5602	69.2506
52.8255	3998.0000	-0.2340	0.5587	0.0000	150.3970	121.4600	230.4850	1.1054	136.3600	60.9083	2.0000	4000.0000	500.0000	0.0000	3998.3952	0.2631	0.2803	0.0712	0.0712	0.3877	0.6103	0.1936	0.7130	0.2586	124.2731	308.4403	120.3297	71.5206	0.7517	0.5602	69.2506
52.8455	3998.0000	-0.2340	0.5587	0.0000	150.3970	121.4600	230.4850	1.1054	136.3600	60.9083	2.0000	4000.0000	500.0000	0.0000	3998.3952	0.2631	0.2803	0.0712	0.0712	0.3877	0.6103	0.1936	0.7130	0.2586	124.2731	308.4403	120.3297	71.5206	0.7517	0.5602	69.2506
53.4311	4001.0000	-0.2340	0.5588	0.0000	150.3970	121.5000	230.4800	1.1068	136.4800	60.8953	2.0000	4000.0000	500.0000	0.0000	3993.3070	0.3002	0.2980	0.0715	0.0716	0.4431	0.7233	0.0970	0.6993	3.0008	123.2295	308.5044	120.2929	71.5297	0.7400	0.5591	69.2650
53.7143	4001.0000	-0.2340	0.5588	0.0000	150.3970	121.5000	230.4800	1.1068	136.4800	60.8953	2.0000	4000.0000	500.0000	0.0000	3993.3070	0.3002	0.2980	0.0715	0.0716	0.4431	0.7233	0.0970	0.6993	3.0008	123.2295	308.5044	120.2929	71.5297	0.7400	0.5591	69.2650
54.0368	4001.0000	-0.2340	0.5588	0.0000	150.3970	121.5000	230.4800	1.1068	136.4800	60.8953	2.0000	4000.0000	500.0000	0.0000	4002.4760	0.2419	0.2657	0.0713	0.0711	0.3141	0.5780	0.1966	0.6672	1.5624	123.7697	308.5211	120.6234	71.5364	0.7308	0.5538	69.2801
54.4606	4000.0000	-0.2340	0.5586	0.0000	150.4120	121.3700	230.4700	1.1082	136.2600	60.8732	2.0000	4000.0000	500.0000	0.0000	4012.0967	0.2601	0.2314	0.0712	0.0712	0.3958	0.6035	0.2800	0.7025	1.6637	123.0907	308.6603	120.2999	71.5439	0.8420	0.5576	69.2801
54.6265	4000.0000	-0.2340	0.5586	0.0000	150.4120	121.3700	230.4700	1.1082	136.2600	60.8732	2.0000	4000.0000	500.0000	0.0000	4012.0967	0.2601	0.2314	0.0712	0.0712	0.3958	0.6035	0.2800	0.7025	1.6637	123.0907	308.6603	120.2999	71.5439	0.8420	0.5576	69.2801
55.2151	4001.0000	-0.2330	0.5575	0.0000	150.3790	121.0300	230.4660	1.1067	135.8900	60.8619	2.0000	4000.0000	500.0000	0.0000	3996.5572	0.3132	0.2855	0.0713	0.0716	0.4714	0.7347	0.2139	0.7781	3.1756	124.3333	308.6786	120.3281	71.5509	0.7355	0.5568	69.2943
55.2315	4001.0000	-0.2330	0.5575	0.0000	150.3790	121.0300	230.4660	1.1067	135.8900	60.8619	2.0000	4000.0000	500.0000	0.0000	3996.5572	0.3132	0.2855	0.0713	0.0716	0.4714	0.7347	0.2139	0.7781	3.1756	124.3333	308.6786	120.3281	71.5509	0.7355	0.5568	69.2943
55.8380	3999.0000	-0.2330	0.5579	0.0000	150.3840	121.0800	230.4600	1.1086	135.8500	60.8610	2.0000	4000.0000	500.0000	0.0000	3994.6403	0.2407	0.2926	0.0715	0.0711	0.3409	0.5666	0.3977	0.6735	3.0617	123.0826	308.7216	120.2015	71.5586	0.7905	0.5580	69.2943
55.9590	3999.0000	-0.2330	0.5579	0.0000	150.3840	121.0800	230.4600	1.1086	135.8500	60.8610	2.0000	4000.0000	500.0000	0.0000	3994.6403	0.2407	0.2926	0.0715	0.0711	0.3409	0.5666	0.3977	0.6735	3.0617	123.0826	308.7216	120.2015	71.5586	0.7905	0.5580	69.2943
56.4269	3999.0000	-0.2330	0.5580	0.0000	150.3860	121.0900	230.4590	1.1099	135.8900	60.8562	2.0000	4000.0000	500.0000	0.0000	4008.5955	0.2868	0.2437	0.0712	0.0714	0.3619	0.6843	0.1796	0.6541	1.8712	123.5769	308.7962	120.0346	71.5655	0.7760	0.5572	69.3083
56.6939	3999.0000	-0.2330	0.5580	0.0000	150.3860	121.0900	230.4590	1.1099	135.8900	60.8562	2.0000	4000.0000	500.0000	0.0000	4008.5955	0.2868	0.2437	0.0712	0.0714	0.3619	0.6843	0.1796	0.6541	1.8712	123.5769	308.7962	120.0346	71.5655	0.7760	0.5572	69.3083
57.0326	3999.0000	-0.2330	0.5580	0.0000	150.3860	121.0900	230.4590	1.1099	135.8900	60.8562	2.0000	4000.0000	500.0000	0.0000	4006.6558	0.2793	0.2503	0.0711	0.0713	0.5991	0.6156	0.1517	0.8352	3.1051	126.5640	308.8899	122.1489	71.5706	0.7777	0.5572	69.3230
57.4325	3999.0000	-0.2330	0.5580	0.0000	150.3990	121.1000	230.4590	1.1119	135.8500	60.8346	2.0000	4000.0000	500.0000	0.0000	4000.6106	0.2736	0.2714	0.0714	0.0713	0.2662	0.6612	0.3766	0.6695	2.8668	123.7245	308.9073	119.8223	71.5774	0.8709	0.5582	69.3230
57.6377	3999.0000	-0.2330	0.5580	0.0000	150.3990	121.1000	230.4590	1.1119	135.8500	60.8346	2.0000	4000.0000	500.0000	0.0000	4000.6106	0.2736	0.2714	0.0714	0.0713	0.2662	0.6612	0.3766	0.6695	2.8668	123.7245	308.9073	119.8223	71.5774	0.8709	0.5582	69.3230
58.1729	3996.0000	-0.2330	0.5577	0.0000	150.3860	121.0700	230.4580	1.1123	135.8400	60.8065	2.0000	4000.0000	500.0000	0.0000	3999.4668	0.2803	0.2755	0.0713	0.0713	0.4647	0.6522	0.3200	0.7736	1.7847	124.1605	308.9545	120.8074	71.5840	0.8480	0.5582	69.3370
58.2431	3996.0000	-0.2330	0.5577	0.0000	150.3860	121.0700	230.4580	1.1123	135.8400	60.8065	2.0000	4000.0000	500.0000	0.0000	3999.4668	0.2803	0.2755	0.0713	0.0713	0.4647	0.6522	0.3200	0.7736	1.7847	124.1605	308.9545	120.8074	71.5840	0.8480	0.5582	69.3370
58.8490	4001.0000	-0.2340	0.5581	0.0000	150.3880	121.0500	230.4640	1.1135	135.7500	60.8032	3.0000	4000.0000	500.0000	0.0000	3999.0900	0.2784	0.2769	0.0714	0.0713	0.3498	0.6648	0.2079	0.7456	1.6045	123.6841	308.9439	120.2230	71.5906	0.7700	0.5583	69.3370
58.9057	4001.0000	-0.2340	0.5581	0.0000	150.3880	121.0500	230.4640	1.1135	135.7500	60.8032	3.0000	4000.0000	500.0000	0.0000	3999.0900	0.2784	0.2769	0.0714	0.0713	0.3498	0.6648	0.2079	0.7456	1.6045	123.6841	308.9439	120.2230	71.5906	0.7700	0.5583	69.3370
59.4391	4005.0000	-0.2320	0.5579	0.0000	150.3850	121.1100	230.4710	1.1153	135.8800	60.8037	3.0000	4000.0000	500.0000	0.0000	4002.0899	0.3064	0.2664	0.0713	0.0716	0.4285	0.7276	0.1898	0.7744	3.7209	124.2208	309.0471	120.0689	71.5965	0.7270	0.5586	69.3510
59.7714	4005.0000	-0.2320	0.5579	0.0000	150.3850	121.1100	230.4710	1.1153	135.8800	60.8037	3.0000	4000.0000	500.0000	0.0000	3999.6888	0.2494	0.2747	0.0712	0.0712	0.3915	0.5864	0.1760	0.7910	2.3219	124.3641	309.0261	120.0048	71.6009	0.7459	0.5568	69.3658
60.0452	4005.0000	-0.2320	0.5579	0.0000	150.3850	121.1100	230.4710	1.1153	135.8800	60.8037	3.0000	4000.0000	500.0000	0.0000	3999.6888	0.2494	0.2747	0.0712	0.0712	0.3915	0.5864	0.1760	0.7910	2.3219	124.3641	309.0261	120.0048	71.6009	0.7459	0.5568	69.3658
60.5120	3997.0000	-0.2330	0.5574	0.0000	150.3860	121.0600	230.4780	1.1149	135.6900	60.7928	3.0000	4000.0000	500.0000	0.0000	3998.4998	0.2784	0.2786	0.0713	0.0713	0.3322	0.6702	0.2584	0.7078	2.5737	123.1748	309.1722	119.8520	71.6064	0.7563	0.5569	69.3658
60.6503	3997.0000	-0.2330	0.5574	0.0000	150.3860	121.0600	230.4780	1.1149	135.6900	60.7928	3.0000	4000.0000	500.0000	0.0000	3998.4998	0.2784	0.2786	0.0713	0.0713	0.3322	0.6702	0.2584	0.7078	2.5737	123.1748	309.1722	119.8520	71.6064	0.7563	0.5569	69.3658
61.2567	4002.0000	-0.2330	0.5568	0.0000	150.3680	120.9200	230.4960	1.1152	135.5500	60.7880	3.0000	4000.0000	500.0000	0.0000	3991.0389	0.2481	0.3044	0.0716	0.0712	0.3537	0.5825	0.1815	0.7175	3.3241	125.2180	309.1779	119.6426	71.6117	0.6697	0.5559	69.3797
61.2798	4002.0000	-0.2330	0.5568	0.0000	150.3680	120.9200	230.4960	1.1152	135.5500	60.7880	3.0000	4000.0000	500.0000	0.0000	3991.0389	0.2481	0.3044	0.0716	0.0712	0.3537	0.5825	0.1815	0.7175	3.3241	125.2180	309.1779	119.6426	71.6117	0.6697	0.5559	69.3797
61.8624	4003.0000	-0.2320	0.5560	0.0000	150.3610	120.6900	230.5060	1.1141	135.3300	60.7853	3.0000	4000.0000	500.0000	0.0000	4003.2220	0.2971	0.2616	0.0712	0.0714	0.3276	0.7316	0.0756	0.6683	2.1275	122.7644	309.2224	120.3379	71.6166	0.6405	0.5557	69.3797
62.0253	4003.0000	-0.2320	0.5560	0.0000	150.3610	120.6900	230.5060	1.1141	135.3300	60.7853	3.0000	4000.0000	500.0000	0.0000	4003.2220	0.2971	0.2616	0.0712	0.0714	0.3276	0.7316	0.0756	0.6683	2.1275	122.7644	309.2224	120.3379	71.6166	0.6405	0.5557	69.3797
62.4682	4000.0000	-0.2320	0.5561	0.0000	150.3530	120.7300	230.5310	1.1151	135.3400	60.8006	3.0000	4000.0000	500.0000	0.0000	4007.8236	0.2389	0.2456	0.0711	0.0711	0.4429	0.5493	0.2500	0.7124	2.9771	122.3782	309.3087	120.1311	71.6216	0.7779	0.5563	69.3933
62.7769	4000.0000	-0.2320	0.5561	0.0000	150.3530	120.7300	230.5310	1.1151	135.3400	60.8006	3.0000	4000.0000	500.0000	0.0000	4001.1107	0.2573	0.2688	0.0713	0.0712	0.3592	0.6098	0.1869	0.6768	2.1579	123.8631	309.4105	120.3927	71.6252	0.6948	0.5512	69.4076
63.0734	4000.0000	-0.2320	0.5561	0.0000	150.3530	120.7300	230.5310	1.1151	135.3400	60.8006	3.0000	4000.0000	500.0000	0.0000	4001.1107	0.2573	0.2688	0.0713	0.0712	0.3592	0.6098	0.1869	0.6768	2.1579	123.8631	309.4105	120.3927	71.6252	0.6948	0.5512	69.4076
63.5197	3999.0000	-0.2310	0.5556	0.0000	150.3580	120.5600	230.5470	1.1146	135.1400	60.7856	3.0000	4000.0000	500.0000	0.0000	3993.3309	0.2707	0.2961	0.0715	0.0713	0.4106	0.6405	0.2116	0.7407	2.9645	124.6719	309.4628	120.5622	71.6300	0.7296	0.5578	69.4076
63.6794	3999.0000	-0.2310	0.5556	0.0000	150.3580	120.5600	230.5470	1.1146	135.1400	60.7856	3.0000	4000.0000	500.0000	0.0000	3993.3309	0.2707	0.2961	0.0715	0.0713	0.4106	0.6405	0.2116	0.7407	2.9645	124.6719	309.4628	120.5622	71.6300	0.7296	0.5578	69.4076
64.2804	4001.0000	-0.2330	0.5561	0.0000	150.3550	120.7200	230.5780	1.1166	135.2600	60.7655	3.0000	4000.0000	500.0000	0.0000	3991.0925	0.2760	0.3043	0.0715	0.0713	0.2668	0.6672	0.3854	0.6495	2.0797	123.3529	309.5207	119.1497	71.6387	0.8566	0.5575	69.4212
64.7947	3999.0000	-0.2320	0.5562	0.0000	150.3580	120.6600	230.5940	1.1165	135.1500	60.7694	4.0000	4000.0000	500.0000	0.0000	3991.0925	0.2760	0.3043	0.0715	0.0713	0.2668	0.6672	0.3854	0.6495	2.0797	123.3529	309.5207	119.1497	71.6387	0.8566	0.5575	69.4212
65.0239	3999.0000	-0.2320	0.5562	0.0000	150.3580	120.6600	230.5940	1.1165	135.1500	60.7694	4.0000	4000.0000	500.0000	0.0000	3991.0925	0.2760	0.3043	0.0715	0.0713	0.2668	0.6672	0.3854	0.6495	2.0797	123.3529	309.5207	119.1497	71.6387	0.8566	0.5575	69.4212
65.3993	3999.0000	-0.2320	0.5562	0.0000	150.3580	120.6600	230.5940	1.1165	135.1500	60.7694	4.0000	4000.0000	500.0000	0.0000	3996.7717	0.2561	0.2843	0.0714	0.0712	0.5151	0.5718	0.1195	0.8025	3.1806	125.9149	309.5635	120.7415	71.6431	0.6593	0.5581	69.4349
65.9085	4001.0000	-0.2320	0.5565	0.0000	150.3660	120.7000	230.6350	1.1183	135.2400	60.7402	4.0000	4000.0000	500.0000	0.0000	3996.5735	0.2917	0.2852	0.0715	0.0715	0.3266	0.7023	0.3409	0.6982	2.0794	123.2990	309.6101	119.7079	71.6462	0.8079	0.5536	69.4493
66.0061	4001.0000	-0.2320	0.5565	0.0000	150.3660	120.7000	230.6350	1.1183	135.2400	60.7402	4.0000	4000.0000	500.0000	0.0000	3996.5735	0.2917	0.2852	0.0715	0.0715	0.3266	0.7023	0.3409	0.6982	2.0794	123.2990	309.6101	119.7079	71.6462	0.8079	0.5536	69.4493
66.6121	3998.0000	-0.2310	0.5571	0.0000	150.3830	120.8100	230.6530	1.1196	135.3700	60.7378	4.0000	4000.0000	500.0000	0.0000	4007.2868	0.2768	0.2472	0.0712	0.0713	0.5055	0.6447	0.1562	0.7284	0.6742	123.8562	309.6957	120.6942	71.6502	0.7449	0.5560	69.4493
66.6618	3998.0000	-0.2310	0.5571	0.0000	150.3830	120.8100	230.6530	1.1196	135.3700	60.7378	4.0000	4000.0000	500.0000	0.0000	4007.2868	0.2768	0.2472	0.0712	0.0713	0.5055	0.6447	0.1562	0.7284	0.6742	123.8562	309.6957	120.6942	71.6502	0.7449	0.5560	69.4493
67.2170	4000.0000	-0.2310	0.5560	0.0000	150.3620	120.6200	230.6920	1.1187	135.1400	60.7467	4.0000	4000.0000	500.0000	0.0000	4004.1948	0.2841	0.2579	0.0713	0.0714	0.3423	0.6735	0.1495	0.6641	2.4575	123.9565	309.8012	119.3096	71.6540	0.7169	0.5553	69.4627
67.3989	4000.0000	-0.2310	0.5560	0.0000	150.3620	120.6200	230.6920	1.1187	135.1400	60.7467	4.0000	4000.0000	500.0000	0.0000	4004.1948	0.2841	0.2579	0.0713	0.0714	0.3423	0.6735	0.1495	0.6641	2.4575	123.9565	309.8012	119.3096	71.6540	0.7169	0.5553	69.4627
67.8228	4001.0000	-0.2310	0.5554	0.0000	150.3430	120.5000	230.7130	1.1181	134.9900	60.7644	4.0000	4000.0000	500.0000	0.0000	3989.5963	0.2299	0.3089	0.0715	0.0711	0.3716	0.5479	0.1644	0.7499	2.2749	124.8812	309.7949	120.6358	71.6577	0.7498	0.5556	69.4627
68.1355	4001.0000	-0.2310	0.5554	0.0000	150.3430	120.5000	230.7130	1.1181	134.9900	60.7644	4.0000	4000.0000	500.0000	0.0000	3996.6251	0.2980	0.2841	0.0712	0.0715	0.4936	0.6887	0.1780	0.7831	2.1681	124.4129	309.9341	120.4132	71.6613	0.7356	0.5559	69.4761
68.4286	4001.0000	-0.2310	0.5554	0.0000	150.3430	120.5000	230.7130	1.1181	134.9900	60.7644	4.0000	4000.0000	500.0000	0.0000	3996.6251	0.2980	0.2841	0.0712	0.0715	0.4936	0.6887	0.1780	0.7831	2.1681	124.4129	309.9341	120.4132	71.6613	0.7356	0.5559	69.4761
68.8878	3999.0000	-0.2310	0.5547	0.0000	150.3340	120.2700	230.7540	1.1166	134.7200	60.7402	4.0000	4000.0000	500.0000	0.0000	4005.5572	0.2619	0.2531	0.0712	0.0712	0.3617	0.6075	0.2579	0.6895	2.9611	123.9169	309.9972	119.9824	71.6636	0.8332	0.5564	69.4903
69.0341	3999.0000	-0.2310	0.5547	0.0000	150.3340	120.2700	230.7540	1.1166	134.7200	60.7402	4.0000	4000.0000	500.0000	0.0000	4005.5572	0.2619	0.2531	0.0712	0.0712	0.3617	0.6075	0.2579	0.6895	2.9611	123.9169	309.9972	119.9824	71.6636	0.8332	0.5564	69.4903
69.6242	4000.0000	-0.2310	0.5556	0.0000	150.3660	120.5000	230.7730	1.1191	134.9700	60.7402	4.0000	4000.0000	500.0000	0.0000	4001.3278	0.2604	0.2676	0.0713	0.0712	0.2759	0.6240	0.2429	0.6655	1.2904	123.1142	310.0756	118.9559	71.6671	0.7470	0.5569	69.4903
69.6281	4000.0000	-0.2310	0.5556	0.0000	150.3660	120.5000	230.7730	1.1191	134.9700	60.7402	4.0000	4000.0000	500.0000	0.0000	4001.3278	0.2604	0.2676	0.0713	0.0712	0.2759	0.6240	0.2429	0.6655	1.2904	123.1142	310.0756	118.9559	71.6671	0.7470	0.5569	69.4903
70.2139	3999.0000	-0.2290	0.5550	0.0000	150.3340	120.4000	230.8090	1.1186	134.8800	60.7306	4.0000	4000.0000	500.0000	0.0000	4004.5958	0.2542	0.2560	0.0710	0.0712	0.3066	0.6144	0.2936	0.6480	3.4789	123.0024	310.0852	119.4865	71.6708	0.8310	0.5566	69.5036
70.3813	3999.0000	-0.2290	0.5550	0.0000	150.3340	120.4000	230.8090	1.1186	134.8800	60.7306	4.0000	4000.0000	500.0000	0.0000	4004.5958	0.2542	0.2560	0.0710	0.0712	0.3066	0.6144	0.2936	0.6480	3.4789	123.0024	310.0852	119.4865	71.6708	0.8310	0.5566	69.5036
70.8035	3998.0000	-0.2310	0.5553	0.0000	150.3450	120.5000	230.8250	1.1196	134.9400	60.7214	5.0000	4000.0000	500.0000	0.0000	4004.2688	0.2829	0.2573	0.0712	0.0714	0.4371	0.6642	0.1989	0.7760	3.8339	125.3764	310.0854	119.9444	71.6743	0.7013	0.5568	69.5036
71.1191	3998.0000	-0.2310	0.5553	0.0000	150.3450	120.5000	230.8250	1.1196	134.9400	60.7214	5.0000	4000.0000	500.0000	0.0000	3999.2371	0.2617	0.2748	0.0712	0.0712	0.3455	0.6239	0.2231	0.6430	2.0873	122.1000	310.1337	119.8523	71.6779	0.7768	0.5566	69.5169
71.4097	3998.0000	-0.2310	0.5553	0.0000	150.3450	120.5000	230.8250	1.1196	134.9400	60.7214	5.0000	4000.0000	500.0000	0.0000	3999.2371	0.2617	0.2748	0.0712	0.0712	0.3455	0.6239	0.2231	0.6430	2.0873	122.1000	310.1337	119.8523	71.6779	0.7768	0.5566	69.5169
71.9718	4002.0000	-0.2320	0.5546	0.0000	150.3400	120.3000	230.8520	1.1185	134.7300	60.7031	5.0000	4000.0000	500.0000	0.0000	4000.2125	0.2972	0.2713	0.0713	0.0715	0.4242	0.6825	0.1508	0.6809	2.7182	123.3881	310.1717	119.4858	71.6801	0.7666	0.5474	69.5310
71.9987	4002.0000	-0.2320	0.5546	0.0000	150.3400	120.3000	230.8520	1.1185	134.7300	60.7031	5.0000	4000.0000	500.0000	0.0000	4000.2125	0.2972	0.2713	0.0713	0.0715	0.4242	0.6825	0.1508	0.6809	2.7182	123.3881	310.1717	119.4858	71.6801	0.7666	0.5474	69.5310
72.6046	4000.0000	-0.2300	0.5549	0.0000	150.3520	120.3600	230.8640	1.1195	134.7700	60.6970	5.0000	4000.0000	500.0000	0.0000	4006.3338	0.2661	0.2496	0.0710	0.0712	0.4155	0.6192	0.3629	0.7660	2.7905	124.8096	310.2169	119.7146	71.6826	0.8420	0.5554	69.5310
72.7089	4000.0000	-0.2300	0.5549	0.0000	150.3520	120.3600	230.8640	1.1195	134.7700	60.6970	5.0000	4000.0000	500.0000	0.0000	4006.3338	0.2661	0.2496	0.0710	0.0712	0.4155	0.6192	0.3629	0.7660	2.7905	124.8096	310.2169	119.7146	71.6826	0.8420	0.5554	69.5310
73.2098	4000.0000	-0.2300	0.5549	0.0000	150.3630	120.1500	230.8820	1.1185	134.5500	60.6673	5.0000	4000.0000	500.0000	0.0000	3998.3483	0.2674	0.2774	0.0712	0.0712	0.3625	0.6282	0.1777	0.6150	2.1378	122.3215	310.2749	119.0362	71.6855	0.7640	0.5551	69.5441
73.4576	4000.0000	-0.2300	0.5549	0.0000	150.3630	120.1500	230.8820	1.1185	134.5500	60.6673	5.0000	4000.0000	500.0000	0.0000	3998.3483	0.2674	0.2774	0.0712	0.0712	0.3625	0.6282	0.1777	0.6150	2.1378	122.3215	310.2749	119.0362	71.6855	0.7640	0.5551	69.5441
73.8152	4000.0000	-0.2300	0.5549	0.0000	150.3630	120.1500	230.8820	1.1185	134.5500	60.6673	5.0000	4000.0000	500.0000	0.0000	3999.1582	0.2473	0.2744	0.0712	0.0712	0.4972	0.5634	0.0459	0.7897	3.6864	124.9777	310.2789	120.0538	71.6885	0.6513	0.5558	69.5441
74.2037	3999.0000	-0.2310	0.5553	0.0000	150.3630	120.2300	230.8860	1.1193	134.6000	60.6909	5.0000	4000.0000	500.0000	0.0000	4000.1895	0.2795	0.2709	0.0712	0.0713	0.3534	0.6718	0.3468	0.6694	1.2964	122.5746	310.3082	119.9099	71.6915	0.8791	0.5546	69.5573
74.4207	3999.0000	-0.2310	0.5553	0.0000	150.3630	120.2300	230.8860	1.1193	134.6000	60.6909	5.0000	4000.0000	500.0000	0.0000	4000.1895	0.2795	0.2709	0.0712	0.0713	0.3534	0.6718	0.3468	0.6694	1.2964	122.5746	310.3082	119.9099	71.6915	0.8791	0.5546	69.5573
74.9486	3999.0000	-0.2320	0.5549	0.0000	150.3860	120.0700	230.8900	1.1182	134.4000	60.6937	5.0000	4000.0000	500.0000	0.0000	4006.2289	0.2983	0.2495	0.0712	0.0715	0.6392	0.6713	0.2023	0.8053	3.0265	125.3569	310.3003	120.6801	71.6933	0.7184	0.5508	69.5711
75.0110	3999.0000	-0.2320	0.5549	0.0000	150.3860	120.0700	230.8900	1.1182	134.4000	60.6937	5.0000	4000.0000	500.0000	0.0000	4006.2289	0.2983	0.2495	0.0712	0.0715	0.6392	0.6713	0.2023	0.8053	3.0265	125.3569	310.3003	120.6801	71.6933	0.7184	0.5508	69.5711
75.6169	4001.0000	-0.2310	0.5545	0.0000	150.3800	119.9500	230.8920	1.1176	134.2700	60.6887	5.0000	4000.0000	500.0000	0.0000	4013.1991	0.2438	0.2251	0.0711	0.0711	0.3982	0.5825	0.3198	0.7037	3.6454	125.3871	310.3837	119.8736	71.6956	0.9422	0.5547	69.5711
75.6919	4001.0000	-0.2310	0.5545	0.0000	150.3800	119.9500	230.8920	1.1176	134.2700	60.6887	5.0000	4000.0000	500.0000	0.0000	4013.1991	0.2438	0.2251	0.0711	0.0711	0.3982	0.5825	0.3198	0.7037	3.6454	125.3871	310.3837	119.8736	71.6956	0.9422	0.5547	69.5711
76.2224	3999.0000	-0.2300	0.5535	0.0000	150.3760	119.9400	230.8860	1.1178	134.2000	60.6632	5.0000	4000.0000	500.0000	0.0000	4004.2977	0.2905	0.2560	0.0712	0.0715	0.4799	0.6803	0.1774	0.7255	2.4904	123.8323	310.4103	119.7047	71.6982	0.6942	0.5543	69.5841
76.4370	3999.0000	-0.2300	0.5535	0.0000	150.3760	119.9400	230.8860	1.1178	134.2000	60.6632	5.0000	4000.0000	500.0000	0.0000	4004.2977	0.2905	0.2560	0.0712	0.0715	0.4799	0.6803	0.1774	0.7255	2.4904	123.8323	310.4103	119.7047	71.6982	0.6942	0.5543	69.5841
76.8277	4001.0000	-0.2290	0.5523	0.0000	150.3360	119.7500	230.8790	1.1166	134.0000	60.6388	6.0000	4000.0000	500.0000	0.0000	4007.2101	0.2675	0.2457	0.0712	0.0712	0.3887	0.6323	0.2738	0.7637	3.5206	124.5480	310.3672	118.8944	71.7003	0.8064	0.5543	69.5841
77.1786	4001.0000	-0.2290	0.5523	0.0000	150.3360	119.7500	230.8790	1.1166	134.0000	60.6388	6.0000	4000.0000	500.0000	0.0000	4000.4060	0.2876	0.2696	0.0713	0.0714	0.3595	0.6870	0.3315	0.6995	2.0834	123.3092	310.3379	118.9730	71.7025	0.8251	0.5540	69.5971
77.4329	4001.0000	-0.2290	0.5523	0.0000	150.3360	119.7500	230.8790	1.1166	134.0000	60.6388	6.0000	4000.0000	500.0000	0.0000	4000.4060	0.2876	0.2696	0.0713	0.0714	0.3595	0.6870	0.3315	0.6995	2.0834	123.3092	310.3379	118.9730	71.7025	0.8251	0.5540	69.5971
77.9284	3999.0000	-0.2290	0.5521	0.0000	150.3230	119.7900	230.8620	1.1176	134.0500	60.6431	NOT CONNECTED	4000.0000	500.0000	0.0000	3994.2302	0.2505	0.2916	0.0714	0.0711	0.4150	0.5738	0.2839	0.8740	2.3225	125.0227	310.3062	120.0014	71.7031	0.8071	0.5526	69.6108
78.0392	3999.0000	-0.2290	0.5521	0.0000	150.3230	119.7900	230.8620	1.1176	134.0500	60.6431	NOT CONNECTED	4000.0000	500.0000	0.0000	3994.2302	0.2505	0.2916	0.0714	0.0711	0.4150	0.5738	0.2839	0.8740	2.3225	125.0227	310.3062	120.0014	71.7031	0.8071	0.5526	69.6108
78.6608	4039.0000	-0.0640	0.5524	0.0000	150.3550	119.7700	230.8340	1.1182	133.9700	60.6333	NOT CONNECTED	0.0000	500.0000	0.0000	4048.9076	0.0505	0.0506	0.0706	0.0706	0.3225	0.1208	0.4368	0.0895	1.7666	120.9114	316.8154	30.0335	71.7054	0.5154	0.5534	69.6108
78.9033	4039.0000	-0.0640	0.5524	0.0000	150.3550	119.7700	230.8340	1.1182	133.9700	60.6333	NOT CONNECTED	0.0000	500.0000	0.0000	4048.9076	0.0505	0.0506	0.0706	0.0706	0.3225	0.1208	0.4368	0.0895	1.7666	120.9114	316.8154	30.0335	71.7054	0.5154	0.5534	69.6108
79.2829	4005.0000	-0.0450	0.2942	0.0000	146.8430	27.2700	230.8850	0.3764	37.2700	60.6119	NOT CONNECTED	0.0000	500.0000	0.0000	3997.0165	0.0847	0.0984	0.0708	0.0707	0.4387	0.1858	0.2620	0.2886	2.8039	120.7928	317.0414	30.4937	71.6729	0.3551	0.3060	69.6233
79.6494	4005.0000	-0.0450	0.2942	0.0000	146.8430	27.2700	230.8850	0.3764	37.2700	60.6119	NOT CONNECTED	0.0000	500.0000	0.0000	4001.3097	0.0537	0.0689	0.0707	0.0706	0.3388	0.1271	0.2857	0.2192	2.2765	119.2378	316.8821	31.6934	71.6305	0.3215	0.3101	69.6233
79.8888	4005.0000	-0.0450	0.2942	0.0000	146.8430	27.2700	230.8850	0.3764	37.2700	60.6119	NOT CONNECTED	0.0000	500.0000	0.0000	4001.3097	0.0537	0.0689	0.0707	0.0706	0.3388	0.1271	0.2857	0.2192	2.2765	119.2378	316.8821	31.6934	71.6305	0.3215	0.3101	69.6233
80.4940	4002.0000	-0.0470	0.3062	0.0000	146.2150	33.0400	230.7990	0.4242	43.1400	60.5873	NOT CONNECTED	0.0000	500.0000	0.0000	3994.8075	0.0873	0.0905	0.0707	0.0707	0.4054	0.1965	0.3494	0.2504	2.4806	119.5840	316.7837	32.5126	71.5888	0.3941	0.3145	69.6166
80.9057	4002.0000	-0.0470	0.3062	0.0000	146.2150	33.0400	230.7990	0.4242	43.1400	60.5873	NOT CONNECTED	0.0000	500.0000	0.0000	3997.5976	0.0719	0.0808	0.0707	0.0707	0.3041	0.1798	0.3655	0.1375	2.1537	119.8311	316.6957	31.8802	71.5491	0.3703	0.3117	69.6107
81.0998	4002.0000	-0.0470	0.3062	0.0000	146.2150	33.0400	230.7990	0.4242	43.1400	60.5873	NOT CONNECTED	0.0000	500.0000	0.0000	3997.5976	0.0719	0.0808	0.0707	0.0707	0.3041	0.1798	0.3655	0.1375	2.1537	119.8311	316.6957	31.8802	71.5491	0.3703	0.3117	69.6107
81.6595	4002.0000	-0.0470	0.3056	0.0000	146.2240	33.1000	230.7820	0.4243	43.2400	60.5768	NOT CONNECTED	0.0000	500.0000	0.0000	3992.2016	0.0820	0.0997	0.0708	0.0707	0.4481	0.1673	0.2720	0.2808	1.9747	119.9900	316.6604	32.2440	71.5121	0.3031	0.3119	69.6107
81.7047	4002.0000	-0.0470	0.3056	0.0000	146.2240	33.1000	230.7820	0.4243	43.2400	60.5768	NOT CONNECTED	0.0000	500.0000	0.0000	3992.2016	0.0820	0.0997	0.0708	0.0707	0.4481	0.1673	0.2720	0.2808	1.9747	119.9900	316.6604	32.2440	71.5121	0.3031	0.3119	69.6107
82.3262	4002.0000	-0.0470	0.3054	0.0000	146.2080	33.2100	230.7410	0.4237	43.3400	60.5493	NOT CONNECTED	0.0000	500.0000	0.0000	3998.3550	0.0485	0.0524	0.0707	0.0659	0.0386	0.1327	0.2809	0.1221	-6.3671	85.1302	317.4176	12.8520	71.4750	0.3934	0.3094	69.6042
82.4033	4002.0000	-0.0470	0.3054	0.0000	146.2080	33.2100	230.7410	0.4237	43.3400	60.5493	NOT CONNECTED	0.0000	500.0000	0.0000	3998.3550	0.0485	0.0524	0.0707	0.0659	0.0386	0.1327	0.2809	0.1221	-6.3671	85.1302	317.4176	12.8520	71.4750	0.3934	0.3094	69.6042
82.9323	3746.0000	0.0440	0.4354	0.0000	130.4050	24.4000	230.7300	0.3557	34.8500	60.5419	NOT CONNECTED	0.0000	500.0000	0.0000	3716.8207	-0.0399	-0.0600	0.0353	0.0349	-1.7789	-0.0848	-2.0549	-0.1200	-6.7946	43.8681	317.7046	14.9943	71.5453	2.3004	1.2370	69.6042
83.1563	3746.0000	0.0440	0.4354	0.0000	130.4050	24.4000	230.7300	0.3557	34.8500	60.5419	NOT CONNECTED	0.0000	500.0000	0.0000	3716.8207	-0.0399	-0.0600	0.0353	0.0349	-1.7789	-0.0848	-2.0549	-0.1200	-6.7946	43.8681	317.7046	14.9943	71.5453	2.3004	1.2370	69.6042
83.5213	3746.0000	0.0440	0.4354	0.0000	130.4050	24.4000	230.7300	0.3557	34.8500	60.5419	NOT CONNECTED	0.0000	500.0000	0.0000	3475.5505	-0.0506	-0.0000	0.0351	0.0348	-0.9027	-0.2693	-2.3404	-0.2170	-12.9004	47.4727	317.7880	17.0255	71.8206	1.9371	1.2434	69.6107
83.8995	3361.0000	0.0490	1.2417	0.0000	67.5240	15.5600	230.6870	0.3098	30.0000	60.5412	NOT CONNECTED	0.0000	500.0000	0.0000	3091.6404	-0.1084	-0.0070	0.0349	0.0353	-2.2856	-0.4755	-1.5380	0.0493	-14.8220	40.4301	317.6906	18.3175	72.0888	1.9505	1.2443	69.7325
84.1269	3361.0000	0.0490	1.2417	0.0000	67.5240	15.5600	230.6870	0.3098	30.0000	60.5412	NOT CONNECTED	0.0000	500.0000	0.0000	3091.6404	-0.1084	-0.0070	0.0349	0.0353	-2.2856	-0.4755	-1.5380	0.0493	-14.8220	40.4301	317.6906	18.3175	72.0888	1.9505	1.2443	69.7325
84.6385	2982.0000	0.0500	1.2400	0.0000	62.6550	15.6900	230.6670	0.3087	29.9400	60.6113	NOT CONNECTED	0.0000	500.0000	0.0000	2794.8586	0.0146	-0.0486	0.0351	0.0348	-1.7066	0.0974	-2.2347	-0.1213	-7.5635	47.2225	317.5040	21.3818	72.3566	2.4579	1.2499	69.7325
84.7335	2982.0000	0.0500	1.2400	0.0000	62.6550	15.6900	230.6670	0.3087	29.9400	60.6113	NOT CONNECTED	0.0000	500.0000	0.0000	2794.8586	0.0146	-0.0486	0.0351	0.0348	-1.7066	0.0974	-2.2347	-0.1213	-7.5635	47.2225	317.5040	21.3818	72.3566	2.4579	1.2499	69.7325
85.3386	2603.0000	0.0470	1.2430	0.0000	53.3030	17.2900	230.6310	0.3189	31.2600	60.7138	NOT CONNECTED	0.0000	500.0000	0.0000	2556.9495	-0.1265	-0.0000	0.0350	0.0356	-2.3674	-0.6733	-2.1660	-0.3008	-6.9054	54.1804	317.3092	20.3410	72.6065	1.5225	1.2518	69.8518
85.3896	2603.0000	0.0470	1.2430	0.0000	53.3030	17.2900	230.6310	0.3189	31.2600	60.7138	NOT CONNECTED	0.0000	500.0000	0.0000	2556.9495	-0.1265	-0.0000	0.0350	0.0356	-2.3674	-0.6733	-2.1660	-0.3008	-6.9054	54.1804	317.3092	20.3410	72.6065	1.5225	1.2518	69.8518
85.9447	2231.0000	0.0450	1.2432	0.0000	48.8170	17.1100	230.6140	0.3173	31.0300	60.7991	NOT CONNECTED	0.0000	500.0000	0.0000	2168.1442	-0.0400	0.0222	0.0349	0.0348	-0.9188	-0.2088	-1.7222	0.0516	-10.3730	31.8162	317.3242	21.9396	72.8477	2.2643	1.2453	69.8518
86.1295	2231.0000	0.0450	1.2432	0.0000	48.8170	17.1100	230.6140	0.3173	31.0300	60.7991	NOT CONNECTED	0.0000	500.0000	0.0000	2168.1442	-0.0400	0.0222	0.0349	0.0348	-0.9188	-0.2088	-1.7222	0.0516	-10.3730	31.8162	317.3242	21.9396	72.8477	2.2643	1.2453	69.8518
86.5344	1860.0000	0.0480	1.2388	0.0000	39.7620	18.8200	230.5810	0.3273	32.3300	60.9345	NOT CONNECTED	0.0000	500.0000	0.0000	1884.2415	-0.0853	-0.0238	0.0345	0.0351	-0.8870	-0.4972	-1.1477	-0.0360	-9.0909	31.1018	317.2038	22.7499	73.0800	1.6703	1.2519	69.9679
86.8697	1860.0000	0.0480	1.2388	0.0000	39.7620	18.8200	230.5810	0.3273	32.3300	60.9345	NOT CONNECTED	0.0000	500.0000	0.0000	1569.3185	0.0028	0.0559	0.0350	0.0348	-1.5939	0.0186	-1.8755	0.0034	-13.4227	24.7746	317.1553	21.8147	73.2957	2.1446	1.2491	70.0791
87.1242	1860.0000	0.0480	1.2388	0.0000	39.7620	18.8200	230.5810	0.3273	32.3300	60.9345	NOT CONNECTED	0.0000	500.0000	0.0000	1569.3185	0.0028	0.0559	0.0350	0.0348	-1.5939	0.0186	-1.8755	0.0034	-13.4227	24.7746	317.1553	21.8147	73.2957	2.1446	1.2491	70.0791
87.6132	1479.0000	0.0470	1.2350	0.0000	35.1400	19.7000	230.5650	0.3330	33.1100	61.0740	NOT CONNECTED	0.0000	500.0000	0.0000	1277.5279	-0.0254	0.0618	0.0347	0.0348	-0.9690	-0.0496	-1.3283	-0.0759	-7.9474	22.8001	316.9206	23.5694	73.5126	1.4061	1.2423	70.0791
87.7302	1479.0000	0.0470	1.2350	0.0000	35.1400	19.7000	230.5650	0.3330	33.1100	61.0740	NOT CONNECTED	0.0000	500.0000	0.0000	1277.5279	-0.0254	0.0618	0.0347	0.0348	-0.9690	-0.0496	-1.3283	-0.0759	-7.9474	22.8001	316.9206	23.5694	73.5126	1.4061	1.2423	70.0791
88.3354	1087.0000	0.0620	1.2231	0.0000	26.1330	21.0800	230.5380	0.3416	34.1200	61.2249	NOT CONNECTED	0.0000	500.0000	0.0000	1023.3375	-0.1575	-0.1671	0.0358	0.0357	-1.5765	-0.7351	-1.7345	-0.1636	-12.1480	12.2514	316.8894	20.0535	73.7170	1.6389	1.2146	70.1857
88.3609	1087.0000	0.0620	1.2231	0.0000	26.1330	21.0800	230.5380	0.3416	34.1200	61.2249	NOT CONNECTED	0.0000	500.0000	0.0000	1023.3375	-0.1575	-0.1671	0.0358	0.0357	-1.5765	-0.7351	-1.7345	-0.1636	-12.1480	12.2514	316.8894	20.0535	73.7170	1.6389	1.2146	70.1857
88.9395	708.0000	0.0490	1.1838	0.0000	21.1430	20.3100	230.5260	0.3333	33.0600	61.3656	NOT CONNECTED	0.0000	500.0000	0.0000	705.7883	0.0449	-0.1216	0.0355	0.0351	-1.8813	0.2309	-1.7440	-0.2889	-8.3900	5.7032	316.8098	26.4762	73.9049	1.7383	1.1894	70.1857
89.0991	708.0000	0.0490	1.1838	0.0000	21.1430	20.3100	230.5260	0.3333	33.0600	61.3656	NOT CONNECTED	0.0000	500.0000	0.0000	705.7883	0.0449	-0.1216	0.0355	0.0351	-1.8813	0.2309	-1.7440	-0.2889	-8.3900	5.7032	316.8098	26.4762	73.9049	1.7383	1.1894	70.1857
89.5466	336.0000	0.0470	1.1488	0.0000	14.3630	21.7600	230.5080	0.3417	34.1300	61.5290	NOT CONNECTED	0.0000	500.0000	0.0000	370.2324	0.0314	0.0590	0.0345	0.0354	-1.7481	0.1480	-1.6176	-0.0617	-12.5982	4.2223	316.6420	30.9666	74.0637	1.6261	1.1609	70.2827
89.8330	336.0000	0.0470	1.1488	0.0000	14.3630	21.7600	230.5080	0.3417	34.1300	61.5290	NOT CONNECTED	0.0000	500.0000	0.0000	370.2324	0.0314	0.0590	0.0345	0.0354	-1.7481	0.1480	-1.6176	-0.0617	-12.5982	4.2223	316.6420	30.9666	74.0637	1.6261	1.1609	70.2827
90.1518	336.0000	0.0470	1.1488	0.0000	14.3630	21.7600	230.5080	0.3417	34.1300	61.5290	NOT CONNECTED	0.0000	500.0000	0.0000	0.0000	0.0000	0.0000	0.0672	0.0357	-1.6211	0.4368	-1.6670	0.2001	-10.9775	5.9686	321.3338	0.0000	74.1937	1.6789	0.8265	70.3668
90.5783	14.0000	-0.0060	1.0336	0.0000	11.3830	17.9600	230.5060	0.3233	29.9500	61.6009	NOT CONNECTED	0.0000	500.0000	0.0000	0.0000	0.0000	0.0000	0.0672	0.0357	-1.6211	0.4368	-1.6670	0.2001	-10.9775	5.9686	321.3189	0.0000	74.0831	1.6789	0.0054	70.3668
90.7576	14.0000	-0.0060	1.0336	0.0000	11.3830	17.9600	230.5060	0.3233	29.9500	61.6009	NOT CONNECTED	0.0000	500.0000	0.0000	0.0000	0.0000	0.0000	0.0672	0.0357	-1.6211	0.4368	-1.6670	0.2001	-10.9775	5.9686	321.3189	0.0000	74.0831	1.6789	0.0054	70.3668
91.3201	0.0000	-0.0130	0.0148	0.0000	0.7470	-0.0400	230.5110	0.0341	2.1000	61.7054	NOT CONNECTED	0.0000	500.0000	0.0000	0.0000	0.0000	0.0000	0.0672	0.0357	-1.6211	0.4368	-1.6670	0.2001	-10.9775	5.9686	321.3108	0.0000	73.9426	1.6789	0.0056	70.3666
91.3624	0.0000	-0.0130	0.0148	0.0000	0.7470	-0.0400	230.5110	0.0341	2.1000	61.7054	NOT CONNECTED	0.0000	500.0000	0.0000	0.0000	0.0000	0.0000	0.0672	0.0357	-1.6211	0.4368	-1.6670	0.2001	-10.9775	5.9686	321.3108	0.0000	73.9426	1.6789	0.0056	70.3666
91.9694	0.0000	-0.0140	0.0148	0.0000	0.7470	-0.0400	230.5100	0.0341	2.1000	61.7526	NOT CONNECTED	0.0000	500.0000	0.0000	0.0000	0.0000	0.0000	0.0672	0.0357	-1.6211	0.4368	-1.6670	0.2001	0.0000	0.0000	321.3500	0.0000	73.8040	1.6789	0.0052	70.3666
92.0611	0.0000	-0.0140	0.0148	0.0000	0.7470	-0.0400	230.5100	0.0341	2.1000	61.7526	NOT CONNECTED	0.0000	500.0000	0.0000	0.0000	0.0000	0.0000	0.0672	0.0357	-1.6211	0.4368	-1.6670	0.2001	0.0000	0.0000	321.3500	0.0000	73.8040	1.6789	0.0052	70.3666
92.5736	NOT CONNECTED	NOT CONNECTED	NOT CONNECTED	NOT CONNECTED	NOT CONNECTED	NOT CONNECTED	NOT CONNECTED	NOT CONNECTED	NOT CONNECTED	NOT CONNECTED	NOT CONNECTED	0.0000	500.0000	0.0000	0.0000	0.0000	0.0000	0.0672	0.0357	-1.6211	0.4368	-1.6670	0.2001	0.0000	0.0000	321.3947	0.0000	73.6773	1.6789	0.0051	70.3191
