Time	speed	torque	motor_current	motor_current_thd	motor_voltage	motor_power	line_voltage	line_current	line_power	motor_temperature	Test_Marker	BD_Target_Speed	BD_Target_Accel	BD_Update_Cmd	Mcl_Quantities.Speed_Rot_Mech	Mcl_Quantities.Torque	Mcl_Quantities.Torque_Ref	Mcl_Quantities.Stator_Flux_Mag	Mcl_Quantities.Flux_Ref	Mcl_Quantities.Id_stator_current	Mcl_Quantities.Iq_stator_current	Mcl_Quantities.Id_rotor_current	Rotor_Curr_Iq	Flux_Controller.Out	Torque_Controller.Out	DC_Bus_RMS	Mcl_Quantities.Electrical_Power	Mcl_Quantities.Stator_Temperature	Mcl_Quantities.Is_Abs	Mcl_Quantities.IsRMS	SR_Overheating_Temp
0.2853	NOT CONNECTED	NOT CONNECTED	NOT CONNECTED	NOT CONNECTED	NOT CONNECTED	NOT CONNECTED	NOT CONNECTED	NOT CONNECTED	NOT CONNECTED	NOT CONNECTED	NOT CONNECTED	0.0000	500.0000	0.0000	0.0000	0.0000	0.0000	0.0672	0.0359	-1.8539	0.4602	-1.8998	0.1984	0.0000	0.0000	322.1619	0.0000	79.1133	1.9102	0.0208	101.0475
0.7353	0.0000	-0.0290	0.0146	0.0000	0.7410	-0.0400	230.9420	0.0343	1.9900	72.9903	NOT CONNECTED	0.0000	500.0000	0.0000	0.0000	0.0000	0.0000	0.0672	0.0359	-1.8539	0.4602	-1.8998	0.1984	0.0000	0.0000	322.1592	0.0000	78.8595	1.9102	0.0050	101.0475
0.8905	0.0000	-0.0290	0.0146	0.0000	0.7410	-0.0400	230.9420	0.0343	1.9900	72.9903	NOT CONNECTED	0.0000	500.0000	0.0000	0.0000	0.0000	0.0000	0.0672	0.0359	-1.8539	0.4602	-1.8998	0.1984	0.0000	0.0000	322.1592	0.0000	78.8595	1.9102	0.0050	101.0475
1.4792	0.0000	-0.0360	0.0146	0.0000	0.7410	-0.0400	230.9410	0.0344	2.0000	72.8315	NOT CONNECTED	0.0000	500.0000	0.0000	0.0000	0.0000	0.0000	0.0672	0.0359	-1.8539	0.4602	-1.8998	0.1984	0.0000	0.0000	322.1186	0.0000	78.6140	1.9102	0.0048	100.8793
1.4971	0.0000	-0.0360	0.0146	0.0000	0.7410	-0.0400	230.9410	0.0344	2.0000	72.8315	NOT CONNECTED	0.0000	500.0000	0.0000	0.0000	0.0000	0.0000	0.0672	0.0359	-1.8539	0.4602	-1.8998	0.1984	0.0000	0.0000	322.1186	0.0000	78.6140	1.9102	0.0048	100.8793
2.1031	0.0000	-0.0400	0.0146	0.0000	0.7410	-0.0400	230.9330	0.0344	1.9900	72.6712	NOT CONNECTED	0.0000	500.0000	0.0000	0.0000	0.0000	0.0000	0.0672	0.0359	-1.8539	0.4602	-1.8998	0.1984	0.0000	0.0000	322.1118	0.0000	78.3768	1.9102	0.0049	100.7119
2.2179	0.0000	-0.0400	0.0146	0.0000	0.7410	-0.0400	230.9330	0.0344	1.9900	72.6712	NOT CONNECTED	0.0000	500.0000	0.0000	0.0000	0.0000	0.0000	0.0672	0.0359	-1.8539	0.4602	-1.8998	0.1984	0.0000	0.0000	322.1118	0.0000	78.3768	1.9102	0.0049	100.7119
2.7081	0.0000	-0.0410	0.0145	0.0000	0.7400	-0.0400	230.9270	0.0340	1.9700	72.5410	NOT CONNECTED	0.0000	500.0000	0.0000	0.0000	0.0000	0.0000	0.0672	0.0359	-1.8539	0.4602	-1.8998	0.1984	0.0000	0.0000	322.0685	0.0000	78.1474	1.9102	0.0049	100.7119
2.9575	0.0000	-0.0410	0.0145	0.0000	0.7400	-0.0400	230.9270	0.0340	1.9700	72.5410	NOT CONNECTED	0.0000	500.0000	0.0000	0.0000	0.0000	0.0000	0.0672	0.0359	-1.8539	0.4602	-1.8998	0.1984	0.0000	0.0000	322.0685	0.0000	78.1474	1.9102	0.0049	100.7119
3.3140	0.0000	-0.0410	0.0145	0.0000	0.7400	-0.0400	230.9270	0.0340	1.9700	72.5410	NOT CONNECTED	0.0000	500.0000	0.0000	0.0000	0.0000	0.0000	0.0672	0.0359	-1.8539	0.4602	-1.8998	0.1984	0.0000	0.0000	322.0550	0.0000	77.9165	1.9102	0.0053	100.5453
3.6979	0.0000	-0.0390	0.0146	0.0000	0.7410	-0.0400	230.9060	0.0339	1.9700	72.3768	NOT CONNECTED	0.0000	500.0000	0.0000	0.0000	0.0000	0.0000	0.0672	0.0359	-1.8539	0.4602	-1.8998	0.1984	0.0000	0.0000	322.0293	0.0000	77.7023	1.9102	0.0053	100.3796
3.9195	0.0000	-0.0390	0.0146	0.0000	0.7410	-0.0400	230.9060	0.0339	1.9700	72.3768	NOT CONNECTED	0.0000	500.0000	0.0000	0.0000	0.0000	0.0000	0.0672	0.0359	-1.8539	0.4602	-1.8998	0.1984	0.0000	0.0000	322.0293	0.0000	77.7023	1.9102	0.0053	100.3796
4.4394	0.0000	-0.0400	0.0146	0.0000	0.7410	-0.0400	230.8930	0.0339	1.9700	72.2568	NOT CONNECTED	0.0000	500.0000	0.0000	0.0000	0.0000	0.0000	0.0672	0.0359	-1.8539	0.4602	-1.8998	0.1984	0.0000	0.0000	321.9616	0.0000	77.4866	1.9102	0.0047	100.3796
4.5253	0.0000	-0.0400	0.0146	0.0000	0.7410	-0.0400	230.8930	0.0339	1.9700	72.2568	NOT CONNECTED	0.0000	500.0000	0.0000	0.0000	0.0000	0.0000	0.0672	0.0359	-1.8539	0.4602	-1.8998	0.1984	0.0000	0.0000	321.9616	0.0000	77.4866	1.9102	0.0047	100.3796
5.1299	0.0000	-0.0410	0.0146	0.0000	0.7410	-0.0400	230.8600	0.0336	1.9300	72.0594	NOT CONNECTED	0.0000	500.0000	0.0000	0.0000	0.0000	0.0000	0.0672	0.0359	-1.8539	0.4602	-1.8998	0.1984	0.0000	0.0000	321.9507	0.0000	77.2865	1.9102	0.0048	100.2148
5.1854	0.0000	-0.0410	0.0146	0.0000	0.7410	-0.0400	230.8600	0.0336	1.9300	72.0594	NOT CONNECTED	0.0000	500.0000	0.0000	0.0000	0.0000	0.0000	0.0672	0.0359	-1.8539	0.4602	-1.8998	0.1984	0.0000	0.0000	321.9507	0.0000	77.2865	1.9102	0.0048	100.2148
5.7366	0.0000	-0.0390	0.0146	0.0000	0.7400	-0.0400	230.8410	0.0336	1.9500	71.8986	NOT CONNECTED	0.0000	500.0000	0.0000	0.0000	0.0000	0.0000	0.0672	0.0359	-1.8539	0.4602	-1.8998	0.1984	0.0000	0.0000	321.9074	0.0000	77.0929	1.9102	0.0050	100.2148
5.9306	0.0000	-0.0390	0.0146	0.0000	0.7400	-0.0400	230.8410	0.0336	1.9500	71.8986	NOT CONNECTED	0.0000	500.0000	0.0000	0.0000	0.0000	0.0000	0.0672	0.0359	-1.8539	0.4602	-1.8998	0.1984	0.0000	0.0000	321.9074	0.0000	77.0929	1.9102	0.0050	100.2148
6.3422	0.0000	-0.0410	0.0146	0.0000	0.7400	-0.0400	230.8030	0.0335	1.9400	71.7723	NOT CONNECTED	0.0000	500.0000	0.0000	0.0000	0.0000	0.0000	0.0672	0.0359	-1.8539	0.4602	-1.8998	0.1984	0.0000	0.0000	321.8709	0.0000	76.9055	1.9102	0.0049	100.0508
6.6718	0.0000	-0.0410	0.0146	0.0000	0.7400	-0.0400	230.8030	0.0335	1.9400	71.7723	NOT CONNECTED	0.0000	500.0000	0.0000	0.0000	0.0000	0.0000	0.0672	0.0359	-1.8539	0.4602	-1.8998	0.1984	0.0000	0.0000	321.8601	0.0000	76.7168	1.9102	0.0052	99.8876
6.9644	0.0000	-0.0410	0.0146	0.0000	0.7400	-0.0400	230.8030	0.0335	1.9400	71.7723	NOT CONNECTED	0.0000	500.0000	0.0000	0.0000	0.0000	0.0000	0.0672	0.0359	-1.8539	0.4602	-1.8998	0.1984	0.0000	0.0000	321.8601	0.0000	76.7168	1.9102	0.0052	99.8876
7.4143	0.0000	-0.0400	0.0146	0.0000	0.7410	-0.0400	230.7820	0.0335	1.9500	71.6119	NOT CONNECTED	0.0000	500.0000	0.0000	0.0000	0.0000	0.0000	0.0672	0.0359	-1.8539	0.4602	-1.8998	0.1984	0.0000	0.0000	321.7573	0.0000	76.5416	1.9102	0.0049	99.8876
7.5695	0.0000	-0.0400	0.0146	0.0000	0.7410	-0.0400	230.7820	0.0335	1.9500	71.6119	NOT CONNECTED	0.0000	500.0000	0.0000	0.0000	0.0000	0.0000	0.0672	0.0359	-1.8539	0.4602	-1.8998	0.1984	0.0000	0.0000	321.7573	0.0000	76.5416	1.9102	0.0049	99.8876
8.1631	0.0000	-0.0400	0.0146	0.0000	0.7410	-0.0400	230.7340	0.0335	1.9500	71.4477	NOT CONNECTED	0.0000	500.0000	0.0000	0.0000	0.0000	0.0000	0.0672	0.0359	-1.8539	0.4602	-1.8998	0.1984	0.0000	0.0000	321.7438	0.0000	76.3720	1.9102	0.0049	99.7252
8.1755	0.0000	-0.0400	0.0146	0.0000	0.7410	-0.0400	230.7340	0.0335	1.9500	71.4477	NOT CONNECTED	0.0000	500.0000	0.0000	0.0000	0.0000	0.0000	0.0672	0.0359	-1.8539	0.4602	-1.8998	0.1984	0.0000	0.0000	321.7438	0.0000	76.3720	1.9102	0.0049	99.7252
8.7645	0.0000	-0.0420	0.0146	0.0000	0.7410	-0.0400	230.7080	0.0334	1.9400	71.2489	NOT CONNECTED	0.0000	500.0000	0.0000	0.0000	0.0000	0.0000	0.0672	0.0359	-1.8539	0.4602	-1.8998	0.1984	0.0000	0.0000	321.6707	0.0000	76.2078	1.9102	0.0049	99.7252
8.8980	0.0000	-0.0420	0.0146	0.0000	0.7410	-0.0400	230.7080	0.0334	1.9400	71.2489	NOT CONNECTED	0.0000	500.0000	0.0000	0.0000	0.0000	0.0000	0.0672	0.0359	-1.8539	0.4602	-1.8998	0.1984	0.0000	0.0000	321.6707	0.0000	76.2078	1.9102	0.0049	99.7252
9.3546	0.0000	-0.0410	0.0146	0.0000	0.7410	-0.0400	230.6570	0.0334	1.9600	71.1149	NOT CONNECTED	0.0000	500.0000	0.0000	0.0000	0.0000	0.0000	0.0672	0.0359	-1.8539	0.4602	-1.8998	0.1984	0.0000	0.0000	321.6423	0.0000	76.0488	1.9102	0.0048	99.5637
9.6361	0.0000	-0.0410	0.0146	0.0000	0.7410	-0.0400	230.6570	0.0334	1.9600	71.1149	NOT CONNECTED	0.0000	500.0000	0.0000	0.0000	0.0000	0.0000	0.0672	0.0359	-1.8539	0.4602	-1.8998	0.1984	0.0000	0.0000	321.6423	0.0000	76.0488	1.9102	0.0048	99.5637
9.9766	0.0000	-0.0410	0.0146	0.0000	0.7410	-0.0400	230.6570	0.0334	1.9600	71.1149	NOT CONNECTED	0.0000	500.0000	0.0000	0.0000	0.0000	0.0000	0.0672	0.0359	-1.8539	0.4602	-1.8998	0.1984	0.0000	0.0000	321.6233	0.0000	75.8949	1.9102	0.0051	99.4030
10.3811	0.0000	-0.0400	0.0146	0.0000	0.7410	-0.0400	230.6330	0.0335	1.9500	70.9514	NOT CONNECTED	0.0000	500.0000	0.0000	0.0000	0.0000	0.0000	0.0672	0.0359	-1.8539	0.4602	-1.8998	0.1984	0.0000	0.0000	321.5529	0.0000	75.7458	1.9102	0.0049	99.4030
10.5821	0.0000	-0.0400	0.0146	0.0000	0.7410	-0.0400	230.6330	0.0335	1.9500	70.9514	NOT CONNECTED	0.0000	500.0000	0.0000	0.0000	0.0000	0.0000	0.0672	0.0359	-1.8539	0.4602	-1.8998	0.1984	0.0000	0.0000	321.5529	0.0000	75.7458	1.9102	0.0049	99.4030
11.1201	0.0000	-0.0390	0.0146	0.0000	0.7410	-0.0400	230.5880	0.0335	1.9600	70.7815	NOT CONNECTED	0.0000	500.0000	0.0000	0.0000	0.0000	0.0000	0.0672	0.0359	-1.8539	0.4602	-1.8998	0.1984	0.0000	0.0000	321.5556	0.0000	75.5956	1.9102	0.0052	99.2430
11.1865	0.0000	-0.0390	0.0146	0.0000	0.7410	-0.0400	230.5880	0.0335	1.9600	70.7815	NOT CONNECTED	0.0000	500.0000	0.0000	0.0000	0.0000	0.0000	0.0672	0.0359	-1.8539	0.4602	-1.8998	0.1984	0.0000	0.0000	321.5556	0.0000	75.5956	1.9102	0.0052	99.2430
11.7771	0.0000	-0.0390	0.0146	0.0000	0.7420	-0.0400	230.5690	0.0336	1.9700	70.6423	NOT CONNECTED	0.0000	500.0000	0.0000	0.0000	0.0000	0.0000	0.0672	0.0359	-1.8539	0.4602	-1.8998	0.1984	0.0000	0.0000	321.5312	0.0000	75.4559	1.9102	0.0051	99.2430
11.8536	0.0000	-0.0390	0.0146	0.0000	0.7420	-0.0400	230.5690	0.0336	1.9700	70.6423	NOT CONNECTED	0.0000	500.0000	0.0000	0.0000	0.0000	0.0000	0.0672	0.0359	-1.8539	0.4602	-1.8998	0.1984	0.0000	0.0000	321.5312	0.0000	75.4559	1.9102	0.0051	99.2430
12.3824	0.0000	-0.0410	0.0146	0.0000	0.7410	-0.0400	230.5380	0.0337	1.9800	70.4756	NOT CONNECTED	0.0000	500.0000	0.0000	0.0000	0.0000	0.0000	0.0672	0.0359	-1.8539	0.4602	-1.8998	0.1984	0.0000	0.0000	321.5312	0.0000	75.3206	1.9102	0.0049	99.0839
12.6050	0.0000	-0.0410	0.0146	0.0000	0.7410	-0.0400	230.5380	0.0337	1.9800	70.4756	NOT CONNECTED	0.0000	500.0000	0.0000	0.0000	0.0000	0.0000	0.0672	0.0359	-1.8539	0.4602	-1.8998	0.1984	0.0000	0.0000	321.5312	0.0000	75.3206	1.9102	0.0049	99.0839
12.9886	0.0000	-0.0380	0.0146	0.0000	0.7410	-0.0400	230.5260	0.0336	1.9800	70.3325	NOT CONNECTED	0.0000	500.0000	0.0000	0.0000	0.0000	0.0000	0.0672	0.0359	-1.8539	0.4602	-1.8998	0.1984	0.0000	0.0000	321.5367	0.0000	75.1895	1.9102	0.0048	98.9256
13.3374	0.0000	-0.0380	0.0146	0.0000	0.7410	-0.0400	230.5260	0.0336	1.9800	70.3325	NOT CONNECTED	0.0000	500.0000	0.0000	0.0000	0.0000	0.0000	0.0672	0.0359	-1.8539	0.4602	-1.8998	0.1984	0.0000	0.0000	321.4866	0.0000	75.0625	1.9102	0.0050	98.9256
13.5949	0.0000	-0.0380	0.0146	0.0000	0.7410	-0.0400	230.5260	0.0336	1.9800	70.3325	NOT CONNECTED	0.0000	500.0000	0.0000	0.0000	0.0000	0.0000	0.0672	0.0359	-1.8539	0.4602	-1.8998	0.1984	0.0000	0.0000	321.4866	0.0000	75.0625	1.9102	0.0050	98.9256
14.2157	0.0000	-0.0390	0.0146	0.0000	0.7410	-0.0400	230.5130	0.0337	1.9800	70.1438	NOT CONNECTED	12000.0000	500.0000	0.0000	0.0000	0.0000	0.0000	0.0672	0.0359	-1.8539	0.4602	-1.8998	0.1984	0.0000	0.0000	321.5204	0.0000	74.9344	1.9102	0.0051	98.7680
14.3252	0.0000	-0.0390	0.0146	0.0000	0.7410	-0.0400	230.5130	0.0337	1.9800	70.1438	NOT CONNECTED	12000.0000	500.0000	0.0000	0.0000	0.0000	0.0000	0.0672	0.0359	-1.8539	0.4602	-1.8998	0.1984	0.0000	0.0000	321.5204	0.0000	74.9344	1.9102	0.0051	98.7680
14.8205	0.0000	-0.0400	0.0146	0.0000	0.7420	-0.0400	230.5130	0.0335	1.9800	69.9890	NOT CONNECTED	12000.0000	500.0000	0.0000	0.0000	0.0000	0.0000	0.0672	0.0359	-1.8539	0.4602	-1.8998	0.1984	0.0000	0.0000	321.5367	0.0000	74.8153	1.9102	0.0048	98.7680
15.0618	0.0000	-0.0400	0.0146	0.0000	0.7420	-0.0400	230.5130	0.0335	1.9800	69.9890	NOT CONNECTED	12000.0000	500.0000	0.0000	0.0000	0.0000	0.0000	0.0672	0.0359	-1.8539	0.4602	-1.8998	0.1984	0.0000	0.0000	321.5367	0.0000	74.8153	1.9102	0.0048	98.7680
15.4428	0.0000	-0.0370	0.0146	0.0000	0.7420	-0.0400	230.5250	0.0333	1.9700	69.8483	NOT CONNECTED	12000.0000	500.0000	0.0000	0.0000	0.0000	0.0000	0.0672	0.0359	-1.8539	0.4602	-1.8998	0.1984	0.0000	0.0000	321.6151	0.0000	74.6951	1.9102	0.0051	98.6113
15.8042	0.0000	-0.0370	0.0146	0.0000	0.7420	-0.0400	230.5250	0.0333	1.9700	69.8483	NOT CONNECTED	12000.0000	500.0000	0.0000	0.0000	0.0000	0.0000	0.0672	0.0359	-1.8539	0.4602	-1.8998	0.1984	0.0000	0.0000	321.6016	0.0000	74.5832	1.9102	0.0051	98.4553
16.0490	0.0000	-0.0370	0.0146	0.0000	0.7420	-0.0400	230.5250	0.0333	1.9700	69.8483	NOT CONNECTED	12000.0000	500.0000	0.0000	0.0000	0.0000	0.0000	0.0672	0.0359	-1.8539	0.4602	-1.8998	0.1984	0.0000	0.0000	321.6016	0.0000	74.5832	1.9102	0.0051	98.4553
16.5485	0.0000	-0.0410	0.0146	0.0000	0.7420	-0.0400	230.5360	0.0333	1.9700	69.6416	NOT CONNECTED	12000.0000	500.0000	0.0000	0.0000	0.0000	0.0000	0.0672	0.0359	-1.8539	0.4602	-1.8998	0.1984	0.0000	0.0000	321.6531	0.0000	74.4748	1.9102	0.0050	98.4553
16.6538	0.0000	-0.0410	0.0146	0.0000	0.7420	-0.0400	230.5360	0.0333	1.9700	69.6416	NOT CONNECTED	12000.0000	500.0000	0.0000	0.0000	0.0000	0.0000	0.0672	0.0359	-1.8539	0.4602	-1.8998	0.1984	0.0000	0.0000	321.6531	0.0000	74.4748	1.9102	0.0050	98.4553
17.2588	0.0000	-0.0410	0.0146	0.0000	0.7410	-0.0400	230.5710	0.0333	1.9600	69.5309	NOT CONNECTED	12000.0000	500.0000	0.0000	0.0000	0.0000	0.0000	0.0672	0.0359	-1.8539	0.4602	-1.8998	0.1984	0.0000	0.0000	321.6977	0.0000	74.3696	1.9102	0.0051	98.3000
17.2910	0.0000	-0.0410	0.0146	0.0000	0.7410	-0.0400	230.5710	0.0333	1.9600	69.5309	NOT CONNECTED	12000.0000	500.0000	0.0000	0.0000	0.0000	0.0000	0.0672	0.0359	-1.8539	0.4602	-1.8998	0.1984	0.0000	0.0000	321.6977	0.0000	74.3696	1.9102	0.0051	98.3000
17.8490	0.0000	-0.0410	0.0146	0.0000	0.7420	-0.0400	230.5960	0.0332	1.9600	69.4091	NOT CONNECTED	12000.0000	500.0000	0.0000	0.0000	0.0000	0.0000	0.0672	0.0359	-1.8539	0.4602	-1.8998	0.1984	0.0000	0.0000	321.7614	0.0000	74.2676	1.9102	0.0050	98.3000
18.0303	0.0000	-0.0410	0.0146	0.0000	0.7420	-0.0400	230.5960	0.0332	1.9600	69.4091	NOT CONNECTED	12000.0000	500.0000	0.0000	0.0000	0.0000	0.0000	0.0672	0.0359	-1.8539	0.4602	-1.8998	0.1984	0.0000	0.0000	321.7614	0.0000	74.2676	1.9102	0.0050	98.3000
18.4508	0.0000	-0.0400	0.0146	0.0000	0.7420	-0.0400	230.6510	0.0332	1.9600	69.2573	NOT CONNECTED	12000.0000	500.0000	0.0000	0.0000	0.0000	0.0000	0.0672	0.0359	-1.8539	0.4602	-1.8998	-0.0236	0.6300	0.0000	316.6743	0.0000	74.1687	1.9102	0.0050	98.1456
18.7659	0.0000	-0.0400	0.0146	0.0000	0.7420	-0.0400	230.6510	0.0332	1.9600	69.2573	NOT CONNECTED	12000.0000	500.0000	0.0000	0.0000	0.0000	0.0000	0.0672	0.0359	-1.8539	0.4602	-1.8998	-0.0236	0.6300	0.0000	316.6743	0.0000	74.1687	1.9102	0.0050	98.1456
19.5066	0.0000	-0.0390	0.0146	0.0000	0.7420	-0.0400	230.6800	0.0332	1.9700	69.1186	NOT CONNECTED	12000.0000	500.0000	0.0000	0.0619	-0.0075	0.0000	0.1338	0.0359	3.0223	-0.0098	3.0543	-0.0265	19.8249	0.0000	311.5322	93.6769	75.1919	3.0624	2.1495	97.9310
20.2434	72.0000	-0.1110	0.0146	0.0000	0.7420	-0.0400	230.7380	0.0332	1.9800	68.9923	NOT CONNECTED	12000.0000	500.0000	0.0000	0.0619	-0.0075	0.0000	0.1338	0.0359	3.0223	-0.0098	3.0543	-0.0265	19.8249	0.0000	311.5322	93.6769	75.1919	3.0624	2.1495	97.9310
20.8467	7.0000	-0.0120	1.2089	0.0000	12.7470	31.6500	230.7200	0.4317	43.3700	68.8274	NOT CONNECTED	12000.0000	500.0000	0.0000	0.0878	0.0215	0.0000	0.1086	0.0750	0.4841	0.0469	0.9753	0.0507	7.6588	0.2766	319.9341	4.0495	75.7495	0.9834	0.6945	97.9310
20.9795	7.0000	-0.0120	1.2089	0.0000	12.7470	31.6500	230.7200	0.4317	43.3700	68.8274	NOT CONNECTED	12000.0000	500.0000	0.0000	0.0878	0.0215	0.0000	0.1086	0.0750	0.4841	0.0469	0.9753	0.0507	7.6588	0.2766	319.9341	4.0495	75.7495	0.9834	0.6945	97.9310
21.4516	0.0000	-0.0120	2.0134	0.0000	20.5960	88.6200	230.7690	0.9571	111.8400	68.7655	NOT CONNECTED	12000.0000	500.0000	0.0000	176.0615	0.2114	0.2485	0.0808	0.0806	0.9272	0.4296	0.8133	0.5075	5.6133	10.5572	319.1075	15.5954	78.2494	1.0462	0.6719	98.1790
21.7216	0.0000	-0.0120	2.0134	0.0000	20.5960	88.6200	230.7690	0.9571	111.8400	68.7655	NOT CONNECTED	12000.0000	500.0000	0.0000	176.0615	0.2114	0.2485	0.0808	0.0806	0.9272	0.4296	0.8133	0.5075	5.6133	10.5572	319.1075	15.5954	78.2494	1.0462	0.6719	98.1790
22.0575	0.0000	-0.0120	2.0134	0.0000	20.5960	88.6200	230.7690	0.9571	111.8400	68.7655	NOT CONNECTED	12000.0000	500.0000	0.0000	498.9950	0.1458	0.1611	0.0708	0.0709	0.2899	0.3480	0.2129	0.2896	1.9059	17.8633	319.8553	8.7897	78.1598	0.4287	0.2927	98.1345
22.4612	0.0000	-0.0170	1.4742	0.0000	15.2130	47.1100	230.8390	0.6407	65.8100	68.7329	NOT CONNECTED	12000.0000	500.0000	0.0000	808.7498	0.1408	0.1192	0.0707	0.0709	0.3160	0.3297	0.2535	0.3736	1.6833	26.9578	319.3076	13.1947	78.0259	0.4145	0.2914	98.1345
22.6639	0.0000	-0.0170	1.4742	0.0000	15.2130	47.1100	230.8390	0.6407	65.8100	68.7329	NOT CONNECTED	12000.0000	500.0000	0.0000	808.7498	0.1408	0.1192	0.0707	0.0709	0.3160	0.3297	0.2535	0.3736	1.6833	26.9578	319.3076	13.1947	78.0259	0.4145	0.2914	98.1345
23.1972	321.0000	-0.1090	0.6921	0.0000	11.0310	10.9600	230.8780	0.2158	19.6800	68.6712	NOT CONNECTED	12000.0000	500.0000	0.0000	1108.0162	0.1162	0.1348	0.0709	0.0708	0.2862	0.2756	0.2041	0.3401	1.7199	35.8561	318.6329	17.3257	77.9008	0.4204	0.3018	98.0088
23.2694	321.0000	-0.1090	0.6921	0.0000	11.0310	10.9600	230.8780	0.2158	19.6800	68.6712	NOT CONNECTED	12000.0000	500.0000	0.0000	1108.0162	0.1162	0.1348	0.0709	0.0708	0.2862	0.2756	0.2041	0.3401	1.7199	35.8561	318.6329	17.3257	77.9008	0.4204	0.3018	98.0088
23.8754	689.0000	-0.1070	0.2665	0.0000	17.0180	6.4900	230.8980	0.1503	12.9100	68.6374	NOT CONNECTED	12000.0000	500.0000	0.0000	1409.2787	0.1467	0.1437	0.0709	0.0709	0.2862	0.3446	0.2415	0.4075	2.1300	45.1356	318.0870	22.0937	77.7828	0.4328	0.3106	98.0088
23.9443	689.0000	-0.1070	0.2665	0.0000	17.0180	6.4900	230.8980	0.1503	12.9100	68.6374	NOT CONNECTED	12000.0000	500.0000	0.0000	1409.2787	0.1467	0.1437	0.0709	0.0709	0.2862	0.3446	0.2415	0.4075	2.1300	45.1356	318.0870	22.0937	77.7828	0.4328	0.3106	98.0088
24.4799	1059.0000	-0.1100	0.2982	0.0000	35.1350	13.7800	230.9190	0.2294	21.1500	68.6419	NOT CONNECTED	12000.0000	500.0000	0.0000	1711.6115	0.1280	0.1569	0.0708	0.0708	0.2970	0.3059	0.3064	0.3494	1.7206	53.8983	317.5978	26.5698	77.6710	0.4675	0.3200	97.8741
24.6802	1059.0000	-0.1100	0.2982	0.0000	35.1350	13.7800	230.9190	0.2294	21.1500	68.6419	NOT CONNECTED	12000.0000	500.0000	0.0000	1711.6115	0.1280	0.1569	0.0708	0.0708	0.2970	0.3059	0.3064	0.3494	1.7206	53.8983	317.5978	26.5698	77.6710	0.4675	0.3200	97.8741
25.0860	1428.0000	-0.1100	0.3066	0.0000	44.1230	17.5600	230.9260	0.2668	25.3600	68.5826	NOT CONNECTED	12000.0000	500.0000	0.0000	2020.9021	0.1425	0.1354	0.0709	0.0709	0.2758	0.3432	0.2563	0.3276	2.1911	63.0487	316.9832	31.7986	77.5599	0.4359	0.3254	97.7448
25.4274	1428.0000	-0.1100	0.3066	0.0000	44.1230	17.5600	230.9260	0.2668	25.3600	68.5826	NOT CONNECTED	12000.0000	500.0000	0.0000	2317.3537	0.1616	0.1582	0.0709	0.0709	0.3298	0.3887	0.2950	0.3452	2.1868	71.8387	316.4364	37.1407	77.4583	0.5178	0.3346	97.7448
25.6928	1428.0000	-0.1100	0.3066	0.0000	44.1230	17.5600	230.9260	0.2668	25.3600	68.5826	NOT CONNECTED	12000.0000	500.0000	0.0000	2317.3537	0.1616	0.1582	0.0709	0.0709	0.3298	0.3887	0.2950	0.3452	2.1868	71.8387	316.4364	37.1407	77.4583	0.5178	0.3346	97.7448
26.1651	1804.0000	-0.1100	0.3204	0.0000	62.3400	25.6500	230.9240	0.3454	34.4000	68.4994	NOT CONNECTED	12000.0000	500.0000	0.0000	2623.0468	0.1422	0.1465	0.0709	0.0709	0.3591	0.3405	0.2569	0.3594	2.1377	81.7708	315.7692	42.8149	77.3612	0.4477	0.3400	97.6211
26.2983	1804.0000	-0.1100	0.3204	0.0000	62.3400	25.6500	230.9240	0.3454	34.4000	68.4994	NOT CONNECTED	12000.0000	500.0000	0.0000	2623.0468	0.1422	0.1465	0.0709	0.0709	0.3591	0.3405	0.2569	0.3594	2.1377	81.7708	315.7692	42.8149	77.3612	0.4477	0.3400	97.6211
26.9036	2175.0000	-0.1090	0.3258	0.0000	71.5450	29.8600	230.9190	0.3833	38.8700	68.4161	NOT CONNECTED	12000.0000	500.0000	0.0000	2914.7750	0.1677	0.1784	0.0710	0.0709	0.3391	0.3915	0.2365	0.3954	1.5231	89.7100	315.2982	48.6218	77.2682	0.4871	0.3454	97.5025
26.9109	2175.0000	-0.1090	0.3258	0.0000	71.5450	29.8600	230.9190	0.3833	38.8700	68.4161	NOT CONNECTED	12000.0000	500.0000	0.0000	2914.7750	0.1677	0.1784	0.0710	0.0709	0.3391	0.3915	0.2365	0.3954	1.5231	89.7100	315.2982	48.6218	77.2682	0.4871	0.3454	97.5025
27.5080	2547.0000	-0.1100	0.3376	0.0000	89.8150	38.8600	230.9010	0.4629	48.5800	68.2649	NOT CONNECTED	12000.0000	500.0000	0.0000	3223.6820	0.1434	0.1617	0.0709	0.0709	0.3324	0.3377	0.2334	0.4571	2.1259	100.7414	314.7584	54.3195	77.1791	0.4506	0.3480	97.5025
27.6610	2547.0000	-0.1100	0.3376	0.0000	89.8150	38.8600	230.9010	0.4629	48.5800	68.2649	NOT CONNECTED	12000.0000	500.0000	0.0000	3223.6820	0.1434	0.1617	0.0709	0.0709	0.3324	0.3377	0.2334	0.4571	2.1259	100.7414	314.7584	54.3195	77.1791	0.4506	0.3480	97.5025
28.1148	2921.0000	-0.1120	0.3424	0.0000	98.8390	43.4000	230.8870	0.5013	53.4200	68.0945	NOT CONNECTED	12000.0000	500.0000	0.0000	3523.0193	0.1639	0.1753	0.0710	0.0709	0.2659	0.3934	0.3173	0.4115	2.7616	108.9310	314.2661	60.0238	77.0894	0.5126	0.3586	97.3895
28.4040	2921.0000	-0.1120	0.3424	0.0000	98.8390	43.4000	230.8870	0.5013	53.4200	68.0945	NOT CONNECTED	12000.0000	500.0000	0.0000	3523.0193	0.1639	0.1753	0.0710	0.0709	0.2659	0.3934	0.3173	0.4115	2.7616	108.9310	314.2661	60.0238	77.0894	0.5126	0.3586	97.3895
28.7206	2921.0000	-0.1120	0.3424	0.0000	98.8390	43.4000	230.8870	0.5013	53.4200	68.0945	NOT CONNECTED	12000.0000	500.0000	0.0000	3836.0516	0.1525	0.1514	0.0709	0.0709	0.3752	0.3373	0.3026	0.3980	1.6911	117.6286	313.7688	66.0373	77.0077	0.5335	0.3645	97.3895
29.1393	3286.0000	-0.1100	0.3520	0.0000	117.1140	52.8800	230.8460	0.5816	63.5100	67.9753	NOT CONNECTED	12000.0000	500.0000	0.0000	4129.8618	0.1704	0.1607	0.0710	0.0709	0.3999	0.3808	0.2414	0.4363	2.9246	127.8595	313.2202	71.8594	76.9294	0.4257	0.3714	97.2821
29.3104	3286.0000	-0.1100	0.3520	0.0000	117.1140	52.8800	230.8460	0.5816	63.5100	67.9753	NOT CONNECTED	12000.0000	500.0000	0.0000	4129.8618	0.1704	0.1607	0.0710	0.0709	0.3999	0.3808	0.2414	0.4363	2.9246	127.8595	313.2202	71.8594	76.9294	0.4257	0.3714	97.2821
29.8800	3652.0000	-0.1120	0.3574	0.0000	126.3760	58.0500	230.8250	0.6252	69.0100	67.7869	NOT CONNECTED	12000.0000	500.0000	0.0000	4419.7652	0.1823	0.1797	0.0710	0.0710	0.2621	0.4173	0.2628	0.4295	1.9562	135.2258	312.5390	79.0118	76.8574	0.4898	0.3795	97.2821
29.9000	3652.0000	-0.1120	0.3574	0.0000	126.3760	58.0500	230.8250	0.6252	69.0100	67.7869	NOT CONNECTED	12000.0000	500.0000	0.0000	4419.7652	0.1823	0.1797	0.0710	0.0710	0.2621	0.4173	0.2628	0.4295	1.9562	135.2258	312.5390	79.0118	76.8574	0.4898	0.3795	97.2821
30.4902	4029.0000	-0.1130	0.3675	0.0000	144.7150	68.4800	230.7750	0.7117	79.8700	67.5631	NOT CONNECTED	12000.0000	500.0000	0.0000	4719.2051	0.2006	0.1644	0.0709	0.0710	0.3363	0.4740	0.2728	0.4349	1.2350	144.7967	312.0851	87.2213	76.7858	0.4959	0.3874	97.1799
30.6232	4029.0000	-0.1130	0.3675	0.0000	144.7150	68.4800	230.7750	0.7117	79.8700	67.5631	NOT CONNECTED	12000.0000	500.0000	0.0000	4719.2051	0.2006	0.1644	0.0709	0.0710	0.3363	0.4740	0.2728	0.4349	1.2350	144.7967	312.0851	87.2213	76.7858	0.4959	0.3874	97.1799
31.0960	4399.0000	-0.1140	0.3730	0.0000	153.8020	73.9700	230.7500	0.7551	85.4900	67.3752	NOT CONNECTED	12000.0000	500.0000	0.0000	5022.9918	0.1888	0.1381	0.0710	0.0710	0.3063	0.4377	0.2368	0.4633	1.3116	152.5323	311.4845	92.4384	76.7157	0.6552	0.3962	97.0844
31.3801	4399.0000	-0.1140	0.3730	0.0000	153.8020	73.9700	230.7500	0.7551	85.4900	67.3752	NOT CONNECTED	12000.0000	500.0000	0.0000	5022.9918	0.1888	0.1381	0.0710	0.0710	0.3063	0.4377	0.2368	0.4633	1.3116	152.5323	311.4845	92.4384	76.7157	0.6552	0.3962	97.0844
32.1184	4763.0000	-0.1170	0.3865	0.0000	172.2860	86.2300	230.6940	0.8506	98.2900	67.1619	NOT CONNECTED	12000.0000	500.0000	0.0000	5587.6703	0.2049	0.1640	0.0713	0.0710	0.3982	0.4890	0.2585	0.5510	-0.4411	164.4484	310.2440	113.1756	76.5930	0.4971	0.3942	96.8008
32.2270	4763.0000	-0.1170	0.3865	0.0000	172.2860	86.2300	230.6940	0.8506	98.2900	67.1619	NOT CONNECTED	12000.0000	500.0000	0.0000	5587.6703	0.2049	0.1640	0.0713	0.0710	0.3982	0.4890	0.2585	0.5510	-0.4411	164.4484	310.2440	113.1756	76.5930	0.4971	0.3942	96.8008
32.8326	5145.0000	-0.1220	0.3903	0.0000	181.6030	92.1700	230.6660	0.8955	104.3800	66.9989	NOT CONNECTED	12000.0000	500.0000	0.0000	5888.1648	0.1715	0.1794	0.0691	0.0689	0.1872	0.4305	0.1696	0.4781	5.2947	170.5103	309.9295	118.6526	76.5282	0.5884	0.4024	96.8008
32.8625	5145.0000	-0.1220	0.3903	0.0000	181.6030	92.1700	230.6660	0.8955	104.3800	66.9989	NOT CONNECTED	12000.0000	500.0000	0.0000	5888.1648	0.1715	0.1794	0.0691	0.0689	0.1872	0.4305	0.1696	0.4781	5.2947	170.5103	309.9295	118.6526	76.5282	0.5884	0.4024	96.8008
33.4383	5507.0000	-0.1250	0.4026	0.0000	200.1960	105.5300	230.6100	0.9926	117.8400	66.7690	NOT CONNECTED	12000.0000	500.0000	0.0000	6191.9984	0.1830	0.1742	0.0663	0.0669	0.1411	0.4740	0.0497	0.4764	-4.5128	173.8764	309.7268	125.8114	76.4648	0.5163	0.3481	96.5242
33.6261	5507.0000	-0.1250	0.4026	0.0000	200.1960	105.5300	230.6100	0.9926	117.8400	66.7690	NOT CONNECTED	12000.0000	500.0000	0.0000	6191.9984	0.1830	0.1742	0.0663	0.0669	0.1411	0.4740	0.0497	0.4764	-4.5128	173.8764	309.7268	125.8114	76.4648	0.5163	0.3481	96.5242
34.0437	5892.0000	-0.1260	0.4110	0.0000	209.6100	112.7200	230.5840	1.0423	125.0000	66.5882	NOT CONNECTED	12000.0000	500.0000	0.0000	6482.6225	0.2048	0.2097	0.0618	0.0620	-0.1626	0.5412	-0.2784	0.5394	2.2019	169.3795	309.1975	133.4867	76.3967	0.6447	0.3405	96.2540
34.3640	5892.0000	-0.1260	0.4110	0.0000	209.6100	112.7200	230.5840	1.0423	125.0000	66.5882	NOT CONNECTED	12000.0000	500.0000	0.0000	6792.3592	0.1477	0.1888	0.0597	0.0607	-0.2677	0.3940	-0.4215	0.5599	4.4304	172.1302	308.8078	139.9229	76.3317	0.5238	0.3911	96.2540
34.6499	5892.0000	-0.1260	0.4110	0.0000	209.6100	112.7200	230.5840	1.0423	125.0000	66.5882	NOT CONNECTED	12000.0000	500.0000	0.0000	6792.3592	0.1477	0.1888	0.0597	0.0607	-0.2677	0.3940	-0.4215	0.5599	4.4304	172.1302	308.8078	139.9229	76.3317	0.5238	0.3911	96.2540
35.1204	6263.0000	-0.1290	0.3486	0.0000	214.9900	121.9200	230.5350	1.1045	133.5900	66.4013	NOT CONNECTED	12000.0000	500.0000	0.0000	7087.7585	0.1918	0.2159	0.0581	0.0555	-0.5594	0.6020	-0.4670	0.3076	-5.1633	178.2793	308.2256	149.0917	76.2770	0.5654	0.4457	95.9882
35.2550	6263.0000	-0.1290	0.3486	0.0000	214.9900	121.9200	230.5350	1.1045	133.5900	66.4013	NOT CONNECTED	12000.0000	500.0000	0.0000	7087.7585	0.1918	0.2159	0.0581	0.0555	-0.5594	0.6020	-0.4670	0.3076	-5.1633	178.2793	308.2256	149.0917	76.2770	0.5654	0.4457	95.9882
35.8611	6638.0000	-0.1350	0.3527	0.0000	213.1990	127.1600	230.5160	1.1432	138.9800	66.2385	NOT CONNECTED	12000.0000	500.0000	0.0000	7416.1758	0.2529	0.1234	0.0548	0.0549	-0.4635	0.7523	-0.5640	0.5864	-3.6754	169.4410	307.8284	162.2707	76.2349	0.6804	0.5032	95.9882
35.8715	6638.0000	-0.1350	0.3527	0.0000	213.1990	127.1600	230.5160	1.1432	138.9800	66.2385	NOT CONNECTED	12000.0000	500.0000	0.0000	7416.1758	0.2529	0.1234	0.0548	0.0549	-0.4635	0.7523	-0.5640	0.5864	-3.6754	169.4410	307.8284	162.2707	76.2349	0.6804	0.5032	95.9882
36.4662	7010.0000	-0.1350	0.4473	0.0000	213.7260	141.4400	230.4800	1.2513	154.1800	66.0648	NOT CONNECTED	12000.0000	500.0000	0.0000	7698.2799	0.2162	0.1965	0.0544	0.0531	-0.4468	0.6337	-0.7217	0.5070	-11.3953	170.3177	307.2127	175.3886	76.2131	0.9135	0.6256	95.7365
36.6261	7010.0000	-0.1350	0.4473	0.0000	213.7260	141.4400	230.4800	1.2513	154.1800	66.0648	NOT CONNECTED	12000.0000	500.0000	0.0000	7698.2799	0.2162	0.1965	0.0544	0.0531	-0.4468	0.6337	-0.7217	0.5070	-11.3953	170.3177	307.2127	175.3886	76.2131	0.9135	0.6256	95.7365
37.0722	7393.0000	-0.1420	0.5048	0.0000	214.1460	147.9000	230.4650	1.3000	161.1200	65.9063	NOT CONNECTED	12000.0000	500.0000	0.0000	8002.2581	0.1886	0.1970	0.0482	0.0501	-0.7254	0.5787	-1.1451	0.5325	-3.8470	166.7863	306.5680	181.1885	76.2186	0.9743	0.6736	95.5003
37.3816	7393.0000	-0.1420	0.5048	0.0000	214.1460	147.9000	230.4650	1.3000	161.1200	65.9063	NOT CONNECTED	12000.0000	500.0000	0.0000	8305.6085	0.1964	0.1981	0.0482	0.0497	-0.7508	0.6896	-1.0138	0.4465	-6.5849	174.7959	306.0653	193.9954	76.2353	1.1522	0.7285	95.5003
37.6777	7393.0000	-0.1420	0.5048	0.0000	214.1460	147.9000	230.4650	1.3000	161.1200	65.9063	NOT CONNECTED	12000.0000	500.0000	0.0000	8305.6085	0.1964	0.1981	0.0482	0.0497	-0.7508	0.6896	-1.0138	0.4465	-6.5849	174.7959	306.0653	193.9954	76.2353	1.1522	0.7285	95.5003
38.2839	8016.0000	-0.1470	0.6986	0.0000	214.6640	173.3400	230.4400	1.4937	188.5200	65.6727	NOT CONNECTED	12000.0000	500.0000	0.0000	8606.5623	0.2306	0.2003	0.0445	0.0454	-1.0602	0.8357	-1.2485	0.5233	-9.1793	164.0966	305.5600	201.0511	76.2718	1.3461	0.8215	95.2894
38.6278	8016.0000	-0.1470	0.6986	0.0000	214.6640	173.3400	230.4400	1.4937	188.5200	65.6727	NOT CONNECTED	12000.0000	500.0000	0.0000	8890.9453	0.1987	0.2231	0.0426	0.0462	-0.8547	0.6881	-1.4884	0.4821	10.5457	169.2952	305.0973	217.8345	76.3365	1.3401	0.8796	95.2894
38.8884	8016.0000	-0.1470	0.6986	0.0000	214.6640	173.3400	230.4400	1.4937	188.5200	65.6727	NOT CONNECTED	12000.0000	500.0000	0.0000	8890.9453	0.1987	0.2231	0.0426	0.0462	-0.8547	0.6881	-1.4884	0.4821	10.5457	169.2952	305.0973	217.8345	76.3365	1.3401	0.8796	95.2894
39.3717	8380.0000	-0.1490	0.7570	0.0000	214.8660	181.1600	230.4370	1.5513	196.8100	65.5741	NOT CONNECTED	12000.0000	500.0000	0.0000	9191.3635	0.2217	0.2281	0.0426	0.0413	-1.4127	0.9275	-1.4908	0.3588	0.9098	177.4095	304.6274	228.0492	76.4202	1.6757	0.9345	95.1077
39.4944	8380.0000	-0.1490	0.7570	0.0000	214.8660	181.1600	230.4370	1.5513	196.8100	65.5741	NOT CONNECTED	12000.0000	500.0000	0.0000	9191.3635	0.2217	0.2281	0.0426	0.0413	-1.4127	0.9275	-1.4908	0.3588	0.9098	177.4095	304.6274	228.0492	76.4202	1.6757	0.9345	95.1077
40.1003	8749.0000	-0.1530	0.8772	0.0000	214.7460	198.8900	230.4380	1.6838	215.8600	65.4502	NOT CONNECTED	12000.0000	500.0000	0.0000	9508.1088	0.2222	0.2097	0.0400	0.0426	-1.2313	0.8706	-1.7325	0.5790	-16.1857	168.2411	304.1479	239.0914	76.5446	1.5109	1.0224	94.9449
40.1194	8749.0000	-0.1530	0.8772	0.0000	214.7460	198.8900	230.4380	1.6838	215.8600	65.4502	NOT CONNECTED	12000.0000	500.0000	0.0000	9508.1088	0.2222	0.2097	0.0400	0.0426	-1.2313	0.8706	-1.7325	0.5790	-16.1857	168.2411	304.1479	239.0914	76.5446	1.5109	1.0224	94.9449
40.7064	9140.0000	-0.1530	0.9354	0.0000	214.6380	208.8200	230.4460	1.7611	226.6300	65.3358	NOT CONNECTED	12000.0000	500.0000	0.0000	9812.9840	0.2444	0.2097	0.0409	0.0387	-1.6482	1.1393	-1.5859	0.4822	-16.1603	174.6774	303.4772	260.8607	76.6759	1.4784	1.0734	94.9449
40.8719	9140.0000	-0.1530	0.9354	0.0000	214.6380	208.8200	230.4460	1.7611	226.6300	65.3358	NOT CONNECTED	12000.0000	500.0000	0.0000	9812.9840	0.2444	0.2097	0.0409	0.0387	-1.6482	1.1393	-1.5859	0.4822	-16.1603	174.6774	303.4772	260.8607	76.6759	1.4784	1.0734	94.9449
41.3120	9503.0000	-0.1570	1.0453	0.0000	214.3320	227.9800	230.4650	1.9042	247.0800	65.2605	NOT CONNECTED	12000.0000	500.0000	0.0000	10115.7930	0.2037	0.2164	0.0375	0.0390	-1.6151	0.9197	-1.8062	0.4669	-23.4531	166.6155	302.7466	270.9221	76.8310	1.7687	1.1580	94.8161
41.6256	9503.0000	-0.1570	1.0453	0.0000	214.3320	227.9800	230.4650	1.9042	247.0800	65.2605	NOT CONNECTED	12000.0000	500.0000	0.0000	10406.6957	0.2321	0.2407	0.0375	0.0382	-1.4743	0.9994	-1.7189	0.3930	-1.5614	178.0380	302.2113	295.0149	77.0111	1.9580	1.2012	94.7232
41.9176	9503.0000	-0.1570	1.0453	0.0000	214.3320	227.9800	230.4650	1.9042	247.0800	65.2605	NOT CONNECTED	12000.0000	500.0000	0.0000	10406.6957	0.2321	0.2407	0.0375	0.0382	-1.4743	0.9994	-1.7189	0.3930	-1.5614	178.0380	302.2113	295.0149	77.0111	1.9580	1.2012	94.7232
42.3730	9870.0000	-0.1590	1.0963	0.0000	214.1330	237.8900	230.4780	1.9807	257.6900	65.1833	NOT CONNECTED	12000.0000	500.0000	0.0000	10712.1577	0.2212	0.2434	0.0353	0.0381	-1.5016	1.0637	-1.7684	0.4936	-1.8618	175.1827	301.8277	306.2589	77.2221	2.1708	1.2493	94.7232
42.5065	9870.0000	-0.1590	1.0963	0.0000	214.1330	237.8900	230.4780	1.9807	257.6900	65.1833	NOT CONNECTED	12000.0000	500.0000	0.0000	10712.1577	0.2212	0.2434	0.0353	0.0381	-1.5016	1.0637	-1.7684	0.4936	-1.8618	175.1827	301.8277	306.2589	77.2221	2.1708	1.2493	94.7232
43.0969	10261.0000	-0.1620	1.2059	0.0000	213.3730	266.0300	230.5090	2.1860	287.7500	65.1351	NOT CONNECTED	12000.0000	500.0000	0.0000	11011.9907	0.2809	0.2431	0.0339	0.0362	-1.4979	1.3405	-2.1470	0.3777	-18.8033	178.9756	301.2015	329.6282	77.4585	2.1663	1.3157	94.6489
43.1211	10261.0000	-0.1620	1.2059	0.0000	213.3730	266.0300	230.5090	2.1860	287.7500	65.1351	NOT CONNECTED	12000.0000	500.0000	0.0000	11011.9907	0.2809	0.2431	0.0339	0.0362	-1.4979	1.3405	-2.1470	0.3777	-18.8033	178.9756	301.2015	329.6282	77.4585	2.1663	1.3157	94.6489
43.7022	10621.0000	-0.1660	1.2549	0.0000	213.0320	277.0400	230.5320	2.2702	299.4600	65.1104	NOT CONNECTED	12000.0000	500.0000	0.0000	11321.4581	0.2412	0.2418	0.0359	0.0333	-1.6830	1.1916	-1.6908	0.5824	-16.1602	161.8191	300.5802	334.7126	77.7028	2.1553	1.3597	94.6489
43.8510	10621.0000	-0.1660	1.2549	0.0000	213.0320	277.0400	230.5320	2.2702	299.4600	65.1104	NOT CONNECTED	12000.0000	500.0000	0.0000	11321.4581	0.2412	0.2418	0.0359	0.0333	-1.6830	1.1916	-1.6908	0.5824	-16.1602	161.8191	300.5802	334.7126	77.7028	2.1553	1.3597	94.6489
44.2921	10990.0000	-0.1680	1.3452	0.0000	212.4990	301.7000	230.5760	2.4554	325.6700	65.0669	NOT CONNECTED	12000.0000	500.0000	0.0000	11622.9837	0.2302	0.2428	0.0349	0.0326	-1.8718	1.2069	-1.8968	0.5618	-10.8505	162.3665	299.7532	353.3468	77.9684	1.8567	1.4020	94.6119
44.6235	10990.0000	-0.1680	1.3452	0.0000	212.4990	301.7000	230.5760	2.4554	325.6700	65.0669	NOT CONNECTED	12000.0000	500.0000	0.0000	11905.0213	0.2376	0.2706	0.0296	0.0339	-1.7981	1.1600	-2.5008	0.4620	-5.6168	175.7067	299.4532	379.5374	78.2546	2.1068	1.4657	94.6119
44.8983	10990.0000	-0.1680	1.3452	0.0000	212.4990	301.7000	230.5760	2.4554	325.6700	65.0669	NOT CONNECTED	12000.0000	500.0000	0.0000	11905.0213	0.2376	0.2706	0.0296	0.0339	-1.7981	1.1600	-2.5008	0.4620	-5.6168	175.7067	299.4532	379.5374	78.2546	2.1068	1.4657	94.6119
45.3651	11376.0000	-0.1740	1.3889	0.0000	212.1140	316.1800	230.5940	2.5615	341.0000	65.0862	NOT CONNECTED	12000.0000	500.0000	0.0000	12037.1658	0.1379	0.1412	0.0320	0.0331	-1.7652	0.6623	-1.9679	0.3736	0.0943	168.4086	307.2488	226.0645	78.5433	2.1412	1.3471	94.6143
45.5027	11376.0000	-0.1740	1.3889	0.0000	212.1140	316.1800	230.5940	2.5615	341.0000	65.0862	NOT CONNECTED	12000.0000	500.0000	0.0000	12037.1658	0.1379	0.1412	0.0320	0.0331	-1.7652	0.6623	-1.9679	0.3736	0.0943	168.4086	307.2488	226.0645	78.5433	2.1412	1.3471	94.6143
46.1085	11761.0000	-0.1740	1.4721	0.0000	211.4800	343.9900	230.6360	2.7695	370.5300	65.1126	NOT CONNECTED	12000.0000	500.0000	0.0000	12038.1368	0.1012	0.1116	0.0326	0.0348	-1.3190	0.1941	-1.4231	0.5041	-3.0353	173.5071	305.9344	260.0204	78.7644	2.3802	1.3486	94.6195
46.1163	11761.0000	-0.1740	1.4721	0.0000	211.4800	343.9900	230.6360	2.7695	370.5300	65.1126	NOT CONNECTED	12000.0000	500.0000	0.0000	12038.1368	0.1012	0.1116	0.0326	0.0348	-1.3190	0.1941	-1.4231	0.5041	-3.0353	173.5071	305.9344	260.0204	78.7644	2.3802	1.3486	94.6195
46.7148	12024.0000	-0.1070	1.5141	0.0000	211.1720	356.3800	230.6570	2.8599	383.5400	65.1532	NOT CONNECTED	12000.0000	500.0000	0.0000	11971.5085	0.1208	0.1983	0.0326	0.0320	-2.1540	0.6576	-1.4749	0.1926	-21.3667	176.0246	305.7202	258.1925	78.9743	2.2349	1.3516	94.6195
46.8592	12024.0000	-0.1070	1.5141	0.0000	211.1720	356.3800	230.6570	2.8599	383.5400	65.1532	NOT CONNECTED	12000.0000	500.0000	0.0000	11971.5085	0.1208	0.1983	0.0326	0.0320	-2.1540	0.6576	-1.4749	0.1926	-21.3667	176.0246	305.7202	258.1925	78.9743	2.2349	1.3516	94.6195
47.3194	11992.0000	-0.1000	1.3701	0.0000	217.5090	230.0600	230.7520	1.9817	248.8700	65.2010	NOT CONNECTED	12000.0000	500.0000	0.0000	12012.2108	0.1347	0.1462	0.0322	0.0336	-2.2890	0.8809	-2.4755	0.4482	-1.3158	172.6970	305.7358	251.5528	79.1851	1.8948	1.3503	94.6011
47.6233	11992.0000	-0.1000	1.3701	0.0000	217.5090	230.0600	230.7520	1.9817	248.8700	65.2010	NOT CONNECTED	12000.0000	500.0000	0.0000	12034.8845	0.2194	0.1170	0.0328	0.0312	-1.3972	1.0916	-2.2054	0.3343	-14.6367	179.1173	305.9101	257.2023	79.3904	2.5961	1.3834	94.6063
47.9253	11992.0000	-0.1000	1.3701	0.0000	217.5090	230.0600	230.7520	1.9817	248.8700	65.2010	NOT CONNECTED	12000.0000	500.0000	0.0000	12034.8845	0.2194	0.1170	0.0328	0.0312	-1.3972	1.0916	-2.2054	0.3343	-14.6367	179.1173	305.9101	257.2023	79.3904	2.5961	1.3834	94.6063
48.3679	11990.0000	-0.1030	1.4080	0.0000	217.0160	241.8300	230.7520	2.0764	261.3000	65.3209	NOT CONNECTED	12000.0000	500.0000	0.0000	11981.6838	0.1984	0.1855	0.0321	0.0331	-1.7758	1.0872	-2.0410	0.2840	-12.0256	173.6658	306.0717	241.1595	79.5926	2.3159	1.3887	94.6063
48.5321	11990.0000	-0.1030	1.4080	0.0000	217.0160	241.8300	230.7520	2.0764	261.3000	65.3209	NOT CONNECTED	12000.0000	500.0000	0.0000	11981.6838	0.1984	0.1855	0.0321	0.0331	-1.7758	1.0872	-2.0410	0.2840	-12.0256	173.6658	306.0717	241.1595	79.5926	2.3159	1.3887	94.6063
49.1158	11992.0000	-0.1050	1.3976	0.0000	216.8370	240.8300	230.7960	2.0675	260.1900	65.3972	NOT CONNECTED	12000.0000	500.0000	0.0000	11971.8466	0.2454	0.1968	0.0343	0.0337	-1.9211	1.3408	-1.3182	0.5095	-6.8133	172.2569	306.3575	265.1215	79.8035	2.5593	1.4081	94.5893
49.1372	11992.0000	-0.1050	1.3976	0.0000	216.8370	240.8300	230.7960	2.0675	260.1900	65.3972	NOT CONNECTED	12000.0000	500.0000	0.0000	11971.8466	0.2454	0.1968	0.0343	0.0337	-1.9211	1.3408	-1.3182	0.5095	-6.8133	172.2569	306.3575	265.1215	79.8035	2.5593	1.4081	94.5893
49.7433	11990.0000	-0.1030	1.3928	0.0000	216.9260	239.0700	230.8110	2.0543	258.4000	65.4569	NOT CONNECTED	12000.0000	500.0000	0.0000	11975.4357	0.2431	0.1930	0.0306	0.0320	-1.8737	1.4078	-1.4678	0.5614	-2.6700	164.0239	306.2695	241.8129	80.0195	2.2909	1.4140	94.5893
49.9840	11990.0000	-0.1030	1.3928	0.0000	216.9260	239.0700	230.8110	2.0543	258.4000	65.4569	NOT CONNECTED	12000.0000	500.0000	0.0000	11975.4357	0.2431	0.1930	0.0306	0.0320	-1.8737	1.4078	-1.4678	0.5614	-2.6700	164.0239	306.2695	241.8129	80.0195	2.2909	1.4140	94.5893
50.3493	11990.0000	-0.1030	1.3928	0.0000	216.9260	239.0700	230.8110	2.0543	258.4000	65.4569	NOT CONNECTED	12000.0000	500.0000	0.0000	11996.0567	0.0826	0.1651	0.0336	0.0347	-1.2579	0.1777	-2.6571	0.3880	-16.2460	175.0605	306.1063	252.5317	80.2253	1.2583	1.4206	94.5826
50.7305	11988.0000	-0.1050	1.4275	0.0000	217.2140	239.3100	230.8310	2.0398	258.5800	65.5317	NOT CONNECTED	12000.0000	500.0000	0.0000	11946.1479	0.2208	0.2302	0.0326	0.0321	-1.0494	0.9791	-2.2039	0.4299	-17.2173	171.0234	305.8767	258.1930	80.4213	1.3040	1.3991	94.5920
50.9547	11988.0000	-0.1050	1.4275	0.0000	217.2140	239.3100	230.8310	2.0398	258.5800	65.5317	NOT CONNECTED	12000.0000	500.0000	0.0000	11946.1479	0.2208	0.2302	0.0326	0.0321	-1.0494	0.9791	-2.2039	0.4299	-17.2173	171.0234	305.8767	258.1930	80.4213	1.3040	1.3991	94.5920
51.4708	11979.0000	-0.1050	1.4229	0.0000	217.2240	240.7300	230.8390	2.0610	260.1800	65.6292	NOT CONNECTED	12000.0000	500.0000	0.0000	11971.6181	0.2036	0.1991	0.0311	0.0339	-1.6006	1.0278	-2.0887	0.3096	-21.9012	173.9185	306.0857	255.1265	80.6181	2.5237	1.4260	94.5920
51.5603	11979.0000	-0.1050	1.4229	0.0000	217.2240	240.7300	230.8390	2.0610	260.1800	65.6292	NOT CONNECTED	12000.0000	500.0000	0.0000	11971.6181	0.2036	0.1991	0.0311	0.0339	-1.6006	1.0278	-2.0887	0.3096	-21.9012	173.9185	306.0857	255.1265	80.6181	2.5237	1.4260	94.5920
52.1663	11986.0000	-0.1070	1.4226	0.0000	217.0410	239.3300	230.8500	2.0656	258.6100	65.7122	NOT CONNECTED	12000.0000	500.0000	0.0000	12023.1368	0.2365	0.1371	0.0348	0.0310	-1.6550	1.2815	-2.2196	0.1487	-3.7011	183.8896	305.4881	257.6645	80.8053	1.9751	1.3497	94.5862
52.3303	11986.0000	-0.1070	1.4226	0.0000	217.0410	239.3300	230.8500	2.0656	258.6100	65.7122	NOT CONNECTED	12000.0000	500.0000	0.0000	12023.1368	0.2365	0.1371	0.0348	0.0310	-1.6550	1.2815	-2.2196	0.1487	-3.7011	183.8896	305.4881	257.6645	80.8053	1.9751	1.3497	94.5862
52.7716	12022.0000	-0.1100	1.4317	0.0000	217.0120	241.8900	230.8500	2.0865	261.0300	65.8142	NOT CONNECTED	12000.0000	500.0000	0.0000	12042.9872	0.1524	0.1164	0.0334	0.0339	-1.2011	0.5055	-1.9823	0.6027	-5.9251	169.7216	305.5846	271.3404	80.9537	2.5464	1.3570	94.5862
53.1081	12022.0000	-0.1100	1.4317	0.0000	217.0120	241.8900	230.8500	2.0865	261.0300	65.8142	NOT CONNECTED	12000.0000	500.0000	0.0000	12033.0206	0.2067	0.1348	0.0344	0.0335	-2.2529	1.1916	-1.7270	0.2102	-4.3263	177.2552	304.7347	293.2201	81.1046	1.3926	1.3751	94.5742
53.3775	12022.0000	-0.1100	1.4317	0.0000	217.0120	241.8900	230.8500	2.0865	261.0300	65.8142	NOT CONNECTED	12000.0000	500.0000	0.0000	12033.0206	0.2067	0.1348	0.0344	0.0335	-2.2529	1.1916	-1.7270	0.2102	-4.3263	177.2552	304.7347	293.2201	81.1046	1.3926	1.3751	94.5742
53.8452	12001.0000	-0.1110	1.3840	0.0000	217.0820	244.3600	230.8460	2.0838	263.8500	65.9311	NOT CONNECTED	12000.0000	500.0000	0.0000	12003.1721	0.1342	0.1852	0.0314	0.0326	-2.1532	0.6388	-2.6015	0.5519	-12.8476	159.3532	303.7499	296.9890	81.2574	2.1056	1.3911	94.5749
53.9830	12001.0000	-0.1110	1.3840	0.0000	217.0820	244.3600	230.8460	2.0838	263.8500	65.9311	NOT CONNECTED	12000.0000	500.0000	0.0000	12003.1721	0.1342	0.1852	0.0314	0.0326	-2.1532	0.6388	-2.6015	0.5519	-12.8476	159.3532	303.7499	296.9890	81.2574	2.1056	1.3911	94.5749
54.5887	12008.0000	-0.1140	1.4257	0.0000	216.4950	259.3700	230.8300	2.1871	279.2600	66.0372	NOT CONNECTED	12000.0000	500.0000	0.0000	11985.7229	0.2181	0.2180	0.0322	0.0341	-1.8279	1.1514	-2.3424	0.2736	-10.2303	177.9817	303.3151	310.2758	81.4171	1.8842	1.3988	94.5749
54.7281	12008.0000	-0.1140	1.4257	0.0000	216.4950	259.3700	230.8300	2.1871	279.2600	66.0372	NOT CONNECTED	12000.0000	500.0000	0.0000	11985.7229	0.2181	0.2180	0.0322	0.0341	-1.8279	1.1514	-2.3424	0.2736	-10.2303	177.9817	303.3151	310.2758	81.4171	1.8842	1.3988	94.5749
55.1941	11981.0000	-0.1330	1.4343	0.0000	215.8400	269.0400	230.8190	2.2805	289.9800	66.1048	NOT CONNECTED	12000.0000	500.0000	0.0000	11985.5014	0.2351	0.2290	0.0339	0.0304	-1.8277	1.2622	-2.1610	0.4438	3.7570	174.9445	302.4611	330.9514	81.6102	2.1380	1.4367	94.5636
55.4721	11981.0000	-0.1330	1.4343	0.0000	215.8400	269.0400	230.8190	2.2805	289.9800	66.1048	NOT CONNECTED	12000.0000	500.0000	0.0000	11985.5014	0.2351	0.2290	0.0339	0.0304	-1.8277	1.2622	-2.1610	0.4438	3.7570	174.9445	302.4611	330.9514	81.6102	2.1380	1.4367	94.5636
55.8003	11981.0000	-0.1330	1.4343	0.0000	215.8400	269.0400	230.8190	2.2805	289.9800	66.1048	NOT CONNECTED	12000.0000	500.0000	0.0000	11983.9662	0.2024	0.2445	0.0306	0.0331	-1.4537	0.8648	-2.2863	0.4004	-17.6358	172.9140	301.8195	342.3826	81.7822	2.1441	1.4606	94.5636
56.3551	11995.0000	-0.1530	1.4528	0.0000	214.6560	293.8000	230.7910	2.4477	315.7200	66.2279	NOT CONNECTED	12000.0000	500.0000	0.0000	11981.1907	0.2913	0.2607	0.0325	0.0301	-1.4235	1.5764	-2.3545	0.5176	-18.9711	175.0733	300.8663	369.2722	81.9604	2.0463	1.4703	94.5685
56.4062	11995.0000	-0.1530	1.4528	0.0000	214.6560	293.8000	230.7910	2.4477	315.7200	66.2279	NOT CONNECTED	12000.0000	500.0000	0.0000	11981.1907	0.2913	0.2607	0.0325	0.0301	-1.4235	1.5764	-2.3545	0.5176	-18.9711	175.0733	300.8663	369.2722	81.9604	2.0463	1.4703	94.5685
57.0107	11988.0000	-0.1650	1.4898	0.0000	213.4910	320.4600	230.7550	2.6431	344.1600	66.3238	NOT CONNECTED	12000.0000	500.0000	0.0000	11990.7901	0.2644	0.2570	0.0313	0.0319	-1.4820	1.3914	-1.9827	0.5758	-18.2594	167.4447	300.4055	368.3567	82.1476	2.1754	1.5082	94.5957
57.1154	11988.0000	-0.1650	1.4898	0.0000	213.4910	320.4600	230.7550	2.6431	344.1600	66.3238	NOT CONNECTED	12000.0000	500.0000	0.0000	11990.7901	0.2644	0.2570	0.0313	0.0319	-1.4820	1.3914	-1.9827	0.5758	-18.2594	167.4447	300.4055	368.3567	82.1476	2.1754	1.5082	94.5957
57.6162	11993.0000	-0.1750	1.5064	0.0000	212.6680	335.0200	230.7340	2.7457	359.2900	66.3963	NOT CONNECTED	12000.0000	500.0000	0.0000	11981.0753	0.2754	0.2791	0.0341	0.0335	-1.1964	1.3470	-2.4537	0.3871	-28.7657	176.0422	299.4430	408.2955	82.3507	2.0311	1.5355	94.5957
57.8619	11993.0000	-0.1750	1.5064	0.0000	212.6680	335.0200	230.7340	2.7457	359.2900	66.3963	NOT CONNECTED	12000.0000	500.0000	0.0000	11981.0753	0.2754	0.2791	0.0341	0.0335	-1.1964	1.3470	-2.4537	0.3871	-28.7657	176.0422	299.4430	408.2955	82.3507	2.0311	1.5355	94.5957
58.2226	11993.0000	-0.1750	1.5064	0.0000	212.6680	335.0200	230.7340	2.7457	359.2900	66.3963	NOT CONNECTED	12000.0000	500.0000	0.0000	12007.7812	0.3062	0.2572	0.0279	0.0307	-1.8085	1.7289	-2.0226	0.6193	-11.8268	160.5966	298.4025	402.4564	82.5834	2.4261	1.5197	94.6107
58.7130	11992.0000	-0.1930	1.5335	0.0000	211.8660	355.3800	230.6940	2.8954	380.9200	66.4964	NOT CONNECTED	12000.0000	500.0000	0.0000	11971.6601	0.2396	0.3137	0.0323	0.0332	-1.0751	1.0444	-2.0076	0.4977	-19.3701	171.5949	298.1873	421.1131	82.7928	1.7580	1.5444	94.6107
58.8278	11992.0000	-0.1930	1.5335	0.0000	211.8660	355.3800	230.6940	2.8954	380.9200	66.4964	NOT CONNECTED	12000.0000	500.0000	0.0000	11971.6601	0.2396	0.3137	0.0323	0.0332	-1.0751	1.0444	-2.0076	0.4977	-19.3701	171.5949	298.1873	421.1131	82.7928	1.7580	1.5444	94.6107
59.4342	12024.0000	-0.2120	1.5631	0.0000	211.2740	368.0700	230.6700	2.9883	394.3400	66.6048	0.0000	12000.0000	500.0000	0.0000	12022.6029	0.2635	0.2539	0.0278	0.0294	-1.7137	1.4369	-2.2351	0.6329	5.7538	167.1563	297.8779	425.4641	83.0047	2.6503	1.5585	94.6493
59.4501	12024.0000	-0.2120	1.5631	0.0000	211.2740	368.0700	230.6700	2.9883	394.3400	66.6048	0.0000	12000.0000	500.0000	0.0000	12022.6029	0.2635	0.2539	0.0278	0.0294	-1.7137	1.4369	-2.2351	0.6329	5.7538	167.1563	297.8779	425.4641	83.0047	2.6503	1.5585	94.6493
60.0398	11982.0000	-0.2220	1.5774	0.0000	210.0840	393.8700	230.6250	3.1732	421.7800	66.7243	0.0000	12000.0000	500.0000	0.0000	12003.3294	0.2749	0.2818	0.0322	0.0326	-1.5083	1.3540	-1.9077	0.5017	-17.7057	172.2287	298.0289	424.4547	83.2352	2.0359	1.5515	94.7065
60.1931	11982.0000	-0.2220	1.5774	0.0000	210.0840	393.8700	230.6250	3.1732	421.7800	66.7243	0.0000	12000.0000	500.0000	0.0000	12003.3294	0.2749	0.2818	0.0322	0.0326	-1.5083	1.3540	-1.9077	0.5017	-17.7057	172.2287	298.0289	424.4547	83.2352	2.0359	1.5515	94.7065
60.6449	12011.0000	-0.2260	1.6070	0.0000	209.8020	402.6500	230.6040	3.2433	431.3700	66.8600	0.0000	12000.0000	500.0000	0.0000	12008.6613	0.3473	0.2771	0.0285	0.0291	-1.6515	2.0742	-2.5863	0.5003	-2.3089	176.8530	297.8071	432.4743	83.4452	2.6886	1.6020	94.7065
60.9327	12011.0000	-0.2260	1.6070	0.0000	209.8020	402.6500	230.6040	3.2433	431.3700	66.8600	0.0000	12000.0000	500.0000	0.0000	12008.6613	0.3473	0.2771	0.0285	0.0291	-1.6515	2.0742	-2.5863	0.5003	-2.3089	176.8530	297.8071	432.4743	83.4452	2.6886	1.6020	94.7065
61.2503	12011.0000	-0.2260	1.6070	0.0000	209.8020	402.6500	230.6040	3.2433	431.3700	66.8600	0.0000	12000.0000	500.0000	0.0000	11991.3217	0.2507	0.2993	0.0330	0.0321	-1.8396	1.3492	-2.0296	0.6300	-16.3178	164.3390	297.7789	425.1039	83.6726	2.5354	1.5889	94.7471
61.6749	12022.0000	-0.2300	1.6020	0.0000	209.5970	409.6000	230.5640	3.2976	438.0800	66.9741	0.0000	12000.0000	500.0000	0.0000	11999.7601	0.3461	0.2894	0.0280	0.0325	-1.6777	1.7990	-3.0264	0.6163	-12.4721	172.9127	297.5557	443.7785	83.8775	2.1690	1.5743	94.7471
61.8555	12022.0000	-0.2300	1.6020	0.0000	209.5970	409.6000	230.5640	3.2976	438.0800	66.9741	0.0000	12000.0000	500.0000	0.0000	11999.7601	0.3461	0.2894	0.0280	0.0325	-1.6777	1.7990	-3.0264	0.6163	-12.4721	172.9127	297.5557	443.7785	83.8775	2.1690	1.5743	94.7471
62.4205	11999.0000	-0.2340	1.6053	0.0000	209.3070	412.9100	230.5420	3.3268	441.5000	67.1108	1.0000	12000.0000	500.0000	0.0000	11982.2725	0.2562	0.3140	0.0295	0.0307	-1.8813	1.3589	-2.0257	0.6529	-17.4134	155.9390	297.4969	429.1813	84.2427	2.7372	1.5864	94.8591
62.9723	11978.0000	-0.2330	1.5961	0.0000	209.4900	411.5200	230.5010	3.3220	439.9300	67.2587	1.0000	12000.0000	500.0000	0.0000	11982.2725	0.2562	0.3140	0.0295	0.0307	-1.8813	1.3589	-2.0257	0.6529	-17.4134	155.9390	297.4969	429.1813	84.2427	2.7372	1.5864	94.8591
63.2792	11978.0000	-0.2330	1.5961	0.0000	209.4900	411.5200	230.5010	3.3220	439.9300	67.2587	1.0000	12000.0000	500.0000	0.0000	11997.8297	0.2365	0.2952	0.0329	0.0331	-1.4991	1.1992	-1.9136	0.5667	-12.9805	171.0009	297.7131	433.4091	84.4329	2.2710	1.6238	94.8591
63.5782	11978.0000	-0.2330	1.5961	0.0000	209.4900	411.5200	230.5010	3.3220	439.9300	67.2587	1.0000	12000.0000	500.0000	0.0000	11997.8297	0.2365	0.2952	0.0329	0.0331	-1.4991	1.1992	-1.9136	0.5667	-12.9805	171.0009	297.7131	433.4091	84.4329	2.2710	1.6238	94.8591
64.0248	12006.0000	-0.2320	1.6113	0.0000	209.3230	412.7000	230.4820	3.3436	441.3100	67.3815	1.0000	12000.0000	500.0000	0.0000	11963.2671	0.2498	0.3386	0.0292	0.0295	-1.8629	1.3759	-2.0075	0.6302	-10.4712	152.3523	297.5743	435.1146	84.6360	2.8373	1.5786	94.9068
64.1841	12006.0000	-0.2320	1.6113	0.0000	209.3230	412.7000	230.4820	3.3436	441.3100	67.3815	1.0000	12000.0000	500.0000	0.0000	11963.2671	0.2498	0.3386	0.0292	0.0295	-1.8629	1.3759	-2.0075	0.6302	-10.4712	152.3523	297.5743	435.1146	84.6360	2.8373	1.5786	94.9068
64.7626	11977.0000	-0.2330	1.6157	0.0000	209.1360	417.1900	230.4450	3.3739	445.4200	67.5179	1.0000	12000.0000	500.0000	0.0000	11980.3747	0.2920	0.3152	0.0321	0.0326	-1.8876	1.5612	-2.4566	0.5463	-19.7543	171.6536	297.8617	427.7610	84.8123	2.1558	1.5683	94.9068
64.7893	11977.0000	-0.2330	1.6157	0.0000	209.1360	417.1900	230.4450	3.3739	445.4200	67.5179	1.0000	12000.0000	500.0000	0.0000	11980.3747	0.2920	0.3152	0.0321	0.0326	-1.8876	1.5612	-2.4566	0.5463	-19.7543	171.6536	297.8617	427.7610	84.8123	2.1558	1.5683	94.9068
65.3952	12021.0000	-0.2350	1.6033	0.0000	209.2110	417.6500	230.4310	3.3748	445.7900	67.6717	1.0000	12000.0000	500.0000	0.0000	12008.5435	0.3194	0.2773	0.0306	0.0282	-1.8453	1.9532	-2.1874	0.5310	-8.3975	177.7584	297.7664	427.1652	84.9611	2.3174	1.5582	94.9593
65.5080	12021.0000	-0.2350	1.6033	0.0000	209.2110	417.6500	230.4310	3.3748	445.7900	67.6717	1.0000	12000.0000	500.0000	0.0000	12008.5435	0.3194	0.2773	0.0306	0.0282	-1.8453	1.9532	-2.1874	0.5310	-8.3975	177.7584	297.7664	427.1652	84.9611	2.3174	1.5582	94.9593
65.9847	12023.0000	-0.2340	1.6352	0.0000	209.1070	417.2700	230.4050	3.3807	445.4200	67.8097	1.0000	12000.0000	500.0000	0.0000	12002.8935	0.3006	0.2848	0.0322	0.0286	-1.6396	1.7627	-1.9993	0.5595	-11.1845	166.7613	297.7778	428.1851	85.1086	2.0299	1.5542	95.0258
66.2567	12023.0000	-0.2340	1.6352	0.0000	209.1070	417.2700	230.4050	3.3807	445.4200	67.8097	1.0000	12000.0000	500.0000	0.0000	12002.8935	0.3006	0.2848	0.0322	0.0286	-1.6396	1.7627	-1.9993	0.5595	-11.1845	166.7613	297.7778	428.1851	85.1086	2.0299	1.5542	95.0258
66.5903	12023.0000	-0.2340	1.6352	0.0000	209.1070	417.2700	230.4050	3.3807	445.4200	67.8097	1.0000	12000.0000	500.0000	0.0000	11985.3487	0.2760	0.3064	0.0282	0.0320	-1.9434	1.5753	-2.6059	0.6452	-8.3752	167.4761	298.1594	419.0894	85.2631	2.1192	1.5681	95.0258
66.9965	12015.0000	-0.2330	1.6110	0.0000	209.3620	411.9300	230.3970	3.3391	439.5200	67.9385	1.0000	12000.0000	500.0000	0.0000	11990.4264	0.3480	0.2993	0.0299	0.0306	-1.1190	1.8402	-2.0309	0.5903	1.6845	174.4249	297.9509	438.0890	85.4411	2.6415	1.5885	95.0627
67.1959	12015.0000	-0.2330	1.6110	0.0000	209.3620	411.9300	230.3970	3.3391	439.5200	67.9385	1.0000	12000.0000	500.0000	0.0000	11990.4264	0.3480	0.2993	0.0299	0.0306	-1.1190	1.8402	-2.0309	0.5903	1.6845	174.4249	297.9509	438.0890	85.4411	2.6415	1.5885	95.0627
67.7364	12000.0000	-0.2330	1.5911	0.0000	209.6080	411.2800	230.3850	3.3404	438.7500	68.0863	1.0000	12000.0000	500.0000	0.0000	11971.4829	0.3077	0.3256	0.0275	0.0308	-1.2280	1.5962	-2.8188	0.7375	-14.1904	165.1304	297.9324	431.2416	85.6038	2.6317	1.5959	95.0627
67.8020	12000.0000	-0.2330	1.5911	0.0000	209.6080	411.2800	230.3850	3.3404	438.7500	68.0863	1.0000	12000.0000	500.0000	0.0000	11971.4829	0.3077	0.3256	0.0275	0.0308	-1.2280	1.5962	-2.8188	0.7375	-14.1904	165.1304	297.9324	431.2416	85.6038	2.6317	1.5959	95.0627
68.4075	11988.0000	-0.2330	1.5848	0.0000	209.7410	408.0600	230.3840	3.3176	435.2300	68.2221	2.0000	12000.0000	500.0000	0.0000	11989.7853	0.2380	0.3052	0.0334	0.0335	-1.7658	1.1485	-1.8929	0.5487	-4.2812	173.4605	297.6061	442.6736	85.7595	2.2362	1.5914	95.1093
68.4807	11988.0000	-0.2330	1.5848	0.0000	209.7410	408.0600	230.3840	3.3176	435.2300	68.2221	2.0000	12000.0000	500.0000	0.0000	11989.7853	0.2380	0.3052	0.0334	0.0335	-1.7658	1.1485	-1.8929	0.5487	-4.2812	173.4605	297.6061	442.6736	85.7595	2.2362	1.5914	95.1093
69.0118	11990.0000	-0.2270	1.6067	0.0000	209.5180	411.5700	230.3800	3.3454	438.9800	68.3508	2.0000	12000.0000	500.0000	0.0000	12004.9591	0.3377	0.2897	0.0310	0.0307	-1.1619	1.7991	-2.7088	0.7600	-13.2223	156.1624	297.4215	439.5007	85.9005	1.8633	1.5754	95.1701
69.3674	11990.0000	-0.2270	1.6067	0.0000	209.5180	411.5700	230.3800	3.3454	438.9800	68.3508	2.0000	12000.0000	500.0000	0.0000	11968.9557	0.2631	0.3357	0.0277	0.0334	-1.9832	1.4422	-2.8901	0.5236	-14.2384	177.1080	297.6273	442.8628	86.0351	3.1364	1.6041	95.1701
69.6180	11990.0000	-0.2270	1.6067	0.0000	209.5180	411.5700	230.3800	3.3454	438.9800	68.3508	2.0000	12000.0000	500.0000	0.0000	11968.9557	0.2631	0.3357	0.0277	0.0334	-1.9832	1.4422	-2.8901	0.5236	-14.2384	177.1080	297.6273	442.8628	86.0351	3.1364	1.6041	95.1701
70.1213	12007.0000	-0.2300	1.6143	0.0000	209.2310	419.7200	230.3860	3.4110	447.3800	68.4671	2.0000	12000.0000	500.0000	0.0000	12018.0963	0.3192	0.2709	0.0318	0.0290	-1.2975	1.7533	-2.0211	0.5123	4.4409	175.9205	297.5542	436.4615	86.2151	2.4563	1.5872	95.2088
70.2241	12007.0000	-0.2300	1.6143	0.0000	209.2310	419.7200	230.3860	3.4110	447.3800	68.4671	2.0000	12000.0000	500.0000	0.0000	12018.0963	0.3192	0.2709	0.0318	0.0290	-1.2975	1.7533	-2.0211	0.5123	4.4409	175.9205	297.5542	436.4615	86.2151	2.4563	1.5872	95.2088
70.8300	11984.0000	-0.2300	1.6448	0.0000	208.8280	425.4500	230.3920	3.4503	453.7700	68.5635	2.0000	12000.0000	500.0000	0.0000	12016.8187	0.2255	0.2735	0.0311	0.0326	-1.7809	1.1474	-2.2208	0.6842	-12.9352	170.1945	297.8259	434.2071	86.3569	2.3624	1.6167	95.2088
70.8738	11984.0000	-0.2300	1.6448	0.0000	208.8280	425.4500	230.3920	3.4503	453.7700	68.5635	2.0000	12000.0000	500.0000	0.0000	12016.8187	0.2255	0.2735	0.0311	0.0326	-1.7809	1.1474	-2.2208	0.6842	-12.9352	170.1945	297.8259	434.2071	86.3569	2.3624	1.6167	95.2088
71.4354	11978.0000	-0.2280	1.6230	0.0000	209.4050	419.5500	230.4180	3.4032	447.1600	68.6897	2.0000	12000.0000	500.0000	0.0000	11988.1930	0.3504	0.3087	0.0343	0.0282	-1.7426	2.0966	-1.6998	0.4526	-11.5452	181.7305	298.1080	433.9452	86.5011	2.3474	1.5918	95.2591
71.6234	11978.0000	-0.2280	1.6230	0.0000	209.4050	419.5500	230.4180	3.4032	447.1600	68.6897	2.0000	12000.0000	500.0000	0.0000	11988.1930	0.3504	0.3087	0.0343	0.0282	-1.7426	2.0966	-1.6998	0.4526	-11.5452	181.7305	298.1080	433.9452	86.5011	2.3474	1.5918	95.2591
72.0413	11995.0000	-0.2370	1.6095	0.0000	209.3250	420.7300	230.4310	3.4184	448.3900	68.8143	2.0000	12000.0000	500.0000	0.0000	11993.5330	0.2475	0.3011	0.0294	0.0323	-1.4625	1.2436	-2.0662	0.5536	-15.4613	167.5665	297.9128	431.1804	86.6406	2.7443	1.5964	95.3234
72.3712	11995.0000	-0.2370	1.6095	0.0000	209.3250	420.7300	230.4310	3.4184	448.3900	68.8143	2.0000	12000.0000	500.0000	0.0000	11975.8577	0.3568	0.3246	0.0308	0.0305	-1.0284	1.9296	-2.4196	0.5870	-10.1525	177.8552	297.9185	448.7099	86.7749	1.9574	1.6456	95.3234
72.6476	11995.0000	-0.2370	1.6095	0.0000	209.3250	420.7300	230.4310	3.4184	448.3900	68.8143	2.0000	12000.0000	500.0000	0.0000	11975.8577	0.3568	0.3246	0.0308	0.0305	-1.0284	1.9296	-2.4196	0.5870	-10.1525	177.8552	297.9185	448.7099	86.7749	1.9574	1.6456	95.3234
73.1185	11996.0000	-0.2330	1.6030	0.0000	209.5460	417.7500	230.4680	3.3965	445.0500	68.9295	2.0000	12000.0000	500.0000	0.0000	12010.6977	0.2883	0.2792	0.0329	0.0309	-1.9473	1.6177	-1.9058	0.6852	-14.2569	161.2170	298.1318	427.4133	86.9260	2.1358	1.5738	95.3719
73.2529	11996.0000	-0.2330	1.6030	0.0000	209.5460	417.7500	230.4680	3.3965	445.0500	68.9295	2.0000	12000.0000	500.0000	0.0000	12010.6977	0.2883	0.2792	0.0329	0.0309	-1.9473	1.6177	-1.9058	0.6852	-14.2569	161.2170	298.1318	427.4133	86.9260	2.1358	1.5738	95.3719
73.8563	11977.0000	-0.2330	1.6104	0.0000	209.4890	417.7800	230.4860	3.3993	445.1000	69.0660	2.0000	12000.0000	500.0000	0.0000	12006.2716	0.2516	0.2854	0.0338	0.0333	-1.6726	1.1977	-1.8338	0.5515	-14.6195	175.6038	298.1085	441.1667	87.0240	2.3274	1.5663	95.3719
73.8588	11977.0000	-0.2330	1.6104	0.0000	209.4890	417.7800	230.4860	3.3993	445.1000	69.0660	2.0000	12000.0000	500.0000	0.0000	12006.2716	0.2516	0.2854	0.0338	0.0333	-1.6726	1.1977	-1.8338	0.5515	-14.6195	175.6038	298.1085	441.1667	87.0240	2.3274	1.5663	95.3719
74.4642	12037.0000	-0.2350	1.6051	0.0000	209.3580	419.0800	230.5220	3.4144	446.6200	69.1626	3.0000	12000.0000	500.0000	0.0000	11961.7949	0.2736	0.3453	0.0274	0.0294	-1.7488	1.5102	-2.3643	0.6017	4.9203	160.2894	298.0555	441.7955	87.1254	2.2860	1.5810	95.4258
74.6274	12037.0000	-0.2350	1.6051	0.0000	209.3580	419.0800	230.5220	3.4144	446.6200	69.1626	3.0000	12000.0000	500.0000	0.0000	11961.7949	0.2736	0.3453	0.0274	0.0294	-1.7488	1.5102	-2.3643	0.6017	4.9203	160.2894	298.0555	441.7955	87.1254	2.2860	1.5810	95.4258
75.0697	11990.0000	-0.2330	1.6010	0.0000	209.6280	418.1600	230.5410	3.4012	445.3100	69.2872	3.0000	12000.0000	500.0000	0.0000	11980.0227	0.2225	0.3215	0.0318	0.0323	-1.9004	1.1511	-2.5472	0.6676	-10.0333	171.6564	298.0902	434.5590	87.2258	1.7242	1.5438	95.4826
75.4835	11990.0000	-0.2330	1.6010	0.0000	209.6280	418.1600	230.5410	3.4012	445.3100	69.2872	3.0000	12000.0000	500.0000	0.0000	12011.6326	0.3190	0.2796	0.0300	0.0279	-1.2484	1.8084	-1.8636	0.5097	-22.6679	177.0233	298.1423	443.2552	87.3176	2.7916	1.6587	95.4826
75.6747	11990.0000	-0.2330	1.6010	0.0000	209.6280	418.1600	230.5410	3.4012	445.3100	69.2872	3.0000	12000.0000	500.0000	0.0000	12011.6326	0.3190	0.2796	0.0300	0.0279	-1.2484	1.8084	-1.8636	0.5097	-22.6679	177.0233	298.1423	443.2552	87.3176	2.7916	1.6587	95.4826
76.2240	12030.0000	-0.2340	1.6446	0.0000	209.3030	424.3900	230.5780	3.4518	452.0900	69.3660	3.0000	12000.0000	500.0000	0.0000	11988.1056	0.2943	0.3089	0.0294	0.0320	-1.9524	1.6387	-2.4505	0.6022	-9.5897	166.3253	298.3478	427.3360	87.4568	2.0925	1.5924	95.5181
76.2803	12030.0000	-0.2340	1.6446	0.0000	209.3030	424.3900	230.5780	3.4518	452.0900	69.3660	3.0000	12000.0000	500.0000	0.0000	11988.1056	0.2943	0.3089	0.0294	0.0320	-1.9524	1.6387	-2.4505	0.6022	-9.5897	166.3253	298.3478	427.3360	87.4568	2.0925	1.5924	95.5181
76.8860	12012.0000	-0.2330	1.6275	0.0000	209.3980	422.0200	230.6260	3.4322	449.3200	69.5601	3.0000	12000.0000	500.0000	0.0000	11990.6724	0.3698	0.3057	0.0326	0.0285	-1.4821	2.2100	-2.1748	0.4867	-19.1159	178.5550	298.3326	443.2850	87.5713	1.8748	1.6009	95.5181
77.4761	12012.0000	-0.2330	1.6275	0.0000	209.3980	422.0200	230.6260	3.4322	449.3200	69.5601	3.0000	12000.0000	500.0000	0.0000	12017.9553	0.3293	0.2691	0.0310	0.0276	-1.8194	2.0803	-1.9179	0.5191	-13.4970	180.4203	298.4201	436.1350	87.6847	2.3499	1.5947	95.5656
77.4807	12012.0000	-0.2330	1.6275	0.0000	209.3980	422.0200	230.6260	3.4322	449.3200	69.5601	3.0000	12000.0000	500.0000	0.0000	12017.9553	0.3293	0.2691	0.0310	0.0276	-1.8194	2.0803	-1.9179	0.5191	-13.4970	180.4203	298.4201	436.1350	87.6847	2.3499	1.5947	95.5656
78.0811	12009.0000	-0.2350	1.6103	0.0000	209.7530	418.8700	230.6680	3.4160	445.8400	69.6721	3.0000	12000.0000	500.0000	0.0000	11980.1882	0.2476	0.3160	0.0333	0.0320	-1.6800	1.2660	-1.7003	0.6629	-10.3235	166.7981	298.6953	420.4263	87.7792	1.8933	1.5689	95.6224
78.2145	12009.0000	-0.2350	1.6103	0.0000	209.7530	418.8700	230.6680	3.4160	445.8400	69.6721	3.0000	12000.0000	500.0000	0.0000	11980.1882	0.2476	0.3160	0.0333	0.0320	-1.6800	1.2660	-1.7003	0.6629	-10.3235	166.7981	298.6953	420.4263	87.7792	1.8933	1.5689	95.6224
78.6872	11982.0000	-0.2320	1.6021	0.0000	209.7620	419.6400	230.6860	3.4154	446.5900	69.7489	3.0000	12000.0000	500.0000	0.0000	12012.6444	0.3426	0.2720	0.0284	0.0319	-1.8532	1.9444	-2.1406	0.6314	-11.6290	175.7622	298.9283	442.6850	87.8577	2.8622	1.6353	95.6224
78.9606	11982.0000	-0.2320	1.6021	0.0000	209.7620	419.6400	230.6860	3.4154	446.5900	69.7489	3.0000	12000.0000	500.0000	0.0000	12012.6444	0.3426	0.2720	0.0284	0.0319	-1.8532	1.9444	-2.1406	0.6314	-11.6290	175.7622	298.9283	442.6850	87.8577	2.8622	1.6353	95.6224
79.2926	11982.0000	-0.2320	1.6021	0.0000	209.7620	419.6400	230.6860	3.4154	446.5900	69.7489	3.0000	12000.0000	500.0000	0.0000	11957.8479	0.3412	0.3442	0.0273	0.0309	-1.4754	1.8449	-2.5731	0.5642	-16.2703	159.2254	298.7351	428.1155	87.9679	2.9706	1.5876	95.6599
79.6987	12012.0000	-0.2340	1.5992	0.0000	209.9750	414.1600	230.7220	3.3777	440.6100	69.8343	3.0000	12000.0000	500.0000	0.0000	11986.1414	0.2650	0.3069	0.0337	0.0332	-2.1610	1.5648	-1.4363	0.6636	-12.9861	171.4050	298.7122	433.2511	88.0673	1.9558	1.5900	95.6599
79.8980	12012.0000	-0.2340	1.5992	0.0000	209.9750	414.1600	230.7220	3.3777	440.6100	69.8343	3.0000	12000.0000	500.0000	0.0000	11986.1414	0.2650	0.3069	0.0337	0.0332	-2.1610	1.5648	-1.4363	0.6636	-12.9861	171.4050	298.7122	433.2511	88.0673	1.9558	1.5900	95.6599
80.4395	11999.0000	-0.2310	1.5974	0.0000	210.2080	411.2900	230.7400	3.3698	438.0500	69.9235	4.0000	12000.0000	500.0000	0.0000	11994.1228	0.3504	0.2981	0.0277	0.0285	-1.9810	2.1388	-2.9797	0.5971	-1.6651	158.3148	298.7421	424.1367	88.1634	2.7180	1.6140	95.7110
80.5037	11999.0000	-0.2310	1.5974	0.0000	210.2080	411.2900	230.7400	3.3698	438.0500	69.9235	4.0000	12000.0000	500.0000	0.0000	11994.1228	0.3504	0.2981	0.0277	0.0285	-1.9810	2.1388	-2.9797	0.5971	-1.6651	158.3148	298.7421	424.1367	88.1634	2.7180	1.6140	95.7110
81.1102	11995.0000	-0.2310	1.6194	0.0000	210.0370	414.7900	230.7660	3.3909	441.6900	70.0392	4.0000	12000.0000	500.0000	0.0000	11992.5853	0.2378	0.2977	0.0287	0.0330	-1.4404	1.1700	-2.3733	0.5351	-13.4816	171.5767	298.7637	428.9643	88.2623	2.6373	1.5783	95.7773
81.3135	11995.0000	-0.2310	1.6194	0.0000	210.0370	414.7900	230.7660	3.3909	441.6900	70.0392	4.0000	12000.0000	500.0000	0.0000	11992.5853	0.2378	0.2977	0.0287	0.0330	-1.4404	1.1700	-2.3733	0.5351	-13.4816	171.5767	298.7637	428.9643	88.2623	2.6373	1.5783	95.7773
81.7151	12021.0000	-0.2360	1.6109	0.0000	210.0450	413.3700	230.7790	3.3789	440.1700	70.1133	4.0000	12000.0000	500.0000	0.0000	11994.4609	0.3280	0.2952	0.0338	0.0282	-1.5868	1.9174	-1.9148	0.5840	-12.6622	177.0770	299.0263	427.0096	88.3413	2.1022	1.5973	95.7773
82.0597	12021.0000	-0.2360	1.6109	0.0000	210.0450	413.3700	230.7790	3.3789	440.1700	70.1133	4.0000	12000.0000	500.0000	0.0000	11998.9581	0.2621	0.2890	0.0337	0.0320	-1.9229	1.4698	-2.3320	0.6242	-16.6065	166.6479	299.0256	420.5799	88.4153	2.1738	1.5511	95.8195
82.3211	12021.0000	-0.2360	1.6109	0.0000	210.0450	413.3700	230.7790	3.3789	440.1700	70.1133	4.0000	12000.0000	500.0000	0.0000	11998.9581	0.2621	0.2890	0.0337	0.0320	-1.9229	1.4698	-2.3320	0.6242	-16.6065	166.6479	299.0256	420.5799	88.4153	2.1738	1.5511	95.8195
82.8085	12028.0000	-0.2330	1.5942	0.0000	210.4280	409.3400	230.7970	3.3458	435.6300	70.2212	4.0000	12000.0000	500.0000	0.0000	11981.1254	0.3368	0.3113	0.0285	0.0307	-1.0929	1.7364	-2.7745	0.4541	-7.2677	178.4944	298.9538	443.0197	88.4712	2.8386	1.5505	95.8636
82.9266	12028.0000	-0.2330	1.5942	0.0000	210.4280	409.3400	230.7970	3.3458	435.6300	70.2212	4.0000	12000.0000	500.0000	0.0000	11981.1254	0.3368	0.3113	0.0285	0.0307	-1.0929	1.7364	-2.7745	0.4541	-7.2677	178.4944	298.9538	443.0197	88.4712	2.8386	1.5505	95.8636
83.5171	12005.0000	-0.2330	1.5964	0.0000	210.3260	411.3400	230.8000	3.3562	437.8300	70.2898	4.0000	12000.0000	500.0000	0.0000	12024.3351	0.3162	0.2559	0.0327	0.0336	-1.6230	1.5210	-2.1836	0.5920	-9.2889	177.2720	298.9534	442.9816	88.5242	1.8588	1.5503	95.8636
83.5485	12005.0000	-0.2330	1.5964	0.0000	210.3260	411.3400	230.8000	3.3562	437.8300	70.2898	4.0000	12000.0000	500.0000	0.0000	12024.3351	0.3162	0.2559	0.0327	0.0336	-1.6230	1.5210	-2.1836	0.5920	-9.2889	177.2720	298.9534	442.9816	88.5242	1.8588	1.5503	95.8636
84.1225	12015.0000	-0.2270	1.5881	0.0000	210.2870	411.2500	230.8070	3.3641	437.5100	70.3822	4.0000	12000.0000	500.0000	0.0000	12017.7035	0.2545	0.2660	0.0292	0.0312	-2.0904	1.4015	-2.7438	0.5536	-17.6493	163.4721	298.7324	420.3194	88.5856	1.9737	1.5671	95.9177
84.2780	12015.0000	-0.2270	1.5881	0.0000	210.2870	411.2500	230.8070	3.3641	437.5100	70.3822	4.0000	12000.0000	500.0000	0.0000	12017.7035	0.2545	0.2660	0.0292	0.0312	-2.0904	1.4015	-2.7438	0.5536	-17.6493	163.4721	298.7324	420.3194	88.5856	1.9737	1.5671	95.9177
84.7116	11990.0000	-0.2270	1.6001	0.0000	210.2280	410.9600	230.8070	3.3651	437.3400	70.4535	4.0000	12000.0000	500.0000	0.0000	11994.8642	0.3008	0.2955	0.0328	0.0309	-1.1146	1.4913	-2.6515	0.7037	-10.4432	163.1358	298.9230	428.4377	88.6669	2.1433	1.6528	95.9177
85.0243	11990.0000	-0.2270	1.6001	0.0000	210.2280	410.9600	230.8070	3.3651	437.3400	70.4535	4.0000	12000.0000	500.0000	0.0000	12025.0252	0.3205	0.2559	0.0347	0.0309	-1.5953	1.7558	-2.1621	0.6907	-14.4517	162.3590	298.9987	424.0435	88.7691	1.8077	1.5792	95.9518
85.3023	11990.0000	-0.2270	1.6001	0.0000	210.2280	410.9600	230.8070	3.3651	437.3400	70.4535	4.0000	12000.0000	500.0000	0.0000	12025.0252	0.3205	0.2559	0.0347	0.0309	-1.5953	1.7558	-2.1621	0.6907	-14.4517	162.3590	298.9987	424.0435	88.7691	1.8077	1.5792	95.9518
85.7608	12029.0000	-0.2310	1.5892	0.0000	210.2140	412.4000	230.8050	3.3723	438.8900	70.5292	4.0000	12000.0000	500.0000	0.0000	11984.3334	0.3185	0.3109	0.0312	0.0334	-1.6261	1.5334	-1.7197	0.6030	-15.2459	170.3838	298.8540	446.8413	88.8367	1.7359	1.6110	95.9518
85.9085	12029.0000	-0.2310	1.5892	0.0000	210.2140	412.4000	230.8050	3.3723	438.8900	70.5292	4.0000	12000.0000	500.0000	0.0000	11984.3334	0.3185	0.3109	0.0312	0.0334	-1.6261	1.5334	-1.7197	0.6030	-15.2459	170.3838	298.8540	446.8413	88.8367	1.7359	1.6110	95.9518
86.5091	11982.0000	-0.2280	1.6178	0.0000	210.2240	413.5000	230.8010	3.3919	440.3300	70.5945	5.0000	12000.0000	500.0000	0.0000	12021.9967	0.3110	0.2620	0.0277	0.0309	-2.0122	1.8192	-2.8487	0.7597	8.4119	157.1885	298.8534	423.5186	88.9296	2.2189	1.6228	96.0049
86.5134	11982.0000	-0.2280	1.6178	0.0000	210.2240	413.5000	230.8010	3.3919	440.3300	70.5945	5.0000	12000.0000	500.0000	0.0000	12021.9967	0.3110	0.2620	0.0277	0.0309	-2.0122	1.8192	-2.8487	0.7597	8.4119	157.1885	298.8534	423.5186	88.9296	2.2189	1.6228	96.0049
87.1187	12015.0000	-0.2310	1.5924	0.0000	210.3170	410.5700	230.7890	3.3608	436.8900	70.6971	5.0000	12000.0000	500.0000	0.0000	11997.7854	0.2707	0.2933	0.0304	0.0330	-1.9067	1.5310	-1.8587	0.3247	-15.9436	173.6674	298.7196	434.0900	89.0171	2.3301	1.6064	96.0634
87.3938	12015.0000	-0.2310	1.5924	0.0000	210.3170	410.5700	230.7890	3.3608	436.8900	70.6971	5.0000	12000.0000	500.0000	0.0000	11997.7854	0.2707	0.2933	0.0304	0.0330	-1.9067	1.5310	-1.8587	0.3247	-15.9436	173.6674	298.7196	434.0900	89.0171	2.3301	1.6064	96.0634
87.7245	12015.0000	-0.2310	1.5924	0.0000	210.3170	410.5700	230.7890	3.3608	436.8900	70.6971	5.0000	12000.0000	500.0000	0.0000	11997.2271	0.2738	0.2951	0.0323	0.0294	-1.4779	1.4382	-2.5421	0.5247	-3.5544	183.7533	298.5874	435.9725	89.1005	2.2551	1.6749	96.0634
88.1470	11987.0000	-0.2280	1.6284	0.0000	209.8240	418.5900	230.7660	3.4208	445.3900	70.7946	5.0000	12000.0000	500.0000	0.0000	11996.9100	0.2636	0.2954	0.0288	0.0324	-2.0371	1.4321	-2.8671	0.5606	-20.7886	166.7389	298.4950	433.7455	89.2046	2.6138	1.5882	96.1077
88.3298	11987.0000	-0.2280	1.6284	0.0000	209.8240	418.5900	230.7660	3.4208	445.3900	70.7946	5.0000	12000.0000	500.0000	0.0000	11996.9100	0.2636	0.2954	0.0288	0.0324	-2.0371	1.4321	-2.8671	0.5606	-20.7886	166.7389	298.4950	433.7455	89.2046	2.6138	1.5882	96.1077
88.8928	11987.0000	-0.2280	1.6220	0.0000	209.9260	417.3500	230.7530	3.4052	443.8400	70.8655	5.0000	12000.0000	500.0000	0.0000	12007.6821	0.3307	0.2838	0.0318	0.0276	-1.7259	1.9852	-1.9089	0.4490	-12.3152	182.3087	298.4097	446.8975	89.2628	2.0291	1.6053	96.1572
88.9359	11987.0000	-0.2280	1.6220	0.0000	209.9260	417.3500	230.7530	3.4052	443.8400	70.8655	5.0000	12000.0000	500.0000	0.0000	12007.6821	0.3307	0.2838	0.0318	0.0276	-1.7259	1.9852	-1.9089	0.4490	-12.3152	182.3087	298.4097	446.8975	89.2628	2.0291	1.6053	96.1572
89.5414	12000.0000	-0.2300	1.6184	0.0000	209.9000	418.7900	230.7210	3.4110	445.2600	70.9657	5.0000	12000.0000	500.0000	0.0000	12029.7520	0.2757	0.2558	0.0347	0.0318	-2.1539	1.6142	-1.9702	0.5712	-6.7031	167.4482	298.4959	433.1549	89.3351	2.3366	1.5890	96.1572
89.6342	12000.0000	-0.2300	1.6184	0.0000	209.9000	418.7900	230.7210	3.4110	445.2600	70.9657	5.0000	12000.0000	500.0000	0.0000	12029.7520	0.2757	0.2558	0.0347	0.0318	-2.1539	1.6142	-1.9702	0.5712	-6.7031	167.4482	298.4959	433.1549	89.3351	2.3366	1.5890	96.1572
90.1467	12017.0000	-0.2270	1.6044	0.0000	209.8440	417.8600	230.7020	3.4099	444.3200	71.0387	5.0000	12000.0000	500.0000	0.0000	11975.6549	0.3133	0.3256	0.0276	0.0331	-1.8020	1.6299	-2.3635	0.5315	-9.7409	177.9458	298.5423	449.3626	89.3983	2.4593	1.5892	96.2123
90.3826	12017.0000	-0.2270	1.6044	0.0000	209.8440	417.8600	230.7020	3.4099	444.3200	71.0387	5.0000	12000.0000	500.0000	0.0000	11975.6549	0.3133	0.3256	0.0276	0.0331	-1.8020	1.6299	-2.3635	0.5315	-9.7409	177.9458	298.5423	449.3626	89.3983	2.4593	1.5892	96.2123
90.7520	12017.0000	-0.2270	1.6044	0.0000	209.8440	417.8600	230.7020	3.4099	444.3200	71.0387	5.0000	12000.0000	500.0000	0.0000	12007.4385	0.3199	0.2830	0.0328	0.0301	-1.4099	1.7597	-2.0163	0.7178	-4.9667	159.2450	298.2949	431.9610	89.4675	2.0742	1.6233	96.2123
91.1265	11993.0000	-0.2310	1.6134	0.0000	209.7140	420.0300	230.6660	3.4370	447.1500	71.0989	5.0000	12000.0000	500.0000	0.0000	12007.2718	0.2037	0.2826	0.0299	0.0336	-1.7372	0.9776	-2.4853	0.5789	-6.3207	175.9329	298.5278	443.1055	89.5250	2.7508	1.5482	96.2523
91.3588	11993.0000	-0.2310	1.6134	0.0000	209.7140	420.0300	230.6660	3.4370	447.1500	71.0989	5.0000	12000.0000	500.0000	0.0000	12007.2718	0.2037	0.2826	0.0299	0.0336	-1.7372	0.9776	-2.4853	0.5789	-6.3207	175.9329	298.5278	443.1055	89.5250	2.7508	1.5482	96.2523
91.8747	11987.0000	-0.2280	1.6088	0.0000	209.7470	418.3300	230.6470	3.4233	445.2500	71.1956	5.0000	12000.0000	500.0000	0.0000	11987.8701	0.3430	0.3067	0.0324	0.0296	-1.9865	2.0193	-2.5447	0.6820	-8.4698	156.7570	298.3791	424.6864	89.5630	2.6141	1.5798	96.2965
91.9644	11987.0000	-0.2280	1.6088	0.0000	209.7470	418.3300	230.6470	3.4233	445.2500	71.1956	5.0000	12000.0000	500.0000	0.0000	11987.8701	0.3430	0.3067	0.0324	0.0296	-1.9865	2.0193	-2.5447	0.6820	-8.4698	156.7570	298.3791	424.6864	89.5630	2.6141	1.5798	96.2965
92.5528	11988.0000	-0.2290	1.6010	0.0000	209.7980	418.5500	230.6040	3.4270	445.1700	71.2318	6.0000	12000.0000	500.0000	0.0000	12025.1884	0.3522	0.2574	0.0330	0.0292	-1.6446	2.0523	-2.2897	0.7456	1.0919	159.9077	298.4848	425.3792	89.6358	2.2679	1.6011	96.2965
92.6263	11988.0000	-0.2290	1.6010	0.0000	209.7980	418.5500	230.6040	3.4270	445.1700	71.2318	6.0000	12000.0000	500.0000	0.0000	12025.1884	0.3522	0.2574	0.0330	0.0292	-1.6446	2.0523	-2.2897	0.7456	1.0919	159.9077	298.4848	425.3792	89.6358	2.2679	1.6011	96.2965
93.3712	11986.0000	-0.2300	1.5984	0.0000	209.9630	417.1800	230.5820	3.4138	443.5300	71.2975	NOT CONNECTED	0.0000	500.0000	0.0000	12079.5711	0.1486	0.1290	0.0343	0.0321	-2.1864	0.8896	-1.5861	0.2403	-25.2893	182.7054	308.7755	223.7075	89.7433	1.9387	1.5339	96.3505
93.6858	11986.0000	-0.2300	1.5984	0.0000	209.9630	417.1800	230.5820	3.4138	443.5300	71.2975	NOT CONNECTED	0.0000	500.0000	0.0000	12079.5711	0.1486	0.1290	0.0343	0.0321	-2.1864	0.8896	-1.5861	0.2403	-25.2893	182.7054	308.7755	223.7075	89.7433	1.9387	1.5339	96.3505
94.1194	12013.0000	-0.2290	1.6194	0.0000	209.7250	415.9400	230.5350	3.4017	442.2700	71.3687	NOT CONNECTED	0.0000	500.0000	0.0000	12042.6165	0.1969	0.0987	0.0323	0.0345	-2.0006	1.0995	-2.2732	0.0234	-9.4899	184.2597	308.5058	238.5748	89.6409	1.4441	1.2863	96.3916
94.3073	12013.0000	-0.2290	1.6194	0.0000	209.7250	415.9400	230.5350	3.4017	442.2700	71.3687	NOT CONNECTED	0.0000	500.0000	0.0000	12042.6165	0.1969	0.0987	0.0323	0.0345	-2.0006	1.0995	-2.2732	0.0234	-9.4899	184.2597	308.5058	238.5748	89.6409	1.4441	1.2863	96.3916
94.9121	12076.0000	-0.1370	1.5877	0.0000	210.4590	401.4200	230.5000	3.3120	428.3400	71.4511	NOT CONNECTED	0.0000	500.0000	0.0000	11997.1023	0.1781	0.1576	0.0328	0.0331	-1.0984	0.7248	-1.2470	0.1774	-11.8581	172.6329	307.6356	256.0997	89.5126	2.6332	1.3334	96.3916
95.1192	12076.0000	-0.1370	1.5877	0.0000	210.4590	401.4200	230.5000	3.3120	428.3400	71.4511	NOT CONNECTED	0.0000	500.0000	0.0000	11997.1023	0.1781	0.1576	0.0328	0.0331	-1.0984	0.7248	-1.2470	0.1774	-11.8581	172.6329	307.6356	256.0997	89.5126	2.6332	1.3334	96.3916
95.5181	11998.0000	-0.1000	1.3001	0.0000	220.4090	198.5000	230.5820	1.8386	213.8300	71.5262	NOT CONNECTED	0.0000	500.0000	0.0000	12041.9614	0.1587	0.1000	0.0318	0.0354	-0.8854	0.4462	-2.5996	0.4508	-5.4989	175.7577	306.9621	256.0260	89.4265	1.4524	1.4238	96.3670
95.8526	11998.0000	-0.1000	1.3001	0.0000	220.4090	198.5000	230.5820	1.8386	213.8300	71.5262	NOT CONNECTED	0.0000	500.0000	0.0000	11983.1549	0.1828	0.1771	0.0306	0.0330	-1.1843	0.7072	-1.3877	0.1760	-4.3933	170.0706	307.1029	239.4232	89.3918	2.3974	1.4060	96.3552
96.1245	11998.0000	-0.1000	1.3001	0.0000	220.4090	198.5000	230.5820	1.8386	213.8300	71.5262	NOT CONNECTED	0.0000	500.0000	0.0000	11983.1549	0.1828	0.1771	0.0306	0.0330	-1.1843	0.7072	-1.3877	0.1760	-4.3933	170.0706	307.1029	239.4232	89.3918	2.3974	1.4060	96.3552
96.6266	11982.0000	-0.1080	1.3840	0.0000	218.3960	233.0300	230.4710	2.1057	250.1500	71.5420	NOT CONNECTED	0.0000	500.0000	0.0000	12028.0385	0.0955	0.1188	0.0324	0.0348	-1.2903	0.2070	-1.3647	0.2990	-10.2280	180.6834	307.4934	255.5245	89.3401	2.4153	1.4420	96.3552
96.7302	11982.0000	-0.1080	1.3840	0.0000	218.3960	233.0300	230.4710	2.1057	250.1500	71.5420	NOT CONNECTED	0.0000	500.0000	0.0000	12028.0385	0.0955	0.1188	0.0324	0.0348	-1.2903	0.2070	-1.3647	0.2990	-10.2280	180.6834	307.4934	255.5245	89.3401	2.4153	1.4420	96.3552
97.3514	11990.0000	-0.1050	1.4525	0.0000	217.7030	238.3000	230.4600	2.1625	255.5800	71.5899	NOT CONNECTED	0.0000	500.0000	0.0000	12017.5205	0.0661	0.1147	0.0347	0.0339	-2.1843	0.4236	-1.4719	0.3043	-21.4900	176.6389	309.3094	195.8886	89.2733	2.1913	1.3114	96.3436
97.3652	11990.0000	-0.1050	1.4525	0.0000	217.7030	238.3000	230.4600	2.1625	255.5800	71.5899	NOT CONNECTED	0.0000	500.0000	0.0000	12017.5205	0.0661	0.1147	0.0347	0.0339	-2.1843	0.4236	-1.4719	0.3043	-21.4900	176.6389	309.3094	195.8886	89.2733	2.1913	1.3114	96.3436
97.9583	11979.0000	-0.1060	1.4176	0.0000	217.9200	235.2000	230.4450	2.1085	252.3000	71.5901	NOT CONNECTED	0.0000	500.0000	0.0000	11702.4392	0.0687	0.0433	0.0363	0.0365	-1.4248	0.2971	-1.6379	0.1408	-9.3262	182.0138	316.1775	92.5551	89.1172	1.5995	1.1077	96.3202
98.1243	11979.0000	-0.1060	1.4176	0.0000	217.9200	235.2000	230.4450	2.1085	252.3000	71.5901	NOT CONNECTED	0.0000	500.0000	0.0000	11702.4392	0.0687	0.0433	0.0363	0.0365	-1.4248	0.2971	-1.6379	0.1408	-9.3262	182.0138	316.1775	92.5551	89.1172	1.5995	1.1077	96.3202
98.5630	12008.0000	-0.1060	1.4046	0.0000	218.2030	232.0600	230.4370	2.0704	249.1400	71.5942	NOT CONNECTED	0.0000	500.0000	0.0000	11380.9547	0.0418	0.0494	0.0367	0.0370	-1.5137	0.1450	-1.5357	0.1553	-15.5586	175.3188	315.7772	92.8822	88.8976	1.5874	1.0773	96.3202
98.8645	12008.0000	-0.1060	1.4046	0.0000	218.2030	232.0600	230.4370	2.0704	249.1400	71.5942	NOT CONNECTED	0.0000	500.0000	0.0000	11380.9547	0.0418	0.0494	0.0367	0.0370	-1.5137	0.1450	-1.5357	0.1553	-15.5586	175.3188	315.7772	92.8822	88.8976	1.5874	1.0773	96.3202
99.1683	12008.0000	-0.1060	1.4046	0.0000	218.2030	232.0600	230.4370	2.0704	249.1400	71.5942	NOT CONNECTED	0.0000	500.0000	0.0000	11057.3884	0.0412	0.0577	0.0394	0.0389	-1.4963	0.1831	-1.4453	0.0581	-12.3667	180.8710	316.0968	85.8027	88.6707	1.5661	1.0260	96.2413
99.6280	11623.0000	-0.0000	1.1487	0.0000	226.0890	79.4600	230.5090	0.8861	91.1300	71.6068	NOT CONNECTED	0.0000	500.0000	0.0000	10759.9229	0.0655	0.0575	0.0398	0.0388	-1.6833	0.3844	-1.5056	0.0818	4.4874	177.7928	316.5079	76.6657	88.4323	1.3214	1.0710	96.2413
99.7743	11623.0000	-0.0000	1.1487	0.0000	226.0890	79.4600	230.5090	0.8861	91.1300	71.6068	NOT CONNECTED	0.0000	500.0000	0.0000	10759.9229	0.0655	0.0575	0.0398	0.0388	-1.6833	0.3844	-1.5056	0.0818	4.4874	177.7928	316.5079	76.6657	88.4323	1.3214	1.0710	96.2413
100.3732	11229.0000	-0.0080	1.1218	0.0000	225.5040	86.5300	230.4770	0.9464	98.3100	71.5987	NOT CONNECTED	0.0000	500.0000	0.0000	10470.5449	0.0448	0.0303	0.0346	0.0349	-1.5877	0.1429	-1.8444	0.0927	-10.6694	157.1877	316.1546	75.2379	88.2276	1.8075	1.1419	96.1181
100.3796	11229.0000	-0.0080	1.1218	0.0000	225.5040	86.5300	230.4770	0.9464	98.3100	71.5987	NOT CONNECTED	0.0000	500.0000	0.0000	10470.5449	0.0448	0.0303	0.0346	0.0349	-1.5877	0.1429	-1.8444	0.0927	-10.6694	157.1877	316.1546	75.2379	88.2276	1.8075	1.1419	96.1181
100.9856	10844.0000	-0.0040	1.0483	0.0000	225.5970	76.7400	230.4900	0.8588	88.1500	71.5465	NOT CONNECTED	0.0000	500.0000	0.0000	10147.7526	0.0119	0.0487	0.0349	0.0348	-1.8313	-0.0128	-1.7614	0.1167	-10.2548	151.9869	316.5598	67.7146	88.0746	1.7162	1.1500	95.9975
101.1223	10844.0000	-0.0040	1.0483	0.0000	225.5970	76.7400	230.4900	0.8588	88.1500	71.5465	NOT CONNECTED	0.0000	500.0000	0.0000	10147.7526	0.0119	0.0487	0.0349	0.0348	-1.8313	-0.0128	-1.7614	0.1167	-10.2548	151.9869	316.5598	67.7146	88.0746	1.7162	1.1500	95.9975
101.5907	10483.0000	-0.0000	1.0380	0.0000	222.4420	76.3000	230.4990	0.8522	87.3500	71.5230	NOT CONNECTED	0.0000	500.0000	0.0000	9848.8883	0.0298	0.0382	0.0348	0.0349	-1.6225	0.0733	-1.5312	0.0902	-12.9303	147.5454	316.8482	64.9491	87.9279	1.6616	1.1565	95.9975
101.8645	10483.0000	-0.0000	1.0380	0.0000	222.4420	76.3000	230.4990	0.8522	87.3500	71.5230	NOT CONNECTED	0.0000	500.0000	0.0000	9848.8883	0.0298	0.0382	0.0348	0.0349	-1.6225	0.0733	-1.5312	0.0902	-12.9303	147.5454	316.8482	64.9491	87.9279	1.6616	1.1565	95.9975
102.1962	10483.0000	-0.0000	1.0380	0.0000	222.4420	76.3000	230.4990	0.8522	87.3500	71.5230	NOT CONNECTED	0.0000	500.0000	0.0000	9557.3223	0.0368	0.0126	0.0350	0.0349	-1.7686	0.1984	-1.7489	0.0226	-10.9218	142.4005	317.3265	57.1424	87.7879	1.6579	1.1510	95.9007
102.6285	10111.0000	-0.0000	1.1835	0.0000	192.0470	65.9700	230.5270	0.7854	80.2000	71.4530	NOT CONNECTED	0.0000	500.0000	0.0000	9256.8843	0.0073	0.0211	0.0349	0.0348	-1.7261	0.0233	-1.7005	0.0485	-11.8451	137.9972	317.4342	53.9510	87.6602	1.5866	1.2010	95.9007
102.7865	10111.0000	-0.0000	1.1835	0.0000	192.0470	65.9700	230.5270	0.7854	80.2000	71.4530	NOT CONNECTED	0.0000	500.0000	0.0000	9256.8843	0.0073	0.0211	0.0349	0.0348	-1.7261	0.0233	-1.7005	0.0485	-11.8451	137.9972	317.4342	53.9510	87.6602	1.5866	1.2010	95.9007
103.3683	9730.0000	-0.0000	1.1823	0.0000	187.2260	61.4900	230.5450	0.7448	75.7700	71.4111	NOT CONNECTED	0.0000	500.0000	0.0000	8967.3834	0.0106	0.0116	0.0348	0.0348	-1.7489	0.0497	-1.6219	0.0267	-12.7427	133.9666	317.4246	49.8378	87.5434	1.7713	1.1546	95.7850
103.3747	9730.0000	-0.0000	1.1823	0.0000	187.2260	61.4900	230.5450	0.7448	75.7700	71.4111	NOT CONNECTED	0.0000	500.0000	0.0000	8967.3834	0.0106	0.0116	0.0348	0.0348	-1.7489	0.0497	-1.6219	0.0267	-12.7427	133.9666	317.4246	49.8378	87.5434	1.7713	1.1546	95.7850
103.9803	9359.0000	-0.0000	1.1814	0.0000	177.4540	50.8800	230.5860	0.6438	65.1600	71.3946	NOT CONNECTED	0.0000	500.0000	0.0000	8665.5344	0.0082	0.0139	0.0348	0.0348	-1.8178	0.0618	-1.6376	0.0150	-12.8238	130.0358	317.6060	44.9229	87.4258	1.7133	1.1567	95.6705
104.1204	9359.0000	-0.0000	1.1814	0.0000	177.4540	50.8800	230.5860	0.6438	65.1600	71.3946	NOT CONNECTED	0.0000	500.0000	0.0000	8665.5344	0.0082	0.0139	0.0348	0.0348	-1.8178	0.0618	-1.6376	0.0150	-12.8238	130.0358	317.6060	44.9229	87.4258	1.7133	1.1567	95.6705
104.5866	8969.0000	-0.0000	1.1812	0.0000	172.6010	47.8000	230.6070	0.6197	62.2100	71.3565	NOT CONNECTED	0.0000	500.0000	0.0000	8365.2852	0.0298	0.0063	0.0348	0.0349	-1.6072	0.1432	-1.6064	0.0558	-11.3252	122.7633	317.7768	41.2365	87.3040	1.6101	1.1595	95.6705
104.8604	8969.0000	-0.0000	1.1812	0.0000	172.6010	47.8000	230.6070	0.6197	62.2100	71.3565	NOT CONNECTED	0.0000	500.0000	0.0000	8365.2852	0.0298	0.0063	0.0348	0.0349	-1.6072	0.1432	-1.6064	0.0558	-11.3252	122.7633	317.7768	41.2365	87.3040	1.6101	1.1595	95.6705
105.1934	8969.0000	-0.0000	1.1812	0.0000	172.6010	47.8000	230.6070	0.6197	62.2100	71.3565	NOT CONNECTED	0.0000	500.0000	0.0000	8045.2824	0.0306	0.0248	0.0348	0.0349	-1.7995	0.1529	-1.6252	0.0243	-12.5640	119.5613	317.9977	37.8624	87.1935	1.7542	1.1617	95.5554
105.6252	8608.0000	-0.0000	1.1817	0.0000	162.9830	40.4800	230.6540	0.5675	55.0000	71.3026	NOT CONNECTED	0.0000	500.0000	0.0000	7753.0298	0.0213	0.0173	0.0347	0.0348	-1.5986	0.0883	-1.6647	0.0378	-11.7083	113.2799	318.1662	35.9412	87.0943	1.7527	1.1954	95.5554
105.7988	8608.0000	-0.0000	1.1817	0.0000	162.9830	40.4800	230.6540	0.5675	55.0000	71.3026	NOT CONNECTED	0.0000	500.0000	0.0000	7753.0298	0.0213	0.0173	0.0347	0.0348	-1.5986	0.0883	-1.6647	0.0378	-11.7083	113.2799	318.1662	35.9412	87.0943	1.7527	1.1954	95.5554
106.3628	8236.0000	-0.0000	1.1816	0.0000	158.2260	36.5700	230.6770	0.5346	51.0600	71.2467	NOT CONNECTED	0.0000	500.0000	0.0000	7464.1298	-0.0160	-0.0000	0.0350	0.0348	-1.6155	-0.1081	-1.6777	-0.0060	-13.3185	111.8580	318.3498	32.6969	86.9987	1.6324	1.1675	95.4262
106.4036	8236.0000	-0.0000	1.1816	0.0000	158.2260	36.5700	230.6770	0.5346	51.0600	71.2467	NOT CONNECTED	0.0000	500.0000	0.0000	7464.1298	-0.0160	-0.0000	0.0350	0.0348	-1.6155	-0.1081	-1.6777	-0.0060	-13.3185	111.8580	318.3498	32.6969	86.9987	1.6324	1.1675	95.4262
107.0086	7865.0000	0.0010	1.1821	0.0000	148.7290	31.6400	230.7220	0.4902	46.3000	71.2316	NOT CONNECTED	0.0000	500.0000	0.0000	7159.2162	-0.0151	-0.0000	0.0348	0.0348	-1.6348	-0.1037	-1.5157	0.0285	-11.2458	105.4611	318.4647	31.9533	86.9053	1.6335	1.1674	95.2979
107.1192	7865.0000	0.0010	1.1821	0.0000	148.7290	31.6400	230.7220	0.4902	46.3000	71.2316	NOT CONNECTED	0.0000	500.0000	0.0000	7159.2162	-0.0151	-0.0000	0.0348	0.0348	-1.6348	-0.1037	-1.5157	0.0285	-11.2458	105.4611	318.4647	31.9533	86.9053	1.6335	1.1674	95.2979
107.6148	7496.0000	0.0050	1.1826	0.0000	143.9960	29.5800	230.7430	0.4720	44.2600	71.2097	NOT CONNECTED	0.0000	500.0000	0.0000	6868.8730	0.0063	-0.0000	0.0349	0.0348	-1.6247	-0.0035	-1.5560	-0.0807	-10.6413	104.8626	318.6483	30.4912	86.8169	1.6104	1.1717	95.2979
107.8469	7496.0000	0.0050	1.1826	0.0000	143.9960	29.5800	230.7430	0.4720	44.2600	71.2097	NOT CONNECTED	0.0000	500.0000	0.0000	6868.8730	0.0063	-0.0000	0.0349	0.0348	-1.6247	-0.0035	-1.5560	-0.0807	-10.6413	104.8626	318.6483	30.4912	86.8169	1.6104	1.1717	95.2979
108.2041	7496.0000	0.0050	1.1826	0.0000	143.9960	29.5800	230.7430	0.4720	44.2600	71.2097	NOT CONNECTED	0.0000	500.0000	0.0000	6564.7165	0.0048	-0.0000	0.0347	0.0348	-1.7145	0.0603	-1.6330	-0.0610	-11.4134	100.8935	318.6754	29.3074	86.7336	1.8039	1.1730	95.1686
108.6254	7135.0000	0.0080	1.1818	0.0000	134.5990	25.4000	230.7880	0.4327	40.1200	71.1676	NOT CONNECTED	0.0000	500.0000	0.0000	6291.1860	0.0023	-0.0000	0.0349	0.0348	-1.7733	-0.0044	-1.5260	0.0372	-11.8818	90.3773	318.6554	29.3720	86.6613	1.5767	1.1999	95.1686
108.8113	7135.0000	0.0080	1.1818	0.0000	134.5990	25.4000	230.7880	0.4327	40.1200	71.1676	NOT CONNECTED	0.0000	500.0000	0.0000	6291.1860	0.0023	-0.0000	0.0349	0.0348	-1.7733	-0.0044	-1.5260	0.0372	-11.8818	90.3773	318.6554	29.3720	86.6613	1.5767	1.1999	95.1686
109.3618	6751.0000	0.0140	1.1840	0.0000	130.0580	24.7300	230.8060	0.4262	39.5400	71.2022	NOT CONNECTED	0.0000	500.0000	0.0000	6005.2282	-0.0223	-0.0000	0.0348	0.0348	-1.5995	-0.0862	-1.9077	0.0145	-12.8438	88.1848	318.7338	29.3043	86.5894	1.9076	1.1774	95.0288
109.4000	6751.0000	0.0140	1.1840	0.0000	130.0580	24.7300	230.8060	0.4262	39.5400	71.2022	NOT CONNECTED	0.0000	500.0000	0.0000	6005.2282	-0.0223	-0.0000	0.0348	0.0348	-1.5995	-0.0862	-1.9077	0.0145	-12.8438	88.1848	318.7338	29.3043	86.5894	1.9076	1.1774	95.0288
110.0065	6393.0000	0.0170	1.1848	0.0000	121.0060	23.7100	230.8410	0.4151	38.4900	71.1522	NOT CONNECTED	0.0000	500.0000	0.0000	5748.4323	-0.0101	-0.0000	0.0349	0.0348	-1.6948	-0.0395	-1.6266	0.0084	-11.7223	83.0103	318.7109	29.4230	86.5201	1.6036	1.1792	94.8891
110.1238	6393.0000	0.0170	1.1848	0.0000	121.0060	23.7100	230.8410	0.4151	38.4900	71.1522	NOT CONNECTED	0.0000	500.0000	0.0000	5748.4323	-0.0101	-0.0000	0.0349	0.0348	-1.6948	-0.0395	-1.6266	0.0084	-11.7223	83.0103	318.7109	29.4230	86.5201	1.6036	1.1792	94.8891
110.5955	6042.0000	0.0200	1.1852	0.0000	116.5810	23.7200	230.8580	0.4157	38.4900	71.1387	NOT CONNECTED	0.0000	500.0000	0.0000	5517.4914	-0.0448	-0.0000	0.0349	0.0348	-1.1272	-0.2609	-1.2446	-0.1180	-8.0999	85.4672	318.4154	29.6057	86.4624	1.2245	1.2162	94.8891
110.8676	6042.0000	0.0200	1.1852	0.0000	116.5810	23.7200	230.8580	0.4157	38.4900	71.1387	NOT CONNECTED	0.0000	500.0000	0.0000	5517.4914	-0.0448	-0.0000	0.0349	0.0348	-1.1272	-0.2609	-1.2446	-0.1180	-8.0999	85.4672	318.4154	29.6057	86.4624	1.2245	1.2162	94.8891
111.2015	6042.0000	0.0200	1.1852	0.0000	116.5810	23.7200	230.8580	0.4157	38.4900	71.1387	NOT CONNECTED	0.0000	500.0000	0.0000	5196.4499	-0.0374	-0.0000	0.0346	0.0348	-1.2074	-0.2341	-1.6000	0.0585	-10.9800	69.5057	318.4073	31.2058	86.4211	2.2803	1.2229	94.7494
111.6255	5705.0000	0.0170	1.1840	0.0000	108.0690	23.6300	230.8860	0.4142	38.4100	71.0952	NOT CONNECTED	0.0000	500.0000	0.0000	4991.8546	-0.0569	-0.0000	0.0350	0.0348	-1.2331	-0.2866	-2.2723	-0.1459	-11.2242	83.0518	318.3857	28.9678	86.3859	1.4217	1.2391	94.7494
111.8077	5705.0000	0.0170	1.1840	0.0000	108.0690	23.6300	230.8860	0.4142	38.4100	71.0952	NOT CONNECTED	0.0000	500.0000	0.0000	4991.8546	-0.0569	-0.0000	0.0350	0.0348	-1.2331	-0.2866	-2.2723	-0.1459	-11.2242	83.0518	318.3857	28.9678	86.3859	1.4217	1.2391	94.7494
112.3628	5390.0000	0.0130	1.2243	0.0000	105.1650	26.4200	230.8950	0.4412	41.4300	71.0995	NOT CONNECTED	0.0000	500.0000	0.0000	4699.8497	-0.0100	-0.1038	0.0350	0.0348	-1.7934	0.0439	-1.3698	0.0199	-10.9411	65.8106	318.8434	20.1194	86.3560	2.3493	1.2318	94.8023
112.4122	5390.0000	0.0130	1.2243	0.0000	105.1650	26.4200	230.8950	0.4412	41.4300	71.0995	NOT CONNECTED	0.0000	500.0000	0.0000	4699.8497	-0.0100	-0.1038	0.0350	0.0348	-1.7934	0.0439	-1.3698	0.0199	-10.9411	65.8106	318.8434	20.1194	86.3560	2.3493	1.2318	94.8023
113.0189	5084.0000	0.0090	1.2292	0.0000	97.4070	26.6200	230.9130	0.4418	41.5200	71.0824	NOT CONNECTED	0.0000	500.0000	0.0000	4461.4525	0.0215	-0.0000	0.0351	0.0353	-2.3952	-0.0131	-1.8607	0.0566	-12.6015	61.6994	319.1803	16.3363	86.3332	1.2196	1.2646	94.8540
113.1186	5084.0000	0.0090	1.2292	0.0000	97.4070	26.6200	230.9130	0.4418	41.5200	71.0824	NOT CONNECTED	0.0000	500.0000	0.0000	4461.4525	0.0215	-0.0000	0.0351	0.0353	-2.3952	-0.0131	-1.8607	0.0566	-12.6015	61.6994	319.1803	16.3363	86.3332	1.2196	1.2646	94.8540
113.6243	4767.0000	0.0140	1.2293	0.0000	93.6100	26.6900	230.9180	0.4405	41.5700	71.0640	NOT CONNECTED	0.0000	500.0000	0.0000	4038.3599	0.0025	-0.1093	0.0350	0.0348	-1.7993	0.1044	-1.2141	-0.2205	-18.5134	76.6275	319.7430	11.4669	86.3240	2.2351	1.2620	94.8540
113.8562	4767.0000	0.0140	1.2293	0.0000	93.6100	26.6900	230.9180	0.4405	41.5700	71.0640	NOT CONNECTED	0.0000	500.0000	0.0000	4038.3599	0.0025	-0.1093	0.0350	0.0348	-1.7993	0.1044	-1.2141	-0.2205	-18.5134	76.6275	319.7430	11.4669	86.3240	2.2351	1.2620	94.8540
114.2302	4767.0000	0.0140	1.2293	0.0000	93.6100	26.6900	230.9180	0.4405	41.5700	71.0640	NOT CONNECTED	0.0000	500.0000	0.0000	3742.4386	-0.0147	-0.0000	0.0347	0.0348	-1.5572	-0.0154	-1.5561	0.0482	-13.4231	46.6257	319.7293	11.2349	86.3157	1.0650	1.2649	94.9082
114.6299	4382.0000	0.0450	1.2646	0.0000	85.3550	13.7500	230.9340	0.3228	28.7400	71.0785	NOT CONNECTED	0.0000	500.0000	0.0000	3306.0765	-0.0499	-0.1508	0.0356	0.0349	-1.5821	-0.2014	-2.4014	-0.0910	-11.4781	55.4645	319.3763	17.2586	86.3129	2.3714	1.2702	94.9082
114.8358	4382.0000	0.0450	1.2646	0.0000	85.3550	13.7500	230.9340	0.3228	28.7400	71.0785	NOT CONNECTED	0.0000	500.0000	0.0000	3306.0765	-0.0499	-0.1508	0.0356	0.0349	-1.5821	-0.2014	-2.4014	-0.0910	-11.4781	55.4645	319.3763	17.2586	86.3129	2.3714	1.2702	94.9082
115.4406	3611.0000	0.0550	1.2628	0.0000	74.4390	9.9700	230.9330	0.2830	24.7500	71.1973	NOT CONNECTED	0.0000	500.0000	0.0000	2936.1018	-0.0015	0.0113	0.0349	0.0348	-1.6730	0.0162	-1.7708	-0.0076	-8.2018	41.8979	319.2602	17.9496	86.3067	2.4038	1.2529	94.9564
115.8740	3611.0000	0.0550	1.2628	0.0000	74.4390	9.9700	230.9330	0.2830	24.7500	71.1973	NOT CONNECTED	0.0000	500.0000	0.0000	2709.1216	-0.0320	-0.0000	0.0346	0.0348	-1.1128	-0.1304	-1.0231	-0.0936	-9.2417	45.3514	318.9710	20.8708	86.2977	1.0400	1.2565	95.0003
116.0466	3611.0000	0.0550	1.2628	0.0000	74.4390	9.9700	230.9330	0.2830	24.7500	71.1973	NOT CONNECTED	0.0000	500.0000	0.0000	2709.1216	-0.0320	-0.0000	0.0346	0.0348	-1.1128	-0.1304	-1.0231	-0.0936	-9.2417	45.3514	318.9710	20.8708	86.2977	1.0400	1.2565	95.0003
116.6288	3164.0000	0.0520	1.2537	0.0000	62.5550	14.2500	230.9200	0.3182	28.5400	71.2463	NOT CONNECTED	0.0000	500.0000	0.0000	2323.6213	-0.1561	0.0109	0.0346	0.0353	-2.3451	-0.7039	-1.3292	-0.0244	-12.4622	32.0171	318.7588	21.6535	86.2890	2.0416	1.2521	95.0003
116.6522	3164.0000	0.0520	1.2537	0.0000	62.5550	14.2500	230.9200	0.3182	28.5400	71.2463	NOT CONNECTED	0.0000	500.0000	0.0000	2323.6213	-0.1561	0.0109	0.0346	0.0353	-2.3451	-0.7039	-1.3292	-0.0244	-12.4622	32.0171	318.7588	21.6535	86.2890	2.0416	1.2521	95.0003
117.2579	2782.0000	0.0460	1.2513	0.0000	57.8070	16.7500	230.9100	0.3417	31.0900	71.3578	NOT CONNECTED	0.0000	500.0000	0.0000	2055.6287	-0.0990	-0.0905	0.0347	0.0359	-2.1275	-0.4159	-1.0606	-0.0295	-8.8072	29.2734	318.7846	22.0605	86.2806	1.4525	1.2551	95.0391
117.3731	2782.0000	0.0460	1.2513	0.0000	57.8070	16.7500	230.9100	0.3417	31.0900	71.3578	NOT CONNECTED	0.0000	500.0000	0.0000	2055.6287	-0.0990	-0.0905	0.0347	0.0359	-2.1275	-0.4159	-1.0606	-0.0295	-8.8072	29.2734	318.7846	22.0605	86.2806	1.4525	1.2551	95.0391
117.8642	2398.0000	0.0470	1.2471	0.0000	48.7450	19.5200	230.8900	0.3621	33.3800	71.4864	NOT CONNECTED	0.0000	500.0000	0.0000	1801.9671	-0.0960	-0.0000	0.0349	0.0348	-0.9863	-0.4715	-1.6464	0.0675	-10.2133	24.1670	318.6363	24.4974	86.2732	1.1381	1.2469	95.0391
118.1234	2398.0000	0.0470	1.2471	0.0000	48.7450	19.5200	230.8900	0.3621	33.3800	71.4864	NOT CONNECTED	0.0000	500.0000	0.0000	1801.9671	-0.0960	-0.0000	0.0349	0.0348	-0.9863	-0.4715	-1.6464	0.0675	-10.2133	24.1670	318.6363	24.4974	86.2732	1.1381	1.2469	95.0391
118.4687	2398.0000	0.0470	1.2471	0.0000	48.7450	19.5200	230.8900	0.3621	33.3800	71.4864	NOT CONNECTED	0.0000	500.0000	0.0000	1420.6324	-0.0272	0.0119	0.0348	0.0349	-1.3106	-0.1848	-1.4589	-0.2085	-8.4936	15.8170	319.1049	25.0427	86.2631	1.5764	1.2340	95.0714
118.8648	2022.0000	0.0450	1.2441	0.0000	43.9590	20.0100	230.8730	0.3649	33.7300	71.5852	NOT CONNECTED	0.0000	500.0000	0.0000	1115.0276	-0.0903	0.0249	0.0350	0.0352	-1.2856	-0.4474	-1.9233	-0.1053	-12.6203	14.3142	318.4767	25.6325	86.2373	2.0541	1.2014	95.0992
119.0742	2022.0000	0.0450	1.2441	0.0000	43.9590	20.0100	230.8730	0.3649	33.7300	71.5852	NOT CONNECTED	0.0000	500.0000	0.0000	1115.0276	-0.0903	0.0249	0.0350	0.0352	-1.2856	-0.4474	-1.9233	-0.1053	-12.6203	14.3142	318.4767	25.6325	86.2373	2.0541	1.2014	95.0992
119.6302	1644.0000	0.0520	1.2375	0.0000	34.9920	21.4700	230.8340	0.3752	34.9200	71.7332	NOT CONNECTED	0.0000	500.0000	0.0000	824.8630	0.0058	-0.0305	0.0345	0.0348	-1.4619	0.0194	-1.3271	0.0438	-12.5838	12.4949	318.4116	28.2989	86.2061	1.3482	1.1969	95.0992
119.6797	1644.0000	0.0520	1.2375	0.0000	34.9920	21.4700	230.8340	0.3752	34.9200	71.7332	NOT CONNECTED	0.0000	500.0000	0.0000	824.8630	0.0058	-0.0305	0.0345	0.0348	-1.4619	0.0194	-1.3271	0.0438	-12.5838	12.4949	318.4116	28.2989	86.2061	1.3482	1.1969	95.0992
120.2866	1245.0000	0.0470	1.2075	0.0000	29.2640	18.6000	230.8140	0.3464	31.9400	71.9053	NOT CONNECTED	0.0000	500.0000	0.0000	534.7469	-0.0446	-0.0958	0.0353	0.0349	-1.7107	-0.2058	-1.6376	-0.0858	-12.5700	6.0143	318.2345	24.9046	86.1692	1.6041	1.1754	95.1129
120.3630	1245.0000	0.0470	1.2075	0.0000	29.2640	18.6000	230.8140	0.3464	31.9400	71.9053	NOT CONNECTED	0.0000	500.0000	0.0000	534.7469	-0.0446	-0.0958	0.0353	0.0349	-1.7107	-0.2058	-1.6376	-0.0858	-12.5700	6.0143	318.2345	24.9046	86.1692	1.6041	1.1754	95.1129
120.8921	865.0000	0.0510	1.1886	0.0000	21.3430	22.2000	230.7610	0.3766	35.0400	72.0576	NOT CONNECTED	0.0000	500.0000	0.0000	240.9142	0.0000	-0.1192	0.0353	0.0351	-1.8416	0.2093	-1.4723	0.0904	-12.3126	4.0951	318.0104	0.0000	86.1310	1.4519	1.1937	95.1129
121.1214	865.0000	0.0510	1.1886	0.0000	21.3430	22.2000	230.7610	0.3766	35.0400	72.0576	NOT CONNECTED	0.0000	500.0000	0.0000	240.9142	0.0000	-0.1192	0.0353	0.0351	-1.8416	0.2093	-1.4723	0.0904	-12.3126	4.0951	318.0104	0.0000	86.1310	1.4519	1.1937	95.1129
121.4983	496.0000	0.0520	1.1730	0.0000	17.7490	22.7700	230.7340	0.3806	35.4300	72.2017	NOT CONNECTED	0.0000	500.0000	0.0000	0.0000	0.0000	0.0000	0.0672	0.0351	-1.8416	0.2093	-1.8512	0.0904	-12.3126	4.0951	321.7952	0.0000	85.9457	1.8534	0.0061	95.1200
121.8565	496.0000	0.0520	1.1730	0.0000	17.7490	22.7700	230.7340	0.3806	35.4300	72.2017	NOT CONNECTED	0.0000	500.0000	0.0000	0.0000	0.0000	0.0000	0.0672	0.0351	-1.8416	0.2093	-1.8512	0.0904	-12.3126	4.0951	321.7289	0.0000	85.6008	1.8534	0.0061	95.0745
122.1035	496.0000	0.0520	1.1730	0.0000	17.7490	22.7700	230.7340	0.3806	35.4300	72.2017	NOT CONNECTED	0.0000	500.0000	0.0000	0.0000	0.0000	0.0000	0.0672	0.0351	-1.8416	0.2093	-1.8512	0.0904	-12.3126	4.0951	321.7289	0.0000	85.6008	1.8534	0.0061	95.0745
122.6271	73.0000	0.0920	1.0625	0.0000	12.1720	20.3300	230.6810	0.3654	32.2400	72.3315	NOT CONNECTED	0.0000	500.0000	0.0000	0.0000	0.0000	0.0000	0.0672	0.0351	-1.8416	0.2093	-1.8512	0.0904	0.0000	0.0000	321.6883	0.0000	85.2709	1.8534	0.0061	95.0745
122.7093	73.0000	0.0920	1.0625	0.0000	12.1720	20.3300	230.6810	0.3654	32.2400	72.3315	NOT CONNECTED	0.0000	500.0000	0.0000	0.0000	0.0000	0.0000	0.0672	0.0351	-1.8416	0.2093	-1.8512	0.0904	0.0000	0.0000	321.6883	0.0000	85.2709	1.8534	0.0061	95.0745
123.3155	0.0000	-0.0130	0.0148	0.0000	0.7700	-0.0500	230.6760	0.0358	2.0800	72.3962	NOT CONNECTED	0.0000	500.0000	0.0000	0.0000	0.0000	0.0000	0.0672	0.0351	-1.8416	0.2093	-1.8512	0.0904	0.0000	0.0000	321.6774	0.0000	84.9416	1.8534	0.0050	94.9355
123.3735	0.0000	-0.0130	0.0148	0.0000	0.7700	-0.0500	230.6760	0.0358	2.0800	72.3962	NOT CONNECTED	0.0000	500.0000	0.0000	0.0000	0.0000	0.0000	0.0672	0.0351	-1.8416	0.2093	-1.8512	0.0904	0.0000	0.0000	321.6774	0.0000	84.9416	1.8534	0.0050	94.9355
124.4312	0.0000	-0.0130	0.0148	0.0000	0.7700	-0.0500	230.6760	0.0358	2.0800	72.3962	NOT CONNECTED	0.0000	500.0000	0.0000	0.0000	0.0000	0.0000	0.0672	0.0351	-1.8416	0.2093	-1.8512	0.0904	0.0000	0.0000	321.5813	0.0000	84.3936	1.8534	0.0051	94.7971
125.0368	0.0000	-0.0130	0.0146	0.0000	0.7440	-0.0400	230.5470	0.0345	1.9800	72.3136	NOT CONNECTED	0.0000	500.0000	0.0000	0.0000	0.0000	0.0000	0.0672	0.0351	-1.8416	0.2093	-1.8512	0.0904	0.0000	0.0000	321.5921	0.0000	84.1102	1.8534	0.0050	94.6594
125.6271	0.0000	-0.0130	0.0146	0.0000	0.7440	-0.0400	230.5470	0.0345	1.9800	72.3136	NOT CONNECTED	0.0000	500.0000	0.0000	0.0000	0.0000	0.0000	0.0672	0.0351	-1.8416	0.2093	-1.8512	0.0904	0.0000	0.0000	321.5597	0.0000	83.8257	1.8534	0.0048	94.6594
125.6451	0.0000	-0.0130	0.0146	0.0000	0.7440	-0.0400	230.5470	0.0345	1.9800	72.3136	NOT CONNECTED	0.0000	500.0000	0.0000	0.0000	0.0000	0.0000	0.0672	0.0351	-1.8416	0.2093	-1.8512	0.0904	0.0000	0.0000	321.5597	0.0000	83.8257	1.8534	0.0048	94.6594
126.2321	NOT CONNECTED	NOT CONNECTED	NOT CONNECTED	NOT CONNECTED	NOT CONNECTED	NOT CONNECTED	NOT CONNECTED	NOT CONNECTED	NOT CONNECTED	NOT CONNECTED	NOT CONNECTED	0.0000	500.0000	0.0000	0.0000	0.0000	0.0000	0.0672	0.0351	-1.8416	0.2093	-1.8512	0.0904	0.0000	0.0000	321.6098	0.0000	83.5732	1.8534	0.0050	94.5223
