Time	speed	torque	motor_current	motor_current_thd	motor_voltage	motor_power	line_voltage	line_current	line_power	motor_temperature	Test_Marker	BD_Target_Speed	BD_Target_Accel	BD_Update_Cmd	Mcl_Quantities.Speed_Rot_Mech	Mcl_Quantities.Torque	Mcl_Quantities.Torque_Ref	Mcl_Quantities.Stator_Flux_Mag	Mcl_Quantities.Flux_Ref	Mcl_Quantities.Id_stator_current	Mcl_Quantities.Iq_stator_current	Mcl_Quantities.Id_rotor_current	Rotor_Curr_Iq	Flux_Controller.Out	Torque_Controller.Out	DC_Bus_RMS	Mcl_Quantities.Electrical_Power	Mcl_Quantities.Stator_Temperature	Mcl_Quantities.Is_Abs	Mcl_Quantities.IsRMS	SR_Overheating_Temp
0.7439	0.0000	-0.0000	0.0148	0.0000	0.7490	-0.0400	230.9270	0.0336	1.9800	67.0269	NOT CONNECTED	NOT CONNECTED	NOT CONNECTED	NOT CONNECTED	NOT CONNECTED	NOT CONNECTED	NOT CONNECTED	NOT CONNECTED	NOT CONNECTED	NOT CONNECTED	NOT CONNECTED	NOT CONNECTED	NOT CONNECTED	NOT CONNECTED	NOT CONNECTED	NOT CONNECTED	NOT CONNECTED	NOT CONNECTED	NOT CONNECTED	NOT CONNECTED	NOT CONNECTED
0.9361	0.0000	-0.0000	0.0148	0.0000	0.7490	-0.0400	230.9270	0.0336	1.9800	67.0269	NOT CONNECTED	0.0000	500.0000	0.0000	0.0000	0.0000	0.0000	0.0672	0.0350	-1.5094	0.3471	-1.5401	0.1635	0.0000	0.0000	322.0306	0.0000	73.5441	1.5488	0.0052	76.7134
1.4838	0.0000	-0.0000	0.0148	0.0000	0.7490	-0.0400	230.9170	0.0333	1.9700	66.9415	NOT CONNECTED	0.0000	500.0000	0.0000	0.0000	0.0000	0.0000	0.0672	0.0350	-1.5094	0.3471	-1.5401	0.1635	0.0000	0.0000	321.9792	0.0000	73.4152	1.5488	0.0050	76.6469
1.5419	0.0000	-0.0000	0.0148	0.0000	0.7490	-0.0400	230.9170	0.0333	1.9700	66.9415	NOT CONNECTED	0.0000	500.0000	0.0000	0.0000	0.0000	0.0000	0.0672	0.0350	-1.5094	0.3471	-1.5401	0.1635	0.0000	0.0000	321.9792	0.0000	73.4152	1.5488	0.0050	76.6469
2.1473	0.0000	-0.0000	0.0148	0.0000	0.7490	-0.0400	230.9100	0.0333	1.9600	66.8926	NOT CONNECTED	0.0000	500.0000	0.0000	0.0000	0.0000	0.0000	0.0672	0.0350	-1.5094	0.3471	-1.5401	0.1635	0.0000	0.0000	321.9575	0.0000	73.2905	1.5488	0.0050	76.6469
2.2184	0.0000	-0.0000	0.0148	0.0000	0.7490	-0.0400	230.9100	0.0333	1.9600	66.8926	NOT CONNECTED	0.0000	500.0000	0.0000	0.0000	0.0000	0.0000	0.0672	0.0350	-1.5094	0.3471	-1.5401	0.1635	0.0000	0.0000	321.9575	0.0000	73.2905	1.5488	0.0050	76.6469
2.7528	0.0000	-0.0000	0.0148	0.0000	0.7490	-0.0400	230.8900	0.0331	1.9600	66.7813	NOT CONNECTED	0.0000	500.0000	0.0000	0.0000	0.0000	0.0000	0.0672	0.0350	-1.5094	0.3471	-1.5401	0.1635	0.0000	0.0000	321.9359	0.0000	73.1700	1.5488	0.0048	76.5807
2.9595	0.0000	-0.0000	0.0148	0.0000	0.7490	-0.0400	230.8900	0.0331	1.9600	66.7813	NOT CONNECTED	0.0000	500.0000	0.0000	0.0000	0.0000	0.0000	0.0672	0.0350	-1.5094	0.3471	-1.5401	0.1635	0.0000	0.0000	321.9359	0.0000	73.1700	1.5488	0.0048	76.5807
3.3422	0.0000	-0.0000	0.0148	0.0000	0.7490	-0.0400	230.8800	0.0331	1.9600	66.6982	NOT CONNECTED	0.0000	500.0000	0.0000	0.0000	0.0000	0.0000	0.0672	0.0350	-1.5094	0.3471	-1.5401	0.1635	0.0000	0.0000	321.9481	0.0000	73.0536	1.5488	0.0049	76.5146
3.7019	0.0000	-0.0000	0.0148	0.0000	0.7490	-0.0400	230.8800	0.0331	1.9600	66.6982	NOT CONNECTED	0.0000	500.0000	0.0000	0.0000	0.0000	0.0000	0.0672	0.0350	-1.5094	0.3471	-1.5401	0.1635	0.0000	0.0000	321.9413	0.0000	72.9410	1.5488	0.0049	76.5146
3.9471	0.0000	-0.0000	0.0148	0.0000	0.7490	-0.0400	230.8800	0.0331	1.9600	66.6982	NOT CONNECTED	0.0000	500.0000	0.0000	0.0000	0.0000	0.0000	0.0672	0.0350	-1.5094	0.3471	-1.5401	0.1635	0.0000	0.0000	321.9413	0.0000	72.9410	1.5488	0.0049	76.5146
4.4432	0.0000	-0.0000	0.0148	0.0000	0.7500	-0.0400	230.8570	0.0329	1.9400	66.6378	NOT CONNECTED	0.0000	500.0000	0.0000	0.0000	0.0000	0.0000	0.0672	0.0350	-1.5094	0.3471	-1.5401	0.1635	0.0000	0.0000	321.8709	0.0000	72.8277	1.5488	0.0050	76.4488
4.5539	0.0000	-0.0000	0.0148	0.0000	0.7500	-0.0400	230.8570	0.0329	1.9400	66.6378	NOT CONNECTED	0.0000	500.0000	0.0000	0.0000	0.0000	0.0000	0.0672	0.0350	-1.5094	0.3471	-1.5401	0.1635	0.0000	0.0000	321.8709	0.0000	72.8277	1.5488	0.0050	76.4488
5.1595	0.0000	-0.0000	0.0148	0.0000	0.7500	-0.0400	230.8460	0.0329	1.9500	66.5122	NOT CONNECTED	0.0000	500.0000	0.0000	0.0000	0.0000	0.0000	0.0672	0.0350	-1.5094	0.3471	-1.5401	0.1635	0.0000	0.0000	321.8304	0.0000	72.7226	1.5488	0.0048	76.4488
5.1840	0.0000	-0.0000	0.0148	0.0000	0.7500	-0.0400	230.8460	0.0329	1.9500	66.5122	NOT CONNECTED	0.0000	500.0000	0.0000	0.0000	0.0000	0.0000	0.0672	0.0350	-1.5094	0.3471	-1.5401	0.1635	0.0000	0.0000	321.8304	0.0000	72.7226	1.5488	0.0048	76.4488
5.7644	0.0000	-0.0000	0.0148	0.0000	0.7490	-0.0400	230.8220	0.0328	1.9500	66.4727	NOT CONNECTED	0.0000	500.0000	0.0000	0.0000	0.0000	0.0000	0.0672	0.0350	-1.5094	0.3471	-1.5401	0.1635	0.0000	0.0000	321.8290	0.0000	72.6209	1.5488	0.0051	76.3832
5.9244	0.0000	-0.0000	0.0148	0.0000	0.7490	-0.0400	230.8220	0.0328	1.9500	66.4727	NOT CONNECTED	0.0000	500.0000	0.0000	0.0000	0.0000	0.0000	0.0672	0.0350	-1.5094	0.3471	-1.5401	0.1635	0.0000	0.0000	321.8290	0.0000	72.6209	1.5488	0.0051	76.3832
6.3696	0.0000	-0.0000	0.0148	0.0000	0.7490	-0.0400	230.8100	0.0328	1.9400	66.3881	NOT CONNECTED	0.0000	500.0000	0.0000	0.0000	0.0000	0.0000	0.0672	0.0350	-1.5094	0.3471	-1.5401	0.1635	0.0000	0.0000	321.8371	0.0000	72.5227	1.5488	0.0052	76.3177
6.6603	0.0000	-0.0000	0.0148	0.0000	0.7490	-0.0400	230.8100	0.0328	1.9400	66.3881	NOT CONNECTED	0.0000	500.0000	0.0000	0.0000	0.0000	0.0000	0.0672	0.0350	-1.5094	0.3471	-1.5401	0.1635	0.0000	0.0000	321.8371	0.0000	72.5227	1.5488	0.0052	76.3177
6.9924	0.0000	-0.0000	0.0148	0.0000	0.7490	-0.0400	230.8100	0.0328	1.9400	66.3881	NOT CONNECTED	0.0000	500.0000	0.0000	0.0000	0.0000	0.0000	0.0672	0.0350	-1.5094	0.3471	-1.5401	0.1635	0.0000	0.0000	321.7952	0.0000	72.4237	1.5488	0.0050	76.3177
7.4031	0.0000	-0.0000	0.0148	0.0000	0.7490	-0.0400	230.7850	0.0327	1.9400	66.2931	NOT CONNECTED	0.0000	500.0000	0.0000	0.0000	0.0000	0.0000	0.0672	0.0350	-1.5094	0.3471	-1.5401	0.1635	0.0000	0.0000	321.7492	0.0000	72.3281	1.5488	0.0050	76.2525
7.6140	0.0000	-0.0000	0.0148	0.0000	0.7490	-0.0400	230.7850	0.0327	1.9400	66.2931	NOT CONNECTED	0.0000	500.0000	0.0000	0.0000	0.0000	0.0000	0.0672	0.0350	-1.5094	0.3471	-1.5401	0.1635	0.0000	0.0000	321.7492	0.0000	72.3281	1.5488	0.0050	76.2525
8.1373	0.0000	-0.0000	0.0148	0.0000	0.7490	-0.0400	230.7710	0.0326	1.9400	66.2130	NOT CONNECTED	0.0000	500.0000	0.0000	0.0000	0.0000	0.0000	0.0672	0.0350	-1.5094	0.3471	-1.5401	0.1635	0.0000	0.0000	321.7126	0.0000	72.2393	1.5488	0.0049	76.2525
8.2191	0.0000	-0.0000	0.0148	0.0000	0.7490	-0.0400	230.7710	0.0326	1.9400	66.2130	NOT CONNECTED	0.0000	500.0000	0.0000	0.0000	0.0000	0.0000	0.0672	0.0350	-1.5094	0.3471	-1.5401	0.1635	0.0000	0.0000	321.7126	0.0000	72.2393	1.5488	0.0049	76.2525
8.8244	0.0000	-0.0000	0.0148	0.0000	0.7490	-0.0400	230.7410	0.0326	1.9400	66.1398	NOT CONNECTED	0.0000	500.0000	0.0000	0.0000	0.0000	0.0000	0.0672	0.0350	-1.5094	0.3471	-1.5401	0.1635	0.0000	0.0000	321.6869	0.0000	72.1499	1.5488	0.0052	76.1876
8.8785	0.0000	-0.0000	0.0148	0.0000	0.7490	-0.0400	230.7410	0.0326	1.9400	66.1398	NOT CONNECTED	0.0000	500.0000	0.0000	0.0000	0.0000	0.0000	0.0672	0.0350	-1.5094	0.3471	-1.5401	0.1635	0.0000	0.0000	321.6869	0.0000	72.1499	1.5488	0.0052	76.1876
9.4307	0.0000	-0.0000	0.0148	0.0000	0.7500	-0.0400	230.7250	0.0326	1.9500	66.0307	NOT CONNECTED	0.0000	500.0000	0.0000	0.0000	0.0000	0.0000	0.0672	0.0350	-1.5094	0.3471	-1.5401	0.1635	0.0000	0.0000	321.7018	0.0000	72.0668	1.5488	0.0051	76.1228
9.6131	0.0000	-0.0000	0.0148	0.0000	0.7500	-0.0400	230.7250	0.0326	1.9500	66.0307	NOT CONNECTED	0.0000	500.0000	0.0000	0.0000	0.0000	0.0000	0.0672	0.0350	-1.5094	0.3471	-1.5401	0.1635	0.0000	0.0000	321.7018	0.0000	72.0668	1.5488	0.0051	76.1228
10.0366	0.0000	-0.0000	0.0148	0.0000	0.7490	-0.0400	230.6960	0.0325	1.9500	65.9372	NOT CONNECTED	0.0000	500.0000	0.0000	0.0000	0.0000	0.0000	0.0672	0.0350	-1.5094	0.3471	-1.5401	0.1635	0.0000	0.0000	321.6436	0.0000	71.9865	1.5488	0.0047	76.1228
10.3468	0.0000	-0.0000	0.0148	0.0000	0.7490	-0.0400	230.6960	0.0325	1.9500	65.9372	NOT CONNECTED	0.0000	500.0000	0.0000	0.0000	0.0000	0.0000	0.0672	0.0350	-1.5094	0.3471	-1.5401	0.1635	0.0000	0.0000	321.6436	0.0000	71.9865	1.5488	0.0047	76.1228
10.6579	0.0000	-0.0000	0.0148	0.0000	0.7490	-0.0400	230.6960	0.0325	1.9500	65.9372	NOT CONNECTED	0.0000	500.0000	0.0000	0.0000	0.0000	0.0000	0.0672	0.0350	-1.5094	0.3471	-1.5401	0.1635	0.0000	0.0000	321.6232	0.0000	71.9055	1.5488	0.0050	76.0582
11.0885	0.0000	-0.0000	0.0148	0.0000	0.7490	-0.0400	230.6830	0.0325	1.9400	65.8994	NOT CONNECTED	0.0000	500.0000	0.0000	0.0000	0.0000	0.0000	0.0672	0.0350	-1.5094	0.3471	-1.5401	0.1635	0.0000	0.0000	321.5853	0.0000	71.8303	1.5488	0.0048	76.0582
11.2629	0.0000	-0.0000	0.0148	0.0000	0.7490	-0.0400	230.6830	0.0325	1.9400	65.8994	NOT CONNECTED	0.0000	500.0000	0.0000	0.0000	0.0000	0.0000	0.0672	0.0350	-1.5094	0.3471	-1.5401	0.1635	0.0000	0.0000	321.5853	0.0000	71.8303	1.5488	0.0048	76.0582
11.8701	0.0000	-0.0000	0.0148	0.0000	0.7490	-0.0400	230.6830	0.0325	1.9400	65.8994	NOT CONNECTED	0.0000	500.0000	0.0000	0.0000	0.0000	0.0000	0.0672	0.0350	-1.5094	0.3471	-1.5401	0.1635	0.0000	0.0000	321.5569	0.0000	71.7575	1.5488	0.0050	75.9938
12.4751	0.0000	-0.0000	0.0148	0.0000	0.7500	-0.0400	230.6290	0.0323	1.9400	65.6193	NOT CONNECTED	0.0000	500.0000	0.0000	0.0000	0.0000	0.0000	0.0672	0.0350	-1.5094	0.3471	-1.5401	0.1635	0.0000	0.0000	321.5610	0.0000	71.6841	1.5488	0.0050	75.9297
13.0811	0.0000	-0.0000	0.0148	0.0000	0.7500	-0.0400	230.6290	0.0323	1.9400	65.6193	NOT CONNECTED	0.0000	500.0000	0.0000	0.0000	0.0000	0.0000	0.0672	0.0350	-1.5094	0.3471	-1.5401	0.1635	0.0000	0.0000	321.5272	0.0000	71.6187	1.5488	0.0050	75.9297
13.3487	0.0000	-0.0000	0.0148	0.0000	0.7500	-0.0400	230.6290	0.0323	1.9400	65.6193	NOT CONNECTED	0.0000	500.0000	0.0000	0.0000	0.0000	0.0000	0.0672	0.0350	-1.5094	0.3471	-1.5401	0.1635	0.0000	0.0000	321.5272	0.0000	71.6187	1.5488	0.0050	75.9297
13.6865	0.0000	-0.0000	0.0148	0.0000	0.7500	-0.0400	230.6290	0.0323	1.9400	65.6193	NOT CONNECTED	0.0000	500.0000	0.0000	0.0000	0.0000	0.0000	0.0672	0.0350	-1.5094	0.3471	-1.5401	0.1635	0.0000	0.0000	321.5285	0.0000	71.5498	1.5488	0.0048	75.8657
14.2918	0.0000	-0.0000	0.0148	0.0000	0.7490	-0.0400	230.6130	0.0324	1.9500	65.5419	NOT CONNECTED	0.0000	500.0000	0.0000	0.0000	0.0000	0.0000	0.0672	0.0350	-1.5094	0.3471	-1.5401	0.1635	0.0000	0.0000	321.4987	0.0000	71.4857	1.5488	0.0051	75.8657
14.3451	0.0000	-0.0000	0.0148	0.0000	0.7490	-0.0400	230.6130	0.0324	1.9500	65.5419	NOT CONNECTED	0.0000	500.0000	0.0000	0.0000	0.0000	0.0000	0.0672	0.0350	-1.5094	0.3471	-1.5401	0.1635	0.0000	0.0000	321.4987	0.0000	71.4857	1.5488	0.0051	75.8657
14.8970	0.0000	-0.0000	0.0148	0.0000	0.7490	-0.0400	230.6040	0.0325	1.9700	65.4046	NOT CONNECTED	6000.0000	500.0000	0.0000	0.0000	0.0000	0.0000	0.0672	0.0350	-1.5094	0.3471	-1.5401	0.1635	0.0000	0.0000	321.4677	0.0000	71.4237	1.5488	0.0048	75.8019
15.0889	0.0000	-0.0000	0.0148	0.0000	0.7490	-0.0400	230.6040	0.0325	1.9700	65.4046	NOT CONNECTED	6000.0000	500.0000	0.0000	0.0000	0.0000	0.0000	0.0672	0.0350	-1.5094	0.3471	-1.5401	0.1635	0.0000	0.0000	321.4677	0.0000	71.4237	1.5488	0.0048	75.8019
15.5037	0.0000	-0.0000	0.0148	0.0000	0.7490	-0.0400	230.5890	0.0324	1.9600	65.3749	NOT CONNECTED	6000.0000	500.0000	0.0000	0.0000	0.0000	0.0000	0.0672	0.0350	-1.5094	0.3471	-1.5401	0.1635	0.0000	0.0000	321.4569	0.0000	71.3636	1.5488	0.0049	75.7384
15.8300	0.0000	-0.0000	0.0148	0.0000	0.7490	-0.0400	230.5890	0.0324	1.9600	65.3749	NOT CONNECTED	6000.0000	500.0000	0.0000	0.0000	0.0000	0.0000	0.0672	0.0350	-1.5094	0.3471	-1.5401	0.1635	0.0000	0.0000	321.4542	0.0000	71.3029	1.5488	0.0050	75.7384
16.1250	0.0000	-0.0000	0.0148	0.0000	0.7490	-0.0400	230.5890	0.0324	1.9600	65.3749	NOT CONNECTED	6000.0000	500.0000	0.0000	0.0000	0.0000	0.0000	0.0672	0.0350	-1.5094	0.3471	-1.5401	0.1635	0.0000	0.0000	321.4542	0.0000	71.3029	1.5488	0.0050	75.7384
16.5621	0.0000	-0.0000	0.0148	0.0000	0.7490	-0.0400	230.5830	0.0323	1.9600	65.3010	NOT CONNECTED	6000.0000	500.0000	0.0000	0.0000	0.0000	0.0000	0.0672	0.0350	-1.5094	0.3471	-1.5401	0.1635	0.0000	0.0000	321.4366	0.0000	71.2441	1.5488	0.0049	75.6750
16.7306	0.0000	-0.0000	0.0148	0.0000	0.7490	-0.0400	230.5830	0.0323	1.9600	65.3010	NOT CONNECTED	6000.0000	500.0000	0.0000	0.0000	0.0000	0.0000	0.0672	0.0350	-1.5094	0.3471	-1.5401	0.1635	0.0000	0.0000	321.4366	0.0000	71.2441	1.5488	0.0049	75.6750
17.3269	0.0000	-0.0000	0.0148	0.0000	0.7480	-0.0400	230.5770	0.0323	1.9600	65.1943	NOT CONNECTED	6000.0000	500.0000	0.0000	0.0000	0.0000	0.0000	0.0672	0.0350	-1.5094	0.3471	-1.5401	0.1635	0.0000	0.0000	321.4433	0.0000	71.1894	1.5488	0.0049	75.6750
17.3370	0.0000	-0.0000	0.0148	0.0000	0.7480	-0.0400	230.5770	0.0323	1.9600	65.1943	NOT CONNECTED	6000.0000	500.0000	0.0000	0.0000	0.0000	0.0000	0.0672	0.0350	-1.5094	0.3471	-1.5401	0.1635	0.0000	0.0000	321.4433	0.0000	71.1894	1.5488	0.0049	75.6750
17.9413	0.0000	-0.0000	0.0148	0.0000	0.7480	-0.0400	230.5670	0.0323	1.9600	65.1156	NOT CONNECTED	6000.0000	500.0000	0.0000	0.0000	0.0000	0.0000	0.0672	0.0350	-1.5094	0.3471	-1.5401	0.1635	0.0000	0.0000	321.3865	0.0000	71.1364	1.5488	0.0047	75.6119
18.0676	0.0000	-0.0000	0.0148	0.0000	0.7480	-0.0400	230.5670	0.0323	1.9600	65.1156	NOT CONNECTED	6000.0000	500.0000	0.0000	0.0000	0.0000	0.0000	0.0672	0.0350	-1.5094	0.3471	-1.5401	0.1635	0.0000	0.0000	321.3865	0.0000	71.1364	1.5488	0.0047	75.6119
18.5477	0.0000	-0.0000	0.0148	0.0000	0.7480	-0.0400	230.5620	0.0323	1.9600	65.0396	NOT CONNECTED	6000.0000	500.0000	0.0000	0.0000	0.0000	0.0000	0.0672	0.0350	-1.5094	0.3471	-1.5401	0.1635	0.0000	0.0000	321.3947	0.0000	71.0850	1.5488	0.0051	75.5489
18.8146	0.0000	-0.0000	0.0148	0.0000	0.7480	-0.0400	230.5620	0.0323	1.9600	65.0396	NOT CONNECTED	6000.0000	500.0000	0.0000	0.0000	0.0000	0.0000	0.0672	0.0350	-1.5094	0.3471	-1.5401	0.1635	0.0000	0.0000	321.3947	0.0000	71.0850	1.5488	0.0051	75.5489
19.1550	0.0000	-0.0000	0.0148	0.0000	0.7480	-0.0400	230.5620	0.0323	1.9600	65.0396	NOT CONNECTED	6000.0000	500.0000	0.0000	0.0000	-0.0114	0.0000	0.0672	0.0350	-0.0035	-0.0302	-1.5401	-0.0258	0.9450	0.0000	321.3960	0.0005	71.0330	1.5488	0.0053	75.5489
19.5522	0.0000	-0.0000	0.0148	0.0000	0.7490	-0.0400	230.5520	0.0324	1.9800	64.9565	NOT CONNECTED	6000.0000	500.0000	0.0000	0.0000	-0.0114	0.0000	0.0672	0.0350	-0.0035	-0.0302	-1.5401	-0.0258	0.9450	0.0000	321.3960	0.0005	71.0330	1.5488	0.0053	75.5489
20.3273	52.0000	-0.0710	0.0148	0.0000	0.7480	-0.0400	230.5490	0.0324	1.9800	64.8487	NOT CONNECTED	6000.0000	500.0000	0.0000	-0.1395	0.0071	0.0000	0.1317	0.0350	3.0303	0.0101	3.0181	0.0224	20.1249	0.0000	309.5611	91.6399	71.3613	3.0384	1.8116	75.4862
20.9317	0.0000	-0.0000	1.3484	0.0000	13.8390	38.8400	230.5060	0.4894	53.4800	64.7955	NOT CONNECTED	6000.0000	500.0000	0.0000	0.1010	0.0055	0.0000	0.1320	0.0350	3.0424	0.0063	3.0584	0.0221	20.0799	0.0000	309.7725	91.6670	72.1966	3.0303	2.1453	75.4964
21.0667	0.0000	-0.0000	1.3484	0.0000	13.8390	38.8400	230.5060	0.4894	53.4800	64.7955	NOT CONNECTED	6000.0000	500.0000	0.0000	0.1010	0.0055	0.0000	0.1320	0.0350	3.0424	0.0063	3.0584	0.0221	20.0799	0.0000	309.7725	91.6670	72.1966	3.0303	2.1453	75.4964
21.5404	0.0000	-0.0000	2.0105	0.0000	20.2810	87.0400	230.4860	0.9169	110.6300	64.8052	NOT CONNECTED	6000.0000	500.0000	0.0000	-0.0288	0.0255	0.0000	0.1062	0.0749	0.4594	0.0568	0.9833	0.0557	7.4655	0.2705	318.6106	4.0482	72.8017	0.9874	0.8133	75.7885
21.8257	0.0000	-0.0000	2.0105	0.0000	20.2810	87.0400	230.4860	0.9169	110.6300	64.8052	NOT CONNECTED	6000.0000	500.0000	0.0000	-0.0288	0.0255	0.0000	0.1062	0.0749	0.4594	0.0568	0.9833	0.0557	7.4655	0.2705	318.6106	4.0482	72.8017	0.9874	0.8133	75.7885
22.1471	0.0000	-0.0000	2.0105	0.0000	20.2810	87.0400	230.4860	0.9169	110.6300	64.8052	NOT CONNECTED	6000.0000	500.0000	0.0000	178.9732	0.2487	0.2164	0.0804	0.0806	0.9448	0.5142	0.8080	0.4859	6.0515	10.3907	317.9736	15.7269	73.9733	0.9988	0.6862	75.7885
22.5750	0.0000	-0.0140	0.6639	0.0000	7.3320	9.3700	230.5570	0.1944	17.6200	64.8132	NOT CONNECTED	6000.0000	500.0000	0.0000	497.0721	0.1498	0.1684	0.0709	0.0710	0.3124	0.3526	0.2188	0.3535	2.0451	18.0052	319.0000	8.8026	73.9340	0.4336	0.2794	75.8523
22.7528	0.0000	-0.0140	0.6639	0.0000	7.3320	9.3700	230.5570	0.1944	17.6200	64.8132	NOT CONNECTED	6000.0000	500.0000	0.0000	497.0721	0.1498	0.1684	0.0709	0.0710	0.3124	0.3526	0.2188	0.3535	2.0451	18.0052	319.0000	8.8026	73.9340	0.4336	0.2794	75.8523
23.3521	349.0000	-0.0950	0.5537	0.0000	13.3470	9.3100	230.5170	0.1929	17.6800	64.8305	NOT CONNECTED	6000.0000	500.0000	0.0000	813.2709	0.1534	0.1034	0.0707	0.0710	0.3682	0.3662	0.3285	0.3578	1.7810	26.8392	318.1385	13.6121	73.8380	0.4595	0.3193	75.8166
23.3572	349.0000	-0.0950	0.5537	0.0000	13.3470	9.3100	230.5170	0.1929	17.6800	64.8305	NOT CONNECTED	6000.0000	500.0000	0.0000	813.2709	0.1534	0.1034	0.0707	0.0710	0.3682	0.3662	0.3285	0.3578	1.7810	26.8392	318.1385	13.6121	73.8380	0.4595	0.3193	75.8166
23.9640	738.0000	-0.1060	0.2942	0.0000	20.1190	7.9300	230.5140	0.1631	14.5000	64.8609	NOT CONNECTED	6000.0000	500.0000	0.0000	1100.6252	0.1211	0.1801	0.0710	0.0708	0.3933	0.2770	0.3018	0.3734	1.8818	35.8564	317.4571	18.1805	73.7548	0.4712	0.3314	75.8166
24.1003	738.0000	-0.1060	0.2942	0.0000	20.1190	7.9300	230.5140	0.1631	14.5000	64.8609	NOT CONNECTED	6000.0000	500.0000	0.0000	1100.6252	0.1211	0.1801	0.0710	0.0708	0.3933	0.2770	0.3018	0.3734	1.8818	35.8564	317.4571	18.1805	73.7548	0.4712	0.3314	75.8166
24.5694	1115.0000	-0.1100	0.3273	0.0000	38.2640	15.4300	230.5090	0.2403	23.1200	64.9130	NOT CONNECTED	6000.0000	500.0000	0.0000	1413.9899	0.1537	0.1267	0.0708	0.0709	0.3105	0.3641	0.3023	0.4047	2.3416	45.0934	316.8570	22.5213	73.6779	0.4645	0.3394	75.7705
24.8441	1115.0000	-0.1100	0.3273	0.0000	38.2640	15.4300	230.5090	0.2403	23.1200	64.9130	NOT CONNECTED	6000.0000	500.0000	0.0000	1413.9899	0.1537	0.1267	0.0708	0.0709	0.3105	0.3641	0.3023	0.4047	2.3416	45.0934	316.8570	22.5213	73.6779	0.4645	0.3394	75.7705
25.1753	1115.0000	-0.1100	0.3273	0.0000	38.2640	15.4300	230.5090	0.2403	23.1200	64.9130	NOT CONNECTED	6000.0000	500.0000	0.0000	1712.9425	0.1284	0.1396	0.0708	0.0708	0.3335	0.2946	0.3315	0.3856	2.0943	54.2146	316.1218	27.7454	73.6060	0.4742	0.3497	75.7705
25.5918	1487.0000	-0.1100	0.3356	0.0000	47.4350	19.3600	230.5050	0.2780	27.5300	64.9422	NOT CONNECTED	6000.0000	500.0000	0.0000	2013.6065	0.1378	0.1537	0.0709	0.0709	0.3435	0.3316	0.2640	0.4283	2.3214	63.3519	315.5463	32.8007	73.5385	0.4565	0.3560	75.7302
25.7806	1487.0000	-0.1100	0.3356	0.0000	47.4350	19.3600	230.5050	0.2780	27.5300	64.9422	NOT CONNECTED	6000.0000	500.0000	0.0000	2013.6065	0.1378	0.1537	0.0709	0.0709	0.3435	0.3316	0.2640	0.4283	2.3214	63.3519	315.5463	32.8007	73.5385	0.4565	0.3560	75.7302
26.3507	1859.0000	-0.1100	0.3502	0.0000	65.6630	27.6700	230.4970	0.3535	36.6300	64.9243	NOT CONNECTED	6000.0000	500.0000	0.0000	2318.0888	0.1388	0.1477	0.0708	0.0709	0.3180	0.3241	0.3948	0.4558	2.2145	72.4570	314.8383	38.1289	73.4718	0.5695	0.3581	75.6950
26.3864	1859.0000	-0.1100	0.3502	0.0000	65.6630	27.6700	230.4970	0.3535	36.6300	64.9243	NOT CONNECTED	6000.0000	500.0000	0.0000	2318.0888	0.1388	0.1477	0.0708	0.0709	0.3180	0.3241	0.3948	0.4558	2.2145	72.4570	314.8383	38.1289	73.4718	0.5695	0.3581	75.6950
26.9920	2241.0000	-0.1100	0.3558	0.0000	74.6880	31.7900	230.4930	0.3898	41.1400	64.9206	NOT CONNECTED	6000.0000	500.0000	0.0000	2628.4990	0.1328	0.1409	0.0709	0.0708	0.4546	0.2956	0.2644	0.4513	2.6066	81.4185	314.2737	44.5789	73.4117	0.4900	0.3707	75.6950
27.0959	2241.0000	-0.1100	0.3558	0.0000	74.6880	31.7900	230.4930	0.3898	41.1400	64.9206	NOT CONNECTED	6000.0000	500.0000	0.0000	2628.4990	0.1328	0.1409	0.0709	0.0708	0.4546	0.2956	0.2644	0.4513	2.6066	81.4185	314.2737	44.5789	73.4117	0.4900	0.3707	75.6950
27.5980	2607.0000	-0.1100	0.3683	0.0000	92.9660	41.2300	230.4860	0.4691	51.3400	64.8647	NOT CONNECTED	6000.0000	500.0000	0.0000	2925.8531	0.1563	0.1572	0.0709	0.0709	0.3719	0.3701	0.3225	0.3998	2.7710	89.9410	313.6030	49.1591	73.3548	0.5029	0.3767	75.6642
27.8456	2607.0000	-0.1100	0.3683	0.0000	92.9660	41.2300	230.4860	0.4691	51.3400	64.8647	NOT CONNECTED	6000.0000	500.0000	0.0000	2925.8531	0.1563	0.1572	0.0709	0.0709	0.3719	0.3701	0.3225	0.3998	2.7710	89.9410	313.6030	49.1591	73.3548	0.5029	0.3767	75.6642
28.2034	2607.0000	-0.1100	0.3683	0.0000	92.9660	41.2300	230.4860	0.4691	51.3400	64.8647	NOT CONNECTED	6000.0000	500.0000	0.0000	3229.8016	0.1445	0.1424	0.0709	0.0709	0.3416	0.3407	0.3518	0.4005	2.2566	98.6888	312.9685	55.7269	73.3009	0.5340	0.3816	75.6642
28.5891	2986.0000	-0.1100	0.3732	0.0000	102.1800	45.9300	230.4840	0.5080	56.4100	64.7944	NOT CONNECTED	6000.0000	500.0000	0.0000	3525.7211	0.1498	0.1578	0.0710	0.0709	0.3324	0.3479	0.3168	0.3743	2.0709	107.6684	312.4546	61.6653	73.2498	0.5545	0.3894	75.6383
28.7933	2986.0000	-0.1100	0.3732	0.0000	102.1800	45.9300	230.4840	0.5080	56.4100	64.7944	NOT CONNECTED	6000.0000	500.0000	0.0000	3525.7211	0.1498	0.1578	0.0710	0.0709	0.3324	0.3479	0.3168	0.3743	2.0709	107.6684	312.4546	61.6653	73.2498	0.5545	0.3894	75.6383
29.3501	3354.0000	-0.1100	0.3833	0.0000	120.4730	55.8000	230.4770	0.5874	66.8500	64.7199	NOT CONNECTED	6000.0000	500.0000	0.0000	3820.9269	0.1695	0.1784	0.0709	0.0709	0.3681	0.3991	0.3044	0.4048	2.7345	118.4610	311.8993	67.2479	73.2003	0.5542	0.3893	75.6180
29.3986	3354.0000	-0.1100	0.3833	0.0000	120.4730	55.8000	230.4770	0.5874	66.8500	64.7199	NOT CONNECTED	6000.0000	500.0000	0.0000	3820.9269	0.1695	0.1784	0.0709	0.0709	0.3681	0.3991	0.3044	0.4048	2.7345	118.4610	311.8993	67.2479	73.2003	0.5542	0.3893	75.6180
30.0037	3728.0000	-0.1110	0.3880	0.0000	129.5360	60.8500	230.4760	0.6284	72.2200	64.6714	NOT CONNECTED	6000.0000	500.0000	0.0000	4131.8860	0.1868	0.1433	0.0709	0.0710	0.3710	0.4473	0.3548	0.4945	1.8137	126.7306	311.4026	74.8078	73.1543	0.5865	0.4024	75.6180
30.0864	3728.0000	-0.1110	0.3880	0.0000	129.5360	60.8500	230.4760	0.6284	72.2200	64.6714	NOT CONNECTED	6000.0000	500.0000	0.0000	4131.8860	0.1868	0.1433	0.0709	0.0710	0.3710	0.4473	0.3548	0.4945	1.8137	126.7306	311.4026	74.8078	73.1543	0.5865	0.4024	75.6180
30.6097	4101.0000	-0.1130	0.3995	0.0000	147.9040	71.9600	230.4720	0.7194	83.8300	64.5921	NOT CONNECTED	6000.0000	500.0000	0.0000	4425.6018	0.1666	0.1727	0.0709	0.0709	0.3557	0.4076	0.3421	0.3666	1.9375	135.1706	310.6972	81.7320	73.1094	0.5429	0.4135	75.6026
30.8471	4101.0000	-0.1130	0.3995	0.0000	147.9040	71.9600	230.4720	0.7194	83.8300	64.5921	NOT CONNECTED	6000.0000	500.0000	0.0000	4425.6018	0.1666	0.1727	0.0709	0.0709	0.3557	0.4076	0.3421	0.3666	1.9375	135.1706	310.6972	81.7320	73.1094	0.5429	0.4135	75.6026
31.2160	4101.0000	-0.1130	0.3995	0.0000	147.9040	71.9600	230.4720	0.7194	83.8300	64.5921	NOT CONNECTED	6000.0000	500.0000	0.0000	4730.4047	0.1566	0.1717	0.0710	0.0709	0.2974	0.3762	0.2709	0.4937	2.4214	144.2231	310.1835	88.8418	73.0692	0.5382	0.4196	75.6026
31.5909	4484.0000	-0.1140	0.4057	0.0000	157.2120	77.7900	230.4690	0.7649	89.9600	64.4717	NOT CONNECTED	6000.0000	500.0000	0.0000	4730.4047	0.1566	0.1717	0.0710	0.0709	0.2974	0.3762	0.2709	0.4937	2.4214	144.2231	310.1835	88.8418	73.0692	0.5382	0.4196	75.6026
32.3305	4856.0000	-0.1160	0.4170	0.0000	175.6710	89.9500	230.4630	0.8571	102.6000	64.3701	NOT CONNECTED	6000.0000	500.0000	0.0000	5291.6800	0.1551	0.1655	0.0703	0.0709	0.4407	0.3614	0.2918	0.5041	-1.5319	158.1394	309.3271	106.1045	72.9981	0.5756	0.4203	75.5925
32.3518	4856.0000	-0.1160	0.4170	0.0000	175.6710	89.9500	230.4630	0.8571	102.6000	64.3701	NOT CONNECTED	6000.0000	500.0000	0.0000	5291.6800	0.1551	0.1655	0.0703	0.0709	0.4407	0.3614	0.2918	0.5041	-1.5319	158.1394	309.3271	106.1045	72.9981	0.5756	0.4203	75.5925
32.9369	5238.0000	-0.1220	0.4213	0.0000	184.7680	95.9500	230.4620	0.9019	108.8700	64.3006	NOT CONNECTED	6000.0000	500.0000	0.0000	5587.1708	0.1881	0.1930	0.0705	0.0710	0.5240	0.4119	0.2028	0.5013	9.4081	167.2769	308.6858	115.0243	72.9612	0.6071	0.4252	75.4384
33.0929	5238.0000	-0.1220	0.4213	0.0000	184.7680	95.9500	230.4620	0.9019	108.8700	64.3006	NOT CONNECTED	6000.0000	500.0000	0.0000	5587.1708	0.1881	0.1930	0.0705	0.0710	0.5240	0.4119	0.2028	0.5013	9.4081	167.2769	308.6858	115.0243	72.9612	0.6071	0.4252	75.4384
33.5420	5612.0000	-0.1250	0.4338	0.0000	203.6290	109.0400	230.4570	0.9941	121.9600	64.1874	NOT CONNECTED	6000.0000	500.0000	0.0000	5901.4146	0.1607	0.1518	0.0711	0.0708	0.3777	0.3830	0.3968	0.5377	-5.5913	171.5354	308.4635	118.9411	72.9265	0.6151	0.4271	75.2901
33.8457	5612.0000	-0.1250	0.4338	0.0000	203.6290	109.0400	230.4570	0.9941	121.9600	64.1874	NOT CONNECTED	6000.0000	500.0000	0.0000	6014.4913	0.1023	0.0778	0.0690	0.0691	0.4047	0.2402	0.2011	0.2099	1.9956	171.0675	313.3010	61.5438	72.8870	0.4014	0.3141	75.2901
34.1482	5612.0000	-0.1250	0.4338	0.0000	203.6290	109.0400	230.4570	0.9941	121.9600	64.1874	NOT CONNECTED	6000.0000	500.0000	0.0000	6014.4913	0.1023	0.0778	0.0690	0.0691	0.4047	0.2402	0.2011	0.2099	1.9956	171.0675	313.3010	61.5438	72.8870	0.4014	0.3141	75.2901
34.5859	5978.0000	-0.1280	0.4318	0.0000	212.1330	115.4900	230.4540	1.0397	128.3100	64.1023	NOT CONNECTED	6000.0000	500.0000	0.0000	6004.5521	0.1316	0.0878	0.0696	0.0698	0.3662	0.3561	0.3289	0.3449	-1.1017	171.5142	312.9599	65.6964	72.8342	0.5092	0.3210	75.1436
34.7539	5978.0000	-0.1280	0.4318	0.0000	212.1330	115.4900	230.4540	1.0397	128.3100	64.1023	NOT CONNECTED	6000.0000	500.0000	0.0000	6004.5521	0.1316	0.0878	0.0696	0.0698	0.3662	0.3561	0.3289	0.3449	-1.1017	171.5142	312.9599	65.6964	72.8342	0.5092	0.3210	75.1436
35.3496	5989.0000	-0.0520	0.3080	0.0000	217.9570	61.2000	230.4880	0.6285	70.9200	63.9889	NOT CONNECTED	6000.0000	500.0000	0.0000	5999.4895	0.0949	0.1030	0.0694	0.0689	0.2842	0.2402	0.2948	0.2248	1.7543	173.2846	312.8592	66.6555	72.7838	0.3452	0.3005	74.9917
35.3598	5989.0000	-0.0520	0.3080	0.0000	217.9570	61.2000	230.4880	0.6285	70.9200	63.9889	NOT CONNECTED	6000.0000	500.0000	0.0000	5999.4895	0.0949	0.1030	0.0694	0.0689	0.2842	0.2402	0.2948	0.2248	1.7543	173.2846	312.8592	66.6555	72.7838	0.3452	0.3005	74.9917
35.9650	6000.0000	-0.0530	0.3116	0.0000	217.7340	63.7800	230.4730	0.6486	73.5600	63.9175	NOT CONNECTED	6000.0000	500.0000	0.0000	5997.5906	0.1130	0.1090	0.0705	0.0700	0.3521	0.2671	0.3820	0.2173	0.9947	174.2344	312.9447	65.6720	72.7353	0.3943	0.3125	74.9917
36.0925	6000.0000	-0.0530	0.3116	0.0000	217.7340	63.7800	230.4730	0.6486	73.5600	63.9175	NOT CONNECTED	6000.0000	500.0000	0.0000	5997.5906	0.1130	0.1090	0.0705	0.0700	0.3521	0.2671	0.3820	0.2173	0.9947	174.2344	312.9447	65.6720	72.7353	0.3943	0.3125	74.9917
36.5715	5994.0000	-0.0550	0.3105	0.0000	217.6770	63.9900	230.4740	0.6509	73.8300	63.8180	NOT CONNECTED	6000.0000	500.0000	0.0000	6001.2987	0.0783	0.0963	0.0711	0.0707	0.3684	0.1596	0.5042	0.2333	8.7131	175.4427	312.9039	67.6131	72.6884	0.5145	0.3164	74.8400
36.8465	5994.0000	-0.0550	0.3105	0.0000	217.6770	63.9900	230.4740	0.6509	73.8300	63.8180	NOT CONNECTED	6000.0000	500.0000	0.0000	6001.2987	0.0783	0.0963	0.0711	0.0707	0.3684	0.1596	0.5042	0.2333	8.7131	175.4427	312.9039	67.6131	72.6884	0.5145	0.3164	74.8400
37.1772	5994.0000	-0.0550	0.3105	0.0000	217.6770	63.9900	230.4740	0.6509	73.8300	63.8180	NOT CONNECTED	6000.0000	500.0000	0.0000	6005.6735	0.1258	0.0811	0.0682	0.0693	0.2952	0.3065	0.2015	0.3231	-8.3941	175.2272	312.9371	66.2179	72.6437	0.3472	0.3226	74.8400
37.5956	6009.0000	-0.0530	0.3108	0.0000	217.6970	63.8000	230.4740	0.6496	73.6700	63.7440	NOT CONNECTED	6000.0000	500.0000	0.0000	6007.5334	0.0634	0.0746	0.0702	0.0704	0.2693	0.1398	0.3923	0.2988	3.1566	173.1788	312.9760	65.2647	72.6002	0.4496	0.3215	74.6892
37.7823	6009.0000	-0.0530	0.3108	0.0000	217.6970	63.8000	230.4740	0.6496	73.6700	63.7440	NOT CONNECTED	6000.0000	500.0000	0.0000	6007.5334	0.0634	0.0746	0.0702	0.0704	0.2693	0.1398	0.3923	0.2988	3.1566	173.1788	312.9760	65.2647	72.6002	0.4496	0.3215	74.6892
38.3880	6005.0000	-0.0540	0.3112	0.0000	217.7070	63.8200	230.4730	0.6497	73.7000	63.6499	NOT CONNECTED	6000.0000	500.0000	0.0000	5996.4698	0.1249	0.1132	0.0700	0.0690	0.3181	0.3060	0.3518	0.3682	9.7660	170.7633	312.9356	66.1897	72.5549	0.4174	0.3054	74.5403
38.4768	6005.0000	-0.0540	0.3112	0.0000	217.7070	63.8200	230.4730	0.6497	73.7000	63.6499	NOT CONNECTED	6000.0000	500.0000	0.0000	5996.4698	0.1249	0.1132	0.0700	0.0690	0.3181	0.3060	0.3518	0.3682	9.7660	170.7633	312.9356	66.1897	72.5549	0.4174	0.3054	74.5403
38.9937	5998.0000	-0.0540	0.3121	0.0000	217.7050	64.0000	230.4740	0.6513	73.9000	63.5854	NOT CONNECTED	6000.0000	500.0000	0.0000	6004.6716	0.1063	0.0846	0.0678	0.0705	0.3558	0.2539	0.1097	0.1679	3.4801	172.6332	312.9524	64.9086	72.5130	0.3749	0.3181	74.5403
39.2224	5998.0000	-0.0540	0.3121	0.0000	217.7050	64.0000	230.4740	0.6513	73.9000	63.5854	NOT CONNECTED	6000.0000	500.0000	0.0000	6004.6716	0.1063	0.0846	0.0678	0.0705	0.3558	0.2539	0.1097	0.1679	3.4801	172.6332	312.9524	64.9086	72.5130	0.3749	0.3181	74.5403
39.5982	5998.0000	-0.0540	0.3121	0.0000	217.7050	64.0000	230.4740	0.6513	73.9000	63.5854	NOT CONNECTED	6000.0000	500.0000	0.0000	6000.9618	0.1307	0.0990	0.0707	0.0690	0.2763	0.3141	0.4633	0.2556	8.4745	174.4932	312.8233	67.8800	72.4728	0.5644	0.3177	74.3914
40.2045	6009.0000	-0.0560	0.3137	0.0000	217.6930	64.5900	230.4730	0.6544	74.4800	63.4835	NOT CONNECTED	6000.0000	500.0000	0.0000	5993.4350	0.1084	0.1292	0.0691	0.0702	0.5024	0.2573	0.2795	0.2311	0.9970	173.8656	312.5320	70.3826	72.4339	0.3537	0.3245	74.3914
40.4735	6009.0000	-0.0560	0.3137	0.0000	217.6930	64.5900	230.4730	0.6544	74.4800	63.4835	NOT CONNECTED	6000.0000	500.0000	0.0000	5993.4350	0.1084	0.1292	0.0691	0.0702	0.5024	0.2573	0.2795	0.2311	0.9970	173.8656	312.5320	70.3826	72.4339	0.3537	0.3245	74.3914
40.8099	6009.0000	-0.0560	0.3137	0.0000	217.6930	64.5900	230.4730	0.6544	74.4800	63.4835	NOT CONNECTED	6000.0000	500.0000	0.0000	5992.3223	0.1380	0.1375	0.0697	0.0682	0.2471	0.3777	0.2529	0.4569	-3.3415	173.4130	312.3840	75.8636	72.3973	0.4377	0.3187	74.2433
41.2188	6003.0000	-0.0600	0.3196	0.0000	217.5760	67.0400	230.4710	0.6740	77.0000	63.4242	NOT CONNECTED	6000.0000	500.0000	0.0000	6007.3113	0.1353	0.0921	0.0702	0.0695	0.2349	0.3224	0.3766	0.4281	-7.0949	170.8927	311.6943	79.3889	72.3585	0.4543	0.3267	74.0974
41.4149	6003.0000	-0.0600	0.3196	0.0000	217.5760	67.0400	230.4710	0.6740	77.0000	63.4242	NOT CONNECTED	6000.0000	500.0000	0.0000	6007.3113	0.1353	0.0921	0.0702	0.0695	0.2349	0.3224	0.3766	0.4281	-7.0949	170.8927	311.6943	79.3889	72.3585	0.4543	0.3267	74.0974
42.0213	6009.0000	-0.0660	0.3190	0.0000	217.2910	71.4500	230.4690	0.7107	81.5700	63.3430	NOT CONNECTED	6000.0000	500.0000	0.0000	5996.7094	0.1585	0.1405	0.0686	0.0700	0.3950	0.3910	0.1745	0.3626	-0.9150	171.9566	311.0971	89.5105	72.3237	0.4751	0.3366	74.0974
42.1044	6009.0000	-0.0660	0.3190	0.0000	217.2910	71.4500	230.4690	0.7107	81.5700	63.3430	NOT CONNECTED	6000.0000	500.0000	0.0000	5996.7094	0.1585	0.1405	0.0686	0.0700	0.3950	0.3910	0.1745	0.3626	-0.9150	171.9566	311.0971	89.5105	72.3237	0.4751	0.3366	74.0974
42.6276	6011.0000	-0.0880	0.3279	0.0000	216.4640	82.9100	230.4640	0.7976	93.4600	63.2549	NOT CONNECTED	6000.0000	500.0000	0.0000	6000.3825	0.1507	0.1388	0.0703	0.0688	0.2838	0.3508	0.3751	0.3937	-6.5281	169.4711	310.6216	94.1848	72.2908	0.5243	0.3422	73.9522
42.8562	6011.0000	-0.0880	0.3279	0.0000	216.4640	82.9100	230.4640	0.7976	93.4600	63.2549	NOT CONNECTED	6000.0000	500.0000	0.0000	6000.3825	0.1507	0.1388	0.0703	0.0688	0.2838	0.3508	0.3751	0.3937	-6.5281	169.4711	310.6216	94.1848	72.2908	0.5243	0.3422	73.9522
43.2315	6010.0000	-0.1050	0.3339	0.0000	216.0590	88.9100	230.4620	0.8427	99.6500	63.2156	NOT CONNECTED	6000.0000	500.0000	0.0000	6005.7697	0.1524	0.1307	0.0704	0.0701	0.2781	0.3564	0.3958	0.4199	-4.1902	173.5506	310.1308	102.0491	72.2596	0.5869	0.3473	73.9522
43.5919	6010.0000	-0.1050	0.3339	0.0000	216.0590	88.9100	230.4620	0.8427	99.6500	63.2156	NOT CONNECTED	6000.0000	500.0000	0.0000	5989.7310	0.2023	0.2007	0.0677	0.0669	0.2364	0.4963	0.1071	0.4836	11.3325	172.7388	309.3259	113.9028	72.2295	0.4368	0.3607	73.8082
43.8382	6010.0000	-0.1050	0.3339	0.0000	216.0590	88.9100	230.4620	0.8427	99.6500	63.2156	NOT CONNECTED	6000.0000	500.0000	0.0000	5989.7310	0.2023	0.2007	0.0677	0.0669	0.2364	0.4963	0.1071	0.4836	11.3325	172.7388	309.3259	113.9028	72.2295	0.4368	0.3607	73.8082
44.4443	5989.0000	-0.1130	0.3475	0.0000	215.3610	99.5500	230.4570	0.9239	110.9000	63.1231	NOT CONNECTED	6000.0000	500.0000	0.0000	5999.5682	0.1582	0.1847	0.0673	0.0687	0.2831	0.3720	0.0704	0.6028	-2.2354	171.7985	308.5483	124.2472	72.2032	0.4342	0.3820	73.6663
44.4505	5989.0000	-0.1130	0.3475	0.0000	215.3610	99.5500	230.4570	0.9239	110.9000	63.1231	NOT CONNECTED	6000.0000	500.0000	0.0000	5999.5682	0.1582	0.1847	0.0673	0.0687	0.2831	0.3720	0.0704	0.6028	-2.2354	171.7985	308.5483	124.2472	72.2032	0.4342	0.3820	73.6663
45.0507	5988.0000	-0.1410	0.3646	0.0000	214.7470	109.3500	230.4520	0.9970	121.1600	63.0577	NOT CONNECTED	6000.0000	500.0000	0.0000	6000.6972	0.2076	0.1963	0.0688	0.0659	0.0577	0.5376	0.1857	0.5910	-0.9953	173.7820	308.0225	136.1012	72.1815	0.5027	0.3987	73.6663
45.1885	5988.0000	-0.1410	0.3646	0.0000	214.7470	109.3500	230.4520	0.9970	121.1600	63.0577	NOT CONNECTED	6000.0000	500.0000	0.0000	6000.6972	0.2076	0.1963	0.0688	0.0659	0.0577	0.5376	0.1857	0.5910	-0.9953	173.7820	308.0225	136.1012	72.1815	0.5027	0.3987	73.6663
45.6557	5997.0000	-0.1570	0.4009	0.0000	213.6790	127.4200	230.4470	1.1282	140.2200	63.0067	NOT CONNECTED	6000.0000	500.0000	0.0000	5985.3690	0.1991	0.2620	0.0669	0.0678	0.2808	0.4924	-0.0123	0.6803	-0.2497	170.6351	307.6349	138.4888	72.1637	0.5545	0.4167	73.5278
45.9276	5997.0000	-0.1570	0.4009	0.0000	213.6790	127.4200	230.4470	1.1282	140.2200	63.0067	NOT CONNECTED	6000.0000	500.0000	0.0000	5985.3690	0.1991	0.2620	0.0669	0.0678	0.2808	0.4924	-0.0123	0.6803	-0.2497	170.6351	307.6349	138.4888	72.1637	0.5545	0.4167	73.5278
46.2616	5997.0000	-0.1570	0.4009	0.0000	213.6790	127.4200	230.4470	1.1282	140.2200	63.0067	NOT CONNECTED	6000.0000	500.0000	0.0000	6006.8071	0.2005	0.2030	0.0684	0.0692	0.2832	0.4689	0.1526	0.5681	9.6605	172.5433	306.6158	155.4195	72.1473	0.7386	0.4438	73.5278
46.7964	5998.0000	-0.1780	0.4171	0.0000	213.3330	134.2400	230.4460	1.1773	147.3400	62.9252	NOT CONNECTED	6000.0000	500.0000	0.0000	6007.2344	0.2467	0.2198	0.0687	0.0664	0.0603	0.6220	0.1575	0.7524	12.3740	167.6951	306.1663	164.4030	72.1372	0.7247	0.4572	73.3922
46.8672	5998.0000	-0.1780	0.4171	0.0000	213.3330	134.2400	230.4460	1.1773	147.3400	62.9252	NOT CONNECTED	6000.0000	500.0000	0.0000	6007.2344	0.2467	0.2198	0.0687	0.0664	0.0603	0.6220	0.1575	0.7524	12.3740	167.6951	306.1663	164.4030	72.1372	0.7247	0.4572	73.3922
47.4715	5988.0000	-0.2060	0.4513	0.0000	212.2550	151.6200	230.4390	1.3044	165.6600	62.8826	0.0000	6000.0000	500.0000	0.0000	5996.5777	0.2577	0.2706	0.0680	0.0684	0.2339	0.6512	0.1127	0.6806	5.3322	171.2547	305.8383	173.3864	72.1321	0.7225	0.4893	73.2605
47.5402	5988.0000	-0.2060	0.4513	0.0000	212.2550	151.6200	230.4390	1.3044	165.6600	62.8826	0.0000	6000.0000	500.0000	0.0000	5996.5777	0.2577	0.2706	0.0680	0.0684	0.2339	0.6512	0.1127	0.6806	5.3322	171.2547	305.8383	173.3864	72.1321	0.7225	0.4893	73.2605
48.0777	6003.0000	-0.2160	0.4713	0.0000	211.8210	160.5500	230.4370	1.3710	175.1900	62.8338	0.0000	6000.0000	500.0000	0.0000	6001.2404	0.2885	0.2633	0.0685	0.0651	0.1947	0.7310	0.1838	0.7297	4.5861	164.6277	305.7673	177.9488	72.1304	0.7995	0.4960	73.2605
48.2761	6003.0000	-0.2160	0.4713	0.0000	211.8210	160.5500	230.4370	1.3710	175.1900	62.8338	0.0000	6000.0000	500.0000	0.0000	6001.2404	0.2885	0.2633	0.0685	0.0651	0.1947	0.7310	0.1838	0.7297	4.5861	164.6277	305.7673	177.9488	72.1304	0.7995	0.4960	73.2605
48.6839	5990.0000	-0.2230	0.5009	0.0000	211.3830	171.9500	230.4360	1.4593	187.3400	62.8049	0.0000	6000.0000	500.0000	0.0000	6010.2517	0.2587	0.2384	0.0642	0.0681	0.2146	0.6428	-0.2129	0.7123	1.4990	170.2779	305.7041	180.5128	72.1310	0.7066	0.5140	73.1329
49.0173	5990.0000	-0.2230	0.5009	0.0000	211.3830	171.9500	230.4360	1.4593	187.3400	62.8049	0.0000	6000.0000	500.0000	0.0000	6003.7868	0.3218	0.2662	0.0667	0.0651	-0.0055	0.8587	0.0371	0.8364	-2.9118	171.0656	305.6298	185.6336	72.1331	0.7971	0.5116	73.1329
49.2895	5990.0000	-0.2230	0.5009	0.0000	211.3830	171.9500	230.4360	1.4593	187.3400	62.8049	0.0000	6000.0000	500.0000	0.0000	6003.7868	0.3218	0.2662	0.0667	0.0651	-0.0055	0.8587	0.0371	0.8364	-2.9118	171.0656	305.6298	185.6336	72.1331	0.7971	0.5116	73.1329
49.7642	6007.0000	-0.2260	0.5123	0.0000	211.3130	175.5600	230.4360	1.4886	191.1200	62.7481	0.0000	6000.0000	500.0000	0.0000	5986.5603	0.3344	0.3294	0.0678	0.0666	0.3209	0.8420	0.1389	0.8416	5.8377	165.2406	305.8234	185.4996	72.1346	0.7758	0.5194	73.0083
49.8955	6007.0000	-0.2260	0.5123	0.0000	211.3130	175.5600	230.4360	1.4886	191.1200	62.7481	0.0000	6000.0000	500.0000	0.0000	5986.5603	0.3344	0.3294	0.0678	0.0666	0.3209	0.8420	0.1389	0.8416	5.8377	165.2406	305.8234	185.4996	72.1346	0.7758	0.5194	73.0083
50.5008	6007.0000	-0.2320	0.5269	0.0000	211.2970	180.7800	230.4360	1.5310	196.4700	62.7260	1.0000	6000.0000	500.0000	0.0000	6003.7146	0.3325	0.2706	0.0675	0.0678	0.3461	0.8214	-0.0504	0.6047	3.9900	171.0523	305.8486	190.6462	72.1404	0.7737	0.5234	72.8845
50.5095	6007.0000	-0.2320	0.5269	0.0000	211.2970	180.7800	230.4360	1.5310	196.4700	62.7260	1.0000	6000.0000	500.0000	0.0000	6003.7146	0.3325	0.2706	0.0675	0.0678	0.3461	0.8214	-0.0504	0.6047	3.9900	171.0523	305.8486	190.6462	72.1404	0.7737	0.5234	72.8845
51.0907	6004.0000	-0.2320	0.5379	0.0000	211.3980	183.0300	230.4410	1.5504	198.7000	62.6664	1.0000	6000.0000	500.0000	0.0000	5995.5000	0.3004	0.3006	0.0656	0.0686	0.4612	0.7085	-0.2091	0.6374	3.2706	172.1209	305.9849	188.2918	72.1432	0.7101	0.5161	72.8845
51.3610	6004.0000	-0.2320	0.5379	0.0000	211.3980	183.0300	230.4410	1.5504	198.7000	62.6664	1.0000	6000.0000	500.0000	0.0000	5995.5000	0.3004	0.3006	0.0656	0.0686	0.4612	0.7085	-0.2091	0.6374	3.2706	172.1209	305.9849	188.2918	72.1432	0.7101	0.5161	72.8845
51.6965	6004.0000	-0.2320	0.5379	0.0000	211.3980	183.0300	230.4410	1.5504	198.7000	62.6664	1.0000	6000.0000	500.0000	0.0000	5994.4987	0.3010	0.3044	0.0648	0.0664	0.3036	0.7394	-0.2930	0.7746	11.1822	161.8513	306.0273	187.1934	72.1441	0.6835	0.5110	72.7633
52.1053	5997.0000	-0.2350	0.5358	0.0000	211.4020	183.3700	230.4430	1.5553	199.0200	62.6503	1.0000	6000.0000	500.0000	0.0000	5993.5684	0.2279	0.3079	0.0647	0.0688	0.2825	0.5407	-0.2303	0.8176	-4.9466	169.6791	306.1383	188.1466	72.1443	0.7161	0.5116	72.7633
52.3016	5997.0000	-0.2350	0.5358	0.0000	211.4020	183.3700	230.4430	1.5553	199.0200	62.6503	1.0000	6000.0000	500.0000	0.0000	5993.5684	0.2279	0.3079	0.0647	0.0688	0.2825	0.5407	-0.2303	0.8176	-4.9466	169.6791	306.1383	188.1466	72.1443	0.7161	0.5116	72.7633
52.8508	5995.0000	-0.2340	0.5336	0.0000	211.5250	183.5500	230.4500	1.5613	199.0400	62.6049	1.0000	6000.0000	500.0000	0.0000	6000.8820	0.2060	0.2831	0.0651	0.0689	0.2601	0.4854	-0.0829	0.7066	2.5311	170.3536	306.2719	187.4746	72.1451	0.7494	0.5239	72.6426
52.8910	5995.0000	-0.2340	0.5336	0.0000	211.5250	183.5500	230.4500	1.5613	199.0400	62.6049	1.0000	6000.0000	500.0000	0.0000	6000.8820	0.2060	0.2831	0.0651	0.0689	0.2601	0.4854	-0.0829	0.7066	2.5311	170.3536	306.2719	187.4746	72.1451	0.7494	0.5239	72.6426
53.4970	6006.0000	-0.2340	0.5325	0.0000	211.5690	183.5000	230.4530	1.5637	198.9100	62.6286	1.0000	6000.0000	500.0000	0.0000	6005.3832	0.3042	0.2673	0.0660	0.0655	0.0655	0.7833	-0.1360	0.8912	1.8855	168.0067	306.3991	185.7621	72.1488	0.7185	0.5236	72.5212
53.5966	6006.0000	-0.2340	0.5325	0.0000	211.5690	183.5000	230.4530	1.5637	198.9100	62.6286	1.0000	6000.0000	500.0000	0.0000	6005.3832	0.3042	0.2673	0.0660	0.0655	0.0655	0.7833	-0.1360	0.8912	1.8855	168.0067	306.3991	185.7621	72.1488	0.7185	0.5236	72.5212
54.1017	5994.0000	-0.2340	0.5345	0.0000	211.6690	184.0200	230.4610	1.5726	199.3500	62.5736	1.0000	6000.0000	500.0000	0.0000	6009.8216	0.2996	0.2517	0.0679	0.0682	0.3564	0.7541	0.0754	0.8036	1.1733	169.5939	306.4819	186.8277	72.1508	0.8678	0.5215	72.5212
54.3570	5994.0000	-0.2340	0.5345	0.0000	211.6690	184.0200	230.4610	1.5726	199.3500	62.5736	1.0000	6000.0000	500.0000	0.0000	6009.8216	0.2996	0.2517	0.0679	0.0682	0.3564	0.7541	0.0754	0.8036	1.1733	169.5939	306.4819	186.8277	72.1508	0.8678	0.5215	72.5212
54.7087	5994.0000	-0.2340	0.5345	0.0000	211.6690	184.0200	230.4610	1.5726	199.3500	62.5736	1.0000	6000.0000	500.0000	0.0000	5994.9480	0.2974	0.3037	0.0652	0.0650	0.1293	0.7644	-0.1674	0.6680	8.4991	171.5526	306.5704	185.3777	72.1520	0.6958	0.5221	72.4021
55.1023	5992.0000	-0.2340	0.5339	0.0000	211.7320	183.9900	230.4670	1.5748	199.3400	62.5108	1.0000	6000.0000	500.0000	0.0000	5999.6539	0.2747	0.2874	0.0676	0.0678	0.1406	0.6912	0.0154	0.7350	5.4796	167.9898	306.7204	184.4154	72.1537	0.6402	0.5245	72.4021
55.3140	5992.0000	-0.2340	0.5339	0.0000	211.7320	183.9900	230.4670	1.5748	199.3400	62.5108	1.0000	6000.0000	500.0000	0.0000	5999.6539	0.2747	0.2874	0.0676	0.0678	0.1406	0.6912	0.0154	0.7350	5.4796	167.9898	306.7204	184.4154	72.1537	0.6402	0.5245	72.4021
55.8514	6011.0000	-0.2330	0.5323	0.0000	211.8020	183.6700	230.4760	1.5766	198.9300	62.5241	1.0000	6000.0000	500.0000	0.0000	6002.9679	0.3273	0.2763	0.0640	0.0680	0.2827	0.8155	-0.2080	0.7845	1.9635	174.0344	306.7680	190.4244	72.1561	0.7927	0.5353	72.2839
55.9198	6011.0000	-0.2330	0.5323	0.0000	211.8020	183.6700	230.4760	1.5766	198.9300	62.5241	1.0000	6000.0000	500.0000	0.0000	6002.9679	0.3273	0.2763	0.0640	0.0680	0.2827	0.8155	-0.2080	0.7845	1.9635	174.0344	306.7680	190.4244	72.1561	0.7927	0.5353	72.2839
56.5257	5994.0000	-0.2340	0.5330	0.0000	211.8350	183.8300	230.4850	1.5787	199.0700	62.4619	2.0000	6000.0000	500.0000	0.0000	5995.0191	0.2909	0.3042	0.0651	0.0667	0.2400	0.6964	-0.1169	0.7519	2.5767	162.5017	306.7428	186.3766	72.1596	0.7422	0.5255	72.1659
56.6059	5994.0000	-0.2340	0.5330	0.0000	211.8350	183.8300	230.4850	1.5787	199.0700	62.4619	2.0000	6000.0000	500.0000	0.0000	5995.0191	0.2909	0.3042	0.0651	0.0667	0.2400	0.6964	-0.1169	0.7519	2.5767	162.5017	306.7428	186.3766	72.1596	0.7422	0.5255	72.1659
57.1311	6005.0000	-0.2330	0.5345	0.0000	211.9450	184.2800	230.4990	1.5837	199.4700	62.4317	2.0000	6000.0000	500.0000	0.0000	5990.5534	0.2484	0.3198	0.0651	0.0694	0.5050	0.5489	-0.1384	0.7143	-9.8178	175.1537	306.8215	190.8504	72.1616	0.8530	0.5282	72.1659
57.4868	6005.0000	-0.2330	0.5345	0.0000	211.9450	184.2800	230.4990	1.5837	199.4700	62.4317	2.0000	6000.0000	500.0000	0.0000	5998.4200	0.2787	0.2920	0.0667	0.0663	0.0345	0.7112	-0.0653	0.7846	3.6726	162.1399	306.9131	187.0932	72.1638	0.7220	0.5297	72.0493
57.7363	6005.0000	-0.2330	0.5345	0.0000	211.9450	184.2800	230.4990	1.5837	199.4700	62.4317	2.0000	6000.0000	500.0000	0.0000	5998.4200	0.2787	0.2920	0.0667	0.0663	0.0345	0.7112	-0.0653	0.7846	3.6726	162.1399	306.9131	187.0932	72.1638	0.7220	0.5297	72.0493
58.2279	6005.0000	-0.2340	0.5345	0.0000	211.9890	184.1000	230.5070	1.5845	199.2800	62.4219	2.0000	6000.0000	500.0000	0.0000	5996.1149	0.2815	0.3002	0.0692	0.0689	0.3687	0.6497	0.1556	0.7328	-0.9486	172.4019	307.0652	188.2720	72.1656	0.7813	0.5284	72.0493
58.3426	6005.0000	-0.2340	0.5345	0.0000	211.9890	184.1000	230.5070	1.5845	199.2800	62.4219	2.0000	6000.0000	500.0000	0.0000	5996.1149	0.2815	0.3002	0.0692	0.0689	0.3687	0.6497	0.1556	0.7328	-0.9486	172.4019	307.0652	188.2720	72.1656	0.7813	0.5284	72.0493
58.9479	5994.0000	-0.2330	0.5345	0.0000	212.0840	183.8500	230.5240	1.5858	198.9700	62.3923	2.0000	6000.0000	500.0000	0.0000	6001.2287	0.2918	0.2821	0.0658	0.0647	0.0866	0.7505	0.0259	0.6224	-2.0995	172.2434	307.1754	186.9361	72.1668	0.7787	0.5314	71.9332
58.9629	5994.0000	-0.2330	0.5345	0.0000	212.0840	183.8500	230.5240	1.5858	198.9700	62.3923	2.0000	6000.0000	500.0000	0.0000	6001.2287	0.2918	0.2821	0.0658	0.0647	0.0866	0.7505	0.0259	0.6224	-2.0995	172.2434	307.1754	186.9361	72.1668	0.7787	0.5314	71.9332
59.5538	5992.0000	-0.2330	0.5352	0.0000	212.1270	183.9700	230.5340	1.5881	199.0800	62.3814	2.0000	6000.0000	500.0000	0.0000	6007.9553	0.2540	0.2588	0.0668	0.0680	0.2348	0.6519	0.0191	0.7592	11.1519	166.4338	307.2020	184.7886	72.1693	0.7650	0.5368	71.8169
59.7103	5992.0000	-0.2330	0.5352	0.0000	212.1270	183.9700	230.5340	1.5881	199.0800	62.3814	2.0000	6000.0000	500.0000	0.0000	6007.9553	0.2540	0.2588	0.0668	0.0680	0.2348	0.6519	0.0191	0.7592	11.1519	166.4338	307.2020	184.7886	72.1693	0.7650	0.5368	71.8169
60.1599	6008.0000	-0.2330	0.5372	0.0000	212.2450	184.1900	230.5500	1.5919	199.2300	62.3669	2.0000	6000.0000	500.0000	0.0000	5998.1752	0.3306	0.2928	0.0663	0.0644	0.0709	0.8788	-0.1507	0.6893	-4.1724	171.6796	307.2239	188.0653	72.1719	0.8095	0.5332	71.8169
60.4558	6008.0000	-0.2330	0.5372	0.0000	212.2450	184.1900	230.5500	1.5919	199.2300	62.3669	2.0000	6000.0000	500.0000	0.0000	5998.1752	0.3306	0.2928	0.0663	0.0644	0.0709	0.8788	-0.1507	0.6893	-4.1724	171.6796	307.2239	188.0653	72.1719	0.8095	0.5332	71.8169
60.7652	6008.0000	-0.2330	0.5372	0.0000	212.2450	184.1900	230.5500	1.5919	199.2300	62.3669	2.0000	6000.0000	500.0000	0.0000	5990.1722	0.2817	0.3208	0.0644	0.0679	0.2033	0.7042	-0.3126	0.7542	7.3391	166.7445	307.2381	184.4113	72.1738	0.7614	0.5331	71.7021
61.1925	6006.0000	-0.2330	0.5375	0.0000	212.3150	184.0100	230.5600	1.5911	199.0100	62.3288	2.0000	6000.0000	500.0000	0.0000	5996.7071	0.3039	0.2982	0.0695	0.0674	0.1098	0.7591	0.0398	0.7926	-3.3213	166.0724	307.3364	184.9110	72.1757	0.5840	0.5405	71.5886
61.3548	6006.0000	-0.2330	0.5375	0.0000	212.3150	184.0100	230.5600	1.5911	199.0100	62.3288	2.0000	6000.0000	500.0000	0.0000	5996.7071	0.3039	0.2982	0.0695	0.0674	0.1098	0.7591	0.0398	0.7926	-3.3213	166.0724	307.3364	184.9110	72.1757	0.5840	0.5405	71.5886
61.9437	5995.0000	-0.2320	0.5389	0.0000	212.3880	183.9600	230.5780	1.5923	198.8600	62.3068	2.0000	6000.0000	500.0000	0.0000	5984.1975	0.3496	0.3416	0.0687	0.0675	0.2704	0.8849	0.1262	0.5858	-3.4446	172.5207	307.5131	190.4577	72.1785	0.7561	0.5363	71.5886
61.9612	5995.0000	-0.2320	0.5389	0.0000	212.3880	183.9600	230.5780	1.5923	198.8600	62.3068	2.0000	6000.0000	500.0000	0.0000	5984.1975	0.3496	0.3416	0.0687	0.0675	0.2704	0.8849	0.1262	0.5858	-3.4446	172.5207	307.5131	190.4577	72.1785	0.7561	0.5363	71.5886
62.6847	5992.0000	-0.2320	0.5384	0.0000	212.4070	184.3200	230.5880	1.5961	199.1500	62.2662	3.0000	6000.0000	500.0000	0.0000	6009.5185	0.3137	0.2527	0.0686	0.0672	0.2299	0.7766	0.1381	0.8640	-5.7534	169.8371	307.5923	186.4903	72.1777	0.7397	0.5210	71.4756
63.0755	5992.0000	-0.2320	0.5384	0.0000	212.4070	184.3200	230.5880	1.5961	199.1500	62.2662	3.0000	6000.0000	500.0000	0.0000	6009.5185	0.3137	0.2527	0.0686	0.0672	0.2299	0.7766	0.1381	0.8640	-5.7534	169.8371	307.5923	186.4903	72.1777	0.7397	0.5210	71.4756
63.5410	6000.0000	-0.2320	0.5381	0.0000	212.4590	184.2400	230.6090	1.5964	199.0100	62.2568	3.0000	6000.0000	500.0000	0.0000	6003.9203	0.2100	0.2723	0.0681	0.0693	0.2257	0.4956	-0.0730	0.6170	-3.3391	173.3146	307.5286	189.5157	72.1761	0.7115	0.5229	71.3632
63.6819	6000.0000	-0.2320	0.5381	0.0000	212.4590	184.2400	230.6090	1.5964	199.0100	62.2568	3.0000	6000.0000	500.0000	0.0000	6003.9203	0.2100	0.2723	0.0681	0.0693	0.2257	0.4956	-0.0730	0.6170	-3.3391	173.3146	307.5286	189.5157	72.1761	0.7115	0.5229	71.3632
64.2876	6000.0000	-0.2320	0.5366	0.0000	212.4460	183.8500	230.6160	1.5946	198.6300	62.2466	3.0000	6000.0000	500.0000	0.0000	5994.7895	0.2701	0.3045	0.0681	0.0663	0.1569	0.6772	0.1955	0.7568	15.2405	170.5546	307.6212	186.1178	72.1749	0.8949	0.5247	71.3632
64.2936	6000.0000	-0.2320	0.5366	0.0000	212.4460	183.8500	230.6160	1.5946	198.6300	62.2466	3.0000	6000.0000	500.0000	0.0000	5994.7895	0.2701	0.3045	0.0681	0.0663	0.1569	0.6772	0.1955	0.7568	15.2405	170.5546	307.6212	186.1178	72.1749	0.8949	0.5247	71.3632
64.8771	5998.0000	-0.2320	0.5354	0.0000	212.4970	183.6500	230.6320	1.5955	198.3600	62.2268	3.0000	6000.0000	500.0000	0.0000	6004.3854	0.2998	0.2707	0.0685	0.0658	0.0601	0.7794	0.0355	0.8099	7.3034	161.6609	307.6591	185.4601	72.1735	0.6602	0.5242	71.2511
65.0408	5998.0000	-0.2320	0.5354	0.0000	212.4970	183.6500	230.6320	1.5955	198.3600	62.2268	3.0000	6000.0000	500.0000	0.0000	6004.3854	0.2998	0.2707	0.0685	0.0658	0.0601	0.7794	0.0355	0.8099	7.3034	161.6609	307.6591	185.4601	72.1735	0.6602	0.5242	71.2511
65.4825	6001.0000	-0.2310	0.5357	0.0000	212.5370	183.7300	230.6390	1.5966	198.4100	62.1876	3.0000	6000.0000	500.0000	0.0000	6003.4849	0.2721	0.2739	0.0680	0.0687	0.2497	0.6590	0.0173	0.7183	-3.2544	167.5536	307.7245	187.8061	72.1732	0.6774	0.5210	71.1387
65.7883	6001.0000	-0.2310	0.5357	0.0000	212.5370	183.7300	230.6390	1.5966	198.4100	62.1876	3.0000	6000.0000	500.0000	0.0000	6004.4594	0.3091	0.2704	0.0643	0.0684	0.3800	0.7696	-0.2375	0.7062	12.4658	167.1867	307.7810	185.6416	72.1710	0.7620	0.5223	71.1387
66.0725	6001.0000	-0.2310	0.5357	0.0000	212.5370	183.7300	230.6390	1.5966	198.4100	62.1876	3.0000	6000.0000	500.0000	0.0000	6004.4594	0.3091	0.2704	0.0643	0.0684	0.3800	0.7696	-0.2375	0.7062	12.4658	167.1867	307.7810	185.6416	72.1710	0.7620	0.5223	71.1387
66.5328	6002.0000	-0.2330	0.5341	0.0000	212.5950	183.6600	230.6570	1.5986	198.3700	62.1802	3.0000	6000.0000	500.0000	0.0000	6004.8814	0.3148	0.2688	0.0696	0.0655	0.0528	0.8012	0.2870	0.6223	-1.0435	175.4165	307.8639	186.5800	72.1694	0.9134	0.5277	71.0277
66.6779	6002.0000	-0.2330	0.5341	0.0000	212.5950	183.6600	230.6570	1.5986	198.3700	62.1802	3.0000	6000.0000	500.0000	0.0000	6004.8814	0.3148	0.2688	0.0696	0.0655	0.0528	0.8012	0.2870	0.6223	-1.0435	175.4165	307.8639	186.5800	72.1694	0.9134	0.5277	71.0277
67.2732	6011.0000	-0.2300	0.5342	0.0000	212.5990	183.7900	230.6660	1.6006	198.5600	62.1659	3.0000	6000.0000	500.0000	0.0000	5992.4208	0.2728	0.3128	0.0670	0.0687	0.4050	0.6320	0.0241	0.6947	-5.0318	166.3257	307.7716	187.9235	72.1692	0.7125	0.5344	71.0277
67.2838	6011.0000	-0.2300	0.5342	0.0000	212.5990	183.7900	230.6660	1.6006	198.5600	62.1659	3.0000	6000.0000	500.0000	0.0000	5992.4208	0.2728	0.3128	0.0670	0.0687	0.4050	0.6320	0.0241	0.6947	-5.0318	166.3257	307.7716	187.9235	72.1692	0.7125	0.5344	71.0277
67.8893	5998.0000	-0.2320	0.5344	0.0000	212.6080	183.6900	230.6830	1.6003	198.4200	62.1544	3.0000	6000.0000	500.0000	0.0000	5997.9304	0.3282	0.2934	0.0695	0.0649	0.1628	0.8620	0.1087	0.7780	-5.1926	174.2334	307.8340	189.0785	72.1705	0.7385	0.5381	70.9175
68.0221	5998.0000	-0.2320	0.5344	0.0000	212.6080	183.6900	230.6830	1.6003	198.4200	62.1544	3.0000	6000.0000	500.0000	0.0000	5997.9304	0.3282	0.2934	0.0695	0.0649	0.1628	0.8620	0.1087	0.7780	-5.1926	174.2334	307.8340	189.0785	72.1705	0.7385	0.5381	70.9175
68.4793	5991.0000	-0.2330	0.5353	0.0000	212.6570	183.9400	230.6900	1.6015	198.6700	62.1224	4.0000	6000.0000	500.0000	0.0000	5999.9214	0.3247	0.2865	0.0674	0.0654	0.1611	0.8487	0.1198	0.7292	0.2689	171.9776	307.8166	188.0506	72.1716	0.7353	0.5331	70.8083
68.7662	5991.0000	-0.2330	0.5353	0.0000	212.6570	183.9400	230.6900	1.6015	198.6700	62.1224	4.0000	6000.0000	500.0000	0.0000	5999.9214	0.3247	0.2865	0.0674	0.0654	0.1611	0.8487	0.1198	0.7292	0.2689	171.9776	307.8166	188.0506	72.1716	0.7353	0.5331	70.8083
69.0850	5991.0000	-0.2330	0.5353	0.0000	212.6570	183.9400	230.6900	1.6015	198.6700	62.1224	4.0000	6000.0000	500.0000	0.0000	6001.8407	0.2806	0.2797	0.0665	0.0672	0.2191	0.7053	-0.0630	0.7742	-3.4426	167.5954	307.8674	186.3571	72.1712	0.7026	0.5295	70.8083
69.6171	5995.0000	-0.2310	0.5357	0.0000	212.6710	183.6400	230.7010	1.6022	198.3700	62.0867	4.0000	6000.0000	500.0000	0.0000	6006.6737	0.3337	0.2622	0.0684	0.0655	0.1429	0.8780	0.1999	0.6624	0.1177	172.6223	307.9850	186.9409	72.1703	0.8257	0.5279	70.6998
69.6905	5995.0000	-0.2310	0.5357	0.0000	212.6710	183.6400	230.7010	1.6022	198.3700	62.0867	4.0000	6000.0000	500.0000	0.0000	6006.6737	0.3337	0.2622	0.0684	0.0655	0.1429	0.8780	0.1999	0.6624	0.1177	172.6223	307.9850	186.9409	72.1703	0.8257	0.5279	70.6998
70.2801	5996.0000	-0.2320	0.5350	0.0000	212.7460	183.4600	230.7100	1.6021	198.1500	62.0488	4.0000	6000.0000	500.0000	0.0000	5996.5369	0.3462	0.2976	0.0659	0.0682	0.4194	0.8340	-0.2165	0.7695	3.2622	176.0690	308.0083	190.2206	72.1701	0.7534	0.5395	70.6998
70.3626	5996.0000	-0.2320	0.5350	0.0000	212.7460	183.4600	230.7100	1.6021	198.1500	62.0488	4.0000	6000.0000	500.0000	0.0000	5996.5369	0.3462	0.2976	0.0659	0.0682	0.4194	0.8340	-0.2165	0.7695	3.2622	176.0690	308.0083	190.2206	72.1701	0.7534	0.5395	70.6998
70.8698	6007.0000	-0.2310	0.5375	0.0000	212.8900	183.1200	230.7150	1.5998	197.7700	62.0710	4.0000	6000.0000	500.0000	0.0000	6002.4789	0.3399	0.2769	0.0656	0.0683	0.3775	0.8176	-0.2150	0.8416	-3.7295	177.0914	308.0413	189.4833	72.1706	0.6925	0.5299	70.5919
71.1085	6007.0000	-0.2310	0.5375	0.0000	212.8900	183.1200	230.7150	1.5998	197.7700	62.0710	4.0000	6000.0000	500.0000	0.0000	6002.4789	0.3399	0.2769	0.0656	0.0683	0.3775	0.8176	-0.2150	0.8416	-3.7295	177.0914	308.0413	189.4833	72.1706	0.6925	0.5299	70.5919
71.4746	6007.0000	-0.2310	0.5375	0.0000	212.8900	183.1200	230.7150	1.5998	197.7700	62.0710	4.0000	6000.0000	500.0000	0.0000	6005.2480	0.2990	0.2673	0.0700	0.0669	0.2444	0.7421	0.4728	0.7739	-11.0659	164.7574	308.0345	185.4288	72.1707	0.9853	0.5354	70.4844
71.8525	6002.0000	-0.2320	0.5393	0.0000	212.9030	183.3500	230.7230	1.6002	197.9700	62.0584	4.0000	6000.0000	500.0000	0.0000	6002.7068	0.2449	0.2756	0.0669	0.0699	0.5886	0.5202	-0.0571	0.6343	9.0827	173.3952	308.0677	189.6917	72.1691	0.6598	0.5211	70.4844
72.0805	6002.0000	-0.2320	0.5393	0.0000	212.9030	183.3500	230.7230	1.6002	197.9700	62.0584	4.0000	6000.0000	500.0000	0.0000	6002.7068	0.2449	0.2756	0.0669	0.0699	0.5886	0.5202	-0.0571	0.6343	9.0827	173.3952	308.0677	189.6917	72.1691	0.6598	0.5211	70.4844
72.5901	5995.0000	-0.2310	0.5404	0.0000	212.9210	183.3000	230.7280	1.5996	197.8800	62.0327	4.0000	6000.0000	500.0000	0.0000	5995.1643	0.2504	0.3019	0.0669	0.0668	0.1443	0.6007	-0.1128	0.7566	1.8712	164.7050	308.0483	182.8570	72.1662	0.7310	0.5213	70.3776
72.6865	5995.0000	-0.2310	0.5404	0.0000	212.9210	183.3000	230.7280	1.5996	197.8800	62.0327	4.0000	6000.0000	500.0000	0.0000	5995.1643	0.2504	0.3019	0.0669	0.0668	0.1443	0.6007	-0.1128	0.7566	1.8712	164.7050	308.0483	182.8570	72.1662	0.7310	0.5213	70.3776
73.2928	6001.0000	-0.2310	0.5396	0.0000	212.9250	183.3300	230.7340	1.6004	197.9200	62.0114	4.0000	6000.0000	500.0000	0.0000	5999.1212	0.3034	0.2876	0.0655	0.0688	0.1962	0.7714	-0.2466	0.7714	8.8904	171.8185	308.1274	186.1073	72.1624	0.6527	0.5157	70.3776
73.3588	6001.0000	-0.2310	0.5396	0.0000	212.9250	183.3300	230.7340	1.6004	197.9200	62.0114	4.0000	6000.0000	500.0000	0.0000	5999.1212	0.3034	0.2876	0.0655	0.0688	0.1962	0.7714	-0.2466	0.7714	8.8904	171.8185	308.1274	186.1073	72.1624	0.6527	0.5157	70.3776
73.8976	6008.0000	-0.2320	0.5387	0.0000	212.9850	182.9700	230.7380	1.5976	197.4200	61.9685	4.0000	6000.0000	500.0000	0.0000	6001.5685	0.3376	0.2791	0.0664	0.0651	0.1870	0.8505	-0.1262	0.5719	2.8613	170.4316	308.2021	184.8114	72.1579	0.6508	0.5166	70.2714
74.0946	6008.0000	-0.2320	0.5387	0.0000	212.9850	182.9700	230.7380	1.5976	197.4200	61.9685	4.0000	6000.0000	500.0000	0.0000	6001.5685	0.3376	0.2791	0.0664	0.0651	0.1870	0.8505	-0.1262	0.5719	2.8613	170.4316	308.2021	184.8114	72.1579	0.6508	0.5166	70.2714
74.5040	5993.0000	-0.2310	0.5369	0.0000	212.9270	182.8800	230.7430	1.5990	197.3900	61.9559	5.0000	6000.0000	500.0000	0.0000	6000.7327	0.2607	0.2820	0.0689	0.0684	0.3459	0.6189	0.0510	0.7684	-6.5633	170.6602	308.1358	185.0903	72.1556	0.6231	0.5167	70.1639
74.8519	5993.0000	-0.2310	0.5369	0.0000	212.9270	182.8800	230.7430	1.5990	197.3900	61.9559	5.0000	6000.0000	500.0000	0.0000	6002.5629	0.3298	0.2752	0.0649	0.0664	0.1564	0.8391	-0.1675	0.6721	3.3085	174.8036	308.1771	185.4940	72.1506	0.7925	0.5103	70.1639
75.1092	5993.0000	-0.2310	0.5369	0.0000	212.9270	182.8800	230.7430	1.5990	197.3900	61.9559	5.0000	6000.0000	500.0000	0.0000	6002.5629	0.3298	0.2752	0.0649	0.0664	0.1564	0.8391	-0.1675	0.6721	3.3085	174.8036	308.1771	185.4940	72.1506	0.7925	0.5103	70.1639
75.7152	5996.0000	-0.2320	0.5344	0.0000	212.9050	182.7200	230.7450	1.5994	197.1900	61.9442	5.0000	6000.0000	500.0000	0.0000	5997.3843	0.2984	0.2927	0.0662	0.0678	0.2443	0.7165	0.0053	0.7277	-2.9389	167.1702	308.1397	184.4480	72.1453	0.7237	0.5120	70.0582
75.7276	5996.0000	-0.2320	0.5344	0.0000	212.9050	182.7200	230.7450	1.5994	197.1900	61.9442	5.0000	6000.0000	500.0000	0.0000	5997.3843	0.2984	0.2927	0.0662	0.0678	0.2443	0.7165	0.0053	0.7277	-2.9389	167.1702	308.1397	184.4480	72.1453	0.7237	0.5120	70.0582
76.3201	5994.0000	-0.2330	0.5310	0.0000	212.9200	182.2900	230.7490	1.5985	196.7200	61.9426	5.0000	6000.0000	500.0000	0.0000	5993.2275	0.3315	0.3062	0.0681	0.0676	0.2953	0.8202	0.1306	0.7174	4.1382	174.3074	308.1893	185.9486	72.1404	0.7424	0.5146	70.0582
76.4758	5994.0000	-0.2330	0.5310	0.0000	212.9200	182.2900	230.7490	1.5985	196.7200	61.9426	5.0000	6000.0000	500.0000	0.0000	5993.2275	0.3315	0.3062	0.0681	0.0676	0.2953	0.8202	0.1306	0.7174	4.1382	174.3074	308.1893	185.9486	72.1404	0.7424	0.5146	70.0582
76.9107	5997.0000	-0.2290	0.5294	0.0000	212.9790	181.7200	230.7500	1.5926	196.0900	61.8985	5.0000	6000.0000	500.0000	0.0000	5995.9977	0.3149	0.2959	0.0661	0.0688	0.3786	0.7508	-0.0230	0.6729	9.4702	173.0953	308.3201	185.3051	72.1361	0.7965	0.5186	69.9531
77.2198	5997.0000	-0.2290	0.5294	0.0000	212.9790	181.7200	230.7500	1.5926	196.0900	61.8985	5.0000	6000.0000	500.0000	0.0000	5994.3838	0.3330	0.3016	0.0667	0.0681	0.2839	0.8312	0.0062	0.7632	-8.0624	174.8075	308.3221	187.7393	72.1334	0.6948	0.5131	69.8474
77.5003	5997.0000	-0.2290	0.5294	0.0000	212.9790	181.7200	230.7500	1.5926	196.0900	61.8985	5.0000	6000.0000	500.0000	0.0000	5994.3838	0.3330	0.3016	0.0667	0.0681	0.2839	0.8312	0.0062	0.7632	-8.0624	174.8075	308.3221	187.7393	72.1334	0.6948	0.5131	69.8474
77.9586	6001.0000	-0.2300	0.5286	0.0000	213.0590	181.1700	230.7530	1.5880	195.4500	61.8776	5.0000	6000.0000	500.0000	0.0000	5995.9371	0.3257	0.2959	0.0676	0.0647	0.1205	0.8427	0.0933	0.7596	6.8420	173.1230	308.3044	185.0838	72.1290	0.6616	0.5149	69.8474
78.0905	6001.0000	-0.2300	0.5286	0.0000	213.0590	181.1700	230.7530	1.5880	195.4500	61.8776	5.0000	6000.0000	500.0000	0.0000	5995.9371	0.3257	0.2959	0.0676	0.0647	0.1205	0.8427	0.0933	0.7596	6.8420	173.1230	308.3044	185.0838	72.1290	0.6616	0.5149	69.8474
78.6950	6014.0000	-0.2300	0.5266	0.0000	213.0820	181.0300	230.7560	1.5910	195.3700	61.8726	5.0000	6000.0000	500.0000	0.0000	6008.6443	0.2654	0.2511	0.0654	0.0674	0.1958	0.6557	-0.1852	0.7601	-11.3931	164.7582	308.3126	181.1393	72.1254	0.6994	0.5188	69.7433
79.2170	6014.0000	-0.2300	0.5266	0.0000	213.0820	181.0300	230.7560	1.5910	195.3700	61.8726	5.0000	6000.0000	500.0000	0.0000	5994.3576	0.2783	0.3008	0.0692	0.0679	0.3157	0.6414	0.1087	0.7342	-7.7552	168.6325	308.3856	183.3052	72.1220	0.6460	0.5193	69.7433
79.2843	6014.0000	-0.2300	0.5266	0.0000	213.0820	181.0300	230.7560	1.5910	195.3700	61.8726	5.0000	6000.0000	500.0000	0.0000	5994.3576	0.2783	0.3008	0.0692	0.0679	0.3157	0.6414	0.1087	0.7342	-7.7552	168.6325	308.3856	183.3052	72.1220	0.6460	0.5193	69.7433
79.8899	5996.0000	-0.2320	0.5255	0.0000	213.1140	180.3200	230.7550	1.5896	194.6500	61.8460	5.0000	6000.0000	500.0000	0.0000	6000.3084	0.2890	0.2801	0.0680	0.0690	0.4004	0.6575	-0.0465	0.7371	7.8565	174.0656	308.3837	187.7046	72.1192	0.7246	0.5188	69.6398
79.9579	5996.0000	-0.2320	0.5255	0.0000	213.1140	180.3200	230.7550	1.5896	194.6500	61.8460	5.0000	6000.0000	500.0000	0.0000	6000.3084	0.2890	0.2801	0.0680	0.0690	0.4004	0.6575	-0.0465	0.7371	7.8565	174.0656	308.3837	187.7046	72.1192	0.7246	0.5188	69.6398
80.4970	5995.0000	-0.2300	0.5264	0.0000	213.0990	180.2700	230.7550	1.5898	194.5800	61.8160	6.0000	6000.0000	500.0000	0.0000	5995.1736	0.2783	0.2979	0.0649	0.0673	0.1678	0.7042	-0.2717	0.7656	-1.1276	165.4729	308.5276	181.6061	72.1174	0.6583	0.5271	69.5365
80.7002	5995.0000	-0.2300	0.5264	0.0000	213.0990	180.2700	230.7550	1.5898	194.5800	61.8160	6.0000	6000.0000	500.0000	0.0000	5995.1736	0.2783	0.2979	0.0649	0.0673	0.1678	0.7042	-0.2717	0.7656	-1.1276	165.4729	308.5276	181.6061	72.1174	0.6583	0.5271	69.5365
81.1016	5995.0000	-0.2310	0.5295	0.0000	213.1770	180.3700	230.7560	1.5897	194.7100	61.7829	NOT CONNECTED	6000.0000	500.0000	0.0000	5999.6457	0.3022	0.2817	0.0677	0.0691	0.2645	0.7734	0.1758	0.8237	-3.2652	172.0673	308.5175	182.3270	72.1164	0.8627	0.5321	69.5365
81.4410	5995.0000	-0.2310	0.5295	0.0000	213.1770	180.3700	230.7560	1.5897	194.7100	61.7829	NOT CONNECTED	0.0000	500.0000	0.0000	6012.3371	0.2686	0.2374	0.0692	0.0682	0.4779	0.6314	0.1705	0.7673	-6.3030	169.1108	308.5518	183.7040	72.1167	0.6692	0.5337	69.4344
81.7226	5995.0000	-0.2310	0.5295	0.0000	213.1770	180.3700	230.7560	1.5897	194.7100	61.7829	NOT CONNECTED	0.0000	500.0000	0.0000	6012.3371	0.2686	0.2374	0.0692	0.0682	0.4779	0.6314	0.1705	0.7673	-6.3030	169.1108	308.5518	183.7040	72.1167	0.6692	0.5337	69.4344
82.1775	5999.0000	-0.2300	0.5279	0.0000	213.1530	179.9100	230.7550	1.5859	194.1900	61.7735	NOT CONNECTED	0.0000	500.0000	0.0000	6034.9101	0.0930	0.0757	0.0700	0.0696	0.3555	0.2283	0.2582	0.3271	-3.8718	175.7546	316.5397	57.4156	72.1143	0.4806	0.4031	69.4344
82.3297	5999.0000	-0.2300	0.5279	0.0000	213.1530	179.9100	230.7550	1.5859	194.1900	61.7735	NOT CONNECTED	0.0000	500.0000	0.0000	6034.9101	0.0930	0.0757	0.0700	0.0696	0.3555	0.2283	0.2582	0.3271	-3.8718	175.7546	316.5397	57.4156	72.1143	0.4806	0.4031	69.4344
82.9508	6035.0000	-0.0620	0.5318	0.0000	213.1840	180.5700	230.7530	1.5907	194.8900	61.7028	NOT CONNECTED	0.0000	500.0000	0.0000	5997.7428	0.0835	0.1185	0.0697	0.0707	0.4146	0.1804	0.3096	0.2420	-0.3461	173.6957	316.2000	63.6651	72.0789	0.4390	0.3401	69.3335
83.1511	6035.0000	-0.0620	0.5318	0.0000	213.1840	180.5700	230.7530	1.5907	194.8900	61.7028	NOT CONNECTED	0.0000	500.0000	0.0000	5997.7428	0.0835	0.1185	0.0697	0.0707	0.4146	0.1804	0.3096	0.2420	-0.3461	173.6957	316.2000	63.6651	72.0789	0.4390	0.3401	69.3335
83.5559	6000.0000	-0.0490	0.3318	0.0000	219.7420	60.5400	230.8030	0.6642	70.0200	61.7298	NOT CONNECTED	0.0000	500.0000	0.0000	6005.3617	0.0888	0.0828	0.0707	0.0699	0.3361	0.2095	0.4915	0.3116	-3.8545	172.3182	315.9313	66.6646	72.0424	0.4916	0.3481	69.2205
83.8997	6000.0000	-0.0490	0.3318	0.0000	219.7420	60.5400	230.8030	0.6642	70.0200	61.7298	NOT CONNECTED	0.0000	500.0000	0.0000	6007.4553	0.1213	0.0747	0.0710	0.0708	0.4464	0.3006	0.3206	0.2958	4.3677	177.1022	315.9385	65.8846	72.0095	0.4423	0.3469	69.2205
84.1615	6000.0000	-0.0490	0.3318	0.0000	219.7420	60.5400	230.8030	0.6642	70.0200	61.7298	NOT CONNECTED	0.0000	500.0000	0.0000	6007.4553	0.1213	0.0747	0.0710	0.0708	0.4464	0.3006	0.3206	0.2958	4.3677	177.1022	315.9385	65.8846	72.0095	0.4423	0.3469	69.2205
84.6393	5991.0000	-0.0530	0.3359	0.0000	219.5360	63.5700	230.7840	0.6931	73.1900	61.7219	NOT CONNECTED	0.0000	500.0000	0.0000	5999.0973	0.1206	0.1037	0.0699	0.0699	0.4679	0.2701	0.2830	0.3369	14.3507	173.9594	315.8604	66.7072	71.9777	0.4467	0.3463	69.1047
84.7674	5991.0000	-0.0530	0.3359	0.0000	219.5360	63.5700	230.7840	0.6931	73.1900	61.7219	NOT CONNECTED	0.0000	500.0000	0.0000	5999.0973	0.1206	0.1037	0.0699	0.0699	0.4679	0.2701	0.2830	0.3369	14.3507	173.9594	315.8604	66.7072	71.9777	0.4467	0.3463	69.1047
85.3723	6006.0000	-0.0520	0.3327	0.0000	219.4370	63.7600	230.7770	0.6904	73.3500	61.6535	NOT CONNECTED	0.0000	500.0000	0.0000	6005.8583	0.0903	0.0801	0.0711	0.0703	0.3396	0.2427	0.3781	0.1817	-0.6071	178.2336	315.7996	65.4658	71.9455	0.4090	0.3423	68.9895
85.3894	6006.0000	-0.0520	0.3327	0.0000	219.4370	63.7600	230.7770	0.6904	73.3500	61.6535	NOT CONNECTED	0.0000	500.0000	0.0000	6005.8583	0.0903	0.0801	0.0711	0.0703	0.3396	0.2427	0.3781	0.1817	-0.6071	178.2336	315.7996	65.4658	71.9455	0.4090	0.3423	68.9895
85.9940	6004.0000	-0.0540	0.3325	0.0000	219.4270	63.4700	230.7880	0.6882	73.0900	61.6459	NOT CONNECTED	0.0000	500.0000	0.0000	6002.8543	0.1130	0.0451	0.0710	0.0603	-0.1801	0.3452	0.4984	0.2091	-5.3198	124.1231	316.5428	41.6138	71.9135	0.5279	0.3361	68.9895
86.1329	6004.0000	-0.0540	0.3325	0.0000	219.4270	63.4700	230.7880	0.6882	73.0900	61.6459	NOT CONNECTED	0.0000	500.0000	0.0000	6002.8543	0.1130	0.0451	0.0710	0.0603	-0.1801	0.3452	0.4984	0.2091	-5.3198	124.1231	316.5428	41.6138	71.9135	0.5279	0.3361	68.9895
86.6007	5988.0000	-0.0480	0.3326	0.0000	219.3790	63.4600	230.7710	0.6842	73.0200	61.5691	NOT CONNECTED	0.0000	500.0000	0.0000	5782.4540	-0.0520	-0.0000	0.0351	0.0348	-1.5535	-0.1758	-2.0745	-0.0281	-7.4963	83.9623	317.7256	24.8356	71.9902	1.3372	1.2035	68.8744
86.8786	5988.0000	-0.0480	0.3326	0.0000	219.3790	63.4600	230.7710	0.6842	73.0200	61.5691	NOT CONNECTED	0.0000	500.0000	0.0000	5782.4540	-0.0520	-0.0000	0.0351	0.0348	-1.5535	-0.1758	-2.0745	-0.0281	-7.4963	83.9623	317.7256	24.8356	71.9902	1.3372	1.2035	68.8744
87.1904	5988.0000	-0.0480	0.3326	0.0000	219.3790	63.4600	230.7710	0.6842	73.0200	61.5691	NOT CONNECTED	0.0000	500.0000	0.0000	5520.1759	0.0425	-0.0000	0.0351	0.0348	-2.1558	0.2005	-1.4706	0.0882	-11.0910	71.9738	317.7201	27.4780	72.2422	1.2844	1.1914	68.8744
87.6231	5694.0000	0.0180	1.1738	0.0000	112.6620	24.8800	230.8040	0.4066	39.8000	61.5791	NOT CONNECTED	0.0000	500.0000	0.0000	5262.7500	-0.0528	-0.0000	0.0351	0.0348	-1.0709	-0.2998	-1.7316	0.0676	-10.6013	69.0232	317.6187	27.4380	72.4734	1.0760	1.2002	68.8548
87.7960	5694.0000	0.0180	1.1738	0.0000	112.6620	24.8800	230.8040	0.4066	39.8000	61.5791	NOT CONNECTED	0.0000	500.0000	0.0000	5262.7500	-0.0528	-0.0000	0.0351	0.0348	-1.0709	-0.2998	-1.7316	0.0676	-10.6013	69.0232	317.6187	27.4380	72.4734	1.0760	1.2002	68.8548
88.3696	5351.0000	0.0140	1.1967	0.0000	102.7020	23.5400	230.7930	0.3929	38.2900	61.5760	NOT CONNECTED	0.0000	500.0000	0.0000	4990.6761	0.0445	-0.0000	0.0349	0.0348	-2.2242	0.2358	-2.1106	0.0938	-13.0136	64.8560	317.6538	26.5996	72.7194	1.8440	1.2016	68.9862
88.4013	5351.0000	0.0140	1.1967	0.0000	102.7020	23.5400	230.7930	0.3929	38.2900	61.5760	NOT CONNECTED	0.0000	500.0000	0.0000	4990.6761	0.0445	-0.0000	0.0349	0.0348	-2.2242	0.2358	-2.1106	0.0938	-13.0136	64.8560	317.6538	26.5996	72.7194	1.8440	1.2016	68.9862
89.0073	5036.0000	0.0120	1.2062	0.0000	98.7320	23.7300	230.7930	0.3947	38.5600	61.6163	NOT CONNECTED	0.0000	500.0000	0.0000	4733.2659	-0.0280	-0.0000	0.0350	0.0348	-1.5162	-0.0906	-2.2101	0.0268	-10.3697	65.8146	317.6402	25.9985	72.9478	1.2669	1.2129	68.9862
89.1079	5036.0000	0.0120	1.2062	0.0000	98.7320	23.7300	230.7930	0.3947	38.5600	61.6163	NOT CONNECTED	0.0000	500.0000	0.0000	4733.2659	-0.0280	-0.0000	0.0350	0.0348	-1.5162	-0.0906	-2.2101	0.0268	-10.3697	65.8146	317.6402	25.9985	72.9478	1.2669	1.2129	68.9862
89.6125	4734.0000	0.0110	1.2076	0.0000	90.9000	23.9600	230.7930	0.3945	38.7100	61.6858	NOT CONNECTED	0.0000	500.0000	0.0000	4493.1961	-0.0378	-0.0000	0.0348	0.0348	-1.4909	-0.1204	-1.0850	-0.1414	-10.1312	72.9047	318.9353	17.9657	73.1746	0.8986	1.2113	69.1125
89.8523	4734.0000	0.0110	1.2076	0.0000	90.9000	23.9600	230.7930	0.3945	38.7100	61.6858	NOT CONNECTED	0.0000	500.0000	0.0000	4493.1961	-0.0378	-0.0000	0.0348	0.0348	-1.4909	-0.1204	-1.0850	-0.1414	-10.1312	72.9047	318.9353	17.9657	73.1746	0.8986	1.2113	69.1125
90.2183	4734.0000	0.0110	1.2076	0.0000	90.9000	23.9600	230.7930	0.3945	38.7100	61.6858	NOT CONNECTED	0.0000	500.0000	0.0000	4172.7308	-0.0024	-0.0000	0.0349	0.0348	-1.7987	0.0746	-2.3701	0.0749	-14.2017	52.6863	318.5144	17.0434	73.4012	1.4904	1.2002	69.1125
90.6002	4395.0000	0.0420	1.2125	0.0000	87.1360	22.0600	230.7980	0.3800	36.9500	61.7772	NOT CONNECTED	0.0000	500.0000	0.0000	3766.1073	-0.1190	-0.0892	0.0350	0.0348	-1.1044	-0.5199	-1.8076	-0.0269	-11.1304	59.4822	318.9090	15.7385	73.6175	2.0007	1.2359	69.2397
90.8237	4395.0000	0.0420	1.2125	0.0000	87.1360	22.0600	230.7980	0.3800	36.9500	61.7772	NOT CONNECTED	0.0000	500.0000	0.0000	3766.1073	-0.1190	-0.0892	0.0350	0.0348	-1.1044	-0.5199	-1.8076	-0.0269	-11.1304	59.4822	318.9090	15.7385	73.6175	2.0007	1.2359	69.2397
91.3602	4024.0000	0.0530	1.2331	0.0000	78.7080	14.5900	230.8030	0.3123	29.4000	61.8669	NOT CONNECTED	0.0000	500.0000	0.0000	3437.9610	0.0299	-0.0000	0.0352	0.0355	-2.4147	0.1363	-0.8080	-0.1570	-14.6312	63.9419	319.0347	11.9701	73.8475	1.2500	1.2465	69.3638
91.4285	4024.0000	0.0530	1.2331	0.0000	78.7080	14.5900	230.8030	0.3123	29.4000	61.8669	NOT CONNECTED	0.0000	500.0000	0.0000	3437.9610	0.0299	-0.0000	0.0352	0.0355	-2.4147	0.1363	-0.8080	-0.1570	-14.6312	63.9419	319.0347	11.9701	73.8475	1.2500	1.2465	69.3638
92.0355	3562.0000	0.0530	1.2448	0.0000	73.4910	9.9600	230.8080	0.2676	24.5400	62.0112	NOT CONNECTED	0.0000	500.0000	0.0000	3111.5527	-0.0698	-0.0000	0.0347	0.0348	-1.0795	-0.3756	-1.3624	-0.1719	-10.4353	46.7635	318.8223	16.6963	74.0659	1.1759	1.2548	69.3638
92.1123	3562.0000	0.0530	1.2448	0.0000	73.4910	9.9600	230.8080	0.2676	24.5400	62.0112	NOT CONNECTED	0.0000	500.0000	0.0000	3111.5527	-0.0698	-0.0000	0.0347	0.0348	-1.0795	-0.3756	-1.3624	-0.1719	-10.4353	46.7635	318.8223	16.6963	74.0659	1.1759	1.2548	69.3638
92.6398	3088.0000	0.0560	1.2490	0.0000	61.7520	8.2800	230.8020	0.2466	22.5300	62.1217	NOT CONNECTED	0.0000	500.0000	0.0000	2704.5116	-0.0844	-0.1139	0.0355	0.0348	-0.9101	-0.4807	-2.2716	0.0023	-10.7602	35.9508	318.3940	19.0358	74.2743	2.3856	1.2317	69.4852
92.8533	3088.0000	0.0560	1.2490	0.0000	61.7520	8.2800	230.8020	0.2466	22.5300	62.1217	NOT CONNECTED	0.0000	500.0000	0.0000	2704.5116	-0.0844	-0.1139	0.0355	0.0348	-0.9101	-0.4807	-2.2716	0.0023	-10.7602	35.9508	318.3940	19.0358	74.2743	2.3856	1.2317	69.4852
93.6001	2679.0000	0.0510	1.2275	0.0000	55.9460	13.7300	230.7980	0.2927	27.6200	62.3042	NOT CONNECTED	0.0000	500.0000	0.0000	2100.8318	-0.0228	0.0117	0.0347	0.0348	-1.2569	-0.1118	-1.5606	-0.0678	-7.6576	34.0292	318.0761	18.9715	74.6379	1.7453	1.2295	69.6000
93.7567	2679.0000	0.0510	1.2275	0.0000	55.9460	13.7300	230.7980	0.2927	27.6200	62.3042	NOT CONNECTED	0.0000	500.0000	0.0000	2100.8318	-0.0228	0.0117	0.0347	0.0348	-1.2569	-0.1118	-1.5606	-0.0678	-7.6576	34.0292	318.0761	18.9715	74.6379	1.7453	1.2295	69.6000
94.3605	2297.0000	0.0470	1.2263	0.0000	46.4780	16.1800	230.8010	0.3127	29.8500	62.4434	NOT CONNECTED	0.0000	500.0000	0.0000	1815.4698	-0.0209	-0.0598	0.0351	0.0348	-1.0192	-0.1015	-2.3100	-0.0513	-8.3344	29.7486	317.9396	21.0413	74.8215	2.2375	1.2271	69.7101
94.3625	2297.0000	0.0470	1.2263	0.0000	46.4780	16.1800	230.8010	0.3127	29.8500	62.4434	NOT CONNECTED	0.0000	500.0000	0.0000	1815.4698	-0.0209	-0.0598	0.0351	0.0348	-1.0192	-0.1015	-2.3100	-0.0513	-8.3344	29.7486	317.9396	21.0413	74.8215	2.2375	1.2271	69.7101
94.9679	1907.0000	0.0480	1.2217	0.0000	41.9110	17.5400	230.8000	0.3230	31.0400	62.6101	NOT CONNECTED	0.0000	500.0000	0.0000	1486.0103	-0.1648	0.0468	0.0347	0.0356	-2.0798	-0.7370	-1.3563	0.1254	-11.3928	25.8482	317.7751	21.7381	75.0058	1.8413	1.2184	69.7101
95.1161	1907.0000	0.0480	1.2217	0.0000	41.9110	17.5400	230.8000	0.3230	31.0400	62.6101	NOT CONNECTED	0.0000	500.0000	0.0000	1486.0103	-0.1648	0.0468	0.0347	0.0356	-2.0798	-0.7370	-1.3563	0.1254	-11.3928	25.8482	317.7751	21.7381	75.0058	1.8413	1.2184	69.7101
95.5737	1521.0000	0.0510	1.2120	0.0000	32.7390	18.8600	230.7910	0.3315	32.0900	62.7925	NOT CONNECTED	0.0000	500.0000	0.0000	1230.0364	-0.1292	-0.1197	0.0351	0.0355	-1.5675	-0.6151	-1.3255	0.0724	-9.9175	17.6008	318.0713	20.1277	75.1754	1.3041	1.1895	69.8136
95.8568	1521.0000	0.0510	1.2120	0.0000	32.7390	18.8600	230.7910	0.3315	32.0900	62.7925	NOT CONNECTED	0.0000	500.0000	0.0000	1230.0364	-0.1292	-0.1197	0.0351	0.0355	-1.5675	-0.6151	-1.3255	0.0724	-9.9175	17.6008	318.0713	20.1277	75.1754	1.3041	1.1895	69.8136
96.1793	1521.0000	0.0510	1.2120	0.0000	32.7390	18.8600	230.7910	0.3315	32.0900	62.7925	NOT CONNECTED	0.0000	500.0000	0.0000	885.8221	-0.1148	0.0266	0.0351	0.0353	-1.4950	-0.5339	-1.9231	-0.3112	-9.5167	9.7928	317.8210	21.2646	75.3217	1.9258	1.1790	69.8136
96.6036	1129.0000	0.0520	1.2066	0.0000	28.3640	19.6000	230.7890	0.3360	32.6400	62.9700	NOT CONNECTED	0.0000	500.0000	0.0000	609.4873	-0.0838	-0.0681	0.0352	0.0351	-1.6575	-0.3860	-1.6963	-0.0190	-11.9384	8.2770	317.7478	21.6098	75.4561	1.7168	1.1594	69.9081
96.7691	1129.0000	0.0520	1.2066	0.0000	28.3640	19.6000	230.7890	0.3360	32.6400	62.9700	NOT CONNECTED	0.0000	500.0000	0.0000	609.4873	-0.0838	-0.0681	0.0352	0.0351	-1.6575	-0.3860	-1.6963	-0.0190	-11.9384	8.2770	317.7478	21.6098	75.4561	1.7168	1.1594	69.9081
97.3587	757.0000	0.0510	1.1615	0.0000	19.2680	20.4400	230.7840	0.3401	33.0300	63.1843	NOT CONNECTED	0.0000	500.0000	0.0000	316.3835	0.0436	-0.0665	0.0355	0.0352	-1.5961	0.2094	-1.6697	-0.0690	-11.3519	3.2621	317.3859	31.1311	75.5736	1.6399	1.1709	69.9081
97.3600	757.0000	0.0510	1.1615	0.0000	19.2680	20.4400	230.7840	0.3401	33.0300	63.1843	NOT CONNECTED	0.0000	500.0000	0.0000	316.3835	0.0436	-0.0665	0.0355	0.0352	-1.5961	0.2094	-1.6697	-0.0690	-11.3519	3.2621	317.3859	31.1311	75.5736	1.6399	1.1709	69.9081
97.9631	373.0000	0.0520	1.1437	0.0000	15.8690	21.0200	230.7850	0.3438	33.3700	63.3415	NOT CONNECTED	0.0000	500.0000	0.0000	0.0000	0.0000	0.0000	0.0672	0.0354	-1.8715	0.2953	-1.8904	0.1268	-11.8909	4.7062	321.8452	0.0000	75.6475	1.8947	0.0947	69.9914
98.1142	373.0000	0.0520	1.1437	0.0000	15.8690	21.0200	230.7850	0.3438	33.3700	63.3415	NOT CONNECTED	0.0000	500.0000	0.0000	0.0000	0.0000	0.0000	0.0672	0.0354	-1.8715	0.2953	-1.8904	0.1268	-11.8909	4.7062	321.8452	0.0000	75.6475	1.8947	0.0947	69.9914
98.5688	21.0000	0.0070	0.1038	0.0000	1.4050	-0.1200	230.8000	0.0381	2.1900	63.4605	NOT CONNECTED	0.0000	500.0000	0.0000	0.0000	0.0000	0.0000	0.0672	0.0354	-1.8715	0.2953	-1.8904	0.1268	-11.8909	4.7062	321.7884	0.0000	75.4662	1.8947	0.0058	70.0320
98.8577	21.0000	0.0070	0.1038	0.0000	1.4050	-0.1200	230.8000	0.0381	2.1900	63.4605	NOT CONNECTED	0.0000	500.0000	0.0000	0.0000	0.0000	0.0000	0.0672	0.0354	-1.8715	0.2953	-1.8904	0.1268	-11.8909	4.7062	321.7884	0.0000	75.4662	1.8947	0.0058	70.0320
99.1752	21.0000	0.0070	0.1038	0.0000	1.4050	-0.1200	230.8000	0.0381	2.1900	63.4605	NOT CONNECTED	0.0000	500.0000	0.0000	0.0000	0.0000	0.0000	0.0672	0.0354	-1.8715	0.2953	-1.8904	0.1268	-11.8909	4.7062	321.8087	0.0000	75.3012	1.8947	0.0055	70.0320
99.5929	0.0000	-0.0140	0.0148	0.0000	0.7500	-0.0400	230.7840	0.0345	2.0800	63.5813	NOT CONNECTED	0.0000	500.0000	0.0000	0.0000	0.0000	0.0000	0.0672	0.0354	-1.8715	0.2953	-1.8904	0.1268	0.0000	0.0000	321.7911	0.0000	75.1441	1.8947	0.0051	69.9855
99.7653	0.0000	-0.0140	0.0148	0.0000	0.7500	-0.0400	230.7840	0.0345	2.0800	63.5813	NOT CONNECTED	0.0000	500.0000	0.0000	0.0000	0.0000	0.0000	0.0672	0.0354	-1.8715	0.2953	-1.8904	0.1268	0.0000	0.0000	321.7911	0.0000	75.1441	1.8947	0.0051	69.9855
100.3579	0.0000	-0.0140	0.0148	0.0000	0.7500	-0.0400	230.7680	0.0338	2.0300	63.6260	NOT CONNECTED	0.0000	500.0000	0.0000	0.0000	0.0000	0.0000	0.0672	0.0354	-1.8715	0.2953	-1.8904	0.1268	0.0000	0.0000	321.7735	0.0000	74.9939	1.8947	0.0049	69.9390
100.3705	0.0000	-0.0140	0.0148	0.0000	0.7500	-0.0400	230.7680	0.0338	2.0300	63.6260	NOT CONNECTED	0.0000	500.0000	0.0000	0.0000	0.0000	0.0000	0.0672	0.0354	-1.8715	0.2953	-1.8904	0.1268	0.0000	0.0000	321.7735	0.0000	74.9939	1.8947	0.0049	69.9390
100.9756	0.0000	-0.0140	0.0148	0.0000	0.7500	-0.0400	230.7630	0.0330	1.9500	63.6727	NOT CONNECTED	0.0000	500.0000	0.0000	0.0000	0.0000	0.0000	0.0672	0.0354	-1.8715	0.2953	-1.8904	0.1268	0.0000	0.0000	321.7938	0.0000	74.8500	1.8947	0.0050	69.9390
101.0911	0.0000	-0.0140	0.0148	0.0000	0.7500	-0.0400	230.7630	0.0330	1.9500	63.6727	NOT CONNECTED	0.0000	500.0000	0.0000	0.0000	0.0000	0.0000	0.0672	0.0354	-1.8715	0.2953	-1.8904	0.1268	0.0000	0.0000	321.7938	0.0000	74.8500	1.8947	0.0050	69.9390
101.5813	0.0000	-0.0140	0.0148	0.0000	0.7500	-0.0400	230.7470	0.0329	1.9600	63.6833	NOT CONNECTED	0.0000	500.0000	0.0000	0.0000	0.0000	0.0000	0.0672	0.0354	-1.8715	0.2953	-1.8904	0.1268	0.0000	0.0000	321.7383	0.0000	74.7117	1.8947	0.0049	69.8927
101.8482	0.0000	-0.0140	0.0148	0.0000	0.7500	-0.0400	230.7470	0.0329	1.9600	63.6833	NOT CONNECTED	NOT CONNECTED	NOT CONNECTED	NOT CONNECTED	NOT CONNECTED	NOT CONNECTED	NOT CONNECTED	NOT CONNECTED	NOT CONNECTED	NOT CONNECTED	NOT CONNECTED	NOT CONNECTED	NOT CONNECTED	NOT CONNECTED	NOT CONNECTED	NOT CONNECTED	NOT CONNECTED	NOT CONNECTED	NOT CONNECTED	NOT CONNECTED	NOT CONNECTED
