WindyBPMp50_OrcaH34_Dyno_High_Speed_Torque__264Vac_40C_Yongchang_B3Y02_20250414_121533
Report created on: 2025/04/14: 15:04:58


Step N. = 	0
Target Speed = 	18000

Speed Mainboard (rpm_M)	Speed TestBench (rpm_M)	Speed Error (rpm_M)	Speed Error %	Torque TestBench (Nm_M)	Torque Ref (Nm)	Torque MainBoard (Nm_M)	Torque MainBoard Error (Nm_M)	Torque MainBoard Error %	Flux Ref (V/rad/s)	Flux (V/rad/s)	Id * Iq (A^2)	Id (Apeak)	Iq (Apeak)	Id Rotor (Apeak)	Iq Rotor (Apeak)	IMotor Measured (Arms)	IMotor MainBoard (Arms)	IMotor Error (Arms)	IMotor Error %	Motor Current THD %	Vsdref (Vpeak)	Vsqref (Vpeak)	Vout MainBoard (Vrms)	Vout Measured (Vrms)	Vout Error (Vrms)	Vout Error %	Motor Power MainBoard (W)	Motor Power Measured (W)	Motor Power Error (W)	Motor Power Error %	Line Voltage (Vrms)	Line Current (Arms)	Line Power (W)	Line Power Factor	Bulk Ripple (V)	DC Bus Voltage (Vrms)	Motor Mechanical Power (W)	Motor Efficiency	Inverter Efficiency	Overall Efficiency	Temperature (deg C)	Estimated Temperature (deg C)	Motor cos-phi	Electrical Power Alpha-Beta [W]	Electrical Power Error [W]	Electrical Power Error [%]	Bus Voltage Usage [%]	Rotational Losses [W]	Kt [Nm/Arms]	
17997.2579	17997.2579	0.0000	0.0000	0.2161	0.2717	0.2510	-0.0349	-16.1555	0.0231	0.0240	-4.3453	-2.4594	1.7775	-3.0770	0.3299	2.1815	2.1513	0.0302	1.3851	0.0000	-17.9661	217.2683	267.0402	242.2808	-24.7594	-10.2193	646.2671	577.8588	-68.4084	-11.8382	264.6759	3.1300	610.7912	0.7373	nan	237.4418	407.3232	70.4883	94.6082	66.6877	45.5532	62.8230	0.6312	629.6286	-51.7698	-8.9589	102.0380	85.5062	0.0991	
18001.1414	18001.1414	0.0000	0.0000	0.2154	0.2653	0.2667	-0.0514	-23.8522	0.0231	0.0239	-4.8075	-2.4931	1.9359	-3.1841	0.3342	2.1779	2.1569	0.0210	0.9646	0.0000	-15.2884	217.9793	267.6569	242.5962	-25.0607	-10.3302	690.0224	574.9000	-115.1224	-20.0248	264.8357	3.1149	607.4650	0.7364	nan	237.8036	405.9982	70.6207	94.6392	66.8349	47.3687	63.8711	0.6282	624.7061	-49.8061	-8.6634	102.0154	83.5849	0.0989	
17999.4148	17999.4148	0.0000	0.0000	0.2171	0.2652	0.2466	-0.0295	-13.5730	0.0230	0.0234	-4.7162	-2.5669	1.8396	-3.1297	0.3463	2.1790	2.1503	0.0288	1.3202	0.0000	-13.1872	218.2758	267.8410	242.9751	-24.8659	-10.2339	653.2584	578.6689	-74.5895	-12.8898	264.9067	3.1315	611.1956	0.7368	nan	237.9762	409.2316	70.7194	94.6782	66.9559	49.0453	64.9154	0.6310	622.9281	-44.2593	-7.6485	102.1006	83.5013	0.0996	
17998.5382	17998.5382	0.0000	0.0000	0.2240	0.2725	0.2650	-0.0410	-18.2935	0.0231	0.0235	-4.9695	-2.5852	1.9362	-3.1700	0.3728	2.1964	2.1540	0.0424	1.9299	0.0000	-21.6400	211.5434	260.5956	241.9714	-18.6241	-7.6968	699.9235	607.9100	-92.0135	-15.1360	264.8743	3.2760	642.0378	0.7399	nan	237.7840	422.1949	69.4513	94.6845	65.7597	50.5544	65.9422	0.6604	641.2808	-33.3708	-5.4894	101.7610	97.9174	0.1020	
18002.8664	18002.8664	0.0000	0.0000	0.2404	0.2868	0.2818	-0.0414	-17.2109	0.0228	0.0238	-4.9096	-2.3654	2.0897	-3.1260	0.3943	2.2156	2.1916	0.0239	1.0809	0.0000	-21.0935	211.0368	259.9710	240.9527	-19.0183	-7.8930	739.0310	636.4522	-102.5788	-16.1173	264.7182	3.4191	672.1611	0.7426	nan	236.9904	453.2986	71.2219	94.6874	67.4382	51.9988	67.0555	0.6883	680.5153	-44.0630	-6.9232	101.6719	93.3455	0.1085	
18011.3448	18011.3448	0.0000	0.0000	0.2485	0.2827	0.2783	-0.0298	-12.0088	0.0225	0.0243	-4.8607	-2.3546	2.0624	-3.0115	0.4207	2.2213	2.2016	0.0197	0.8879	0.0000	-11.5947	210.7960	258.8197	240.4423	-18.3775	-7.6432	693.8563	648.2525	-45.6038	-7.0349	264.5018	3.4796	684.4925	0.7437	nan	236.6303	468.7070	72.3025	94.7055	68.4745	53.4142	68.1667	0.7007	692.9972	-44.7447	-6.9024	101.6109	88.8052	0.1119	
17998.1534	17998.1534	0.0000	0.0000	0.2592	0.3065	0.3060	-0.0468	-18.0441	0.0225	0.0227	-5.3613	-2.3271	2.3165	-3.2502	0.3975	2.2268	2.2043	0.0226	1.0127	0.0000	-16.1620	215.7850	265.0664	240.0914	-24.9750	-10.4023	806.8695	659.6344	-147.2350	-22.3207	264.4913	3.5354	696.4211	0.7448	nan	236.3630	488.5728	74.0671	94.7178	70.1547	54.6797	69.1808	0.7123	709.2669	-49.6325	-7.5242	101.5774	79.4547	0.1164	
17991.0428	17991.0428	0.0000	0.0000	0.2686	0.3207	0.2932	-0.0246	-9.1771	0.0227	0.0234	-4.9073	-2.2918	2.1436	-3.0815	0.4285	2.2345	2.2136	0.0208	0.9327	0.0000	-12.9114	208.8666	256.3270	239.9980	-16.3290	-6.8038	713.1300	673.7586	-39.3714	-5.8436	264.7143	3.6024	711.4100	0.7460	nan	236.3808	505.9934	75.1001	94.7075	71.1254	55.8321	70.1637	0.7254	716.6216	-42.8630	-6.3618	101.5302	75.1479	0.1202	
17999.7424	17999.7424	0.0000	0.0000	0.2770	0.3208	0.3037	-0.0267	-9.6444	0.0229	0.0224	-5.1011	-2.3099	2.2067	-3.2576	0.4577	2.2561	2.2229	0.0332	1.4697	0.0000	-18.7669	211.5363	260.3096	238.9572	-21.3524	-8.9356	765.5812	703.9680	-61.6132	-8.7523	264.8559	3.7516	743.6040	0.7484	nan	236.2053	522.1252	74.1707	94.6698	70.2173	57.0232	71.2318	0.7539	744.8425	-40.8745	-5.8063	101.1651	87.0195	0.1228	
17999.6774	17999.6774	0.0000	0.0000	0.2887	0.3395	0.3166	-0.0280	-9.6871	0.0225	0.0234	-5.1236	-2.2392	2.2951	-3.1322	0.5054	2.2799	2.2550	0.0249	1.0923	0.0000	-20.3418	206.6096	254.5373	237.9148	-16.6225	-6.9867	778.0279	736.5689	-41.4590	-5.6287	264.6728	3.9150	778.2722	0.7511	nan	235.5589	544.1120	73.8706	94.6416	69.9122	58.3143	72.3547	0.7840	782.8108	-46.2419	-6.2780	101.0001	95.1768	0.1266	
18001.9925	18001.9925	0.0000	0.0000	0.2997	0.3472	0.3489	-0.0492	-16.4089	0.0234	0.0216	-5.3127	-2.1572	2.4764	-3.2476	0.4846	2.2943	2.2838	0.0105	0.4566	0.0000	-16.9749	212.1085	260.6618	237.0665	-23.5953	-9.9530	841.9416	750.9200	-91.0216	-12.1213	264.4265	3.9914	793.6825	0.7520	nan	235.0737	565.0772	75.2516	94.6121	71.1972	59.5493	73.5056	0.7971	808.7399	-57.8199	-7.6999	100.8477	86.8966	0.1306	
17996.1934	17996.1934	0.0000	0.0000	0.3098	0.3610	0.3473	-0.0375	-12.1138	0.0223	0.0219	-5.2040	-1.9931	2.6351	-3.2778	0.5022	2.3006	2.2846	0.0160	0.6956	0.0000	-17.9748	208.9425	256.8998	236.8183	-20.0815	-8.4797	879.8020	764.8289	-114.9731	-15.0325	264.6452	4.0566	808.3278	0.7529	nan	234.9805	583.7947	76.3301	94.6187	72.2225	60.7224	74.5832	0.8105	819.1077	-54.2788	-7.0969	100.7821	81.1349	0.1347	
17999.3637	17999.3637	0.0000	0.0000	0.3190	0.3638	0.3667	-0.0477	-14.9550	0.0233	0.0217	-4.8245	-1.8990	2.5677	-3.2903	0.4702	2.3115	2.2940	0.0175	0.7553	0.0000	-14.3869	215.1281	264.0797	236.6191	-27.4605	-11.6054	868.6423	779.2144	-89.4278	-11.4767	264.8279	4.1269	823.7200	0.7537	nan	235.0899	601.2799	77.1649	94.5970	72.9957	61.8751	75.6370	0.8225	830.9376	-51.7231	-6.6379	100.6505	76.6753	0.1380	
17998.0726	17998.0726	0.0000	0.0000	0.3287	0.3755	0.3447	-0.0160	-4.8635	0.0219	0.0217	-4.9757	-1.8941	2.6523	-3.3071	0.5060	2.3366	2.3148	0.0217	0.9308	0.0000	-9.0999	208.3604	255.5857	235.5952	-19.9904	-8.4851	852.4040	806.1700	-46.2340	-5.7350	264.7115	4.2642	852.8000	0.7555	nan	234.7452	619.6124	76.8586	94.5321	72.6561	63.0496	76.6836	0.8455	851.9820	-45.8120	-5.6827	100.3621	82.6628	0.1407	
18000.6155	18000.6155	0.0000	0.0000	0.3393	0.3875	0.3606	-0.0213	-6.2634	0.0222	0.0230	-4.9244	-1.8656	2.7034	-3.1754	0.5097	2.3743	2.3462	0.0281	1.1838	0.0000	-10.9031	211.7252	259.7925	234.1087	-25.6838	-10.9709	889.3702	840.2100	-49.1602	-5.8509	264.5040	4.4420	889.7267	0.7573	nan	234.1740	639.6500	76.1309	94.4346	71.8939	64.2167	77.7713	0.8727	888.9536	-48.7436	-5.8014	99.9722	92.8397	0.1429	
18000.6543	18000.6543	0.0000	0.0000	0.3501	0.4025	0.3739	-0.0238	-6.7897	0.0220	0.0210	-5.0823	-1.8314	2.8024	-3.4067	0.5553	2.3986	2.3617	0.0370	1.5409	0.0000	-10.8372	202.5199	248.8325	233.1879	-15.6446	-6.7090	881.5631	861.8338	-19.7293	-2.2892	264.3650	4.5554	913.1550	0.7583	nan	233.7064	659.9940	76.5800	94.3798	72.2761	65.5064	78.9467	0.8896	913.3400	-51.5062	-5.9764	99.7781	91.4125	0.1460	
17998.6077	17998.6077	0.0000	0.0000	0.3592	0.4154	0.4032	-0.0440	-12.2352	0.0212	0.0229	-4.3457	-1.4185	3.2129	-3.3590	0.5474	2.4215	2.4083	0.0132	0.5438	0.0000	-11.5433	206.5710	253.5746	232.4296	-21.1450	-9.0974	1021.2382	878.6667	-142.5716	-16.2259	264.4088	4.6447	931.5789	0.7586	nan	233.3316	677.0648	77.0559	94.3202	72.6792	66.7779	80.1718	0.9013	938.5284	-59.8617	-6.8128	99.6134	88.5617	0.1483	
17999.2479	17999.2479	0.0000	0.0000	0.3698	0.4234	0.3891	-0.0193	-5.2122	0.0212	0.0219	-4.5413	-1.5403	3.0423	-3.3939	0.5803	2.4359	2.4107	0.0252	1.0327	0.0000	3.2134	198.0285	243.1124	232.0020	-11.1104	-4.7889	895.3749	893.2970	-2.0779	-0.2326	264.4943	4.7189	947.5690	0.7592	nan	233.2412	697.0274	78.0293	94.2725	73.5602	68.1097	81.3927	0.9126	950.6760	-57.3790	-6.4233	99.4687	81.3571	0.1518	
18000.8433	18000.8433	0.0000	0.0000	0.3800	0.4334	0.4192	-0.0392	-10.3263	0.0212	0.0215	-3.6473	-1.1569	3.3077	-3.4436	0.5617	2.4762	2.4491	0.0271	1.0944	0.0000	-11.6894	209.7441	257.3436	230.9313	-26.4123	-11.4373	1065.2417	919.1378	-146.1040	-15.8958	264.6429	4.8540	976.1756	0.7599	nan	233.1114	716.3167	77.9347	94.1571	73.3811	69.4219	82.5450	0.9280	980.7552	-61.6174	-6.7038	99.0648	83.5379	0.1535	
17997.7838	17997.7838	0.0000	0.0000	0.3894	0.4608	0.4387	-0.0493	-12.6483	0.0215	0.0213	-2.3642	-0.7997	3.4652	-3.6513	0.5645	2.5800	2.5142	0.0658	2.5519	0.0000	-9.0590	213.9214	262.4101	231.3382	-31.0718	-13.4313	1132.1616	962.1089	-170.0527	-17.6750	264.7492	5.4522	1030.9467	0.7142	nan	233.5478	733.9953	76.2907	93.3228	71.1966	70.9008	83.8063	0.9307	1010.6074	-48.4985	-5.0408	99.0544	97.9625	0.1509	
17999.4332	17999.4332	0.0000	0.0000	0.4003	0.4848	0.4701	-0.0698	-17.4270	0.0206	0.0221	-0.3369	-0.1215	3.7952	-3.4878	0.5612	2.6337	2.6153	0.0184	0.6992	0.0000	-17.5567	226.2449	278.0149	230.5950	-47.4199	-20.5641	1293.4800	988.8267	-304.6534	-30.8096	264.7267	5.5919	1060.9033	0.7167	nan	234.3616	754.5873	76.3116	93.2061	71.1269	72.5114	85.4031	0.9400	1030.1445	-41.3179	-4.1785	98.3929	97.8753	0.1520	
17991.6696	17991.6696	0.0000	0.0000	0.4127	0.4336	0.4417	-0.0290	-7.0260	0.0206	0.0206	-0.7593	-0.2939	3.5340	-3.8864	0.5990	2.6712	2.6708	0.0004	0.0140	0.0000	-0.4902	211.4849	259.9042	229.6427	-30.2615	-13.1777	1110.0137	1011.6956	-98.3181	-9.7182	264.5476	5.5634	1083.7233	0.7364	nan	233.3046	777.4996	76.8546	93.3531	71.7459	74.3488	87.0161	0.9522	1071.3245	-59.6290	-5.8940	98.4307	93.0502	0.1545	
17981.3579	17981.3579	0.0000	0.0000	0.4201	0.4976	0.4558	-0.0356	-8.4850	0.0208	0.0211	0.4531	0.0551	3.6279	-3.9032	0.6079	2.7476	2.7102	0.0374	1.3606	0.0000	-9.7402	209.2246	256.6455	228.8053	-27.8402	-12.1676	1129.8338	1038.7033	-91.1305	-8.7735	264.3596	5.5442	1112.5411	0.7591	nan	232.6170	791.0679	76.1596	93.3632	71.1051	76.1791	88.5327	0.9539	1076.3625	-37.6591	-3.6256	98.3616	97.3805	0.1529	
17866.7463	17866.7463	0.0000	0.0000	0.4298	0.5077	0.4481	-0.0183	-4.2661	0.0209	0.0203	-1.2870	-0.4451	3.5017	-3.9549	0.6472	2.7526	2.7566	-0.0040	-0.1443	0.0000	-6.7131	211.9641	259.8441	228.7832	-31.0608	-13.5765	1108.2281	1047.8967	-60.3314	-5.7574	264.3217	5.5890	1122.5467	0.7599	nan	231.9933	804.1087	76.7380	93.3501	71.6351	78.1634	90.2329	0.9607	1100.0791	-52.1824	-4.9797	98.6163	91.9865	0.1561	
17588.0109	17588.0109	0.0000	0.0000	0.4399	0.5175	0.4779	-0.0380	-8.6479	0.0208	0.0219	2.3978	0.6242	3.8105	-3.6344	0.6373	2.7611	2.7730	-0.0119	-0.4328	0.0000	-9.7639	204.2514	250.7895	228.6896	-22.0999	-9.6637	1166.6060	1047.0990	-119.5070	-11.4132	264.5188	5.5792	1122.1740	0.7604	nan	232.0943	810.2101	77.3768	93.3099	72.2002	80.1411	91.7466	0.9574	1107.9330	-60.8340	-5.8098	98.5330	83.1470	0.1593	
17199.2990	17199.2990	0.0000	0.0000	0.4523	0.4993	0.4737	-0.0215	-4.7486	0.0215	0.0211	-0.4129	-0.1944	3.6276	-3.8450	0.6555	2.7702	2.7726	-0.0025	-0.0900	0.0000	8.9537	211.9798	261.4999	228.4772	-33.0227	-14.4534	1171.1596	1056.7450	-114.4146	-10.8271	264.6200	5.6261	1133.0375	0.7611	nan	232.1524	814.5411	77.0845	93.2669	71.8946	82.0379	93.1096	0.9640	1111.8709	-55.1259	-5.2166	98.4170	86.4821	0.1633	
17077.7576	17077.7576	0.0000	0.0000	0.4556	0.5344	0.4822	-0.0267	-5.8590	0.0217	0.0224	-0.2673	-0.0892	3.7163	-3.7898	0.6497	2.7795	2.7926	-0.0131	-0.4712	0.0000	0.9268	201.7605	247.1872	228.5489	-18.6383	-8.1551	1125.5535	1062.9200	-62.6335	-5.8926	264.6761	5.6609	1140.3389	0.7611	nan	232.1063	814.7008	76.6503	93.2110	71.4465	83.7884	94.4084	0.9660	1127.4352	-64.5152	-6.0696	98.4673	90.5471	0.1639	
16736.6543	16736.6543	0.0000	0.0000	0.4700	0.5380	0.5148	-0.0448	-9.5258	0.0226	0.0221	2.1490	0.5986	3.7228	-3.9148	0.6881	2.8046	2.8176	-0.0130	-0.4643	0.0000	5.6233	203.8749	249.9465	228.4549	-21.4916	-9.4074	1148.9540	1070.4143	-78.5397	-7.3373	264.7046	5.7008	1149.3443	0.7616	nan	232.0559	823.7419	76.9624	93.1329	71.6776	85.5283	95.6574	0.9645	1140.7688	-70.3545	-6.5726	98.4482	85.2338	0.1676	
16521.7949	16521.7949	0.0000	0.0000	0.4798	0.5169	0.5005	-0.0207	-4.3157	0.0216	0.0215	2.0970	0.5173	3.8378	-4.1384	0.6701	2.8242	2.8233	0.0009	0.0311	0.0000	11.1539	198.3087	243.3277	228.0764	-15.2513	-6.6869	1149.7338	1073.7667	-75.9672	-7.0748	264.5998	5.7212	1153.7044	0.7621	nan	231.8901	830.0868	77.3059	93.0712	71.9495	87.1850	96.8950	0.9625	1140.7246	-66.9579	-6.2358	98.3554	79.0966	0.1699	

Torque compensated Offset = 	0
Mean Torque Mainboard Error perc = 	-11.026341557241148


Step N. = 	1
Target Speed = 	17780

Speed Mainboard (rpm_M)	Speed TestBench (rpm_M)	Speed Error (rpm_M)	Speed Error %	Torque TestBench (Nm_M)	Torque Ref (Nm)	Torque MainBoard (Nm_M)	Torque MainBoard Error (Nm_M)	Torque MainBoard Error %	Flux Ref (V/rad/s)	Flux (V/rad/s)	Id * Iq (A^2)	Id (Apeak)	Iq (Apeak)	Id Rotor (Apeak)	Iq Rotor (Apeak)	IMotor Measured (Arms)	IMotor MainBoard (Arms)	IMotor Error (Arms)	IMotor Error %	Motor Current THD %	Vsdref (Vpeak)	Vsqref (Vpeak)	Vout MainBoard (Vrms)	Vout Measured (Vrms)	Vout Error (Vrms)	Vout Error %	Motor Power MainBoard (W)	Motor Power Measured (W)	Motor Power Error (W)	Motor Power Error %	Line Voltage (Vrms)	Line Current (Arms)	Line Power (W)	Line Power Factor	Bulk Ripple (V)	DC Bus Voltage (Vrms)	Motor Mechanical Power (W)	Motor Efficiency	Inverter Efficiency	Overall Efficiency	Temperature (deg C)	Estimated Temperature (deg C)	Motor cos-phi	Electrical Power Alpha-Beta [W]	Electrical Power Error [W]	Electrical Power Error [%]	Bus Voltage Usage [%]	Rotational Losses [W]	Kt [Nm/Arms]	
17777.6158	17777.6158	0.0000	0.0000	0.2150	0.2654	0.2518	-0.0368	-17.1304	0.0235	0.0236	-4.3070	-2.4285	1.7849	-2.9347	0.3761	2.0942	2.0618	0.0325	1.5501	0.0000	-18.0806	211.7391	260.3502	242.5470	-17.8032	-7.3401	634.3951	558.3812	-76.0139	-13.6133	264.5716	3.0326	589.8663	0.7352	nan	237.5943	400.2594	71.6820	94.6624	67.8559	51.4113	64.1096	0.6347	600.1447	-41.7634	-7.4794	102.0845	78.0544	0.1027	
17784.6431	17784.6431	0.0000	0.0000	0.2136	0.2557	0.2410	-0.0274	-12.8303	0.0237	0.0231	-4.3390	-2.5378	1.7118	-2.9670	0.3969	2.0946	2.0608	0.0338	1.6131	0.0000	-20.0171	209.8278	258.3888	242.6689	-15.7199	-6.4779	614.7967	559.3956	-55.4011	-9.9038	264.6763	3.0364	590.7011	0.7350	nan	237.7914	397.7269	71.1007	94.7003	67.3325	53.2299	65.1138	0.6354	604.3842	-44.9886	-8.0424	102.0512	81.0420	0.1020	
17776.9700	17776.9700	0.0000	0.0000	0.2207	0.2681	0.2534	-0.0327	-14.8328	0.0246	0.0231	-3.8668	-2.3049	1.6636	-3.0078	0.3673	2.1048	2.0719	0.0330	1.5662	0.0000	-17.2673	213.2110	262.0086	242.2912	-19.7174	-8.1379	590.8580	577.2156	-13.6425	-2.3635	264.7954	3.1231	609.3233	0.7368	nan	237.8800	410.7924	71.1694	94.7306	67.4193	54.8866	66.0657	0.6535	616.2238	-39.0083	-6.7580	101.8544	84.5182	0.1048	
17775.2782	17775.2782	0.0000	0.0000	0.2396	0.2905	0.2728	-0.0332	-13.8574	0.0241	0.0231	-4.4579	-2.4101	1.8528	-3.0368	0.3835	2.1328	2.0911	0.0417	1.9544	0.0000	-15.7418	216.0530	265.3346	241.0919	-24.2427	-10.0554	657.4198	618.1500	-39.2698	-6.3528	264.8657	3.3252	652.5989	0.7410	nan	237.2492	445.9128	72.1371	94.7213	68.3292	56.4398	67.0679	0.6941	658.6131	-40.4631	-6.5458	101.6198	87.6739	0.1123	
17783.7491	17783.7491	0.0000	0.0000	0.2541	0.2942	0.2911	-0.0370	-14.5657	0.0229	0.0234	-4.8987	-2.2962	2.1401	-3.0094	0.4415	2.1482	2.1256	0.0227	1.0545	0.0000	-19.0171	210.8083	259.3857	240.7910	-18.5947	-7.7223	743.7605	642.2000	-101.5605	-15.8145	264.8798	3.4432	677.7889	0.7432	nan	236.8743	473.2342	73.6896	94.7493	69.8204	57.8949	68.1272	0.7168	682.8409	-40.6409	-6.3284	101.6535	82.7252	0.1183	
17777.7665	17777.7665	0.0000	0.0000	0.2687	0.3120	0.2931	-0.0244	-9.0832	0.0238	0.0223	-4.5972	-2.2692	2.0264	-3.1214	0.4258	2.1649	2.1311	0.0338	1.5621	0.0000	-18.1792	215.0021	264.2841	240.0804	-24.2036	-10.0815	715.4331	664.5486	-50.8845	-7.6570	264.8486	3.5544	701.4643	0.7452	nan	236.6213	500.2613	75.2784	94.7375	71.3169	59.2759	69.1459	0.7382	709.1673	-44.6187	-6.7141	101.4619	76.2735	0.1241	
17777.1742	17777.1742	0.0000	0.0000	0.2806	0.3254	0.3147	-0.0342	-12.1877	0.0232	0.0234	-5.1332	-2.2537	2.2905	-3.0744	0.4581	2.1986	2.1539	0.0447	2.0315	0.0000	-15.1035	208.7706	256.4419	238.6957	-17.7462	-7.4347	769.0354	704.9911	-64.0443	-9.0844	264.7592	3.7562	744.4744	0.7486	nan	236.0956	522.2874	74.0865	94.6967	70.1575	60.5487	70.1349	0.7756	732.1756	-27.1845	-3.8560	101.1013	91.5215	0.1276	
17786.4526	17786.4526	0.0000	0.0000	0.2974	0.3362	0.3545	-0.0571	-19.1881	0.0226	0.0230	-5.0850	-1.9350	2.6492	-3.1394	0.4946	2.2284	2.2067	0.0217	0.9721	0.0000	-8.5797	211.5869	259.4031	237.3189	-22.0842	-9.3057	868.1394	736.8211	-131.3183	-17.8223	264.5881	3.9176	778.5522	0.7511	nan	235.3466	554.0185	75.1907	94.6399	71.1604	61.9237	71.2387	0.8044	781.7251	-44.9040	-6.0943	100.8381	88.6756	0.1335	
17783.8463	17783.8463	0.0000	0.0000	0.3108	0.3505	0.3474	-0.0367	-11.7942	0.0228	0.0221	-4.7246	-1.8377	2.5805	-3.2636	0.4821	2.2464	2.2161	0.0303	1.3508	0.0000	-12.6487	212.6114	260.9373	236.7361	-24.2011	-10.2228	858.7969	758.2500	-100.5469	-13.2604	264.4591	4.0253	801.2744	0.7527	nan	234.9200	578.7677	76.3300	94.6305	72.2315	63.2798	72.3407	0.8232	806.5554	-48.3054	-6.3706	100.7731	83.3711	0.1383	
17781.5249	17781.5249	0.0000	0.0000	0.3244	0.3651	0.3736	-0.0492	-15.1563	0.0222	0.0232	-4.9516	-1.7392	2.8850	-3.1959	0.4958	2.2785	2.2415	0.0370	1.6221	0.0000	-13.1297	213.5022	262.0443	235.5303	-26.5140	-11.2572	959.1119	789.5100	-169.6019	-21.4819	264.3934	4.1838	834.8989	0.7548	nan	234.5584	604.1409	76.5205	94.5635	72.3605	64.5475	73.4073	0.8494	831.2837	-41.7737	-5.2911	100.4144	86.0556	0.1424	
17777.0464	17777.0464	0.0000	0.0000	0.3395	0.3874	0.3788	-0.0393	-11.5787	0.0223	0.0221	-4.4425	-1.5928	2.8464	-3.2625	0.5011	2.3172	2.2758	0.0414	1.7862	0.0000	-11.1625	211.7701	259.7432	234.1848	-25.5585	-10.9138	932.9435	823.1950	-109.7485	-13.3320	264.3915	4.3571	871.4825	0.7565	nan	234.0848	632.0157	76.7759	94.4592	72.5219	65.8732	74.5070	0.8758	865.4420	-42.2470	-5.1321	100.0428	87.9919	0.1465	
17774.1839	17774.1839	0.0000	0.0000	0.3538	0.4098	0.3814	-0.0277	-7.8166	0.0221	0.0235	-4.5936	-1.6102	2.8708	-3.1461	0.5794	2.3539	2.3250	0.0289	1.2266	0.0000	-7.5305	201.5299	247.1230	233.1114	-14.0116	-6.0107	883.1020	853.5756	-29.5265	-3.4592	264.4326	4.5118	904.3733	0.7580	nan	233.7075	658.4889	77.1452	94.3831	72.8120	67.2056	75.6869	0.8981	899.5318	-45.9563	-5.3840	99.7450	88.1115	0.1503	
17777.2168	17777.2168	0.0000	0.0000	0.3672	0.4214	0.4137	-0.0465	-12.6664	0.0220	0.0218	-4.1118	-1.3129	3.1567	-3.4452	0.5557	2.4059	2.3587	0.0472	1.9629	0.0000	-7.9624	210.9266	258.5224	231.7347	-26.7878	-11.5597	1016.6500	890.5200	-126.1300	-14.1636	264.4627	4.7055	944.8300	0.7592	nan	233.3675	683.6301	76.7691	94.2519	72.3564	68.5716	76.8656	0.9222	933.2282	-42.7082	-4.7959	99.3003	94.6071	0.1526	
17780.5057	17780.5057	0.0000	0.0000	0.3806	0.4405	0.4339	-0.0534	-14.0256	0.0216	0.0215	-1.7899	-0.6114	3.4063	-3.4377	0.5574	2.4610	2.4373	0.0237	0.9614	0.0000	-8.5156	213.9791	262.3663	230.3718	-31.9945	-13.8882	1103.1792	923.1656	-180.0137	-19.4996	264.5304	4.8782	980.9256	0.7602	nan	232.9640	708.5832	76.7558	94.1117	72.2362	70.0767	78.1813	0.9401	971.4101	-48.2445	-5.2260	98.8873	96.4997	0.1546	
17773.9119	17773.9119	0.0000	0.0000	0.3953	0.4697	0.4463	-0.0509	-12.8856	0.0223	0.0212	-3.2701	-1.0284	3.3113	-3.6093	0.5823	2.5792	2.5205	0.0587	2.2741	0.0000	-2.6606	212.3418	260.8354	230.6708	-30.1646	-13.0769	1049.9743	964.1667	-85.8076	-8.8997	264.6729	5.4797	1033.8967	0.7129	nan	233.6830	735.8257	76.3180	93.2556	71.1706	71.7932	79.6124	0.9357	1018.5178	-54.3512	-5.6371	98.7117	97.8826	0.1533	
17773.9523	17773.9523	0.0000	0.0000	0.4089	0.4313	0.4298	-0.0209	-5.1143	0.0211	0.0205	-0.3403	-0.2191	3.2957	-3.8090	0.6066	2.6407	2.6109	0.0298	1.1285	0.0000	1.6096	197.9276	242.7027	229.6666	-13.0360	-5.6761	984.7739	999.8900	15.1161	1.5118	264.7345	5.5455	1071.8725	0.7301	nan	233.9860	761.0333	76.1110	93.2844	70.9997	73.6733	81.3119	0.9519	1038.6502	-38.7602	-3.8765	98.1543	101.2316	0.1548	
17769.3072	17769.3072	0.0000	0.0000	0.4212	0.5076	0.4906	-0.0694	-16.4757	0.0222	0.0204	-0.3445	-0.1266	3.6291	-3.9868	0.6076	2.7248	2.6829	0.0419	1.5390	0.0000	0.1985	207.2595	254.3912	229.2909	-25.1003	-10.9469	1127.3647	1040.8689	-86.4958	-8.3100	264.7037	5.5461	1114.4611	0.7591	nan	232.7904	783.8085	75.3034	93.3966	70.3308	75.7714	83.0338	0.9619	1095.4977	-54.6288	-5.2484	98.4969	109.4866	0.1546	
17693.3860	17693.3860	0.0000	0.0000	0.4374	0.4931	0.4972	-0.0598	-13.6665	0.0211	0.0223	2.5558	0.6417	3.8983	-3.8531	0.6151	2.7683	2.7695	-0.0013	-0.0460	0.0000	-3.2683	194.7341	238.9161	228.9967	-9.9195	-4.3317	1132.6769	1054.4622	-78.2147	-7.4175	264.5746	5.6142	1130.2833	0.7609	nan	232.2163	810.5239	76.8683	93.2919	71.7119	78.0094	84.9077	0.9603	1126.7036	-72.2414	-6.8510	98.6135	90.4810	0.1580	
17232.9512	17232.9512	0.0000	0.0000	0.4537	0.5154	0.4960	-0.0423	-9.3225	0.0221	0.0210	4.8254	1.1489	3.8387	-4.0899	0.6739	2.7751	2.7776	-0.0025	-0.0898	0.0000	5.8689	206.3942	253.0314	228.3667	-24.6647	-10.8005	1194.0669	1055.1233	-138.9435	-13.1685	264.4710	5.6214	1131.5267	0.7611	nan	232.0845	818.6617	77.5882	93.2485	72.3497	80.2344	86.5036	0.9612	1103.7250	-48.6017	-4.6063	98.3981	81.1050	0.1635	
16960.4970	16960.4970	0.0000	0.0000	0.4669	0.5171	0.5112	-0.0443	-9.4829	0.0220	0.0213	3.8260	0.8949	3.8946	-4.0461	0.6481	2.7943	2.8069	-0.0126	-0.4495	0.0000	15.1439	200.1275	247.3503	228.2436	-19.1067	-8.3712	1197.8529	1063.2356	-134.6174	-12.6611	264.3331	5.6682	1140.9022	0.7615	nan	231.8089	829.2267	77.9927	93.1926	72.6836	82.2699	87.9055	0.9625	1128.6409	-65.4054	-6.1515	98.4620	75.4384	0.1671	
16573.4607	16573.4607	0.0000	0.0000	0.4774	0.5369	0.5149	-0.0375	-7.8621	0.0230	0.0223	3.3955	0.9122	3.7355	-3.9514	0.7101	2.8098	2.8198	-0.0101	-0.3585	0.0000	2.0474	196.3924	240.7021	227.9411	-12.7610	-5.5984	1098.0205	1067.8488	-30.1718	-2.8255	264.2804	5.6971	1146.7562	0.7617	nan	231.6524	828.5095	77.5883	93.1192	72.2497	84.2744	89.2987	0.9626	1124.4089	-56.5601	-5.2966	98.3979	77.9589	0.1699	

Torque compensated Offset = 	0
Mean Torque Mainboard Error perc = 	-12.453479399032513


Step N. = 	2
Target Speed = 	15240

Speed Mainboard (rpm_M)	Speed TestBench (rpm_M)	Speed Error (rpm_M)	Speed Error %	Torque TestBench (Nm_M)	Torque Ref (Nm)	Torque MainBoard (Nm_M)	Torque MainBoard Error (Nm_M)	Torque MainBoard Error %	Flux Ref (V/rad/s)	Flux (V/rad/s)	Id * Iq (A^2)	Id (Apeak)	Iq (Apeak)	Id Rotor (Apeak)	Iq Rotor (Apeak)	IMotor Measured (Arms)	IMotor MainBoard (Arms)	IMotor Error (Arms)	IMotor Error %	Motor Current THD %	Vsdref (Vpeak)	Vsqref (Vpeak)	Vout MainBoard (Vrms)	Vout Measured (Vrms)	Vout Error (Vrms)	Vout Error %	Motor Power MainBoard (W)	Motor Power Measured (W)	Motor Power Error (W)	Motor Power Error %	Line Voltage (Vrms)	Line Current (Arms)	Line Power (W)	Line Power Factor	Bulk Ripple (V)	DC Bus Voltage (Vrms)	Motor Mechanical Power (W)	Motor Efficiency	Inverter Efficiency	Overall Efficiency	Temperature (deg C)	Estimated Temperature (deg C)	Motor cos-phi	Electrical Power Alpha-Beta [W]	Electrical Power Error [W]	Electrical Power Error [%]	Bus Voltage Usage [%]	Rotational Losses [W]	Kt [Nm/Arms]	
15238.9562	15235.2222	-3.7339	-0.0245	0.1936	0.2165	0.2078	-0.0143	-7.3746	0.0289	0.0294	-2.9305	-2.4470	1.1970	-2.7668	0.3198	1.9124	1.8802	0.0322	1.6841	0.0000	-17.3826	200.3743	246.4689	244.3203	-2.1486	-0.8794	422.7974	430.0511	7.2537	1.6867	264.9522	2.4000	457.3056	0.7191	nan	240.5916	308.8076	71.8023	94.0397	67.5228	48.9875	62.4982	0.5314	442.0777	-12.0265	-2.7965	101.5499	55.0639	0.1012	
15239.3316	15233.7778	-5.5539	-0.0365	0.2148	0.2415	0.2509	-0.0362	-16.8413	0.0280	0.0280	-3.4920	-2.3678	1.4772	-2.7248	0.3437	1.9342	1.9121	0.0220	1.1383	0.0000	-13.2068	202.3833	248.6898	243.5747	-5.1152	-2.1000	495.2232	463.9511	-31.2721	-6.7404	264.9254	2.5701	492.5356	0.7234	nan	239.8720	342.6300	73.8542	94.1963	69.5678	50.6666	63.3791	0.5686	494.2433	-30.2922	-6.5292	101.5436	53.2105	0.1110	
15238.0746	15237.1111	-0.9635	-0.0063	0.2336	0.2641	0.2764	-0.0428	-18.3430	0.0281	0.0282	-4.1042	-2.4063	1.7024	-2.7542	0.3878	1.9621	1.9271	0.0350	1.7847	0.0000	-15.4878	199.4420	245.0966	242.6108	-2.4858	-1.0246	565.8223	504.0544	-61.7678	-12.2542	264.9014	2.7701	534.4222	0.7283	nan	239.2867	372.6671	73.9325	94.3176	69.7314	52.2132	64.2244	0.6113	524.1891	-20.1347	-3.9945	101.3892	60.9001	0.1190	
15244.7944	15239.7143	-5.0801	-0.0333	0.2531	0.2752	0.2933	-0.0402	-15.8745	0.0279	0.0281	-4.0595	-2.2539	1.8000	-2.9116	0.3996	1.9830	1.9498	0.0332	1.6745	0.0000	-12.1305	200.9192	246.5868	241.9066	-4.6803	-1.9347	583.2036	532.5371	-50.6665	-9.5142	264.8701	2.9121	564.1414	0.7314	nan	238.7700	403.9908	75.8618	94.3978	71.6119	53.5885	65.0501	0.6410	558.6865	-26.1494	-4.9103	101.3137	56.1909	0.1277	
15241.7091	15239.7778	-1.9313	-0.0127	0.2702	0.2956	0.3077	-0.0374	-13.8576	0.0276	0.0273	-4.1082	-2.1933	1.8706	-2.7991	0.4402	2.0061	1.9789	0.0272	1.3562	0.0000	-20.4709	199.9381	246.2414	241.1432	-5.0981	-2.1142	629.1232	562.9389	-66.1843	-11.7569	264.8183	3.0633	595.9633	0.7347	nan	238.3267	431.2482	76.6061	94.4586	72.3610	54.9490	65.8661	0.6719	590.8552	-27.9163	-4.9590	101.1818	57.2742	0.1347	
15237.2320	15242.0000	4.7680	0.0313	0.2890	0.3209	0.3289	-0.0399	-13.8127	0.0276	0.0277	-4.0365	-2.0805	1.9412	-2.7908	0.4500	2.0348	1.9991	0.0357	1.7553	0.0000	-11.8958	200.5519	246.3554	240.1516	-6.2038	-2.5833	622.9546	597.4878	-25.4668	-4.2623	264.6923	3.2364	632.2967	0.7381	nan	237.7587	461.2844	77.2042	94.4948	72.9540	56.2206	66.7056	0.7059	623.1247	-25.6369	-4.2908	101.0065	59.2887	0.1420	
15235.8107	15243.0000	7.1893	0.0472	0.3071	0.3406	0.3397	-0.0326	-10.6237	0.0268	0.0283	-4.2652	-2.0490	2.0807	-2.8850	0.4757	2.0632	2.0302	0.0330	1.6008	0.0000	-9.6740	202.1583	248.2040	239.1607	-9.0433	-3.7813	662.3609	629.4411	-32.9198	-5.2300	264.5054	3.3973	665.9778	0.7411	nan	237.1653	490.2240	77.8835	94.5138	73.6107	57.4517	67.5532	0.7365	656.6178	-27.1767	-4.3176	100.8414	59.7917	0.1488	
15243.4517	15239.5556	-3.8961	-0.0256	0.3257	0.3507	0.3472	-0.0215	-6.6019	0.0268	0.0284	-4.5984	-2.0792	2.2273	-2.9085	0.5216	2.0954	2.0610	0.0344	1.6408	0.0000	-16.7914	197.2946	242.6649	238.2389	-4.4260	-1.8578	714.5167	664.4756	-50.0411	-7.5309	264.4687	3.5720	703.0511	0.7442	nan	236.5900	519.7252	78.2159	94.5131	73.9243	58.6538	68.4229	0.7685	691.5436	-27.0681	-4.0736	100.6969	62.4805	0.1554	
15238.1294	15238.0000	-0.1294	-0.0008	0.3436	0.3745	0.3795	-0.0359	-10.4532	0.0269	0.0269	-4.3517	-1.8826	2.3123	-3.0377	0.5491	2.1197	2.0950	0.0247	1.1670	0.0000	-15.9417	194.3954	239.1845	237.7251	-1.4594	-0.6139	718.1304	690.6978	-27.4327	-3.9717	264.6420	3.7009	730.8267	0.7462	nan	236.3397	548.2183	79.3717	94.5091	75.0134	59.8566	69.3165	0.7914	726.0598	-35.3620	-5.1198	100.5862	57.9267	0.1621	
15238.9182	15242.8571	3.9390	0.0258	0.3620	0.3909	0.3945	-0.0325	-8.9845	0.0267	0.0264	-4.7201	-1.8707	2.5355	-2.9740	0.5704	2.1566	2.1292	0.0274	1.2690	0.0000	-12.5585	192.2750	236.2453	236.8636	0.6183	0.2610	763.6253	726.7371	-36.8881	-5.0759	264.7666	3.8797	769.2643	0.7489	nan	236.0797	577.8346	79.5122	94.4717	75.1165	61.0802	70.2100	0.8214	759.1981	-32.4610	-4.4667	100.3321	61.0078	0.1679	
15240.1042	15237.2222	-2.8820	-0.0189	0.3791	0.4102	0.4095	-0.0304	-8.0129	0.0267	0.0272	-4.3934	-1.7096	2.5830	-3.0005	0.5904	2.1954	2.1678	0.0276	1.2556	0.0000	-10.7773	196.9718	241.6959	235.9316	-5.7644	-2.4432	789.8808	761.4011	-28.4796	-3.7404	264.8099	4.0540	806.4333	0.7512	nan	235.6754	604.9243	79.4493	94.4159	75.0127	62.2855	71.1323	0.8487	798.0002	-36.5990	-4.8068	100.1087	65.0026	0.1727	
15238.9122	15240.2500	1.3378	0.0088	0.3971	0.4307	0.4410	-0.0439	-11.0507	0.0261	0.0259	-3.6585	-1.3321	2.8379	-3.2256	0.5930	2.2355	2.2082	0.0273	1.2217	0.0000	-9.1703	200.3316	245.8449	234.9903	-10.8546	-4.6192	869.2667	794.1837	-75.0829	-9.4541	264.8135	4.2202	841.6988	0.7532	nan	235.2779	633.7938	79.8047	94.3549	75.2996	63.5510	72.1322	0.8728	833.3114	-39.1276	-4.9268	99.8778	65.1228	0.1776	
15242.1737	15240.6250	-1.5487	-0.0102	0.4157	0.4448	0.4366	-0.0208	-5.0128	0.0261	0.0261	-3.9265	-1.4416	2.7852	-3.1448	0.6305	2.2828	2.2589	0.0238	1.0447	0.0000	-5.8995	194.2490	238.3125	233.9715	-4.3410	-1.8553	822.8773	828.9900	6.1127	0.7374	264.7874	4.3990	879.3713	0.7550	nan	234.8686	663.5345	80.0414	94.2708	75.4556	64.8462	73.1488	0.8961	867.0105	-38.0205	-4.5864	99.6181	65.6666	0.1821	
15242.0829	15239.7778	-2.3051	-0.0151	0.4337	0.4621	0.4647	-0.0310	-7.1544	0.0253	0.0251	-3.3726	-1.1656	3.0606	-3.4227	0.6718	2.3356	2.3063	0.0293	1.2547	0.0000	-5.7538	193.7118	237.7897	232.9641	-4.8256	-2.0714	904.0030	862.9522	-41.0508	-4.7570	264.7344	4.5760	916.3322	0.7564	nan	234.4765	692.0909	80.2005	94.1746	75.5285	66.2452	74.2106	0.9157	900.3350	-37.3828	-4.3320	99.3550	65.8903	0.1857	
15236.7875	15238.2500	1.4625	0.0096	0.4513	0.4897	0.5091	-0.0578	-12.8117	0.0260	0.0251	-3.2297	-1.0028	3.2837	-3.4335	0.6835	2.4120	2.3906	0.0214	0.8887	0.0000	1.2876	195.9955	241.7926	231.6033	-10.1894	-4.3995	971.0107	903.2025	-67.8082	-7.5075	264.5985	4.7902	960.5275	0.7578	nan	233.8402	720.0795	79.7252	94.0319	74.9671	67.7359	75.4011	0.9335	951.0613	-47.8588	-5.2988	99.0434	70.5968	0.1871	
15242.1549	15247.1429	4.9879	0.0327	0.4697	0.4996	0.5293	-0.0596	-12.6789	0.0255	0.0269	-1.2454	-0.4623	3.4865	-3.1740	0.7020	2.5116	2.4724	0.0392	1.5605	0.0000	-11.9013	203.0416	249.6907	230.0013	-19.6895	-8.5606	1055.9050	945.4800	-110.4250	-11.6793	264.4067	5.0318	1007.6429	0.7574	nan	233.2140	749.9819	79.3230	93.8309	74.4295	69.2410	76.6208	0.9450	982.8777	-37.3977	-3.9554	98.6226	72.8571	0.1870	
15235.8520	15230.9091	-4.9430	-0.0325	0.4875	0.5323	0.5382	-0.0507	-10.3913	0.0247	0.0234	0.9548	0.1429	3.6764	-3.6241	0.6769	2.6096	2.5767	0.0328	1.2578	0.0000	0.1400	206.4536	253.0514	230.1217	-22.9297	-9.9641	1134.3995	986.9009	-147.4986	-14.9456	264.3240	5.5416	1059.0191	0.7230	nan	233.5131	777.6244	78.7947	93.1901	73.4288	71.1281	78.1574	0.9488	1022.2373	-35.3364	-3.5805	98.5478	76.0263	0.1868	
15226.7696	15237.4444	10.6749	0.0701	0.5049	0.5636	0.5501	-0.0452	-8.9517	0.0246	0.0259	2.4906	0.6274	3.7802	-3.7393	0.7013	2.7904	2.7499	0.0405	1.4513	0.0000	6.4042	205.1852	251.8705	227.9420	-23.9285	-10.4976	1165.0471	1047.5833	-117.4638	-11.2128	264.4552	5.7163	1125.6644	0.7446	nan	233.1533	805.6308	76.9038	93.0636	71.5694	73.5396	80.0682	0.9509	1086.9232	-39.3398	-3.7553	97.7657	88.3471	0.1809	
15221.8015	15226.4444	4.6429	0.0305	0.5236	0.5851	0.5858	-0.0622	-11.8866	0.0250	0.0257	3.6346	0.9229	3.8679	-4.1851	0.7966	2.8755	2.8618	0.0137	0.4760	0.0000	2.6790	192.2018	236.2541	227.6668	-8.5873	-3.7719	1111.1741	1087.0722	-24.1019	-2.2171	264.6450	5.8015	1168.3611	0.7610	nan	232.2826	834.8144	76.7950	93.0425	71.4520	76.2046	82.2739	0.9587	1129.4102	-42.3379	-3.8947	98.0130	87.6736	0.1821	
15051.7341	14770.5556	-281.1785	-1.9036	0.5434	0.6189	0.5726	-0.0292	-5.3697	0.0245	0.0255	3.9800	1.0258	3.8919	-4.1007	0.7574	2.8986	2.9137	-0.0151	-0.5196	0.0000	5.9459	188.9132	232.4200	227.5469	-4.8731	-2.1416	1094.5922	1090.4367	-4.1556	-0.3811	264.6990	5.8174	1172.3389	0.7613	nan	232.0346	840.5577	77.0846	93.0138	71.6993	79.1151	84.3507	0.9545	1147.8824	-57.4458	-5.2681	98.0659	81.0101	0.1875	
14509.2965	14316.3333	-192.9632	-1.3479	0.5600	0.6264	0.5581	0.0019	0.3409	0.0240	0.0257	3.1664	0.8129	3.8970	-4.1021	0.8223	2.9123	2.9345	-0.0222	-0.7615	0.0000	17.5232	202.7994	249.5981	227.2392	-22.3589	-9.8394	1201.7929	1091.0011	-110.7918	-10.1551	264.6694	5.8201	1173.0500	0.7615	nan	231.9820	839.5446	76.9520	93.0055	71.5696	81.8307	86.0205	0.9518	1134.1394	-43.1383	-3.9540	97.9556	79.4625	0.1923	
14099.4862	13849.0000	-250.4862	-1.8087	0.5786	0.6351	0.6391	-0.0605	-10.4591	0.0273	0.0267	2.7087	0.7054	3.8307	-3.9766	0.7734	2.9235	2.9400	-0.0165	-0.5627	0.0000	16.5022	191.6034	235.7658	226.9032	-8.8626	-3.9059	1117.8077	1090.5122	-27.2955	-2.5030	264.6198	5.8227	1173.2600	0.7615	nan	231.8871	839.0475	76.9406	92.9472	71.5141	84.3919	87.4630	0.9491	1137.7533	-47.2411	-4.3320	97.8507	76.6861	0.1979	

Torque compensated Offset = 	0
Mean Torque Mainboard Error perc = 	-10.282089426004873


Step N. = 	3
Target Speed = 	12700

Speed Mainboard (rpm_M)	Speed TestBench (rpm_M)	Speed Error (rpm_M)	Speed Error %	Torque TestBench (Nm_M)	Torque Ref (Nm)	Torque MainBoard (Nm_M)	Torque MainBoard Error (Nm_M)	Torque MainBoard Error %	Flux Ref (V/rad/s)	Flux (V/rad/s)	Id * Iq (A^2)	Id (Apeak)	Iq (Apeak)	Id Rotor (Apeak)	Iq Rotor (Apeak)	IMotor Measured (Arms)	IMotor MainBoard (Arms)	IMotor Error (Arms)	IMotor Error %	Motor Current THD %	Vsdref (Vpeak)	Vsqref (Vpeak)	Vout MainBoard (Vrms)	Vout Measured (Vrms)	Vout Error (Vrms)	Vout Error %	Motor Power MainBoard (W)	Motor Power Measured (W)	Motor Power Error (W)	Motor Power Error %	Line Voltage (Vrms)	Line Current (Arms)	Line Power (W)	Line Power Factor	Bulk Ripple (V)	DC Bus Voltage (Vrms)	Motor Mechanical Power (W)	Motor Efficiency	Inverter Efficiency	Overall Efficiency	Temperature (deg C)	Estimated Temperature (deg C)	Motor cos-phi	Electrical Power Alpha-Beta [W]	Electrical Power Error [W]	Electrical Power Error [%]	Bus Voltage Usage [%]	Rotational Losses [W]	Kt [Nm/Arms]	
12703.0813	12693.5000	-9.5813	-0.0755	0.1812	0.1793	0.2167	-0.0354	-19.5390	0.0351	0.0354	-2.2699	-2.1806	1.0337	-2.5860	0.3034	1.7307	1.6721	0.0586	3.3842	0.0000	-11.5071	193.5660	237.8860	243.0337	5.1478	2.1181	334.8190	335.4425	0.6235	0.1859	264.7198	1.9256	359.8500	0.7058	nan	242.3285	240.9245	71.7900	93.2119	66.9176	46.0300	58.7450	0.4603	320.6175	14.8250	4.4195	100.2912	40.9075	0.1047	
12708.5188	12696.5556	-11.9633	-0.0942	0.2191	0.2272	0.2571	-0.0380	-17.3456	0.0344	0.0351	-2.6400	-2.1226	1.2388	-2.4882	0.3974	1.7671	1.7276	0.0394	2.2305	0.0000	-10.1057	195.2754	239.6989	241.9101	2.2112	0.9141	394.9294	386.4622	-8.4672	-2.1909	264.6266	2.1841	412.5367	0.7138	nan	240.6748	291.3268	75.3889	93.6789	70.6233	47.6359	59.6036	0.5220	399.1006	-12.6384	-3.2703	100.5133	38.9142	0.1240	
12709.2869	12702.0000	-7.2869	-0.0574	0.2471	0.2581	0.2629	-0.0158	-6.3940	0.0346	0.0344	-2.7009	-2.1483	1.2359	-2.7129	0.3481	1.7858	1.7630	0.0228	1.2753	0.0000	-20.8114	198.9967	245.1172	241.2793	-3.8379	-1.5906	436.5161	428.4467	-8.0695	-1.8834	264.5647	2.3960	456.0022	0.7194	nan	239.9666	328.6940	76.7176	93.9571	72.0817	49.1231	60.3375	0.5741	441.9313	-13.4846	-3.1473	100.5472	42.0187	0.1384	
12697.5260	12690.1111	-7.4149	-0.0584	0.2712	0.2920	0.2763	-0.0050	-1.8542	0.0338	0.0330	-2.8833	-2.1386	1.3294	-2.5330	0.4200	1.7982	1.7685	0.0297	1.6540	0.0000	-25.3938	197.1519	243.5613	241.0422	-2.5191	-1.0451	476.8177	452.0711	-24.7466	-5.4740	264.5302	2.5143	480.2089	0.7220	nan	239.6574	360.4285	79.7287	94.1405	75.0570	50.4728	60.9774	0.6021	467.8558	-15.7847	-3.4916	100.5779	32.8093	0.1508	
12694.3368	12700.1111	5.7743	0.0455	0.2951	0.3225	0.3265	-0.0314	-10.6285	0.0336	0.0334	-3.4967	-2.1013	1.6515	-2.6598	0.5060	1.8339	1.8012	0.0327	1.7816	0.0000	-12.9942	193.7895	238.0601	240.0482	1.9882	0.8282	523.7593	500.1689	-23.5904	-4.7165	264.5013	2.7550	530.5822	0.7281	nan	239.0183	392.4836	78.4712	94.2679	73.9731	51.7064	61.5952	0.6560	507.2865	-7.1176	-1.4230	100.4312	46.2222	0.1609	
12706.7741	12695.2500	-11.5241	-0.0908	0.3190	0.3327	0.3399	-0.0209	-6.5586	0.0329	0.0335	-3.4041	-1.9823	1.7190	-2.5613	0.4753	1.8546	1.8379	0.0167	0.9021	0.0000	-9.0704	199.7810	245.1343	239.5745	-5.5598	-2.3207	544.4251	523.1250	-21.3001	-4.0717	264.4907	2.8695	554.4375	0.7305	nan	238.5105	424.0924	81.0691	94.3524	76.4906	52.9151	62.2799	0.6797	545.8032	-22.6782	-4.3351	100.4461	35.8925	0.1720	
12693.5552	12696.5556	3.0004	0.0236	0.3410	0.3724	0.3808	-0.0398	-11.6847	0.0330	0.0331	-3.8289	-1.9989	1.9167	-2.5954	0.5477	1.9035	1.8726	0.0308	1.6203	0.0000	-16.2132	196.2473	241.2198	238.3391	-2.8807	-1.2087	613.7443	572.7622	-40.9821	-7.1552	264.4710	3.1171	606.7867	0.7360	nan	237.9552	453.3855	79.1581	94.3927	74.7195	54.0059	62.9239	0.7289	582.6363	-9.8741	-1.7239	100.1615	52.6056	0.1791	
12698.8304	12694.6000	-4.2304	-0.0333	0.3678	0.3940	0.4031	-0.0353	-9.6098	0.0328	0.0340	-4.0368	-1.9192	2.1025	-2.6737	0.5603	1.9282	1.9091	0.0190	0.9864	0.0000	-5.8403	194.8975	238.8948	237.8220	-1.0728	-0.4511	633.0120	596.9990	-36.0130	-6.0323	264.4617	3.2377	632.1640	0.7383	nan	237.3968	488.9450	81.9008	94.4373	77.3449	55.1614	63.6882	0.7517	621.8274	-24.8284	-4.1589	100.1791	39.2535	0.1908	
12696.0608	12711.1111	15.0503	0.1184	0.3898	0.4201	0.4130	-0.0232	-5.9622	0.0326	0.0322	-4.2258	-1.9450	2.1718	-2.7515	0.6097	1.9771	1.9521	0.0250	1.2644	0.0000	-3.6315	191.8315	235.0652	236.7026	1.6374	0.6917	635.5342	641.2500	5.7158	0.8914	264.4412	3.4582	679.0222	0.7425	nan	236.8864	518.8350	80.9111	94.4372	76.4102	56.3256	64.4125	0.7911	657.2676	-16.0176	-2.4979	99.9224	49.7772	0.1971	
12690.3371	12702.5714	12.2344	0.0963	0.4150	0.4549	0.4416	-0.0266	-6.4082	0.0335	0.0303	-4.0347	-1.7732	2.2834	-3.0211	0.6441	2.0132	2.0002	0.0130	0.6458	0.0000	-13.9133	192.6026	236.6208	235.9779	-0.6429	-0.2724	695.0184	672.3343	-22.6841	-3.3739	264.4400	3.6132	711.9229	0.7451	nan	236.3768	552.0379	82.1078	94.4392	77.5419	57.4244	65.1846	0.8171	702.1961	-29.8618	-4.4415	99.8312	44.6824	0.2061	
12697.5308	12711.7500	14.2192	0.1119	0.4403	0.4688	0.4868	-0.0465	-10.5654	0.0316	0.0326	-4.1726	-1.6011	2.6191	-2.9518	0.6579	2.0613	2.0367	0.0246	1.1923	0.0000	-7.9898	194.1963	238.1738	234.9710	-3.2028	-1.3631	783.9728	711.0400	-72.9328	-10.2572	264.4415	3.8068	753.2275	0.7482	nan	235.9076	586.0482	82.4213	94.3991	77.8050	58.6109	65.9716	0.8476	737.9760	-26.9360	-3.7883	99.6030	45.3887	0.2136	
12702.3038	12697.6000	-4.7038	-0.0370	0.4636	0.4862	0.4945	-0.0309	-6.6636	0.0315	0.0330	-3.8807	-1.4860	2.6312	-2.9038	0.6922	2.1095	2.0891	0.0204	0.9665	0.0000	-4.0356	195.9383	240.1465	234.0763	-6.0702	-2.5933	784.9368	747.4210	-37.5158	-5.0194	264.4773	3.9885	792.0570	0.7509	nan	235.5031	616.4434	82.4775	94.3646	77.8295	59.8033	66.8266	0.8739	772.3465	-24.9255	-3.3349	99.3942	47.2543	0.2198	
12694.1151	12705.0000	10.8849	0.0857	0.4872	0.5259	0.5412	-0.0540	-11.0866	0.0314	0.0327	-3.9727	-1.3805	2.9058	-2.8730	0.7302	2.1672	2.1533	0.0140	0.6441	0.0000	-6.2144	201.1593	246.7016	232.9967	-13.7050	-5.8820	892.9383	787.7122	-105.2261	-13.3584	264.4861	4.1919	835.3856	0.7535	nan	234.9954	648.2330	82.2930	94.2933	77.5967	61.1237	67.7692	0.9006	821.0759	-33.3637	-4.2355	99.1495	50.6974	0.2248	
12699.7733	12698.0000	-1.7733	-0.0140	0.5114	0.5433	0.5514	-0.0399	-7.8032	0.0311	0.0306	-3.4975	-1.1984	2.9915	-3.1498	0.7996	2.2302	2.2153	0.0149	0.6683	0.0000	-9.2862	193.4588	237.3102	231.8762	-5.4340	-2.3435	884.5144	827.6011	-56.9133	-6.8769	264.4708	4.3961	878.4822	0.7556	nan	234.5220	680.0838	82.1753	94.2081	77.4157	62.4980	68.7394	0.9240	858.4504	-30.8493	-3.7276	98.8719	53.0486	0.2293	
12698.3629	12700.3333	1.9705	0.0155	0.5358	0.5698	0.5751	-0.0394	-7.3474	0.0309	0.0312	-2.9736	-1.0056	3.1630	-3.0526	0.8138	2.2963	2.2859	0.0104	0.4533	0.0000	-7.7731	195.0541	239.1157	230.9014	-8.2143	-3.5575	939.5568	865.5889	-73.9679	-8.5454	264.4860	4.5932	919.7789	0.7571	nan	234.1101	712.5705	82.3221	94.1084	77.4720	63.9872	69.7912	0.9425	898.2607	-32.6718	-3.7745	98.6294	52.3463	0.2333	
12694.7127	12706.1250	11.4123	0.0898	0.5588	0.6034	0.5757	-0.0169	-3.0335	0.0322	0.0320	-3.1369	-1.0744	2.9750	-3.2771	0.8471	2.3888	2.3848	0.0040	0.1682	0.0000	-12.0740	196.4001	241.1281	229.7876	-11.3404	-4.9352	897.2753	911.0788	13.8034	1.5151	264.4860	4.8346	969.6950	0.7583	nan	233.6419	743.4619	81.6023	93.9552	76.6696	65.5508	70.9784	0.9583	947.0518	-35.9731	-3.9484	98.3504	58.0763	0.2339	
12701.4464	12704.5000	3.0536	0.0240	0.5837	0.6192	0.6247	-0.0409	-7.0077	0.0301	0.0321	-1.9917	-0.5857	3.4222	-3.2018	0.8463	2.5187	2.5005	0.0182	0.7206	0.0000	-0.7341	194.9415	238.9547	228.2589	-10.6958	-4.6858	1000.5850	957.8063	-42.7788	-4.4663	264.4970	5.0861	1021.6537	0.7594	nan	233.1467	776.6284	81.0841	93.7506	76.0168	67.3926	72.2762	0.9619	989.0480	-31.2418	-3.2618	97.9036	58.6219	0.2318	
12693.6122	12690.3333	-3.2788	-0.0258	0.6082	0.6685	0.6444	-0.0362	-5.9486	0.0293	0.0282	-0.0128	-0.0375	3.7357	-3.9649	0.8632	2.6767	2.6535	0.0231	0.8640	0.0000	4.4892	185.0105	227.1724	227.1672	-0.0052	-0.0023	1035.8025	1013.1456	-22.6569	-2.2363	264.5027	5.3939	1084.2144	0.7599	nan	232.8360	808.2849	79.7796	93.4451	74.5502	69.5385	73.9669	0.9620	1045.8597	-32.7141	-3.2290	97.5653	65.4270	0.2272	
12683.9773	12697.4444	13.4672	0.1061	0.6321	0.7274	0.6818	-0.0497	-7.8626	0.0293	0.0316	5.4487	1.3696	3.8830	-3.8497	0.8577	2.8708	2.8405	0.0303	1.0543	0.0000	9.3635	195.8163	240.6561	226.9120	-13.7441	-6.0570	1160.1608	1073.9822	-86.1786	-8.0242	264.5761	5.7954	1154.9889	0.7533	nan	232.5107	840.5010	78.2608	92.9863	72.7718	72.2627	76.0589	0.9519	1119.9574	-45.9752	-4.2808	97.5921	71.5994	0.2202	
12586.4656	12393.7778	-192.6878	-1.5547	0.6563	0.7113	0.7130	-0.0567	-8.6375	0.0306	0.0310	6.9630	1.7768	3.9260	-4.1381	0.9327	2.9695	2.9670	0.0024	0.0822	0.0000	3.0370	196.8605	241.4051	226.4628	-14.9423	-6.5981	1162.9614	1104.2256	-58.7359	-5.3192	264.6369	5.9032	1189.1300	0.7612	nan	232.0580	851.8261	77.1427	92.8600	71.6347	75.4377	78.4858	0.9480	1146.1577	-41.9321	-3.7974	97.5889	77.3347	0.2210	
12169.3510	11962.3750	-206.9760	-1.7302	0.6831	0.7778	0.7136	-0.0305	-4.4602	0.0304	0.0321	6.8138	1.7569	3.8833	-4.2109	0.9060	2.9888	3.0135	-0.0246	-0.8235	0.0000	7.5948	190.8586	233.9745	226.3173	-7.6573	-3.3834	1130.4467	1105.6300	-24.8167	-2.2446	264.6826	5.9119	1191.1512	0.7612	nan	232.0152	855.7315	77.3979	92.8203	71.8410	78.8125	80.6560	0.9437	1159.4561	-53.8261	-4.8684	97.5441	70.5361	0.2286	

Torque compensated Offset = 	0
Mean Torque Mainboard Error perc = 	-8.400049875631822


Step N. = 	4
Target Speed = 	10160

Speed Mainboard (rpm_M)	Speed TestBench (rpm_M)	Speed Error (rpm_M)	Speed Error %	Torque TestBench (Nm_M)	Torque Ref (Nm)	Torque MainBoard (Nm_M)	Torque MainBoard Error (Nm_M)	Torque MainBoard Error %	Flux Ref (V/rad/s)	Flux (V/rad/s)	Id * Iq (A^2)	Id (Apeak)	Iq (Apeak)	Id Rotor (Apeak)	Iq Rotor (Apeak)	IMotor Measured (Arms)	IMotor MainBoard (Arms)	IMotor Error (Arms)	IMotor Error %	Motor Current THD %	Vsdref (Vpeak)	Vsqref (Vpeak)	Vout MainBoard (Vrms)	Vout Measured (Vrms)	Vout Error (Vrms)	Vout Error %	Motor Power MainBoard (W)	Motor Power Measured (W)	Motor Power Error (W)	Motor Power Error %	Line Voltage (Vrms)	Line Current (Arms)	Line Power (W)	Line Power Factor	Bulk Ripple (V)	DC Bus Voltage (Vrms)	Motor Mechanical Power (W)	Motor Efficiency	Inverter Efficiency	Overall Efficiency	Temperature (deg C)	Estimated Temperature (deg C)	Motor cos-phi	Electrical Power Alpha-Beta [W]	Electrical Power Error [W]	Electrical Power Error [%]	Bus Voltage Usage [%]	Rotational Losses [W]	Kt [Nm/Arms]	
10158.8284	10161.8889	3.0605	0.0301	0.1774	0.2120	0.2141	-0.0367	-20.6720	0.0443	0.0437	-1.8633	-2.0714	0.8988	-1.9771	0.3118	1.4189	1.3999	0.0190	1.3400	0.0000	-6.7077	199.1433	244.2046	242.7633	-1.4412	-0.5937	289.4722	249.3667	-40.1055	-16.0830	264.6549	1.4796	270.2689	0.6899	nan	242.4515	188.8322	75.7064	92.2500	69.8396	44.0796	60.7457	0.4179	275.2422	-25.8755	-10.3765	100.1286	24.7612	0.1251	
10154.1216	10162.1111	7.9895	0.0786	0.2298	0.2675	0.2490	-0.0192	-8.3558	0.0440	0.0433	-1.9408	-1.9311	1.0048	-2.1038	0.4098	1.4591	1.4451	0.0141	0.9641	0.0000	-13.9538	191.8708	236.6237	242.0934	5.4697	2.2593	329.9542	312.8489	-17.1053	-5.4676	264.8342	1.8070	336.0767	0.7023	nan	241.8849	244.5234	78.1640	93.0882	72.7612	45.2671	61.3021	0.5113	328.0099	-15.1610	-4.8461	100.0862	30.3266	0.1575	
10160.1415	10154.5556	-5.5859	-0.0550	0.2636	0.2938	0.2915	-0.0279	-10.5839	0.0437	0.0442	-2.0341	-1.8212	1.1165	-2.0452	0.4463	1.4917	1.4817	0.0100	0.6733	0.0000	-7.8387	192.9127	236.9563	241.7408	4.7845	1.9792	343.8553	350.9556	7.1003	2.0231	264.9513	2.0005	375.2678	0.7080	nan	241.4850	280.2602	79.8568	93.5212	74.6830	46.3389	61.7893	0.5619	367.2764	-16.3208	-4.6504	100.1059	30.8223	0.1767	
10161.4362	10162.8889	1.4527	0.0143	0.2971	0.3248	0.3254	-0.0283	-9.5208	0.0439	0.0435	-2.2185	-1.7696	1.2543	-2.0860	0.5084	1.5290	1.5135	0.0156	1.0192	0.0000	-6.5686	190.2250	233.7027	241.0623	7.3596	3.0530	373.3194	388.5544	15.2350	3.9210	264.9809	2.1908	414.1911	0.7135	nan	240.9638	316.2020	81.3798	93.8103	76.3426	47.3932	62.2756	0.6086	404.9562	-16.4018	-4.2212	100.0409	30.2948	0.1943	
10160.3569	10162.3333	1.9764	0.0194	0.3308	0.3592	0.3508	-0.0200	-6.0483	0.0431	0.0423	-2.5989	-1.8626	1.3937	-2.2185	0.5984	1.5691	1.5622	0.0069	0.4400	0.0000	-14.5382	188.2006	231.8900	240.3434	8.4534	3.5172	432.7819	426.2467	-6.5352	-1.5332	264.9050	2.3814	453.3844	0.7187	nan	240.3266	352.0129	82.5846	94.0144	77.6414	48.3734	62.7799	0.6526	442.9262	-16.6795	-3.9131	100.0070	29.7848	0.2108	
10157.8669	10161.0000	3.1331	0.0308	0.3637	0.3957	0.3997	-0.0360	-9.9093	0.0414	0.0431	-2.9054	-1.7511	1.6651	-2.2463	0.5660	1.6132	1.6046	0.0086	0.5321	0.0000	-6.6230	193.4647	237.1881	239.4187	2.2306	0.9317	500.9672	464.3833	-36.5838	-7.8779	264.7467	2.5744	493.2300	0.7237	nan	239.5444	386.9623	83.3295	94.1514	78.4559	49.3074	63.2894	0.6942	483.3208	-18.9375	-4.0780	99.9475	30.2729	0.2254	
10159.2629	10155.9000	-3.3629	-0.0331	0.3966	0.4273	0.4130	-0.0164	-4.1360	0.0418	0.0416	-2.8481	-1.7394	1.6423	-2.3641	0.6192	1.6616	1.6549	0.0067	0.4040	0.0000	6.4593	193.0360	237.4164	238.4296	1.0132	0.4249	460.3045	503.4430	43.1385	8.5687	264.5491	2.7718	534.1980	0.7285	nan	238.7918	421.7932	83.7828	94.2427	78.9592	50.2948	63.8596	0.7337	521.6607	-18.2177	-3.6186	99.8483	31.4510	0.2387	
10160.5810	10159.1111	-1.4698	-0.0145	0.4306	0.4591	0.4586	-0.0280	-6.5121	0.0413	0.0426	-3.0460	-1.6229	1.8803	-2.3422	0.6945	1.7122	1.7053	0.0070	0.4059	0.0000	-17.6174	187.1851	230.7768	237.5549	6.7781	2.8533	571.7358	542.9367	-28.7991	-5.3043	264.5078	2.9694	575.6611	0.7329	nan	238.2204	458.0504	84.3655	94.3153	79.5695	51.3358	64.4816	0.7707	562.1832	-19.2466	-3.5449	99.7207	31.3784	0.2515	
10158.2768	10160.2222	1.9454	0.0191	0.4634	0.4954	0.4996	-0.0362	-7.8048	0.0406	0.0403	-3.1836	-1.5614	2.0392	-2.4094	0.7184	1.7663	1.7625	0.0038	0.2152	0.0000	-16.4308	188.9563	232.7056	236.7937	4.0880	1.7264	617.4441	583.5889	-33.8552	-5.8012	264.6774	3.1706	618.5556	0.7371	nan	237.8093	493.0939	84.4933	94.3470	79.7169	52.3474	65.1224	0.8056	603.2854	-19.6965	-3.3751	99.5729	33.3457	0.2624	
10157.7201	10160.4444	2.7243	0.0268	0.4956	0.5284	0.5098	-0.0142	-2.8662	0.0414	0.0410	-3.1542	-1.5674	2.0180	-2.5455	0.7927	1.8174	1.8119	0.0055	0.3019	0.0000	-9.7190	191.3180	234.8263	236.1038	1.2775	0.5411	602.4599	620.1700	17.7101	2.8557	264.8314	3.3516	657.2367	0.7405	nan	237.4671	527.2711	85.0204	94.3602	80.2254	53.4326	65.8033	0.8345	641.4788	-21.3088	-3.4360	99.4259	32.1570	0.2727	
10157.6486	10159.6667	2.0181	0.0199	0.5299	0.5649	0.5396	-0.0097	-1.8257	0.0416	0.0431	-2.9908	-1.4028	2.1394	-2.4083	0.8479	1.8840	1.8775	0.0065	0.3460	0.0000	-10.6704	186.7454	229.5303	234.9793	5.4491	2.3189	621.5217	664.3722	42.8505	6.4498	264.8526	3.5722	704.2978	0.7444	nan	236.8846	563.7580	84.8558	94.3311	80.0455	54.5811	66.5471	0.8664	686.0078	-21.6356	-3.2565	99.1957	35.0648	0.2813	
10158.2245	10155.5556	-2.6689	-0.0263	0.5620	0.5963	0.5868	-0.0248	-4.4108	0.0407	0.0404	-3.1502	-1.3249	2.3768	-2.7120	0.9216	1.9451	1.9390	0.0061	0.3135	0.0000	-14.1955	183.4093	225.6281	234.0467	8.4186	3.5970	681.5122	702.8456	21.3334	3.0353	264.8472	3.7650	745.3311	0.7475	nan	236.4021	597.6796	85.0372	94.2998	80.1899	55.7605	67.3520	0.8913	726.0178	-23.1722	-3.2969	99.0036	34.9983	0.2889	
10151.1709	10156.8571	5.6863	0.0560	0.5951	0.6408	0.6346	-0.0395	-6.6338	0.0393	0.0413	-2.7976	-1.0761	2.6625	-2.7661	0.8966	2.0182	2.0116	0.0066	0.3248	0.0000	-0.4852	195.6000	239.7498	232.9114	-6.8384	-2.9360	789.5242	745.7929	-43.7314	-5.8637	264.8331	3.9812	791.4514	0.7507	nan	235.8552	633.0080	84.8773	94.2310	79.9808	57.0003	68.2043	0.9160	773.1748	-27.3819	-3.6715	98.7519	36.9125	0.2949	
10153.9386	10164.2222	10.2836	0.1012	0.6278	0.6716	0.6562	-0.0284	-4.5257	0.0409	0.0389	-2.8330	-1.0532	2.7026	-2.8716	0.9461	2.0964	2.0921	0.0043	0.2052	0.0000	-2.1335	191.2884	234.3464	231.8781	-2.4683	-1.0645	777.5971	789.0356	11.4385	1.4497	264.8119	4.2008	838.0556	0.7534	nan	235.3452	668.2037	84.6861	94.1507	79.7326	58.3145	69.1162	0.9371	816.9032	-27.8677	-3.5319	98.5268	38.5782	0.2995	
10156.4046	10160.8889	4.4843	0.0441	0.6617	0.7039	0.6918	-0.0302	-4.5601	0.0392	0.0403	-2.5959	-0.9080	2.9096	-2.8334	0.9796	2.1804	2.1792	0.0012	0.0549	0.0000	8.6124	185.5490	228.0725	230.8246	2.7521	1.1923	796.2613	831.9567	35.6953	4.2905	264.7911	4.4219	884.5922	0.7555	nan	234.8678	704.0438	84.6251	94.0497	79.5897	59.7932	70.1616	0.9544	860.3342	-28.3775	-3.4109	98.2785	38.4724	0.3035	
10164.4971	10163.7778	-0.7194	-0.0071	0.6950	0.7279	0.7137	-0.0187	-2.6959	0.0401	0.0394	-2.4706	-0.8570	2.9924	-3.0153	1.0143	2.2844	2.2866	-0.0022	-0.0952	0.0000	1.7984	193.2984	236.8248	229.7328	-7.0920	-3.0871	866.7839	880.0911	13.3072	1.5120	264.7660	4.6754	937.1733	0.7571	nan	234.3850	739.7215	84.0505	93.9091	78.9311	61.4585	71.3808	0.9682	910.7894	-30.6983	-3.4881	98.0151	41.6153	0.3042	
10160.9050	10166.2500	5.3450	0.0526	0.7285	0.7695	0.7471	-0.0186	-2.5490	0.0392	0.0414	-1.8994	-0.6280	3.1961	-2.9220	1.0788	2.4096	2.4164	-0.0068	-0.2831	0.0000	4.7737	183.2273	225.0512	228.6520	3.6008	1.5748	875.2196	928.2875	53.0679	5.7168	264.7485	4.9369	990.3450	0.7577	nan	233.9552	775.5664	83.5481	93.7337	78.3127	63.3666	72.7897	0.9727	959.8934	-31.6059	-3.4048	97.7333	42.1043	0.3023	
10163.0203	10160.2000	-2.8203	-0.0278	0.7607	0.8120	0.7787	-0.0180	-2.3637	0.0405	0.0352	-1.6082	-0.5242	3.1924	-3.8797	1.1248	2.6278	2.6435	-0.0157	-0.5991	0.0000	7.2704	192.1116	236.7880	227.5541	-9.2339	-4.0579	921.0419	994.1770	73.1351	7.3563	264.7224	5.3023	1064.0840	0.7581	nan	233.5118	809.3649	81.4105	93.4303	76.0621	65.6603	74.7477	0.9599	1031.1082	-36.9312	-3.7148	97.4487	52.2052	0.2895	
10154.7455	10161.7143	6.9687	0.0686	0.7929	0.8806	0.8439	-0.0511	-6.4439	0.0375	0.0386	1.5215	0.3990	3.6146	-3.7038	0.9881	2.8317	2.8506	-0.0189	-0.6681	0.0000	12.0373	178.6264	219.6595	226.4301	6.7706	2.9901	972.0199	1054.9200	82.9001	7.8584	264.6977	5.6250	1132.9129	0.7609	nan	232.9067	843.7053	79.9782	93.1158	74.4723	68.5148	77.1089	0.9499	1086.3611	-31.4411	-2.9804	97.2192	55.7043	0.2800	
10037.7295	10044.6667	6.9372	0.0691	0.8254	0.8655	0.8422	-0.0167	-2.0247	0.0355	0.0369	5.4739	1.3818	3.9520	-4.0684	1.1841	3.0537	3.0807	-0.0271	-0.8862	0.0000	13.2570	197.6613	243.2024	225.9243	-17.2781	-7.6477	1202.8356	1117.9256	-84.9100	-7.5953	264.6657	5.9873	1205.9056	0.7610	nan	231.9981	868.2660	77.6675	92.7043	72.0011	72.0352	79.8720	0.9356	1136.0838	-18.1583	-1.6243	97.3820	66.6327	0.2703	
9610.5434	9611.1111	0.5677	0.0059	0.8654	0.9274	0.9249	-0.0594	-6.8666	0.0384	0.0391	8.0224	2.0209	3.9780	-4.1674	1.2158	3.0615	3.0909	-0.0294	-0.9595	0.0000	18.7688	190.5392	234.8315	226.0373	-8.7941	-3.8906	1196.8286	1120.9333	-75.8953	-6.7707	264.6549	6.0005	1209.0678	0.7614	nan	231.9176	871.0466	77.7073	92.7105	72.0429	76.0801	82.2197	0.9352	1164.7104	-43.7771	-3.9054	97.4645	63.4012	0.2827	
9224.4745	9229.8889	5.4144	0.0587	0.8980	1.0560	0.9514	-0.0534	-5.9421	0.0398	0.0438	6.6797	1.6983	3.9555	-4.1880	1.2414	3.0799	3.1135	-0.0336	-1.0911	0.0000	13.7607	177.9247	219.0379	225.8259	6.7879	3.0058	1087.5471	1122.8189	35.2717	3.1414	264.6614	6.0130	1211.6678	0.7614	nan	231.8859	867.9650	77.3024	92.6672	71.6340	80.1653	84.0459	0.9320	1159.0319	-36.2130	-3.2252	97.3867	63.5391	0.2916	

Torque compensated Offset = 	0
Mean Torque Mainboard Error perc = 	-6.238688515383841


Step N. = 	5
Target Speed = 	7620

Speed Mainboard (rpm_M)	Speed TestBench (rpm_M)	Speed Error (rpm_M)	Speed Error %	Torque TestBench (Nm_M)	Torque Ref (Nm)	Torque MainBoard (Nm_M)	Torque MainBoard Error (Nm_M)	Torque MainBoard Error %	Flux Ref (V/rad/s)	Flux (V/rad/s)	Id * Iq (A^2)	Id (Apeak)	Iq (Apeak)	Id Rotor (Apeak)	Iq Rotor (Apeak)	IMotor Measured (Arms)	IMotor MainBoard (Arms)	IMotor Error (Arms)	IMotor Error %	Motor Current THD %	Vsdref (Vpeak)	Vsqref (Vpeak)	Vout MainBoard (Vrms)	Vout Measured (Vrms)	Vout Error (Vrms)	Vout Error %	Motor Power MainBoard (W)	Motor Power Measured (W)	Motor Power Error (W)	Motor Power Error %	Line Voltage (Vrms)	Line Current (Arms)	Line Power (W)	Line Power Factor	Bulk Ripple (V)	DC Bus Voltage (Vrms)	Motor Mechanical Power (W)	Motor Efficiency	Inverter Efficiency	Overall Efficiency	Temperature (deg C)	Estimated Temperature (deg C)	Motor cos-phi	Electrical Power Alpha-Beta [W]	Electrical Power Error [W]	Electrical Power Error [%]	Bus Voltage Usage [%]	Rotational Losses [W]	Kt [Nm/Arms]	
7614.4494	7616.1250	1.6756	0.0220	0.1740	0.1405	0.1437	0.0303	17.4419	0.0609	0.0609	-0.4888	-1.2203	0.3999	-1.2261	0.2485	0.9151	0.8313	0.0837	9.1501	0.0000	-10.1487	196.0536	240.5131	243.5008	2.9877	1.2270	136.1001	168.6950	32.5949	19.3218	264.9875	1.0422	185.0850	0.6699	nan	246.8574	138.7782	82.2705	91.1267	74.9702	42.3359	53.7598	0.4368	129.4793	39.2157	23.2465	98.6417	15.1352	0.1901	
7615.4094	7619.2500	3.8406	0.0504	0.2452	0.2521	0.2527	-0.0075	-3.0529	0.0597	0.0592	-0.8557	-1.1925	0.7180	-1.3440	0.4254	0.9930	0.9570	0.0359	3.6191	0.0000	-10.3420	192.6139	236.3191	241.6756	5.3565	2.2164	225.5753	231.2038	5.6285	2.4344	265.0415	1.3748	250.1400	0.6865	nan	243.4395	195.6816	84.6377	92.4290	78.2296	42.7928	54.1029	0.5562	222.5404	8.6634	3.7471	99.2757	18.0867	0.2470	
7616.0431	7618.4444	2.4013	0.0315	0.2936	0.3006	0.2945	-0.0010	-0.3268	0.0589	0.0592	-1.0074	-1.2001	0.8372	-1.3841	0.4950	1.0460	1.0060	0.0400	3.8228	0.0000	-5.9365	191.6350	234.9719	240.8913	5.9195	2.4573	251.5573	271.5822	20.0249	7.3734	265.0122	1.5858	291.6711	0.6940	nan	243.0347	234.1990	86.2357	93.1122	80.2958	43.3411	54.4178	0.6223	264.7378	6.8444	2.5202	99.1184	17.9972	0.2807	
7614.7819	7618.7143	3.9324	0.0516	0.3423	0.3441	0.3461	-0.0039	-1.1248	0.0598	0.0580	-1.1465	-1.1805	0.9713	-1.5165	0.5720	1.1055	1.0642	0.0413	3.7368	0.0000	-6.8321	190.7175	233.8279	239.8530	6.0251	2.5120	290.2730	312.2657	21.9927	7.0429	264.9013	1.7967	333.8386	0.7014	nan	242.4916	273.0858	87.4541	93.5377	81.8024	43.8355	54.7046	0.6799	301.6359	10.6298	3.4041	98.9122	17.4839	0.3096	
7615.3479	7619.8000	4.4521	0.0584	0.3911	0.3964	0.4066	-0.0155	-3.9523	0.0582	0.0570	-1.3856	-1.1777	1.1760	-1.6059	0.6570	1.1710	1.1280	0.0431	3.6774	0.0000	-12.5410	189.6942	232.9095	238.7927	5.8832	2.4637	357.2090	354.7720	-2.4370	-0.6869	264.7763	2.0149	377.9420	0.7084	nan	241.6558	312.0758	87.9656	93.8692	82.5726	44.4697	55.0326	0.7325	346.7990	7.9730	2.2474	98.8156	18.2935	0.3340	
7616.2949	7618.5000	2.2051	0.0289	0.4397	0.4516	0.4640	-0.0243	-5.5184	0.0571	0.0580	-1.5800	-1.1430	1.3834	-1.5991	0.7181	1.2422	1.2119	0.0303	2.4390	0.0000	-9.7069	191.5199	234.9626	237.7382	2.7757	1.1675	412.8699	398.4000	-14.4699	-3.6320	264.6803	2.2376	423.4450	0.7150	nan	240.7248	350.8360	88.0615	94.0854	82.8529	45.1522	55.4044	0.7789	395.6425	2.7575	0.6921	98.7596	20.0352	0.3540	
7613.1997	7619.2222	6.0225	0.0790	0.4861	0.5013	0.5089	-0.0228	-4.6848	0.0570	0.0576	-1.6926	-1.1376	1.4876	-1.6179	0.7733	1.3153	1.2674	0.0478	3.6367	0.0000	-1.2858	193.8821	237.5987	236.7301	-0.8686	-0.3669	434.3954	441.1911	6.7957	1.5403	264.6168	2.4546	468.2411	0.7209	nan	240.0541	387.8599	87.9120	94.2230	82.8333	45.8656	55.7953	0.8181	436.5925	4.5986	1.0423	98.6156	22.3871	0.3696	
7619.5526	7618.9000	-0.6526	-0.0086	0.5345	0.5447	0.5509	-0.0164	-3.0648	0.0561	0.0572	-1.7694	-1.0813	1.6295	-1.7188	0.8744	1.3887	1.3522	0.0365	2.6270	0.0000	-6.5466	188.9624	231.7388	235.8466	4.1078	1.7417	472.4757	482.7480	10.2723	2.1279	264.6187	2.6640	511.8710	0.7261	nan	239.3557	426.4507	88.3385	94.3104	83.3125	46.6672	56.2524	0.8510	480.5024	2.2456	0.4652	98.5342	21.6992	0.3849	
7616.2494	7620.0000	3.7506	0.0492	0.5830	0.5987	0.5982	-0.0152	-2.6014	0.0563	0.0576	-1.8644	-1.0496	1.7642	-1.7414	0.9157	1.4688	1.4304	0.0384	2.6155	0.0000	-0.6426	192.3882	235.6925	234.8926	-0.7999	-0.3406	511.0938	526.2300	15.1362	2.8764	264.6497	2.8825	557.7756	0.7312	nan	238.6887	465.2133	88.4049	94.3444	83.4051	47.5794	56.7456	0.8806	527.3841	-1.1541	-0.2193	98.4098	22.1804	0.3969	
7611.1596	7621.1111	9.9515	0.1306	0.6309	0.6543	0.6588	-0.0279	-4.4295	0.0550	0.0558	-1.8736	-0.9392	1.9988	-1.9697	0.9596	1.5519	1.5084	0.0435	2.8004	0.0000	3.8660	193.7880	237.5349	233.9413	-3.5936	-1.5361	576.4938	569.5944	-6.8993	-1.2113	264.6432	3.0998	603.6644	0.7359	nan	238.0738	503.5003	88.3964	94.3561	83.4074	48.5222	57.2941	0.9058	572.4550	-2.8605	-0.5022	98.2644	22.5902	0.4065	
7616.7031	7620.8333	4.1302	0.0542	0.6792	0.6971	0.6997	-0.0205	-3.0171	0.0548	0.0545	-2.0439	-0.9507	2.1630	-2.0977	1.0726	1.6439	1.5993	0.0446	2.7103	0.0000	-4.7312	193.4326	237.0673	232.8752	-4.1922	-1.8002	636.1781	615.5550	-20.6231	-3.3503	264.5493	3.3308	652.5133	0.7405	nan	237.3987	542.0102	88.0523	94.3360	83.0650	49.5433	57.8761	0.9283	614.4543	1.1007	0.1788	98.0947	24.5450	0.4131	
7621.3616	7619.5556	-1.8061	-0.0237	0.7276	0.7378	0.7365	-0.0089	-1.2276	0.0545	0.0553	-1.9382	-0.8533	2.2800	-2.0521	1.1139	1.7357	1.6923	0.0434	2.5007	0.0000	-2.0226	187.8700	230.1813	231.8920	1.7107	0.7377	644.8975	659.6667	14.7691	2.2389	264.4561	3.5536	699.6644	0.7445	nan	236.6996	580.5296	88.0035	94.2833	82.9726	50.6021	58.5320	0.9463	661.3486	-1.6820	-0.2550	97.9691	24.3022	0.4192	
7615.4036	7619.3333	3.9297	0.0516	0.7761	0.7946	0.7923	-0.0162	-2.0813	0.0534	0.0535	-1.7562	-0.7151	2.4767	-2.2886	1.2246	1.8387	1.7874	0.0513	2.7911	0.0000	-7.5906	185.4843	227.5955	230.8806	3.2850	1.4228	695.4645	707.4044	11.9400	1.6879	264.4208	3.7944	750.8867	0.7484	nan	236.0456	619.2550	87.5390	94.2092	82.4698	51.9161	59.2976	0.9621	707.5717	-0.1673	-0.0236	97.8120	26.3148	0.4221	
7620.6124	7620.3000	-0.3124	-0.0041	0.8242	0.8401	0.8593	-0.0351	-4.2535	0.0526	0.0549	-1.8122	-0.6577	2.7503	-2.2356	1.2613	1.9420	1.8914	0.0507	2.6082	0.0000	0.4450	185.4291	227.2607	229.9952	2.7345	1.1889	762.5620	753.2970	-9.2650	-1.2299	264.4346	4.0267	800.2680	0.7516	nan	235.4758	657.7082	87.3107	94.1306	82.1861	53.4111	60.1949	0.9737	759.0031	-5.7061	-0.7575	97.6727	26.2346	0.4244	
7616.5663	7620.3333	3.7671	0.0494	0.8710	0.8979	0.8965	-0.0255	-2.9331	0.0523	0.0517	-1.0931	-0.3873	2.8940	-2.7709	1.3550	2.0624	2.0161	0.0463	2.2452	0.0000	-7.0657	185.6325	227.6658	229.1202	1.4544	0.6348	810.5198	804.3078	-6.2120	-0.7723	264.5491	4.2865	855.5633	0.7545	nan	234.9715	695.0575	86.4169	94.0091	81.2398	55.0332	61.1837	0.9827	813.1879	-8.8801	-1.1041	97.5099	30.5720	0.4223	
7611.7538	7619.7500	7.9962	0.1049	0.9203	0.9538	0.9650	-0.0447	-4.8612	0.0530	0.0549	-0.7344	-0.2454	3.0636	-2.5072	1.3860	2.1903	2.1334	0.0569	2.5973	0.0000	-4.7693	184.4963	226.3351	228.3750	2.0399	0.8932	848.6676	855.2125	6.5449	0.7653	264.6920	4.5504	911.1875	0.7565	nan	234.6481	734.3028	85.8621	93.8569	80.5875	56.8783	62.3106	0.9871	863.4578	-8.2453	-0.9641	97.3267	31.5820	0.4201	
7611.1295	7622.7500	11.6205	0.1524	0.9691	1.0027	1.0044	-0.0353	-3.6377	0.0507	0.0514	0.1040	0.0140	3.3273	-2.9726	1.4055	2.3447	2.2754	0.0692	2.9529	0.0000	-3.8104	186.7398	228.7975	227.4939	-1.3036	-0.5730	931.6657	910.2812	-21.3845	-2.3492	264.7205	4.8462	971.8350	0.7575	nan	234.2938	773.6065	84.9854	93.6662	79.6027	58.9655	63.5671	0.9853	914.2271	-3.9458	-0.4335	97.0978	33.5509	0.4133	
7615.4988	7620.5556	5.0567	0.0664	1.0160	1.0568	1.1121	-0.0961	-9.4582	0.0515	0.0495	3.0964	0.7724	3.6740	-3.4166	1.4619	2.5710	2.4891	0.0819	3.1868	0.0000	-5.7118	194.6215	238.5821	226.5631	-12.0190	-5.3049	1068.5091	974.5600	-93.9491	-9.6402	264.7143	5.2045	1043.6656	0.7575	nan	233.7454	810.7913	83.1957	93.3786	77.6869	61.5152	65.2116	0.9660	993.9205	-19.3605	-1.9866	96.9274	38.6535	0.3952	
7607.4953	7618.6667	11.1714	0.1466	1.0644	1.1241	1.1390	-0.0745	-7.0009	0.0503	0.0503	4.6378	1.1674	3.8246	-3.4964	1.4907	2.8690	2.7942	0.0748	2.6067	0.0000	5.2205	198.0810	242.6997	225.9717	-16.7281	-7.4027	1149.0699	1053.4033	-95.6666	-9.0817	264.6879	5.6332	1132.7656	0.7597	nan	233.3182	849.2404	80.6190	92.9939	74.9708	64.8909	67.4564	0.9381	1060.3417	-6.9384	-0.6587	96.8514	46.5162	0.3710	
7573.7690	7577.1111	3.3422	0.0441	1.1118	1.1628	1.2005	-0.0887	-7.9826	0.0502	0.0503	7.2613	1.7550	4.0669	-3.8436	1.5578	3.0894	3.0306	0.0588	1.9049	0.0000	8.1690	188.3389	231.1074	225.5089	-5.5986	-2.4826	1169.3209	1121.3044	-48.0164	-4.2822	264.6694	6.0102	1210.5056	0.7610	nan	232.5199	882.1654	78.6732	92.6311	72.8758	69.1620	70.4272	0.9292	1131.3881	-10.0837	-0.8993	96.9851	53.6255	0.3599	
7391.1614	7167.5000	-223.6614	-3.1205	1.1658	1.2261	1.2039	-0.0382	-3.2732	0.0500	0.0512	5.4494	1.3845	3.9377	-3.9991	1.4997	3.0790	3.1268	-0.0478	-1.5510	0.0000	9.8954	188.9728	231.8644	225.4205	-6.4439	-2.8586	1136.9671	1118.3975	-18.5696	-1.6604	264.6725	6.0018	1207.3575	0.7601	nan	232.2610	874.9772	78.2349	92.6318	72.4705	73.7862	73.3547	0.9303	1153.8046	-35.4071	-3.1659	97.0548	56.2360	0.3786	
7035.2501	6859.3333	-175.9168	-2.5646	1.2130	1.3443	1.3085	-0.0955	-7.8755	0.0541	0.0561	6.7826	1.6578	4.0647	-3.9223	1.6573	3.0666	3.1061	-0.0395	-1.2876	0.0000	10.3466	185.8347	228.0383	225.1923	-2.8460	-1.2638	1158.6791	1113.7522	-44.9269	-4.0338	264.6652	5.9839	1202.5322	0.7593	nan	232.3647	871.2998	78.2310	92.6172	72.4554	78.1308	75.2596	0.9312	1148.6827	-34.9304	-3.1363	96.9133	54.0651	0.3956	

Torque compensated Offset = 	0
Mean Torque Mainboard Error perc = 	-3.1325359056783513


Step N. = 	6
Target Speed = 	4445

Speed Mainboard (rpm_M)	Speed TestBench (rpm_M)	Speed Error (rpm_M)	Speed Error %	Torque TestBench (Nm_M)	Torque Ref (Nm)	Torque MainBoard (Nm_M)	Torque MainBoard Error (Nm_M)	Torque MainBoard Error %	Flux Ref (V/rad/s)	Flux (V/rad/s)	Id * Iq (A^2)	Id (Apeak)	Iq (Apeak)	Id Rotor (Apeak)	Iq Rotor (Apeak)	IMotor Measured (Arms)	IMotor MainBoard (Arms)	IMotor Error (Arms)	IMotor Error %	Motor Current THD %	Vsdref (Vpeak)	Vsqref (Vpeak)	Vout MainBoard (Vrms)	Vout Measured (Vrms)	Vout Error (Vrms)	Vout Error %	Motor Power MainBoard (W)	Motor Power Measured (W)	Motor Power Error (W)	Motor Power Error %	Line Voltage (Vrms)	Line Current (Arms)	Line Power (W)	Line Power Factor	Bulk Ripple (V)	DC Bus Voltage (Vrms)	Motor Mechanical Power (W)	Motor Efficiency	Inverter Efficiency	Overall Efficiency	Temperature (deg C)	Estimated Temperature (deg C)	Motor cos-phi	Electrical Power Alpha-Beta [W]	Electrical Power Error [W]	Electrical Power Error [%]	Bus Voltage Usage [%]	Rotational Losses [W]	Kt [Nm/Arms]	
4441.1458	4440.6667	-0.4792	-0.0108	0.1568	0.1207	0.1270	0.0298	18.9928	0.0934	0.0932	0.0520	0.2288	0.2292	0.1834	0.2321	0.2840	0.2257	0.0583	20.5419	0.0000	-0.8527	173.8209	213.0312	216.3269	3.2957	1.5235	59.1412	84.1489	25.0077	29.7184	264.6878	0.5736	96.2044	0.6323	nan	249.7225	72.9092	86.7572	87.2951	75.7286	40.9306	55.0153	0.7858	54.1174	30.0315	35.6885	86.6302	9.8231	0.5520	
4442.8193	4443.8889	1.0696	0.0241	0.2889	0.2804	0.2847	0.0042	1.4520	0.0942	0.0943	0.1367	0.2663	0.5024	0.1129	0.5596	0.4419	0.3843	0.0576	13.0411	0.0000	-2.1612	174.2468	213.6049	219.2593	5.6544	2.5789	130.3081	150.7333	20.4252	13.5506	264.7761	0.9429	166.3022	0.6661	nan	244.5298	134.4380	89.2046	90.6350	80.8492	40.9855	55.0223	0.8981	136.5680	14.1653	9.3976	89.6663	12.8652	0.6537	
4439.4315	4443.0000	3.5685	0.0803	0.3857	0.3987	0.3771	0.0086	2.2274	0.0948	0.0942	0.1962	0.2894	0.6784	0.0675	0.7749	0.5590	0.5047	0.0543	9.7123	0.0000	-7.8929	175.5053	215.3120	221.6299	6.3178	2.8506	175.3544	196.8386	21.4842	10.9146	265.0210	1.1922	214.3400	0.6784	nan	243.7900	179.4612	91.1718	91.8345	83.7271	41.1193	55.1102	0.9172	187.4232	9.4154	4.7833	90.9105	11.8857	0.6900	
4442.7810	4445.8889	3.1079	0.0699	0.4772	0.4883	0.4778	-0.0006	-0.1298	0.0958	0.0966	0.2711	0.3306	0.8280	0.1208	0.9720	0.6868	0.6377	0.0491	7.1497	0.0000	2.6707	182.0336	223.3135	225.5407	2.2271	0.9875	227.1084	246.0700	18.9616	7.7058	264.9602	1.4528	265.4956	0.6897	nan	243.0826	222.1815	90.2922	92.6832	83.6856	41.3419	55.2609	0.9172	240.0709	5.9991	2.4380	92.7838	15.5929	0.6948	
4439.8595	4442.3333	2.4738	0.0557	0.5710	0.6005	0.5990	-0.0280	-4.8970	0.0971	0.0976	0.4927	0.4767	1.0277	0.0879	1.1327	0.8098	0.7631	0.0468	5.7759	0.0000	6.8368	186.0818	228.7106	229.4617	0.7511	0.3273	293.4794	294.0467	0.5673	0.1929	264.6357	1.7043	315.2722	0.6990	nan	241.9889	265.6292	90.3365	93.2674	84.2544	41.6835	55.4756	0.9136	289.8908	4.1559	1.4133	94.8234	16.8686	0.7051	
4436.2833	4443.3333	7.0501	0.1587	0.6644	0.7111	0.7082	-0.0438	-6.5924	0.0983	0.0981	0.7515	0.6286	1.1934	-0.0089	1.2756	0.9232	0.8951	0.0281	3.0460	0.0000	1.1007	184.8823	227.2438	232.0112	4.7675	2.0548	333.2201	340.1267	6.9065	2.0306	264.6652	1.9413	363.1278	0.7067	nan	241.1469	309.1689	90.8982	93.6658	85.1405	42.1531	55.7581	0.9168	339.9211	0.2056	0.0605	96.2117	15.9213	0.7197	
4437.5819	4443.2222	5.6403	0.1269	0.7579	0.7974	0.7743	-0.0164	-2.1685	0.0977	0.0993	0.7512	0.5675	1.3201	-0.0750	1.4444	1.0425	1.0081	0.0344	3.3019	0.0000	3.9806	190.6919	233.7358	233.3856	-0.3502	-0.1501	380.9588	389.0611	8.1023	2.0825	264.9082	2.1899	414.3267	0.7142	nan	240.7470	352.6404	90.6388	93.9020	85.1117	42.7106	56.0893	0.9232	382.9722	6.0889	1.5650	96.9425	17.2066	0.7270	
4450.2619	4443.6667	-6.5952	-0.1484	0.8506	0.8476	0.8772	-0.0266	-3.1313	0.0971	0.0982	0.8801	0.5858	1.5105	-0.2247	1.5184	1.1658	1.1326	0.0333	2.8528	0.0000	7.8484	186.7857	229.2256	233.5284	4.3028	1.8425	430.6573	439.1400	8.4827	1.9317	264.9661	2.4441	467.0211	0.7212	nan	240.0933	395.7974	90.1301	94.0300	84.7493	43.4306	56.4895	0.9312	432.4674	6.6726	1.5195	97.2660	19.2505	0.7296	
4443.8184	4441.8750	-1.9434	-0.0438	0.9435	0.9606	0.9726	-0.0291	-3.0859	0.0946	0.0974	0.9290	0.5465	1.6926	-0.4077	1.7298	1.2810	1.2492	0.0318	2.4858	0.0000	7.0022	190.1301	233.4703	233.0211	-0.4491	-0.1927	489.4145	485.1125	-4.3020	-0.8868	264.9046	2.6777	515.6437	0.7269	nan	239.3582	438.8712	90.4679	94.0790	85.1113	44.2479	56.9501	0.9383	480.9898	4.1227	0.8498	97.3528	17.0655	0.7365	
4445.0434	4443.6667	-1.3768	-0.0310	1.0370	1.0526	1.0309	0.0061	0.5863	0.0974	0.0967	1.2533	0.7093	1.7691	-0.5407	1.8976	1.4132	1.3829	0.0303	2.1450	0.0000	-1.1254	178.7619	219.2066	232.2228	13.0162	5.6050	473.8416	536.6311	62.7895	11.7007	264.7736	2.9393	570.4333	0.7330	nan	238.4136	482.5573	89.9235	94.0743	84.5949	45.2770	57.4977	0.9441	535.2310	1.4001	0.2609	97.4035	18.4293	0.7338	
4443.2835	4447.5556	4.2720	0.0961	1.1308	1.1540	1.1428	-0.0120	-1.0611	0.0948	0.0942	1.4481	0.7346	1.9857	-0.8536	1.9241	1.5516	1.5232	0.0284	1.8320	0.0000	5.5079	188.3178	230.7719	231.4502	0.6784	0.2931	566.4264	589.1856	22.7592	3.8628	264.6320	3.2055	626.4822	0.7385	nan	237.5686	526.6563	89.3872	94.0467	84.0657	46.4592	58.1697	0.9472	584.6881	4.4975	0.7633	97.4248	19.3712	0.7288	
4449.7905	4445.2500	-4.5405	-0.1021	1.2230	1.2326	1.2431	-0.0201	-1.6457	0.0937	0.0947	1.5171	0.6890	2.2214	-0.9825	2.1106	1.6961	1.6820	0.0141	0.8310	0.0000	12.7635	186.3112	228.8999	230.6788	1.7789	0.7711	634.5192	642.4050	7.8858	1.2275	264.5075	3.4753	683.5325	0.7436	nan	236.6053	569.3132	88.6221	93.9831	83.2898	47.8800	58.9839	0.9480	641.5206	0.8844	0.1377	97.4954	21.2487	0.7211	
4441.2007	4443.7778	2.5771	0.0580	1.3160	1.3503	1.3241	-0.0081	-0.6170	0.0903	0.0902	1.8528	0.7506	2.4482	-1.4843	2.2911	1.8438	1.8111	0.0327	1.7759	0.0000	6.7345	178.7121	219.2182	229.9987	10.7804	4.6872	664.2308	695.6622	31.4314	4.5182	264.4306	3.7453	740.9222	0.7481	nan	235.9146	612.4023	88.0316	93.8914	82.6541	49.4671	59.8884	0.9471	691.2869	4.3753	0.6289	97.4926	21.6339	0.7137	
4441.6451	4445.5556	3.9104	0.0880	1.4094	1.4490	1.4483	-0.0388	-2.7546	0.0926	0.0916	2.4883	0.9576	2.6178	-1.6281	2.2984	2.0060	1.9897	0.0163	0.8126	0.0000	-0.1860	178.6578	218.9739	229.2333	10.2595	4.4756	698.3156	752.2722	53.9566	7.1725	264.4171	4.0326	802.1311	0.7523	nan	235.0876	656.1492	87.2223	93.7842	81.8008	51.4207	60.9776	0.9445	753.5206	-1.2484	-0.1659	97.5099	22.6583	0.7026	
4442.6333	4443.5714	0.9382	0.0211	1.5046	1.5332	1.5209	-0.0164	-1.0873	0.0918	0.0932	2.9527	1.0623	2.7720	-1.6803	2.4089	2.1883	2.1225	0.0657	3.0042	0.0000	4.4560	187.1953	229.7615	228.2226	-1.5389	-0.6743	788.9725	813.2457	24.2732	2.9847	264.3933	4.3466	868.6314	0.7559	nan	234.4516	700.1217	86.0902	93.6238	80.6009	53.5016	62.1710	0.9402	812.3904	0.8553	0.1052	97.3433	25.0394	0.6876	
4437.5396	4442.0909	4.5513	0.1025	1.5951	1.6551	1.6190	-0.0239	-1.5010	0.0907	0.0895	3.8224	1.3076	2.9467	-2.1647	2.4542	2.4028	2.3392	0.0635	2.6433	0.0000	9.8972	183.8222	226.3911	226.2665	-0.1246	-0.0551	828.4463	877.7273	49.2810	5.6146	264.3682	4.6874	939.5009	0.7581	nan	233.9216	741.9957	84.5372	93.4248	78.9787	56.2176	63.7536	0.9321	870.0701	7.6572	0.8724	96.7279	28.4892	0.6639	
4442.7311	4441.2500	-1.4811	-0.0333	1.6928	1.7552	1.7985	-0.1057	-6.2472	0.0860	0.0824	5.2223	1.4669	3.5123	-3.0776	2.5223	2.6316	2.6161	0.0156	0.5924	0.0000	-2.2654	175.3614	215.1586	225.0302	9.8716	4.3868	924.3808	945.2550	20.8742	2.2083	264.3935	5.0552	1014.3900	0.7590	nan	233.1654	787.2765	83.2875	93.1846	77.6112	59.7413	65.8607	0.9216	959.4737	-14.2187	-1.5042	96.5110	27.7077	0.6432	
4404.6559	4389.7778	-14.8781	-0.3389	1.7858	1.8412	1.8712	-0.0854	-4.7837	0.0860	0.0873	6.5207	1.7726	3.6643	-2.8793	2.5640	2.8181	2.8001	0.0180	0.6402	0.0000	1.4399	199.7005	244.9246	225.3243	-19.6003	-8.6987	1105.2648	1006.3689	-98.8959	-9.8270	264.4683	5.3834	1082.8678	0.7606	nan	232.6122	820.9163	81.5751	92.9356	75.8124	63.5720	68.1209	0.9150	1013.5654	-7.1965	-0.7151	96.8670	34.0433	0.6337	
4172.9113	4136.1000	-36.8113	-0.8900	1.8750	1.9579	1.9240	-0.0490	-2.6115	0.0916	0.0911	6.1488	1.7530	3.5045	-2.9755	2.7033	2.8222	2.8490	-0.0268	-0.9497	0.0000	6.3644	176.7939	217.2325	226.5395	9.3070	4.1083	948.0284	1002.9550	54.9266	5.4765	264.6012	5.3605	1078.9360	0.7607	nan	232.7062	812.1132	80.9721	92.9578	75.2698	68.1013	70.4638	0.9057	1013.2494	-10.2944	-1.0264	97.3500	36.5937	0.6644	

Torque compensated Offset = 	0
Mean Torque Mainboard Error perc = 	-1.0029232519884739


