Time	speed	torque	motor_current	motor_current_thd	motor_voltage	motor_power	line_voltage	line_current	line_power	motor_temperature	Test_Marker	BD_Target_Speed	BD_Target_Accel	BD_Update_Cmd	Mcl_Quantities.Speed_Rot_Mech	Mcl_Quantities.Torque	Mcl_Quantities.Torque_Ref	Mcl_Quantities.Stator_Flux_Mag	Mcl_Quantities.Flux_Ref	Mcl_Quantities.Id_stator_current	Mcl_Quantities.Iq_stator_current	Mcl_Quantities.Id_rotor_current	Rotor_Curr_Iq	Flux_Controller.Out	Torque_Controller.Out	DC_Bus_RMS	Mcl_Quantities.Electrical_Power	Mcl_Quantities.Stator_Temperature	Mcl_Quantities.Is_Abs	Mcl_Quantities.IsRMS	SR_Overheating_Temp
0.7421	0.0000	-0.0140	0.0309	0.0000	1.5790	-0.0300	230.7120	0.0355	2.0000	26.1770	NOT CONNECTED	NOT CONNECTED	NOT CONNECTED	NOT CONNECTED	NOT CONNECTED	NOT CONNECTED	NOT CONNECTED	NOT CONNECTED	NOT CONNECTED	NOT CONNECTED	NOT CONNECTED	NOT CONNECTED	NOT CONNECTED	NOT CONNECTED	NOT CONNECTED	NOT CONNECTED	NOT CONNECTED	NOT CONNECTED	NOT CONNECTED	NOT CONNECTED	NOT CONNECTED
1.4728	0.0000	-0.0140	0.0091	0.0000	0.0000	-0.0300	230.7190	0.0000	1.4900	26.2082	NOT CONNECTED	0.0000	450.0000	0.0000	0.0000	0.0000	0.0000	0.0917	0.0527	-2.0506	0.6149	-2.1189	0.3054	0.0000	0.0000	320.9996	0.0000	-11.6066	2.1408	0.0054	25.7895
1.4877	0.0000	-0.0140	0.0091	0.0000	0.0000	-0.0300	230.7190	0.0000	1.4900	26.2082	NOT CONNECTED	0.0000	450.0000	0.0000	0.0000	0.0000	0.0000	0.0917	0.0527	-2.0506	0.6149	-2.1189	0.3054	0.0000	0.0000	320.9996	0.0000	-11.6066	2.1408	0.0054	25.7895
2.0776	0.0000	-0.0140	0.0091	0.0000	0.0000	-0.0300	230.7340	0.0000	1.5100	26.2211	NOT CONNECTED	0.0000	450.0000	0.0000	0.0000	0.0000	0.0000	0.0917	0.0527	-2.0506	0.6149	-2.1189	0.3054	0.0000	0.0000	320.9983	0.0000	-11.6206	2.1408	0.0058	25.7895
2.2276	0.0000	-0.0140	0.0091	0.0000	0.0000	-0.0300	230.7340	0.0000	1.5100	26.2211	NOT CONNECTED	0.0000	450.0000	0.0000	0.0000	0.0000	0.0000	0.0917	0.0527	-2.0506	0.6149	-2.1189	0.3054	0.0000	0.0000	320.9983	0.0000	-11.6206	2.1408	0.0058	25.7895
2.6831	0.0000	-0.0140	0.0090	0.0000	0.0000	-0.0300	230.7410	0.0000	1.5000	26.1793	NOT CONNECTED	0.0000	450.0000	0.0000	0.0000	0.0000	0.0000	0.0917	0.0527	-2.0506	0.6149	-2.1189	0.3054	0.0000	0.0000	321.0226	0.0000	-11.6331	2.1408	0.0055	25.7891
2.9739	0.0000	-0.0140	0.0090	0.0000	0.0000	-0.0300	230.7410	0.0000	1.5000	26.1793	NOT CONNECTED	0.0000	450.0000	0.0000	0.0000	0.0000	0.0000	0.0917	0.0527	-2.0506	0.6149	-2.1189	0.3054	0.0000	0.0000	321.0226	0.0000	-11.6331	2.1408	0.0055	25.7891
3.2881	0.0000	-0.0140	0.0090	0.0000	0.0000	-0.0300	230.7410	0.0000	1.5000	26.1793	NOT CONNECTED	0.0000	450.0000	0.0000	0.0000	0.0000	0.0000	0.0917	0.0527	-2.0506	0.6149	-2.1189	0.3054	0.0000	0.0000	321.0348	0.0000	-11.6447	2.1408	0.0057	25.7886
3.7122	0.0000	-0.0140	0.0090	0.0000	0.0000	-0.0300	230.7580	0.0000	1.5100	26.2155	NOT CONNECTED	0.0000	450.0000	0.0000	0.0000	0.0000	0.0000	0.0917	0.0527	-2.0506	0.6149	-2.1189	0.3054	0.0000	0.0000	321.0253	0.0000	-11.6546	2.1408	0.0055	25.7886
3.8940	0.0000	-0.0140	0.0090	0.0000	0.0000	-0.0300	230.7580	0.0000	1.5100	26.2155	NOT CONNECTED	0.0000	450.0000	0.0000	0.0000	0.0000	0.0000	0.0917	0.0527	-2.0506	0.6149	-2.1189	0.3054	0.0000	0.0000	321.0253	0.0000	-11.6546	2.1408	0.0055	25.7886
4.4572	0.0000	-0.0140	0.0091	0.0000	0.0000	-0.0300	230.7680	0.0000	1.5100	26.2066	NOT CONNECTED	0.0000	450.0000	0.0000	0.0000	0.0000	0.0000	0.0917	0.0527	-2.0506	0.6149	-2.1189	0.3054	0.0000	0.0000	321.0497	0.0000	-11.6636	2.1408	0.0056	25.7882
4.5000	0.0000	-0.0140	0.0091	0.0000	0.0000	-0.0300	230.7680	0.0000	1.5100	26.2066	NOT CONNECTED	0.0000	450.0000	0.0000	0.0000	0.0000	0.0000	0.0917	0.0527	-2.0506	0.6149	-2.1189	0.3054	0.0000	0.0000	321.0497	0.0000	-11.6636	2.1408	0.0056	25.7882
5.1064	0.0000	-0.0140	0.0091	0.0000	0.0000	-0.0300	230.7900	0.0000	1.5100	26.1629	NOT CONNECTED	0.0000	450.0000	0.0000	0.0000	0.0000	0.0000	0.0917	0.0527	-2.0506	0.6149	-2.1189	0.3054	0.0000	0.0000	321.0943	0.0000	-11.6716	2.1408	0.0056	25.7882
5.1950	0.0000	-0.0140	0.0091	0.0000	0.0000	-0.0300	230.7900	0.0000	1.5100	26.1629	NOT CONNECTED	0.0000	450.0000	0.0000	0.0000	0.0000	0.0000	0.0917	0.0527	-2.0506	0.6149	-2.1189	0.3054	0.0000	0.0000	321.0943	0.0000	-11.6716	2.1408	0.0056	25.7882
5.7117	0.0000	-0.0140	0.0091	0.0000	0.0000	-0.0300	230.7900	0.0000	1.5100	26.1629	NOT CONNECTED	0.0000	450.0000	0.0000	0.0000	0.0000	0.0000	0.0917	0.0527	-2.0506	0.6149	-2.1189	0.3054	0.0000	0.0000	321.0781	0.0000	-11.6790	2.1408	0.0055	25.7877
6.3177	0.0000	-0.0140	0.0091	0.0000	0.0000	-0.0300	230.7900	0.0000	1.5100	26.1629	NOT CONNECTED	0.0000	450.0000	0.0000	0.0000	0.0000	0.0000	0.0917	0.0527	-2.0506	0.6149	-2.1189	0.3054	0.0000	0.0000	321.1092	0.0000	-11.6855	2.1408	0.0056	25.7873
6.9232	0.0000	-0.0140	0.0091	0.0000	0.0000	-0.0300	230.8330	0.0000	1.5100	26.1947	NOT CONNECTED	0.0000	450.0000	0.0000	0.0000	0.0000	0.0000	0.0917	0.0527	-2.0506	0.6149	-2.1189	0.3054	0.0000	0.0000	321.0849	0.0000	-11.6912	2.1408	0.0057	25.7873
7.4450	0.0000	-0.0140	0.0091	0.0000	0.0000	-0.0300	230.8330	0.0000	1.5100	26.1947	NOT CONNECTED	0.0000	450.0000	0.0000	0.0000	0.0000	0.0000	0.0917	0.0527	-2.0506	0.6149	-2.1189	0.3054	0.0000	0.0000	321.1214	0.0000	-11.6965	2.1408	0.0057	25.7868
7.5437	0.0000	-0.0140	0.0091	0.0000	0.0000	-0.0300	230.8330	0.0000	1.5100	26.1947	NOT CONNECTED	0.0000	450.0000	0.0000	0.0000	0.0000	0.0000	0.0917	0.0527	-2.0506	0.6149	-2.1189	0.3054	0.0000	0.0000	321.1214	0.0000	-11.6965	2.1408	0.0057	25.7868
8.1498	0.0000	-0.0140	0.0091	0.0000	0.0000	-0.0300	230.8510	0.0000	1.5100	26.2183	NOT CONNECTED	0.0000	500.0000	0.0000	0.0000	0.0000	0.0000	0.0917	0.0527	-2.0506	0.6149	-2.1189	0.3054	0.0000	0.0000	321.1539	0.0000	-11.7010	2.1408	0.0055	25.7868
8.1806	0.0000	-0.0140	0.0091	0.0000	0.0000	-0.0300	230.8510	0.0000	1.5100	26.2183	NOT CONNECTED	0.0000	500.0000	0.0000	0.0000	0.0000	0.0000	0.0917	0.0527	-2.0506	0.6149	-2.1189	0.3054	0.0000	0.0000	321.1539	0.0000	-11.7010	2.1408	0.0055	25.7868
8.7396	0.0000	-0.0140	0.0091	0.0000	0.0000	-0.0300	230.8610	0.0000	1.5100	26.1840	NOT CONNECTED	0.0000	500.0000	0.0000	0.0000	0.0000	0.0000	0.0917	0.0527	-2.0506	0.6149	-2.1189	0.3054	0.0000	0.0000	321.1458	0.0000	-11.7054	2.1408	0.0056	25.7864
8.9287	0.0000	-0.0140	0.0091	0.0000	0.0000	-0.0300	230.8610	0.0000	1.5100	26.1840	NOT CONNECTED	0.0000	500.0000	0.0000	0.0000	0.0000	0.0000	0.0917	0.0527	-2.0506	0.6149	-2.1189	0.3054	0.0000	0.0000	321.1458	0.0000	-11.7054	2.1408	0.0056	25.7864
9.3449	0.0000	-0.0140	0.0091	0.0000	0.0000	-0.0300	230.8790	0.0000	1.5100	26.1758	NOT CONNECTED	0.0000	500.0000	0.0000	0.0000	0.0000	0.0000	0.0917	0.0527	-2.0506	0.6149	-2.1189	0.3054	0.0000	0.0000	321.1336	0.0000	-11.7090	2.1408	0.0055	25.7860
9.6617	0.0000	-0.0140	0.0091	0.0000	0.0000	-0.0300	230.8790	0.0000	1.5100	26.1758	NOT CONNECTED	0.0000	500.0000	0.0000	0.0000	0.0000	0.0000	0.0917	0.0527	-2.0506	0.6149	-2.1189	0.3054	0.0000	0.0000	321.1660	0.0000	-11.7127	2.1408	0.0057	25.7860
9.9502	0.0000	-0.0140	0.0091	0.0000	0.0000	-0.0300	230.8790	0.0000	1.5100	26.1758	NOT CONNECTED	0.0000	500.0000	0.0000	0.0000	0.0000	0.0000	0.0917	0.0527	-2.0506	0.6149	-2.1189	0.3054	0.0000	0.0000	321.1660	0.0000	-11.7127	2.1408	0.0057	25.7860
10.3922	0.0000	-0.0140	0.0091	0.0000	0.0000	-0.0300	230.8860	0.0000	1.5100	26.1861	NOT CONNECTED	0.0000	500.0000	0.0000	0.0000	0.0000	0.0000	0.0917	0.0527	-2.0506	0.6149	-2.1189	0.3054	0.0000	0.0000	321.1579	0.0000	-11.7156	2.1408	0.0057	25.7855
10.5559	0.0000	-0.0140	0.0091	0.0000	0.0000	-0.0300	230.8860	0.0000	1.5100	26.1861	NOT CONNECTED	0.0000	500.0000	0.0000	0.0000	0.0000	0.0000	0.0917	0.0527	-2.0506	0.6149	-2.1189	0.3054	0.0000	0.0000	321.1579	0.0000	-11.7156	2.1408	0.0057	25.7855
11.1297	0.0000	-0.0140	0.0091	0.0000	0.0000	-0.0300	230.9020	0.0000	1.5100	26.1636	NOT CONNECTED	0.0000	500.0000	0.0000	0.0000	0.0000	0.0000	0.0917	0.0527	-2.0506	0.6149	-2.1189	0.3054	0.0000	0.0000	321.2174	0.0000	-11.7186	2.1408	0.0056	25.7855
11.1616	0.0000	-0.0140	0.0091	0.0000	0.0000	-0.0300	230.9020	0.0000	1.5100	26.1636	NOT CONNECTED	0.0000	500.0000	0.0000	0.0000	0.0000	0.0000	0.0917	0.0527	-2.0506	0.6149	-2.1189	0.3054	0.0000	0.0000	321.2174	0.0000	-11.7186	2.1408	0.0056	25.7855
11.7672	0.0000	-0.0140	0.0091	0.0000	0.0000	-0.0300	230.9080	0.0000	1.5100	26.1746	NOT CONNECTED	0.0000	500.0000	0.0000	0.0000	0.0000	0.0000	0.0917	0.0527	-2.0506	0.6149	-2.1189	0.3054	0.0000	0.0000	321.1971	0.0000	-11.7215	2.1408	0.0054	25.7851
11.8713	0.0000	-0.0140	0.0091	0.0000	0.0000	-0.0300	230.9080	0.0000	1.5100	26.1746	NOT CONNECTED	0.0000	500.0000	0.0000	0.0000	0.0000	0.0000	0.0917	0.0527	-2.0506	0.6149	-2.1189	0.3054	0.0000	0.0000	321.1971	0.0000	-11.7215	2.1408	0.0054	25.7851
12.3730	0.0000	-0.0140	0.0091	0.0000	0.0000	-0.0300	230.9210	0.0000	1.5100	26.1676	NOT CONNECTED	0.0000	500.0000	0.0000	0.0000	0.0000	0.0000	0.0917	0.0527	-2.0506	0.6149	-2.1189	0.3054	0.0000	0.0000	321.1782	0.0000	-11.7237	2.1408	0.0055	25.7846
12.6151	0.0000	-0.0140	0.0091	0.0000	0.0000	-0.0300	230.9210	0.0000	1.5100	26.1676	NOT CONNECTED	0.0000	500.0000	0.0000	0.0000	0.0000	0.0000	0.0917	0.0527	-2.0506	0.6149	-2.1189	0.3054	0.0000	0.0000	321.1782	0.0000	-11.7237	2.1408	0.0055	25.7846
12.9779	0.0000	-0.0140	0.0091	0.0000	0.0000	-0.0300	230.9210	0.0000	1.5100	26.1676	NOT CONNECTED	0.0000	500.0000	0.0000	0.0000	0.0000	0.0000	0.0917	0.0527	-2.0506	0.6149	-2.1189	0.3054	0.0000	0.0000	321.1999	0.0000	-11.7259	2.1408	0.0058	25.7846
13.3532	0.0000	-0.0140	0.0091	0.0000	0.0000	-0.0300	230.9250	0.0000	1.5100	26.1536	NOT CONNECTED	0.0000	500.0000	0.0000	0.0000	0.0000	0.0000	0.0917	0.0527	-2.0506	0.6149	-2.1189	0.3054	0.0000	0.0000	321.1660	0.0000	-11.7281	2.1408	0.0055	25.7842
13.5840	0.0000	-0.0140	0.0091	0.0000	0.0000	-0.0300	230.9250	0.0000	1.5100	26.1536	NOT CONNECTED	0.0000	500.0000	0.0000	0.0000	0.0000	0.0000	0.0917	0.0527	-2.0506	0.6149	-2.1189	0.3054	0.0000	0.0000	321.1660	0.0000	-11.7281	2.1408	0.0055	25.7842
14.1895	0.0000	-0.0140	0.0090	0.0000	0.0000	-0.0300	230.9310	0.0000	1.5100	26.1503	NOT CONNECTED	0.0000	500.0000	0.0000	0.0000	0.0000	0.0000	0.0917	0.0527	-2.0506	0.6149	-2.1189	0.3054	0.0000	0.0000	321.2540	0.0000	-11.7301	2.1408	0.0055	25.7842
14.3575	0.0000	-0.0140	0.0090	0.0000	0.0000	-0.0300	230.9310	0.0000	1.5100	26.1503	NOT CONNECTED	0.0000	500.0000	0.0000	0.0000	0.0000	0.0000	0.0917	0.0527	-2.0506	0.6149	-2.1189	0.3054	0.0000	0.0000	321.2540	0.0000	-11.7301	2.1408	0.0055	25.7842
14.7950	0.0000	-0.0140	0.0091	0.0000	0.0000	-0.0300	230.9350	0.0000	1.5100	26.1368	NOT CONNECTED	0.0000	500.0000	0.0000	0.0000	0.0000	0.0000	0.0917	0.0527	-2.0506	0.6149	-2.1189	0.3054	0.0000	0.0000	321.2350	0.0000	-11.7315	2.1408	0.0054	25.7838
15.0980	0.0000	-0.0140	0.0091	0.0000	0.0000	-0.0300	230.9350	0.0000	1.5100	26.1368	NOT CONNECTED	0.0000	500.0000	0.0000	0.0000	0.0000	0.0000	0.0917	0.0527	-2.0506	0.6149	-2.1189	0.3054	0.0000	0.0000	321.2350	0.0000	-11.7315	2.1408	0.0054	25.7838
15.4162	0.0000	-0.0140	0.0091	0.0000	0.0000	-0.0300	230.9350	0.0000	1.5100	26.1368	NOT CONNECTED	8000.0000	500.0000	0.0000	0.0000	0.0000	0.0000	0.0917	0.0527	-2.0506	0.6149	-2.1189	0.3054	0.0000	0.0000	321.2053	0.0000	-11.7331	2.1408	0.0056	25.7833
15.8313	0.0000	-0.0130	0.0091	0.0000	0.0000	-0.0300	230.9360	0.0000	1.5100	26.1849	NOT CONNECTED	8000.0000	500.0000	0.0000	0.0000	0.0000	0.0000	0.0917	0.0527	-2.0506	0.6149	-2.1189	0.3054	0.0000	0.0000	321.2120	0.0000	-11.7345	2.1408	0.0058	25.7833
16.0218	0.0000	-0.0130	0.0091	0.0000	0.0000	-0.0300	230.9360	0.0000	1.5100	26.1849	NOT CONNECTED	8000.0000	500.0000	0.0000	0.0000	0.0000	0.0000	0.0917	0.0527	-2.0506	0.6149	-2.1189	0.3054	0.0000	0.0000	321.2120	0.0000	-11.7345	2.1408	0.0058	25.7833
16.5648	0.0000	-0.0130	0.0091	0.0000	0.0000	-0.0300	230.9380	0.0000	1.5000	26.1629	NOT CONNECTED	8000.0000	450.0000	0.0000	0.0000	0.0000	0.0000	0.0917	0.0527	-2.0506	0.6149	-2.1189	0.3054	0.0000	0.0000	321.1877	0.0000	-11.7361	2.1408	0.0055	25.7829
16.6429	0.0000	-0.0130	0.0091	0.0000	0.0000	-0.0300	230.9380	0.0000	1.5000	26.1629	NOT CONNECTED	8000.0000	450.0000	0.0000	0.0000	0.0000	0.0000	0.0917	0.0527	-2.0506	0.6149	-2.1189	0.3054	0.0000	0.0000	321.1877	0.0000	-11.7361	2.1408	0.0055	25.7829
17.2487	0.0000	-0.0130	0.0091	0.0000	0.0000	-0.0300	230.9380	0.0000	1.5000	26.1835	NOT CONNECTED	8000.0000	450.0000	0.0000	0.0000	0.0000	0.0000	0.0917	0.0527	-2.0506	0.6149	-2.1189	0.3054	0.0000	0.0000	321.2350	0.0000	-11.7375	2.1408	0.0059	25.7829
17.3066	0.0000	-0.0130	0.0091	0.0000	0.0000	-0.0300	230.9380	0.0000	1.5000	26.1835	NOT CONNECTED	8000.0000	450.0000	0.0000	0.0000	0.0000	0.0000	0.0917	0.0527	-2.0506	0.6149	-2.1189	0.3054	0.0000	0.0000	321.2350	0.0000	-11.7375	2.1408	0.0059	25.7829
17.8550	0.0000	-0.0130	0.0091	0.0000	0.0000	-0.0300	230.9350	0.0000	1.5100	26.1739	NOT CONNECTED	8000.0000	450.0000	0.0000	0.0000	0.0000	0.0000	0.0917	0.0527	-2.0506	0.6149	-2.1189	0.3054	0.0000	0.0000	321.2310	0.0000	-11.7390	2.1408	0.0057	25.7824
18.0611	0.0000	-0.0130	0.0091	0.0000	0.0000	-0.0300	230.9350	0.0000	1.5100	26.1739	NOT CONNECTED	8000.0000	450.0000	0.0000	0.0000	0.0000	0.0000	0.0917	0.0527	-2.0506	0.6149	-2.1189	0.3054	0.0000	0.0000	321.2310	0.0000	-11.7390	2.1408	0.0057	25.7824
18.4595	0.0000	-0.0130	0.0091	0.0000	0.0000	-0.0300	230.9330	0.0000	1.5000	26.1590	NOT CONNECTED	8000.0000	450.0000	0.0000	0.0000	0.0000	0.0000	0.0917	0.0527	-2.0506	0.6149	-2.1189	0.3054	0.0000	0.0000	321.1971	0.0000	-11.7401	2.1408	0.0056	25.7820
18.7997	0.0000	-0.0130	0.0091	0.0000	0.0000	-0.0300	230.9330	0.0000	1.5000	26.1590	NOT CONNECTED	8000.0000	450.0000	0.0000	0.0000	0.0000	0.0000	0.0917	0.0527	-2.0506	0.6149	-2.1189	0.3054	0.0000	0.0000	321.1904	0.0000	-11.7409	2.1408	0.0056	25.7820
19.0661	0.0000	-0.0130	0.0091	0.0000	0.0000	-0.0300	230.9330	0.0000	1.5000	26.1590	NOT CONNECTED	8000.0000	450.0000	0.0000	0.0000	0.0000	0.0000	0.0917	0.0527	-2.0506	0.6149	-2.1189	0.3054	0.0000	0.0000	321.1904	0.0000	-11.7409	2.1408	0.0056	25.7820
19.5556	0.0000	-0.0130	0.0091	0.0000	0.0000	-0.0300	230.9270	0.0000	1.5100	26.1501	NOT CONNECTED	8000.0000	450.0000	0.0000	0.0000	0.0008	0.0000	0.0917	0.0527	-0.0000	0.0000	-2.1189	-0.0281	1.5750	0.0000	317.7232	-0.0001	-11.7416	2.1408	0.0054	25.7816
19.6878	0.0000	-0.0130	0.0091	0.0000	0.0000	-0.0300	230.9270	0.0000	1.5100	26.1501	NOT CONNECTED	8000.0000	450.0000	0.0000	0.0000	0.0008	0.0000	0.0917	0.0527	-0.0000	0.0000	-2.1189	-0.0281	1.5750	0.0000	317.7232	-0.0001	-11.7416	2.1408	0.0054	25.7816
20.2926	91.0000	-0.1000	0.0091	0.0000	0.0000	-0.0300	230.9250	0.0000	1.5000	26.1559	NOT CONNECTED	8000.0000	450.0000	0.0000	-0.0207	-0.0057	0.0000	0.1734	0.0527	2.1353	-0.0029	2.1312	-0.0073	8.5750	0.0000	310.7061	27.5162	-11.7127	2.1473	1.3806	25.7974
20.8983	0.0000	0.0130	1.4180	0.0000	7.3290	24.2000	230.8950	0.2853	38.7100	26.1499	NOT CONNECTED	8000.0000	450.0000	0.0000	0.0773	-0.0272	0.0000	0.1997	0.0527	3.0624	-0.0221	3.0741	-0.0466	11.7600	0.0000	305.4143	54.2084	-11.5704	3.0625	2.1332	25.7974
21.0623	0.0000	0.0130	1.4180	0.0000	7.3290	24.2000	230.8950	0.2853	38.7100	26.1499	NOT CONNECTED	8000.0000	450.0000	0.0000	0.0773	-0.0272	0.0000	0.1997	0.0527	3.0624	-0.0221	3.0741	-0.0466	11.7600	0.0000	305.4143	54.2084	-11.5704	3.0625	2.1332	25.7974
21.4879	0.0000	0.0130	2.0393	0.0000	10.5390	49.5200	230.8720	0.4909	71.6100	26.1695	NOT CONNECTED	8000.0000	450.0000	0.0000	0.0241	-0.0238	0.0000	0.1995	0.0527	2.8537	-0.0201	3.1023	-0.0303	8.0800	0.0000	305.7610	51.5414	-11.2910	3.0785	2.1745	25.8725
21.8027	0.0000	0.0130	2.0393	0.0000	10.5390	49.5200	230.8720	0.4909	71.6100	26.1695	NOT CONNECTED	8000.0000	450.0000	0.0000	6.7463	-0.0141	0.0041	0.1103	0.1100	1.0308	-0.0227	1.0338	-0.0234	4.5729	0.7870	317.1651	7.8272	3.3657	1.0107	0.6503	25.8725
22.0931	0.0000	0.0130	2.0393	0.0000	10.5390	49.5200	230.8720	0.4909	71.6100	26.1695	NOT CONNECTED	8000.0000	450.0000	0.0000	6.7463	-0.0141	0.0041	0.1103	0.1100	1.0308	-0.0227	1.0338	-0.0234	4.5729	0.7870	317.1651	7.8272	3.3657	1.0107	0.6503	25.8725
22.5582	12.0000	-0.0520	0.5904	0.0000	3.6990	4.4200	230.9010	0.0999	11.2400	26.2024	NOT CONNECTED	8000.0000	450.0000	0.0000	211.4869	0.1992	0.2684	0.1090	0.1065	0.8116	0.3219	0.9137	0.4364	2.8533	12.9080	315.2787	10.8181	3.3395	1.0721	0.7801	25.9038
22.6989	12.0000	-0.0520	0.5904	0.0000	3.6990	4.4200	230.9010	0.0999	11.2400	26.2024	NOT CONNECTED	8000.0000	450.0000	0.0000	211.4869	0.1992	0.2684	0.1090	0.1065	0.8116	0.3219	0.9137	0.4364	2.8533	12.9080	315.2787	10.8181	3.3395	1.0721	0.7801	25.9038
23.3021	347.0000	-0.0960	0.7734	0.0000	9.4880	8.0000	230.8840	0.1357	16.5900	26.2692	NOT CONNECTED	8000.0000	450.0000	0.0000	501.3377	0.1359	0.1421	0.0921	0.0921	0.1222	0.2425	0.0565	0.2697	0.1842	21.0598	316.5952	8.0569	3.3085	0.2626	0.2013	25.9094
23.3036	347.0000	-0.0960	0.7734	0.0000	9.4880	8.0000	230.8840	0.1357	16.5900	26.2692	NOT CONNECTED	8000.0000	450.0000	0.0000	501.3377	0.1359	0.1421	0.0921	0.0921	0.1222	0.2425	0.0565	0.2697	0.1842	21.0598	316.5952	8.0569	3.3085	0.2626	0.2013	25.9094
23.9106	682.0000	-0.1040	0.1892	0.0000	29.3690	9.0500	230.8730	0.1256	15.0800	26.2937	NOT CONNECTED	8000.0000	450.0000	0.0000	773.0631	0.1347	0.1318	0.0921	0.0921	0.0711	0.2424	0.0618	0.3176	0.0927	31.6405	315.1082	12.2336	3.2598	0.2854	0.1939	25.9094
24.0796	682.0000	-0.1040	0.1892	0.0000	29.3690	9.0500	230.8730	0.1256	15.0800	26.2937	NOT CONNECTED	8000.0000	450.0000	0.0000	773.0631	0.1347	0.1318	0.0921	0.0921	0.0711	0.2424	0.0618	0.3176	0.0927	31.6405	315.1082	12.2336	3.2598	0.2854	0.1939	25.9094
24.5149	1026.0000	-0.1070	0.1908	0.0000	39.8720	12.6500	230.8640	0.1544	19.2100	26.3593	NOT CONNECTED	8000.0000	450.0000	0.0000	1040.1057	0.1576	0.1568	0.0921	0.0921	0.0574	0.2881	-0.0176	0.2865	0.1312	42.1333	313.7133	16.9925	3.2165	0.2864	0.1969	25.9096
24.8222	1026.0000	-0.1070	0.1908	0.0000	39.8720	12.6500	230.8640	0.1544	19.2100	26.3593	NOT CONNECTED	8000.0000	450.0000	0.0000	1313.7949	0.1324	0.1636	0.0921	0.0921	0.0192	0.2437	0.0006	0.3053	0.0936	52.5110	312.6512	21.6102	3.1767	0.2828	0.2004	25.9096
25.1205	1026.0000	-0.1070	0.1908	0.0000	39.8720	12.6500	230.8640	0.1544	19.2100	26.3593	NOT CONNECTED	8000.0000	450.0000	0.0000	1313.7949	0.1324	0.1636	0.0921	0.0921	0.0192	0.2437	0.0006	0.3053	0.0936	52.5110	312.6512	21.6102	3.1767	0.2828	0.2004	25.9096
25.5734	1365.0000	-0.1090	0.1979	0.0000	61.0750	20.4500	230.8470	0.2139	27.8100	26.3516	NOT CONNECTED	8000.0000	450.0000	0.0000	1586.3325	0.1555	0.1469	0.0921	0.0921	0.0373	0.2896	-0.0133	0.2723	0.1760	62.9768	311.5027	26.2889	3.1432	0.2449	0.2030	25.9099
25.7265	1365.0000	-0.1090	0.1979	0.0000	61.0750	20.4500	230.8470	0.2139	27.8100	26.3516	NOT CONNECTED	8000.0000	450.0000	0.0000	1586.3325	0.1555	0.1469	0.0921	0.0921	0.0373	0.2896	-0.0133	0.2723	0.1760	62.9768	311.5027	26.2889	3.1432	0.2449	0.2030	25.9099
26.3149	1702.0000	-0.1090	0.2009	0.0000	71.8260	24.5000	230.8400	0.2434	32.2300	26.3876	NOT CONNECTED	8000.0000	450.0000	0.0000	1854.1025	0.1622	0.1701	0.0921	0.0921	0.0227	0.3009	0.0583	0.3145	0.0726	73.5403	310.4938	31.7107	3.1136	0.2906	0.2071	25.9103
26.3319	1702.0000	-0.1090	0.2009	0.0000	71.8260	24.5000	230.8400	0.2434	32.2300	26.3876	NOT CONNECTED	8000.0000	450.0000	0.0000	1854.1025	0.1622	0.1701	0.0921	0.0921	0.0227	0.3009	0.0583	0.3145	0.0726	73.5403	310.4938	31.7107	3.1136	0.2906	0.2071	25.9103
26.9367	2042.0000	-0.1080	0.2084	0.0000	93.0980	32.9600	230.8230	0.3036	41.4700	26.4326	NOT CONNECTED	8000.0000	450.0000	0.0000	2129.6148	0.1637	0.1572	0.0921	0.0921	0.0331	0.2938	0.0297	0.3281	0.1563	82.1921	309.4332	36.6793	3.0875	0.3056	0.2092	25.9103
27.0787	2042.0000	-0.1080	0.2084	0.0000	93.0980	32.9600	230.8230	0.3036	41.4700	26.4326	NOT CONNECTED	8000.0000	450.0000	0.0000	2129.6148	0.1637	0.1572	0.0921	0.0921	0.0331	0.2938	0.0297	0.3281	0.1563	82.1921	309.4332	36.6793	3.0875	0.3056	0.2092	25.9103
27.5423	2384.0000	-0.1100	0.2126	0.0000	103.6460	37.4400	230.8150	0.3342	46.1900	26.3869	NOT CONNECTED	8000.0000	450.0000	0.0000	2403.9162	0.1529	0.1688	0.0921	0.0921	0.0366	0.2841	0.0188	0.2718	-0.3680	96.5727	308.5407	42.1064	3.0638	0.3098	0.2159	25.9108
27.8240	2384.0000	-0.1100	0.2126	0.0000	103.6460	37.4400	230.8150	0.3342	46.1900	26.3869	NOT CONNECTED	8000.0000	450.0000	0.0000	2403.9162	0.1529	0.1688	0.0921	0.0921	0.0366	0.2841	0.0188	0.2718	-0.3680	96.5727	308.5407	42.1064	3.0638	0.3098	0.2159	25.9108
28.1477	2384.0000	-0.1100	0.2126	0.0000	103.6460	37.4400	230.8150	0.3342	46.1900	26.3869	NOT CONNECTED	8000.0000	450.0000	0.0000	2669.4396	0.1657	0.1903	0.0922	0.0921	0.0241	0.2881	0.0054	0.2760	0.9132	107.3356	307.5048	47.6251	3.0440	0.2864	0.2190	25.9108
28.5732	2715.0000	-0.1100	0.2208	0.0000	125.0070	46.9000	230.7980	0.3979	56.2000	26.4286	NOT CONNECTED	8000.0000	450.0000	0.0000	2945.9122	0.1831	0.1644	0.0921	0.0921	0.0243	0.3487	0.0570	0.2819	-0.3746	118.0782	306.7030	53.6472	3.0269	0.3095	0.2223	25.9115
28.7388	2715.0000	-0.1100	0.2208	0.0000	125.0070	46.9000	230.7980	0.3979	56.2000	26.4286	NOT CONNECTED	8000.0000	450.0000	0.0000	2945.9122	0.1831	0.1644	0.0921	0.0921	0.0243	0.3487	0.0570	0.2819	-0.3746	118.0782	306.7030	53.6472	3.0269	0.3095	0.2223	25.9115
29.3034	3047.0000	-0.1130	0.2244	0.0000	135.8020	51.8300	230.7900	0.4302	61.4100	26.4489	NOT CONNECTED	8000.0000	450.0000	0.0000	3214.2539	0.1814	0.1796	0.0922	0.0921	0.0352	0.3222	-0.0458	0.2870	1.5583	129.0379	305.6945	59.5797	3.0121	0.2943	0.2280	25.9123
29.3441	3047.0000	-0.1130	0.2244	0.0000	135.8020	51.8300	230.7900	0.4302	61.4100	26.4489	NOT CONNECTED	8000.0000	450.0000	0.0000	3214.2539	0.1814	0.1796	0.0922	0.0921	0.0352	0.3222	-0.0458	0.2870	1.5583	129.0379	305.6945	59.5797	3.0121	0.2943	0.2280	25.9123
29.9499	3388.0000	-0.1140	0.2325	0.0000	157.2040	62.1800	230.7760	0.4970	72.2700	26.4461	NOT CONNECTED	8000.0000	450.0000	0.0000	3479.2341	0.1660	0.1955	0.0922	0.0921	-0.0176	0.3104	0.0455	0.3649	0.4539	139.1410	304.8658	64.8874	2.9995	0.3574	0.2280	25.9123
30.0795	3388.0000	-0.1140	0.2325	0.0000	157.2040	62.1800	230.7760	0.4970	72.2700	26.4461	NOT CONNECTED	8000.0000	450.0000	0.0000	3479.2341	0.1660	0.1955	0.0922	0.0921	-0.0176	0.3104	0.0455	0.3649	0.4539	139.1410	304.8658	64.8874	2.9995	0.3574	0.2280	25.9123
30.5548	3729.0000	-0.1120	0.2371	0.0000	167.8040	67.7000	230.7680	0.5314	77.8900	26.4389	NOT CONNECTED	8000.0000	450.0000	0.0000	3757.7951	0.1786	0.1923	0.0921	0.0921	0.0320	0.3179	-0.0251	0.3568	-0.7256	145.8618	303.6683	74.4956	2.9887	0.3389	0.2384	25.9133
30.8240	3729.0000	-0.1120	0.2371	0.0000	167.8040	67.7000	230.7680	0.5314	77.8900	26.4389	NOT CONNECTED	8000.0000	450.0000	0.0000	3757.7951	0.1786	0.1923	0.0921	0.0921	0.0320	0.3179	-0.0251	0.3568	-0.7256	145.8618	303.6683	74.4956	2.9887	0.3389	0.2384	25.9133
31.1607	3729.0000	-0.1120	0.2371	0.0000	167.8040	67.7000	230.7680	0.5314	77.8900	26.4389	NOT CONNECTED	8000.0000	450.0000	0.0000	4028.8120	0.1953	0.1885	0.0924	0.0922	0.0268	0.3529	0.0749	0.3486	0.5829	152.7797	303.1268	81.5116	2.9801	0.2621	0.2376	25.9133
31.5738	4069.0000	-0.1150	0.2515	0.0000	189.2690	80.7600	230.7520	0.6126	91.3800	26.4139	NOT CONNECTED	8000.0000	450.0000	0.0000	4028.8120	0.1953	0.1885	0.0924	0.0922	0.0268	0.3529	0.0749	0.3486	0.5829	152.7797	303.1268	81.5116	2.9801	0.2621	0.2376	25.9133
32.2760	4398.0000	-0.1200	0.2543	0.0000	200.0410	86.0800	230.7470	0.6438	96.5700	26.3992	NOT CONNECTED	8000.0000	450.0000	0.0000	4525.4090	0.1989	0.2131	0.0879	0.0897	-0.1010	0.3946	-0.2109	0.4708	-13.3115	155.8640	302.1624	94.0283	2.9673	0.4024	0.2495	25.9161
32.3170	4398.0000	-0.1200	0.2543	0.0000	200.0410	86.0800	230.7470	0.6438	96.5700	26.3992	NOT CONNECTED	8000.0000	450.0000	0.0000	4525.4090	0.1989	0.2131	0.0879	0.0897	-0.1010	0.3946	-0.2109	0.4708	-13.3115	155.8640	302.1624	94.0283	2.9673	0.4024	0.2495	25.9161
32.8814	4733.0000	-0.1220	0.3049	0.0000	210.0120	95.5200	230.7340	0.7009	106.1400	26.3992	NOT CONNECTED	8000.0000	450.0000	0.0000	4806.0455	0.1899	0.1978	0.0853	0.0830	-0.4871	0.3024	-0.3127	0.3869	4.7536	164.4586	301.6817	102.0129	2.9634	0.4204	0.3009	25.9161
33.0824	4733.0000	-0.1220	0.3049	0.0000	210.0120	95.5200	230.7340	0.7009	106.1400	26.3992	NOT CONNECTED	8000.0000	450.0000	0.0000	4806.0455	0.1899	0.1978	0.0853	0.0830	-0.4871	0.3024	-0.3127	0.3869	4.7536	164.4586	301.6817	102.0129	2.9634	0.4204	0.3009	25.9161
33.4874	5077.0000	-0.1250	0.4070	0.0000	209.8570	100.1500	230.7280	0.7325	111.4300	26.3946	NOT CONNECTED	8000.0000	450.0000	0.0000	5075.9203	0.1733	0.1995	0.0794	0.0788	-0.7334	0.4014	-0.6267	0.3428	0.7969	166.6044	301.1286	107.1487	2.9658	0.7754	0.4649	25.9191
33.8254	5077.0000	-0.1250	0.4070	0.0000	209.8570	100.1500	230.7280	0.7325	111.4300	26.3946	NOT CONNECTED	8000.0000	450.0000	0.0000	5357.8292	0.1503	0.1812	0.0767	0.0739	-0.9748	0.3564	-0.7402	0.2783	-13.3978	169.5451	300.5551	114.8170	2.9770	0.9107	0.5829	25.9191
34.0931	5077.0000	-0.1250	0.4070	0.0000	209.8570	100.1500	230.7280	0.7325	111.4300	26.3946	NOT CONNECTED	8000.0000	450.0000	0.0000	5357.8292	0.1503	0.1812	0.0767	0.0739	-0.9748	0.3564	-0.7402	0.2783	-13.3978	169.5451	300.5551	114.8170	2.9770	0.9107	0.5829	25.9191
34.5746	5417.0000	-0.1270	0.6401	0.0000	209.6330	110.7600	230.7110	0.8049	123.7100	26.4214	NOT CONNECTED	8000.0000	450.0000	0.0000	5620.3824	0.1965	0.2108	0.0714	0.0712	-1.0966	0.3802	-1.0756	0.3213	3.6991	169.8209	300.0938	123.4849	2.9986	1.1011	0.7053	25.9231
34.6985	5417.0000	-0.1270	0.6401	0.0000	209.6330	110.7600	230.7110	0.8049	123.7100	26.4214	NOT CONNECTED	8000.0000	450.0000	0.0000	5620.3824	0.1965	0.2108	0.0714	0.0712	-1.0966	0.3802	-1.0756	0.3213	3.6991	169.8209	300.0938	123.4849	2.9986	1.1011	0.7053	25.9231
35.3030	5750.0000	-0.1320	0.7502	0.0000	209.6180	116.4600	230.7040	0.8442	130.4000	26.3904	NOT CONNECTED	8000.0000	450.0000	0.0000	5899.9359	0.1552	0.2047	0.0689	0.0674	-1.2785	0.4212	-1.1944	0.3535	-9.0497	177.6993	299.5482	131.9881	3.0312	1.3713	0.8601	25.9326
35.3140	5750.0000	-0.1320	0.7502	0.0000	209.6180	116.4600	230.7040	0.8442	130.4000	26.3904	NOT CONNECTED	8000.0000	450.0000	0.0000	5899.9359	0.1552	0.2047	0.0689	0.0674	-1.2785	0.4212	-1.1944	0.3535	-9.0497	177.6993	299.5482	131.9881	3.0312	1.3713	0.8601	25.9326
35.9097	6087.0000	-0.1330	0.9479	0.0000	209.5770	128.7800	230.6870	0.9264	144.4400	26.4123	NOT CONNECTED	8000.0000	450.0000	0.0000	6169.5153	0.2007	0.2060	0.0656	0.0642	-1.4382	0.4596	-1.3266	0.3138	7.3717	165.5241	298.9900	140.4316	3.0763	1.4882	0.9674	25.9326
36.0798	6087.0000	-0.1330	0.9479	0.0000	209.5770	128.7800	230.6870	0.9264	144.4400	26.4123	NOT CONNECTED	8000.0000	450.0000	0.0000	6169.5153	0.2007	0.2060	0.0656	0.0642	-1.4382	0.4596	-1.3266	0.3138	7.3717	165.5241	298.9900	140.4316	3.0763	1.4882	0.9674	25.9326
36.5146	6438.0000	-0.1320	1.0356	0.0000	209.5470	135.1000	230.6780	0.9690	151.7700	26.3740	NOT CONNECTED	8000.0000	450.0000	0.0000	6453.1925	0.1736	0.1763	0.0607	0.0626	-1.5139	0.4040	-1.7256	0.3281	-9.8845	159.6605	298.5379	150.5824	3.1345	1.5795	1.0877	25.9493
36.8234	6438.0000	-0.1320	1.0356	0.0000	209.5470	135.1000	230.6780	0.9690	151.7700	26.3740	NOT CONNECTED	8000.0000	450.0000	0.0000	6722.4367	0.2131	0.2088	0.0608	0.0580	-1.6509	0.6143	-1.5872	0.2997	-8.0253	169.5631	298.1502	161.8332	3.2028	1.7896	1.1716	25.9493
37.1208	6438.0000	-0.1320	1.0356	0.0000	209.5470	135.1000	230.6780	0.9690	151.7700	26.3740	NOT CONNECTED	8000.0000	450.0000	0.0000	6722.4367	0.2131	0.2088	0.0608	0.0580	-1.6509	0.6143	-1.5872	0.2997	-8.0253	169.5631	298.1502	161.8332	3.2028	1.7896	1.1716	25.9493
37.5777	6772.0000	-0.1320	1.1999	0.0000	209.2710	148.9400	230.6580	1.0588	167.2500	26.3899	NOT CONNECTED	8000.0000	450.0000	0.0000	6996.5716	0.2177	0.1951	0.0569	0.0574	-1.6699	0.6570	-1.8108	0.3470	2.3781	165.7515	297.6381	169.1809	3.2778	1.9090	1.2473	25.9746
37.7249	6772.0000	-0.1320	1.1999	0.0000	209.2710	148.9400	230.6580	1.0588	167.2500	26.3899	NOT CONNECTED	8000.0000	450.0000	0.0000	6996.5716	0.2177	0.1951	0.0569	0.0574	-1.6699	0.6570	-1.8108	0.3470	2.3781	165.7515	297.6381	169.1809	3.2778	1.9090	1.2473	25.9746
38.3164	7114.0000	-0.1370	1.2746	0.0000	209.2370	155.8200	230.6510	1.1027	174.8200	26.3766	NOT CONNECTED	8000.0000	450.0000	0.0000	7264.8593	0.1995	0.2269	0.0548	0.0534	-1.8958	0.6077	-1.9511	0.3002	-2.3433	168.0020	297.2756	181.7361	3.3617	1.9528	1.3551	26.0061
38.3309	7114.0000	-0.1370	1.2746	0.0000	209.2370	155.8200	230.6510	1.1027	174.8200	26.3766	NOT CONNECTED	8000.0000	450.0000	0.0000	7264.8593	0.1995	0.2269	0.0548	0.0534	-1.8958	0.6077	-1.9511	0.3002	-2.3433	168.0020	297.2756	181.7361	3.3617	1.9528	1.3551	26.0061
38.9364	7444.0000	-0.1370	1.4135	0.0000	208.8590	171.7500	230.6310	1.2031	192.3500	26.4051	NOT CONNECTED	8000.0000	450.0000	0.0000	7536.4175	0.1821	0.2206	0.0522	0.0526	-2.0752	0.5834	-2.1375	0.3097	-6.7889	169.8635	296.8168	186.0599	3.4546	2.0332	1.4484	26.0061
39.0795	7444.0000	-0.1370	1.4135	0.0000	208.8590	171.7500	230.6310	1.2031	192.3500	26.4051	NOT CONNECTED	8000.0000	450.0000	0.0000	7536.4175	0.1821	0.2206	0.0522	0.0526	-2.0752	0.5834	-2.1375	0.3097	-6.7889	169.8635	296.8168	186.0599	3.4546	2.0332	1.4484	26.0061
39.5425	7444.0000	-0.1370	1.4135	0.0000	208.8590	171.7500	230.6310	1.2031	192.3500	26.4051	NOT CONNECTED	8000.0000	450.0000	0.0000	7818.9779	0.2057	0.2028	0.0505	0.0503	-2.1269	0.6170	-2.1195	0.3333	-11.6143	171.2779	296.5552	200.4663	3.5637	2.2765	1.4867	26.0451
40.1476	8014.0000	-0.1320	1.5343	0.0000	208.6710	186.7900	230.6110	1.2976	208.7800	26.4459	NOT CONNECTED	8000.0000	450.0000	0.0000	8023.1262	0.1211	0.1222	0.0502	0.0506	-2.0578	0.4270	-2.1996	0.1804	-7.0734	169.6307	302.3760	121.5069	3.6673	2.1328	1.5235	26.0451
40.3347	8014.0000	-0.1320	1.5343	0.0000	208.6710	186.7900	230.6110	1.2976	208.7800	26.4459	NOT CONNECTED	8000.0000	450.0000	0.0000	8023.1262	0.1211	0.1222	0.0502	0.0506	-2.0578	0.4270	-2.1996	0.1804	-7.0734	169.6307	302.3760	121.5069	3.6673	2.1328	1.5235	26.0451
40.7535	8020.0000	-0.0760	1.4946	0.0000	213.8560	110.6800	230.6430	0.8388	127.6500	26.4135	NOT CONNECTED	8000.0000	450.0000	0.0000	8014.7105	0.1204	0.1283	0.0499	0.0510	-2.0397	0.3872	-2.2771	0.1334	3.2438	172.7734	302.7412	124.2479	3.7570	2.0793	1.4765	26.0913
41.0762	8020.0000	-0.0760	1.4946	0.0000	213.8560	110.6800	230.6430	0.8388	127.6500	26.4135	NOT CONNECTED	8000.0000	450.0000	0.0000	8008.1669	0.1036	0.1337	0.0499	0.0504	-2.0974	0.2952	-2.2584	0.1875	-0.9141	167.1515	302.7090	123.5750	3.8351	2.1817	1.4742	26.1326
41.3582	8020.0000	-0.0760	1.4946	0.0000	213.8560	110.6800	230.6430	0.8388	127.6500	26.4135	NOT CONNECTED	8000.0000	450.0000	0.0000	8008.1669	0.1036	0.1337	0.0499	0.0504	-2.0974	0.2952	-2.2584	0.1875	-0.9141	167.1515	302.7090	123.5750	3.8351	2.1817	1.4742	26.1326
41.8103	8012.0000	-0.0760	1.4932	0.0000	213.8740	110.6600	230.6270	0.8389	127.6800	26.4742	NOT CONNECTED	8000.0000	450.0000	0.0000	8006.9506	0.1256	0.1261	0.0518	0.0503	-2.1704	0.4087	-2.0702	0.2372	-11.1784	165.4098	302.7503	121.4671	3.9078	2.1015	1.5150	26.1326
41.9491	8012.0000	-0.0760	1.4932	0.0000	213.8740	110.6600	230.6270	0.8389	127.6800	26.4742	NOT CONNECTED	8000.0000	450.0000	0.0000	8006.9506	0.1256	0.1261	0.0518	0.0503	-2.1704	0.4087	-2.0702	0.2372	-11.1784	165.4098	302.7503	121.4671	3.9078	2.1015	1.5150	26.1326
42.5536	8007.0000	-0.0760	1.4923	0.0000	213.8250	111.4500	230.6170	0.8438	128.4500	26.4854	NOT CONNECTED	8000.0000	450.0000	0.0000	8008.1815	0.1033	0.1135	0.0497	0.0514	-2.0702	0.2928	-2.1908	0.1987	-2.4350	174.5181	302.7674	122.4705	3.9810	2.2598	1.4734	26.1736
42.5696	8007.0000	-0.0760	1.4923	0.0000	213.8250	111.4500	230.6170	0.8438	128.4500	26.4854	NOT CONNECTED	8000.0000	450.0000	0.0000	8008.1815	0.1033	0.1135	0.0497	0.0514	-2.0702	0.2928	-2.1908	0.1987	-2.4350	174.5181	302.7674	122.4705	3.9810	2.2598	1.4734	26.1736
43.1603	8006.0000	-0.0790	1.4922	0.0000	213.8010	111.5500	230.6140	0.8443	128.5000	26.5071	NOT CONNECTED	8000.0000	450.0000	0.0000	8004.6512	0.1141	0.1191	0.0511	0.0501	-2.2390	0.3528	-2.1648	0.1492	-5.1852	170.7016	302.7914	120.7354	4.0421	2.1955	1.4718	26.1736
43.3144	8006.0000	-0.0790	1.4922	0.0000	213.8010	111.5500	230.6140	0.8443	128.5000	26.5071	NOT CONNECTED	8000.0000	450.0000	0.0000	8004.6512	0.1141	0.1191	0.0511	0.0501	-2.2390	0.3528	-2.1648	0.1492	-5.1852	170.7016	302.7914	120.7354	4.0421	2.1955	1.4718	26.1736
43.7497	7999.0000	-0.0750	1.4903	0.0000	213.8820	111.2900	230.6020	0.8426	128.2300	26.5607	NOT CONNECTED	8000.0000	450.0000	0.0000	8002.7395	0.1110	0.1213	0.0511	0.0503	-2.1578	0.3213	-2.0965	0.1853	-11.8672	172.2852	302.6784	123.5941	4.0992	2.1571	1.4709	26.2167
44.1699	7999.0000	-0.0750	1.4903	0.0000	213.8820	111.2900	230.6020	0.8426	128.2300	26.5607	NOT CONNECTED	8000.0000	450.0000	0.0000	8005.7190	0.1359	0.1080	0.0493	0.0512	-1.9999	0.4476	-2.2550	0.2029	-9.2049	175.9209	302.7240	125.7062	4.1524	2.2236	1.4717	26.2572
44.3552	7999.0000	-0.0750	1.4903	0.0000	213.8820	111.2900	230.6020	0.8426	128.2300	26.5607	NOT CONNECTED	8000.0000	450.0000	0.0000	8005.7190	0.1359	0.1080	0.0493	0.0512	-1.9999	0.4476	-2.2550	0.2029	-9.2049	175.9209	302.7240	125.7062	4.1524	2.2236	1.4717	26.2572
44.9097	8010.0000	-0.0780	1.4925	0.0000	213.6980	111.9000	230.5950	0.8466	128.8200	26.5768	NOT CONNECTED	8000.0000	450.0000	0.0000	8005.1111	0.1257	0.1078	0.0496	0.0499	-2.1188	0.4589	-2.2421	0.1735	1.2854	171.5973	302.7511	123.3475	4.2031	2.1652	1.5223	26.2572
44.9602	8010.0000	-0.0780	1.4925	0.0000	213.6980	111.9000	230.5950	0.8466	128.8200	26.5768	NOT CONNECTED	8000.0000	450.0000	0.0000	8005.1111	0.1257	0.1078	0.0496	0.0499	-2.1188	0.4589	-2.2421	0.1735	1.2854	171.5973	302.7511	123.3475	4.2031	2.1652	1.5223	26.2572
45.5654	8005.0000	-0.0760	1.4904	0.0000	213.8250	111.2600	230.5850	0.8427	128.1400	26.6086	NOT CONNECTED	8000.0000	450.0000	0.0000	8003.5858	0.1533	0.1114	0.0495	0.0508	-2.1114	0.5454	-2.2016	0.1804	-12.7799	165.4454	302.7000	126.0517	4.2585	2.1163	1.4710	26.2975
45.6524	8005.0000	-0.0760	1.4904	0.0000	213.8250	111.2600	230.5850	0.8427	128.1400	26.6086	NOT CONNECTED	8000.0000	450.0000	0.0000	8003.5858	0.1533	0.1114	0.0495	0.0508	-2.1114	0.5454	-2.2016	0.1804	-12.7799	165.4454	302.7000	126.0517	4.2585	2.1163	1.4710	26.2975
46.1717	7991.0000	-0.0780	1.4938	0.0000	213.4850	112.8800	230.5800	0.8532	129.9100	26.6515	NOT CONNECTED	8000.0000	450.0000	0.0000	7997.6688	0.1291	0.1304	0.0519	0.0499	-2.0460	0.4590	-1.9956	0.2138	-15.1985	163.8952	302.7783	125.0265	4.3008	2.0686	1.4706	26.2975
46.5686	7991.0000	-0.0780	1.4938	0.0000	213.4850	112.8800	230.5800	0.8532	129.9100	26.6515	NOT CONNECTED	8000.0000	450.0000	0.0000	7994.7563	0.1395	0.1406	0.0500	0.0506	-2.0484	0.4249	-2.1228	0.2296	-5.6721	168.7238	302.4466	128.3585	4.3442	2.1765	1.4733	26.3399
46.7767	7991.0000	-0.0780	1.4938	0.0000	213.4850	112.8800	230.5800	0.8532	129.9100	26.6515	NOT CONNECTED	8000.0000	450.0000	0.0000	7994.7563	0.1395	0.1406	0.0500	0.0506	-2.0484	0.4249	-2.1228	0.2296	-5.6721	168.7238	302.4466	128.3585	4.3442	2.1765	1.4733	26.3399
47.3084	7997.0000	-0.0820	1.4895	0.0000	214.2120	115.8200	230.5680	0.8693	132.6400	26.6790	NOT CONNECTED	8000.0000	450.0000	0.0000	7993.2654	0.1344	0.1472	0.0513	0.0505	-2.1274	0.4211	-2.0756	0.1970	-10.1437	170.7871	302.1016	135.2319	4.3845	2.1755	1.4821	26.3800
47.3822	7997.0000	-0.0820	1.4895	0.0000	214.2120	115.8200	230.5680	0.8693	132.6400	26.6790	NOT CONNECTED	8000.0000	450.0000	0.0000	7993.2654	0.1344	0.1472	0.0513	0.0505	-2.1274	0.4211	-2.0756	0.1970	-10.1437	170.7871	302.1016	135.2319	4.3845	2.1755	1.4821	26.3800
47.9883	7990.0000	-0.0920	1.4991	0.0000	213.2720	123.2400	230.5510	0.9153	140.5100	26.7341	NOT CONNECTED	8000.0000	450.0000	0.0000	7996.8685	0.1405	0.1377	0.0507	0.0502	-2.0078	0.4634	-2.0194	0.2000	3.7131	168.8049	301.6118	140.7756	4.4257	2.2456	1.5052	26.3800
48.1474	7990.0000	-0.0920	1.4991	0.0000	213.2720	123.2400	230.5510	0.9153	140.5100	26.7341	NOT CONNECTED	8000.0000	450.0000	0.0000	7996.8685	0.1405	0.1377	0.0507	0.0502	-2.0078	0.4634	-2.0194	0.2000	3.7131	168.8049	301.6118	140.7756	4.4257	2.2456	1.5052	26.3800
48.5943	7995.0000	-0.1040	1.5077	0.0000	212.7110	129.6400	230.5400	0.9547	147.2600	26.8190	NOT CONNECTED	8000.0000	450.0000	0.0000	7990.7778	0.1391	0.1637	0.0507	0.0506	-2.1561	0.5104	-2.1671	0.2048	1.6849	171.4734	300.8028	151.4732	4.4711	1.9967	1.4955	26.4206
48.8890	7995.0000	-0.1040	1.5077	0.0000	212.7110	129.6400	230.5400	0.9547	147.2600	26.8190	NOT CONNECTED	8000.0000	450.0000	0.0000	7990.7778	0.1391	0.1637	0.0507	0.0506	-2.1561	0.5104	-2.1671	0.2048	1.6849	171.4734	300.8028	151.4732	4.4711	1.9967	1.4955	26.4206
49.2000	7995.0000	-0.1040	1.5077	0.0000	212.7110	129.6400	230.5400	0.9547	147.2600	26.8190	NOT CONNECTED	8000.0000	450.0000	0.0000	7989.8051	0.1800	0.1739	0.0494	0.0495	-2.2120	0.5845	-2.1542	0.2139	-5.4110	169.7678	300.1871	164.2681	4.5105	2.2186	1.5017	26.4206
49.6222	7990.0000	-0.1180	1.5232	0.0000	211.8310	146.8400	230.5220	1.0587	165.3000	26.8381	NOT CONNECTED	8000.0000	450.0000	0.0000	7990.3261	0.1591	0.1801	0.0501	0.0508	-2.0608	0.5154	-2.2656	0.3358	-16.0898	158.5770	299.6838	165.2098	4.5518	2.1001	1.5105	26.4641
49.8052	7990.0000	-0.1180	1.5232	0.0000	211.8310	146.8400	230.5220	1.0587	165.3000	26.8381	NOT CONNECTED	8000.0000	450.0000	0.0000	7990.3261	0.1591	0.1801	0.0501	0.0508	-2.0608	0.5154	-2.2656	0.3358	-16.0898	158.5770	299.6838	165.2098	4.5518	2.1001	1.5105	26.4641
50.4102	7997.0000	-0.1310	1.5312	0.0000	211.3900	154.1700	230.5150	1.1043	173.2500	26.8957	NOT CONNECTED	8000.0000	450.0000	0.0000	7992.9722	0.2094	0.1800	0.0492	0.0488	-2.1943	0.7220	-2.3243	0.2930	-3.3404	171.1965	298.7812	182.0956	4.5915	2.1069	1.5233	26.5061
50.5083	7997.0000	-0.1310	1.5312	0.0000	211.3900	154.1700	230.5150	1.1043	173.2500	26.8957	NOT CONNECTED	8000.0000	450.0000	0.0000	7992.9722	0.2094	0.1800	0.0492	0.0488	-2.1943	0.7220	-2.3243	0.2930	-3.3404	171.1965	298.7812	182.0956	4.5915	2.1069	1.5233	26.5061
51.0163	7991.0000	-0.1560	1.5511	0.0000	210.3490	173.8800	230.4980	1.2225	194.0200	26.9239	NOT CONNECTED	8000.0000	450.0000	0.0000	7987.6357	0.2133	0.2092	0.0503	0.0503	-2.0619	0.7114	-2.1239	0.3091	-10.6243	169.4744	298.0209	196.1201	4.6342	2.2792	1.5728	26.5061
51.2542	7991.0000	-0.1560	1.5511	0.0000	210.3490	173.8800	230.4980	1.2225	194.0200	26.9239	NOT CONNECTED	8000.0000	450.0000	0.0000	7987.6357	0.2133	0.2092	0.0503	0.0503	-2.0619	0.7114	-2.1239	0.3091	-10.6243	169.4744	298.0209	196.1201	4.6342	2.2792	1.5728	26.5061
51.6214	7991.0000	-0.1560	1.5511	0.0000	210.3490	173.8800	230.4980	1.2225	194.0200	26.9239	NOT CONNECTED	8000.0000	450.0000	0.0000	7991.2447	0.2101	0.2088	0.0490	0.0490	-2.0326	0.6571	-2.3483	0.3475	-13.6888	171.3242	297.6016	208.3842	4.6823	2.2414	1.5495	26.5493
52.1164	7989.0000	-0.1770	1.5707	0.0000	209.4770	193.2100	230.4810	1.3388	214.4700	26.9533	NOT CONNECTED	8000.0000	450.0000	0.0000	7985.3586	0.2403	0.2420	0.0480	0.0492	-2.1236	0.8012	-2.2410	0.3711	-5.6684	162.7189	296.5556	223.1647	4.7260	2.4154	1.5646	26.5493
52.2275	7989.0000	-0.1770	1.5707	0.0000	209.4770	193.2100	230.4810	1.3388	214.4700	26.9533	NOT CONNECTED	8000.0000	450.0000	0.0000	7985.3586	0.2403	0.2420	0.0480	0.0492	-2.1236	0.8012	-2.2410	0.3711	-5.6684	162.7189	296.5556	223.1647	4.7260	2.4154	1.5646	26.5493
52.8328	7985.0000	-0.2040	1.5856	0.0000	208.8260	207.2600	230.4670	1.4222	229.3300	27.0424	NOT CONNECTED	8000.0000	450.0000	0.0000	7986.6845	0.2501	0.2524	0.0494	0.0501	-2.0323	0.8563	-2.3252	0.3305	-1.1032	170.8385	296.0036	240.9551	4.7703	2.1807	1.5804	26.5959
52.8612	7985.0000	-0.2040	1.5856	0.0000	208.8260	207.2600	230.4670	1.4222	229.3300	27.0424	NOT CONNECTED	8000.0000	450.0000	0.0000	7986.6845	0.2501	0.2524	0.0494	0.0501	-2.0323	0.8563	-2.3252	0.3305	-1.1032	170.8385	296.0036	240.9551	4.7703	2.1807	1.5804	26.5959
53.4227	7989.0000	-0.2150	1.6095	0.0000	207.9150	229.7000	230.4500	1.5563	253.2400	27.0605	0.0000	8000.0000	450.0000	0.0000	7984.7792	0.2640	0.2658	0.0479	0.0500	-1.9797	0.9025	-2.2779	0.4114	-8.9165	166.8430	295.7684	248.8156	4.8156	2.3990	1.5920	26.6417
53.5973	7989.0000	-0.2150	1.6095	0.0000	207.9150	229.7000	230.4500	1.5563	253.2400	27.0605	0.0000	8000.0000	450.0000	0.0000	7984.7792	0.2640	0.2658	0.0479	0.0500	-1.9797	0.9025	-2.2779	0.4114	-8.9165	166.8430	295.7684	248.8156	4.8156	2.3990	1.5920	26.6417
54.0270	7987.0000	-0.2230	1.6160	0.0000	207.7880	236.5800	230.4420	1.5964	260.4100	27.1302	0.0000	8000.0000	450.0000	0.0000	7986.8652	0.2645	0.2778	0.0492	0.0488	-2.1251	0.8611	-2.2646	0.4392	-10.0033	158.2127	295.6383	253.5240	4.8625	2.3243	1.6465	26.6417
54.3409	7987.0000	-0.2230	1.6160	0.0000	207.7880	236.5800	230.4420	1.5964	260.4100	27.1302	0.0000	8000.0000	450.0000	0.0000	7991.7599	0.2644	0.2716	0.0498	0.0505	-2.0014	0.8380	-2.3343	0.3981	-1.3696	166.0891	295.7081	256.2907	4.9132	2.3197	1.6029	26.6880
54.6338	7987.0000	-0.2230	1.6160	0.0000	207.7880	236.5800	230.4420	1.5964	260.4100	27.1302	0.0000	8000.0000	450.0000	0.0000	7991.7599	0.2644	0.2716	0.0498	0.0505	-2.0014	0.8380	-2.3343	0.3981	-1.3696	166.0891	295.7081	256.2907	4.9132	2.3197	1.6029	26.6880
55.0850	7991.0000	-0.2270	1.6238	0.0000	207.6450	244.1100	230.4330	1.6409	268.1100	27.1806	0.0000	8000.0000	450.0000	0.0000	7992.0135	0.2882	0.2793	0.0506	0.0484	-2.0815	0.9477	-2.1977	0.4816	-2.1608	164.5226	295.7491	260.0871	4.9556	2.2187	1.6075	26.6880
55.2395	7991.0000	-0.2270	1.6238	0.0000	207.6450	244.1100	230.4330	1.6409	268.1100	27.1806	0.0000	8000.0000	450.0000	0.0000	7992.0135	0.2882	0.2793	0.0506	0.0484	-2.0815	0.9477	-2.1977	0.4816	-2.1608	164.5226	295.7491	260.0871	4.9556	2.2187	1.6075	26.6880
55.8244	7992.0000	-0.2300	1.6263	0.0000	207.5690	246.4800	230.4280	1.6554	270.5700	27.2267	0.0000	8000.0000	450.0000	0.0000	7999.0868	0.2757	0.2619	0.0479	0.0500	-2.0190	0.9488	-2.4072	0.4270	-5.2870	168.2458	295.7713	261.9231	4.9967	2.3499	1.6077	26.7370
55.8443	7992.0000	-0.2300	1.6263	0.0000	207.5690	246.4800	230.4280	1.6554	270.5700	27.2267	0.0000	8000.0000	450.0000	0.0000	7999.0868	0.2757	0.2619	0.0479	0.0500	-2.0190	0.9488	-2.4072	0.4270	-5.2870	168.2458	295.7713	261.9231	4.9967	2.3499	1.6077	26.7370
56.4498	7998.0000	-0.2330	1.6287	0.0000	207.4900	248.2300	230.4200	1.6659	272.1600	27.2670	1.0000	8000.0000	450.0000	0.0000	7997.4094	0.2942	0.2727	0.0490	0.0474	-2.2565	1.0491	-2.2508	0.4004	-14.1322	163.2313	295.9500	260.9182	5.0378	2.4143	1.6074	26.7834
56.5719	7998.0000	-0.2330	1.6287	0.0000	207.4900	248.2300	230.4200	1.6659	272.1600	27.2670	1.0000	8000.0000	450.0000	0.0000	7997.4094	0.2942	0.2727	0.0490	0.0474	-2.2565	1.0491	-2.2508	0.4004	-14.1322	163.2313	295.9500	260.9182	5.0378	2.4143	1.6074	26.7834
57.0392	7994.0000	-0.2330	1.6275	0.0000	207.6470	248.0400	230.4180	1.6650	271.8400	27.3574	1.0000	8000.0000	450.0000	0.0000	7993.9910	0.3012	0.2880	0.0501	0.0476	-2.2499	1.0911	-2.2470	0.4409	-4.5885	165.3144	296.0098	261.5920	5.0757	2.3136	1.6555	26.7834
57.4269	7994.0000	-0.2330	1.6275	0.0000	207.6470	248.0400	230.4180	1.6650	271.8400	27.3574	1.0000	8000.0000	450.0000	0.0000	7992.2431	0.2857	0.2968	0.0482	0.0497	-1.9891	1.0065	-2.3740	0.4200	3.1287	167.9180	296.1188	261.8381	5.1203	2.3659	1.6066	26.8295
57.6445	7994.0000	-0.2330	1.6275	0.0000	207.6470	248.0400	230.4180	1.6650	271.8400	27.3574	1.0000	8000.0000	450.0000	0.0000	7992.2431	0.2857	0.2968	0.0482	0.0497	-1.9891	1.0065	-2.3740	0.4200	3.1287	167.9180	296.1188	261.8381	5.1203	2.3659	1.6066	26.8295
58.1596	7998.0000	-0.2330	1.6265	0.0000	207.8720	248.8300	230.4130	1.6702	272.5800	27.3819	1.0000	8000.0000	450.0000	0.0000	7996.3784	0.3010	0.2850	0.0474	0.0479	-2.1715	1.0437	-2.4028	0.4194	-9.7694	172.4750	296.1964	262.7466	5.1551	2.3932	1.6074	26.8295
58.2505	7998.0000	-0.2330	1.6265	0.0000	207.8720	248.8300	230.4130	1.6702	272.5800	27.3819	1.0000	8000.0000	450.0000	0.0000	7996.3784	0.3010	0.2850	0.0474	0.0479	-2.1715	1.0437	-2.4028	0.4194	-9.7694	172.4750	296.1964	262.7466	5.1551	2.3932	1.6074	26.8295
58.8556	7998.0000	-0.2340	1.6241	0.0000	208.2110	249.1800	230.4090	1.6715	272.7000	27.4534	1.0000	8000.0000	450.0000	0.0000	7999.4208	0.2663	0.2762	0.0476	0.0495	-2.0967	0.9038	-2.4170	0.4630	-4.1945	164.5408	296.2894	259.2901	5.1887	2.3737	1.6062	26.8779
58.9027	7998.0000	-0.2340	1.6241	0.0000	208.2110	249.1800	230.4090	1.6715	272.7000	27.4534	1.0000	8000.0000	450.0000	0.0000	7999.4208	0.2663	0.2762	0.0476	0.0495	-2.0967	0.9038	-2.4170	0.4630	-4.1945	164.5408	296.2894	259.2901	5.1887	2.3737	1.6062	26.8779
59.4618	7998.0000	-0.2340	1.6266	0.0000	207.7940	248.8400	230.4070	1.6691	272.1200	27.5438	1.0000	8000.0000	450.0000	0.0000	7995.1626	0.3064	0.2880	0.0487	0.0482	-2.0306	1.0752	-2.1980	0.4263	1.4528	174.0621	296.4274	266.0068	5.2209	2.3726	1.6039	26.9236
59.6403	7998.0000	-0.2340	1.6266	0.0000	207.7940	248.8400	230.4070	1.6691	272.1200	27.5438	1.0000	8000.0000	450.0000	0.0000	7995.1626	0.3064	0.2880	0.0487	0.0482	-2.0306	1.0752	-2.1980	0.4263	1.4528	174.0621	296.4274	266.0068	5.2209	2.3726	1.6039	26.9236
60.0664	8002.0000	-0.2340	1.6235	0.0000	208.2570	248.9800	230.4060	1.6708	272.3100	27.5591	1.0000	8000.0000	450.0000	0.0000	8001.0545	0.2688	0.2726	0.0489	0.0488	-2.2465	0.9128	-2.3047	0.4428	-10.3980	162.3564	296.4559	260.1876	5.2554	2.3306	1.6503	26.9236
60.3700	8002.0000	-0.2340	1.6235	0.0000	208.2570	248.9800	230.4060	1.6708	272.3100	27.5591	1.0000	8000.0000	450.0000	0.0000	7997.9719	0.2698	0.2836	0.0490	0.0502	-2.0804	0.8800	-2.3460	0.4521	-9.6936	166.9985	296.5363	263.2655	5.2910	2.3357	1.6006	26.9691
60.6728	8002.0000	-0.2340	1.6235	0.0000	208.2570	248.9800	230.4060	1.6708	272.3100	27.5591	1.0000	8000.0000	450.0000	0.0000	7997.9719	0.2698	0.2836	0.0490	0.0502	-2.0804	0.8800	-2.3460	0.4521	-9.6936	166.9985	296.5363	263.2655	5.2910	2.3357	1.6006	26.9691
61.1205	8001.0000	-0.2330	1.6284	0.0000	207.6070	249.2200	230.4020	1.6725	272.4300	27.6015	1.0000	8000.0000	450.0000	0.0000	8002.3274	0.2826	0.2694	0.0510	0.0482	-2.1568	0.9630	-2.1576	0.4642	-3.9753	164.4369	296.6377	263.4623	5.3224	2.2382	1.6107	27.0168
61.2785	8001.0000	-0.2330	1.6284	0.0000	207.6070	249.2200	230.4020	1.6725	272.4300	27.6015	1.0000	8000.0000	450.0000	0.0000	8002.3274	0.2826	0.2694	0.0510	0.0482	-2.1568	0.9630	-2.1576	0.4642	-3.9753	164.4369	296.6377	263.4623	5.3224	2.2382	1.6107	27.0168
61.8573	8000.0000	-0.2330	1.6253	0.0000	208.1000	249.3200	230.4030	1.6722	272.4400	27.6371	1.0000	8000.0000	450.0000	0.0000	8003.0030	0.2963	0.2675	0.0492	0.0505	-1.9612	1.0081	-2.3007	0.4250	-3.6771	166.7348	296.6592	262.1517	5.3524	2.2059	1.6017	27.0168
61.8834	8000.0000	-0.2330	1.6253	0.0000	208.1000	249.3200	230.4030	1.6722	272.4400	27.6371	1.0000	8000.0000	450.0000	0.0000	8003.0030	0.2963	0.2675	0.0492	0.0505	-1.9612	1.0081	-2.3007	0.4250	-3.6771	166.7348	296.6592	262.1517	5.3524	2.2059	1.6017	27.0168
62.6021	8002.0000	-0.2340	1.6199	0.0000	208.8090	249.8000	230.3990	1.6733	272.5000	27.7270	1.0000	8000.0000	450.0000	0.0000	8003.9454	0.2896	0.2645	0.0506	0.0479	-2.1709	1.1053	-2.1899	0.4474	-4.8812	167.0527	296.7860	262.5483	5.4056	2.1681	1.6431	27.0616
62.9990	8003.0000	-0.2340	1.6211	0.0000	208.6120	249.5200	230.3980	1.6720	272.1400	27.7414	1.0000	8000.0000	450.0000	0.0000	8003.9454	0.2896	0.2645	0.0506	0.0479	-2.1709	1.1053	-2.1899	0.4474	-4.8812	167.0527	296.7860	262.5483	5.4056	2.1681	1.6431	27.0616
63.3459	8003.0000	-0.2340	1.6211	0.0000	208.6120	249.5200	230.3980	1.6720	272.1400	27.7414	1.0000	8000.0000	450.0000	0.0000	8005.7610	0.2626	0.2583	0.0489	0.0501	-2.1907	0.8848	-2.2585	0.4024	-10.6767	169.8141	296.8997	261.1360	5.4412	2.3479	1.5996	27.1060
63.6042	8003.0000	-0.2340	1.6211	0.0000	208.6120	249.5200	230.3980	1.6720	272.1400	27.7414	1.0000	8000.0000	450.0000	0.0000	8005.7610	0.2626	0.2583	0.0489	0.0501	-2.1907	0.8848	-2.2585	0.4024	-10.6767	169.8141	296.8997	261.1360	5.4412	2.3479	1.5996	27.1060
64.0831	7996.0000	-0.2340	1.6202	0.0000	208.7030	249.3400	230.3990	1.6706	271.8300	27.8280	1.0000	8000.0000	450.0000	0.0000	7999.2028	0.2857	0.2806	0.0499	0.0478	-2.2901	0.9953	-2.2953	0.4054	1.1197	171.4231	296.9678	262.2315	5.4683	2.3233	1.5999	27.1060
64.2104	7996.0000	-0.2340	1.6202	0.0000	208.7030	249.3400	230.3990	1.6706	271.8300	27.8280	1.0000	8000.0000	450.0000	0.0000	7999.2028	0.2857	0.2806	0.0499	0.0478	-2.2901	0.9953	-2.2953	0.4054	1.1197	171.4231	296.9678	262.2315	5.4683	2.3233	1.5999	27.1060
64.8163	8000.0000	-0.2340	1.6196	0.0000	208.7480	249.3400	230.3980	1.6706	271.7900	27.8822	2.0000	8000.0000	450.0000	0.0000	7996.0695	0.3032	0.2912	0.0472	0.0495	-2.0795	1.1260	-2.5366	0.4166	6.8721	163.6225	296.9826	261.4991	5.4952	2.4128	1.6008	27.1527
64.8174	8000.0000	-0.2340	1.6196	0.0000	208.7480	249.3400	230.3980	1.6706	271.7900	27.8822	2.0000	8000.0000	450.0000	0.0000	7996.0695	0.3032	0.2912	0.0472	0.0495	-2.0795	1.1260	-2.5366	0.4166	6.8721	163.6225	296.9826	261.4991	5.4952	2.4128	1.6008	27.1527
65.4207	7999.0000	-0.2340	1.6188	0.0000	208.8390	249.1100	230.3960	1.6693	271.4000	27.9281	2.0000	8000.0000	450.0000	0.0000	8007.3871	0.2666	0.2527	0.0505	0.0499	-2.0237	0.8868	-2.2629	0.4248	-3.1977	169.8749	297.0179	264.2216	5.5232	2.2249	1.5991	27.1967
65.6855	7999.0000	-0.2340	1.6188	0.0000	208.8390	249.1100	230.3960	1.6693	271.4000	27.9281	2.0000	8000.0000	450.0000	0.0000	8007.3871	0.2666	0.2527	0.0505	0.0499	-2.0237	0.8868	-2.2629	0.4248	-3.1977	169.8749	297.0179	264.2216	5.5232	2.2249	1.5991	27.1967
66.0267	7999.0000	-0.2340	1.6188	0.0000	208.8390	249.1100	230.3960	1.6693	271.4000	27.9281	2.0000	8000.0000	450.0000	0.0000	8000.1867	0.2794	0.2772	0.0498	0.0489	-2.1772	0.9324	-2.3014	0.4795	-2.3456	162.2694	297.0602	259.5233	5.5510	2.2035	1.6492	27.1967
66.4251	7996.0000	-0.2330	1.6186	0.0000	208.8950	249.3200	230.3960	1.6706	271.6500	28.0032	2.0000	8000.0000	450.0000	0.0000	8000.3988	0.2877	0.2765	0.0515	0.0488	-2.0469	0.9668	-2.1354	0.5035	-3.7679	169.3500	297.0723	261.4699	5.5836	2.2076	1.5994	27.2406
66.6171	7996.0000	-0.2330	1.6186	0.0000	208.8950	249.3200	230.3960	1.6706	271.6500	28.0032	2.0000	8000.0000	450.0000	0.0000	8000.3988	0.2877	0.2765	0.0515	0.0488	-2.0469	0.9668	-2.1354	0.5035	-3.7679	169.3500	297.0723	261.4699	5.5836	2.2076	1.5994	27.2406
67.1674	8000.0000	-0.2340	1.6178	0.0000	208.9290	249.0700	230.3950	1.6688	271.2600	28.0242	2.0000	8000.0000	450.0000	0.0000	7995.3683	0.2621	0.2936	0.0499	0.0506	-2.0116	0.8447	-2.1737	0.4242	-8.0385	170.9016	297.0913	262.4415	5.6082	2.5617	1.6016	27.2406
67.2213	8000.0000	-0.2340	1.6178	0.0000	208.9290	249.0700	230.3950	1.6688	271.2600	28.0242	2.0000	8000.0000	450.0000	0.0000	7995.3683	0.2621	0.2936	0.0499	0.0506	-2.0116	0.8447	-2.1737	0.4242	-8.0385	170.9016	297.0913	262.4415	5.6082	2.5617	1.6016	27.2406
67.8268	7995.0000	-0.2330	1.6162	0.0000	209.0930	248.7800	230.3930	1.6667	270.9000	28.1126	2.0000	8000.0000	450.0000	0.0000	8000.8295	0.2738	0.2750	0.0469	0.0487	-2.3153	0.9764	-2.3347	0.4648	-2.2088	163.3837	297.1686	261.8613	5.6338	2.5314	1.5994	27.2865
67.9053	7995.0000	-0.2330	1.6162	0.0000	209.0930	248.7800	230.3930	1.6667	270.9000	28.1126	2.0000	8000.0000	450.0000	0.0000	8000.8295	0.2738	0.2750	0.0469	0.0487	-2.3153	0.9764	-2.3347	0.4648	-2.2088	163.3837	297.1686	261.8613	5.6338	2.5314	1.5994	27.2865
68.4166	7995.0000	-0.2320	1.6166	0.0000	209.0230	249.0900	230.3900	1.6692	271.2000	28.1547	2.0000	8000.0000	450.0000	0.0000	8000.4810	0.2871	0.2820	0.0494	0.0485	-2.0865	1.0147	-2.0978	0.5122	-4.5913	163.7563	297.2168	260.1287	5.6603	2.2818	1.5985	27.3297
68.6507	7995.0000	-0.2320	1.6166	0.0000	209.0230	249.0900	230.3900	1.6692	271.2000	28.1547	2.0000	8000.0000	450.0000	0.0000	8000.4810	0.2871	0.2820	0.0494	0.0485	-2.0865	1.0147	-2.0978	0.5122	-4.5913	163.7563	297.2168	260.1287	5.6603	2.2818	1.5985	27.3297
69.0233	7998.0000	-0.2320	1.6157	0.0000	209.1410	248.9300	230.3910	1.6680	271.0200	28.2326	2.0000	8000.0000	450.0000	0.0000	8002.6713	0.2584	0.2687	0.0476	0.0505	-2.1780	0.8818	-2.2975	0.4237	6.1182	167.0197	297.2599	259.8317	5.6862	2.4190	1.6449	27.3297
69.3914	7998.0000	-0.2320	1.6157	0.0000	209.1410	248.9300	230.3910	1.6680	271.0200	28.2326	2.0000	8000.0000	450.0000	0.0000	7995.4767	0.2807	0.2931	0.0513	0.0483	-2.1379	0.9302	-2.1342	0.4550	1.5201	165.8921	297.2814	261.8680	5.7175	2.1841	1.6000	27.3728
69.6286	7998.0000	-0.2320	1.6157	0.0000	209.1410	248.9300	230.3910	1.6680	271.0200	28.2326	2.0000	8000.0000	450.0000	0.0000	7995.4767	0.2807	0.2931	0.0513	0.0483	-2.1379	0.9302	-2.1342	0.4550	1.5201	165.8921	297.2814	261.8680	5.7175	2.1841	1.6000	27.3728
70.1312	8000.0000	-0.2340	1.6139	0.0000	209.2860	248.2100	230.3900	1.6634	270.0900	28.2644	2.0000	8000.0000	450.0000	0.0000	8005.3017	0.2555	0.2597	0.0477	0.0504	-2.0272	0.7881	-2.4522	0.4846	-17.2433	168.3120	297.2844	261.8059	5.7435	2.3337	1.6007	27.3728
70.2342	8000.0000	-0.2340	1.6139	0.0000	209.2860	248.2100	230.3900	1.6634	270.0900	28.2644	2.0000	8000.0000	450.0000	0.0000	8005.3017	0.2555	0.2597	0.0477	0.0504	-2.0272	0.7881	-2.4522	0.4846	-17.2433	168.3120	297.2844	261.8059	5.7435	2.3337	1.6007	27.3728
70.8396	7999.0000	-0.2340	1.6134	0.0000	209.3470	248.5000	230.3890	1.6655	270.3800	28.3240	2.0000	8000.0000	450.0000	0.0000	8000.3767	0.2845	0.2765	0.0501	0.0477	-2.3103	1.0208	-2.3599	0.3953	-4.0369	168.6832	297.3477	262.0359	5.7684	2.2720	1.6008	27.4179
70.8701	7999.0000	-0.2340	1.6134	0.0000	209.3470	248.5000	230.3890	1.6655	270.3800	28.3240	2.0000	8000.0000	450.0000	0.0000	8000.3767	0.2845	0.2765	0.0501	0.0477	-2.3103	1.0208	-2.3599	0.3953	-4.0369	168.6832	297.3477	262.0359	5.7684	2.2720	1.6008	27.4179
71.4454	7996.0000	-0.2320	1.6138	0.0000	209.2740	248.3400	230.3900	1.6641	270.1200	28.3730	2.0000	8000.0000	450.0000	0.0000	8000.7013	0.2689	0.2754	0.0508	0.0494	-2.1832	0.9070	-2.1918	0.4937	-5.6206	167.6946	297.3578	260.9318	5.7933	2.3990	1.5998	27.4605
71.6174	7996.0000	-0.2320	1.6138	0.0000	209.2740	248.3400	230.3900	1.6641	270.1200	28.3730	2.0000	8000.0000	450.0000	0.0000	8000.7013	0.2689	0.2754	0.0508	0.0494	-2.1832	0.9070	-2.1918	0.4937	-5.6206	167.6946	297.3578	260.9318	5.7933	2.3990	1.5998	27.4605
72.0342	7997.0000	-0.2330	1.6142	0.0000	209.2810	248.9400	230.3890	1.6678	270.7700	28.4325	3.0000	8000.0000	450.0000	0.0000	8004.9747	0.2569	0.2609	0.0503	0.0499	-2.1034	0.8867	-2.1331	0.4123	-7.5456	165.2636	297.3865	259.7743	5.8200	2.3102	1.6315	27.4605
72.3662	7997.0000	-0.2330	1.6142	0.0000	209.2810	248.9400	230.3890	1.6678	270.7700	28.4325	3.0000	8000.0000	450.0000	0.0000	8000.2508	0.2951	0.2770	0.0497	0.0481	-2.1986	1.0456	-2.3065	0.3863	-17.7298	174.4707	297.3936	263.8598	5.8502	2.1895	1.6003	27.5030
72.6403	7997.0000	-0.2330	1.6142	0.0000	209.2810	248.9400	230.3890	1.6678	270.7700	28.4325	3.0000	8000.0000	450.0000	0.0000	8000.2508	0.2951	0.2770	0.0497	0.0481	-2.1986	1.0456	-2.3065	0.3863	-17.7298	174.4707	297.3936	263.8598	5.8502	2.1895	1.6003	27.5030
73.2459	8000.0000	-0.2330	1.6142	0.0000	209.2820	248.9100	230.3880	1.6673	270.7500	28.4983	3.0000	8000.0000	450.0000	0.0000	7998.1467	0.2530	0.2841	0.0479	0.0494	-2.1768	0.8618	-2.3414	0.4466	-8.0112	163.2682	297.4343	261.1860	5.8744	2.3306	1.5981	27.5030
73.2473	8000.0000	-0.2330	1.6142	0.0000	209.2820	248.9100	230.3880	1.6673	270.7500	28.4983	3.0000	8000.0000	450.0000	0.0000	7998.1467	0.2530	0.2841	0.0479	0.0494	-2.1768	0.8618	-2.3414	0.4466	-8.0112	163.2682	297.4343	261.1860	5.8744	2.3306	1.5981	27.5030
73.8508	8002.0000	-0.2330	1.6125	0.0000	209.4140	248.5700	230.3880	1.6654	270.2800	28.5485	3.0000	8000.0000	450.0000	0.0000	8002.2365	0.3004	0.2701	0.0499	0.0490	-2.0145	0.9860	-2.2732	0.4804	-12.2335	160.2146	297.4974	261.2144	5.8995	2.2004	1.5982	27.5474
73.9847	8002.0000	-0.2330	1.6125	0.0000	209.4140	248.5700	230.3880	1.6654	270.2800	28.5485	3.0000	8000.0000	450.0000	0.0000	8002.2365	0.3004	0.2701	0.0499	0.0490	-2.0145	0.9860	-2.2732	0.4804	-12.2335	160.2146	297.4974	261.2144	5.8995	2.2004	1.5982	27.5474
74.4571	8001.0000	-0.2320	1.6110	0.0000	209.5660	248.4400	230.3870	1.6640	270.0700	28.6222	3.0000	8000.0000	450.0000	0.0000	7994.7785	0.2979	0.2955	0.0487	0.0490	-2.0700	1.0487	-2.3012	0.4720	6.0463	162.3557	297.4345	260.8479	5.9240	2.4276	1.5969	27.5893
74.7251	8001.0000	-0.2320	1.6110	0.0000	209.5660	248.4400	230.3870	1.6640	270.0700	28.6222	3.0000	8000.0000	450.0000	0.0000	7994.7785	0.2979	0.2955	0.0487	0.0490	-2.0700	1.0487	-2.3012	0.4720	6.0463	162.3557	297.4345	260.8479	5.9240	2.4276	1.5969	27.5893
75.0624	8001.0000	-0.2320	1.6110	0.0000	209.5660	248.4400	230.3870	1.6640	270.0700	28.6222	3.0000	8000.0000	450.0000	0.0000	8002.4498	0.2769	0.2694	0.0481	0.0506	-2.0149	1.0091	-2.3460	0.3871	3.8481	170.2761	297.5171	262.3344	5.9501	2.2881	1.6370	27.5893
75.4740	8002.0000	-0.2320	1.6106	0.0000	209.5810	248.3300	230.3870	1.6635	269.9300	28.6809	3.0000	8000.0000	450.0000	0.0000	8001.9993	0.2968	0.2709	0.0500	0.0486	-2.0423	1.0427	-2.1534	0.4877	-3.3431	164.4617	297.4623	261.3270	5.9791	2.3415	1.5976	27.6310
75.6676	8002.0000	-0.2320	1.6106	0.0000	209.5810	248.3300	230.3870	1.6635	269.9300	28.6809	3.0000	8000.0000	450.0000	0.0000	8001.9993	0.2968	0.2709	0.0500	0.0486	-2.0423	1.0427	-2.1534	0.4877	-3.3431	164.4617	297.4623	261.3270	5.9791	2.3415	1.5976	27.6310
76.2095	7995.0000	-0.2320	1.6105	0.0000	209.5800	248.2300	230.3870	1.6631	269.7500	28.6960	3.0000	8000.0000	450.0000	0.0000	7998.4498	0.2677	0.2830	0.0507	0.0482	-2.2259	0.9476	-2.1680	0.3993	9.5231	166.2320	297.4955	260.8997	6.0027	2.2640	1.5971	27.6310
76.2577	7995.0000	-0.2320	1.6105	0.0000	209.5800	248.2300	230.3870	1.6631	269.7500	28.6960	3.0000	8000.0000	450.0000	0.0000	7998.4498	0.2677	0.2830	0.0507	0.0482	-2.2259	0.9476	-2.1680	0.3993	9.5231	166.2320	297.4955	260.8997	6.0027	2.2640	1.5971	27.6310
76.8628	7998.0000	-0.2340	1.6112	0.0000	209.5360	248.4700	230.3860	1.6647	270.0300	28.7611	3.0000	8000.0000	450.0000	0.0000	8000.6156	0.2667	0.2756	0.0483	0.0504	-2.0701	0.8859	-2.2951	0.4290	-9.3190	163.2578	297.5089	262.6500	6.0262	2.3289	1.5966	27.6745
76.9438	7998.0000	-0.2340	1.6112	0.0000	209.5360	248.4700	230.3860	1.6647	270.0300	28.7611	3.0000	8000.0000	450.0000	0.0000	8000.6156	0.2667	0.2756	0.0483	0.0504	-2.0701	0.8859	-2.2951	0.4290	-9.3190	163.2578	297.5089	262.6500	6.0262	2.3289	1.5966	27.6745
77.4535	8006.0000	-0.2320	1.6089	0.0000	209.7240	248.0900	230.3870	1.6624	269.5900	28.8210	3.0000	8000.0000	450.0000	0.0000	8000.0823	0.2465	0.2774	0.0476	0.0504	-2.0833	0.7877	-2.2873	0.4260	-12.0661	164.4262	297.5428	262.5873	6.0496	2.4159	1.5957	27.7157
77.6884	8006.0000	-0.2320	1.6089	0.0000	209.7240	248.0900	230.3870	1.6624	269.5900	28.8210	3.0000	8000.0000	450.0000	0.0000	8000.0823	0.2465	0.2774	0.0476	0.0504	-2.0833	0.7877	-2.2873	0.4260	-12.0661	164.4262	297.5428	262.5873	6.0496	2.4159	1.5957	27.7157
78.0579	8006.0000	-0.2320	1.6089	0.0000	209.7240	248.0900	230.3870	1.6624	269.5900	28.8210	3.0000	8000.0000	450.0000	0.0000	7997.8961	0.2842	0.2848	0.0508	0.0482	-2.1628	0.9730	-2.1353	0.4172	-0.7454	165.6572	297.5902	260.1115	6.0744	2.1631	1.6395	27.7157
78.6634	8001.0000	-0.2320	1.6085	0.0000	209.7090	247.8100	230.3860	1.6605	269.2800	28.9243	3.0000	8000.0000	450.0000	0.0000	7999.9145	0.2655	0.2779	0.0495	0.0502	-2.0192	0.9094	-2.2736	0.4368	-10.1381	163.6977	297.5847	259.0451	6.1030	2.3359	1.5942	27.7565
78.9455	8001.0000	-0.2320	1.6085	0.0000	209.7090	247.8100	230.3860	1.6605	269.2800	28.9243	3.0000	8000.0000	450.0000	0.0000	7999.9145	0.2655	0.2779	0.0495	0.0502	-2.0192	0.9094	-2.2736	0.4368	-10.1381	163.6977	297.5847	259.0451	6.1030	2.3359	1.5942	27.7565
79.2693	8001.0000	-0.2320	1.6085	0.0000	209.7090	247.8100	230.3860	1.6605	269.2800	28.9243	3.0000	8000.0000	450.0000	0.0000	8003.3264	0.2772	0.2663	0.0504	0.0477	-2.2445	0.9822	-2.1908	0.3604	0.6157	174.3262	297.5964	263.9671	6.1260	2.3460	1.5948	27.7994
79.6894	8002.0000	-0.2320	1.6087	0.0000	209.6970	248.0500	230.3870	1.6630	269.6200	28.9582	3.0000	8000.0000	450.0000	0.0000	8003.7362	0.2617	0.2649	0.0494	0.0497	-2.1955	0.9097	-2.2179	0.4018	1.2824	167.9521	297.6322	260.5173	6.1493	2.1766	1.5941	27.7994
79.8745	8002.0000	-0.2320	1.6087	0.0000	209.6970	248.0500	230.3870	1.6630	269.6200	28.9582	3.0000	8000.0000	450.0000	0.0000	8003.7362	0.2617	0.2649	0.0494	0.0497	-2.1955	0.9097	-2.2179	0.4018	1.2824	167.9521	297.6322	260.5173	6.1493	2.1766	1.5941	27.7994
80.4313	7992.0000	-0.2330	1.6084	0.0000	209.7160	247.9800	230.3870	1.6620	269.4300	29.0279	4.0000	8000.0000	450.0000	0.0000	8003.1393	0.2812	0.2669	0.0488	0.0499	-2.0162	0.9159	-2.2747	0.4995	-6.1156	168.0592	297.6172	259.5974	6.1727	2.3644	1.5946	27.8398
80.4639	7992.0000	-0.2330	1.6084	0.0000	209.7160	247.9800	230.3870	1.6620	269.4300	29.0279	4.0000	8000.0000	450.0000	0.0000	8003.1393	0.2812	0.2669	0.0488	0.0499	-2.0162	0.9159	-2.2747	0.4995	-6.1156	168.0592	297.6172	259.5974	6.1727	2.3644	1.5946	27.8398
81.0544	7998.0000	-0.2310	1.6080	0.0000	209.7420	247.9300	230.3880	1.6615	269.4000	29.0978	4.0000	8000.0000	450.0000	0.0000	8004.9211	0.2572	0.2609	0.0480	0.0499	-2.1478	0.8831	-2.3175	0.4879	-15.6046	167.4201	297.6642	260.0508	6.1982	2.3446	1.6371	27.8398
81.3103	7998.0000	-0.2310	1.6080	0.0000	209.7420	247.9300	230.3880	1.6615	269.4000	29.0978	4.0000	8000.0000	450.0000	0.0000	8004.9211	0.2572	0.2609	0.0480	0.0499	-2.1478	0.8831	-2.3175	0.4879	-15.6046	167.4201	297.6642	260.0508	6.1982	2.3446	1.6371	27.8398
81.6592	7998.0000	-0.2310	1.6080	0.0000	209.7420	247.9300	230.3880	1.6615	269.4000	29.0978	4.0000	8000.0000	450.0000	0.0000	7999.9570	0.2801	0.2777	0.0507	0.0478	-2.2131	1.0142	-2.2603	0.4471	-12.7135	173.7297	297.6980	259.5323	6.2266	2.1536	1.5937	27.8801
82.0791	7999.0000	-0.2310	1.6078	0.0000	209.7340	247.6200	230.3890	1.6600	269.0800	29.1354	4.0000	8000.0000	450.0000	0.0000	8002.2278	0.2755	0.2697	0.0486	0.0492	-2.2101	0.9792	-2.2985	0.3910	0.1483	165.3370	297.7180	261.7211	6.2498	2.3181	1.5924	27.8801
82.2645	7999.0000	-0.2310	1.6078	0.0000	209.7340	247.6200	230.3890	1.6600	269.0800	29.1354	4.0000	8000.0000	450.0000	0.0000	8002.2278	0.2755	0.2697	0.0486	0.0492	-2.2101	0.9792	-2.2985	0.3910	0.1483	165.3370	297.7180	261.7211	6.2498	2.3181	1.5924	27.8801
82.8195	8003.0000	-0.2320	1.6093	0.0000	209.5140	247.3700	230.3890	1.6594	269.0900	29.1595	4.0000	8000.0000	450.0000	0.0000	8000.5369	0.2862	0.2754	0.0481	0.0489	-2.1657	1.0238	-2.3350	0.3613	-0.5112	171.9753	297.6930	264.1148	6.2735	2.3110	1.5967	27.9224
82.8702	8003.0000	-0.2320	1.6093	0.0000	209.5140	247.3700	230.3890	1.6594	269.0900	29.1595	4.0000	8000.0000	450.0000	0.0000	8000.5369	0.2862	0.2754	0.0481	0.0489	-2.1657	1.0238	-2.3350	0.3613	-0.5112	171.9753	297.6930	264.1148	6.2735	2.3110	1.5967	27.9224
83.4754	7998.0000	-0.2290	1.6126	0.0000	209.1160	247.4100	230.3880	1.6607	269.2200	29.2287	4.0000	8000.0000	450.0000	0.0000	8002.0861	0.2647	0.2702	0.0484	0.0497	-2.0298	0.8336	-2.3707	0.5114	4.5459	157.8050	297.7003	257.8402	6.2977	2.4606	1.5966	27.9624
83.5722	7998.0000	-0.2290	1.6126	0.0000	209.1160	247.4100	230.3880	1.6607	269.2200	29.2287	4.0000	8000.0000	450.0000	0.0000	8002.0861	0.2647	0.2702	0.0484	0.0497	-2.0298	0.8336	-2.3707	0.5114	4.5459	157.8050	297.7003	257.8402	6.2977	2.4606	1.5966	27.9624
84.0816	7996.0000	-0.2300	1.6125	0.0000	209.1000	247.2900	230.3890	1.6604	269.0800	29.2874	4.0000	8000.0000	450.0000	0.0000	7997.7708	0.2517	0.2848	0.0502	0.0506	-2.1348	0.7991	-2.1888	0.4720	-13.1491	170.2166	297.7002	260.4937	6.3256	2.3268	1.6335	27.9624
84.3122	7996.0000	-0.2300	1.6125	0.0000	209.1000	247.2900	230.3890	1.6604	269.0800	29.2874	4.0000	8000.0000	450.0000	0.0000	7997.7708	0.2517	0.2848	0.0502	0.0506	-2.1348	0.7991	-2.1888	0.4720	-13.1491	170.2166	297.7002	260.4937	6.3256	2.3268	1.6335	27.9624
84.6872	7996.0000	-0.2300	1.6125	0.0000	209.1000	247.2900	230.3890	1.6604	269.0800	29.2874	4.0000	8000.0000	450.0000	0.0000	8002.5174	0.2943	0.2687	0.0486	0.0488	-2.1417	0.9831	-2.2949	0.4284	-1.4407	162.3583	297.7477	260.1425	6.3543	2.3709	1.5975	28.0023
85.0784	7996.0000	-0.2300	1.6135	0.0000	209.0150	247.6500	230.3890	1.6626	269.4700	29.3069	4.0000	8000.0000	450.0000	0.0000	7995.3869	0.2519	0.2929	0.0487	0.0506	-2.1533	0.7775	-2.3770	0.4477	-13.3341	163.0008	297.7762	261.3544	6.3777	2.3505	1.5973	28.0443
85.2921	7996.0000	-0.2300	1.6135	0.0000	209.0150	247.6500	230.3890	1.6626	269.4700	29.3069	4.0000	8000.0000	450.0000	0.0000	7995.3869	0.2519	0.2929	0.0487	0.0506	-2.1533	0.7775	-2.3770	0.4477	-13.3341	163.0008	297.7762	261.3544	6.3777	2.3505	1.5973	28.0443
85.8106	8003.0000	-0.2300	1.6123	0.0000	209.1270	247.5300	230.3890	1.6617	269.2500	29.3939	4.0000	8000.0000	450.0000	0.0000	8002.0040	0.2670	0.2705	0.0503	0.0480	-2.2480	0.8924	-2.1720	0.4786	-12.2049	167.7276	297.7944	259.4653	6.4012	2.2772	1.5964	28.0443
85.8970	8003.0000	-0.2300	1.6123	0.0000	209.1270	247.5300	230.3890	1.6617	269.2500	29.3939	4.0000	8000.0000	450.0000	0.0000	8002.0040	0.2670	0.2705	0.0503	0.0480	-2.2480	0.8924	-2.1720	0.4786	-12.2049	167.7276	297.7944	259.4653	6.4012	2.2772	1.5964	28.0443
86.5027	8002.0000	-0.2310	1.6113	0.0000	209.2600	247.8500	230.3890	1.6633	269.5200	29.4224	4.0000	8000.0000	450.0000	0.0000	7996.5620	0.2901	0.2890	0.0481	0.0502	-1.9743	0.9354	-2.2801	0.4285	-12.6363	166.6053	297.7618	261.5446	6.4246	2.4423	1.5951	28.0836
86.5717	8002.0000	-0.2310	1.6113	0.0000	209.2600	247.8500	230.3890	1.6633	269.5200	29.4224	4.0000	8000.0000	450.0000	0.0000	7996.5620	0.2901	0.2890	0.0481	0.0502	-1.9743	0.9354	-2.2801	0.4285	-12.6363	166.6053	297.7618	261.5446	6.4246	2.4423	1.5951	28.0836
87.1093	7991.0000	-0.2320	1.6113	0.0000	209.2490	247.7500	230.3890	1.6628	269.4500	29.4734	4.0000	8000.0000	450.0000	0.0000	8001.3092	0.2869	0.2728	0.0511	0.0479	-2.1818	1.0011	-2.1361	0.4153	-9.2463	172.8253	297.7549	259.0181	6.4505	2.2074	1.6410	28.0836
87.3123	7991.0000	-0.2320	1.6113	0.0000	209.2490	247.7500	230.3890	1.6628	269.4500	29.4734	4.0000	8000.0000	450.0000	0.0000	8001.3092	0.2869	0.2728	0.0511	0.0479	-2.1818	1.0011	-2.1361	0.4153	-9.2463	172.8253	297.7549	259.0181	6.4505	2.2074	1.6410	28.0836
87.7150	7997.0000	-0.2300	1.6112	0.0000	209.2210	247.4900	230.3910	1.6610	269.1900	29.5119	4.0000	8000.0000	450.0000	0.0000	7997.9765	0.2748	0.2841	0.0482	0.0501	-2.0680	0.8875	-2.3881	0.4400	-11.0425	160.4863	297.7996	260.9362	6.4798	2.2720	1.5959	28.1228
88.0783	7997.0000	-0.2300	1.6112	0.0000	209.2210	247.4900	230.3910	1.6610	269.1900	29.5119	4.0000	8000.0000	450.0000	0.0000	7999.4651	0.2470	0.2791	0.0487	0.0497	-2.2039	0.7994	-2.3780	0.4624	-15.0361	166.2384	297.7964	260.5361	6.5029	2.3394	1.5957	28.1641
88.3040	7997.0000	-0.2300	1.6112	0.0000	209.2210	247.4900	230.3910	1.6610	269.1900	29.5119	4.0000	8000.0000	450.0000	0.0000	7999.4651	0.2470	0.2791	0.0487	0.0497	-2.2039	0.7994	-2.3780	0.4624	-15.0361	166.2384	297.7964	260.5361	6.5029	2.3394	1.5957	28.1641
88.8217	8004.0000	-0.2310	1.6111	0.0000	209.2460	247.6300	230.3910	1.6622	269.3200	29.5815	5.0000	8000.0000	450.0000	0.0000	7997.2946	0.2751	0.2864	0.0490	0.0497	-2.1934	0.9790	-2.2330	0.4482	-12.1731	161.9159	297.8297	258.4472	6.5253	2.3839	1.5954	28.1641
88.8937	8004.0000	-0.2310	1.6111	0.0000	209.2460	247.6300	230.3910	1.6622	269.3200	29.5815	5.0000	8000.0000	450.0000	0.0000	7997.2946	0.2751	0.2864	0.0490	0.0497	-2.1934	0.9790	-2.2330	0.4482	-12.1731	161.9159	297.8297	258.4472	6.5253	2.3839	1.5954	28.1641
89.4999	7997.0000	-0.2310	1.6115	0.0000	209.1620	247.4200	230.3920	1.6611	269.1000	29.6332	5.0000	8000.0000	450.0000	0.0000	7999.1877	0.2840	0.2800	0.0481	0.0478	-2.2676	1.0461	-2.3605	0.4311	-5.2296	175.2238	297.8384	263.8442	6.5488	2.2908	1.5955	28.2028
89.6828	7997.0000	-0.2310	1.6115	0.0000	209.1620	247.4200	230.3920	1.6611	269.1000	29.6332	5.0000	8000.0000	450.0000	0.0000	7999.1877	0.2840	0.2800	0.0481	0.0478	-2.2676	1.0461	-2.3605	0.4311	-5.2296	175.2238	297.8384	263.8442	6.5488	2.2908	1.5955	28.2028
90.1053	8005.0000	-0.2300	1.6113	0.0000	209.1840	247.4000	230.3940	1.6608	269.0700	29.6736	5.0000	8000.0000	450.0000	0.0000	7999.4156	0.2849	0.2792	0.0478	0.0492	-2.0023	0.9784	-2.4405	0.4481	2.0308	163.3819	297.8629	260.0653	6.5760	2.3331	1.6423	28.2028
90.4325	8005.0000	-0.2300	1.6113	0.0000	209.1840	247.4000	230.3940	1.6608	269.0700	29.6736	5.0000	8000.0000	450.0000	0.0000	7998.6089	0.2668	0.2818	0.0501	0.0498	-2.1655	0.8325	-2.2086	0.4543	-13.0800	164.6651	297.9193	261.3527	6.6039	2.3395	1.5960	28.2415
90.7112	8005.0000	-0.2300	1.6113	0.0000	209.1840	247.4000	230.3940	1.6608	269.0700	29.6736	5.0000	8000.0000	450.0000	0.0000	7998.6089	0.2668	0.2818	0.0501	0.0498	-2.1655	0.8325	-2.2086	0.4543	-13.0800	164.6651	297.9193	261.3527	6.6039	2.3395	1.5960	28.2415
91.1815	8000.0000	-0.2300	1.6118	0.0000	209.1100	247.0000	230.3970	1.6587	268.6000	29.7227	5.0000	8000.0000	450.0000	0.0000	8002.1229	0.2748	0.2696	0.0499	0.0489	-2.1618	0.9075	-2.2783	0.4536	-6.7333	167.3761	297.8613	259.9001	6.6270	2.2948	1.5933	28.2823
91.3156	8000.0000	-0.2300	1.6118	0.0000	209.1100	247.0000	230.3970	1.6587	268.6000	29.7227	5.0000	8000.0000	450.0000	0.0000	8002.1229	0.2748	0.2696	0.0499	0.0489	-2.1618	0.9075	-2.2783	0.4536	-6.7333	167.3761	297.8613	259.9001	6.6270	2.2948	1.5933	28.2823
91.9213	8002.0000	-0.2290	1.6127	0.0000	208.9940	246.7000	230.4000	1.6562	268.2500	29.7858	5.0000	8000.0000	450.0000	0.0000	8006.3240	0.2783	0.2549	0.0488	0.0506	-2.0400	0.9559	-2.3581	0.4153	-9.2635	168.9446	297.8540	261.5175	6.6494	2.2845	1.5858	28.2823
91.9224	8002.0000	-0.2290	1.6127	0.0000	208.9940	246.7000	230.4000	1.6562	268.2500	29.7858	5.0000	8000.0000	450.0000	0.0000	8006.3240	0.2783	0.2549	0.0488	0.0506	-2.0400	0.9559	-2.3581	0.4153	-9.2635	168.9446	297.8540	261.5175	6.6494	2.2845	1.5858	28.2823
92.5276	7993.0000	-0.2300	1.6108	0.0000	209.0640	246.8400	230.4050	1.6558	268.1800	29.8043	5.0000	8000.0000	450.0000	0.0000	7997.3121	0.2876	0.3067	0.0480	0.0487	-2.0882	1.0512	-2.3047	0.4447	-2.3774	165.0199	297.8772	256.5616	6.6703	2.3558	1.5848	28.3200
92.6736	7993.0000	-0.2300	1.6108	0.0000	209.0640	246.8400	230.4050	1.6558	268.1800	29.8043	5.0000	8000.0000	450.0000	0.0000	7997.3121	0.2876	0.3067	0.0480	0.0487	-2.0882	1.0512	-2.3047	0.4447	-2.3774	165.0199	297.8772	256.5616	6.6703	2.3558	1.5848	28.3200
93.4114	7998.0000	-0.2300	1.6064	0.0000	209.7390	246.7400	230.4090	1.6545	267.8900	29.9151	5.0000	8000.0000	450.0000	0.0000	7995.3263	0.2645	0.2918	0.0495	0.0500	-2.1667	0.9144	-2.1887	0.4275	-13.3611	162.9340	297.9455	260.4850	6.7197	2.3005	1.5927	28.3578
93.6420	7998.0000	-0.2300	1.6064	0.0000	209.7390	246.7400	230.4090	1.6545	267.8900	29.9151	5.0000	8000.0000	450.0000	0.0000	7995.3263	0.2645	0.2918	0.0495	0.0500	-2.1667	0.9144	-2.1887	0.4275	-13.3611	162.9340	297.9455	260.4850	6.7197	2.3005	1.5927	28.3578
94.1456	8000.0000	-0.2300	1.6043	0.0000	209.9230	246.5700	230.4190	1.6527	267.6400	29.9267	5.0000	8000.0000	450.0000	0.0000	8003.3002	0.2832	0.2647	0.0496	0.0479	-2.1407	0.9760	-2.2463	0.4020	-8.7557	169.5544	297.9865	258.0039	6.7422	2.3905	1.5923	28.3578
94.2480	8000.0000	-0.2300	1.6043	0.0000	209.9230	246.5700	230.4190	1.6527	267.6400	29.9267	5.0000	8000.0000	450.0000	0.0000	8003.3002	0.2832	0.2647	0.0496	0.0479	-2.1407	0.9760	-2.2463	0.4020	-8.7557	169.5544	297.9865	258.0039	6.7422	2.3905	1.5923	28.3578
94.8537	8000.0000	-0.2290	1.6042	0.0000	209.9150	246.3700	230.4260	1.6515	267.3900	29.9793	5.0000	8000.0000	450.0000	0.0000	7998.9277	0.2679	0.2796	0.0509	0.0501	-2.1213	0.8588	-2.1311	0.4475	-4.9692	164.3814	297.9793	259.2830	6.7649	2.3552	1.5916	28.3976
94.8771	8000.0000	-0.2290	1.6042	0.0000	209.9150	246.3700	230.4260	1.6515	267.3900	29.9793	5.0000	8000.0000	450.0000	0.0000	7998.9277	0.2679	0.2796	0.0509	0.0501	-2.1213	0.8588	-2.1311	0.4475	-4.9692	164.3814	297.9793	259.2830	6.7649	2.3552	1.5916	28.3976
95.4589	7994.0000	-0.2310	1.6044	0.0000	209.9010	246.7000	230.4390	1.6531	267.7300	30.0084	5.0000	8000.0000	450.0000	0.0000	8000.1785	0.2962	0.2586	0.0508	0.0490	-2.0052	0.9764	-2.1875	0.4162	-14.3524	172.5878	297.9830	262.0936	6.7885	2.1637	1.5916	28.4349
95.6117	7994.0000	-0.2310	1.6044	0.0000	209.9010	246.7000	230.4390	1.6531	267.7300	30.0084	5.0000	8000.0000	450.0000	0.0000	8000.1785	0.2962	0.2586	0.0508	0.0490	-2.0052	0.9764	-2.1875	0.4162	-14.3524	172.5878	297.9830	262.0936	6.7885	2.1637	1.5916	28.4349
96.0656	8002.0000	-0.2300	1.6030	0.0000	210.0270	246.4900	230.4470	1.6523	267.5400	30.0851	5.0000	8000.0000	450.0000	0.0000	8005.9865	0.2726	0.2555	0.0506	0.0494	-2.0126	0.9275	-2.2810	0.4613	-6.4540	163.9638	297.9673	257.3013	6.8127	2.1476	1.6278	28.4349
96.3547	8002.0000	-0.2300	1.6030	0.0000	210.0270	246.4900	230.4470	1.6523	267.5400	30.0851	5.0000	8000.0000	450.0000	0.0000	8005.9865	0.2726	0.2555	0.0506	0.0494	-2.0126	0.9275	-2.2810	0.4613	-6.4540	163.9638	297.9673	257.3013	6.8127	2.1476	1.6278	28.4349
96.6700	8002.0000	-0.2300	1.6030	0.0000	210.0270	246.4900	230.4470	1.6523	267.5400	30.0851	5.0000	8000.0000	450.0000	0.0000	7997.0842	0.2754	0.2857	0.0510	0.0507	-1.9348	0.9422	-2.1462	0.4675	-13.8786	171.2847	298.0662	260.7238	6.8399	2.2474	1.5873	28.4720
97.0898	8001.0000	-0.2290	1.6024	0.0000	210.0470	246.4600	230.4650	1.6523	267.5400	30.1166	6.0000	8000.0000	450.0000	0.0000	8002.1380	0.2888	0.2685	0.0483	0.0498	-2.0781	0.9482	-2.3210	0.4218	-11.1516	166.5606	298.0684	259.4026	6.8612	2.2650	1.5874	28.4720
97.2600	8001.0000	-0.2290	1.6024	0.0000	210.0470	246.4600	230.4650	1.6523	267.5400	30.1166	6.0000	8000.0000	450.0000	0.0000	8002.1380	0.2888	0.2685	0.0483	0.0498	-2.0781	0.9482	-2.3210	0.4218	-11.1516	166.5606	298.0684	259.4026	6.8612	2.2650	1.5874	28.4720
97.8299	8002.0000	-0.2290	1.6026	0.0000	210.0070	246.4900	230.4740	1.6526	267.5800	30.1354	NOT CONNECTED	8000.0000	450.0000	0.0000	8001.0102	0.2804	0.2723	0.0512	0.0491	-2.1969	0.9681	-2.1316	0.4851	-13.9795	164.9697	298.0696	259.1468	6.8832	2.1747	1.5872	28.5111
97.8659	8002.0000	-0.2290	1.6026	0.0000	210.0070	246.4900	230.4740	1.6526	267.5800	30.1354	NOT CONNECTED	8000.0000	450.0000	0.0000	8001.0102	0.2804	0.2723	0.0512	0.0491	-2.1969	0.9681	-2.1316	0.4851	-13.9795	164.9697	298.0696	259.1468	6.8832	2.1747	1.5872	28.5111
98.4872	8037.0000	-0.0990	1.6023	0.0000	210.0650	246.7000	230.4970	1.6537	267.7700	30.1863	NOT CONNECTED	0.0000	450.0000	0.0000	8041.1419	0.1252	0.1247	0.0498	0.0503	-2.1980	0.3814	-2.1867	0.2480	-0.4923	169.0554	305.0163	128.2450	6.9061	2.0635	1.5110	28.5475
98.8084	8037.0000	-0.0990	1.6023	0.0000	210.0650	246.7000	230.4970	1.6537	267.7700	30.1863	NOT CONNECTED	0.0000	450.0000	0.0000	8036.2576	0.1255	0.0995	0.0498	0.0505	-2.0949	0.4201	-2.2476	0.1709	-4.9337	179.1704	305.7812	118.7154	6.9077	2.0511	1.5034	28.5475
99.1079	8037.0000	-0.0990	1.6023	0.0000	210.0650	246.7000	230.4970	1.6537	267.7700	30.1863	NOT CONNECTED	0.0000	450.0000	0.0000	8036.2576	0.1255	0.0995	0.0498	0.0505	-2.0949	0.4201	-2.2476	0.1709	-4.9337	179.1704	305.7812	118.7154	6.9077	2.0511	1.5034	28.5475
99.5676	8030.0000	-0.0740	1.4709	0.0000	216.0930	108.3200	230.5910	0.8267	123.5300	30.2489	NOT CONNECTED	0.0000	450.0000	0.0000	8025.2145	0.1429	0.1078	0.0498	0.0513	-2.0557	0.4805	-2.1962	0.2019	-3.5755	169.0681	305.7999	118.2072	6.9077	2.2624	1.4512	28.5761
99.7136	8030.0000	-0.0740	1.4709	0.0000	216.0930	108.3200	230.5910	0.8267	123.5300	30.2489	NOT CONNECTED	0.0000	450.0000	0.0000	8025.2145	0.1429	0.1078	0.0498	0.0513	-2.0557	0.4805	-2.1962	0.2019	-3.5755	169.0681	305.7999	118.2072	6.9077	2.2624	1.4512	28.5761
100.3132	8026.0000	-0.0730	1.4699	0.0000	216.0040	108.7700	230.5910	0.8299	124.1000	30.2551	NOT CONNECTED	0.0000	450.0000	0.0000	8019.5493	0.1153	0.1056	0.0511	0.0515	-1.9577	0.3868	-2.0037	0.1848	-16.4761	166.4550	305.7701	118.8360	6.9051	2.1734	1.4493	28.6062
100.3202	8026.0000	-0.0730	1.4699	0.0000	216.0040	108.7700	230.5910	0.8299	124.1000	30.2551	NOT CONNECTED	0.0000	450.0000	0.0000	8019.5493	0.1153	0.1056	0.0511	0.0515	-1.9577	0.3868	-2.0037	0.1848	-16.4761	166.4550	305.7701	118.8360	6.9051	2.1734	1.4493	28.6062
100.9250	8016.0000	-0.0740	1.4681	0.0000	215.9220	109.4500	230.6220	0.8344	124.8300	30.3413	NOT CONNECTED	0.0000	450.0000	0.0000	8007.5864	0.1064	0.1310	0.0502	0.0510	-2.1414	0.3177	-2.1286	0.1980	4.7411	169.0569	305.6839	120.2123	6.9049	2.0689	1.4490	28.6062
101.0740	8016.0000	-0.0740	1.4681	0.0000	215.9220	109.4500	230.6220	0.8344	124.8300	30.3413	NOT CONNECTED	0.0000	450.0000	0.0000	8007.5864	0.1064	0.1310	0.0502	0.0510	-2.1414	0.3177	-2.1286	0.1980	4.7411	169.0569	305.6839	120.2123	6.9049	2.0689	1.4490	28.6062
101.5309	8000.0000	-0.0720	1.4675	0.0000	215.9210	109.5800	230.6380	0.8350	125.0000	30.3751	NOT CONNECTED	0.0000	450.0000	0.0000	8007.5590	0.1210	0.1229	0.0504	0.0519	-1.9650	0.3948	-2.0798	0.1725	4.5070	171.7287	305.6852	122.4164	6.9068	2.2897	1.4477	28.6338
101.8217	8000.0000	-0.0720	1.4675	0.0000	215.9210	109.5800	230.6380	0.8350	125.0000	30.3751	NOT CONNECTED	0.0000	450.0000	0.0000	8007.5590	0.1210	0.1229	0.0504	0.0519	-1.9650	0.3948	-2.0798	0.1725	4.5070	171.7287	305.6852	122.4164	6.9068	2.2897	1.4477	28.6338
102.1527	8000.0000	-0.0720	1.4675	0.0000	215.9210	109.5800	230.6380	0.8350	125.0000	30.3751	NOT CONNECTED	0.0000	450.0000	0.0000	8005.6928	0.0514	0.0871	0.0524	0.0516	-2.0596	0.2153	-1.9900	0.0962	-13.8727	171.2466	307.2117	78.4654	6.9142	1.9995	1.4979	28.6338
102.5689	7968.0000	-0.0450	1.4665	0.0000	215.9050	110.1200	230.6650	0.8379	125.5900	30.3980	NOT CONNECTED	0.0000	450.0000	0.0000	7741.7419	0.0276	0.0161	0.0513	0.0522	-2.1250	0.1933	-2.1228	-0.0063	6.5972	173.3487	313.1392	34.9931	6.9153	2.0634	1.3489	28.6606
102.7581	7968.0000	-0.0450	1.4665	0.0000	215.9050	110.1200	230.6650	0.8379	125.5900	30.3980	NOT CONNECTED	0.0000	450.0000	0.0000	7741.7419	0.0276	0.0161	0.0513	0.0522	-2.1250	0.1933	-2.1228	-0.0063	6.5972	173.3487	313.1392	34.9931	6.9153	2.0634	1.3489	28.6606
103.3087	7640.0000	0.0010	1.3703	0.0000	219.6170	28.8700	230.7310	0.3182	42.2200	30.4584	NOT CONNECTED	0.0000	450.0000	0.0000	7462.2659	0.0439	0.0228	0.0530	0.0522	-2.0202	0.1871	-1.8865	0.0055	5.1627	159.9256	313.1310	30.6081	6.9091	1.9970	1.3806	28.6856
103.3629	7640.0000	0.0010	1.3703	0.0000	219.6170	28.8700	230.7310	0.3182	42.2200	30.4584	NOT CONNECTED	0.0000	450.0000	0.0000	7462.2659	0.0439	0.0228	0.0530	0.0522	-2.0202	0.1871	-1.8865	0.0055	5.1627	159.9256	313.1310	30.6081	6.9091	1.9970	1.3806	28.6856
103.9697	7302.0000	0.0000	1.4022	0.0000	203.5470	26.4600	230.7420	0.3113	41.1800	30.4910	NOT CONNECTED	0.0000	450.0000	0.0000	7185.2407	-0.0030	0.0104	0.0518	0.0522	-2.0994	-0.0321	-2.0079	0.0075	4.7398	153.8759	313.4313	30.3062	6.9066	1.9873	1.3836	28.6856
104.0744	7302.0000	0.0000	1.4022	0.0000	203.5470	26.4600	230.7420	0.3113	41.1800	30.4910	NOT CONNECTED	0.0000	450.0000	0.0000	7185.2407	-0.0030	0.0104	0.0518	0.0522	-2.0994	-0.0321	-2.0079	0.0075	4.7398	153.8759	313.4313	30.3062	6.9066	1.9873	1.3836	28.6856
104.5741	6949.0000	0.0020	1.3993	0.0000	197.3870	22.8700	230.7600	0.2904	38.0800	30.5443	NOT CONNECTED	0.0000	450.0000	0.0000	6913.3626	0.0180	-0.0000	0.0520	0.0521	-1.9565	0.0619	-2.0299	0.0166	-5.5894	151.1557	313.6558	24.7308	6.9071	2.0393	1.3859	28.7085
104.8177	6949.0000	0.0020	1.3993	0.0000	197.3870	22.8700	230.7600	0.2904	38.0800	30.5443	NOT CONNECTED	0.0000	450.0000	0.0000	6913.3626	0.0180	-0.0000	0.0520	0.0521	-1.9565	0.0619	-2.0299	0.0166	-5.5894	151.1557	313.6558	24.7308	6.9071	2.0393	1.3859	28.7085
105.1801	6949.0000	0.0020	1.3993	0.0000	197.3870	22.8700	230.7600	0.2904	38.0800	30.5443	NOT CONNECTED	0.0000	450.0000	0.0000	6630.8814	0.0066	0.0082	0.0521	0.0521	-2.0026	0.0500	-2.0116	0.0109	-7.0089	144.7478	313.9738	24.9445	6.9133	1.9883	1.4184	28.7085
105.5666	6604.0000	0.0050	1.3984	0.0000	184.5020	19.2200	230.7890	0.2685	34.8900	30.5746	NOT CONNECTED	0.0000	450.0000	0.0000	6359.4422	0.0092	0.0049	0.0523	0.0521	-1.9848	0.0491	-2.0185	0.0494	-7.3184	141.4321	314.1131	23.8471	6.9204	2.0453	1.3908	28.7312
105.7857	6604.0000	0.0050	1.3984	0.0000	184.5020	19.2200	230.7890	0.2685	34.8900	30.5746	NOT CONNECTED	0.0000	450.0000	0.0000	6359.4422	0.0092	0.0049	0.0523	0.0521	-1.9848	0.0491	-2.0185	0.0494	-7.3184	141.4321	314.1131	23.8471	6.9204	2.0453	1.3908	28.7312
106.3083	6273.0000	0.0080	1.3990	0.0000	178.0980	17.8700	230.8010	0.2602	33.6100	30.5697	NOT CONNECTED	0.0000	450.0000	0.0000	6081.3166	0.0127	0.0008	0.0521	0.0521	-2.0026	0.0446	-2.0322	-0.0072	-7.4663	134.8355	314.2916	22.9720	6.9273	2.1393	1.3928	28.7535
106.3912	6273.0000	0.0080	1.3990	0.0000	178.0980	17.8700	230.8010	0.2602	33.6100	30.5697	NOT CONNECTED	0.0000	450.0000	0.0000	6081.3166	0.0127	0.0008	0.0521	0.0521	-2.0026	0.0446	-2.0322	-0.0072	-7.4663	134.8355	314.2916	22.9720	6.9273	2.1393	1.3928	28.7535
106.9966	5937.0000	0.0090	1.4002	0.0000	165.5440	15.4100	230.8210	0.2450	31.4500	30.5991	NOT CONNECTED	0.0000	450.0000	0.0000	5802.8541	0.0079	0.0223	0.0519	0.0521	-1.9614	0.0585	-1.9503	-0.0051	-6.2123	129.4454	314.4512	21.3824	6.9357	2.0623	1.3956	28.7535
107.0726	5937.0000	0.0090	1.4002	0.0000	165.5440	15.4100	230.8210	0.2450	31.4500	30.5991	NOT CONNECTED	0.0000	450.0000	0.0000	5802.8541	0.0079	0.0223	0.0519	0.0521	-1.9614	0.0585	-1.9503	-0.0051	-6.2123	129.4454	314.4512	21.3824	6.9357	2.0623	1.3956	28.7535
107.6018	5586.0000	0.0060	1.4008	0.0000	159.3670	14.4200	230.8310	0.2390	30.5400	30.6937	NOT CONNECTED	0.0000	450.0000	0.0000	5549.0220	0.0126	-0.0000	0.0522	0.0521	-2.1085	0.0497	-2.0023	-0.0095	-5.0227	120.8557	314.1928	18.8859	6.9460	1.8862	1.3933	28.7770
107.8086	5586.0000	0.0060	1.4008	0.0000	159.3670	14.4200	230.8310	0.2390	30.5400	30.6937	NOT CONNECTED	0.0000	450.0000	0.0000	5549.0220	0.0126	-0.0000	0.0522	0.0521	-2.1085	0.0497	-2.0023	-0.0095	-5.0227	120.8557	314.1928	18.8859	6.9460	1.8862	1.3933	28.7770
108.2071	5274.0000	0.0040	1.3951	0.0000	147.9930	16.2500	230.8450	0.2516	32.4500	30.6889	NOT CONNECTED	0.0000	450.0000	0.0000	5292.7169	-0.0046	-0.0000	0.0522	0.0521	-1.9357	-0.0248	-1.9673	-0.0229	-7.9117	118.4238	314.1901	19.3344	6.9573	2.0030	1.4031	28.7770
108.5660	5274.0000	0.0040	1.3951	0.0000	147.9930	16.2500	230.8450	0.2516	32.4500	30.6889	NOT CONNECTED	0.0000	450.0000	0.0000	5036.2975	0.0103	-0.0000	0.0522	0.0521	-1.9324	0.0367	-1.9632	-0.0141	-6.6655	110.0130	314.2173	19.2984	6.9698	1.9826	1.3957	28.7989
108.8135	5274.0000	0.0040	1.3951	0.0000	147.9930	16.2500	230.8450	0.2516	32.4500	30.6889	NOT CONNECTED	0.0000	450.0000	0.0000	5036.2975	0.0103	-0.0000	0.0522	0.0521	-1.9324	0.0367	-1.9632	-0.0141	-6.6655	110.0130	314.2173	19.2984	6.9698	1.9826	1.3957	28.7989
109.3138	4961.0000	0.0070	1.3958	0.0000	142.1370	16.2900	230.8520	0.2522	32.5500	30.7460	NOT CONNECTED	0.0000	450.0000	0.0000	4787.5746	0.0118	-0.0000	0.0522	0.0521	-1.9500	0.0368	-2.0591	0.0387	-8.0381	99.4776	314.2551	19.1564	6.9816	2.0608	1.3972	28.8355
109.4178	4961.0000	0.0070	1.3958	0.0000	142.1370	16.2900	230.8520	0.2522	32.5500	30.7460	NOT CONNECTED	0.0000	450.0000	0.0000	4787.5746	0.0118	-0.0000	0.0522	0.0521	-1.9500	0.0368	-2.0591	0.0387	-8.0381	99.4776	314.2551	19.1564	6.9816	2.0608	1.3972	28.8355
110.0239	4670.0000	0.0110	1.3968	0.0000	130.8200	16.1400	230.8650	0.2514	32.4200	30.7860	NOT CONNECTED	0.0000	450.0000	0.0000	4541.4363	-0.0067	-0.0000	0.0522	0.0521	-2.0311	-0.0268	-2.0793	-0.0041	-5.5105	101.3737	314.2253	19.2999	6.9942	2.0285	1.3997	28.8355
110.0751	4670.0000	0.0110	1.3968	0.0000	130.8200	16.1400	230.8650	0.2514	32.4200	30.7860	NOT CONNECTED	0.0000	450.0000	0.0000	4541.4363	-0.0067	-0.0000	0.0522	0.0521	-2.0311	-0.0268	-2.0793	-0.0041	-5.5105	101.3737	314.2253	19.2999	6.9942	2.0285	1.3997	28.8355
110.6300	4359.0000	0.0120	1.3970	0.0000	125.2840	15.8900	230.8700	0.2493	32.2700	30.7969	NOT CONNECTED	0.0000	450.0000	0.0000	4307.3206	-0.0076	-0.0000	0.0522	0.0521	-1.9152	-0.0288	-2.0399	0.0055	-6.9489	93.7434	314.2321	19.5791	7.0074	1.9321	1.4017	28.8728
110.8199	4359.0000	0.0120	1.3970	0.0000	125.2840	15.8900	230.8700	0.2493	32.2700	30.7969	NOT CONNECTED	0.0000	450.0000	0.0000	4307.3206	-0.0076	-0.0000	0.0522	0.0521	-1.9152	-0.0288	-2.0399	0.0055	-6.9489	93.7434	314.2321	19.5791	7.0074	1.9321	1.4017	28.8728
111.2201	4062.0000	0.0130	1.3983	0.0000	114.3500	15.7100	230.8790	0.2478	31.9500	30.8203	NOT CONNECTED	0.0000	450.0000	0.0000	4063.2854	0.0005	-0.0000	0.0523	0.0521	-1.9944	0.0031	-1.9922	0.0041	-6.3867	87.3768	314.3092	19.1873	7.0227	1.9942	1.4166	28.8728
111.5682	4062.0000	0.0130	1.3983	0.0000	114.3500	15.7100	230.8790	0.2478	31.9500	30.8203	NOT CONNECTED	0.0000	450.0000	0.0000	3832.4951	0.0023	-0.0000	0.0520	0.0521	-1.9548	-0.0152	-1.9649	0.0003	-7.9357	85.6037	314.2767	19.2212	7.0374	1.9762	1.4041	28.9093
111.8251	4062.0000	0.0130	1.3983	0.0000	114.3500	15.7100	230.8790	0.2478	31.9500	30.8203	NOT CONNECTED	0.0000	450.0000	0.0000	3832.4951	0.0023	-0.0000	0.0520	0.0521	-1.9548	-0.0152	-1.9649	0.0003	-7.9357	85.6037	314.2767	19.2212	7.0374	1.9762	1.4041	28.9093
112.3157	3767.0000	0.0130	1.3978	0.0000	108.8240	15.7300	230.8820	0.2477	31.9200	30.8478	NOT CONNECTED	0.0000	450.0000	0.0000	3590.3248	0.0003	-0.0000	0.0520	0.0521	-1.9717	-0.0299	-1.9514	0.0141	-5.8710	75.1451	314.3105	19.1585	7.0517	1.9585	1.4052	28.9457
112.4301	3767.0000	0.0130	1.3978	0.0000	108.8240	15.7300	230.8820	0.2477	31.9200	30.8478	NOT CONNECTED	0.0000	450.0000	0.0000	3590.3248	0.0003	-0.0000	0.0520	0.0521	-1.9717	-0.0299	-1.9514	0.0141	-5.8710	75.1451	314.3105	19.1585	7.0517	1.9585	1.4052	28.9457
113.0370	3476.0000	0.0100	1.3985	0.0000	97.9030	15.5900	230.8900	0.2464	31.8400	30.9028	NOT CONNECTED	0.0000	450.0000	0.0000	3360.0879	0.0118	-0.0000	0.0520	0.0521	-2.0027	0.0346	-1.9687	-0.0334	-6.1029	78.3263	314.3200	19.2226	7.0670	1.9719	1.4066	28.9457
113.0745	3476.0000	0.0100	1.3985	0.0000	97.9030	15.5900	230.8900	0.2464	31.8400	30.9028	NOT CONNECTED	0.0000	450.0000	0.0000	3360.0879	0.0118	-0.0000	0.0520	0.0521	-2.0027	0.0346	-1.9687	-0.0334	-6.1029	78.3263	314.3200	19.2226	7.0670	1.9719	1.4066	28.9457
113.6411	3199.0000	0.0100	1.3986	0.0000	92.8340	15.4900	230.8940	0.2457	31.7400	30.9378	NOT CONNECTED	0.0000	450.0000	0.0000	3136.9203	-0.0085	-0.0000	0.0524	0.0521	-2.0576	-0.0290	-1.9849	0.0051	-5.0756	65.5488	314.3471	19.0386	7.0816	2.0488	1.4081	28.9825
113.8171	3199.0000	0.0100	1.3986	0.0000	92.8340	15.4900	230.8940	0.2457	31.7400	30.9378	NOT CONNECTED	0.0000	450.0000	0.0000	3136.9203	-0.0085	-0.0000	0.0524	0.0521	-2.0576	-0.0290	-1.9849	0.0051	-5.0756	65.5488	314.3471	19.0386	7.0816	2.0488	1.4081	28.9825
114.2471	2929.0000	0.0080	1.3990	0.0000	82.9820	15.3400	230.9030	0.2434	31.3700	30.9766	NOT CONNECTED	0.0000	450.0000	0.0000	2923.2840	-0.0090	-0.0000	0.0522	0.0521	-2.0465	-0.0217	-2.0348	0.0402	-5.7830	56.5989	314.3442	19.0657	7.0972	2.0027	1.4147	28.9825
114.5668	2929.0000	0.0080	1.3990	0.0000	82.9820	15.3400	230.9030	0.2434	31.3700	30.9766	NOT CONNECTED	0.0000	450.0000	0.0000	2706.7275	0.0190	-0.0000	0.0520	0.0521	-2.0185	0.0988	-2.0034	0.0343	-6.2435	53.7772	314.3958	19.0601	7.1122	2.0119	1.4099	29.0188
114.8366	2929.0000	0.0080	1.3990	0.0000	82.9820	15.3400	230.9030	0.2434	31.3700	30.9766	NOT CONNECTED	0.0000	450.0000	0.0000	2706.7275	0.0190	-0.0000	0.0520	0.0521	-2.0185	0.0988	-2.0034	0.0343	-6.2435	53.7772	314.3958	19.0601	7.1122	2.0119	1.4099	29.0188
115.3074	2661.0000	0.0070	1.3991	0.0000	78.1110	15.4200	230.9070	0.2431	31.3400	31.0138	NOT CONNECTED	0.0000	450.0000	0.0000	2495.6525	0.0155	-0.0000	0.0522	0.0521	-2.0743	0.0681	-2.0630	-0.0283	-6.2183	59.5038	314.3998	19.0977	7.1269	1.9982	1.4104	29.0550
115.4426	2661.0000	0.0070	1.3991	0.0000	78.1110	15.4200	230.9070	0.2431	31.3400	31.0138	NOT CONNECTED	0.0000	450.0000	0.0000	2495.6525	0.0155	-0.0000	0.0522	0.0521	-2.0743	0.0681	-2.0630	-0.0283	-6.2183	59.5038	314.3998	19.0977	7.1269	1.9982	1.4104	29.0550
116.0471	2397.0000	0.0090	1.3990	0.0000	68.3880	15.3300	230.9120	0.2414	31.1600	31.0261	NOT CONNECTED	0.0000	450.0000	0.0000	2282.8706	-0.0039	-0.0000	0.0521	0.0521	-1.9937	0.0076	-1.9894	0.0136	-6.7914	48.2637	314.3646	19.0971	7.1415	2.0155	1.4108	29.0550
116.0730	2397.0000	0.0090	1.3990	0.0000	68.3880	15.3300	230.9120	0.2414	31.1600	31.0261	NOT CONNECTED	0.0000	450.0000	0.0000	2282.8706	-0.0039	-0.0000	0.0521	0.0521	-1.9937	0.0076	-1.9894	0.0136	-6.7914	48.2637	314.3646	19.0971	7.1415	2.0155	1.4108	29.0550
116.6376	2397.0000	0.0090	1.3990	0.0000	68.3880	15.3300	230.9120	0.2414	31.1600	31.0261	NOT CONNECTED	0.0000	450.0000	0.0000	2071.2481	0.0104	-0.0000	0.0521	0.0521	-2.0428	0.0393	-1.9992	0.0235	-6.3457	41.1778	314.3971	19.5385	7.1562	1.9843	1.4115	29.0914
117.2424	1948.0000	0.0090	1.3992	0.0000	58.5880	15.3700	230.9140	0.2401	30.9600	31.0799	NOT CONNECTED	0.0000	450.0000	0.0000	1853.5177	-0.0035	-0.0000	0.0521	0.0521	-2.0227	-0.0359	-1.9712	-0.0037	-6.4404	40.5430	314.4431	19.2124	7.1712	1.9776	1.4138	29.0914
117.3100	1948.0000	0.0090	1.3992	0.0000	58.5880	15.3700	230.9140	0.2401	30.9600	31.0799	NOT CONNECTED	0.0000	450.0000	0.0000	1853.5177	-0.0035	-0.0000	0.0521	0.0521	-2.0227	-0.0359	-1.9712	-0.0037	-6.4404	40.5430	314.4431	19.2124	7.1712	1.9776	1.4138	29.0914
117.8477	1586.0000	0.0980	1.3953	0.0000	47.9990	4.5200	230.9240	0.1859	22.3500	31.0876	NOT CONNECTED	0.0000	450.0000	0.0000	1470.8193	-0.1182	-0.1068	0.0523	0.0524	-1.9207	-0.3810	-1.9813	-0.1668	-6.6809	29.5551	317.6669	2.1345	7.1855	1.9611	1.4083	29.1275
118.0774	1586.0000	0.0980	1.3953	0.0000	47.9990	4.5200	230.9240	0.1859	22.3500	31.0876	NOT CONNECTED	0.0000	450.0000	0.0000	1470.8193	-0.1182	-0.1068	0.0523	0.0524	-1.9207	-0.3810	-1.9813	-0.1668	-6.6809	29.5551	317.6669	2.1345	7.1855	1.9611	1.4083	29.1275
118.4536	770.0000	0.1640	1.3890	0.0000	35.8540	-1.4200	230.9290	0.1155	13.4600	31.1172	NOT CONNECTED	0.0000	450.0000	0.0000	830.8883	-0.1955	-0.1780	0.0526	0.0527	-1.9154	-0.6227	-1.9570	-0.3235	-6.0184	14.0280	317.6750	2.7843	7.1981	1.9278	1.3976	29.1634
118.8188	770.0000	0.1640	1.3890	0.0000	35.8540	-1.4200	230.9290	0.1155	13.4600	31.1172	NOT CONNECTED	0.0000	450.0000	0.0000	363.1949	0.0640	0.0900	0.0523	0.0522	-1.9301	0.1984	-1.9386	0.1166	-6.3596	7.6987	314.2387	21.3776	7.2086	1.9747	1.4013	29.1634
119.0588	770.0000	0.1640	1.3890	0.0000	35.8540	-1.4200	230.9290	0.1155	13.4600	31.1172	NOT CONNECTED	0.0000	450.0000	0.0000	363.1949	0.0640	0.0900	0.0523	0.0522	-1.9301	0.1984	-1.9386	0.1166	-6.3596	7.6987	314.2387	21.3776	7.2086	1.9747	1.4013	29.1634
119.5653	281.0000	0.0430	1.3772	0.0000	13.0120	17.3100	230.9180	0.2427	31.5000	31.1860	NOT CONNECTED	0.0000	450.0000	0.0000	0.0000	0.0000	0.0000	0.0917	0.0524	-2.0027	0.4443	-2.0391	0.2237	-6.2504	6.4928	321.3094	0.0000	7.2085	2.0514	1.1593	29.1990
119.6642	281.0000	0.0430	1.3772	0.0000	13.0120	17.3100	230.9180	0.2427	31.5000	31.1860	NOT CONNECTED	0.0000	450.0000	0.0000	0.0000	0.0000	0.0000	0.0917	0.0524	-2.0027	0.4443	-2.0391	0.2237	-6.2504	6.4928	321.3094	0.0000	7.2085	2.0514	1.1593	29.1990
120.2704	0.0000	0.0000	0.2363	0.0000	1.8770	-0.1400	230.9400	0.0457	3.3900	31.1999	NOT CONNECTED	0.0000	450.0000	0.0000	0.0000	0.0000	0.0000	0.0917	0.0524	-2.0027	0.4443	-2.0391	0.2237	-6.2504	6.4928	321.3730	0.0000	7.0966	2.0514	0.0062	29.1990
120.3005	0.0000	0.0000	0.2363	0.0000	1.8770	-0.1400	230.9400	0.0457	3.3900	31.1999	NOT CONNECTED	0.0000	450.0000	0.0000	0.0000	0.0000	0.0000	0.0917	0.0524	-2.0027	0.4443	-2.0391	0.2237	-6.2504	6.4928	321.3730	0.0000	7.0966	2.0514	0.0062	29.1990
120.8752	0.0000	0.0000	0.0091	0.0000	0.0000	-0.0300	230.9360	0.0000	1.6500	31.2226	NOT CONNECTED	0.0000	450.0000	0.0000	0.0000	0.0000	0.0000	0.0917	0.0524	-2.0027	0.4443	-2.0391	0.2237	-6.2504	6.4928	321.3582	0.0000	6.9825	2.0514	0.0059	29.2338
121.0583	0.0000	0.0000	0.0091	0.0000	0.0000	-0.0300	230.9360	0.0000	1.6500	31.2226	NOT CONNECTED	0.0000	450.0000	0.0000	0.0000	0.0000	0.0000	0.0917	0.0524	-2.0027	0.4443	-2.0391	0.2237	-6.2504	6.4928	321.3582	0.0000	6.9825	2.0514	0.0059	29.2338
121.4817	0.0000	0.0000	0.0091	0.0000	0.0000	-0.0300	230.9360	0.0000	1.6400	31.2320	NOT CONNECTED	0.0000	450.0000	0.0000	0.0000	0.0000	0.0000	0.0917	0.0524	-2.0027	0.4443	-2.0391	0.2237	0.0000	0.0000	321.4447	0.0000	6.8807	2.0514	0.0058	29.2317
121.7981	0.0000	0.0000	0.0091	0.0000	0.0000	-0.0300	230.9360	0.0000	1.6400	31.2320	NOT CONNECTED	0.0000	450.0000	0.0000	0.0000	0.0000	0.0000	0.0917	0.0524	-2.0027	0.4443	-2.0391	0.2237	0.0000	0.0000	321.4853	0.0000	6.7863	2.0514	0.0056	29.2317
122.0870	NOT CONNECTED	NOT CONNECTED	NOT CONNECTED	NOT CONNECTED	NOT CONNECTED	NOT CONNECTED	NOT CONNECTED	NOT CONNECTED	NOT CONNECTED	NOT CONNECTED	NOT CONNECTED	0.0000	450.0000	0.0000	0.0000	0.0000	0.0000	0.0917	0.0524	-2.0027	0.4443	-2.0391	0.2237	0.0000	0.0000	321.4853	0.0000	6.7863	2.0514	0.0056	29.2317
