Time	speed	torque	motor_current	motor_current_thd	motor_voltage	motor_power	line_voltage	line_current	line_power	motor_temperature	Test_Marker	BD_Target_Speed	BD_Target_Accel	BD_Update_Cmd	Mcl_Quantities.Speed_Rot_Mech	Mcl_Quantities.Torque	Mcl_Quantities.Torque_Ref	Mcl_Quantities.Stator_Flux_Mag	Mcl_Quantities.Flux_Ref	Mcl_Quantities.Id_stator_current	Mcl_Quantities.Iq_stator_current	Mcl_Quantities.Id_rotor_current	Rotor_Curr_Iq	Flux_Controller.Out	Torque_Controller.Out	DC_Bus_RMS	Mcl_Quantities.Electrical_Power	Mcl_Quantities.Stator_Temperature	Mcl_Quantities.Is_Abs	Mcl_Quantities.IsRMS	SR_Overheating_Temp
0.7302	0.0000	-0.0000	0.0000	0.0000	0.0000	-0.0100	230.3060	0.0328	1.9600	77.9328	NOT CONNECTED	NOT CONNECTED	NOT CONNECTED	NOT CONNECTED	NOT CONNECTED	NOT CONNECTED	NOT CONNECTED	NOT CONNECTED	NOT CONNECTED	NOT CONNECTED	NOT CONNECTED	NOT CONNECTED	NOT CONNECTED	NOT CONNECTED	NOT CONNECTED	NOT CONNECTED	NOT CONNECTED	NOT CONNECTED	NOT CONNECTED	NOT CONNECTED	NOT CONNECTED
1.4680	0.0000	-0.0000	0.0000	0.0000	0.0000	-0.0100	230.3040	0.0328	1.9500	77.7904	NOT CONNECTED	NOT CONNECTED	NOT CONNECTED	NOT CONNECTED	NOT CONNECTED	NOT CONNECTED	NOT CONNECTED	NOT CONNECTED	NOT CONNECTED	NOT CONNECTED	NOT CONNECTED	NOT CONNECTED	NOT CONNECTED	NOT CONNECTED	NOT CONNECTED	NOT CONNECTED	NOT CONNECTED	NOT CONNECTED	NOT CONNECTED	NOT CONNECTED	NOT CONNECTED
3.7202	0.0000	-0.0000	0.0000	0.0000	0.0000	-0.0100	230.2980	0.0326	1.9400	77.3538	NOT CONNECTED	NOT CONNECTED	NOT CONNECTED	NOT CONNECTED	NOT CONNECTED	NOT CONNECTED	NOT CONNECTED	NOT CONNECTED	NOT CONNECTED	NOT CONNECTED	NOT CONNECTED	NOT CONNECTED	NOT CONNECTED	NOT CONNECTED	NOT CONNECTED	NOT CONNECTED	NOT CONNECTED	NOT CONNECTED	NOT CONNECTED	NOT CONNECTED	NOT CONNECTED
4.4238	0.0000	-0.0000	0.0000	0.0000	0.0000	-0.0100	230.2960	0.0326	1.9600	77.2206	NOT CONNECTED	0.0000	500.0000	0.0000	0.0000	0.0000	0.0000	0.0672	0.0357	-1.8241	0.4151	-1.8620	0.1801	0.0000	0.0000	321.2404	0.0000	75.7308	1.8707	0.0051	97.2838
4.4630	0.0000	-0.0000	0.0000	0.0000	0.0000	-0.0100	230.2960	0.0326	1.9600	77.2206	NOT CONNECTED	0.0000	500.0000	0.0000	0.0000	0.0000	0.0000	0.0672	0.0357	-1.8241	0.4151	-1.8620	0.1801	0.0000	0.0000	321.2404	0.0000	75.7308	1.8707	0.0051	97.2838
5.0294	0.0000	-0.0000	0.0000	0.0000	0.0000	-0.0100	230.2910	0.0326	1.9600	77.0942	NOT CONNECTED	0.0000	500.0000	0.0000	0.0000	0.0000	0.0000	0.0672	0.0357	-1.8241	0.4151	-1.8620	0.1801	0.0000	0.0000	321.2851	0.0000	75.5237	1.8707	0.0051	97.1343
5.2044	0.0000	-0.0000	0.0000	0.0000	0.0000	-0.0100	230.2910	0.0326	1.9600	77.0942	NOT CONNECTED	0.0000	500.0000	0.0000	0.0000	0.0000	0.0000	0.0672	0.0357	-1.8241	0.4151	-1.8620	0.1801	0.0000	0.0000	321.2851	0.0000	75.5237	1.8707	0.0051	97.1343
5.6352	0.0000	-0.0000	0.0000	0.0000	0.0000	-0.0100	230.2900	0.0326	1.9800	76.9453	NOT CONNECTED	0.0000	500.0000	0.0000	0.0000	0.0000	0.0000	0.0672	0.0357	-1.8241	0.4151	-1.8620	0.1801	0.0000	0.0000	321.2607	0.0000	75.3235	1.8707	0.0046	96.9856
5.9425	0.0000	-0.0000	0.0000	0.0000	0.0000	-0.0100	230.2900	0.0326	1.9800	76.9453	NOT CONNECTED	0.0000	500.0000	0.0000	0.0000	0.0000	0.0000	0.0672	0.0357	-1.8241	0.4151	-1.8620	0.1801	0.0000	0.0000	321.2567	0.0000	75.1299	1.8707	0.0048	96.9856
6.2413	0.0000	-0.0000	0.0000	0.0000	0.0000	-0.0100	230.2900	0.0326	1.9800	76.9453	NOT CONNECTED	0.0000	500.0000	0.0000	0.0000	0.0000	0.0000	0.0672	0.0357	-1.8241	0.4151	-1.8620	0.1801	0.0000	0.0000	321.2567	0.0000	75.1299	1.8707	0.0048	96.9856
6.6871	0.0000	-0.0000	0.0000	0.0000	0.0000	-0.0100	230.2840	0.0325	1.9500	76.7868	NOT CONNECTED	0.0000	500.0000	0.0000	0.0000	0.0000	0.0000	0.0672	0.0357	-1.8241	0.4151	-1.8620	0.1801	0.0000	0.0000	321.1972	0.0000	74.9351	1.8707	0.0048	96.8375
6.8473	0.0000	-0.0000	0.0000	0.0000	0.0000	-0.0100	230.2840	0.0325	1.9500	76.7868	NOT CONNECTED	0.0000	500.0000	0.0000	0.0000	0.0000	0.0000	0.0672	0.0357	-1.8241	0.4151	-1.8620	0.1801	0.0000	0.0000	321.1972	0.0000	74.9351	1.8707	0.0048	96.8375
7.4278	0.0000	-0.0000	0.0000	0.0000	0.0000	-0.0100	230.2800	0.0325	1.9700	76.6778	NOT CONNECTED	0.0000	500.0000	0.0000	0.0000	0.0000	0.0000	0.0672	0.0357	-1.8241	0.4151	-1.8620	0.1801	0.0000	0.0000	321.2026	0.0000	74.7543	1.8707	0.0049	96.6901
7.4529	0.0000	-0.0000	0.0000	0.0000	0.0000	-0.0100	230.2800	0.0325	1.9700	76.6778	NOT CONNECTED	0.0000	500.0000	0.0000	0.0000	0.0000	0.0000	0.0672	0.0357	-1.8241	0.4151	-1.8620	0.1801	0.0000	0.0000	321.2026	0.0000	74.7543	1.8707	0.0049	96.6901
8.0589	0.0000	-0.0000	0.0000	0.0000	0.0000	-0.0100	230.2700	0.0325	1.9700	76.5466	NOT CONNECTED	0.0000	500.0000	0.0000	0.0000	0.0000	0.0000	0.0672	0.0357	-1.8241	0.4151	-1.8620	0.1801	0.0000	0.0000	321.2202	0.0000	74.5793	1.8707	0.0049	96.6901
8.1644	0.0000	-0.0000	0.0000	0.0000	0.0000	-0.0100	230.2700	0.0325	1.9700	76.5466	NOT CONNECTED	0.0000	500.0000	0.0000	0.0000	0.0000	0.0000	0.0672	0.0357	-1.8241	0.4151	-1.8620	0.1801	0.0000	0.0000	321.2202	0.0000	74.5793	1.8707	0.0049	96.6901
8.6647	0.0000	-0.0000	0.0000	0.0000	0.0000	-0.0100	230.2660	0.0324	1.9700	76.4094	NOT CONNECTED	0.0000	500.0000	0.0000	0.0000	0.0000	0.0000	0.0672	0.0357	-1.8241	0.4151	-1.8620	0.1801	0.0000	0.0000	321.1877	0.0000	74.4032	1.8707	0.0048	96.5435
8.9116	0.0000	-0.0000	0.0000	0.0000	0.0000	-0.0100	230.2660	0.0324	1.9700	76.4094	NOT CONNECTED	0.0000	500.0000	0.0000	0.0000	0.0000	0.0000	0.0672	0.0357	-1.8241	0.4151	-1.8620	0.1801	0.0000	0.0000	321.1877	0.0000	74.4032	1.8707	0.0048	96.5435
9.2707	0.0000	-0.0000	0.0000	0.0000	0.0000	-0.0100	230.2660	0.0324	1.9700	76.4094	NOT CONNECTED	0.0000	500.0000	0.0000	0.0000	0.0000	0.0000	0.0672	0.0357	-1.8241	0.4151	-1.8620	0.1801	0.0000	0.0000	321.2296	0.0000	74.2398	1.8707	0.0048	96.5435
9.6560	0.0000	-0.0000	0.0000	0.0000	0.0000	-0.0100	230.2570	0.0323	1.9500	76.2520	NOT CONNECTED	0.0000	500.0000	0.0000	0.0000	0.0000	0.0000	0.0672	0.0357	-1.8241	0.4151	-1.8620	0.1801	0.0000	0.0000	321.1674	0.0000	74.0816	1.8707	0.0048	96.3975
9.8760	0.0000	-0.0000	0.0000	0.0000	0.0000	-0.0100	230.2570	0.0323	1.9500	76.2520	NOT CONNECTED	0.0000	500.0000	0.0000	0.0000	0.0000	0.0000	0.0672	0.0357	-1.8241	0.4151	-1.8620	0.1801	0.0000	0.0000	321.1674	0.0000	74.0816	1.8707	0.0048	96.3975
10.4008	0.0000	-0.0000	0.0000	0.0000	0.0000	-0.0100	230.2530	0.0322	1.9600	76.1629	NOT CONNECTED	0.0000	500.0000	0.0000	0.0000	0.0000	0.0000	0.0672	0.0357	-1.8241	0.4151	-1.8620	0.1801	0.0000	0.0000	321.1512	0.0000	73.9223	1.8707	0.0048	96.2523
10.4978	0.0000	-0.0000	0.0000	0.0000	0.0000	-0.0100	230.2530	0.0322	1.9600	76.1629	NOT CONNECTED	0.0000	500.0000	0.0000	0.0000	0.0000	0.0000	0.0672	0.0357	-1.8241	0.4151	-1.8620	0.1801	0.0000	0.0000	321.1512	0.0000	73.9223	1.8707	0.0048	96.2523
11.1192	0.0000	-0.0000	0.0000	0.0000	0.0000	-0.0100	230.2450	0.0322	1.9700	76.0293	NOT CONNECTED	0.0000	500.0000	0.0000	0.0000	0.0000	0.0000	0.0672	0.0357	-1.8241	0.4151	-1.8620	0.1801	0.0000	0.0000	321.1552	0.0000	73.7743	1.8707	0.0048	96.2523
11.1453	0.0000	-0.0000	0.0000	0.0000	0.0000	-0.0100	230.2450	0.0322	1.9700	76.0293	NOT CONNECTED	0.0000	500.0000	0.0000	0.0000	0.0000	0.0000	0.0672	0.0357	-1.8241	0.4151	-1.8620	0.1801	0.0000	0.0000	321.1552	0.0000	73.7743	1.8707	0.0048	96.2523
11.7248	0.0000	-0.0000	0.0000	0.0000	0.0000	-0.0100	230.2440	0.0322	1.9600	75.8843	NOT CONNECTED	0.0000	500.0000	0.0000	0.0000	0.0000	0.0000	0.0672	0.0357	-1.8241	0.4151	-1.8620	0.1801	0.0000	0.0000	321.1498	0.0000	73.6252	1.8707	0.0048	96.1077
11.8797	0.0000	-0.0000	0.0000	0.0000	0.0000	-0.0100	230.2440	0.0322	1.9600	75.8843	NOT CONNECTED	0.0000	500.0000	0.0000	0.0000	0.0000	0.0000	0.0672	0.0357	-1.8241	0.4151	-1.8620	0.1801	0.0000	0.0000	321.1498	0.0000	73.6252	1.8707	0.0048	96.1077
12.3307	0.0000	-0.0000	0.0000	0.0000	0.0000	-0.0100	230.2390	0.0322	1.9700	75.7852	NOT CONNECTED	0.0000	500.0000	0.0000	0.0000	0.0000	0.0000	0.0672	0.0357	-1.8241	0.4151	-1.8620	0.1801	0.0000	0.0000	321.1417	0.0000	73.4868	1.8707	0.0049	96.1077
12.6431	0.0000	-0.0000	0.0000	0.0000	0.0000	-0.0100	230.2390	0.0322	1.9700	75.7852	NOT CONNECTED	0.0000	500.0000	0.0000	0.0000	0.0000	0.0000	0.0672	0.0357	-1.8241	0.4151	-1.8620	0.1801	0.0000	0.0000	321.1552	0.0000	73.3528	1.8707	0.0050	95.9639
12.9362	0.0000	-0.0000	0.0000	0.0000	0.0000	-0.0100	230.2390	0.0322	1.9700	75.7852	NOT CONNECTED	0.0000	500.0000	0.0000	0.0000	0.0000	0.0000	0.0672	0.0357	-1.8241	0.4151	-1.8620	0.1801	0.0000	0.0000	321.1552	0.0000	73.3528	1.8707	0.0050	95.9639
13.3834	0.0000	-0.0000	0.0000	0.0000	0.0000	-0.0100	230.2330	0.0321	1.9700	75.6325	NOT CONNECTED	0.0000	500.0000	0.0000	0.0000	0.0000	0.0000	0.0672	0.0357	-1.8241	0.4151	-1.8620	0.1801	0.0000	0.0000	321.0957	0.0000	73.2176	1.8707	0.0053	95.8207
13.5417	0.0000	-0.0000	0.0000	0.0000	0.0000	-0.0100	230.2330	0.0321	1.9700	75.6325	NOT CONNECTED	0.0000	500.0000	0.0000	0.0000	0.0000	0.0000	0.0672	0.0357	-1.8241	0.4151	-1.8620	0.1801	0.0000	0.0000	321.0957	0.0000	73.2176	1.8707	0.0053	95.8207
14.1474	0.0000	-0.0000	0.0000	0.0000	0.0000	-0.0100	230.2290	0.0320	1.9700	75.4484	NOT CONNECTED	0.0000	500.0000	0.0000	0.0000	0.0000	0.0000	0.0672	0.0357	-1.8241	0.4151	-1.8620	0.1801	0.0000	0.0000	321.1011	0.0000	73.0920	1.8707	0.0049	95.8207
14.3623	0.0000	-0.0000	0.0000	0.0000	0.0000	-0.0100	230.2290	0.0320	1.9700	75.4484	NOT CONNECTED	0.0000	500.0000	0.0000	0.0000	0.0000	0.0000	0.0672	0.0357	-1.8241	0.4151	-1.8620	0.1801	0.0000	0.0000	321.1011	0.0000	73.0920	1.8707	0.0049	95.8207
14.7529	0.0000	-0.0000	0.0000	0.0000	0.0000	-0.0100	230.2290	0.0320	1.9600	75.3022	NOT CONNECTED	0.0000	500.0000	0.0000	0.0000	0.0000	0.0000	0.0672	0.0357	-1.8241	0.4151	-1.8620	0.1801	0.0000	0.0000	321.0713	0.0000	72.9703	1.8707	0.0048	95.6781
15.0983	0.0000	-0.0000	0.0000	0.0000	0.0000	-0.0100	230.2290	0.0320	1.9600	75.3022	NOT CONNECTED	0.0000	500.0000	0.0000	0.0000	0.0000	0.0000	0.0672	0.0357	-1.8241	0.4151	-1.8620	0.1801	0.0000	0.0000	321.0889	0.0000	72.8525	1.8707	0.0045	95.6781
15.3587	0.0000	-0.0000	0.0000	0.0000	0.0000	-0.0100	230.2290	0.0320	1.9600	75.3022	NOT CONNECTED	0.0000	500.0000	0.0000	0.0000	0.0000	0.0000	0.0672	0.0357	-1.8241	0.4151	-1.8620	0.1801	0.0000	0.0000	321.0889	0.0000	72.8525	1.8707	0.0045	95.6781
15.8308	0.0000	-0.0000	0.0000	0.0000	0.0000	-0.0100	230.2280	0.0320	1.9900	75.1930	NOT CONNECTED	0.0000	500.0000	0.0000	0.0000	0.0000	0.0000	0.0672	0.0357	-1.8241	0.4151	-1.8620	0.1801	0.0000	0.0000	321.0754	0.0000	72.7383	1.8707	0.0050	95.5363
15.9643	0.0000	-0.0000	0.0000	0.0000	0.0000	-0.0100	230.2280	0.0320	1.9900	75.1930	NOT CONNECTED	0.0000	500.0000	0.0000	0.0000	0.0000	0.0000	0.0672	0.0357	-1.8241	0.4151	-1.8620	0.1801	0.0000	0.0000	321.0754	0.0000	72.7383	1.8707	0.0050	95.5363
16.5679	0.0000	-0.0000	0.0000	0.0000	0.0000	-0.0100	230.2290	0.0320	1.9800	75.0427	NOT CONNECTED	0.0000	500.0000	0.0000	0.0000	0.0000	0.0000	0.0672	0.0357	-1.8241	0.4151	-1.8620	0.1801	0.0000	0.0000	321.0659	0.0000	72.6276	1.8707	0.0050	95.3951
16.5697	0.0000	-0.0000	0.0000	0.0000	0.0000	-0.0100	230.2290	0.0320	1.9800	75.0427	NOT CONNECTED	0.0000	500.0000	0.0000	0.0000	0.0000	0.0000	0.0672	0.0357	-1.8241	0.4151	-1.8620	0.1801	0.0000	0.0000	321.0659	0.0000	72.6276	1.8707	0.0050	95.3951
17.1762	0.0000	-0.0000	0.0000	0.0000	0.0000	-0.0100	230.2330	0.0318	1.9700	74.9313	NOT CONNECTED	0.0000	500.0000	0.0000	0.0000	0.0000	0.0000	0.0672	0.0357	-1.8241	0.4151	-1.8620	0.1801	0.0000	0.0000	321.0849	0.0000	72.5160	1.8707	0.0048	95.3951
17.3076	0.0000	-0.0000	0.0000	0.0000	0.0000	-0.0100	230.2330	0.0318	1.9700	74.9313	NOT CONNECTED	0.0000	500.0000	0.0000	0.0000	0.0000	0.0000	0.0672	0.0357	-1.8241	0.4151	-1.8620	0.1801	0.0000	0.0000	321.0849	0.0000	72.5160	1.8707	0.0048	95.3951
17.7818	0.0000	-0.0000	0.0000	0.0000	0.0000	-0.0100	230.2370	0.0318	1.9600	74.8222	NOT CONNECTED	0.0000	500.0000	0.0000	0.0000	0.0000	0.0000	0.0672	0.0357	-1.8241	0.4151	-1.8620	0.1801	0.0000	0.0000	321.0524	0.0000	72.4121	1.8707	0.0049	95.2546
18.0344	0.0000	-0.0000	0.0000	0.0000	0.0000	-0.0100	230.2370	0.0318	1.9600	74.8222	NOT CONNECTED	0.0000	500.0000	0.0000	0.0000	0.0000	0.0000	0.0672	0.0357	-1.8241	0.4151	-1.8620	0.1801	0.0000	0.0000	321.0524	0.0000	72.4121	1.8707	0.0049	95.2546
18.4029	0.0000	-0.0000	0.0000	0.0000	0.0000	-0.0100	230.2370	0.0318	1.9600	74.8222	NOT CONNECTED	10000.0000	500.0000	0.0000	0.0000	0.0000	0.0000	0.0672	0.0357	-1.8241	0.4151	-1.8620	0.1801	0.0000	0.0000	321.0740	0.0000	72.3073	1.8707	0.0045	95.2546
18.7728	0.0000	-0.0000	0.0000	0.0000	0.0000	-0.0100	230.2430	0.0316	1.9600	74.6793	NOT CONNECTED	10000.0000	500.0000	0.0000	0.0000	0.0000	0.0000	0.0672	0.0357	-1.8241	0.4151	-1.8620	0.1801	0.0000	0.0000	321.0903	0.0000	72.2098	1.8707	0.0050	95.1148
19.0082	0.0000	-0.0000	0.0000	0.0000	0.0000	-0.0100	230.2430	0.0316	1.9600	74.6793	NOT CONNECTED	10000.0000	500.0000	0.0000	0.0000	0.0000	0.0000	0.0672	0.0357	-1.8241	0.4151	-1.8620	0.1801	0.0000	0.0000	321.0903	0.0000	72.2098	1.8707	0.0050	95.1148
19.5216	0.0000	-0.0000	0.0000	0.0000	0.0000	-0.0100	230.2490	0.0316	1.9700	74.5817	NOT CONNECTED	10000.0000	500.0000	0.0000	0.0000	0.0000	0.0000	0.0672	0.0357	-1.8241	0.4151	-1.8620	0.1801	0.0000	0.0000	321.0429	0.0000	72.1113	1.8707	0.0046	94.9756
19.6297	0.0000	-0.0000	0.0000	0.0000	0.0000	-0.0100	230.2490	0.0316	1.9700	74.5817	NOT CONNECTED	10000.0000	500.0000	0.0000	0.0000	0.0000	0.0000	0.0672	0.0357	-1.8241	0.4151	-1.8620	0.1801	0.0000	0.0000	321.0429	0.0000	72.1113	1.8707	0.0046	94.9756
20.2359	0.0000	-0.0350	0.0000	0.0000	0.0000	-0.0100	230.2620	0.0315	1.9600	74.4553	NOT CONNECTED	10000.0000	500.0000	0.0000	0.0000	0.0000	0.0000	0.0672	0.0357	-1.8241	0.4151	-1.8620	0.1801	0.0000	0.0000	321.0429	0.0000	72.0197	1.8707	0.0049	94.9756
20.2666	0.0000	-0.0350	0.0000	0.0000	0.0000	-0.0100	230.2620	0.0315	1.9600	74.4553	NOT CONNECTED	10000.0000	500.0000	0.0000	0.0000	0.0000	0.0000	0.0672	0.0357	-1.8241	0.4151	-1.8620	0.1801	0.0000	0.0000	321.0429	0.0000	72.0197	1.8707	0.0049	94.9756
20.8419	0.0000	0.0000	1.2172	0.0000	11.6360	32.3600	230.2380	0.4245	44.1300	74.4008	NOT CONNECTED	10000.0000	500.0000	0.0000	0.0000	0.0000	0.0000	0.0672	0.0357	-1.8241	0.4151	-1.8620	0.1801	0.0000	0.0000	321.0497	0.0000	71.9308	1.8707	0.0047	94.8370
21.0056	0.0000	0.0000	1.2172	0.0000	11.6360	32.3600	230.2380	0.4245	44.1300	74.4008	NOT CONNECTED	10000.0000	500.0000	0.0000	0.0000	0.0000	0.0000	0.0672	0.0357	-1.8241	0.4151	-1.8620	0.1801	0.0000	0.0000	321.0497	0.0000	71.9308	1.8707	0.0047	94.8370
21.4472	0.0000	0.0000	2.0248	0.0000	19.3980	89.2100	230.2370	0.9364	112.7900	74.3719	NOT CONNECTED	10000.0000	500.0000	0.0000	0.0000	0.0000	0.0000	0.0672	0.0357	-1.8241	0.4151	-1.8620	0.1801	0.0000	0.0000	321.0740	0.0000	71.8410	1.8707	0.0049	94.6991
21.7488	0.0000	0.0000	2.0248	0.0000	19.3980	89.2100	230.2370	0.9364	112.7900	74.3719	NOT CONNECTED	10000.0000	500.0000	0.0000	0.0000	0.0000	0.0000	0.0672	0.0357	-1.8241	0.4151	-1.8620	0.1801	0.0000	0.0000	321.0740	0.0000	71.8410	1.8707	0.0049	94.6991
22.0529	0.0000	0.0000	2.0248	0.0000	19.3980	89.2100	230.2370	0.9364	112.7900	74.3719	NOT CONNECTED	10000.0000	500.0000	0.0000	0.0000	0.0000	0.0000	0.0672	0.0357	-1.8241	0.4151	-1.8620	0.1801	0.0000	0.0000	321.1160	0.0000	71.7573	1.8707	0.0049	94.6991
22.4852	0.0000	0.0000	1.4363	0.0000	13.6370	44.6400	230.2920	0.6050	63.4000	74.3540	NOT CONNECTED	10000.0000	500.0000	0.0000	0.0000	0.0000	0.0000	0.0672	0.0357	-1.8241	0.4151	-1.8620	0.1801	0.0000	0.0000	321.1160	0.0000	71.7573	1.8707	0.0049	94.6991
23.2263	263.0000	-0.1080	0.6769	0.0000	9.5900	9.7600	230.3110	0.1966	18.0000	74.3421	NOT CONNECTED	10000.0000	500.0000	0.0000	0.2721	0.0272	0.0000	0.1205	0.0357	2.0266	0.0366	2.0302	0.0723	14.1400	0.0000	314.2309	43.0499	71.6273	2.0309	1.2379	94.5618
23.8319	640.0000	-0.1020	0.2499	0.0000	15.4720	5.8300	230.3240	0.1372	11.8000	74.3065	NOT CONNECTED	10000.0000	500.0000	0.0000	-0.1655	0.0155	0.0000	0.1347	0.0357	3.0543	0.0191	3.0218	0.0376	20.3699	0.0000	309.3507	92.7911	71.9695	3.0424	1.5491	94.4339
23.9691	640.0000	-0.1020	0.2499	0.0000	15.4720	5.8300	230.3240	0.1372	11.8000	74.3065	NOT CONNECTED	10000.0000	500.0000	0.0000	-0.1655	0.0155	0.0000	0.1347	0.0357	3.0543	0.0191	3.0218	0.0376	20.3699	0.0000	309.3507	92.7911	71.9695	3.0424	1.5491	94.4339
24.4387	1007.0000	-0.1070	0.2816	0.0000	33.5360	13.0900	230.3490	0.2144	20.1000	74.3197	NOT CONNECTED	10000.0000	500.0000	0.0000	0.0652	0.0151	0.0000	0.1353	0.0357	3.0222	0.0180	3.0461	0.0423	19.3549	0.0000	309.4364	93.5186	72.7503	3.0664	2.1536	94.4339
24.7134	1007.0000	-0.1070	0.2816	0.0000	33.5360	13.0900	230.3490	0.2144	20.1000	74.3197	NOT CONNECTED	10000.0000	500.0000	0.0000	0.0652	0.0151	0.0000	0.1353	0.0357	3.0222	0.0180	3.0461	0.0423	19.3549	0.0000	309.4364	93.5186	72.7503	3.0664	2.1536	94.4339
25.4618	1378.0000	-0.1070	0.2912	0.0000	42.5190	16.9200	230.3590	0.2518	24.3700	74.2925	NOT CONNECTED	10000.0000	500.0000	0.0000	110.2748	0.1855	0.1925	0.0808	0.0806	0.9145	0.3888	0.8544	0.5570	7.0166	8.3869	318.2195	12.9163	75.1311	1.0087	0.6567	94.7302
25.5941	1378.0000	-0.1070	0.2912	0.0000	42.5190	16.9200	230.3590	0.2518	24.3700	74.2925	NOT CONNECTED	10000.0000	500.0000	0.0000	110.2748	0.1855	0.1925	0.0808	0.0806	0.9145	0.3888	0.8544	0.5570	7.0166	8.3869	318.2195	12.9163	75.1311	1.0087	0.6567	94.7302
26.1984	1755.0000	-0.1090	0.3071	0.0000	60.7450	25.0500	230.3840	0.3273	33.2800	74.3074	NOT CONNECTED	10000.0000	500.0000	0.0000	436.6563	0.1321	0.1393	0.0709	0.0709	0.1878	0.3270	0.1271	0.3235	1.2614	15.8069	319.1136	7.0415	75.0710	0.3686	0.4577	94.7302
26.2095	1755.0000	-0.1090	0.3071	0.0000	60.7450	25.0500	230.3840	0.3273	33.2800	74.3074	NOT CONNECTED	10000.0000	500.0000	0.0000	436.6563	0.1321	0.1393	0.0709	0.0709	0.1878	0.3270	0.1271	0.3235	1.2614	15.8069	319.1136	7.0415	75.0710	0.3686	0.4577	94.7302
26.8044	2131.0000	-0.1100	0.3135	0.0000	69.9550	29.3500	230.3960	0.3660	37.9500	74.2865	NOT CONNECTED	10000.0000	500.0000	0.0000	740.3173	0.1420	0.1498	0.0709	0.0709	0.2578	0.3305	0.2058	0.3219	1.5153	24.8579	318.3304	11.7405	74.9513	0.3804	0.2725	94.6339
26.9644	2131.0000	-0.1100	0.3135	0.0000	69.9550	29.3500	230.3960	0.3660	37.9500	74.2865	NOT CONNECTED	10000.0000	500.0000	0.0000	740.3173	0.1420	0.1498	0.0709	0.0709	0.2578	0.3305	0.2058	0.3219	1.5153	24.8579	318.3304	11.7405	74.9513	0.3804	0.2725	94.6339
27.4109	2504.0000	-0.1090	0.3247	0.0000	88.2110	38.1900	230.4180	0.4416	47.5300	74.2938	NOT CONNECTED	10000.0000	500.0000	0.0000	1039.1689	0.1408	0.1496	0.0708	0.0709	0.2469	0.3431	0.2564	0.3740	1.6094	33.9691	317.7368	16.2522	74.8365	0.4347	0.2859	94.6339
27.7024	2504.0000	-0.1090	0.3247	0.0000	88.2110	38.1900	230.4180	0.4416	47.5300	74.2938	NOT CONNECTED	10000.0000	500.0000	0.0000	1039.1689	0.1408	0.1496	0.0708	0.0709	0.2469	0.3431	0.2564	0.3740	1.6094	33.9691	317.7368	16.2522	74.8365	0.4347	0.2859	94.6339
28.0168	2504.0000	-0.1090	0.3247	0.0000	88.2110	38.1900	230.4180	0.4416	47.5300	74.2938	NOT CONNECTED	10000.0000	500.0000	0.0000	1347.5161	0.1393	0.1283	0.0708	0.0709	0.2683	0.3356	0.2118	0.3355	1.7495	42.9494	317.0364	21.1576	74.7289	0.4112	0.2949	94.5098
28.4382	2871.0000	-0.1090	0.3310	0.0000	97.2410	43.0200	230.4270	0.4814	52.7200	74.2814	NOT CONNECTED	10000.0000	500.0000	0.0000	1651.3863	0.1416	0.1411	0.0709	0.0709	0.2314	0.3358	0.1971	0.3804	1.7522	52.0947	316.3389	25.9128	74.6230	0.4232	0.3068	94.3922
28.6219	2871.0000	-0.1090	0.3310	0.0000	97.2410	43.0200	230.4270	0.4814	52.7200	74.2814	NOT CONNECTED	10000.0000	500.0000	0.0000	1651.3863	0.1416	0.1411	0.0709	0.0709	0.2314	0.3358	0.1971	0.3804	1.7522	52.0947	316.3389	25.9128	74.6230	0.4232	0.3068	94.3922
29.1844	3239.0000	-0.1070	0.3419	0.0000	115.5350	52.7100	230.4490	0.5607	63.0500	74.2480	NOT CONNECTED	10000.0000	500.0000	0.0000	1958.0887	0.1529	0.1334	0.0709	0.0709	0.3301	0.3499	0.2053	0.3728	1.8785	61.0836	315.7798	31.4603	74.5264	0.4205	0.3110	94.3922
29.2279	3239.0000	-0.1070	0.3419	0.0000	115.5350	52.7100	230.4490	0.5607	63.0500	74.2480	NOT CONNECTED	10000.0000	500.0000	0.0000	1958.0887	0.1529	0.1334	0.0709	0.0709	0.3301	0.3499	0.2053	0.3728	1.8785	61.0836	315.7798	31.4603	74.5264	0.4205	0.3110	94.3922
29.8336	3614.0000	-0.1080	0.3464	0.0000	124.7860	57.6400	230.4620	0.6000	68.2500	74.2154	NOT CONNECTED	10000.0000	500.0000	0.0000	2257.2568	0.1513	0.1481	0.0709	0.0709	0.2697	0.3506	0.2370	0.3730	1.7040	70.0722	315.1192	36.6735	74.4341	0.4674	0.3222	94.2801
29.9266	3614.0000	-0.1080	0.3464	0.0000	124.7860	57.6400	230.4620	0.6000	68.2500	74.2154	NOT CONNECTED	10000.0000	500.0000	0.0000	2257.2568	0.1513	0.1481	0.0709	0.0709	0.2697	0.3506	0.2370	0.3730	1.7040	70.0722	315.1192	36.6735	74.4341	0.4674	0.3222	94.2801
30.4397	3988.0000	-0.1120	0.3580	0.0000	143.1440	68.5200	230.4780	0.6890	79.7400	74.1416	NOT CONNECTED	10000.0000	500.0000	0.0000	2562.0534	0.1419	0.1420	0.0709	0.0709	0.3116	0.3325	0.2315	0.4376	1.7504	79.6601	314.5630	41.4988	74.3462	0.4591	0.3279	94.1730
30.6672	3988.0000	-0.1120	0.3580	0.0000	143.1440	68.5200	230.4780	0.6890	79.7400	74.1416	NOT CONNECTED	10000.0000	500.0000	0.0000	2562.0534	0.1419	0.1420	0.0709	0.0709	0.3116	0.3325	0.2315	0.4376	1.7504	79.6601	314.5630	41.4988	74.3462	0.4591	0.3279	94.1730
31.0443	4346.0000	-0.1170	0.3648	0.0000	152.2500	74.3600	230.4880	0.7357	85.9000	74.0796	NOT CONNECTED	10000.0000	500.0000	0.0000	2857.1846	0.1547	0.1654	0.0709	0.0709	0.2940	0.3768	0.2435	0.4035	2.0716	88.9741	313.9150	47.5663	74.2620	0.4782	0.3336	94.1730
31.4033	4346.0000	-0.1170	0.3648	0.0000	152.2500	74.3600	230.4880	0.7357	85.9000	74.0796	NOT CONNECTED	10000.0000	500.0000	0.0000	3163.6247	0.1556	0.1584	0.0709	0.0709	0.2830	0.3694	0.2795	0.4055	1.6439	97.6395	313.3495	52.8647	74.1780	0.5184	0.3423	94.0711
31.6508	4346.0000	-0.1170	0.3648	0.0000	152.2500	74.3600	230.4880	0.7357	85.9000	74.0796	NOT CONNECTED	10000.0000	500.0000	0.0000	3163.6247	0.1556	0.1584	0.0709	0.0709	0.2830	0.3694	0.2795	0.4055	1.6439	97.6395	313.3495	52.8647	74.1780	0.5184	0.3423	94.0711
32.1631	4727.0000	-0.1160	0.3768	0.0000	170.7190	85.9800	230.5020	0.8242	97.9300	73.9684	NOT CONNECTED	10000.0000	500.0000	0.0000	3462.3812	0.1475	0.1493	0.0709	0.0709	0.3135	0.3576	0.2425	0.4475	2.1294	106.5952	312.7554	59.1679	74.1006	0.4794	0.3387	94.0711
32.2397	4727.0000	-0.1160	0.3768	0.0000	170.7190	85.9800	230.5020	0.8242	97.9300	73.9684	NOT CONNECTED	10000.0000	500.0000	0.0000	3462.3812	0.1475	0.1493	0.0709	0.0709	0.3135	0.3576	0.2425	0.4475	2.1294	106.5952	312.7554	59.1679	74.1006	0.4794	0.3387	94.0711
32.8458	5100.0000	-0.1230	0.3818	0.0000	180.0290	92.4400	230.5100	0.8724	104.6000	73.8862	NOT CONNECTED	10000.0000	500.0000	0.0000	3757.6931	0.1553	0.1509	0.0708	0.0709	0.3179	0.3801	0.2614	0.4141	1.2149	115.3219	312.2744	64.6940	74.0290	0.4784	0.3531	93.9750
32.9111	5100.0000	-0.1230	0.3818	0.0000	180.0290	92.4400	230.5100	0.8724	104.6000	73.8862	NOT CONNECTED	10000.0000	500.0000	0.0000	3757.6931	0.1553	0.1509	0.0708	0.0709	0.3179	0.3801	0.2614	0.4141	1.2149	115.3219	312.2744	64.6940	74.0290	0.4784	0.3531	93.9750
33.4517	5472.0000	-0.1270	0.3923	0.0000	198.6440	104.9200	230.5190	0.9624	117.3600	73.7978	NOT CONNECTED	10000.0000	500.0000	0.0000	4055.3993	0.1526	0.1699	0.0710	0.0709	0.2419	0.3701	0.2685	0.3924	2.3952	124.7190	311.7872	72.1465	73.9579	0.5053	0.3635	93.8839
33.6699	5472.0000	-0.1270	0.3923	0.0000	198.6440	104.9200	230.5190	0.9624	117.3600	73.7978	NOT CONNECTED	10000.0000	500.0000	0.0000	4055.3993	0.1526	0.1699	0.0710	0.0709	0.2419	0.3701	0.2685	0.3924	2.3952	124.7190	311.7872	72.1465	73.9579	0.5053	0.3635	93.8839
34.0570	5854.0000	-0.1280	0.4006	0.0000	208.0830	111.6700	230.5210	1.0083	123.9600	73.7222	NOT CONNECTED	10000.0000	500.0000	0.0000	4366.9393	0.1768	0.1414	0.0709	0.0710	0.3984	0.3980	0.2785	0.3628	1.5566	133.9846	311.0851	79.8065	73.8872	0.4751	0.3709	93.8839
34.4202	5854.0000	-0.1280	0.4006	0.0000	208.0830	111.6700	230.5210	1.0083	123.9600	73.7222	NOT CONNECTED	10000.0000	500.0000	0.0000	4670.3325	0.1572	0.1420	0.0708	0.0709	0.3633	0.3699	0.2793	0.5121	2.5438	142.8407	310.5277	85.7672	73.8225	0.6555	0.3781	93.7989
34.6629	5854.0000	-0.1280	0.4006	0.0000	208.0830	111.6700	230.5210	1.0083	123.9600	73.7222	NOT CONNECTED	10000.0000	500.0000	0.0000	4670.3325	0.1572	0.1420	0.0708	0.0709	0.3633	0.3699	0.2793	0.5121	2.5438	142.8407	310.5277	85.7672	73.8225	0.6555	0.3781	93.7989
35.1591	6234.0000	-0.1280	0.3466	0.0000	213.9030	121.9300	230.5280	1.0796	133.8900	73.6152	NOT CONNECTED	10000.0000	500.0000	0.0000	4963.4095	0.1837	0.1762	0.0710	0.0710	0.3171	0.4365	0.3270	0.4952	1.6713	151.8817	309.9690	94.6285	73.7602	0.5311	0.3691	93.7989
35.2684	6234.0000	-0.1280	0.3466	0.0000	213.9030	121.9300	230.5280	1.0796	133.8900	73.6152	NOT CONNECTED	10000.0000	500.0000	0.0000	4963.4095	0.1837	0.1762	0.0710	0.0710	0.3171	0.4365	0.3270	0.4952	1.6713	151.8817	309.9690	94.6285	73.7602	0.5311	0.3691	93.7989
35.9016	6590.0000	-0.1280	0.3518	0.0000	212.3020	126.1600	230.5290	1.1114	138.1800	73.5082	NOT CONNECTED	10000.0000	500.0000	0.0000	5519.4654	0.1790	0.1922	0.0718	0.0710	0.3467	0.3905	0.2679	0.4861	8.9813	165.3346	309.0273	110.8489	73.6476	0.5269	0.3821	93.5312
36.3841	6962.0000	-0.1310	0.4438	0.0000	213.0020	138.7300	230.5310	1.2076	151.8300	73.4652	NOT CONNECTED	10000.0000	500.0000	0.0000	5519.4654	0.1790	0.1922	0.0718	0.0710	0.3467	0.3905	0.2679	0.4861	8.9813	165.3346	309.0273	110.8489	73.6476	0.5269	0.3821	93.5312
36.6659	6962.0000	-0.1310	0.4438	0.0000	213.0020	138.7300	230.5310	1.2076	151.8300	73.4652	NOT CONNECTED	10000.0000	500.0000	0.0000	5519.4654	0.1790	0.1922	0.0718	0.0710	0.3467	0.3905	0.2679	0.4861	8.9813	165.3346	309.0273	110.8489	73.6476	0.5269	0.3821	93.5312
36.9891	6962.0000	-0.1310	0.4438	0.0000	213.0020	138.7300	230.5310	1.2076	151.8300	73.4652	NOT CONNECTED	10000.0000	500.0000	0.0000	5832.0720	0.1601	0.1620	0.0701	0.0708	0.3000	0.3383	0.2157	0.5485	-4.4849	171.1856	308.7554	119.6910	73.5907	0.5356	0.3890	93.2694
37.4017	7345.0000	-0.1350	0.5049	0.0000	213.3890	145.9200	230.5300	1.2611	159.5300	73.3671	NOT CONNECTED	10000.0000	500.0000	0.0000	6136.3399	0.2167	0.1624	0.0675	0.0659	0.0354	0.5343	0.0036	0.4709	-2.5046	170.5480	308.3789	125.7808	73.5334	0.5357	0.3502	93.0152
37.5948	7345.0000	-0.1350	0.5049	0.0000	213.3890	145.9200	230.5300	1.2611	159.5300	73.3671	NOT CONNECTED	10000.0000	500.0000	0.0000	6136.3399	0.2167	0.1624	0.0675	0.0659	0.0354	0.5343	0.0036	0.4709	-2.5046	170.5480	308.3789	125.7808	73.5334	0.5357	0.3502	93.0152
38.1585	7715.0000	-0.1400	0.6323	0.0000	214.0470	161.1800	230.5270	1.3775	175.8900	73.2918	NOT CONNECTED	10000.0000	500.0000	0.0000	6431.8225	0.1947	0.1901	0.0606	0.0632	-0.0820	0.5187	-0.3339	0.4650	-0.5129	170.5476	308.3341	129.6146	73.4688	0.5262	0.3421	93.0152
38.2005	7715.0000	-0.1400	0.6323	0.0000	214.0470	161.1800	230.5270	1.3775	175.8900	73.2918	NOT CONNECTED	10000.0000	500.0000	0.0000	6431.8225	0.1947	0.1901	0.0606	0.0632	-0.0820	0.5187	-0.3339	0.4650	-0.5129	170.5476	308.3341	129.6146	73.4688	0.5262	0.3421	93.0152
38.8060	8087.0000	-0.1470	0.6924	0.0000	214.2130	168.4200	230.5260	1.4330	183.7500	73.2029	NOT CONNECTED	10000.0000	500.0000	0.0000	6736.0956	0.1515	0.1729	0.0582	0.0617	-0.2785	0.4032	-0.4462	0.3923	0.2714	171.5700	307.9214	139.3698	73.4103	0.7893	0.3849	92.7645
38.8971	8087.0000	-0.1470	0.6924	0.0000	214.2130	168.4200	230.5260	1.4330	183.7500	73.2029	NOT CONNECTED	10000.0000	500.0000	0.0000	6736.0956	0.1515	0.1729	0.0582	0.0617	-0.2785	0.4032	-0.4462	0.3923	0.2714	171.5700	307.9214	139.3698	73.4103	0.7893	0.3849	92.7645
39.4111	8087.0000	-0.1470	0.6924	0.0000	214.2130	168.4200	230.5260	1.4330	183.7500	73.2029	NOT CONNECTED	10000.0000	500.0000	0.0000	7033.4066	0.2158	0.1811	0.0561	0.0570	-0.4657	0.6362	-0.5955	0.4173	-2.4558	167.9556	307.3752	146.5690	73.3602	0.7692	0.4353	92.7645
40.0169	8717.0000	-0.1510	0.8817	0.0000	214.0750	198.8100	230.5150	1.6604	216.3600	73.1166	NOT CONNECTED	10000.0000	500.0000	0.0000	7347.4796	0.1523	0.1559	0.0558	0.0562	-0.4332	0.4156	-0.4407	0.4322	-4.7934	172.9010	306.8946	158.7446	73.3231	0.8457	0.4992	92.5235
40.1646	8717.0000	-0.1510	0.8817	0.0000	214.0750	198.8100	230.5150	1.6604	216.3600	73.1166	NOT CONNECTED	10000.0000	500.0000	0.0000	7347.4796	0.1523	0.1559	0.0558	0.0562	-0.4332	0.4156	-0.4407	0.4322	-4.7934	172.9010	306.8946	158.7446	73.3231	0.8457	0.4992	92.5235
40.6232	9100.0000	-0.1540	0.9337	0.0000	214.1270	205.2800	230.5130	1.7121	223.3200	73.0863	NOT CONNECTED	10000.0000	500.0000	0.0000	7644.3081	0.1945	0.1714	0.0538	0.0514	-0.7490	0.6054	-0.6091	0.3568	-8.4445	175.7716	306.3499	166.0865	73.3029	0.8699	0.5995	92.2994
40.9033	9100.0000	-0.1540	0.9337	0.0000	214.1270	205.2800	230.5130	1.7121	223.3200	73.0863	NOT CONNECTED	10000.0000	500.0000	0.0000	7644.3081	0.1945	0.1714	0.0538	0.0514	-0.7490	0.6054	-0.6091	0.3568	-8.4445	175.7716	306.3499	166.0865	73.3029	0.8699	0.5995	92.2994
41.2290	9100.0000	-0.1540	0.9337	0.0000	214.1270	205.2800	230.5130	1.7121	223.3200	73.0863	NOT CONNECTED	10000.0000	500.0000	0.0000	7938.8512	0.1883	0.2008	0.0498	0.0512	-0.8799	0.6549	-1.0495	0.4131	-2.0864	170.8178	305.8455	176.8404	73.3036	1.1593	0.6915	92.2994
41.6705	9461.0000	-0.1560	1.0466	0.0000	213.7310	227.5100	230.5030	1.8766	247.0700	73.0368	NOT CONNECTED	10000.0000	500.0000	0.0000	8235.9139	0.2461	0.2056	0.0481	0.0463	-1.0511	0.8817	-1.0218	0.4559	-13.8271	173.2670	305.3221	191.7336	73.3285	1.0309	0.7192	92.0928
41.8337	9461.0000	-0.1560	1.0466	0.0000	213.7310	227.5100	230.5030	1.8766	247.0700	73.0368	NOT CONNECTED	10000.0000	500.0000	0.0000	8235.9139	0.2461	0.2056	0.0481	0.0463	-1.0511	0.8817	-1.0218	0.4559	-13.8271	173.2670	305.3221	191.7336	73.3285	1.0309	0.7192	92.0928
42.4094	9845.0000	-0.1580	1.0970	0.0000	213.5650	236.3200	230.5010	1.9458	256.5700	73.0506	NOT CONNECTED	10000.0000	500.0000	0.0000	8531.5423	0.2101	0.2236	0.0454	0.0469	-1.0123	0.7386	-1.2263	0.5101	-11.6893	165.6220	304.7766	200.0609	73.3677	1.4659	0.8172	92.0928
42.4397	9845.0000	-0.1580	1.0970	0.0000	213.5650	236.3200	230.5010	1.9458	256.5700	73.0506	NOT CONNECTED	10000.0000	500.0000	0.0000	8531.5423	0.2101	0.2236	0.0454	0.0469	-1.0123	0.7386	-1.2263	0.5101	-11.6893	165.6220	304.7766	200.0609	73.3677	1.4659	0.8172	92.0928
43.0459	10037.0000	-0.0660	1.0710	0.0000	217.6700	168.0200	230.5470	1.4890	184.7900	73.0491	NOT CONNECTED	10000.0000	500.0000	0.0000	8853.0017	0.1797	0.1981	0.0470	0.0466	-1.0341	0.6159	-1.1362	0.3582	-4.5993	177.8598	304.4586	215.4145	73.4309	1.1757	0.8720	91.9149
43.1654	10037.0000	-0.0660	1.0710	0.0000	217.6700	168.0200	230.5470	1.4890	184.7900	73.0491	NOT CONNECTED	10000.0000	500.0000	0.0000	8853.0017	0.1797	0.1981	0.0470	0.0466	-1.0341	0.6159	-1.1362	0.3582	-4.5993	177.8598	304.4586	215.4145	73.4309	1.1757	0.8720	91.9149
43.6506	9994.0000	-0.0800	1.0519	0.0000	218.6650	147.9900	230.5370	1.3331	162.4600	73.0487	NOT CONNECTED	10000.0000	500.0000	0.0000	9134.7968	0.2072	0.2254	0.0438	0.0428	-1.2391	0.8179	-1.3866	0.5939	1.9729	162.5324	303.8137	223.3456	73.5182	1.4496	0.9584	91.7644
43.8949	9994.0000	-0.0800	1.0519	0.0000	218.6650	147.9900	230.5370	1.3331	162.4600	73.0487	NOT CONNECTED	10000.0000	500.0000	0.0000	9134.7968	0.2072	0.2254	0.0438	0.0428	-1.2391	0.8179	-1.3866	0.5939	1.9729	162.5324	303.8137	223.3456	73.5182	1.4496	0.9584	91.7644
44.2564	9994.0000	-0.0800	1.0519	0.0000	218.6650	147.9900	230.5370	1.3331	162.4600	73.0487	NOT CONNECTED	10000.0000	500.0000	0.0000	9453.0990	0.2097	0.2123	0.0413	0.0429	-1.0937	0.8178	-1.3580	0.3996	5.9887	173.1651	303.2890	235.6632	73.6302	1.5984	1.0689	91.7644
44.6754	10000.0000	-0.0810	1.0847	0.0000	217.8000	160.6900	230.5100	1.4253	176.0700	73.0587	NOT CONNECTED	10000.0000	500.0000	0.0000	9758.8484	0.2515	0.2040	0.0418	0.0386	-1.4512	1.0826	-1.3654	0.5434	-13.7961	163.7910	302.7976	251.1449	73.7725	1.2407	1.0658	91.6343
44.8614	10000.0000	-0.0810	1.0847	0.0000	217.8000	160.6900	230.5100	1.4253	176.0700	73.0587	NOT CONNECTED	10000.0000	500.0000	0.0000	9758.8484	0.2515	0.2040	0.0418	0.0386	-1.4512	1.0826	-1.3654	0.5434	-13.7961	163.7910	302.7976	251.1449	73.7725	1.2407	1.0658	91.6343
45.4291	10009.0000	-0.0790	1.0857	0.0000	217.7680	159.6400	230.5110	1.4178	174.8900	73.0713	NOT CONNECTED	10000.0000	500.0000	0.0000	10028.0390	0.1042	0.1741	0.0409	0.0404	-1.4772	0.4323	-1.7402	0.2670	-1.6764	175.5294	305.3080	193.3026	73.9247	1.4817	1.1259	91.5416
45.4685	10009.0000	-0.0790	1.0857	0.0000	217.7680	159.6400	230.5110	1.4178	174.8900	73.0713	NOT CONNECTED	10000.0000	500.0000	0.0000	10028.0390	0.1042	0.1741	0.0409	0.0404	-1.4772	0.4323	-1.7402	0.2670	-1.6764	175.5294	305.3080	193.3026	73.9247	1.4817	1.1259	91.5416
46.0583	9998.0000	-0.0790	1.0795	0.0000	217.9390	158.4200	230.5060	1.4105	173.5200	73.0733	NOT CONNECTED	10000.0000	500.0000	0.0000	9993.3121	0.1802	0.1473	0.0393	0.0410	-1.6340	0.8313	-1.8677	0.3807	-3.4841	169.5072	309.1704	156.4290	74.0580	1.9149	1.0076	91.5416
46.3053	9998.0000	-0.0790	1.0795	0.0000	217.9390	158.4200	230.5060	1.4105	173.5200	73.0733	NOT CONNECTED	10000.0000	500.0000	0.0000	9993.3121	0.1802	0.1473	0.0393	0.0410	-1.6340	0.8313	-1.8677	0.3807	-3.4841	169.5072	309.1704	156.4290	74.0580	1.9149	1.0076	91.5416
46.6640	9998.0000	-0.0790	1.0795	0.0000	217.9390	158.4200	230.5060	1.4105	173.5200	73.0733	NOT CONNECTED	10000.0000	500.0000	0.0000	10014.9227	0.2177	0.1141	0.0402	0.0388	-1.6324	1.0472	-0.9838	0.0777	-22.5485	184.3728	308.2585	158.6699	74.1621	1.0772	1.0477	91.4520
47.0579	9993.0000	-0.0810	1.0759	0.0000	217.9460	158.9700	230.4990	1.4149	174.1200	73.1193	NOT CONNECTED	10000.0000	500.0000	0.0000	10027.5110	0.1463	0.0983	0.0399	0.0412	-0.7416	0.4095	-1.6772	0.1414	-4.3101	176.4975	308.3613	173.0327	74.2847	1.9064	1.1217	91.4520
47.2695	9993.0000	-0.0810	1.0759	0.0000	217.9460	158.9700	230.4990	1.4149	174.1200	73.1193	NOT CONNECTED	10000.0000	500.0000	0.0000	10027.5110	0.1463	0.0983	0.0399	0.0412	-0.7416	0.4095	-1.6772	0.1414	-4.3101	176.4975	308.3613	173.0327	74.2847	1.9064	1.1217	91.4520
47.8009	10001.0000	-0.0820	1.0780	0.0000	217.9280	158.7900	230.4890	1.4143	173.9200	73.0854	NOT CONNECTED	10000.0000	500.0000	0.0000	9998.8164	0.0971	0.1354	0.0402	0.0403	-1.1477	0.3291	-2.0308	0.3132	1.0196	178.6862	308.3347	176.8439	74.4049	0.8275	1.0317	91.3474
47.8753	10001.0000	-0.0820	1.0780	0.0000	217.9280	158.7900	230.4890	1.4143	173.9200	73.0854	NOT CONNECTED	10000.0000	500.0000	0.0000	9998.8164	0.0971	0.1354	0.0402	0.0403	-1.1477	0.3291	-2.0308	0.3132	1.0196	178.6862	308.3347	176.8439	74.4049	0.8275	1.0317	91.3474
48.4809	9994.0000	-0.0810	1.0732	0.0000	218.0060	158.6500	230.4750	1.4142	173.6900	73.1330	NOT CONNECTED	10000.0000	500.0000	0.0000	10028.6277	0.1398	0.0962	0.0393	0.0409	-0.8988	0.3894	-1.6656	0.1780	-10.2319	178.7308	308.4691	172.6822	74.4990	1.1084	1.0280	91.2564
48.6879	9994.0000	-0.0810	1.0732	0.0000	218.0060	158.6500	230.4750	1.4142	173.6900	73.1330	NOT CONNECTED	10000.0000	500.0000	0.0000	10028.6277	0.1398	0.0962	0.0393	0.0409	-0.8988	0.3894	-1.6656	0.1780	-10.2319	178.7308	308.4691	172.6822	74.4990	1.1084	1.0280	91.2564
49.0871	9990.0000	-0.0900	1.0873	0.0000	217.7480	163.3100	230.4670	1.4482	178.6600	73.1545	NOT CONNECTED	10000.0000	500.0000	0.0000	10027.6765	0.1679	0.0977	0.0395	0.0417	-1.6064	0.7637	-1.6428	0.2866	-5.0060	173.2686	308.4153	176.3088	74.5905	1.9593	1.0194	91.2564
49.4252	9990.0000	-0.0900	1.0873	0.0000	217.7480	163.3100	230.4670	1.4482	178.6600	73.1545	NOT CONNECTED	10000.0000	500.0000	0.0000	10024.5291	0.2215	0.1018	0.0416	0.0393	-1.7713	0.9872	-1.0441	0.3571	-4.3764	171.2651	308.4395	170.5277	74.6740	0.9558	1.0272	91.1621
49.6919	9990.0000	-0.0900	1.0873	0.0000	217.7480	163.3100	230.4670	1.4482	178.6600	73.1545	NOT CONNECTED	10000.0000	500.0000	0.0000	10024.5291	0.2215	0.1018	0.0416	0.0393	-1.7713	0.9872	-1.0441	0.3571	-4.3764	171.2651	308.4395	170.5277	74.6740	0.9558	1.0272	91.1621
50.2799	10011.0000	-0.0980	1.0551	0.0000	218.1470	167.2100	230.4530	1.4771	182.8700	73.1692	NOT CONNECTED	10000.0000	500.0000	0.0000	9991.5449	0.0991	0.1448	0.0410	0.0401	-1.0534	0.2174	-1.9366	0.0228	-23.8626	184.6443	308.4399	162.2449	74.7639	0.9300	1.0796	91.1621
50.2820	10011.0000	-0.0980	1.0551	0.0000	218.1470	167.2100	230.4530	1.4771	182.8700	73.1692	NOT CONNECTED	10000.0000	500.0000	0.0000	9991.5449	0.0991	0.1448	0.0410	0.0401	-1.0534	0.2174	-1.9366	0.0228	-23.8626	184.6443	308.4399	162.2449	74.7639	0.9300	1.0796	91.1621
50.8876	9998.0000	-0.1100	1.0895	0.0000	217.3590	176.8100	230.4400	1.5479	192.9100	73.1891	NOT CONNECTED	10000.0000	500.0000	0.0000	9995.1014	0.0290	0.1399	0.0417	0.0410	-1.2589	0.0545	-1.8665	0.4634	12.2221	166.1770	308.5327	157.4356	74.8652	1.0574	1.0512	91.0530
51.0281	9998.0000	-0.1100	1.0895	0.0000	217.3590	176.8100	230.4400	1.5479	192.9100	73.1891	NOT CONNECTED	10000.0000	500.0000	0.0000	9995.1014	0.0290	0.1399	0.0417	0.0410	-1.2589	0.0545	-1.8665	0.4634	12.2221	166.1770	308.5327	157.4356	74.8652	1.0574	1.0512	91.0530
51.4938	9991.0000	-0.1140	1.0914	0.0000	216.5820	193.6300	230.4200	1.6709	210.7400	73.1886	NOT CONNECTED	10000.0000	500.0000	0.0000	10036.8819	0.1224	0.0862	0.0432	0.0398	-1.0447	0.3134	-1.2270	0.4067	-0.4855	170.5363	308.2800	163.9665	74.9492	0.9846	1.0483	90.9579
51.7730	9991.0000	-0.1140	1.0914	0.0000	216.5820	193.6300	230.4200	1.6709	210.7400	73.1886	NOT CONNECTED	10000.0000	500.0000	0.0000	10036.8819	0.1224	0.0862	0.0432	0.0398	-1.0447	0.3134	-1.2270	0.4067	-0.4855	170.5363	308.2800	163.9665	74.9492	0.9846	1.0483	90.9579
52.0828	9991.0000	-0.1140	1.0914	0.0000	216.5820	193.6300	230.4200	1.6709	210.7400	73.1886	NOT CONNECTED	10000.0000	500.0000	0.0000	10015.6874	0.1027	0.1174	0.0407	0.0391	-1.7037	0.4590	-1.6074	0.1104	-26.6811	186.6768	308.2226	183.3377	75.0344	1.0130	1.0532	90.9579
52.6729	9991.0000	-0.1340	1.1332	0.0000	215.5000	217.2300	230.3960	1.8410	235.4800	73.2398	NOT CONNECTED	10000.0000	500.0000	0.0000	10006.2453	0.1767	0.1333	0.0392	0.0390	-1.4169	0.7416	-1.4948	0.3067	2.0732	177.3692	307.8833	172.3380	75.1028	1.2971	1.0314	90.8628
52.6744	9991.0000	-0.1340	1.1332	0.0000	215.5000	217.2300	230.3960	1.8410	235.4800	73.2398	NOT CONNECTED	10000.0000	500.0000	0.0000	10006.2453	0.1767	0.1333	0.0392	0.0390	-1.4169	0.7416	-1.4948	0.3067	2.0732	177.3692	307.8833	172.3380	75.1028	1.2971	1.0314	90.8628
53.2617	9999.0000	-0.1610	1.1436	0.0000	214.8810	230.9900	230.3810	1.9406	250.0800	73.2189	NOT CONNECTED	10000.0000	500.0000	0.0000	9996.6424	0.2004	0.1515	0.0398	0.0386	-1.5542	0.9124	-1.6295	0.2702	0.6923	179.0284	307.4646	178.0958	75.1741	1.3442	1.1326	90.8628
53.4140	9999.0000	-0.1610	1.1436	0.0000	214.8810	230.9900	230.3810	1.9406	250.0800	73.2189	NOT CONNECTED	10000.0000	500.0000	0.0000	9996.6424	0.2004	0.1515	0.0398	0.0386	-1.5542	0.9124	-1.6295	0.2702	0.6923	179.0284	307.4646	178.0958	75.1741	1.3442	1.1326	90.8628
53.8682	9993.0000	-0.1690	1.1770	0.0000	213.8250	255.7900	230.3570	2.1212	276.1300	73.2788	NOT CONNECTED	10000.0000	500.0000	0.0000	10001.9871	0.1717	0.1546	0.0397	0.0410	-1.6100	0.7576	-1.6623	0.2656	7.6126	173.7758	306.8740	187.3260	75.2635	1.6497	1.0416	90.7581
54.2632	9993.0000	-0.1690	1.1770	0.0000	213.8250	255.7900	230.3570	2.1212	276.1300	73.2788	NOT CONNECTED	10000.0000	500.0000	0.0000	10020.6054	0.1431	0.1416	0.0418	0.0384	-1.3359	0.5601	-1.3065	0.2559	-16.4848	178.5654	305.6827	211.1720	75.3379	1.2279	1.0722	90.6684
54.4739	9993.0000	-0.1690	1.1770	0.0000	213.8250	255.7900	230.3570	2.1212	276.1300	73.2788	NOT CONNECTED	10000.0000	500.0000	0.0000	10020.6054	0.1431	0.1416	0.0418	0.0384	-1.3359	0.5601	-1.3065	0.2559	-16.4848	178.5654	305.6827	211.1720	75.3379	1.2279	1.0722	90.6684
55.0123	9992.0000	-0.2070	1.2043	0.0000	212.9510	272.7500	230.3430	2.2451	294.3500	73.2895	NOT CONNECTED	10000.0000	500.0000	0.0000	9988.0945	0.2091	0.1947	0.0416	0.0401	-1.4403	0.8472	-1.7336	0.4029	-8.8543	167.4401	305.1026	221.5306	75.4191	1.1548	1.0838	90.6684
55.0790	9992.0000	-0.2070	1.2043	0.0000	212.9510	272.7500	230.3430	2.2451	294.3500	73.2895	NOT CONNECTED	10000.0000	500.0000	0.0000	9988.0945	0.2091	0.1947	0.0416	0.0401	-1.4403	0.8472	-1.7336	0.4029	-8.8543	167.4401	305.1026	221.5306	75.4191	1.1548	1.0838	90.6684
55.6851	10007.0000	-0.2170	1.2493	0.0000	211.5830	301.4400	230.3190	2.4576	324.8300	73.3918	0.0000	10000.0000	500.0000	0.0000	9971.1827	0.1357	0.2302	0.0377	0.0412	-1.5198	0.4849	-1.4940	0.5460	12.0210	170.8120	304.2933	260.0136	75.5015	2.0448	1.1035	90.5838
55.7629	10007.0000	-0.2170	1.2493	0.0000	211.5830	301.4400	230.3190	2.4576	324.8300	73.3918	0.0000	10000.0000	500.0000	0.0000	9971.1827	0.1357	0.2302	0.0377	0.0412	-1.5198	0.4849	-1.4940	0.5460	12.0210	170.8120	304.2933	260.0136	75.5015	2.0448	1.1035	90.5838
56.2908	9997.0000	-0.2250	1.2631	0.0000	211.3790	309.9900	230.3110	2.5232	333.9300	73.3814	0.0000	10000.0000	500.0000	0.0000	10003.8872	0.2814	0.2023	0.0385	0.0383	-1.3311	1.2882	-1.7028	0.5706	-3.1169	158.5581	303.8336	265.4370	75.5988	1.5775	1.1727	90.5838
56.4943	9997.0000	-0.2250	1.2631	0.0000	211.3790	309.9900	230.3110	2.5232	333.9300	73.3814	0.0000	10000.0000	500.0000	0.0000	10003.8872	0.2814	0.2023	0.0385	0.0383	-1.3311	1.2882	-1.7028	0.5706	-3.1169	158.5581	303.8336	265.4370	75.5988	1.5775	1.1727	90.5838
56.8953	10001.0000	-0.2250	1.2886	0.0000	210.8030	324.0100	230.2920	2.6318	348.3000	73.4379	0.0000	10000.0000	500.0000	0.0000	10012.2999	0.2334	0.2034	0.0422	0.0408	-1.3764	0.9819	-1.4481	0.4871	-23.8349	169.4357	302.7086	269.5488	75.7077	1.5169	1.1336	90.4963
57.2266	10001.0000	-0.2250	1.2886	0.0000	210.8030	324.0100	230.2920	2.6318	348.3000	73.4379	0.0000	10000.0000	500.0000	0.0000	9991.8923	0.2742	0.2510	0.0391	0.0363	-1.5051	1.2500	-1.5620	0.5422	-16.4379	171.0309	301.5228	289.8889	75.8135	1.8752	1.1914	90.4286
57.5015	10001.0000	-0.2250	1.2886	0.0000	210.8030	324.0100	230.2920	2.6318	348.3000	73.4379	0.0000	10000.0000	500.0000	0.0000	9991.8923	0.2742	0.2510	0.0391	0.0363	-1.5051	1.2500	-1.5620	0.5422	-16.4379	171.0309	301.5228	289.8889	75.8135	1.8752	1.1914	90.4286
57.9554	9998.0000	-0.2310	1.2917	0.0000	210.5930	326.8500	230.2830	2.6570	351.5000	73.4839	0.0000	10000.0000	500.0000	0.0000	9994.9464	0.2570	0.2627	0.0403	0.0397	-1.3424	1.1520	-1.5836	0.6244	-7.0389	168.3419	301.1167	319.6863	75.9381	1.6165	1.2171	90.4286
58.1080	9998.0000	-0.2310	1.2917	0.0000	210.5930	326.8500	230.2830	2.6570	351.5000	73.4839	0.0000	10000.0000	500.0000	0.0000	9994.9464	0.2570	0.2627	0.0403	0.0397	-1.3424	1.1520	-1.5836	0.6244	-7.0389	168.3419	301.1167	319.6863	75.9381	1.6165	1.2171	90.4286
58.7007	9997.0000	-0.2320	1.2935	0.0000	211.0090	328.3300	230.2680	2.6736	352.5600	73.5415	1.0000	10000.0000	500.0000	0.0000	10006.8678	0.2887	0.2579	0.0350	0.0393	-1.1672	1.1756	-1.9925	0.4842	-11.3714	175.8421	300.3605	344.8446	76.0674	2.2451	1.2255	90.3740
58.7133	9997.0000	-0.2320	1.2935	0.0000	211.0090	328.3300	230.2680	2.6736	352.5600	73.5415	1.0000	10000.0000	500.0000	0.0000	10006.8678	0.2887	0.2579	0.0350	0.0393	-1.1672	1.1756	-1.9925	0.4842	-11.3714	175.8421	300.3605	344.8446	76.0674	2.2451	1.2255	90.3740
59.3193	10000.0000	-0.2320	1.2986	0.0000	210.6030	331.3000	230.2580	2.7038	355.7400	73.6327	1.0000	10000.0000	500.0000	0.0000	10004.5656	0.2771	0.2679	0.0381	0.0391	-1.2170	1.1449	-1.6953	0.5630	-0.3373	165.2039	300.2064	321.9306	76.2104	1.5642	1.3269	90.3740
59.5584	10000.0000	-0.2320	1.2986	0.0000	210.6030	331.3000	230.2580	2.7038	355.7400	73.6327	1.0000	10000.0000	500.0000	0.0000	10004.5656	0.2771	0.2679	0.0381	0.0391	-1.2170	1.1449	-1.6953	0.5630	-0.3373	165.2039	300.2064	321.9306	76.2104	1.5642	1.3269	90.3740
59.9249	10000.0000	-0.2320	1.2986	0.0000	210.6030	331.3000	230.2580	2.7038	355.7400	73.6327	1.0000	10000.0000	500.0000	0.0000	10004.1553	0.2404	0.2734	0.0401	0.0405	-1.2138	1.0325	-1.5554	0.5382	-9.8010	171.7823	300.0922	344.3433	76.3653	1.5252	1.2378	90.3184
60.2981	10009.0000	-0.2330	1.2932	0.0000	210.9520	329.6800	230.2420	2.6974	353.6600	73.6985	1.0000	10000.0000	500.0000	0.0000	9984.6522	0.3182	0.3021	0.0375	0.0371	-1.6514	1.4565	-1.9490	0.7057	2.8475	154.8241	300.0344	338.6009	76.4951	2.1595	1.2647	90.2739
60.5299	10009.0000	-0.2330	1.2932	0.0000	210.9520	329.6800	230.2420	2.6974	353.6600	73.6985	1.0000	10000.0000	500.0000	0.0000	9984.6522	0.3182	0.3021	0.0375	0.0371	-1.6514	1.4565	-1.9490	0.7057	2.8475	154.8241	300.0344	338.6009	76.4951	2.1595	1.2647	90.2739
61.0413	9999.0000	-0.2310	1.2944	0.0000	210.9200	330.4200	230.2350	2.7066	354.3800	73.7659	1.0000	10000.0000	500.0000	0.0000	9989.8884	0.2479	0.2961	0.0374	0.0403	-1.3032	1.0142	-1.8627	0.5080	2.8830	172.3834	300.1207	340.0294	76.6379	1.7269	1.2913	90.2739
61.1360	9999.0000	-0.2310	1.2944	0.0000	210.9200	330.4200	230.2350	2.7066	354.3800	73.7659	1.0000	10000.0000	500.0000	0.0000	9989.8884	0.2479	0.2961	0.0374	0.0403	-1.3032	1.0142	-1.8627	0.5080	2.8830	172.3834	300.1207	340.0294	76.6379	1.7269	1.2913	90.2739
61.7417	9993.0000	-0.2350	1.2992	0.0000	210.7440	331.8500	230.2190	2.7232	355.6600	73.8238	1.0000	10000.0000	500.0000	0.0000	10007.4821	0.3163	0.2759	0.0399	0.0360	-1.2497	1.4466	-1.4930	0.5644	-1.7161	174.7775	300.3696	327.7848	76.7789	1.7965	1.2800	90.2435
61.7852	9993.0000	-0.2350	1.2992	0.0000	210.7440	331.8500	230.2190	2.7232	355.6600	73.8238	1.0000	10000.0000	500.0000	0.0000	10007.4821	0.3163	0.2759	0.0399	0.0360	-1.2497	1.4466	-1.4930	0.5644	-1.7161	174.7775	300.3696	327.7848	76.7789	1.7965	1.2800	90.2435
62.3467	10004.0000	-0.2340	1.2973	0.0000	211.1080	331.5400	230.2120	2.7227	355.1100	73.9101	1.0000	10000.0000	500.0000	0.0000	9999.3177	0.2883	0.2862	0.0383	0.0392	-1.3280	1.2789	-1.8470	0.6940	-15.8832	165.4709	300.2974	346.4892	76.9136	1.9257	1.3137	90.2435
62.5201	10004.0000	-0.2340	1.2973	0.0000	211.1080	331.5400	230.2120	2.7227	355.1100	73.9101	1.0000	10000.0000	500.0000	0.0000	9999.3177	0.2883	0.2862	0.0383	0.0392	-1.3280	1.2789	-1.8470	0.6940	-15.8832	165.4709	300.2974	346.4892	76.9136	1.9257	1.3137	90.2435
62.9532	10002.0000	-0.2320	1.2969	0.0000	211.1400	331.5700	230.1970	2.7274	354.9700	73.9870	1.0000	10000.0000	500.0000	0.0000	10000.2805	0.3195	0.2848	0.0408	0.0357	-1.5150	1.4918	-1.6787	0.5271	-10.1302	179.2645	300.3497	352.3807	77.0407	1.6759	1.2524	90.1996
63.2629	10002.0000	-0.2320	1.2969	0.0000	211.1400	331.5700	230.1970	2.7274	354.9700	73.9870	1.0000	10000.0000	500.0000	0.0000	9998.4959	0.2841	0.2873	0.0397	0.0386	-1.3562	1.2803	-1.7646	0.6683	-16.7256	163.0672	300.5481	346.3530	77.1506	1.7081	1.2576	90.1675
63.5575	10002.0000	-0.2320	1.2969	0.0000	211.1400	331.5700	230.1970	2.7274	354.9700	73.9870	1.0000	10000.0000	500.0000	0.0000	9998.4959	0.2841	0.2873	0.0397	0.0386	-1.3562	1.2803	-1.7646	0.6683	-16.7256	163.0672	300.5481	346.3530	77.1506	1.7081	1.2576	90.1675
63.9893	9991.0000	-0.2350	1.2992	0.0000	211.0540	332.8300	230.1880	2.7373	356.2200	74.0264	1.0000	10000.0000	500.0000	0.0000	9996.3254	0.2885	0.2907	0.0403	0.0389	-1.3752	1.2614	-1.3543	0.7244	-15.4312	163.0979	300.5100	347.2326	77.2515	1.7751	1.2584	90.1675
64.1476	9991.0000	-0.2350	1.2992	0.0000	211.0540	332.8300	230.1880	2.7373	356.2200	74.0264	1.0000	10000.0000	500.0000	0.0000	9996.3254	0.2885	0.2907	0.0403	0.0389	-1.3752	1.2614	-1.3543	0.7244	-15.4312	163.0979	300.5100	347.2326	77.2515	1.7751	1.2584	90.1675
64.7241	9996.0000	-0.2330	1.3000	0.0000	211.1780	334.2200	230.1740	2.7502	357.7400	74.0615	2.0000	10000.0000	500.0000	0.0000	10007.4950	0.3259	0.2768	0.0403	0.0376	-1.4155	1.4878	-1.5138	0.5235	-14.5731	175.4848	300.3642	357.8830	77.3526	1.7422	1.2739	90.1340
64.7533	9996.0000	-0.2330	1.3000	0.0000	211.1780	334.2200	230.1740	2.7502	357.7400	74.0615	2.0000	10000.0000	500.0000	0.0000	10007.4950	0.3259	0.2768	0.0403	0.0376	-1.4155	1.4878	-1.5138	0.5235	-14.5731	175.4848	300.3642	357.8830	77.3526	1.7422	1.2739	90.1340
65.3584	9999.0000	-0.2330	1.3004	0.0000	210.8440	334.3700	230.1670	2.7578	357.8900	74.1716	2.0000	10000.0000	500.0000	0.0000	9986.9486	0.2701	0.3038	0.0379	0.0381	-1.2248	1.1515	-1.7273	0.6974	-21.9399	159.3560	300.3706	327.6564	77.4668	1.7158	1.2879	90.1340
65.6051	9999.0000	-0.2330	1.3004	0.0000	210.8440	334.3700	230.1670	2.7578	357.8900	74.1716	2.0000	10000.0000	500.0000	0.0000	9986.9486	0.2701	0.3038	0.0379	0.0381	-1.2248	1.1515	-1.7273	0.6974	-21.9399	159.3560	300.3706	327.6564	77.4668	1.7158	1.2879	90.1340
65.9652	9999.0000	-0.2330	1.3004	0.0000	210.8440	334.3700	230.1670	2.7578	357.8900	74.1716	2.0000	10000.0000	500.0000	0.0000	10001.7470	0.2754	0.2846	0.0356	0.0408	-1.2503	1.1574	-1.8236	0.6258	-13.1597	171.9989	300.3606	342.3695	77.5655	1.8837	1.2540	90.0888
66.3346	9992.0000	-0.2330	1.2982	0.0000	210.9750	333.1200	230.1570	2.7505	356.3800	74.2331	2.0000	10000.0000	500.0000	0.0000	10001.7470	0.2754	0.2846	0.0356	0.0408	-1.2503	1.1574	-1.8236	0.6258	-13.1597	171.9989	300.3606	342.3695	77.5655	1.8837	1.2540	90.0888
67.0654	10015.0000	-0.2350	1.2996	0.0000	210.9470	334.0900	230.1510	2.7617	357.3800	74.2918	2.0000	10000.0000	500.0000	0.0000	10004.7638	0.2895	0.2821	0.0377	0.0373	-1.3178	1.3354	-1.8511	0.5832	18.6029	165.6255	300.3163	344.6669	77.7260	1.8785	1.2449	90.0477
67.0801	10015.0000	-0.2350	1.2996	0.0000	210.9470	334.0900	230.1510	2.7617	357.3800	74.2918	2.0000	10000.0000	500.0000	0.0000	10004.7638	0.2895	0.2821	0.0377	0.0373	-1.3178	1.3354	-1.8511	0.5832	18.6029	165.6255	300.3163	344.6669	77.7260	1.8785	1.2449	90.0477
67.6855	9999.0000	-0.2340	1.2960	0.0000	211.1990	332.5900	230.1440	2.7525	355.6500	74.3310	2.0000	10000.0000	500.0000	0.0000	9996.9991	0.2570	0.2936	0.0356	0.0402	-1.2638	1.1421	-1.9403	0.6526	-11.0077	168.1843	300.3960	356.2234	77.8057	2.1986	1.2563	90.0048
67.8010	9999.0000	-0.2340	1.2960	0.0000	211.1990	332.5900	230.1440	2.7525	355.6500	74.3310	2.0000	10000.0000	500.0000	0.0000	9996.9991	0.2570	0.2936	0.0356	0.0402	-1.2638	1.1421	-1.9403	0.6526	-11.0077	168.1843	300.3960	356.2234	77.8057	2.1986	1.2563	90.0048
68.2917	10013.0000	-0.2340	1.2951	0.0000	211.2150	332.3400	230.1410	2.7511	355.3100	74.3998	2.0000	10000.0000	500.0000	0.0000	9996.3184	0.3253	0.2945	0.0398	0.0356	-1.2672	1.4464	-1.4900	0.4534	3.0273	179.0208	300.4576	336.2267	77.8925	1.6964	1.3109	90.0048
68.5506	10013.0000	-0.2340	1.2951	0.0000	211.2150	332.3400	230.1410	2.7511	355.3100	74.3998	2.0000	10000.0000	500.0000	0.0000	9996.3184	0.3253	0.2945	0.0398	0.0356	-1.2672	1.4464	-1.4900	0.4534	3.0273	179.0208	300.4576	336.2267	77.8925	1.6964	1.3109	90.0048
68.8979	10013.0000	-0.2340	1.2951	0.0000	211.2150	332.3400	230.1410	2.7511	355.3100	74.3998	2.0000	10000.0000	500.0000	0.0000	10006.5403	0.2626	0.2810	0.0360	0.0393	-1.5002	1.1550	-1.8178	0.6474	-20.9740	163.6217	300.5018	332.7865	77.9956	1.9275	1.2934	89.9549
69.2974	9996.0000	-0.2330	1.2989	0.0000	211.0190	333.9500	230.1330	2.7675	357.0300	74.4766	2.0000	10000.0000	500.0000	0.0000	9992.6558	0.3388	0.2989	0.0366	0.0382	-1.4012	1.5684	-1.8577	0.5439	-20.2659	173.7073	300.5576	346.8788	78.0906	1.9343	1.2918	89.9173
69.5033	9996.0000	-0.2330	1.2989	0.0000	211.0190	333.9500	230.1330	2.7675	357.0300	74.4766	2.0000	10000.0000	500.0000	0.0000	9992.6558	0.3388	0.2989	0.0366	0.0382	-1.4012	1.5684	-1.8577	0.5439	-20.2659	173.7073	300.5576	346.8788	78.0906	1.9343	1.2918	89.9173
70.0443	10003.0000	-0.2330	1.2997	0.0000	211.0170	334.1500	230.1340	2.7710	357.2000	74.5042	2.0000	10000.0000	500.0000	0.0000	10005.6730	0.2986	0.2815	0.0406	0.0385	-1.2543	1.2441	-1.6286	0.6955	-21.8703	160.3339	300.5591	335.3713	78.1867	1.6405	1.2977	89.9173
70.1080	10003.0000	-0.2330	1.2997	0.0000	211.0170	334.1500	230.1340	2.7710	357.2000	74.5042	2.0000	10000.0000	500.0000	0.0000	10005.6730	0.2986	0.2815	0.0406	0.0385	-1.2543	1.2441	-1.6286	0.6955	-21.8703	160.3339	300.5591	335.3713	78.1867	1.6405	1.2977	89.9173
70.7133	9994.0000	-0.2320	1.2980	0.0000	211.1400	333.4700	230.1300	2.7655	356.3700	74.5968	3.0000	10000.0000	500.0000	0.0000	10001.2725	0.2625	0.3030	0.0361	0.0409	-1.4456	1.1339	-2.0471	0.6058	4.6942	173.0947	300.6390	346.2147	78.2787	2.0789	1.2971	89.8827
70.7854	9994.0000	-0.2320	1.2980	0.0000	211.1400	333.4700	230.1300	2.7655	356.3700	74.5968	3.0000	10000.0000	500.0000	0.0000	10001.2725	0.2625	0.3030	0.0361	0.0409	-1.4456	1.1339	-2.0471	0.6058	4.6942	173.0947	300.6390	346.2147	78.2787	2.0789	1.2971	89.8827
71.3193	9998.0000	-0.2320	1.2978	0.0000	211.1350	333.1600	230.1330	2.7672	355.8900	74.6763	3.0000	10000.0000	500.0000	0.0000	10005.9493	0.3234	0.2817	0.0375	0.0367	-1.4284	1.5610	-1.9620	0.7203	-2.0516	156.0345	300.5404	351.2414	78.3709	1.6833	1.3217	89.8827
71.6723	9998.0000	-0.2320	1.2978	0.0000	211.1350	333.1600	230.1330	2.7672	355.8900	74.6763	3.0000	10000.0000	500.0000	0.0000	9992.6325	0.2536	0.2990	0.0380	0.0399	-1.4266	1.0680	-1.9226	0.5752	-12.4036	170.5276	300.6715	351.4935	78.4519	1.6997	1.2476	89.8452
71.9260	9998.0000	-0.2320	1.2978	0.0000	211.1350	333.1600	230.1330	2.7672	355.8900	74.6763	3.0000	10000.0000	500.0000	0.0000	9992.6325	0.2536	0.2990	0.0380	0.0399	-1.4266	1.0680	-1.9226	0.5752	-12.4036	170.5276	300.6715	351.4935	78.4519	1.6997	1.2476	89.8452
72.4094	9993.0000	-0.2310	1.2963	0.0000	211.2360	333.0700	230.1350	2.7701	355.8500	74.7612	3.0000	10000.0000	500.0000	0.0000	10009.0850	0.3159	0.2776	0.0401	0.0352	-1.4013	1.5364	-1.6466	0.4764	-4.2627	179.0892	300.7144	355.2509	78.5078	1.4896	1.2465	89.8154
72.5310	9993.0000	-0.2310	1.2963	0.0000	211.2360	333.0700	230.1350	2.7701	355.8500	74.7612	3.0000	10000.0000	500.0000	0.0000	10009.0850	0.3159	0.2776	0.0401	0.0352	-1.4013	1.5364	-1.6466	0.4764	-4.2627	179.0892	300.7144	355.2509	78.5078	1.4896	1.2465	89.8154
73.1374	10009.0000	-0.2320	1.2944	0.0000	211.3680	332.6700	230.1420	2.7644	355.3000	74.7854	3.0000	10000.0000	500.0000	0.0000	9999.3177	0.2816	0.2902	0.0362	0.0393	-1.4038	1.1749	-1.9497	0.7155	-12.0593	165.3131	300.7744	347.6846	78.5603	2.1519	1.2427	89.8154
73.1664	10009.0000	-0.2320	1.2944	0.0000	211.3680	332.6700	230.1420	2.7644	355.3000	74.7854	3.0000	10000.0000	500.0000	0.0000	9999.3177	0.2816	0.2902	0.0362	0.0393	-1.4038	1.1749	-1.9497	0.7155	-12.0593	165.3131	300.7744	347.6846	78.5603	2.1519	1.2427	89.8154
73.7429	9987.0000	-0.2320	1.2974	0.0000	211.1730	333.2100	230.1470	2.7693	355.9000	74.8514	3.0000	10000.0000	500.0000	0.0000	9997.5598	0.2945	0.2928	0.0399	0.0402	-1.2523	1.2545	-1.5152	0.5003	-1.4925	177.5942	300.6960	365.5003	78.6104	1.8559	1.2458	89.7814
73.9034	9987.0000	-0.2320	1.2974	0.0000	211.1730	333.2100	230.1470	2.7693	355.9000	74.8514	3.0000	10000.0000	500.0000	0.0000	9997.5598	0.2945	0.2928	0.0399	0.0402	-1.2523	1.2545	-1.5152	0.5003	-1.4925	177.5942	300.6960	365.5003	78.6104	1.8559	1.2458	89.7814
74.3485	9999.0000	-0.2320	1.2933	0.0000	211.4170	332.5900	230.1600	2.7686	355.1400	74.9062	3.0000	10000.0000	500.0000	0.0000	9996.1878	0.2929	0.2944	0.0377	0.0390	-1.2855	1.2270	-1.9163	0.6565	-21.8696	160.3489	300.6275	333.6830	78.6732	2.1424	1.3075	89.7814
74.6728	9999.0000	-0.2320	1.2933	0.0000	211.4170	332.5900	230.1600	2.7686	355.1400	74.9062	3.0000	10000.0000	500.0000	0.0000	9998.7651	0.2603	0.2909	0.0398	0.0408	-1.3442	1.0385	-1.5541	0.6456	-24.7179	170.1163	300.6899	344.2761	78.7521	1.8932	1.2928	89.7316
74.9544	9999.0000	-0.2320	1.2933	0.0000	211.4170	332.5900	230.1600	2.7686	355.1400	74.9062	3.0000	10000.0000	500.0000	0.0000	9998.7651	0.2603	0.2909	0.0398	0.0408	-1.3442	1.0385	-1.5541	0.6456	-24.7179	170.1163	300.6899	344.2761	78.7521	1.8932	1.2928	89.7316
75.4124	10004.0000	-0.2320	1.2930	0.0000	211.4260	332.3500	230.1690	2.7666	354.9300	74.9288	3.0000	10000.0000	500.0000	0.0000	10003.5491	0.2812	0.2844	0.0393	0.0373	-1.6072	1.3036	-1.5178	0.7073	-8.8219	155.0923	300.7592	333.1318	78.8250	1.8562	1.2957	89.6956
75.5597	10004.0000	-0.2320	1.2930	0.0000	211.4260	332.3500	230.1690	2.7666	354.9300	74.9288	3.0000	10000.0000	500.0000	0.0000	10003.5491	0.2812	0.2844	0.0393	0.0373	-1.6072	1.3036	-1.5178	0.7073	-8.8219	155.0923	300.7592	333.1318	78.8250	1.8562	1.2957	89.6956
76.1636	9988.0000	-0.2320	1.2907	0.0000	211.6950	332.0600	230.1860	2.7639	354.4200	74.9815	3.0000	10000.0000	500.0000	0.0000	10004.4094	0.2283	0.2835	0.0358	0.0400	-1.3282	0.9408	-2.0160	0.5845	-24.5417	169.5998	300.7926	339.1105	78.8990	2.0068	1.2911	89.6956
76.1654	9988.0000	-0.2320	1.2907	0.0000	211.6950	332.0600	230.1860	2.7639	354.4200	74.9815	3.0000	10000.0000	500.0000	0.0000	10004.4094	0.2283	0.2835	0.0358	0.0400	-1.3282	0.9408	-2.0160	0.5845	-24.5417	169.5998	300.7926	339.1105	78.8990	2.0068	1.2911	89.6956
76.7703	10000.0000	-0.2300	1.2919	0.0000	211.6650	332.5500	230.1970	2.7679	355.0700	75.0650	4.0000	10000.0000	500.0000	0.0000	10000.9287	0.3165	0.2927	0.0373	0.0353	-1.3853	1.5287	-1.9386	0.4770	-1.8076	178.8621	300.8481	342.0391	78.9659	2.1002	1.2945	89.6631
76.9033	10000.0000	-0.2300	1.2919	0.0000	211.6650	332.5500	230.1970	2.7679	355.0700	75.0650	4.0000	10000.0000	500.0000	0.0000	10000.9287	0.3165	0.2927	0.0373	0.0353	-1.3853	1.5287	-1.9386	0.4770	-1.8076	178.8621	300.8481	342.0391	78.9659	2.1002	1.2945	89.6631
77.3765	10004.0000	-0.2330	1.2931	0.0000	211.4680	332.5300	230.2180	2.7691	354.9600	75.1296	4.0000	10000.0000	500.0000	0.0000	9996.5690	0.2952	0.2936	0.0403	0.0391	-1.2280	1.3265	-1.6859	0.6681	-13.6462	166.6684	300.8936	346.9526	79.0356	1.5938	1.3215	89.6631
77.7774	10004.0000	-0.2330	1.2931	0.0000	211.4680	332.5300	230.2180	2.7691	354.9600	75.1296	4.0000	10000.0000	500.0000	0.0000	9993.3832	0.3455	0.2974	0.0398	0.0356	-1.2598	1.7052	-1.6940	0.5048	-10.2656	175.1181	300.9563	353.7578	79.0833	1.7158	1.2359	89.6261
77.9823	10004.0000	-0.2330	1.2931	0.0000	211.4680	332.5300	230.2180	2.7691	354.9600	75.1296	4.0000	10000.0000	500.0000	0.0000	9993.3832	0.3455	0.2974	0.0398	0.0356	-1.2598	1.7052	-1.6940	0.5048	-10.2656	175.1181	300.9563	353.7578	79.0833	1.7158	1.2359	89.6261
78.5879	9998.0000	-0.2320	1.2923	0.0000	211.6980	332.4300	230.2400	2.7667	354.8500	75.2064	4.0000	10000.0000	500.0000	0.0000	9987.1374	0.2646	0.3055	0.0365	0.0392	-1.3469	1.0777	-1.8887	0.6217	-13.8168	164.4953	300.9370	343.4581	79.1106	2.0311	1.2360	89.5938
79.0354	9998.0000	-0.2320	1.2923	0.0000	211.6980	332.4300	230.2400	2.7667	354.8500	75.2064	4.0000	10000.0000	500.0000	0.0000	9991.7489	0.2888	0.2993	0.0360	0.0409	-1.1710	1.1676	-1.9798	0.5849	-9.6967	174.3872	300.9803	353.5894	79.1387	1.9354	1.2329	89.5938
79.1937	9998.0000	-0.2320	1.2923	0.0000	211.6980	332.4300	230.2400	2.7667	354.8500	75.2064	4.0000	10000.0000	500.0000	0.0000	9991.7489	0.2888	0.2993	0.0360	0.0409	-1.1710	1.1676	-1.9798	0.5849	-9.6967	174.3872	300.9803	353.5894	79.1387	1.9354	1.2329	89.5938
79.7766	9994.0000	-0.2330	1.2910	0.0000	211.7850	331.9700	230.2620	2.7641	354.1900	75.2406	4.0000	10000.0000	500.0000	0.0000	10007.3469	0.3141	0.2793	0.0394	0.0367	-1.4919	1.4609	-1.5587	0.7156	-19.7621	155.8702	300.9653	348.5609	79.1651	1.6009	1.2379	89.5563
79.7995	9994.0000	-0.2330	1.2910	0.0000	211.7850	331.9700	230.2620	2.7641	354.1900	75.2406	4.0000	10000.0000	500.0000	0.0000	10007.3469	0.3141	0.2793	0.0394	0.0367	-1.4919	1.4609	-1.5587	0.7156	-19.7621	155.8702	300.9653	348.5609	79.1651	1.6009	1.2379	89.5563
80.4053	10007.0000	-0.2300	1.2921	0.0000	211.7460	332.1800	230.2730	2.7651	354.4000	75.2714	4.0000	10000.0000	500.0000	0.0000	9997.1332	0.2468	0.2925	0.0379	0.0404	-1.4768	1.0557	-1.8737	0.5419	2.9842	171.5311	301.1205	342.9370	79.2094	1.5934	1.3161	89.5563
80.5226	10007.0000	-0.2300	1.2921	0.0000	211.7460	332.1800	230.2730	2.7651	354.4000	75.2714	4.0000	10000.0000	500.0000	0.0000	9997.1332	0.2468	0.2925	0.0379	0.0404	-1.4768	1.0557	-1.8737	0.5419	2.9842	171.5311	301.1205	342.9370	79.2094	1.5934	1.3161	89.5563
81.0108	9997.0000	-0.2310	1.2907	0.0000	211.8150	331.8400	230.2960	2.7677	354.0300	75.3054	4.0000	10000.0000	500.0000	0.0000	10041.0562	0.3127	0.2349	0.0364	0.0361	-1.5166	1.4743	-2.1470	0.5712	2.1415	173.0855	301.1465	342.9753	79.2746	2.0158	1.2953	89.5053
81.2619	9997.0000	-0.2310	1.2907	0.0000	211.8150	331.8400	230.2960	2.7677	354.0300	75.3054	4.0000	10000.0000	500.0000	0.0000	10041.0562	0.3127	0.2349	0.0364	0.0361	-1.5166	1.4743	-2.1470	0.5712	2.1415	173.0855	301.1465	342.9753	79.2746	2.0158	1.2953	89.5053
81.6160	9997.0000	-0.2310	1.2907	0.0000	211.8150	331.8400	230.2960	2.7677	354.0300	75.3054	4.0000	10000.0000	500.0000	0.0000	10005.5704	0.2801	0.2810	0.0377	0.0393	-1.4783	1.2183	-1.7157	0.6523	-26.5065	163.2213	301.2585	338.2720	79.3327	1.7601	1.2967	89.4722
81.9956	10009.0000	-0.2320	1.2902	0.0000	211.6750	332.1600	230.3080	2.7685	354.3000	75.3600	4.0000	10000.0000	500.0000	0.0000	9991.2162	0.3399	0.2994	0.0380	0.0381	-1.3877	1.4583	-1.7911	0.5364	-27.1833	173.3790	301.1749	353.5977	79.3872	2.0369	1.2902	89.4722
82.2209	10009.0000	-0.2320	1.2902	0.0000	211.6750	332.1600	230.3080	2.7685	354.3000	75.3600	4.0000	10000.0000	500.0000	0.0000	9991.2162	0.3399	0.2994	0.0380	0.0381	-1.3877	1.4583	-1.7911	0.5364	-27.1833	173.3790	301.1749	353.5977	79.3872	2.0369	1.2902	89.4722
82.7254	9999.0000	-0.2330	1.2916	0.0000	211.5080	331.0900	230.3250	2.7657	353.1700	75.4203	5.0000	10000.0000	500.0000	0.0000	9996.4524	0.2732	0.2927	0.0399	0.0387	-1.2911	1.0938	-1.6864	0.7190	-11.2566	163.1633	301.2177	346.8641	79.4385	1.5046	1.2931	89.4431
82.8277	9999.0000	-0.2330	1.2916	0.0000	211.5080	331.0900	230.3250	2.7657	353.1700	75.4203	5.0000	10000.0000	500.0000	0.0000	9996.4524	0.2732	0.2927	0.0399	0.0387	-1.2911	1.0938	-1.6864	0.7190	-11.2566	163.1633	301.2177	346.8641	79.4385	1.5046	1.2931	89.4431
83.4329	9992.0000	-0.2320	1.2918	0.0000	211.4660	330.9800	230.3350	2.7647	353.0700	75.4482	5.0000	10000.0000	500.0000	0.0000	9995.5513	0.2912	0.2937	0.0359	0.0399	-1.3805	1.2173	-1.7200	0.5774	-8.6358	174.6629	301.2379	348.8985	79.4922	2.2897	1.2821	89.4431
83.6058	9992.0000	-0.2320	1.2918	0.0000	211.4660	330.9800	230.3350	2.7647	353.0700	75.4482	5.0000	10000.0000	500.0000	0.0000	9995.5513	0.2912	0.2937	0.0359	0.0399	-1.3805	1.2173	-1.7200	0.5774	-8.6358	174.6629	301.2379	348.8985	79.4922	2.2897	1.2821	89.4431
84.0380	10000.0000	-0.2310	1.2860	0.0000	211.7850	330.4800	230.3530	2.7633	352.5000	75.5047	5.0000	10000.0000	500.0000	0.0000	9986.2620	0.2899	0.3053	0.0388	0.0378	-1.3424	1.2278	-1.6902	0.6775	5.5892	160.4279	301.3627	334.0939	79.5158	1.8752	1.2345	89.4069
84.3529	10000.0000	-0.2310	1.2860	0.0000	211.7850	330.4800	230.3530	2.7633	352.5000	75.5047	5.0000	10000.0000	500.0000	0.0000	9998.4119	0.2370	0.2886	0.0390	0.0403	-1.2227	0.9759	-1.7607	0.6473	-21.7274	171.6539	301.4521	333.0288	79.5327	1.8781	1.2459	89.3705
84.6447	10000.0000	-0.2310	1.2860	0.0000	211.7850	330.4800	230.3530	2.7633	352.5000	75.5047	5.0000	10000.0000	500.0000	0.0000	9998.4119	0.2370	0.2886	0.0390	0.0403	-1.2227	0.9759	-1.7607	0.6473	-21.7274	171.6539	301.4521	333.0288	79.5327	1.8781	1.2459	89.3705
85.0843	9993.0000	-0.2290	1.2841	0.0000	211.8670	329.7300	230.3630	2.7576	351.7400	75.5374	5.0000	10000.0000	500.0000	0.0000	10006.6079	0.3400	0.2775	0.0398	0.0363	-1.1525	1.4887	-1.4117	0.5691	-14.5064	176.6232	301.6126	328.6319	79.5542	1.7137	1.2448	89.3705
85.2507	9993.0000	-0.2290	1.2841	0.0000	211.8670	329.7300	230.3630	2.7576	351.7400	75.5374	5.0000	10000.0000	500.0000	0.0000	10006.6079	0.3400	0.2775	0.0398	0.0363	-1.1525	1.4887	-1.4117	0.5691	-14.5064	176.6232	301.6126	328.6319	79.5542	1.7137	1.2448	89.3705
85.8237	10003.0000	-0.2290	1.2826	0.0000	211.8620	328.9000	230.3750	2.7521	350.8800	75.5803	5.0000	10000.0000	500.0000	0.0000	9990.2906	0.3117	0.2984	0.0398	0.0362	-1.3926	1.4751	-1.6710	0.4802	-3.0325	178.0986	301.7083	342.4278	79.5761	1.8010	1.2526	89.3297
85.8397	10003.0000	-0.2290	1.2826	0.0000	211.8620	328.9000	230.3750	2.7521	350.8800	75.5803	5.0000	10000.0000	500.0000	0.0000	9990.2906	0.3117	0.2984	0.0398	0.0362	-1.3926	1.4751	-1.6710	0.4802	-3.0325	178.0986	301.7083	342.4278	79.5761	1.8010	1.2526	89.3297
86.4456	9995.0000	-0.2320	1.2829	0.0000	211.8600	329.1300	230.3800	2.7546	351.0400	75.6266	5.0000	10000.0000	500.0000	0.0000	9989.7148	0.2394	0.2989	0.0385	0.0403	-1.3846	0.9842	-1.8253	0.6758	-15.7561	167.9592	301.6496	349.5804	79.6227	1.8228	1.2866	89.3297
86.5695	9995.0000	-0.2320	1.2829	0.0000	211.8600	329.1300	230.3800	2.7546	351.0400	75.6266	5.0000	10000.0000	500.0000	0.0000	9989.7148	0.2394	0.2989	0.0385	0.0403	-1.3846	0.9842	-1.8253	0.6758	-15.7561	167.9592	301.6496	349.5804	79.6227	1.8228	1.2866	89.3297
87.0515	10011.0000	-0.2290	1.2845	0.0000	211.8880	330.2100	230.3890	2.7608	352.1200	75.6537	5.0000	10000.0000	500.0000	0.0000	9997.7020	0.3187	0.2883	0.0387	0.0358	-1.4411	1.4587	-1.6739	0.5541	-14.2392	175.8155	301.6098	355.2495	79.6511	1.7414	1.2473	89.2834
87.3171	10011.0000	-0.2290	1.2845	0.0000	211.8880	330.2100	230.3890	2.7608	352.1200	75.6537	5.0000	10000.0000	500.0000	0.0000	9997.7020	0.3187	0.2883	0.0387	0.0358	-1.4411	1.4587	-1.6739	0.5541	-14.2392	175.8155	301.6098	355.2495	79.6511	1.7414	1.2473	89.2834
87.6566	10011.0000	-0.2290	1.2845	0.0000	211.8880	330.2100	230.3890	2.7608	352.1200	75.6537	5.0000	10000.0000	500.0000	0.0000	10001.6735	0.2646	0.2829	0.0402	0.0393	-1.4625	1.1207	-1.6775	0.6115	-5.5292	167.1900	301.6875	346.2831	79.6672	1.6858	1.2424	89.2539
88.0604	9989.0000	-0.2310	1.2832	0.0000	211.7680	329.1100	230.3940	2.7531	351.0800	75.7047	5.0000	10000.0000	500.0000	0.0000	9995.9931	0.2885	0.2904	0.0390	0.0404	-1.2591	1.2082	-1.7375	0.5522	-14.4346	175.0788	301.7285	359.2751	79.6817	1.8008	1.2410	89.2539
88.2627	9989.0000	-0.2310	1.2832	0.0000	211.7680	329.1100	230.3940	2.7531	351.0800	75.7047	5.0000	10000.0000	500.0000	0.0000	9995.9931	0.2885	0.2904	0.0390	0.0404	-1.2591	1.2082	-1.7375	0.5522	-14.4346	175.0788	301.7285	359.2751	79.6817	1.8008	1.2410	89.2539
88.8066	10002.0000	-0.2290	1.2819	0.0000	211.8960	328.5000	230.3990	2.7517	350.3800	75.7346	6.0000	10000.0000	500.0000	0.0000	10000.6046	0.2972	0.2843	0.0360	0.0388	-1.1986	1.2305	-1.9143	0.6342	-1.9855	161.9584	301.7771	329.7377	79.6949	1.8285	1.2389	89.2222
88.8683	10002.0000	-0.2290	1.2819	0.0000	211.8960	328.5000	230.3990	2.7517	350.3800	75.7346	6.0000	10000.0000	500.0000	0.0000	10000.6046	0.2972	0.2843	0.0360	0.0388	-1.1986	1.2305	-1.9143	0.6342	-1.9855	161.9584	301.7771	329.7377	79.6949	1.8285	1.2389	89.2222
89.4743	9993.0000	-0.2290	1.2833	0.0000	211.8120	329.2500	230.4020	2.7570	351.2200	75.7801	NOT CONNECTED	10000.0000	500.0000	0.0000	10005.1205	0.2187	0.2787	0.0374	0.0404	-1.2734	0.8675	-1.7028	0.5804	-18.9254	172.1808	301.7342	332.6064	79.7219	1.7588	1.2738	89.1736
89.5446	9993.0000	-0.2290	1.2833	0.0000	211.8120	329.2500	230.4020	2.7570	351.2200	75.7801	NOT CONNECTED	10000.0000	500.0000	0.0000	10005.1205	0.2187	0.2787	0.0374	0.0404	-1.2734	0.8675	-1.7028	0.5804	-18.9254	172.1808	301.7342	332.6064	79.7219	1.7588	1.2738	89.1736
90.0798	10008.0000	-0.2280	1.2827	0.0000	211.8070	329.1800	230.4040	2.7557	351.1300	75.8302	NOT CONNECTED	10000.0000	500.0000	0.0000	10005.2953	0.2975	0.2783	0.0411	0.0370	-1.4753	1.3528	-1.4795	0.5892	-9.0395	169.0999	301.7321	325.4622	79.7502	1.6016	1.2649	89.1736
90.2883	10008.0000	-0.2280	1.2827	0.0000	211.8070	329.1800	230.4040	2.7557	351.1300	75.8302	NOT CONNECTED	10000.0000	500.0000	0.0000	10005.2953	0.2975	0.2783	0.0411	0.0370	-1.4753	1.3528	-1.4795	0.5892	-9.0395	169.0999	301.7321	325.4622	79.7502	1.6016	1.2649	89.1736
90.6851	10008.0000	-0.2280	1.2827	0.0000	211.8070	329.1800	230.4040	2.7557	351.1300	75.8302	NOT CONNECTED	10000.0000	500.0000	0.0000	10008.9521	0.2407	0.2736	0.0391	0.0403	-1.3629	1.0187	-1.7049	0.5538	4.4521	171.9063	301.6730	329.9102	79.7757	1.7196	1.2615	89.1346
91.2464	10073.0000	-0.1370	1.2817	0.0000	211.9880	329.1400	230.4070	2.7579	350.9300	75.8864	NOT CONNECTED	10000.0000	500.0000	0.0000	10006.2092	0.3019	0.2769	0.0392	0.0359	-1.4398	1.3787	-1.5189	0.4845	4.6571	178.4189	301.6901	329.6023	79.8006	1.6918	1.2652	89.1346
91.2907	10073.0000	-0.1370	1.2817	0.0000	211.9880	329.1400	230.4070	2.7579	350.9300	75.8864	NOT CONNECTED	10000.0000	500.0000	0.0000	10006.2092	0.3019	0.2769	0.0392	0.0359	-1.4398	1.3787	-1.5189	0.4845	4.6571	178.4189	301.6901	329.6023	79.8006	1.6918	1.2652	89.1346
91.8966	10005.0000	-0.0640	1.0247	0.0000	221.3160	135.2400	230.5160	1.3314	148.2600	75.8977	NOT CONNECTED	10000.0000	500.0000	0.0000	9992.1615	0.2833	0.2953	0.0354	0.0393	-1.3003	1.2396	-2.0983	0.7015	-14.0197	166.0594	301.8361	342.3310	79.8252	2.0450	1.2630	89.0972
91.9944	10005.0000	-0.0640	1.0247	0.0000	221.3160	135.2400	230.5160	1.3314	148.2600	75.8977	NOT CONNECTED	10000.0000	500.0000	0.0000	9992.1615	0.2833	0.2953	0.0354	0.0393	-1.3003	1.2396	-2.0983	0.7015	-14.0197	166.0594	301.8361	342.3310	79.8252	2.0450	1.2630	89.0972
92.5020	10014.0000	-0.0770	1.0630	0.0000	219.9030	156.7700	230.4520	1.4892	170.2100	75.9259	NOT CONNECTED	10000.0000	500.0000	0.0000	9996.8184	0.3265	0.2893	0.0362	0.0391	-1.2438	1.3369	-2.0268	0.5218	-1.2055	176.9962	301.8950	360.9575	79.8667	1.9304	1.3187	89.0560
92.7335	10014.0000	-0.0770	1.0630	0.0000	219.9030	156.7700	230.4520	1.4892	170.2100	75.9259	NOT CONNECTED	10000.0000	500.0000	0.0000	9996.8184	0.3265	0.2893	0.0362	0.0391	-1.2438	1.3369	-2.0268	0.5218	-1.2055	176.9962	301.8950	360.9575	79.8667	1.9304	1.3187	89.0560
93.1239	10000.0000	-0.0780	1.0525	0.0000	220.1240	155.9500	230.4580	1.4824	169.5600	75.9140	NOT CONNECTED	0.0000	500.0000	0.0000	10004.6134	0.2342	0.2792	0.0392	0.0402	-1.4196	0.9931	-1.5450	0.6487	-14.6247	172.5084	301.8607	350.9567	79.8824	2.0438	1.2364	89.0560
93.4702	10000.0000	-0.0780	1.0525	0.0000	220.1240	155.9500	230.4580	1.4824	169.5600	75.9140	NOT CONNECTED	0.0000	500.0000	0.0000	10019.1821	0.1658	0.2588	0.0381	0.0407	-1.2603	0.6557	-1.7540	0.3897	-16.4117	177.9980	302.4576	283.9213	79.8900	1.6486	1.2418	89.0271
93.7134	10000.0000	-0.0780	1.0525	0.0000	220.1240	155.9500	230.4580	1.4824	169.5600	75.9140	NOT CONNECTED	0.0000	500.0000	0.0000	10019.1821	0.1658	0.2588	0.0381	0.0407	-1.2603	0.6557	-1.7540	0.3897	-16.4117	177.9980	302.4576	283.9213	79.8900	1.6486	1.2418	89.0271
94.2104	9999.0000	-0.0770	1.0649	0.0000	219.9860	156.3600	230.4650	1.4841	170.0300	75.9051	NOT CONNECTED	0.0000	500.0000	0.0000	10000.8587	0.0830	0.1481	0.0392	0.0410	-1.1772	0.2825	-1.6500	0.1969	-0.8241	179.2770	312.9019	141.9028	79.8435	1.6860	1.0044	89.0271
94.3193	9999.0000	-0.0770	1.0649	0.0000	219.9860	156.3600	230.4650	1.4841	170.0300	75.9051	NOT CONNECTED	0.0000	500.0000	0.0000	10000.8587	0.0830	0.1481	0.0392	0.0410	-1.1772	0.2825	-1.6500	0.1969	-0.8241	179.2770	312.9019	141.9028	79.8435	1.6860	1.0044	89.0271
94.9090	9921.0000	-0.0110	1.0608	0.0000	219.9960	156.1100	230.4650	1.4804	169.7800	75.9028	NOT CONNECTED	0.0000	500.0000	0.0000	10019.8559	0.1784	0.1034	0.0410	0.0400	-1.7368	0.9304	-0.9674	0.2213	-19.2675	176.2975	311.4515	155.9911	79.7270	1.7969	0.9990	88.9823
94.9543	9921.0000	-0.0110	1.0608	0.0000	219.9960	156.1100	230.4650	1.4804	169.7800	75.9028	NOT CONNECTED	0.0000	500.0000	0.0000	10019.8559	0.1784	0.1034	0.0410	0.0400	-1.7368	0.9304	-0.9674	0.2213	-19.2675	176.2975	311.4515	155.9911	79.7270	1.7969	0.9990	88.9823
95.5147	9500.0000	0.0040	1.1962	0.0000	180.7040	46.6600	230.5140	0.6088	60.5600	75.9261	NOT CONNECTED	0.0000	500.0000	0.0000	10022.6699	0.1806	0.1008	0.0407	0.0421	-1.0260	0.7138	-1.6834	0.1713	-11.1463	175.8768	311.2709	161.5541	79.6389	1.7644	1.0477	88.8798
95.6956	9500.0000	0.0040	1.1962	0.0000	180.7040	46.6600	230.5140	0.6088	60.5600	75.9261	NOT CONNECTED	0.0000	500.0000	0.0000	10022.6699	0.1806	0.1008	0.0407	0.0421	-1.0260	0.7138	-1.6834	0.1713	-11.1463	175.8768	311.2709	161.5541	79.6389	1.7644	1.0477	88.8798
96.1197	9130.0000	0.0040	1.1988	0.0000	176.0260	54.8600	230.4970	0.6764	69.1200	75.9000	NOT CONNECTED	0.0000	500.0000	0.0000	10032.2588	0.0578	0.0886	0.0418	0.0402	-1.6365	0.1779	-1.5936	0.4502	-7.2293	170.7210	311.3483	158.1992	79.5520	1.7540	1.0335	88.8798
96.4363	9130.0000	0.0040	1.1988	0.0000	176.0260	54.8600	230.4970	0.6764	69.1200	75.9000	NOT CONNECTED	0.0000	500.0000	0.0000	9965.0174	0.1947	0.1761	0.0406	0.0417	-1.1091	0.7950	-1.2930	0.2171	-4.6910	171.8265	311.2422	161.4801	79.4700	1.5495	1.0387	88.7894
96.7248	9130.0000	0.0040	1.1988	0.0000	176.0260	54.8600	230.4970	0.6764	69.1200	75.9000	NOT CONNECTED	0.0000	500.0000	0.0000	9965.0174	0.1947	0.1761	0.0406	0.0417	-1.1091	0.7950	-1.2930	0.2171	-4.6910	171.8265	311.2422	161.4801	79.4700	1.5495	1.0387	88.7894
97.1797	8772.0000	0.0030	1.1991	0.0000	166.4510	48.0500	230.5070	0.6195	62.3800	75.9312	NOT CONNECTED	0.0000	500.0000	0.0000	9965.0174	0.1947	0.1761	0.0406	0.0417	-1.1091	0.7950	-1.2930	0.2171	-4.6910	171.8265	311.2422	161.4801	79.4700	1.5495	1.0387	88.7894
97.8568	8387.0000	0.0030	1.1991	0.0000	161.5830	44.6400	230.5090	0.5962	59.0700	75.8981	NOT CONNECTED	0.0000	500.0000	0.0000	9770.4231	0.0136	0.0148	0.0350	0.0349	-1.7560	0.0996	-1.7152	0.0871	-11.4057	145.7743	317.2821	49.7891	79.3083	1.6675	0.9114	88.7009
97.9215	8387.0000	0.0030	1.1991	0.0000	161.5830	44.6400	230.5090	0.5962	59.0700	75.8981	NOT CONNECTED	0.0000	500.0000	0.0000	9770.4231	0.0136	0.0148	0.0350	0.0349	-1.7560	0.0996	-1.7152	0.0871	-11.4057	145.7743	317.2821	49.7891	79.3083	1.6675	0.9114	88.7009
98.4619	8027.0000	0.0030	1.1993	0.0000	152.0390	38.9300	230.5140	0.5490	53.4400	75.9055	NOT CONNECTED	0.0000	500.0000	0.0000	9443.7985	0.0339	0.0220	0.0349	0.0349	-1.7295	0.1802	-1.8144	0.0807	-11.2158	139.8953	316.8649	60.7599	79.2830	1.7948	1.1859	88.6019
98.6691	8027.0000	0.0030	1.1993	0.0000	152.0390	38.9300	230.5140	0.5490	53.4400	75.9055	NOT CONNECTED	0.0000	500.0000	0.0000	9443.7985	0.0339	0.0220	0.0349	0.0349	-1.7295	0.1802	-1.8144	0.0807	-11.2158	139.8953	316.8649	60.7599	79.2830	1.7948	1.1859	88.6019
99.0516	7650.0000	0.0070	1.1995	0.0000	147.3440	36.5100	230.5170	0.5280	51.0600	75.9435	NOT CONNECTED	0.0000	500.0000	0.0000	9124.3867	0.0402	0.0465	0.0349	0.0349	-1.6572	0.1826	-1.8005	0.0180	-10.4356	136.9035	316.9789	57.5322	79.2825	1.6887	1.1718	88.6019
99.4150	7650.0000	0.0070	1.1995	0.0000	147.3440	36.5100	230.5170	0.5280	51.0600	75.9435	NOT CONNECTED	0.0000	500.0000	0.0000	8841.1391	0.0117	0.0221	0.0349	0.0348	-1.7304	0.0796	-1.7704	0.0872	-10.8298	130.9261	317.0017	52.9743	79.2772	1.6432	1.1722	88.5363
99.6572	7650.0000	0.0070	1.1995	0.0000	147.3440	36.5100	230.5170	0.5280	51.0600	75.9435	NOT CONNECTED	0.0000	500.0000	0.0000	8841.1391	0.0117	0.0221	0.0349	0.0348	-1.7304	0.0796	-1.7704	0.0872	-10.8298	130.9261	317.0017	52.9743	79.2772	1.6432	1.1722	88.5363
100.1635	7279.0000	0.0090	1.2003	0.0000	137.9100	32.4700	230.5250	0.4905	47.1300	75.9185	NOT CONNECTED	0.0000	500.0000	0.0000	8544.7740	0.0133	0.0166	0.0349	0.0348	-1.6747	0.0788	-1.7997	0.0220	-11.9266	128.0139	317.0046	48.1615	79.2732	1.8237	1.1757	88.5363
100.2630	7279.0000	0.0090	1.2003	0.0000	137.9100	32.4700	230.5250	0.4905	47.1300	75.9185	NOT CONNECTED	0.0000	500.0000	0.0000	8544.7740	0.0133	0.0166	0.0349	0.0348	-1.6747	0.0788	-1.7997	0.0220	-11.9266	128.0139	317.0046	48.1615	79.2732	1.8237	1.1757	88.5363
100.8684	6915.0000	0.0130	1.2001	0.0000	133.1690	29.6500	230.5290	0.4642	44.1500	75.9590	NOT CONNECTED	0.0000	500.0000	0.0000	8239.2460	0.0159	0.0118	0.0349	0.0348	-1.7459	0.0974	-1.8169	0.0339	-11.5132	121.5444	317.1399	44.8234	79.2706	1.6515	1.1779	88.4656
100.8981	6915.0000	0.0130	1.2001	0.0000	133.1690	29.6500	230.5290	0.4642	44.1500	75.9590	NOT CONNECTED	0.0000	500.0000	0.0000	8239.2460	0.0159	0.0118	0.0349	0.0348	-1.7459	0.0974	-1.8169	0.0339	-11.5132	121.5444	317.1399	44.8234	79.2706	1.6515	1.1779	88.4656
101.4594	6552.0000	0.0190	1.2011	0.0000	123.8140	27.1700	230.5380	0.4413	41.8200	75.9522	NOT CONNECTED	0.0000	500.0000	0.0000	7932.8223	0.0062	0.0217	0.0348	0.0348	-1.7287	0.0619	-1.6994	0.0609	-12.0202	117.7607	317.2907	41.8664	79.2805	1.7650	1.2166	88.3825
101.6690	6552.0000	0.0190	1.2011	0.0000	123.8140	27.1700	230.5380	0.4413	41.8200	75.9522	NOT CONNECTED	0.0000	500.0000	0.0000	7932.8223	0.0062	0.0217	0.0348	0.0348	-1.7287	0.0619	-1.6994	0.0609	-12.0202	117.7607	317.2907	41.8664	79.2805	1.7650	1.2166	88.3825
102.0643	6170.0000	0.0230	1.2011	0.0000	119.2080	25.4000	230.5420	0.4241	39.9300	75.9482	NOT CONNECTED	0.0000	500.0000	0.0000	7633.8647	-0.0055	0.0195	0.0348	0.0348	-1.6718	-0.0619	-1.7171	0.0613	-11.3445	112.3986	317.4622	39.8922	79.2850	1.6728	1.1830	88.3825
102.4137	6170.0000	0.0230	1.2011	0.0000	119.2080	25.4000	230.5420	0.4241	39.9300	75.9482	NOT CONNECTED	0.0000	500.0000	0.0000	7339.8735	0.0174	0.0079	0.0348	0.0348	-1.8111	0.0831	-1.7225	0.0664	-10.0974	109.1411	317.6091	37.7481	79.2874	1.7946	1.1853	88.3019
102.6697	6170.0000	0.0230	1.2011	0.0000	119.2080	25.4000	230.5420	0.4241	39.9300	75.9482	NOT CONNECTED	0.0000	500.0000	0.0000	7339.8735	0.0174	0.0079	0.0348	0.0348	-1.8111	0.0831	-1.7225	0.0664	-10.0974	109.1411	317.6091	37.7481	79.2874	1.7946	1.1853	88.3019
103.1661	5817.0000	0.0240	1.2032	0.0000	110.1100	23.8400	230.5530	0.4090	38.4300	75.9405	NOT CONNECTED	0.0000	500.0000	0.0000	7040.7738	-0.0039	0.0069	0.0348	0.0348	-1.7138	-0.0079	-1.7852	0.0412	-10.4280	105.0272	317.7022	34.6941	79.2916	1.7632	1.1870	88.3019
103.2605	5817.0000	0.0240	1.2032	0.0000	110.1100	23.8400	230.5530	0.4090	38.4300	75.9405	NOT CONNECTED	0.0000	500.0000	0.0000	7040.7738	-0.0039	0.0069	0.0348	0.0348	-1.7138	-0.0079	-1.7852	0.0412	-10.4280	105.0272	317.7022	34.6941	79.2916	1.7632	1.1870	88.3019
103.8652	5466.0000	0.0200	1.2105	0.0000	106.2910	26.0900	230.5570	0.4286	40.5800	75.9635	NOT CONNECTED	0.0000	500.0000	0.0000	6747.5607	0.0162	-0.0000	0.0348	0.0349	-1.6813	0.0937	-1.6095	0.0301	-11.1533	97.2251	317.8602	33.3528	79.2967	1.7501	1.1889	88.2162
103.9117	5466.0000	0.0200	1.2105	0.0000	106.2910	26.0900	230.5570	0.4286	40.5800	75.9635	NOT CONNECTED	0.0000	500.0000	0.0000	6747.5607	0.0162	-0.0000	0.0348	0.0349	-1.6813	0.0937	-1.6095	0.0301	-11.1533	97.2251	317.8602	33.3528	79.2967	1.7501	1.1889	88.2162
104.4713	5143.0000	0.0210	1.2299	0.0000	98.4040	26.5400	230.5700	0.4334	41.1900	75.9667	NOT CONNECTED	0.0000	500.0000	0.0000	6450.0527	0.0179	-0.0000	0.0348	0.0348	-1.8496	0.1094	-1.5770	0.0331	-11.0708	92.9933	317.9725	31.4163	79.3100	1.7036	1.2090	88.1210
104.6744	5143.0000	0.0210	1.2299	0.0000	98.4040	26.5400	230.5700	0.4334	41.1900	75.9667	NOT CONNECTED	0.0000	500.0000	0.0000	6450.0527	0.0179	-0.0000	0.0348	0.0348	-1.8496	0.1094	-1.5770	0.0331	-11.0708	92.9933	317.9725	31.4163	79.3100	1.7036	1.2090	88.1210
105.0772	4827.0000	0.0180	1.2327	0.0000	94.4910	26.7200	230.5740	0.4337	41.3700	75.9968	NOT CONNECTED	0.0000	500.0000	0.0000	6153.7063	0.0121	-0.0000	0.0349	0.0348	-1.8903	0.0518	-1.7664	-0.0276	-13.2457	93.3643	318.0898	29.8467	79.3204	1.6365	1.1924	88.1210
105.4144	4827.0000	0.0180	1.2327	0.0000	94.4910	26.7200	230.5740	0.4337	41.3700	75.9968	NOT CONNECTED	0.0000	500.0000	0.0000	5845.5602	-0.0036	-0.0000	0.0348	0.0348	-1.6662	0.0318	-1.7406	-0.0481	-12.0596	89.9738	318.0939	29.0505	79.3306	1.8168	1.1959	88.0265
105.6829	4827.0000	0.0180	1.2327	0.0000	94.4910	26.7200	230.5740	0.4337	41.3700	75.9968	NOT CONNECTED	0.0000	500.0000	0.0000	5845.5602	-0.0036	-0.0000	0.0348	0.0348	-1.6662	0.0318	-1.7406	-0.0481	-12.0596	89.9738	318.0939	29.0505	79.3306	1.8168	1.1959	88.0265
106.1644	4520.0000	0.0300	1.2358	0.0000	86.8820	26.8100	230.5850	0.4316	41.3300	76.0248	NOT CONNECTED	0.0000	500.0000	0.0000	5608.2126	0.0161	-0.0000	0.0351	0.0348	-1.9990	0.1451	-1.5726	0.0219	-9.8198	77.8823	317.8401	28.0902	79.3423	1.4194	1.1999	88.0265
106.2885	4520.0000	0.0300	1.2358	0.0000	86.8820	26.8100	230.5850	0.4316	41.3300	76.0248	NOT CONNECTED	0.0000	500.0000	0.0000	5608.2126	0.0161	-0.0000	0.0351	0.0348	-1.9990	0.1451	-1.5726	0.0219	-9.8198	77.8823	317.8401	28.0902	79.3423	1.4194	1.1999	88.0265
106.8933	4144.0000	0.0540	1.2384	0.0000	82.9510	23.8200	230.5910	0.4058	38.3600	76.0420	NOT CONNECTED	0.0000	500.0000	0.0000	5294.5482	0.0335	-0.0000	0.0348	0.0348	-2.0972	0.1515	-2.1354	-0.1043	-11.6376	85.1515	317.8158	29.3155	79.3643	2.1405	1.2235	87.9280
106.9106	4144.0000	0.0540	1.2384	0.0000	82.9510	23.8200	230.5910	0.4058	38.3600	76.0420	NOT CONNECTED	0.0000	500.0000	0.0000	5294.5482	0.0335	-0.0000	0.0348	0.0348	-2.0972	0.1515	-2.1354	-0.1043	-11.6376	85.1515	317.8158	29.3155	79.3643	2.1405	1.2235	87.9280
107.4989	3710.0000	0.0540	1.2635	0.0000	72.6690	10.8300	230.6050	0.2849	25.1200	76.1088	NOT CONNECTED	0.0000	500.0000	0.0000	5048.2091	0.0123	-0.0000	0.0348	0.0348	-1.9291	0.1322	-1.2333	-0.0176	-13.3376	78.0281	317.7563	27.8010	79.3954	1.7638	1.2307	87.8282
107.6731	3710.0000	0.0540	1.2635	0.0000	72.6690	10.8300	230.6050	0.2849	25.1200	76.1088	NOT CONNECTED	0.0000	500.0000	0.0000	5048.2091	0.0123	-0.0000	0.0348	0.0348	-1.9291	0.1322	-1.2333	-0.0176	-13.3376	78.0281	317.7563	27.8010	79.3954	1.7638	1.2307	87.8282
108.0893	3219.0000	0.0570	1.2664	0.0000	67.0610	9.7700	230.6070	0.2718	23.9600	76.1665	NOT CONNECTED	0.0000	500.0000	0.0000	4793.7113	0.0305	-0.0000	0.0347	0.0348	-2.2372	0.1716	-1.2611	-0.0847	-7.9688	74.4481	317.7916	29.0280	79.4247	1.8089	1.2276	87.8282
108.4166	3219.0000	0.0570	1.2664	0.0000	67.0610	9.7700	230.6070	0.2718	23.9600	76.1665	NOT CONNECTED	0.0000	500.0000	0.0000	4522.8564	0.0240	-0.1002	0.0353	0.0348	-1.8217	0.0846	-2.0764	-0.2595	-10.1512	64.9196	318.0796	29.4101	79.4539	2.2908	1.2359	87.9095
108.6951	3219.0000	0.0570	1.2664	0.0000	67.0610	9.7700	230.6070	0.2718	23.9600	76.1665	NOT CONNECTED	0.0000	500.0000	0.0000	4522.8564	0.0240	-0.1002	0.0353	0.0348	-1.8217	0.0846	-2.0764	-0.2595	-10.1512	64.9196	318.0796	29.4101	79.4539	2.2908	1.2359	87.9095
109.1644	2828.0000	0.0530	1.2550	0.0000	56.2680	18.1200	230.6070	0.3456	32.1100	76.2132	NOT CONNECTED	0.0000	500.0000	0.0000	4315.8714	-0.1194	-0.0000	0.0349	0.0353	-1.4319	-0.6188	-2.3684	0.0459	-11.1995	60.0564	318.8015	18.5099	79.4866	2.0964	1.2387	87.9095
109.3008	2828.0000	0.0530	1.2550	0.0000	56.2680	18.1200	230.6070	0.3456	32.1100	76.2132	NOT CONNECTED	0.0000	500.0000	0.0000	4315.8714	-0.1194	-0.0000	0.0349	0.0353	-1.4319	-0.6188	-2.3684	0.0459	-11.1995	60.0564	318.8015	18.5099	79.4866	2.0964	1.2387	87.9095
109.8907	2444.0000	0.0520	1.2541	0.0000	51.4290	18.3800	230.6090	0.3463	32.0700	76.2807	NOT CONNECTED	0.0000	500.0000	0.0000	3915.4447	-0.1151	-0.0917	0.0349	0.0348	-0.9622	-0.5668	-1.2182	0.0519	-14.4629	50.8079	318.9068	12.5414	79.5315	2.0371	1.2593	87.9875
109.9029	2444.0000	0.0520	1.2541	0.0000	51.4290	18.3800	230.6090	0.3463	32.0700	76.2807	NOT CONNECTED	0.0000	500.0000	0.0000	3915.4447	-0.1151	-0.0917	0.0349	0.0348	-0.9622	-0.5668	-1.2182	0.0519	-14.4629	50.8079	318.9068	12.5414	79.5315	2.0371	1.2593	87.9875
110.4961	2079.0000	0.0480	1.2537	0.0000	42.3550	20.5600	230.6100	0.3631	34.0200	76.3199	NOT CONNECTED	0.0000	500.0000	0.0000	3593.9140	-0.1338	-0.0000	0.0347	0.0354	-1.6187	-0.5803	-1.0824	-0.2891	-10.2466	40.1810	319.0892	13.6630	79.5810	1.0896	1.2713	88.0647
110.6732	2079.0000	0.0480	1.2537	0.0000	42.3550	20.5600	230.6100	0.3631	34.0200	76.3199	NOT CONNECTED	0.0000	500.0000	0.0000	3593.9140	-0.1338	-0.0000	0.0347	0.0354	-1.6187	-0.5803	-1.0824	-0.2891	-10.2466	40.1810	319.0892	13.6630	79.5810	1.0896	1.2713	88.0647
111.1007	1678.0000	0.0540	1.2470	0.0000	37.7620	20.2100	230.6110	0.3592	33.5800	76.4247	NOT CONNECTED	0.0000	500.0000	0.0000	3185.7051	0.0140	-0.1400	0.0355	0.0348	-2.1072	0.0543	-2.2941	-0.0278	-13.0506	15.0924	318.9027	16.6527	79.6313	2.2680	1.2685	88.0647
111.4166	1678.0000	0.0540	1.2470	0.0000	37.7620	20.2100	230.6110	0.3592	33.5800	76.4247	NOT CONNECTED	0.0000	500.0000	0.0000	2848.4204	-0.0395	-0.0856	0.0351	0.0348	-1.0332	-0.2037	-2.2316	0.0116	-11.4896	41.1235	318.3445	21.7076	79.6743	2.2710	1.2528	88.1397
111.6919	1678.0000	0.0540	1.2470	0.0000	37.7620	20.2100	230.6110	0.3592	33.5800	76.4247	NOT CONNECTED	0.0000	500.0000	0.0000	2848.4204	-0.0395	-0.0856	0.0351	0.0348	-1.0332	-0.2037	-2.2316	0.0116	-11.4896	41.1235	318.3445	21.7076	79.6743	2.2710	1.2528	88.1397
112.1634	1290.0000	0.0530	1.2077	0.0000	27.8390	20.5800	230.6060	0.3568	33.5900	76.4866	NOT CONNECTED	0.0000	500.0000	0.0000	2542.5961	-0.0948	-0.0553	0.0351	0.0350	-2.2356	-0.3301	-2.2370	-0.0278	-10.9982	39.7093	318.3365	20.7593	79.7156	2.2936	1.2588	88.1397
112.2809	1290.0000	0.0530	1.2077	0.0000	27.8390	20.5800	230.6060	0.3568	33.5900	76.4866	NOT CONNECTED	0.0000	500.0000	0.0000	2542.5961	-0.0948	-0.0553	0.0351	0.0350	-2.2356	-0.3301	-2.2370	-0.0278	-10.9982	39.7093	318.3365	20.7593	79.7156	2.2936	1.2588	88.1397
112.8868	913.0000	0.0560	1.2042	0.0000	23.7150	21.5400	230.6020	0.3626	34.3600	76.5142	NOT CONNECTED	0.0000	500.0000	0.0000	2283.8901	-0.1015	-0.0000	0.0346	0.0351	-2.2945	-0.3899	-1.0533	-0.1569	-13.0924	32.6686	318.3516	21.3688	79.7547	1.0254	1.2555	88.2067
112.9094	913.0000	0.0560	1.2042	0.0000	23.7150	21.5400	230.6020	0.3626	34.3600	76.5142	NOT CONNECTED	0.0000	500.0000	0.0000	2283.8901	-0.1015	-0.0000	0.0346	0.0351	-2.2945	-0.3899	-1.0533	-0.1569	-13.0924	32.6686	318.3516	21.3688	79.7547	1.0254	1.2555	88.2067
113.4917	539.0000	0.0560	1.1838	0.0000	16.5990	23.1200	230.5940	0.3739	35.5600	76.5311	NOT CONNECTED	0.0000	500.0000	0.0000	1988.7064	-0.1435	-0.0000	0.0347	0.0356	-2.1239	-0.7200	-1.1774	-0.1122	-17.3557	27.1729	318.1597	20.2935	79.7986	1.1335	1.2652	88.2694
113.6734	539.0000	0.0560	1.1838	0.0000	16.5990	23.1200	230.5940	0.3739	35.5600	76.5311	NOT CONNECTED	0.0000	500.0000	0.0000	1988.7064	-0.1435	-0.0000	0.0347	0.0356	-2.1239	-0.7200	-1.1774	-0.1122	-17.3557	27.1729	318.1597	20.2935	79.7986	1.1335	1.2652	88.2694
114.0978	96.0000	0.1240	1.1922	0.0000	14.2000	24.9100	230.5870	0.3887	37.3400	76.5546	NOT CONNECTED	0.0000	500.0000	0.0000	1643.0426	-0.0225	-0.0717	0.0347	0.0348	-2.0906	-0.0617	-1.2175	-0.2673	-9.8019	21.3960	318.3878	19.9392	79.8368	1.3271	1.2463	88.2694
114.4244	96.0000	0.1240	1.1922	0.0000	14.2000	24.9100	230.5870	0.3887	37.3400	76.5546	NOT CONNECTED	0.0000	500.0000	0.0000	1316.5009	0.0497	0.0297	0.0348	0.0349	-1.6620	0.2454	-1.5446	0.0399	-11.9026	19.6112	318.1416	25.4939	79.8619	1.5799	1.2139	88.3271
114.7035	96.0000	0.1240	1.1922	0.0000	14.2000	24.9100	230.5870	0.3887	37.3400	76.5546	NOT CONNECTED	0.0000	500.0000	0.0000	1316.5009	0.0497	0.0297	0.0348	0.0349	-1.6620	0.2454	-1.5446	0.0399	-11.9026	19.6112	318.1416	25.4939	79.8619	1.5799	1.2139	88.3271
115.1628	0.0000	0.0060	0.0000	0.0000	0.0000	-0.0100	230.5940	0.0349	2.1000	76.4798	NOT CONNECTED	0.0000	500.0000	0.0000	1008.6245	0.0127	0.0403	0.0348	0.0348	-1.5083	0.0370	-1.5662	-0.1755	-9.1858	10.8833	318.0042	27.5605	79.8783	1.7109	1.2095	88.3271
115.3083	0.0000	0.0060	0.0000	0.0000	0.0000	-0.0100	230.5940	0.0349	2.1000	76.4798	NOT CONNECTED	0.0000	500.0000	0.0000	1008.6245	0.0127	0.0403	0.0348	0.0348	-1.5083	0.0370	-1.5662	-0.1755	-9.1858	10.8833	318.0042	27.5605	79.8783	1.7109	1.2095	88.3271
115.9068	0.0000	0.0000	0.0000	0.0000	0.0000	-0.0100	230.5830	0.0348	2.0800	76.3846	NOT CONNECTED	0.0000	500.0000	0.0000	731.6955	-0.0288	-0.0700	0.0346	0.0348	-1.9187	-0.1239	-1.3916	-0.1325	-10.0039	8.2598	317.9207	25.9098	79.8927	1.3865	1.2045	88.3719
115.9150	NOT CONNECTED	NOT CONNECTED	NOT CONNECTED	NOT CONNECTED	NOT CONNECTED	NOT CONNECTED	NOT CONNECTED	NOT CONNECTED	NOT CONNECTED	NOT CONNECTED	NOT CONNECTED	0.0000	500.0000	0.0000	731.6955	-0.0288	-0.0700	0.0346	0.0348	-1.9187	-0.1239	-1.3916	-0.1325	-10.0039	8.2598	317.9207	25.9098	79.8927	1.3865	1.2045	88.3719
116.5207	NOT CONNECTED	NOT CONNECTED	NOT CONNECTED	NOT CONNECTED	NOT CONNECTED	NOT CONNECTED	NOT CONNECTED	NOT CONNECTED	NOT CONNECTED	NOT CONNECTED	NOT CONNECTED	0.0000	500.0000	0.0000	431.6273	-0.0200	-0.0875	0.0350	0.0349	-1.5790	-0.0962	-1.6390	-0.0115	-11.0092	5.5375	317.7662	27.9261	79.9016	1.6140	1.1867	88.4117
117.1261	NOT CONNECTED	NOT CONNECTED	NOT CONNECTED	NOT CONNECTED	NOT CONNECTED	NOT CONNECTED	NOT CONNECTED	NOT CONNECTED	NOT CONNECTED	NOT CONNECTED	NOT CONNECTED	0.0000	500.0000	0.0000	0.0000	0.0000	0.0000	0.0672	0.0352	-1.7430	0.2796	-1.7609	0.1241	-11.6367	4.8508	321.6530	0.0000	79.9081	1.7652	0.4631	88.4117
117.7305	NOT CONNECTED	NOT CONNECTED	NOT CONNECTED	NOT CONNECTED	NOT CONNECTED	NOT CONNECTED	NOT CONNECTED	NOT CONNECTED	NOT CONNECTED	NOT CONNECTED	NOT CONNECTED	0.0000	500.0000	0.0000	0.0000	0.0000	0.0000	0.0672	0.0352	-1.7430	0.2796	-1.7609	0.1241	-11.6367	4.8508	321.6572	0.0000	79.6431	1.7652	0.0060	88.4309
118.3366	NOT CONNECTED	NOT CONNECTED	NOT CONNECTED	NOT CONNECTED	NOT CONNECTED	NOT CONNECTED	NOT CONNECTED	NOT CONNECTED	NOT CONNECTED	NOT CONNECTED	NOT CONNECTED	0.0000	500.0000	0.0000	0.0000	0.0000	0.0000	0.0672	0.0352	-1.7430	0.2796	-1.7609	0.1241	-11.6367	4.8508	321.6016	0.0000	79.3333	1.7652	0.0061	88.4309
118.9432	NOT CONNECTED	NOT CONNECTED	NOT CONNECTED	NOT CONNECTED	NOT CONNECTED	NOT CONNECTED	NOT CONNECTED	NOT CONNECTED	NOT CONNECTED	NOT CONNECTED	NOT CONNECTED	0.0000	500.0000	0.0000	0.0000	0.0000	0.0000	0.0672	0.0352	-1.7430	0.2796	-1.7609	0.1241	0.0000	0.0000	321.6165	0.0000	79.0491	1.7652	0.0047	88.3244
