Time	speed	torque	motor_current	motor_current_thd	motor_voltage	motor_power	line_voltage	line_current	line_power	motor_temperature	Test_Marker	BD_Target_Speed	BD_Target_Accel	BD_Update_Cmd	Mcl_Quantities.Speed_Rot_Mech	Mcl_Quantities.Torque	Mcl_Quantities.Torque_Ref	Mcl_Quantities.Stator_Flux_Mag	Mcl_Quantities.Flux_Ref	Mcl_Quantities.Id_stator_current	Mcl_Quantities.Iq_stator_current	Mcl_Quantities.Id_rotor_current	Rotor_Curr_Iq	Flux_Controller.Out	Torque_Controller.Out	DC_Bus_RMS	Mcl_Quantities.Electrical_Power	Mcl_Quantities.Stator_Temperature	Mcl_Quantities.Is_Abs	Mcl_Quantities.IsRMS	SR_Overheating_Temp
0.7426	0.0000	-0.0120	0.0000	0.0000	0.0000	-0.0100	230.5930	0.0311	1.9700	66.0622	NOT CONNECTED	NOT CONNECTED	NOT CONNECTED	NOT CONNECTED	NOT CONNECTED	NOT CONNECTED	NOT CONNECTED	NOT CONNECTED	NOT CONNECTED	NOT CONNECTED	NOT CONNECTED	NOT CONNECTED	NOT CONNECTED	NOT CONNECTED	NOT CONNECTED	NOT CONNECTED	NOT CONNECTED	NOT CONNECTED	NOT CONNECTED	NOT CONNECTED	NOT CONNECTED
1.4760	0.0000	-0.0130	0.0000	0.0000	0.0000	-0.0100	230.5870	0.0310	1.9700	66.0337	NOT CONNECTED	NOT CONNECTED	NOT CONNECTED	NOT CONNECTED	NOT CONNECTED	NOT CONNECTED	NOT CONNECTED	NOT CONNECTED	NOT CONNECTED	NOT CONNECTED	NOT CONNECTED	NOT CONNECTED	NOT CONNECTED	NOT CONNECTED	NOT CONNECTED	NOT CONNECTED	NOT CONNECTED	NOT CONNECTED	NOT CONNECTED	NOT CONNECTED	NOT CONNECTED
1.4898	0.0000	-0.0130	0.0000	0.0000	0.0000	-0.0100	230.5870	0.0310	1.9700	66.0337	NOT CONNECTED	0.0000	500.0000	0.0000	0.0000	0.0000	0.0000	0.0672	0.0351	-1.9280	0.1921	-1.9358	0.0811	0.0000	0.0000	321.3879	0.0000	67.4676	1.9375	0.0048	70.8327
2.0957	0.0000	-0.0130	0.0000	0.0000	0.0000	-0.0100	230.5760	0.0310	1.9700	65.9540	NOT CONNECTED	0.0000	500.0000	0.0000	0.0000	0.0000	0.0000	0.0672	0.0351	-1.9280	0.1921	-1.9358	0.0811	0.0000	0.0000	321.4231	0.0000	67.3831	1.9375	0.0048	70.7839
2.2221	0.0000	-0.0130	0.0000	0.0000	0.0000	-0.0100	230.5760	0.0310	1.9700	65.9540	NOT CONNECTED	0.0000	500.0000	0.0000	0.0000	0.0000	0.0000	0.0672	0.0351	-1.9280	0.1921	-1.9358	0.0811	0.0000	0.0000	321.4231	0.0000	67.3831	1.9375	0.0048	70.7839
2.7014	0.0000	-0.0130	0.0000	0.0000	0.0000	-0.0100	230.5690	0.0310	1.9800	65.9262	NOT CONNECTED	0.0000	500.0000	0.0000	0.0000	0.0000	0.0000	0.0672	0.0351	-1.9280	0.1921	-1.9358	0.0811	0.0000	0.0000	321.3690	0.0000	67.2980	1.9375	0.0049	70.7839
2.9632	0.0000	-0.0130	0.0000	0.0000	0.0000	-0.0100	230.5690	0.0310	1.9800	65.9262	NOT CONNECTED	0.0000	500.0000	0.0000	0.0000	0.0000	0.0000	0.0672	0.0351	-1.9280	0.1921	-1.9358	0.0811	0.0000	0.0000	321.3690	0.0000	67.2980	1.9375	0.0049	70.7839
3.3073	0.0000	-0.0130	0.0000	0.0000	0.0000	-0.0100	230.5690	0.0310	1.9800	65.9262	NOT CONNECTED	0.0000	500.0000	0.0000	0.0000	0.0000	0.0000	0.0672	0.0351	-1.9280	0.1921	-1.9358	0.0811	0.0000	0.0000	321.3595	0.0000	67.2189	1.9375	0.0047	70.7353
3.6965	0.0000	-0.0130	0.0000	0.0000	0.0000	-0.0100	230.5570	0.0309	1.9800	65.8451	NOT CONNECTED	0.0000	500.0000	0.0000	0.0000	0.0000	0.0000	0.0672	0.0351	-1.9280	0.1921	-1.9358	0.0811	0.0000	0.0000	321.3122	0.0000	67.1424	1.9375	0.0050	70.7353
3.9120	0.0000	-0.0130	0.0000	0.0000	0.0000	-0.0100	230.5570	0.0309	1.9800	65.8451	NOT CONNECTED	0.0000	500.0000	0.0000	0.0000	0.0000	0.0000	0.0672	0.0351	-1.9280	0.1921	-1.9358	0.0811	0.0000	0.0000	321.3122	0.0000	67.1424	1.9375	0.0050	70.7353
4.4332	0.0000	-0.0130	0.0000	0.0000	0.0000	-0.0100	230.5520	0.0309	1.9700	65.7900	NOT CONNECTED	0.0000	500.0000	0.0000	0.0000	0.0000	0.0000	0.0672	0.0351	-1.9280	0.1921	-1.9358	0.0811	0.0000	0.0000	321.3243	0.0000	67.0652	1.9375	0.0048	70.6868
4.5186	0.0000	-0.0130	0.0000	0.0000	0.0000	-0.0100	230.5520	0.0309	1.9700	65.7900	NOT CONNECTED	0.0000	500.0000	0.0000	0.0000	0.0000	0.0000	0.0672	0.0351	-1.9280	0.1921	-1.9358	0.0811	0.0000	0.0000	321.3243	0.0000	67.0652	1.9375	0.0048	70.6868
5.1076	0.0000	-0.0130	0.0000	0.0000	0.0000	-0.0100	230.5380	0.0309	1.9800	65.7384	NOT CONNECTED	0.0000	500.0000	0.0000	0.0000	0.0000	0.0000	0.0672	0.0351	-1.9280	0.1921	-1.9358	0.0811	0.0000	0.0000	321.3311	0.0000	66.9965	1.9375	0.0051	70.6384
5.1733	0.0000	-0.0130	0.0000	0.0000	0.0000	-0.0100	230.5380	0.0309	1.9800	65.7384	NOT CONNECTED	0.0000	500.0000	0.0000	0.0000	0.0000	0.0000	0.0672	0.0351	-1.9280	0.1921	-1.9358	0.0811	0.0000	0.0000	321.3311	0.0000	66.9965	1.9375	0.0051	70.6384
5.7134	0.0000	-0.0130	0.0000	0.0000	0.0000	-0.0100	230.5290	0.0308	1.9800	65.6921	NOT CONNECTED	0.0000	500.0000	0.0000	0.0000	0.0000	0.0000	0.0672	0.0351	-1.9280	0.1921	-1.9358	0.0811	0.0000	0.0000	321.2797	0.0000	66.9270	1.9375	0.0051	70.6384
5.9115	0.0000	-0.0130	0.0000	0.0000	0.0000	-0.0100	230.5290	0.0308	1.9800	65.6921	NOT CONNECTED	0.0000	500.0000	0.0000	0.0000	0.0000	0.0000	0.0672	0.0351	-1.9280	0.1921	-1.9358	0.0811	0.0000	0.0000	321.2797	0.0000	66.9270	1.9375	0.0051	70.6384
6.3191	0.0000	-0.0130	0.0000	0.0000	0.0000	-0.0100	230.5110	0.0308	1.9800	65.6240	NOT CONNECTED	0.0000	500.0000	0.0000	0.0000	0.0000	0.0000	0.0672	0.0351	-1.9280	0.1921	-1.9358	0.0811	0.0000	0.0000	321.2716	0.0000	66.8596	1.9375	0.0050	70.5902
6.6451	0.0000	-0.0130	0.0000	0.0000	0.0000	-0.0100	230.5110	0.0308	1.9800	65.6240	NOT CONNECTED	0.0000	500.0000	0.0000	0.0000	0.0000	0.0000	0.0672	0.0351	-1.9280	0.1921	-1.9358	0.0811	0.0000	0.0000	321.2377	0.0000	66.7943	1.9375	0.0050	70.5902
6.9247	0.0000	-0.0130	0.0000	0.0000	0.0000	-0.0100	230.5110	0.0308	1.9800	65.6240	NOT CONNECTED	0.0000	500.0000	0.0000	0.0000	0.0000	0.0000	0.0672	0.0351	-1.9280	0.1921	-1.9358	0.0811	0.0000	0.0000	321.2377	0.0000	66.7943	1.9375	0.0050	70.5902
7.3840	0.0000	-0.0130	0.0000	0.0000	0.0000	-0.0100	230.5040	0.0308	1.9800	65.5520	NOT CONNECTED	0.0000	500.0000	0.0000	0.0000	0.0000	0.0000	0.0672	0.0351	-1.9280	0.1921	-1.9358	0.0811	0.0000	0.0000	321.2323	0.0000	66.7285	1.9375	0.0049	70.5420
7.5461	0.0000	-0.0130	0.0000	0.0000	0.0000	-0.0100	230.5040	0.0308	1.9800	65.5520	NOT CONNECTED	0.0000	500.0000	0.0000	0.0000	0.0000	0.0000	0.0672	0.0351	-1.9280	0.1921	-1.9358	0.0811	0.0000	0.0000	321.2323	0.0000	66.7285	1.9375	0.0049	70.5420
8.1285	0.0000	-0.0130	0.0000	0.0000	0.0000	-0.0100	230.4820	0.0308	1.9800	65.5198	NOT CONNECTED	0.0000	500.0000	0.0000	0.0000	0.0000	0.0000	0.0672	0.0351	-1.9280	0.1921	-1.9358	0.0811	0.0000	0.0000	321.2459	0.0000	66.6647	1.9375	0.0047	70.4941
8.1676	0.0000	-0.0130	0.0000	0.0000	0.0000	-0.0100	230.4820	0.0308	1.9800	65.5198	NOT CONNECTED	0.0000	500.0000	0.0000	0.0000	0.0000	0.0000	0.0672	0.0351	-1.9280	0.1921	-1.9358	0.0811	0.0000	0.0000	321.2459	0.0000	66.6647	1.9375	0.0047	70.4941
8.7734	0.0000	-0.0130	0.0000	0.0000	0.0000	-0.0100	230.4730	0.0306	1.9700	65.4370	NOT CONNECTED	0.0000	500.0000	0.0000	0.0000	0.0000	0.0000	0.0672	0.0351	-1.9280	0.1921	-1.9358	0.0811	0.0000	0.0000	321.1796	0.0000	66.6054	1.9375	0.0049	70.4941
8.8716	0.0000	-0.0130	0.0000	0.0000	0.0000	-0.0100	230.4730	0.0306	1.9700	65.4370	NOT CONNECTED	0.0000	500.0000	0.0000	0.0000	0.0000	0.0000	0.0672	0.0351	-1.9280	0.1921	-1.9358	0.0811	0.0000	0.0000	321.1796	0.0000	66.6054	1.9375	0.0049	70.4941
9.3783	0.0000	-0.0130	0.0000	0.0000	0.0000	-0.0100	230.4510	0.0304	1.9700	65.4206	NOT CONNECTED	0.0000	500.0000	0.0000	0.0000	0.0000	0.0000	0.0672	0.0351	-1.9280	0.1921	-1.9358	0.0811	0.0000	0.0000	321.1918	0.0000	66.5455	1.9375	0.0049	70.4462
9.6196	0.0000	-0.0130	0.0000	0.0000	0.0000	-0.0100	230.4510	0.0304	1.9700	65.4206	NOT CONNECTED	0.0000	500.0000	0.0000	0.0000	0.0000	0.0000	0.0672	0.0351	-1.9280	0.1921	-1.9358	0.0811	0.0000	0.0000	321.1918	0.0000	66.5455	1.9375	0.0049	70.4462
9.9837	0.0000	-0.0130	0.0000	0.0000	0.0000	-0.0100	230.4510	0.0304	1.9700	65.4206	NOT CONNECTED	0.0000	500.0000	0.0000	0.0000	0.0000	0.0000	0.0672	0.0351	-1.9280	0.1921	-1.9358	0.0811	0.0000	0.0000	321.1173	0.0000	66.4898	1.9375	0.0048	70.4462
10.3610	0.0000	-0.0130	0.0000	0.0000	0.0000	-0.0100	230.4400	0.0305	1.9700	65.3228	NOT CONNECTED	0.0000	500.0000	0.0000	0.0000	0.0000	0.0000	0.0672	0.0351	-1.9280	0.1921	-1.9358	0.0811	0.0000	0.0000	321.1065	0.0000	66.4357	1.9375	0.0049	70.3985
10.5898	0.0000	-0.0130	0.0000	0.0000	0.0000	-0.0100	230.4400	0.0305	1.9700	65.3228	NOT CONNECTED	0.0000	500.0000	0.0000	0.0000	0.0000	0.0000	0.0672	0.0351	-1.9280	0.1921	-1.9358	0.0811	0.0000	0.0000	321.1065	0.0000	66.4357	1.9375	0.0049	70.3985
11.1209	0.0000	-0.0130	0.0000	0.0000	0.0000	-0.0100	230.4280	0.0304	1.9600	65.2638	NOT CONNECTED	0.0000	500.0000	0.0000	0.0000	0.0000	0.0000	0.0672	0.0351	-1.9280	0.1921	-1.9358	0.0811	0.0000	0.0000	321.1160	0.0000	66.3811	1.9375	0.0048	70.3509
11.2118	0.0000	-0.0130	0.0000	0.0000	0.0000	-0.0100	230.4280	0.0304	1.9600	65.2638	NOT CONNECTED	0.0000	500.0000	0.0000	0.0000	0.0000	0.0000	0.0672	0.0351	-1.9280	0.1921	-1.9358	0.0811	0.0000	0.0000	321.1160	0.0000	66.3811	1.9375	0.0048	70.3509
11.8176	0.0000	-0.0130	0.0000	0.0000	0.0000	-0.0100	230.4040	0.0301	1.9500	65.2400	NOT CONNECTED	0.0000	500.0000	0.0000	0.0000	0.0000	0.0000	0.0672	0.0351	-1.9280	0.1921	-1.9358	0.0811	0.0000	0.0000	321.0727	0.0000	66.3303	1.9375	0.0049	70.3509
11.8710	0.0000	-0.0130	0.0000	0.0000	0.0000	-0.0100	230.4040	0.0301	1.9500	65.2400	NOT CONNECTED	0.0000	500.0000	0.0000	0.0000	0.0000	0.0000	0.0672	0.0351	-1.9280	0.1921	-1.9358	0.0811	0.0000	0.0000	321.0727	0.0000	66.3303	1.9375	0.0049	70.3509
12.4232	0.0000	-0.0130	0.0000	0.0000	0.0000	-0.0100	230.3770	0.0300	1.9400	65.1733	NOT CONNECTED	0.0000	500.0000	0.0000	0.0000	0.0000	0.0000	0.0672	0.0351	-1.9280	0.1921	-1.9358	0.0811	0.0000	0.0000	321.0280	0.0000	66.2789	1.9375	0.0048	70.3035
12.6180	0.0000	-0.0130	0.0000	0.0000	0.0000	-0.0100	230.3770	0.0300	1.9400	65.1733	NOT CONNECTED	0.0000	500.0000	0.0000	0.0000	0.0000	0.0000	0.0672	0.0351	-1.9280	0.1921	-1.9358	0.0811	0.0000	0.0000	321.0280	0.0000	66.2789	1.9375	0.0048	70.3035
13.0288	0.0000	-0.0130	0.0000	0.0000	0.0000	-0.0100	230.3640	0.0300	1.9400	65.1043	NOT CONNECTED	0.0000	500.0000	0.0000	0.0000	0.0000	0.0000	0.0672	0.0351	-1.9280	0.1921	-1.9358	0.0811	0.0000	0.0000	321.0078	0.0000	66.2310	1.9375	0.0048	70.3035
13.3710	0.0000	-0.0130	0.0000	0.0000	0.0000	-0.0100	230.3640	0.0300	1.9400	65.1043	NOT CONNECTED	0.0000	500.0000	0.0000	0.0000	0.0000	0.0000	0.0672	0.0351	-1.9280	0.1921	-1.9358	0.0811	0.0000	0.0000	320.9631	0.0000	66.1845	1.9375	0.0051	70.2561
13.6344	0.0000	-0.0130	0.0000	0.0000	0.0000	-0.0100	230.3640	0.0300	1.9400	65.1043	NOT CONNECTED	0.0000	500.0000	0.0000	0.0000	0.0000	0.0000	0.0672	0.0351	-1.9280	0.1921	-1.9358	0.0811	0.0000	0.0000	320.9631	0.0000	66.1845	1.9375	0.0051	70.2561
14.2392	0.0000	-0.0130	0.0000	0.0000	0.0000	-0.0100	230.3390	0.0300	1.9500	65.0134	NOT CONNECTED	0.0000	500.0000	0.0000	0.0000	0.0000	0.0000	0.0672	0.0351	-1.9280	0.1921	-1.9358	0.0811	0.0000	0.0000	320.9550	0.0000	66.1393	1.9375	0.0050	70.2090
14.3760	0.0000	-0.0130	0.0000	0.0000	0.0000	-0.0100	230.3390	0.0300	1.9500	65.0134	NOT CONNECTED	0.0000	500.0000	0.0000	0.0000	0.0000	0.0000	0.0672	0.0351	-1.9280	0.1921	-1.9358	0.0811	0.0000	0.0000	320.9550	0.0000	66.1393	1.9375	0.0050	70.2090
14.8458	0.0000	-0.0130	0.0000	0.0000	0.0000	-0.0100	230.3160	0.0000	1.9500	64.9851	NOT CONNECTED	0.0000	500.0000	0.0000	0.0000	0.0000	0.0000	0.0672	0.0351	-1.9280	0.1921	-1.9358	0.0811	0.0000	0.0000	320.9171	0.0000	66.0937	1.9375	0.0047	70.2090
15.1279	0.0000	-0.0130	0.0000	0.0000	0.0000	-0.0100	230.3160	0.0000	1.9500	64.9851	NOT CONNECTED	0.0000	500.0000	0.0000	0.0000	0.0000	0.0000	0.0672	0.0351	-1.9280	0.1921	-1.9358	0.0811	0.0000	0.0000	320.9171	0.0000	66.0937	1.9375	0.0047	70.2090
15.4506	0.0000	-0.0130	0.0000	0.0000	0.0000	-0.0100	230.3160	0.0000	1.9500	64.9851	NOT CONNECTED	2000.0000	500.0000	0.0000	0.0000	0.0000	0.0000	0.0672	0.0351	-1.9280	0.1921	-1.9358	0.0811	0.0000	0.0000	320.9265	0.0000	66.0510	1.9375	0.0048	70.1619
15.8641	0.0000	-0.0130	0.0000	0.0000	0.0000	-0.0100	230.3050	0.0000	1.9600	64.9347	NOT CONNECTED	2000.0000	500.0000	0.0000	0.0000	0.0000	0.0000	0.0672	0.0351	-1.9280	0.1921	-1.9358	0.0811	0.0000	0.0000	320.9076	0.0000	66.0096	1.9375	0.0049	70.1150
16.0568	0.0000	-0.0130	0.0000	0.0000	0.0000	-0.0100	230.3050	0.0000	1.9600	64.9347	NOT CONNECTED	2000.0000	500.0000	0.0000	0.0000	0.0000	0.0000	0.0672	0.0351	-1.9280	0.1921	-1.9358	0.0811	0.0000	0.0000	320.9076	0.0000	66.0096	1.9375	0.0049	70.1150
16.6203	0.0000	-0.0130	0.0000	0.0000	0.0000	-0.0100	230.2860	0.0000	1.9600	64.8665	NOT CONNECTED	2000.0000	500.0000	0.0000	0.0000	0.0000	0.0000	0.0672	0.0351	-1.9280	0.1921	-1.9358	0.0811	0.0000	0.0000	320.8467	0.0000	65.9677	1.9375	0.0048	70.1150
16.6780	0.0000	-0.0130	0.0000	0.0000	0.0000	-0.0100	230.2860	0.0000	1.9600	64.8665	NOT CONNECTED	2000.0000	500.0000	0.0000	0.0000	0.0000	0.0000	0.0672	0.0351	-1.9280	0.1921	-1.9358	0.0811	0.0000	0.0000	320.8467	0.0000	65.9677	1.9375	0.0048	70.1150
17.2673	0.0000	-0.0130	0.0000	0.0000	0.0000	-0.0100	230.2790	0.0301	1.9800	64.8262	NOT CONNECTED	2000.0000	500.0000	0.0000	0.0000	0.0000	0.0000	0.0672	0.0351	-1.9280	0.1921	-1.9358	0.0811	0.0000	0.0000	320.8440	0.0000	65.9286	1.9375	0.0046	70.0681
17.3486	0.0000	-0.0130	0.0000	0.0000	0.0000	-0.0100	230.2790	0.0301	1.9800	64.8262	NOT CONNECTED	2000.0000	500.0000	0.0000	0.0000	0.0000	0.0000	0.0672	0.0351	-1.9280	0.1921	-1.9358	0.0811	0.0000	0.0000	320.8440	0.0000	65.9286	1.9375	0.0046	70.0681
17.8574	0.0000	-0.0130	0.0000	0.0000	0.0000	-0.0100	230.2720	0.0300	1.9700	64.7632	NOT CONNECTED	2000.0000	500.0000	0.0000	0.0000	0.0000	0.0000	0.0672	0.0351	-1.9280	0.1921	-1.9358	0.0811	0.0000	0.0000	320.8156	0.0000	65.8921	1.9375	0.0048	70.0681
18.0808	0.0000	-0.0130	0.0000	0.0000	0.0000	-0.0100	230.2720	0.0300	1.9700	64.7632	NOT CONNECTED	2000.0000	500.0000	0.0000	0.0000	0.0000	0.0000	0.0672	0.0351	-1.9280	0.1921	-1.9358	0.0811	0.0000	0.0000	320.8156	0.0000	65.8921	1.9375	0.0048	70.0681
18.4632	0.0000	-0.0130	0.0000	0.0000	0.0000	-0.0100	230.2610	0.0300	1.9700	64.7258	NOT CONNECTED	2000.0000	500.0000	0.0000	0.0000	0.0000	0.0000	0.0672	0.0351	-1.9280	0.1921	-1.9358	0.0811	0.0000	0.0000	320.8264	0.0000	65.8550	1.9375	0.0049	70.0215
18.8098	0.0000	-0.0130	0.0000	0.0000	0.0000	-0.0100	230.2610	0.0300	1.9700	64.7258	NOT CONNECTED	2000.0000	500.0000	0.0000	0.0000	0.0000	0.0000	0.0672	0.0351	-1.9280	0.1921	-1.9358	0.0811	0.0000	0.0000	320.8494	0.0000	65.8189	1.9375	0.0051	69.9749
19.0687	0.0000	-0.0130	0.0000	0.0000	0.0000	-0.0100	230.2610	0.0300	1.9700	64.7258	NOT CONNECTED	2000.0000	500.0000	0.0000	0.0000	0.0000	0.0000	0.0672	0.0351	-1.9280	0.1921	-1.9358	0.0811	0.0000	0.0000	320.8494	0.0000	65.8189	1.9375	0.0051	69.9749
19.5510	0.0000	-0.0130	0.0000	0.0000	0.0000	-0.0100	230.2600	0.0300	1.9700	64.6820	NOT CONNECTED	2000.0000	500.0000	0.0000	0.0000	-0.0005	0.0000	0.0672	0.0351	0.0000	-0.0000	-1.9358	0.0076	1.0850	0.0000	320.7953	0.0002	65.7823	1.9375	0.0050	69.9749
19.6788	0.0000	-0.0130	0.0000	0.0000	0.0000	-0.0100	230.2600	0.0300	1.9700	64.6820	NOT CONNECTED	2000.0000	500.0000	0.0000	0.0000	-0.0005	0.0000	0.0672	0.0351	0.0000	-0.0000	-1.9358	0.0076	1.0850	0.0000	320.7953	0.0002	65.7823	1.9375	0.0050	69.9749
20.2868	14.0000	-0.0290	0.0000	0.0000	0.0000	-0.0100	230.2560	0.0000	1.9700	64.6344	NOT CONNECTED	2000.0000	500.0000	0.0000	-0.4944	-0.0266	0.0000	0.1185	0.0351	2.0467	-0.0370	2.0302	-0.0642	13.7550	0.0000	312.1807	42.1335	65.7940	2.0430	0.9935	69.9300
21.0361	0.0000	0.0000	1.2316	0.0000	10.9620	30.6000	230.2260	0.3917	43.4100	64.7585	NOT CONNECTED	2000.0000	500.0000	0.0000	-0.4944	-0.0266	0.0000	0.1185	0.0351	2.0467	-0.0370	2.0302	-0.0642	13.7550	0.0000	312.1807	42.1335	65.7940	2.0430	0.9935	69.9300
21.7748	0.0000	0.0000	2.0167	0.0000	18.2240	83.0600	230.2110	0.8517	108.9400	65.0039	NOT CONNECTED	2000.0000	500.0000	0.0000	115.1698	0.1827	0.1870	0.0809	0.0806	0.9344	0.3830	0.8710	0.5206	6.5773	8.0770	317.1885	12.5426	61.8507	1.0064	0.6519	70.3570
22.5151	0.0000	-0.0160	1.3487	0.0000	11.9530	36.5000	230.2600	0.5173	56.3700	65.2456	NOT CONNECTED	2000.0000	500.0000	0.0000	115.1698	0.1827	0.1870	0.0809	0.0806	0.9344	0.3830	0.8710	0.5206	6.5773	8.0770	317.1885	12.5426	61.8507	1.0064	0.6519	70.3570
22.5795	0.0000	-0.0160	1.3487	0.0000	11.9530	36.5000	230.2600	0.5173	56.3700	65.2456	NOT CONNECTED	2000.0000	500.0000	0.0000	115.1698	0.1827	0.1870	0.0809	0.0806	0.9344	0.3830	0.8710	0.5206	6.5773	8.0770	317.1885	12.5426	61.8507	1.0064	0.6519	70.3570
23.1857	322.0000	-0.1070	0.6893	0.0000	10.1820	10.1800	230.2660	0.1895	18.5500	65.3185	NOT CONNECTED	2000.0000	500.0000	0.0000	443.3194	0.1220	0.1037	0.0707	0.0708	0.2117	0.2850	0.1830	0.2978	1.1310	15.6248	318.2584	7.2185	61.8314	0.3346	0.2488	70.3510
23.2641	322.0000	-0.1070	0.6893	0.0000	10.1820	10.1800	230.2660	0.1895	18.5500	65.3185	NOT CONNECTED	2000.0000	500.0000	0.0000	443.3194	0.1220	0.1037	0.0707	0.0708	0.2117	0.2850	0.1830	0.2978	1.1310	15.6248	318.2584	7.2185	61.8314	0.3346	0.2488	70.3510
23.9999	683.0000	-0.1030	0.2461	0.0000	16.0060	6.0100	230.2740	0.1308	12.0000	65.4370	NOT CONNECTED	2000.0000	500.0000	0.0000	1027.1153	0.1228	0.1420	0.0709	0.0708	0.2782	0.2950	0.1956	0.3370	1.4900	33.3460	316.4163	16.1369	61.6743	0.3914	0.2841	70.3154
24.3654	683.0000	-0.1030	0.2461	0.0000	16.0060	6.0100	230.2740	0.1308	12.0000	65.4370	NOT CONNECTED	2000.0000	500.0000	0.0000	1027.1153	0.1228	0.1420	0.0709	0.0708	0.2782	0.2950	0.1956	0.3370	1.4900	33.3460	316.4163	16.1369	61.6743	0.3914	0.2841	70.3154
24.7387	1055.0000	-0.1030	0.2830	0.0000	34.0720	13.3800	230.2880	0.2047	20.3600	65.5557	NOT CONNECTED	2000.0000	500.0000	0.0000	1326.8962	0.1288	0.1724	0.0709	0.0708	0.2275	0.2970	0.2508	0.3407	1.5651	42.3812	315.6091	20.5619	61.6029	0.4679	0.2983	70.3154
24.9701	1055.0000	-0.1030	0.2830	0.0000	34.0720	13.3800	230.2880	0.2047	20.3600	65.5557	NOT CONNECTED	2000.0000	500.0000	0.0000	1326.8962	0.1288	0.1724	0.0709	0.0708	0.2275	0.2970	0.2508	0.3407	1.5651	42.3812	315.6091	20.5619	61.6029	0.4679	0.2983	70.3154
25.4750	1422.0000	-0.1050	0.2938	0.0000	43.2490	17.2700	230.2950	0.2409	24.8200	65.6426	NOT CONNECTED	2000.0000	500.0000	0.0000	1632.4221	0.1274	0.1376	0.0709	0.0708	0.2569	0.3049	0.2136	0.3870	1.5955	51.3961	314.8250	25.5525	61.5364	0.4021	0.3069	70.2844
25.5598	1422.0000	-0.1050	0.2938	0.0000	43.2490	17.2700	230.2950	0.2409	24.8200	65.6426	NOT CONNECTED	2000.0000	500.0000	0.0000	1632.4221	0.1274	0.1376	0.0709	0.0708	0.2569	0.3049	0.2136	0.3870	1.5955	51.3961	314.8250	25.5525	61.5364	0.4021	0.3069	70.2844
26.1651	1794.0000	-0.1080	0.3103	0.0000	61.4570	25.3900	230.3110	0.3124	33.8100	65.7526	NOT CONNECTED	2000.0000	500.0000	0.0000	1930.3875	0.1394	0.1391	0.0709	0.0709	0.2833	0.3353	0.2320	0.4270	1.8114	60.6590	314.1289	30.1528	61.4741	0.4375	0.3137	70.2586
26.2167	1794.0000	-0.1080	0.3103	0.0000	61.4570	25.3900	230.3110	0.3124	33.8100	65.7526	NOT CONNECTED	2000.0000	500.0000	0.0000	1930.3875	0.1394	0.1391	0.0709	0.0709	0.2833	0.3353	0.2320	0.4270	1.8114	60.6590	314.1289	30.1528	61.4741	0.4375	0.3137	70.2586
26.7555	2014.0000	-0.0110	0.3164	0.0000	70.4660	29.4800	230.3200	0.3470	38.2600	65.7967	NOT CONNECTED	2000.0000	500.0000	0.0000	2006.9344	0.0441	0.0488	0.0706	0.0706	0.2915	0.1034	0.2792	0.2062	1.8992	60.7112	317.0735	10.5862	61.4125	0.3275	0.2293	70.2586
26.9479	2014.0000	-0.0110	0.3164	0.0000	70.4660	29.4800	230.3200	0.3470	38.2600	65.7967	NOT CONNECTED	2000.0000	500.0000	0.0000	2006.9344	0.0441	0.0488	0.0706	0.0706	0.2915	0.1034	0.2792	0.2062	1.8992	60.7112	317.0735	10.5862	61.4125	0.3275	0.2293	70.2586
27.3605	2005.0000	-0.0160	0.2319	0.0000	73.0650	11.6500	230.3510	0.1986	19.8300	65.9000	NOT CONNECTED	2000.0000	500.0000	0.0000	2000.1256	0.0420	0.0514	0.0706	0.0706	0.2619	0.1020	0.3388	0.1448	1.6586	60.4050	316.8964	11.4545	61.3462	0.3850	0.2340	70.2325
27.6887	2005.0000	-0.0160	0.2319	0.0000	73.0650	11.6500	230.3510	0.1986	19.8300	65.9000	NOT CONNECTED	2000.0000	500.0000	0.0000	1995.9639	0.0686	0.0659	0.0707	0.0707	0.3476	0.1538	0.2648	0.0944	1.6376	60.1152	316.8720	11.6618	61.2820	0.3063	0.2291	70.2325
27.9498	2005.0000	-0.0160	0.2319	0.0000	73.0650	11.6500	230.3510	0.1986	19.8300	65.9000	NOT CONNECTED	2000.0000	500.0000	0.0000	1995.9639	0.0686	0.0659	0.0707	0.0707	0.3476	0.1538	0.2648	0.0944	1.6376	60.1152	316.8720	11.6618	61.2820	0.3063	0.2291	70.2325
28.4332	1999.0000	-0.0200	0.2327	0.0000	73.0160	11.9300	230.3630	0.2010	20.1000	65.9270	NOT CONNECTED	2000.0000	500.0000	0.0000	2002.1283	0.0590	0.0440	0.0705	0.0706	0.2733	0.1404	0.3281	0.1072	1.5485	59.6987	316.9140	11.5171	61.2202	0.3491	0.2338	70.2045
28.5558	1999.0000	-0.0200	0.2327	0.0000	73.0160	11.9300	230.3630	0.2010	20.1000	65.9270	NOT CONNECTED	2000.0000	500.0000	0.0000	2002.1283	0.0590	0.0440	0.0705	0.0706	0.2733	0.1404	0.3281	0.1072	1.5485	59.6987	316.9140	11.5171	61.2202	0.3491	0.2338	70.2045
29.1626	1998.0000	-0.0190	0.2322	0.0000	72.9940	11.8900	230.3850	0.2005	20.0800	65.9516	NOT CONNECTED	2000.0000	500.0000	0.0000	2002.5625	0.0632	0.0424	0.0706	0.0706	0.2660	0.1490	0.2926	0.1940	1.6272	59.4602	316.8950	11.5669	61.1606	0.3252	0.2339	70.1764
29.1670	1998.0000	-0.0190	0.2322	0.0000	72.9940	11.8900	230.3850	0.2005	20.0800	65.9516	NOT CONNECTED	2000.0000	500.0000	0.0000	2002.5625	0.0632	0.0424	0.0706	0.0706	0.2660	0.1490	0.2926	0.1940	1.6272	59.4602	316.8950	11.5669	61.1606	0.3252	0.2339	70.1764
29.7677	2003.0000	-0.0190	0.2326	0.0000	72.9940	11.9400	230.3980	0.2008	20.1200	65.9938	NOT CONNECTED	2000.0000	500.0000	0.0000	2001.4641	0.0468	0.0464	0.0706	0.0706	0.2977	0.1225	0.3310	0.1295	1.6776	60.0017	316.8707	11.6931	61.1028	0.3493	0.2339	70.1764
30.0486	2003.0000	-0.0190	0.2326	0.0000	72.9940	11.9400	230.3980	0.2008	20.1200	65.9938	NOT CONNECTED	2000.0000	500.0000	0.0000	2001.4641	0.0468	0.0464	0.0706	0.0706	0.2977	0.1225	0.3310	0.1295	1.6776	60.0017	316.8707	11.6931	61.1028	0.3493	0.2339	70.1764
30.3733	2003.0000	-0.0190	0.2326	0.0000	72.9940	11.9400	230.3980	0.2008	20.1200	65.9938	NOT CONNECTED	2000.0000	500.0000	0.0000	2003.7251	0.0447	0.0385	0.0706	0.0706	0.3645	0.0952	0.2938	0.1074	1.1604	59.9795	316.8951	12.1551	61.0470	0.2890	0.2344	70.1484
30.7911	1999.0000	-0.0200	0.2334	0.0000	73.0100	11.9900	230.4220	0.2008	20.1800	65.9901	NOT CONNECTED	2000.0000	500.0000	0.0000	2003.7209	0.0491	0.0386	0.0705	0.0706	0.3044	0.1124	0.3056	0.1227	2.2515	60.9134	316.8490	11.8832	60.9928	0.2914	0.2305	70.1484
30.9630	1999.0000	-0.0200	0.2334	0.0000	73.0100	11.9900	230.4220	0.2008	20.1800	65.9901	NOT CONNECTED	2000.0000	500.0000	0.0000	2003.7209	0.0491	0.0386	0.0705	0.0706	0.3044	0.1124	0.3056	0.1227	2.2515	60.9134	316.8490	11.8832	60.9928	0.2914	0.2305	70.1484
31.5306	2002.0000	-0.0180	0.2332	0.0000	73.0060	11.9900	230.4320	0.2009	20.2000	66.0020	NOT CONNECTED	2000.0000	500.0000	0.0000	1993.9638	0.0536	0.0727	0.0706	0.0706	0.2523	0.1301	0.3310	0.1849	1.6197	59.9335	316.8977	11.5411	60.9402	0.3251	0.2347	70.1207
31.5689	2002.0000	-0.0180	0.2332	0.0000	73.0060	11.9900	230.4320	0.2009	20.2000	66.0020	NOT CONNECTED	2000.0000	500.0000	0.0000	1993.9638	0.0536	0.0727	0.0706	0.0706	0.2523	0.1301	0.3310	0.1849	1.6197	59.9335	316.8977	11.5411	60.9402	0.3251	0.2347	70.1207
32.1745	2004.0000	-0.0200	0.2329	0.0000	73.0000	11.9800	230.4570	0.2001	20.1600	65.9527	NOT CONNECTED	2000.0000	500.0000	0.0000	2002.2141	0.0393	0.0439	0.0706	0.0706	0.3318	0.0864	0.2770	0.1366	1.7236	59.6059	316.8464	12.1382	60.8894	0.3573	0.2351	70.0927
32.3678	2004.0000	-0.0200	0.2329	0.0000	73.0000	11.9800	230.4570	0.2001	20.1600	65.9527	NOT CONNECTED	2000.0000	500.0000	0.0000	2002.2141	0.0393	0.0439	0.0706	0.0706	0.3318	0.0864	0.2770	0.1366	1.7236	59.6059	316.8464	12.1382	60.8894	0.3573	0.2351	70.0927
32.7646	1998.0000	-0.0350	0.2342	0.0000	73.0400	12.4100	230.4830	0.2033	20.6200	65.9391	NOT CONNECTED	2000.0000	500.0000	0.0000	2000.7376	0.0679	0.0507	0.0707	0.0707	0.2753	0.1658	0.2704	0.1487	1.4582	59.5760	316.7314	12.3845	60.8401	0.3597	0.2351	70.0927
33.1470	1998.0000	-0.0350	0.2342	0.0000	73.0400	12.4100	230.4830	0.2033	20.6200	65.9391	NOT CONNECTED	2000.0000	500.0000	0.0000	1999.1119	0.0607	0.0593	0.0706	0.0706	0.2855	0.1418	0.2738	0.2082	1.9024	59.7526	316.6259	12.8151	60.7924	0.2919	0.2365	70.0650
33.3689	1998.0000	-0.0350	0.2342	0.0000	73.0400	12.4100	230.4830	0.2033	20.6200	65.9391	NOT CONNECTED	2000.0000	500.0000	0.0000	1999.1119	0.0607	0.0593	0.0706	0.0706	0.2855	0.1418	0.2738	0.2082	1.9024	59.7526	316.6259	12.8151	60.7924	0.2919	0.2365	70.0650
34.0305	1997.0000	-0.0410	0.2360	0.0000	73.0760	13.0600	230.4940	0.2092	21.3100	65.9000	NOT CONNECTED	2000.0000	500.0000	0.0000	1998.7555	0.0579	0.0718	0.0706	0.0706	0.3018	0.1443	0.2804	0.1792	1.2407	60.0932	316.1255	16.3760	60.7073	0.3438	0.2468	70.0376
34.4854	2000.0000	-0.0530	0.2430	0.0000	73.2090	15.1000	230.5150	0.2256	23.3500	65.8570	NOT CONNECTED	2000.0000	500.0000	0.0000	1998.7555	0.0579	0.0718	0.0706	0.0706	0.3018	0.1443	0.2804	0.1792	1.2407	60.0932	316.1255	16.3760	60.7073	0.3438	0.2468	70.0376
34.7798	2000.0000	-0.0530	0.2430	0.0000	73.2090	15.1000	230.5150	0.2256	23.3500	65.8570	NOT CONNECTED	2000.0000	500.0000	0.0000	1998.7555	0.0579	0.0718	0.0706	0.0706	0.3018	0.1443	0.2804	0.1792	1.2407	60.0932	316.1255	16.3760	60.7073	0.3438	0.2468	70.0376
35.0915	2000.0000	-0.0530	0.2430	0.0000	73.2090	15.1000	230.5150	0.2256	23.3500	65.8570	NOT CONNECTED	2000.0000	500.0000	0.0000	2001.7359	0.1044	0.0711	0.0707	0.0708	0.3382	0.2401	0.2744	0.1807	2.5849	60.8110	315.6914	18.6171	60.6648	0.3619	0.2538	70.0105
35.5255	2001.0000	-0.0550	0.2494	0.0000	73.3280	16.8500	230.5230	0.2403	25.1700	65.8311	NOT CONNECTED	2000.0000	500.0000	0.0000	1995.0887	0.0957	0.1064	0.0708	0.0707	0.2740	0.2176	0.2097	0.2666	1.6941	60.7252	315.1560	21.2218	60.6245	0.3464	0.2628	70.0105
35.6971	2001.0000	-0.0550	0.2494	0.0000	73.3280	16.8500	230.5230	0.2403	25.1700	65.8311	NOT CONNECTED	2000.0000	500.0000	0.0000	1995.0887	0.0957	0.1064	0.0708	0.0707	0.2740	0.2176	0.2097	0.2666	1.6941	60.7252	315.1560	21.2218	60.6245	0.3464	0.2628	70.0105
36.3020	1996.0000	-0.0710	0.2672	0.0000	73.6180	21.1200	230.5420	0.2752	29.6400	65.7954	NOT CONNECTED	2000.0000	500.0000	0.0000	1995.1112	0.1166	0.1261	0.0708	0.0708	0.3290	0.2590	0.2151	0.3149	1.3631	61.1032	314.4571	26.7667	60.5853	0.3766	0.2844	69.9843
36.3790	1996.0000	-0.0710	0.2672	0.0000	73.6180	21.1200	230.5420	0.2752	29.6400	65.7954	NOT CONNECTED	2000.0000	500.0000	0.0000	1995.1112	0.1166	0.1261	0.0708	0.0708	0.3290	0.2590	0.2151	0.3149	1.3631	61.1032	314.4571	26.7667	60.5853	0.3766	0.2844	69.9843
36.9086	1998.0000	-0.1100	0.3039	0.0000	74.0810	28.5500	230.5560	0.3352	37.4600	65.7621	NOT CONNECTED	2000.0000	500.0000	0.0000	1995.7457	0.1616	0.1428	0.0709	0.0709	0.2893	0.3828	0.2261	0.3684	2.5334	61.0213	313.7175	31.4465	60.5513	0.4178	0.3016	69.9843
37.1486	1998.0000	-0.1100	0.3039	0.0000	74.0810	28.5500	230.5560	0.3352	37.4600	65.7621	NOT CONNECTED	2000.0000	500.0000	0.0000	1995.7457	0.1616	0.1428	0.0709	0.0709	0.2893	0.3828	0.2261	0.3684	2.5334	61.0213	313.7175	31.4465	60.5513	0.4178	0.3016	69.9843
37.5144	1998.0000	-0.1100	0.3039	0.0000	74.0810	28.5500	230.5560	0.3352	37.4600	65.7621	NOT CONNECTED	2000.0000	500.0000	0.0000	1997.6875	0.1661	0.1596	0.0709	0.0709	0.3018	0.3843	0.1978	0.4872	2.1856	62.3763	313.0785	36.3764	60.5215	0.4647	0.3418	69.9597
38.0181	1999.0000	-0.1480	0.3269	0.0000	74.3350	32.7900	230.5620	0.3686	41.8700	65.6902	NOT CONNECTED	2000.0000	500.0000	0.0000	1995.8215	0.2028	0.1961	0.0710	0.0710	0.2875	0.4822	0.1922	0.5099	1.9430	62.2385	311.9841	44.6300	60.4968	0.5423	0.3786	69.9377
38.1199	1999.0000	-0.1480	0.3269	0.0000	74.3350	32.7900	230.5620	0.3686	41.8700	65.6902	NOT CONNECTED	2000.0000	500.0000	0.0000	1995.8215	0.2028	0.1961	0.0710	0.0710	0.2875	0.4822	0.1922	0.5099	1.9430	62.2385	311.9841	44.6300	60.4968	0.5423	0.3786	69.9377
38.7251	1998.0000	-0.2080	0.4289	0.0000	75.3280	49.5100	230.5780	0.4982	59.8300	65.6459	0.0000	2000.0000	500.0000	0.0000	1991.3843	0.2238	0.2435	0.0711	0.0711	0.2913	0.5313	0.1666	0.6001	2.1633	62.8601	311.1172	51.0377	60.4791	0.6141	0.4164	69.9377
39.2764	1998.0000	-0.2080	0.4289	0.0000	75.3280	49.5100	230.5780	0.4982	59.8300	65.6459	0.0000	2000.0000	500.0000	0.0000	1992.4477	0.2424	0.2674	0.0712	0.0712	0.3128	0.5781	0.1611	0.6369	1.3435	62.9779	310.7906	54.4297	60.4690	0.6740	0.4502	69.9207
39.3308	1998.0000	-0.2080	0.4289	0.0000	75.3280	49.5100	230.5780	0.4982	59.8300	65.6459	0.0000	2000.0000	500.0000	0.0000	1992.4477	0.2424	0.2674	0.0712	0.0712	0.3128	0.5781	0.1611	0.6369	1.3435	62.9779	310.7906	54.4297	60.4690	0.6740	0.4502	69.9207
39.9209	1999.0000	-0.2200	0.4476	0.0000	75.5810	52.4100	230.5850	0.5216	63.0700	65.6338	0.0000	2000.0000	500.0000	0.0000	1997.5225	0.2713	0.2532	0.0712	0.0713	0.2786	0.6478	0.0881	0.6434	1.9545	62.5292	310.5410	55.9092	60.4625	0.6280	0.4591	69.9207
40.0173	1999.0000	-0.2200	0.4476	0.0000	75.5810	52.4100	230.5850	0.5216	63.0700	65.6338	0.0000	2000.0000	500.0000	0.0000	1997.5225	0.2713	0.2532	0.0712	0.0713	0.2786	0.6478	0.0881	0.6434	1.9545	62.5292	310.5410	55.9092	60.4625	0.6280	0.4591	69.9207
40.5263	1998.0000	-0.2200	0.4712	0.0000	75.8830	55.9900	230.5950	0.5493	66.9600	65.6035	0.0000	2000.0000	500.0000	0.0000	1994.4406	0.2475	0.2726	0.0713	0.0711	0.2625	0.5719	0.0922	0.7080	0.5492	63.0268	310.4306	58.0982	60.4585	0.6724	0.4729	69.9075
40.7586	1998.0000	-0.2200	0.4712	0.0000	75.8830	55.9900	230.5950	0.5493	66.9600	65.6035	0.0000	2000.0000	500.0000	0.0000	1994.4406	0.2475	0.2726	0.0713	0.0711	0.2625	0.5719	0.0922	0.7080	0.5492	63.0268	310.4306	58.0982	60.4585	0.6724	0.4729	69.9075
41.1309	1998.0000	-0.2200	0.4712	0.0000	75.8830	55.9900	230.5950	0.5493	66.9600	65.6035	0.0000	2000.0000	500.0000	0.0000	2000.7895	0.2776	0.2591	0.0712	0.0713	0.3457	0.6502	0.1090	0.6510	2.4352	63.8589	310.2769	60.2775	60.4569	0.6372	0.4904	69.8960
41.5102	1998.0000	-0.2280	0.4830	0.0000	75.9990	57.7400	230.6010	0.5632	68.8300	65.5330	0.0000	2000.0000	500.0000	0.0000	1997.2833	0.2761	0.2766	0.0713	0.0713	0.3326	0.6395	0.0923	0.6745	1.3473	63.3676	310.2231	60.9907	60.4576	0.6732	0.4956	69.8960
41.7375	1998.0000	-0.2280	0.4830	0.0000	75.9990	57.7400	230.6010	0.5632	68.8300	65.5330	0.0000	2000.0000	500.0000	0.0000	1997.2833	0.2761	0.2766	0.0713	0.0713	0.3326	0.6395	0.0923	0.6745	1.3473	63.3676	310.2231	60.9907	60.4576	0.6732	0.4956	69.8960
42.2580	1999.0000	-0.2320	0.4972	0.0000	76.2310	59.8000	230.6080	0.5809	71.1200	65.5185	1.0000	2000.0000	500.0000	0.0000	1998.9385	0.2811	0.2726	0.0708	0.0713	0.2800	0.6671	0.1268	0.6874	1.0041	63.6143	310.3206	60.6615	60.4589	0.6747	0.4958	69.8863
42.3468	1999.0000	-0.2320	0.4972	0.0000	76.2310	59.8000	230.6080	0.5809	71.1200	65.5185	1.0000	2000.0000	500.0000	0.0000	1998.9385	0.2811	0.2726	0.0708	0.0713	0.2800	0.6671	0.1268	0.6874	1.0041	63.6143	310.3206	60.6615	60.4589	0.6747	0.4958	69.8863
42.9492	1999.0000	-0.2340	0.4994	0.0000	76.2580	60.1500	230.6150	0.5845	71.5100	65.4749	1.0000	2000.0000	500.0000	0.0000	2001.9408	0.2570	0.2633	0.0712	0.0712	0.2606	0.6006	0.1539	0.7516	2.1853	64.7273	310.2911	60.9061	60.4600	0.6922	0.4967	69.8863
43.1472	1999.0000	-0.2340	0.4994	0.0000	76.2580	60.1500	230.6150	0.5845	71.5100	65.4749	1.0000	2000.0000	500.0000	0.0000	2001.9408	0.2570	0.2633	0.0712	0.0712	0.2606	0.6006	0.1539	0.7516	2.1853	64.7273	310.2911	60.9061	60.4600	0.6922	0.4967	69.8863
43.5543	1999.0000	-0.2340	0.5002	0.0000	76.2390	60.3300	230.6150	0.5860	71.6800	65.4647	1.0000	2000.0000	500.0000	0.0000	1999.0606	0.2551	0.2740	0.0713	0.0712	0.3237	0.5975	0.1809	0.6382	2.0239	63.3032	310.3994	61.5411	60.4612	0.7045	0.4991	69.8771
43.8807	1999.0000	-0.2340	0.5002	0.0000	76.2390	60.3300	230.6150	0.5860	71.6800	65.4647	1.0000	2000.0000	500.0000	0.0000	2003.5398	0.2819	0.2584	0.0712	0.0714	0.3491	0.6603	0.1491	0.6949	1.1147	63.1309	310.4414	61.2972	60.4627	0.6913	0.4991	69.8679
44.1598	1999.0000	-0.2340	0.5002	0.0000	76.2390	60.3300	230.6150	0.5860	71.6800	65.4647	1.0000	2000.0000	500.0000	0.0000	2003.5398	0.2819	0.2584	0.0712	0.0714	0.3491	0.6603	0.1491	0.6949	1.1147	63.1309	310.4414	61.2972	60.4627	0.6913	0.4991	69.8679
44.6422	2001.0000	-0.2340	0.5005	0.0000	76.2710	60.3600	230.6150	0.5874	71.7300	65.4258	1.0000	2000.0000	500.0000	0.0000	2001.8560	0.2688	0.2643	0.0712	0.0712	0.2761	0.6268	0.1253	0.6723	0.7811	63.4704	310.4669	61.1530	60.4638	0.6860	0.4992	69.8679
44.7658	2001.0000	-0.2340	0.5005	0.0000	76.2710	60.3600	230.6150	0.5874	71.7300	65.4258	1.0000	2000.0000	500.0000	0.0000	2001.8560	0.2688	0.2643	0.0712	0.0712	0.2761	0.6268	0.1253	0.6723	0.7811	63.4704	310.4669	61.1530	60.4638	0.6860	0.4992	69.8679
45.3710	1999.0000	-0.2330	0.5005	0.0000	76.2750	60.3300	230.6150	0.5878	71.6100	65.3693	1.0000	2000.0000	500.0000	0.0000	1997.9052	0.2666	0.2779	0.0713	0.0712	0.2831	0.6197	0.1190	0.7589	0.6250	64.0188	310.5116	61.1951	60.4646	0.7310	0.4985	69.8588
45.3820	1999.0000	-0.2330	0.5005	0.0000	76.2750	60.3300	230.6150	0.5878	71.6100	65.3693	1.0000	2000.0000	500.0000	0.0000	1997.9052	0.2666	0.2779	0.0713	0.0712	0.2831	0.6197	0.1190	0.7589	0.6250	64.0188	310.5116	61.1951	60.4646	0.7310	0.4985	69.8588
45.9771	2002.0000	-0.2340	0.5004	0.0000	76.2720	60.3200	230.6100	0.5884	71.6000	65.3791	1.0000	2000.0000	500.0000	0.0000	2000.1778	0.2553	0.2701	0.0713	0.0712	0.3009	0.5959	0.1224	0.6608	1.6467	63.3118	310.5634	61.3829	60.4651	0.6770	0.4981	69.8588
46.1499	2002.0000	-0.2340	0.5004	0.0000	76.2720	60.3200	230.6100	0.5884	71.6000	65.3791	1.0000	2000.0000	500.0000	0.0000	2000.1778	0.2553	0.2701	0.0713	0.0712	0.3009	0.5959	0.1224	0.6608	1.6467	63.3118	310.5634	61.3829	60.4651	0.6770	0.4981	69.8588
46.5828	2003.0000	-0.2340	0.5003	0.0000	76.2730	60.3100	230.6050	0.5893	71.6200	65.2941	1.0000	2000.0000	500.0000	0.0000	2003.6313	0.2859	0.2578	0.0713	0.0714	0.3744	0.6652	0.0904	0.6571	1.4430	64.0311	310.5930	61.4131	60.4659	0.6676	0.4995	69.8499
46.8959	2003.0000	-0.2340	0.5003	0.0000	76.2730	60.3100	230.6050	0.5893	71.6200	65.2941	1.0000	2000.0000	500.0000	0.0000	1997.4386	0.2742	0.2795	0.0712	0.0713	0.2345	0.6446	0.0494	0.6670	2.1501	63.7048	310.6498	60.7016	60.4666	0.6774	0.4993	69.8407
47.1873	2003.0000	-0.2340	0.5003	0.0000	76.2730	60.3100	230.6050	0.5893	71.6200	65.2941	1.0000	2000.0000	500.0000	0.0000	1997.4386	0.2742	0.2795	0.0712	0.0713	0.2345	0.6446	0.0494	0.6670	2.1501	63.7048	310.6498	60.7016	60.4666	0.6774	0.4993	69.8407
47.6455	2002.0000	-0.2340	0.5000	0.0000	76.2670	60.2800	230.5950	0.5894	71.6000	65.2973	1.0000	2000.0000	500.0000	0.0000	1999.2367	0.2766	0.2733	0.0713	0.0713	0.2857	0.6605	0.1349	0.7327	0.9641	63.4813	310.6323	60.9077	60.4670	0.7174	0.4991	69.8407
47.7935	2002.0000	-0.2340	0.5000	0.0000	76.2670	60.2800	230.5950	0.5894	71.6000	65.2973	1.0000	2000.0000	500.0000	0.0000	1999.2367	0.2766	0.2733	0.0713	0.0713	0.2857	0.6605	0.1349	0.7327	0.9641	63.4813	310.6323	60.9077	60.4670	0.7174	0.4991	69.8407
48.3922	2003.0000	-0.2340	0.4999	0.0000	76.2570	60.2900	230.5870	0.5899	71.5700	65.2475	2.0000	2000.0000	500.0000	0.0000	1992.9374	0.2752	0.2952	0.0715	0.0713	0.2992	0.6482	0.1241	0.6466	1.1026	62.9543	310.6905	61.1580	60.4671	0.7275	0.4990	69.8317
48.3998	2003.0000	-0.2340	0.4999	0.0000	76.2570	60.2900	230.5870	0.5899	71.5700	65.2475	2.0000	2000.0000	500.0000	0.0000	1992.9374	0.2752	0.2952	0.0715	0.0713	0.2992	0.6482	0.1241	0.6466	1.1026	62.9543	310.6905	61.1580	60.4671	0.7275	0.4990	69.8317
49.0054	2001.0000	-0.2340	0.4996	0.0000	76.2440	60.2500	230.5720	0.5905	71.4900	65.2177	2.0000	2000.0000	500.0000	0.0000	1996.5668	0.2923	0.2823	0.0714	0.0715	0.3198	0.6941	0.1568	0.6291	1.6695	63.0503	310.7108	61.1725	60.4669	0.6760	0.4956	69.8317
49.2500	2001.0000	-0.2340	0.4996	0.0000	76.2440	60.2500	230.5720	0.5905	71.4900	65.2177	2.0000	2000.0000	500.0000	0.0000	1996.5668	0.2923	0.2823	0.0714	0.0715	0.3198	0.6941	0.1568	0.6291	1.6695	63.0503	310.7108	61.1725	60.4669	0.6760	0.4956	69.8317
49.6110	2001.0000	-0.2340	0.4996	0.0000	76.2440	60.2500	230.5720	0.5905	71.4900	65.2177	2.0000	2000.0000	500.0000	0.0000	1998.0880	0.2761	0.2765	0.0713	0.0713	0.2412	0.6551	0.0865	0.6772	1.9020	63.1872	310.7758	60.4001	60.4668	0.6791	0.4977	69.8228
49.9973	2000.0000	-0.2340	0.4989	0.0000	76.2310	60.1600	230.5620	0.5901	71.4100	65.2324	2.0000	2000.0000	500.0000	0.0000	1999.8778	0.2549	0.2699	0.0713	0.0712	0.2615	0.5997	0.0635	0.7404	2.6456	64.2874	310.7810	60.8045	60.4668	0.6504	0.4982	69.8137
50.2166	2000.0000	-0.2340	0.4989	0.0000	76.2310	60.1600	230.5620	0.5901	71.4100	65.2324	2.0000	2000.0000	500.0000	0.0000	1999.8778	0.2549	0.2699	0.0713	0.0712	0.2615	0.5997	0.0635	0.7404	2.6456	64.2874	310.7810	60.8045	60.4668	0.6504	0.4982	69.8137
50.7482	2001.0000	-0.2330	0.4987	0.0000	76.2490	60.0600	230.5430	0.5906	71.3300	65.1692	2.0000	2000.0000	500.0000	0.0000	2002.1490	0.2739	0.2621	0.0713	0.0713	0.3622	0.6404	0.2077	0.6521	0.9708	62.4505	310.7527	61.2465	60.4665	0.7579	0.4979	69.8137
50.8212	2001.0000	-0.2330	0.4987	0.0000	76.2490	60.0600	230.5430	0.5906	71.3300	65.1692	2.0000	2000.0000	500.0000	0.0000	2002.1490	0.2739	0.2621	0.0713	0.0713	0.3622	0.6404	0.2077	0.6521	0.9708	62.4505	310.7527	61.2465	60.4665	0.7579	0.4979	69.8137
51.4276	2002.0000	-0.2330	0.4988	0.0000	76.2540	60.0700	230.5350	0.5903	71.2700	65.1528	2.0000	2000.0000	500.0000	0.0000	1998.1756	0.2654	0.2756	0.0712	0.0712	0.3248	0.6179	0.1276	0.6922	1.9677	63.8503	310.7972	60.9242	60.4660	0.6904	0.4974	69.8046
51.4910	2002.0000	-0.2330	0.4988	0.0000	76.2540	60.0700	230.5350	0.5903	71.2700	65.1528	2.0000	2000.0000	500.0000	0.0000	1998.1756	0.2654	0.2756	0.0712	0.0712	0.3248	0.6179	0.1276	0.6922	1.9677	63.8503	310.7972	60.9242	60.4660	0.6904	0.4974	69.8046
52.0335	1998.0000	-0.2340	0.4985	0.0000	76.2720	60.0200	230.5090	0.5909	71.2600	65.1015	2.0000	2000.0000	500.0000	0.0000	1999.2511	0.2795	0.2718	0.0712	0.0713	0.3223	0.6520	0.0507	0.6111	1.8163	62.9073	310.7660	61.0434	60.4651	0.6488	0.4944	69.8046
52.2265	1998.0000	-0.2340	0.4985	0.0000	76.2720	60.0200	230.5090	0.5909	71.2600	65.1015	2.0000	2000.0000	500.0000	0.0000	1999.2511	0.2795	0.2718	0.0712	0.0713	0.3223	0.6520	0.0507	0.6111	1.8163	62.9073	310.7660	61.0434	60.4651	0.6488	0.4944	69.8046
52.6384	2001.0000	-0.2330	0.4982	0.0000	76.2750	59.9500	230.5000	0.5902	71.1500	65.0768	2.0000	2000.0000	500.0000	0.0000	1995.7669	0.2669	0.2838	0.0713	0.0712	0.2295	0.6308	0.1243	0.7286	1.7147	64.1920	310.8093	60.3874	60.4642	0.7330	0.4971	69.7957
52.9673	2001.0000	-0.2330	0.4982	0.0000	76.2750	59.9500	230.5000	0.5902	71.1500	65.0768	2.0000	2000.0000	500.0000	0.0000	2003.5908	0.2666	0.2564	0.0711	0.0712	0.3258	0.6346	0.1896	0.6416	1.1248	63.7600	310.8228	60.9397	60.4635	0.7185	0.4967	69.7865
53.2431	2001.0000	-0.2330	0.4982	0.0000	76.2750	59.9500	230.5000	0.5902	71.1500	65.0768	2.0000	2000.0000	500.0000	0.0000	2003.5908	0.2666	0.2564	0.0711	0.0712	0.3258	0.6346	0.1896	0.6416	1.1248	63.7600	310.8228	60.9397	60.4635	0.7185	0.4967	69.7865
53.7106	2002.0000	-0.2330	0.4979	0.0000	76.2750	59.9300	230.4730	0.5906	71.1100	65.0630	2.0000	2000.0000	500.0000	0.0000	1998.3210	0.2702	0.2746	0.0713	0.0712	0.3472	0.6167	0.1555	0.6842	1.7990	62.9543	310.7770	60.7181	60.4627	0.6837	0.4962	69.7865
53.8489	2002.0000	-0.2330	0.4979	0.0000	76.2750	59.9300	230.4730	0.5906	71.1100	65.0630	2.0000	2000.0000	500.0000	0.0000	1998.3210	0.2702	0.2746	0.0713	0.0712	0.3472	0.6167	0.1555	0.6842	1.7990	62.9543	310.7770	60.7181	60.4627	0.6837	0.4962	69.7865
54.4392	1999.0000	-0.2340	0.4974	0.0000	76.2700	59.8600	230.4620	0.5902	70.9900	65.0277	3.0000	2000.0000	500.0000	0.0000	2004.7894	0.2650	0.2518	0.0712	0.0712	0.2678	0.6240	0.1541	0.6834	2.5552	63.3011	310.7998	60.2022	60.4619	0.6646	0.4952	69.7774
54.4478	1999.0000	-0.2340	0.4974	0.0000	76.2700	59.8600	230.4620	0.5902	70.9900	65.0277	3.0000	2000.0000	500.0000	0.0000	2004.7894	0.2650	0.2518	0.0712	0.0712	0.2678	0.6240	0.1541	0.6834	2.5552	63.3011	310.7998	60.2022	60.4619	0.6646	0.4952	69.7774
55.0450	1998.0000	-0.2340	0.4973	0.0000	76.2620	59.8500	230.4350	0.5908	71.0300	64.9966	3.0000	2000.0000	500.0000	0.0000	2004.0754	0.2540	0.2544	0.0712	0.0712	0.3116	0.5910	0.1082	0.6806	1.6745	63.3377	310.7712	60.8440	60.4604	0.6713	0.4949	69.7683
55.3164	1998.0000	-0.2340	0.4973	0.0000	76.2620	59.8500	230.4350	0.5908	71.0300	64.9966	3.0000	2000.0000	500.0000	0.0000	2004.0754	0.2540	0.2544	0.0712	0.0712	0.3116	0.5910	0.1082	0.6806	1.6745	63.3377	310.7712	60.8440	60.4604	0.6713	0.4949	69.7683
55.6508	1998.0000	-0.2340	0.4973	0.0000	76.2620	59.8500	230.4350	0.5908	71.0300	64.9966	3.0000	2000.0000	500.0000	0.0000	2004.2038	0.2698	0.2537	0.0712	0.0713	0.3650	0.6225	0.1071	0.6812	2.4628	63.3945	310.8104	60.7910	60.4593	0.6768	0.4962	69.7683
56.0549	2001.0000	-0.2320	0.4971	0.0000	76.2660	59.8200	230.4230	0.5907	70.9900	64.9617	3.0000	2000.0000	500.0000	0.0000	2001.3636	0.2856	0.2632	0.0712	0.0714	0.2834	0.6746	0.1274	0.6741	1.2714	63.6918	310.8253	60.6047	60.4577	0.6877	0.4949	69.7591
56.2573	2001.0000	-0.2320	0.4971	0.0000	76.2660	59.8200	230.4230	0.5907	70.9900	64.9617	3.0000	2000.0000	500.0000	0.0000	2001.3636	0.2856	0.2632	0.0712	0.0714	0.2834	0.6746	0.1274	0.6741	1.2714	63.6918	310.8253	60.6047	60.4577	0.6877	0.4949	69.7591
56.7895	1998.0000	-0.2310	0.4963	0.0000	76.2330	59.7500	230.3950	0.5901	70.9200	64.9353	3.0000	2000.0000	500.0000	0.0000	2002.3292	0.2758	0.2598	0.0711	0.0712	0.3202	0.6252	0.1322	0.6585	2.2727	63.2621	310.7819	60.5232	60.4563	0.6206	0.4949	69.7591
56.8619	1998.0000	-0.2310	0.4963	0.0000	76.2330	59.7500	230.3950	0.5901	70.9200	64.9353	3.0000	2000.0000	500.0000	0.0000	2002.3292	0.2758	0.2598	0.0711	0.0712	0.3202	0.6252	0.1322	0.6585	2.2727	63.2621	310.7819	60.5232	60.4563	0.6206	0.4949	69.7591
57.4676	1998.0000	-0.2320	0.4957	0.0000	76.2100	59.6700	230.3810	0.5900	70.8200	64.9353	3.0000	2000.0000	500.0000	0.0000	2005.4295	0.2684	0.2486	0.0712	0.0712	0.2307	0.6347	0.1021	0.7415	1.5805	63.8136	310.8157	60.0833	60.4548	0.6697	0.4942	69.7499
57.5410	1998.0000	-0.2320	0.4957	0.0000	76.2100	59.6700	230.3810	0.5900	70.8200	64.9353	3.0000	2000.0000	500.0000	0.0000	2005.4295	0.2684	0.2486	0.0712	0.0712	0.2307	0.6347	0.1021	0.7415	1.5805	63.8136	310.8157	60.0833	60.4548	0.6697	0.4942	69.7499
58.0737	2004.0000	-0.2320	0.4951	0.0000	76.1880	59.6000	230.3510	0.5898	70.6800	64.8853	3.0000	2000.0000	500.0000	0.0000	2000.7522	0.2467	0.2649	0.0712	0.0711	0.3494	0.5419	0.0885	0.6532	2.1805	63.6332	310.7519	60.8508	60.4530	0.6700	0.4927	69.7408
58.2701	2004.0000	-0.2320	0.4951	0.0000	76.1880	59.6000	230.3510	0.5898	70.6800	64.8853	3.0000	2000.0000	500.0000	0.0000	2000.7522	0.2467	0.2649	0.0712	0.0711	0.3494	0.5419	0.0885	0.6532	2.1805	63.6332	310.7519	60.8508	60.4530	0.6700	0.4927	69.7408
58.6783	1998.0000	-0.2320	0.4950	0.0000	76.1840	59.6000	230.3390	0.5900	70.6900	64.8695	3.0000	2000.0000	500.0000	0.0000	2005.3422	0.2885	0.2490	0.0712	0.0714	0.2594	0.6841	0.1132	0.6901	0.7811	62.9772	310.8089	60.1657	60.4512	0.6648	0.4942	69.7408
59.0052	1998.0000	-0.2320	0.4950	0.0000	76.1840	59.6000	230.3390	0.5900	70.6900	64.8695	3.0000	2000.0000	500.0000	0.0000	2000.6483	0.2674	0.2659	0.0712	0.0712	0.2922	0.6288	0.1220	0.6814	0.5132	63.2770	310.7466	60.6090	60.4497	0.7082	0.4955	69.7315
59.2850	1998.0000	-0.2320	0.4950	0.0000	76.1840	59.6000	230.3390	0.5900	70.6900	64.8695	3.0000	2000.0000	500.0000	0.0000	2000.6483	0.2674	0.2659	0.0712	0.0712	0.2922	0.6288	0.1220	0.6814	0.5132	63.2770	310.7466	60.6090	60.4497	0.7082	0.4955	69.7315
59.7454	2001.0000	-0.2310	0.4962	0.0000	76.2200	59.7500	230.3080	0.5914	70.8200	64.8448	3.0000	2000.0000	500.0000	0.0000	1999.7867	0.2723	0.2690	0.0713	0.0713	0.2702	0.6541	0.1482	0.7100	1.7399	63.7379	310.7372	60.2443	60.4483	0.6973	0.4952	69.7315
59.8898	2001.0000	-0.2310	0.4962	0.0000	76.2200	59.7500	230.3080	0.5914	70.8200	64.8448	3.0000	2000.0000	500.0000	0.0000	1999.7867	0.2723	0.2690	0.0713	0.0713	0.2702	0.6541	0.1482	0.7100	1.7399	63.7379	310.7372	60.2443	60.4483	0.6973	0.4952	69.7315
60.4850	2001.0000	-0.2320	0.4963	0.0000	76.2280	59.7600	230.2960	0.5919	70.9000	64.8453	4.0000	2000.0000	500.0000	0.0000	2003.4850	0.2568	0.2559	0.0711	0.0712	0.3085	0.6042	0.2062	0.6628	1.2473	63.4490	310.7141	60.6173	60.4468	0.7376	0.4942	69.7223
60.4962	2001.0000	-0.2320	0.4963	0.0000	76.2280	59.7600	230.2960	0.5919	70.9000	64.8453	4.0000	2000.0000	500.0000	0.0000	2003.4850	0.2568	0.2559	0.0711	0.0712	0.3085	0.6042	0.2062	0.6628	1.2473	63.4490	310.7141	60.6173	60.4468	0.7376	0.4942	69.7223
61.1009	1999.0000	-0.2330	0.4959	0.0000	76.2100	59.7100	230.2710	0.5914	70.7500	64.7914	4.0000	2000.0000	500.0000	0.0000	1992.9513	0.2814	0.2929	0.0713	0.0714	0.3651	0.6458	0.1138	0.6592	1.6342	63.3253	310.7346	60.8162	60.4447	0.6989	0.4949	69.7134
61.3380	1999.0000	-0.2330	0.4959	0.0000	76.2100	59.7100	230.2710	0.5914	70.7500	64.7914	4.0000	2000.0000	500.0000	0.0000	1992.9513	0.2814	0.2929	0.0713	0.0714	0.3651	0.6458	0.1138	0.6592	1.6342	63.3253	310.7346	60.8162	60.4447	0.6989	0.4949	69.7134
61.7072	1999.0000	-0.2330	0.4959	0.0000	76.2100	59.7100	230.2710	0.5914	70.7500	64.7914	4.0000	2000.0000	500.0000	0.0000	2001.5497	0.2820	0.2624	0.0713	0.0713	0.2434	0.6622	0.1115	0.6634	1.4835	63.6587	310.7535	60.0591	60.4431	0.6604	0.4942	69.7134
62.0822	2002.0000	-0.2310	0.4960	0.0000	76.2400	59.7000	230.2620	0.5921	70.8100	64.7602	4.0000	2000.0000	500.0000	0.0000	1996.9897	0.2677	0.2786	0.0714	0.0712	0.2927	0.6255	0.1749	0.6636	1.8127	63.2856	310.7466	60.8139	60.4414	0.7515	0.4949	69.7043
62.3134	2002.0000	-0.2310	0.4960	0.0000	76.2400	59.7000	230.2620	0.5921	70.8100	64.7602	4.0000	2000.0000	500.0000	0.0000	1996.9897	0.2677	0.2786	0.0714	0.0712	0.2927	0.6255	0.1749	0.6636	1.8127	63.2856	310.7466	60.8139	60.4414	0.7515	0.4949	69.7043
62.8253	2001.0000	-0.2320	0.4960	0.0000	76.2150	59.7200	230.2460	0.5924	70.8200	64.7500	4.0000	2000.0000	500.0000	0.0000	2000.6817	0.2737	0.2657	0.0711	0.0713	0.2858	0.6533	0.1283	0.6552	1.5727	63.6692	310.6953	60.5935	60.4396	0.6538	0.4944	69.7043
62.9194	2001.0000	-0.2320	0.4960	0.0000	76.2150	59.7200	230.2460	0.5924	70.8200	64.7500	4.0000	2000.0000	500.0000	0.0000	2000.6817	0.2737	0.2657	0.0711	0.0713	0.2858	0.6533	0.1283	0.6552	1.5727	63.6692	310.6953	60.5935	60.4396	0.6538	0.4944	69.7043
63.5245	1997.0000	-0.2320	0.4957	0.0000	76.2130	59.6900	230.2410	0.5927	70.8600	64.6877	4.0000	2000.0000	500.0000	0.0000	1999.9553	0.2832	0.2682	0.0712	0.0714	0.3788	0.6530	0.1459	0.6453	1.6907	63.1002	310.7576	60.8459	60.4377	0.6632	0.4946	69.6952
63.5663	1997.0000	-0.2320	0.4957	0.0000	76.2130	59.6900	230.2410	0.5927	70.8600	64.6877	4.0000	2000.0000	500.0000	0.0000	1999.9553	0.2832	0.2682	0.0712	0.0714	0.3788	0.6530	0.1459	0.6453	1.6907	63.1002	310.7576	60.8459	60.4377	0.6632	0.4946	69.6952
64.1298	2002.0000	-0.2290	0.4951	0.0000	76.2030	59.6100	230.2330	0.5919	70.6900	64.6851	4.0000	2000.0000	500.0000	0.0000	2004.9972	0.2667	0.2505	0.0712	0.0712	0.2574	0.6214	0.1537	0.6807	3.2643	64.0576	310.7767	60.2251	60.4354	0.6790	0.4941	69.6863
64.3073	2002.0000	-0.2290	0.4951	0.0000	76.2030	59.6100	230.2330	0.5919	70.6900	64.6851	4.0000	2000.0000	500.0000	0.0000	2004.9972	0.2667	0.2505	0.0712	0.0712	0.2574	0.6214	0.1537	0.6807	3.2643	64.0576	310.7767	60.2251	60.4354	0.6790	0.4941	69.6863
65.0492	2001.0000	-0.2300	0.4956	0.0000	76.2030	59.6800	230.2310	0.5927	70.8400	64.6493	4.0000	2000.0000	500.0000	0.0000	2004.1714	0.2626	0.2533	0.0712	0.0712	0.2677	0.6157	0.1157	0.6924	1.9013	63.9915	310.8052	60.3448	60.4314	0.6671	0.4949	69.6771
65.2447	2001.0000	-0.2300	0.4956	0.0000	76.2030	59.6800	230.2310	0.5927	70.8400	64.6493	4.0000	2000.0000	500.0000	0.0000	2004.1714	0.2626	0.2533	0.0712	0.0712	0.2677	0.6157	0.1157	0.6924	1.9013	63.9915	310.8052	60.3448	60.4314	0.6671	0.4949	69.6771
65.7943	2002.0000	-0.2310	0.4958	0.0000	76.1960	59.7200	230.2320	0.5937	70.8400	64.6214	4.0000	2000.0000	500.0000	0.0000	2000.1506	0.2653	0.2676	0.0713	0.0712	0.3339	0.6145	0.1810	0.6376	1.4357	63.0996	310.7849	60.6877	60.4294	0.7290	0.4943	69.6771
65.8506	2002.0000	-0.2310	0.4958	0.0000	76.1960	59.7200	230.2320	0.5937	70.8400	64.6214	4.0000	2000.0000	500.0000	0.0000	2000.1506	0.2653	0.2676	0.0713	0.0712	0.3339	0.6145	0.1810	0.6376	1.4357	63.0996	310.7849	60.6877	60.4294	0.7290	0.4943	69.6771
66.4569	2000.0000	-0.2320	0.4958	0.0000	76.2130	59.7100	230.2330	0.5935	70.7400	64.6101	5.0000	2000.0000	500.0000	0.0000	1999.5303	0.2763	0.2698	0.0713	0.0714	0.3682	0.6523	0.1527	0.6822	2.6834	64.2252	310.8257	60.7511	60.4272	0.6789	0.4944	69.6681
66.5436	2000.0000	-0.2320	0.4958	0.0000	76.2130	59.7100	230.2330	0.5935	70.7400	64.6101	5.0000	2000.0000	500.0000	0.0000	1999.5303	0.2763	0.2698	0.0713	0.0714	0.3682	0.6523	0.1527	0.6822	2.6834	64.2252	310.8257	60.7511	60.4272	0.6789	0.4944	69.6681
67.0615	2003.0000	-0.2320	0.4963	0.0000	76.2300	59.7500	230.2380	0.5942	70.8500	64.5594	5.0000	2000.0000	500.0000	0.0000	2004.6300	0.2778	0.2523	0.0712	0.0713	0.2906	0.6479	0.1758	0.6437	1.9888	63.8301	310.8298	60.7042	60.4250	0.7267	0.4952	69.6593
67.3924	2003.0000	-0.2320	0.4963	0.0000	76.2300	59.7500	230.2380	0.5942	70.8500	64.5594	5.0000	2000.0000	500.0000	0.0000	1992.7028	0.2639	0.2937	0.0715	0.0712	0.2369	0.6241	0.1557	0.7257	1.8707	63.1578	310.8853	60.2157	60.4236	0.6961	0.4954	69.6593
67.6674	2003.0000	-0.2320	0.4963	0.0000	76.2300	59.7500	230.2380	0.5942	70.8500	64.5594	5.0000	2000.0000	500.0000	0.0000	1992.7028	0.2639	0.2937	0.0715	0.0712	0.2369	0.6241	0.1557	0.7257	1.8707	63.1578	310.8853	60.2157	60.4236	0.6961	0.4954	69.6593
68.1428	1998.0000	-0.2300	0.4959	0.0000	76.2250	59.7300	230.2500	0.5942	70.8200	64.5501	5.0000	2000.0000	500.0000	0.0000	1995.1543	0.2644	0.2851	0.0713	0.0712	0.2768	0.6299	0.1177	0.6171	1.6616	61.7949	310.9042	60.5307	60.4218	0.7158	0.4953	69.6502
68.2586	1998.0000	-0.2300	0.4959	0.0000	76.2250	59.7300	230.2500	0.5942	70.8200	64.5501	5.0000	2000.0000	500.0000	0.0000	1995.1543	0.2644	0.2851	0.0713	0.0712	0.2768	0.6299	0.1177	0.6171	1.6616	61.7949	310.9042	60.5307	60.4218	0.7158	0.4953	69.6502
68.8635	2002.0000	-0.2290	0.4960	0.0000	76.2280	59.7300	230.2540	0.5939	70.7900	64.5189	5.0000	2000.0000	500.0000	0.0000	1999.5810	0.2859	0.2698	0.0712	0.0714	0.3831	0.6609	0.0797	0.6485	1.4696	62.2626	310.8691	61.2137	60.4199	0.6629	0.4950	69.6502
68.8916	2002.0000	-0.2290	0.4960	0.0000	76.2280	59.7300	230.2540	0.5939	70.7900	64.5189	5.0000	2000.0000	500.0000	0.0000	1999.5810	0.2859	0.2698	0.0712	0.0714	0.3831	0.6609	0.0797	0.6485	1.4696	62.2626	310.8691	61.2137	60.4199	0.6629	0.4950	69.6502
69.4689	2003.0000	-0.2300	0.4964	0.0000	76.2480	59.7700	230.2690	0.5949	70.9000	64.5237	5.0000	2000.0000	500.0000	0.0000	2000.8460	0.2773	0.2653	0.0712	0.0713	0.2754	0.6518	0.2113	0.6816	2.1276	63.3055	310.9261	60.2542	60.4181	0.7401	0.4950	69.6413
69.6393	2003.0000	-0.2300	0.4964	0.0000	76.2480	59.7700	230.2690	0.5949	70.9000	64.5237	5.0000	2000.0000	500.0000	0.0000	2000.8460	0.2773	0.2653	0.0712	0.0713	0.2754	0.6518	0.2113	0.6816	2.1276	63.3055	310.9261	60.2542	60.4181	0.7401	0.4950	69.6413
70.0579	2002.0000	-0.2290	0.4960	0.0000	76.2280	59.7200	230.2760	0.5947	70.8300	64.4804	5.0000	2000.0000	500.0000	0.0000	1996.9420	0.2638	0.2789	0.0713	0.0712	0.2959	0.5958	0.2021	0.6916	2.2805	63.7108	310.9272	60.6543	60.4159	0.7578	0.4936	69.6326
70.3846	2002.0000	-0.2290	0.4960	0.0000	76.2280	59.7200	230.2760	0.5947	70.8300	64.4804	5.0000	2000.0000	500.0000	0.0000	2000.7391	0.2877	0.2648	0.0712	0.0714	0.3542	0.6678	0.1179	0.6878	1.8132	63.2635	311.0003	60.3427	60.4137	0.6749	0.4932	69.6326
70.6487	2002.0000	-0.2290	0.4960	0.0000	76.2280	59.7200	230.2760	0.5947	70.8300	64.4804	5.0000	2000.0000	500.0000	0.0000	2000.7391	0.2877	0.2648	0.0712	0.0714	0.3542	0.6678	0.1179	0.6878	1.8132	63.2635	311.0003	60.3427	60.4137	0.6749	0.4932	69.6326
71.1452	1998.0000	-0.2300	0.4946	0.0000	76.1760	59.5700	230.2880	0.5934	70.6100	64.4475	5.0000	2000.0000	500.0000	0.0000	1994.6949	0.2579	0.2862	0.0713	0.0712	0.2814	0.5969	0.1586	0.6722	1.6677	63.4208	311.0438	60.6010	60.4115	0.7228	0.4944	69.6236
71.2544	1998.0000	-0.2300	0.4946	0.0000	76.1760	59.5700	230.2880	0.5934	70.6100	64.4475	5.0000	2000.0000	500.0000	0.0000	1994.6949	0.2579	0.2862	0.0713	0.0712	0.2814	0.5969	0.1586	0.6722	1.6677	63.4208	311.0438	60.6010	60.4115	0.7228	0.4944	69.6236
71.8598	2004.0000	-0.2310	0.4951	0.0000	76.1800	59.6500	230.2960	0.5943	70.6800	64.4076	5.0000	2000.0000	500.0000	0.0000	2001.5113	0.2666	0.2626	0.0712	0.0712	0.2917	0.6263	0.1639	0.7245	1.9541	63.6258	311.0139	60.5541	60.4093	0.7115	0.4938	69.6236
71.8891	2004.0000	-0.2310	0.4951	0.0000	76.1800	59.6500	230.2960	0.5943	70.6800	64.4076	5.0000	2000.0000	500.0000	0.0000	2001.5113	0.2666	0.2626	0.0712	0.0712	0.2917	0.6263	0.1639	0.7245	1.9541	63.6258	311.0139	60.5541	60.4093	0.7115	0.4938	69.6236
72.4655	2002.0000	-0.2320	0.4957	0.0000	76.2240	59.6900	230.3090	0.5950	70.7200	64.4028	6.0000	2000.0000	500.0000	0.0000	2000.4111	0.2502	0.2665	0.0713	0.0712	0.3219	0.5790	0.1419	0.6506	1.1194	63.0309	311.0569	60.9112	60.4071	0.6906	0.4943	69.6146
72.6400	2002.0000	-0.2320	0.4957	0.0000	76.2240	59.6900	230.3090	0.5950	70.7200	64.4028	6.0000	2000.0000	500.0000	0.0000	2000.4111	0.2502	0.2665	0.0713	0.0712	0.3219	0.5790	0.1419	0.6506	1.1194	63.0309	311.0569	60.9112	60.4071	0.6906	0.4943	69.6146
73.0706	2003.0000	-0.2290	0.4947	0.0000	76.2050	59.5700	230.3170	0.5941	70.6300	64.3840	NOT CONNECTED	2000.0000	500.0000	0.0000	2003.9418	0.2873	0.2542	0.0711	0.0714	0.3710	0.6672	0.1650	0.6809	1.4097	63.9363	311.0988	60.8011	60.4049	0.6621	0.4917	69.6059
73.3822	2003.0000	-0.2290	0.4947	0.0000	76.2050	59.5700	230.3170	0.5941	70.6300	64.3840	NOT CONNECTED	0.0000	500.0000	0.0000	1999.8779	0.2779	0.2684	0.0713	0.0713	0.2903	0.6516	0.1425	0.6650	2.1119	63.3865	311.1369	60.6745	60.4027	0.7161	0.4947	69.6059
73.6925	2003.0000	-0.2290	0.4947	0.0000	76.2050	59.5700	230.3170	0.5941	70.6300	64.3840	NOT CONNECTED	0.0000	500.0000	0.0000	1999.8779	0.2779	0.2684	0.0713	0.0713	0.2903	0.6516	0.1425	0.6650	2.1119	63.3865	311.1369	60.6745	60.4027	0.7161	0.4947	69.6059
74.2986	2039.0000	-0.0290	0.4957	0.0000	76.2070	59.7200	230.3350	0.5956	70.7900	64.3649	NOT CONNECTED	0.0000	500.0000	0.0000	2017.5153	0.0465	0.0429	0.0706	0.0706	0.2781	0.1142	0.2671	0.0794	1.5756	60.6783	317.7108	9.4068	60.3886	0.2809	0.2353	69.5974
74.3623	2039.0000	-0.0290	0.4957	0.0000	76.2070	59.7200	230.3350	0.5956	70.7900	64.3649	NOT CONNECTED	0.0000	500.0000	0.0000	2017.5153	0.0465	0.0429	0.0706	0.0706	0.2781	0.1142	0.2671	0.0794	1.5756	60.6783	317.7108	9.4068	60.3886	0.2809	0.2353	69.5974
74.9198	2002.0000	-0.0150	0.2227	0.0000	74.0560	9.1700	230.3750	0.1827	17.4100	64.3229	NOT CONNECTED	0.0000	500.0000	0.0000	2000.7045	0.0773	0.0548	0.0706	0.0707	0.3563	0.1735	0.2753	0.1092	1.1817	59.8119	317.2820	12.0369	60.3470	0.2852	0.2312	69.5974
75.1471	2002.0000	-0.0150	0.2227	0.0000	74.0560	9.1700	230.3750	0.1827	17.4100	64.3229	NOT CONNECTED	0.0000	500.0000	0.0000	2000.7045	0.0773	0.0548	0.0706	0.0707	0.3563	0.1735	0.2753	0.1092	1.1817	59.8119	317.2820	12.0369	60.3470	0.2852	0.2312	69.5974
75.5249	1998.0000	-0.0190	0.2310	0.0000	73.0440	11.9400	230.3710	0.2049	20.1300	64.3045	NOT CONNECTED	0.0000	500.0000	0.0000	1993.9360	0.0474	0.0735	0.0707	0.0706	0.2814	0.1073	0.2766	0.1369	1.6086	60.2678	317.2482	11.5861	60.3058	0.2924	0.2320	69.5713
75.8961	1998.0000	-0.0190	0.2310	0.0000	73.0440	11.9400	230.3710	0.2049	20.1300	64.3045	NOT CONNECTED	0.0000	500.0000	0.0000	1998.2292	0.0446	0.0576	0.0707	0.0706	0.2526	0.1039	0.2461	0.1583	1.4902	59.7554	317.2590	11.5680	60.2675	0.3111	0.2288	69.5451
76.1308	1998.0000	-0.0190	0.2310	0.0000	73.0440	11.9400	230.3710	0.2049	20.1300	64.3045	NOT CONNECTED	0.0000	500.0000	0.0000	1998.2292	0.0446	0.0576	0.0707	0.0706	0.2526	0.1039	0.2461	0.1583	1.4902	59.7554	317.2590	11.5680	60.2675	0.3111	0.2288	69.5451
76.6407	1999.0000	-0.0220	0.2313	0.0000	73.0050	11.9300	230.3900	0.2041	20.0700	64.3027	NOT CONNECTED	0.0000	500.0000	0.0000	1994.0909	0.0545	0.0719	0.0707	0.0706	0.3750	0.1295	0.2409	0.0883	1.4962	59.7439	317.2658	12.1364	60.2307	0.3030	0.2319	69.5451
76.7208	1999.0000	-0.0220	0.2313	0.0000	73.0050	11.9300	230.3900	0.2041	20.0700	64.3027	NOT CONNECTED	0.0000	500.0000	0.0000	1994.0909	0.0545	0.0719	0.0707	0.0706	0.3750	0.1295	0.2409	0.0883	1.4962	59.7439	317.2658	12.1364	60.2307	0.3030	0.2319	69.5451
77.3267	1998.0000	-0.0200	0.2304	0.0000	72.9990	11.8700	230.4090	0.2030	20.0600	64.1998	NOT CONNECTED	0.0000	500.0000	0.0000	1999.1166	0.0456	0.0542	0.0706	0.0706	0.2788	0.1025	0.2850	0.1164	1.7970	60.1366	317.1900	11.2232	60.1966	0.3126	0.2314	69.5186
77.8996	1998.0000	-0.0200	0.2304	0.0000	72.9990	11.8700	230.4090	0.2030	20.0600	64.1998	NOT CONNECTED	0.0000	500.0000	0.0000	2008.7454	0.0331	0.0068	0.0706	0.0608	-0.3583	0.0995	0.2882	0.0483	-4.3782	40.3360	317.1995	5.9031	60.1605	0.2861	0.2314	69.5186
77.9323	1998.0000	-0.0200	0.2304	0.0000	72.9990	11.8700	230.4090	0.2030	20.0600	64.1998	NOT CONNECTED	0.0000	500.0000	0.0000	2008.7454	0.0331	0.0068	0.0706	0.0608	-0.3583	0.0995	0.2882	0.0483	-4.3782	40.3360	317.1995	5.9031	60.1605	0.2861	0.2314	69.5186
78.5369	1837.0000	0.0620	1.0970	0.0000	41.2590	14.8000	230.4240	0.2588	26.6500	64.1805	NOT CONNECTED	0.0000	500.0000	0.0000	1688.7309	-0.0180	0.0179	0.0347	0.0348	-2.0982	-0.0375	-1.5032	-0.2817	-14.1783	19.1260	315.5568	20.3319	60.2424	1.9179	1.2380	69.4923
78.6503	1837.0000	0.0620	1.0970	0.0000	41.2590	14.8000	230.4240	0.2588	26.6500	64.1805	NOT CONNECTED	0.0000	500.0000	0.0000	1688.7309	-0.0180	0.0179	0.0347	0.0348	-2.0982	-0.0375	-1.5032	-0.2817	-14.1783	19.1260	315.5568	20.3319	60.2424	1.9179	1.2380	69.4923
79.1277	1432.0000	0.0540	1.2273	0.0000	33.1240	17.5700	230.4330	0.2920	30.9200	64.1870	NOT CONNECTED	0.0000	500.0000	0.0000	1390.0250	-0.1045	-0.0086	0.0347	0.0353	-1.4782	-0.5226	-1.4860	-0.2749	-10.1347	18.2819	315.3696	21.8601	60.5104	1.5433	1.2137	69.5703
79.3836	1432.0000	0.0540	1.2273	0.0000	33.1240	17.5700	230.4330	0.2920	30.9200	64.1870	NOT CONNECTED	0.0000	500.0000	0.0000	1390.0250	-0.1045	-0.0086	0.0347	0.0353	-1.4782	-0.5226	-1.4860	-0.2749	-10.1347	18.2819	315.3696	21.8601	60.5104	1.5433	1.2137	69.5703
79.7332	1432.0000	0.0540	1.2273	0.0000	33.1240	17.5700	230.4330	0.2920	30.9200	64.1870	NOT CONNECTED	0.0000	500.0000	0.0000	1102.6416	-0.0061	-0.0598	0.0351	0.0348	-1.5022	-0.0377	-1.8902	-0.1798	-10.5609	13.8751	315.1933	25.4454	60.7564	1.8526	1.2090	69.5703
80.1463	1057.0000	0.0530	1.2042	0.0000	23.6520	20.0400	230.4540	0.3082	33.0300	64.2306	NOT CONNECTED	0.0000	500.0000	0.0000	780.8371	-0.0684	0.0257	0.0349	0.0350	-1.7976	-0.3118	-1.7974	-0.1410	-9.2322	8.8768	315.0244	22.5465	60.9930	1.8775	1.2056	69.6683
80.3384	1057.0000	0.0530	1.2042	0.0000	23.6520	20.0400	230.4540	0.3082	33.0300	64.2306	NOT CONNECTED	0.0000	500.0000	0.0000	780.8371	-0.0684	0.0257	0.0349	0.0350	-1.7976	-0.3118	-1.7974	-0.1410	-9.2322	8.8768	315.0244	22.5465	60.9930	1.8775	1.2056	69.6683
80.8837	682.0000	0.0590	1.2006	0.0000	19.8600	21.0900	230.4640	0.3156	33.9500	64.2546	NOT CONNECTED	0.0000	500.0000	0.0000	478.5972	-0.0035	0.0262	0.0350	0.0348	-1.8222	-0.0143	-1.7988	-0.0013	-11.3875	6.6775	314.8716	26.6608	61.2157	1.8189	1.1896	69.6683
80.9444	682.0000	0.0590	1.2006	0.0000	19.8600	21.0900	230.4640	0.3156	33.9500	64.2546	NOT CONNECTED	0.0000	500.0000	0.0000	478.5972	-0.0035	0.0262	0.0350	0.0348	-1.8222	-0.0143	-1.7988	-0.0013	-11.3875	6.6775	314.8716	26.6608	61.2157	1.8189	1.1896	69.6683
81.5499	310.0000	0.0560	1.1901	0.0000	13.7490	23.3400	230.4860	0.3303	35.9000	64.2505	NOT CONNECTED	0.0000	500.0000	0.0000	0.0000	0.0000	0.0000	0.0672	0.0350	-1.7271	0.2417	-1.7406	0.1076	-10.7132	4.4955	320.5483	0.0000	61.4362	1.7440	1.0518	69.7610
81.6353	310.0000	0.0560	1.1901	0.0000	13.7490	23.3400	230.4860	0.3303	35.9000	64.2505	NOT CONNECTED	0.0000	500.0000	0.0000	0.0000	0.0000	0.0000	0.0672	0.0350	-1.7271	0.2417	-1.7406	0.1076	-10.7132	4.4955	320.5483	0.0000	61.4362	1.7440	1.0518	69.7610
82.1556	18.0000	0.0100	0.3119	0.0000	2.9500	0.4400	230.5190	0.0838	4.5400	64.2212	NOT CONNECTED	0.0000	500.0000	0.0000	0.0000	0.0000	0.0000	0.0672	0.0350	-1.7271	0.2417	-1.7406	0.1076	-10.7132	4.4955	321.1891	0.0000	61.4512	1.7440	0.0054	69.8097
82.3661	18.0000	0.0100	0.3119	0.0000	2.9500	0.4400	230.5190	0.0838	4.5400	64.2212	NOT CONNECTED	0.0000	500.0000	0.0000	0.0000	0.0000	0.0000	0.0672	0.0350	-1.7271	0.2417	-1.7406	0.1076	-10.7132	4.4955	321.1891	0.0000	61.4512	1.7440	0.0054	69.8097
82.7612	0.0000	0.0000	0.0050	0.0000	0.0000	-0.0100	230.5300	0.0312	2.0900	64.1543	NOT CONNECTED	0.0000	500.0000	0.0000	0.0000	0.0000	0.0000	0.0672	0.0350	-1.7271	0.2417	-1.7406	0.1076	-10.7132	4.4955	321.1620	0.0000	61.3596	1.7440	0.0056	69.8097
83.1230	0.0000	0.0000	0.0050	0.0000	0.0000	-0.0100	230.5300	0.0312	2.0900	64.1543	NOT CONNECTED	0.0000	500.0000	0.0000	0.0000	0.0000	0.0000	0.0672	0.0350	-1.7271	0.2417	-1.7406	0.1076	0.0000	0.0000	321.2364	0.0000	61.2733	1.7440	0.0063	69.7680
83.3662	0.0000	0.0000	0.0050	0.0000	0.0000	-0.0100	230.5300	0.0312	2.0900	64.1543	NOT CONNECTED	0.0000	500.0000	0.0000	0.0000	0.0000	0.0000	0.0672	0.0350	-1.7271	0.2417	-1.7406	0.1076	0.0000	0.0000	321.2364	0.0000	61.2733	1.7440	0.0063	69.7680
83.8707	0.0000	0.0000	0.0050	0.0000	0.0000	-0.0100	230.5380	0.0313	2.1100	64.0988	NOT CONNECTED	0.0000	500.0000	0.0000	0.0000	0.0000	0.0000	0.0672	0.0350	-1.7271	0.2417	-1.7406	0.1076	0.0000	0.0000	321.2256	0.0000	61.1913	1.7440	0.0048	69.7680
83.9718	NOT CONNECTED	NOT CONNECTED	NOT CONNECTED	NOT CONNECTED	NOT CONNECTED	NOT CONNECTED	NOT CONNECTED	NOT CONNECTED	NOT CONNECTED	NOT CONNECTED	NOT CONNECTED	0.0000	500.0000	0.0000	0.0000	0.0000	0.0000	0.0672	0.0350	-1.7271	0.2417	-1.7406	0.1076	0.0000	0.0000	321.2256	0.0000	61.1913	1.7440	0.0048	69.7680
