WindyBPMp50_OrcaH34_Dyno_High_Speed_Power__18000rpm__180Vac_40C_20240917_123512
Report created on: 2024/09/17: 12:50:06


Step N. = 	0
Target Speed = 	18000

Speed Mainboard (rpm_M)	Speed TestBench (rpm_M)	Speed Error (rpm_M)	Speed Error %	Torque TestBench (Nm_M)	Torque Ref (Nm)	Torque MainBoard (Nm_M)	Torque MainBoard Error (Nm_M)	Torque MainBoard Error %	Flux Ref (V/rad/s)	Flux (V/rad/s)	Id * Iq (A^2)	Id (Apeak)	Iq (Apeak)	Id Rotor (Apeak)	Iq Rotor (Apeak)	IMotor Measured (Arms)	IMotor MainBoard (Arms)	IMotor Error (Arms)	IMotor Error %	Motor Current THD %	Vsdref (Vpeak)	Vsqref (Vpeak)	Vout MainBoard (Vrms)	Vout Measured (Vrms)	Vout Error (Vrms)	Vout Error %	Motor Power MainBoard (W)	Motor Power Measured (W)	Motor Power Error (W)	Motor Power Error %	Line Voltage (Vrms)	Line Current (Arms)	Line Power (W)	Line Power Factor	Bulk Ripple (V)	DC Bus Voltage (Vrms)	Motor Mechanical Power (W)	Motor Efficiency	Inverter Efficiency	Overall Efficiency	Temperature (deg C)	Estimated Temperature (deg C)	Motor cos-phi	Electrical Power Alpha-Beta [W]	Electrical Power Error [W]	Electrical Power Error [%]	Bus Voltage Usage [%]	Rotational Losses [W]	Kt [Nm/Arms]	
17792.9963	17792.9963	0.0000	0.0000	0.2154	0.3141	0.2683	-0.0529	-24.5570	0.0133	0.0123	-1.8385	-0.6221	3.3263	-3.5395	0.3386	2.5839	2.5998	-0.0159	-0.6163	0.0000	-14.6530	137.2963	169.2854	150.3091	-18.9763	-12.6248	704.1666	599.0171	-105.1495	-17.5537	179.6880	4.6695	654.6757	0.7803	nan	153.4360	401.3929	67.0115	91.4985	61.3150	47.9459	62.6188	0.8905	669.5509	-70.5338	-11.7749	97.9624	77.2750	0.0834	
17422.1386	17422.1386	0.0000	0.0000	0.2240	0.3146	0.1903	0.0337	15.0267	0.0126	0.0132	-4.6937	-2.2252	2.3228	-3.7909	0.3620	2.5898	2.6106	-0.0208	-0.8047	0.0000	-1.0966	131.6975	162.1475	150.2893	-11.8582	-7.8902	461.6052	607.5944	145.9892	24.0274	179.7880	4.7468	663.9733	0.7780	nan	153.5723	408.6736	67.2693	91.5091	61.5575	49.9334	63.9974	0.9013	646.0264	-38.4320	-6.3253	97.8626	77.1371	0.0865	
17446.0364	17446.0364	0.0000	0.0000	0.2261	0.3341	0.2713	-0.0452	-19.9826	0.0125	0.0146	0.8151	0.1612	3.7336	-3.5298	0.3406	2.5793	2.6093	-0.0300	-1.1649	0.0000	-1.3114	141.0508	173.2685	150.5993	-22.6692	-15.0527	792.3813	602.8133	-189.5680	-31.4472	179.9961	4.7071	658.2533	0.7770	nan	153.7195	413.0937	68.5280	91.5780	62.7568	51.8361	65.3051	0.8960	670.5427	-67.7294	-11.2355	97.9711	68.0801	0.0877	
17406.2696	17406.2696	0.0000	0.0000	0.2257	0.2720	0.2766	-0.0509	-22.5525	0.0142	0.0118	-2.7711	-1.0154	3.3147	-3.6598	0.3504	2.5867	2.5953	-0.0086	-0.3339	0.0000	-1.1478	127.6185	157.0933	150.6192	-6.4741	-4.2983	630.9694	605.0544	-25.9150	-4.2831	180.2544	4.7065	660.6167	0.7787	nan	154.2717	411.3459	67.9841	91.5896	62.2665	53.6203	66.5447	0.8966	645.6269	-40.5725	-6.7056	97.6328	70.5769	0.0872	
17307.3830	17307.3830	0.0000	0.0000	0.2280	0.3262	0.2613	-0.0333	-14.5993	0.0125	0.0130	2.5293	0.6686	3.7851	-3.8669	0.3575	2.5894	2.6099	-0.0205	-0.7926	0.0000	5.5977	107.4990	131.8606	150.5891	18.7285	12.4369	618.3372	606.1000	-12.2372	-2.0190	180.4096	4.7098	661.7267	0.7788	nan	154.0658	413.2316	68.1766	91.5938	62.4454	55.3041	67.7660	0.8974	634.9459	-28.8459	-4.7593	97.7436	68.7251	0.0881	
17312.1649	17312.1649	0.0000	0.0000	0.2293	0.3084	0.3042	-0.0749	-32.6593	0.0137	0.0131	-0.6406	-0.1548	3.6841	-3.6460	0.3210	2.5854	2.6133	-0.0280	-1.0820	0.0000	-11.3796	135.1536	166.5358	150.6611	-15.8747	-10.5367	753.8725	609.1667	-144.7058	-23.7547	180.3758	4.7354	665.0500	0.7786	nan	153.8910	415.7633	68.2584	91.5973	62.5231	56.8696	68.9853	0.9029	694.5139	-85.3472	-14.0105	97.9014	68.9520	0.0887	
17232.4405	17232.4405	0.0000	0.0000	0.2324	0.2827	0.2537	-0.0212	-9.1309	0.0128	0.0121	0.5259	-0.0791	3.4933	-3.5480	0.3104	2.5823	2.6026	-0.0203	-0.7862	0.0000	-7.9956	136.7908	168.5814	150.6491	-17.9323	-11.9033	727.2280	611.1700	-116.0580	-18.9895	180.3491	4.7454	667.1800	0.7796	nan	153.9204	419.4637	68.6378	91.6050	62.8759	58.3721	70.1696	0.9070	682.8596	-71.6896	-11.7299	97.8750	66.8848	0.0900	
17131.5728	17131.5728	0.0000	0.0000	0.2334	0.2717	0.2705	-0.0371	-15.8864	0.0143	0.0124	-1.1923	-0.7209	3.2513	-3.9199	0.3482	2.5868	2.5983	-0.0114	-0.4415	0.0000	-3.8423	135.9426	166.6739	150.4683	-16.2056	-10.7701	670.6206	609.4500	-61.1706	-10.0370	180.3606	4.7212	665.4357	0.7815	nan	154.1398	418.7724	68.7142	91.5867	62.9333	59.7412	71.3223	0.9040	614.3426	-4.8926	-0.8028	97.6182	64.8053	0.0902	
17107.5774	17107.5774	0.0000	0.0000	0.2377	0.3040	0.2636	-0.0258	-10.8628	0.0134	0.0137	-1.3301	-0.4719	3.3893	-3.7619	0.3521	2.5972	2.6123	-0.0151	-0.5824	0.0000	2.4463	144.3216	177.3883	150.3180	-27.0703	-18.0087	743.8617	615.1850	-128.6767	-20.9167	180.3630	4.7902	672.5725	0.7785	nan	154.1553	425.9306	69.2406	91.4671	63.3320	61.0353	72.4276	0.9098	673.8897	-58.7047	-9.5426	97.5115	61.7955	0.0915	
17093.0908	17093.0908	0.0000	0.0000	0.2387	0.3585	0.2622	-0.0235	-9.8653	0.0143	0.0146	0.1403	-0.4263	3.1213	-3.8640	0.3675	2.6009	2.6221	-0.0213	-0.8174	0.0000	0.3516	132.4332	162.6230	150.4866	-12.1364	-8.0648	621.3609	625.3622	4.0013	0.6398	180.3237	4.8549	683.5300	0.7808	nan	153.7562	427.2040	68.3287	91.4900	62.5140	62.3163	73.5686	0.9225	665.8596	-40.4974	-6.4758	97.8736	69.7586	0.0918	
16940.9727	16940.9727	0.0000	0.0000	0.2379	0.3149	0.2564	-0.0185	-7.7938	0.0129	0.0131	1.5035	0.3176	3.5006	-3.7348	0.4059	2.5888	2.6038	-0.0150	-0.5805	0.0000	-5.9816	130.8041	160.5074	150.1587	-10.3488	-6.8919	683.2923	608.6778	-74.6145	-12.2585	180.2037	4.7264	665.0767	0.7809	nan	153.8144	422.0281	69.3365	91.5200	63.4568	63.5638	74.6499	0.9040	661.5089	-52.8311	-8.6797	97.6234	58.8820	0.0919	
16872.8304	16872.8304	0.0000	0.0000	0.2395	0.3532	0.2367	0.0028	1.1562	0.0125	0.0150	2.3230	0.4719	3.3724	-3.6561	0.4227	2.5841	2.6077	-0.0236	-0.9131	0.0000	-12.5708	148.0110	181.9719	150.2548	-31.7171	-21.1089	739.4063	615.7200	-123.6863	-20.0881	180.0673	4.7626	672.7800	0.7845	nan	153.7798	423.1771	68.7426	91.5190	62.9127	64.7262	75.7222	0.9155	667.1330	-51.4130	-8.3501	97.7079	64.7272	0.0927	
16825.0253	16825.0253	0.0000	0.0000	0.2447	0.3202	0.2572	-0.0125	-5.1140	0.0131	0.0129	-0.1075	-0.2972	3.4067	-3.7640	0.3617	2.5880	2.6082	-0.0202	-0.7794	0.0000	2.5699	121.2271	148.6167	150.1244	1.5077	1.0043	605.4934	616.8111	11.3177	1.8349	180.0513	4.7877	674.4578	0.7824	nan	153.5134	431.0778	69.8889	91.4533	63.9155	65.8532	76.7753	0.9166	665.1899	-48.3788	-7.8434	97.7929	57.0231	0.0945	
16742.7367	16742.7367	0.0000	0.0000	0.2467	0.3639	0.2801	-0.0334	-13.5188	0.0129	0.0153	2.7948	0.7597	3.6321	-3.7959	0.3863	2.5905	2.6142	-0.0237	-0.9152	0.0000	-2.1592	139.6005	171.8720	150.1317	-21.7403	-14.4808	746.1956	621.3914	-124.8042	-20.0846	180.1177	4.8405	679.8500	0.7798	nan	153.4981	432.5625	69.6152	91.4014	63.6293	66.9255	77.7963	0.9224	668.2200	-46.8286	-7.5361	97.8072	59.3908	0.0952	
16692.9235	16692.9235	0.0000	0.0000	0.2463	0.2907	0.2609	-0.0146	-5.9267	0.0124	0.0140	1.7244	0.4328	3.6414	-3.8217	0.3819	2.5865	2.6085	-0.0220	-0.8494	0.0000	-8.7421	127.1596	156.4407	150.1040	-6.3367	-4.2216	691.6049	615.3011	-76.3038	-12.4010	180.2456	4.7732	672.7900	0.7820	nan	153.3134	430.6139	69.9884	91.4551	64.0081	68.0274	78.8500	0.9150	688.2713	-72.9701	-11.8593	97.9068	55.1598	0.0952	
16625.0097	16625.0097	0.0000	0.0000	0.2471	0.2860	0.3115	-0.0644	-26.0603	0.0145	0.0142	-1.5200	-0.5162	3.5643	-3.5154	0.3238	2.5957	2.6120	-0.0163	-0.6285	0.0000	1.1546	130.7674	160.3159	150.0168	-10.2991	-6.8653	689.4522	619.8200	-69.6322	-11.2343	180.2819	4.8141	678.2978	0.7815	nan	153.5821	430.2153	69.4106	91.3791	63.4269	69.0739	79.8658	0.9190	689.3233	-69.5033	-11.2135	97.6786	58.6872	0.0952	
16532.2287	16532.2287	0.0000	0.0000	0.2528	0.3179	0.2354	0.0173	6.8551	0.0127	0.0145	-0.5247	-0.5318	3.0873	-3.6597	0.4302	2.5964	2.6154	-0.0190	-0.7324	0.0000	1.0185	119.3658	146.7686	149.9243	3.1557	2.1048	540.9520	622.8900	81.9380	13.1545	180.2625	4.8242	681.6900	0.7839	nan	153.5224	437.5701	70.2479	91.3740	64.1882	70.0688	80.8691	0.9239	670.8340	-47.9440	-7.6970	97.6567	53.8860	0.0973	
16422.3491	16422.3491	0.0000	0.0000	0.2516	0.3187	0.3035	-0.0519	-20.6435	0.0139	0.0128	1.9298	0.5081	3.7125	-3.6825	0.3867	2.5976	2.6182	-0.0206	-0.7934	0.0000	12.5435	143.4070	176.8591	149.9963	-26.8628	-17.9090	803.2826	624.0078	-179.2748	-28.7296	180.2277	4.8558	683.3011	0.7808	nan	153.4046	432.6101	69.3387	91.3227	63.3220	71.0511	81.8554	0.9247	666.8079	-42.8001	-6.8589	97.7786	59.4063	0.0968	
16400.3609	16400.3609	0.0000	0.0000	0.2551	0.2633	0.2579	-0.0028	-1.1065	0.0147	0.0122	0.8141	-0.2158	2.9687	-3.8273	0.3964	2.5902	2.6241	-0.0339	-1.3081	0.0000	-2.8982	127.0913	156.1513	150.0301	-6.1212	-4.0800	540.7227	623.7489	83.0262	13.3108	180.3037	4.8133	682.4422	0.7864	nan	153.4482	438.1393	70.2428	91.3995	64.2016	72.0126	82.8489	0.9267	660.9851	-37.2362	-5.9697	97.7729	53.9329	0.0985	
16255.4621	16255.4621	0.0000	0.0000	0.2604	0.3183	0.2968	-0.0364	-13.9852	0.0135	0.0143	0.1892	-0.0520	3.6571	-3.7634	0.3965	2.6069	2.6232	-0.0162	-0.6219	0.0000	4.7067	130.5274	160.9300	149.8126	-11.1174	-7.4209	706.3498	633.6975	-72.6523	-11.4648	180.3380	4.8951	693.9338	0.7861	nan	153.2421	443.2279	69.9499	91.3199	63.8785	72.9907	83.8323	0.9368	684.7630	-51.0655	-8.0583	97.7624	56.6455	0.0999	
16179.7657	16179.7657	0.0000	0.0000	0.2646	0.3172	0.3024	-0.0378	-14.2918	0.0135	0.0136	2.2608	0.6153	3.6661	-3.4588	0.3546	2.6003	2.6267	-0.0264	-1.0141	0.0000	1.3166	118.6737	145.5231	149.8960	4.3729	2.9173	653.3527	631.6000	-21.7527	-3.4441	180.3420	4.8738	691.7157	0.7870	nan	153.2570	448.2736	70.9759	91.3095	64.8074	73.9146	84.7696	0.9355	705.8248	-74.2248	-11.7519	97.8071	49.7655	0.1017	
16110.2668	16110.2668	0.0000	0.0000	0.2607	0.3312	0.2943	-0.0337	-12.9190	0.0137	0.0132	3.1084	0.8167	3.6728	-3.8962	0.4546	2.6036	2.6303	-0.0268	-1.0283	0.0000	-6.2442	138.1414	169.6871	149.8104	-19.8766	-13.2679	753.2575	636.0289	-117.2287	-18.4313	180.3357	4.9019	696.6200	0.7881	nan	153.2308	439.7649	69.1439	91.3029	63.1303	74.7835	85.6610	0.9414	687.7513	-51.7224	-8.1321	97.7679	61.9780	0.1001	
16053.2306	16053.2306	0.0000	0.0000	0.2633	0.3555	0.2948	-0.0315	-11.9615	0.0135	0.0140	1.4155	0.3107	3.6109	-3.6240	0.3993	2.6116	2.6289	-0.0173	-0.6635	0.0000	-1.0625	128.8691	158.6044	149.8352	-8.7691	-5.8525	699.9166	641.9100	-58.0066	-9.0366	180.3317	4.9477	703.6578	0.7887	nan	153.0669	442.6877	68.9648	91.2249	62.9129	75.6994	86.6462	0.9471	701.9603	-60.0503	-9.3549	97.8889	63.6894	0.1008	
16003.6425	16003.6425	0.0000	0.0000	0.2645	0.3413	0.2968	-0.0323	-12.2038	0.0132	0.0141	2.8923	0.7808	3.7727	-3.5563	0.4346	2.6020	2.6262	-0.0243	-0.9320	0.0000	13.5306	138.1974	171.6097	149.8372	-21.7724	-14.5307	809.2829	634.4200	-174.8629	-27.5626	180.3322	4.9041	695.2925	0.7862	nan	153.1386	443.2735	69.8732	91.2451	63.7560	76.5925	87.5449	0.9395	664.8214	-30.4014	-4.7920	97.8446	56.2126	0.1017	
15898.0136	15898.0136	0.0000	0.0000	0.2680	0.3268	0.3083	-0.0403	-15.0335	0.0158	0.0148	-2.1081	-0.8097	3.2078	-3.6813	0.3934	2.6021	2.6425	-0.0404	-1.5530	0.0000	2.0303	125.4184	154.3296	149.8195	-4.5101	-3.0104	595.4788	634.5350	39.0562	6.1551	180.2745	4.8977	695.5150	0.7877	nan	152.9533	446.1741	70.3240	91.2325	64.1585	77.5118	88.4774	0.9397	661.6467	-27.1117	-4.2727	97.9514	52.9952	0.1030	
15774.2535	15774.2535	0.0000	0.0000	0.2703	0.3316	0.2804	-0.0101	-3.7351	0.0130	0.0137	2.8437	0.7516	3.7346	-3.7063	0.4568	2.6163	2.6500	-0.0337	-1.2869	0.0000	17.2424	129.0031	160.5512	149.5449	-11.0063	-7.3599	745.7597	641.3856	-104.3741	-16.2732	180.1736	4.9538	703.5211	0.7882	nan	152.9479	446.5563	69.6272	91.1679	63.4775	78.3657	89.3971	0.9464	694.0696	-52.6840	-8.2141	97.7752	57.5934	0.1033	
15705.8082	15705.8082	0.0000	0.0000	0.2742	0.3643	0.2840	-0.0098	-3.5603	0.0137	0.0152	0.4746	0.0459	3.4579	-3.7745	0.4770	2.6123	2.6404	-0.0280	-1.0733	0.0000	-8.3611	144.3964	177.6413	149.3979	-28.2434	-18.9048	735.0639	641.9513	-93.1127	-14.5046	180.0205	4.9549	704.1375	0.7894	nan	152.5075	451.0635	70.2709	91.1685	64.0648	79.2779	90.3404	0.9497	703.2812	-61.3299	-9.5537	97.9612	53.6562	0.1050	
15612.1579	15612.1579	0.0000	0.0000	0.2724	0.3438	0.2940	-0.0216	-7.9268	0.0141	0.0146	0.0239	-0.0966	3.4173	-3.8771	0.4492	2.6486	2.6592	-0.0105	-0.3976	0.0000	0.2261	135.8739	166.6287	148.8766	-17.7522	-11.9241	700.5864	654.5656	-46.0208	-7.0307	179.9654	5.0476	718.8800	0.7914	nan	152.4700	445.4208	68.0478	91.0533	61.9598	80.1609	91.2383	0.9584	694.1259	-39.5603	-6.0438	97.6432	67.6625	0.1029	
15494.3730	15494.3730	0.0000	0.0000	0.2773	0.3235	0.2872	-0.0098	-3.5422	0.0133	0.0145	0.3601	-0.0198	3.5271	-3.9254	0.4515	2.6335	2.6606	-0.0272	-1.0321	0.0000	-3.1248	139.3632	171.7248	149.1683	-22.5565	-15.1215	718.7060	647.8022	-70.9038	-10.9453	180.0469	5.0037	711.3700	0.7896	nan	152.5367	449.9912	69.4662	91.0640	63.2586	81.0452	92.1541	0.9521	698.8052	-51.0030	-7.8732	97.7918	57.5359	0.1053	
15401.3052	15401.3052	0.0000	0.0000	0.2789	0.3294	0.3096	-0.0307	-10.9954	0.0149	0.0144	2.8225	0.7183	3.5013	-3.8479	0.4600	2.6319	2.6624	-0.0305	-1.1606	0.0000	-5.7555	133.7327	164.5331	149.3284	-15.2047	-10.1820	693.3820	650.6222	-42.7597	-6.5721	180.1802	5.0092	714.3600	0.7915	nan	152.6523	449.7983	69.1341	91.0776	62.9656	81.9353	93.0465	0.9558	694.8943	-44.2720	-6.8046	97.8227	60.3064	0.1060	
15330.8697	15330.8697	0.0000	0.0000	0.2802	0.3379	0.3165	-0.0362	-12.9188	0.0158	0.0145	-1.0303	-0.6174	3.2074	-3.8658	0.4498	2.6317	2.6727	-0.0411	-1.5606	0.0000	1.8695	137.8349	168.9495	149.3775	-19.5720	-13.1024	660.0088	651.4050	-8.6038	-1.3208	180.3145	5.0098	715.3700	0.7919	nan	152.7734	449.9261	69.0734	91.0590	62.8976	82.7892	93.9413	0.9567	689.2654	-37.8604	-5.8121	97.7774	60.5912	0.1065	
15260.3953	15260.3953	0.0000	0.0000	0.2791	0.3701	0.3103	-0.0312	-11.1794	0.0142	0.0156	0.6352	0.1524	3.5982	-3.6673	0.4576	2.6419	2.6726	-0.0307	-1.1617	0.0000	0.3615	139.0334	170.8756	149.2127	-21.6629	-14.5181	756.5003	653.3900	-103.1103	-15.7808	180.3476	5.0265	717.7178	0.7917	nan	152.6993	446.0382	68.2701	91.0378	62.1518	83.6530	94.8145	0.9569	707.6064	-54.2164	-8.2977	97.7168	64.9662	0.1056	
15153.1622	15153.1622	0.0000	0.0000	0.2857	0.3898	0.3042	-0.0185	-6.4744	0.0140	0.0160	4.6202	1.2855	3.5915	-3.8189	0.4551	2.6495	2.6786	-0.0291	-1.0987	0.0000	8.4280	142.0358	175.2079	149.1993	-26.0086	-17.4321	778.1285	657.3343	-120.7942	-18.3764	180.3244	5.0567	722.5943	0.7924	nan	152.4889	453.3858	68.9907	90.9689	62.7603	84.4913	95.6312	0.9600	705.0602	-47.7259	-7.2605	97.8428	60.3528	0.1078	
15069.0971	15069.0971	0.0000	0.0000	0.2850	0.3439	0.2990	-0.0140	-4.9285	0.0138	0.0145	5.1750	1.4273	3.6468	-3.7669	0.4452	2.6473	2.6790	-0.0316	-1.1942	0.0000	14.3306	127.9557	159.1881	149.2122	-9.9759	-6.6857	728.9926	658.9111	-70.0815	-10.6360	180.3102	5.0653	724.2822	0.7930	nan	152.5046	449.7382	68.2555	90.9744	62.0951	85.3246	96.4829	0.9631	710.6169	-51.7058	-7.8472	97.8415	65.4208	0.1077	
14917.8500	14917.8500	0.0000	0.0000	0.2884	0.3907	0.3520	-0.0636	-22.0588	0.0164	0.0165	2.9182	0.7770	3.5330	-3.4774	0.4215	2.6527	2.6769	-0.0242	-0.9140	0.0000	7.2201	104.1642	128.4039	149.0915	20.6876	13.8758	567.1510	657.4588	90.3077	13.7359	180.2975	5.0606	723.1475	0.7926	nan	152.7259	450.4879	68.5286	90.9169	62.3045	86.1746	97.2883	0.9598	699.5596	-42.1008	-6.4036	97.6203	62.2405	0.1087	
14816.6003	14816.6003	0.0000	0.0000	0.2890	0.3887	0.3082	-0.0192	-6.6518	0.0142	0.0159	2.2624	0.6064	3.6919	-3.7850	0.4743	2.6344	2.6619	-0.0275	-1.0439	0.0000	10.5406	128.9869	159.0176	149.1148	-9.9028	-6.6410	717.9335	652.0089	-65.9246	-10.1110	180.2962	5.0180	716.8233	0.7923	nan	152.4320	448.4141	68.7728	90.9582	62.5545	87.0560	98.1263	0.9583	692.6656	-40.6568	-6.2356	97.8240	60.4419	0.1097	
14748.3824	14748.3824	0.0000	0.0000	0.2927	0.3805	0.3047	-0.0120	-4.0959	0.0143	0.0168	3.9856	1.1090	3.6095	-3.6640	0.4893	2.6445	2.6966	-0.0521	-1.9712	0.0000	2.9903	126.9902	155.8414	149.0098	-6.8316	-4.5847	690.5812	653.7567	-36.8245	-5.6328	180.3189	5.0361	718.9922	0.7917	nan	152.7371	452.0086	69.1431	90.9271	62.8699	87.8730	98.9256	0.9579	703.2723	-49.5156	-7.5740	97.5596	57.1198	0.1107	
14672.5028	14672.5028	0.0000	0.0000	0.2949	0.3219	0.3449	-0.0500	-16.9424	0.0159	0.0161	4.4759	1.2232	3.6584	-3.7147	0.4439	2.6255	2.6657	-0.0403	-1.5341	0.0000	-9.7929	136.9755	168.8117	149.0467	-19.7651	-13.2610	730.3912	645.6889	-84.7023	-13.1181	180.3333	4.9767	709.9189	0.7910	nan	152.6499	453.0980	70.1764	90.9525	63.8271	88.7303	99.7256	0.9526	696.4728	-50.7839	-7.8651	97.6401	49.6444	0.1123	
14534.2920	14534.2920	0.0000	0.0000	0.2977	0.4047	0.2817	0.0161	5.4060	0.0144	0.0175	-0.5141	-0.4043	3.1228	-3.6611	0.4953	2.6233	2.6628	-0.0396	-1.5084	0.0000	7.1291	140.7424	173.7525	148.9310	-24.8215	-16.6664	631.9817	647.3125	15.3308	2.3684	180.3225	4.9868	711.5075	0.7912	nan	152.6713	453.1780	70.0250	90.9781	63.7084	89.5021	100.4308	0.9566	680.6400	-33.3275	-5.1486	97.5502	51.0739	0.1135	
14472.9897	14472.9897	0.0000	0.0000	0.2985	0.3147	0.3344	-0.0359	-12.0432	0.0155	0.0152	3.5250	0.9399	3.6998	-3.6753	0.5285	2.6251	2.6487	-0.0237	-0.9019	0.0000	-0.6774	141.2262	174.1992	149.0004	-25.1988	-16.9119	777.3299	650.3400	-126.9899	-19.5267	180.3137	5.0013	714.9513	0.7928	nan	152.6195	452.4091	69.5715	90.9631	63.2845	90.2682	101.1325	0.9600	677.1206	-26.7806	-4.1179	97.6290	54.3226	0.1137	
14422.9495	14422.9495	0.0000	0.0000	0.2990	0.3583	0.3386	-0.0396	-13.2556	0.0155	0.0150	2.8560	0.7738	3.6782	-3.8194	0.4972	2.6325	2.6633	-0.0308	-1.1697	0.0000	4.8076	138.3893	169.8336	148.8407	-20.9929	-14.1043	761.0024	649.4922	-111.5102	-17.1688	180.3236	5.0012	714.2878	0.7920	nan	152.6511	451.5969	69.5379	90.9291	63.2306	91.0530	101.9346	0.9570	697.5257	-48.0335	-7.3955	97.5041	53.1111	0.1136	
14343.5467	14343.5467	0.0000	0.0000	0.3029	0.3304	0.3777	-0.0748	-24.6990	0.0168	0.0154	3.0354	0.8077	3.7774	-3.6895	0.4675	2.6230	2.6599	-0.0369	-1.4075	0.0000	-5.8755	136.0057	167.0364	148.8402	-18.1962	-12.2253	766.8391	645.2067	-121.6324	-18.8517	180.3324	4.9751	709.4689	0.7908	nan	152.5887	454.9572	70.5147	90.9424	64.1278	91.8235	102.6734	0.9541	693.7842	-48.5775	-7.5290	97.5439	46.1582	0.1155	
14279.8039	14279.8039	0.0000	0.0000	0.3023	0.4111	0.3482	-0.0459	-15.2025	0.0159	0.0172	5.3428	1.4655	3.6409	-3.7758	0.4302	2.6408	2.6634	-0.0226	-0.8565	0.0000	9.6454	129.8566	159.6379	148.6895	-10.9484	-7.3633	729.6650	655.9250	-73.7400	-11.2421	180.2965	5.0436	721.6475	0.7936	nan	152.3833	451.9781	68.9060	90.8928	62.6305	92.5408	103.4007	0.9645	711.1220	-55.1970	-8.4151	97.5762	57.5613	0.1145	
14168.5772	14168.5772	0.0000	0.0000	0.3056	0.3621	0.3784	-0.0728	-23.8252	0.0172	0.0155	4.6357	1.2863	3.6139	-3.7026	0.4399	2.6095	2.6603	-0.0508	-1.9472	0.0000	8.2004	117.2385	144.1818	148.7698	4.5880	3.0839	651.6936	639.8989	-11.7947	-1.8432	180.2567	4.9462	703.6789	0.7892	nan	152.4664	453.3611	70.8509	90.9362	64.4292	93.2807	104.0984	0.9517	699.4703	-59.5714	-9.3095	97.5757	43.2673	0.1171	
14123.6143	14123.6143	0.0000	0.0000	0.3090	0.3588	0.3569	-0.0479	-15.4913	0.0162	0.0159	3.0922	0.8597	3.5906	-3.7754	0.4730	2.6435	2.6647	-0.0212	-0.8020	0.0000	2.3894	136.8580	167.6968	148.4289	-19.2679	-12.9812	742.5486	653.7489	-88.7997	-13.5832	180.1889	5.0308	719.4778	0.7937	nan	152.3190	457.0186	69.9094	90.8651	63.5235	94.0169	104.8265	0.9619	701.9428	-48.1939	-7.3719	97.4463	49.3545	0.1169	
14033.0300	14033.0300	0.0000	0.0000	0.3087	0.2519	0.3182	-0.0095	-3.0615	0.0147	0.0158	4.5172	1.2520	3.6022	-3.6323	0.5034	2.6508	2.6733	-0.0225	-0.8491	0.0000	12.1137	125.0495	154.1326	148.2659	-5.8667	-3.9569	695.4929	656.5900	-38.9029	-5.9250	180.0133	5.0563	722.9457	0.7943	nan	152.1766	453.6662	69.0937	90.8217	62.7520	94.7881	105.5834	0.9645	683.5563	-26.9663	-4.1070	97.4304	54.3719	0.1165	
13936.5377	13936.5377	0.0000	0.0000	0.3100	0.3468	0.3797	-0.0697	-22.4728	0.0175	0.0167	4.2597	1.1953	3.6077	-3.8646	0.4469	2.6294	2.6670	-0.0376	-1.4286	0.0000	5.9403	125.9131	154.6060	148.0035	-6.6025	-4.4610	688.2480	646.6450	-41.6030	-6.4337	179.6387	4.9977	711.8975	0.7929	nan	151.6895	452.4166	69.9778	90.8350	63.5648	95.4828	106.2780	0.9593	688.3582	-41.7132	-6.4507	97.5703	47.7470	0.1179	
13734.9252	13734.9252	0.0000	0.0000	0.3112	0.4204	0.3425	-0.0312	-10.0358	0.0159	0.0183	3.5568	0.9942	3.6100	-3.7928	0.5255	2.6391	2.6561	-0.0170	-0.6441	0.0000	3.5048	138.1115	169.2743	147.7227	-21.5516	-14.5892	753.3581	646.9522	-106.4059	-16.4473	179.4227	5.0025	712.5433	0.7939	nan	151.4790	447.6339	69.1995	90.7956	62.8305	96.2039	106.9288	0.9581	683.4881	-36.5359	-5.6474	97.5202	51.4227	0.1179	
13707.7627	13707.7627	0.0000	0.0000	0.3137	0.3915	0.3172	-0.0035	-1.1110	0.0152	0.0183	2.0357	0.4965	3.3984	-3.8704	0.5197	2.6331	2.6612	-0.0281	-1.0684	0.0000	9.8144	136.1482	168.3936	147.4980	-20.8956	-14.1667	712.8744	643.8678	-69.0066	-10.7175	179.3586	4.9810	709.0244	0.7936	nan	151.6119	450.2603	69.9323	90.8105	63.5060	96.9554	107.6640	0.9572	674.4422	-30.5744	-4.7486	97.2868	46.0401	0.1191	
13599.2495	13599.2495	0.0000	0.0000	0.3170	0.4029	0.3469	-0.0299	-9.4320	0.0162	0.0168	2.2535	0.6029	3.5170	-3.6650	0.5220	2.6302	2.6694	-0.0392	-1.4902	0.0000	7.7110	137.7129	169.2269	147.5681	-21.6588	-14.6772	732.2069	644.0422	-88.1647	-13.6893	179.3591	4.9816	709.3056	0.7939	nan	151.5651	451.4441	70.1038	90.8000	63.6550	97.6813	108.3008	0.9580	677.1991	-33.1569	-5.1482	97.3631	45.0186	0.1205	

Torque compensated Offset = 	0
Mean Torque Mainboard Error perc = 	-11.1570079143676


