Time	speed	torque	motor_current	motor_current_thd	motor_voltage	motor_power	line_voltage	line_current	line_power	motor_temperature	Test_Marker	BD_Target_Speed	BD_Target_Accel	BD_Update_Cmd	Mcl_Quantities.Speed_Rot_Mech	Mcl_Quantities.Torque	Mcl_Quantities.Torque_Ref	Mcl_Quantities.Stator_Flux_Mag	Mcl_Quantities.Flux_Ref	Mcl_Quantities.Id_stator_current	Mcl_Quantities.Iq_stator_current	Mcl_Quantities.Id_rotor_current	Rotor_Curr_Iq	Flux_Controller.Out	Torque_Controller.Out	DC_Bus_RMS	Mcl_Quantities.Electrical_Power	Mcl_Quantities.Stator_Temperature	Mcl_Quantities.Is_Abs	Mcl_Quantities.IsRMS	SR_Overheating_Temp
0.7352	0.0000	-0.0000	0.0141	0.0000	0.7640	-0.0400	230.6450	0.0337	1.9800	69.2535	NOT CONNECTED	NOT CONNECTED	NOT CONNECTED	NOT CONNECTED	NOT CONNECTED	NOT CONNECTED	NOT CONNECTED	NOT CONNECTED	NOT CONNECTED	NOT CONNECTED	NOT CONNECTED	NOT CONNECTED	NOT CONNECTED	NOT CONNECTED	NOT CONNECTED	NOT CONNECTED	NOT CONNECTED	NOT CONNECTED	NOT CONNECTED	NOT CONNECTED	NOT CONNECTED
1.4790	0.0000	-0.0000	0.0141	0.0000	0.7640	-0.0400	230.6600	0.0337	1.9800	69.1235	NOT CONNECTED	NOT CONNECTED	NOT CONNECTED	NOT CONNECTED	NOT CONNECTED	NOT CONNECTED	NOT CONNECTED	NOT CONNECTED	NOT CONNECTED	NOT CONNECTED	NOT CONNECTED	NOT CONNECTED	NOT CONNECTED	NOT CONNECTED	NOT CONNECTED	NOT CONNECTED	NOT CONNECTED	NOT CONNECTED	NOT CONNECTED	NOT CONNECTED	NOT CONNECTED
1.6446	0.0000	-0.0000	0.0141	0.0000	0.7640	-0.0400	230.6600	0.0337	1.9800	69.1235	NOT CONNECTED	0.0000	500.0000	0.0000	0.0000	0.0000	0.0000	0.0672	0.0348	-1.4194	0.2118	-1.4314	0.1029	0.0000	0.0000	321.7451	0.0000	83.1091	1.4351	0.0053	92.1293
2.2229	0.0000	-0.0000	0.0141	0.0000	0.7640	-0.0400	230.6900	0.0337	1.9900	68.9877	NOT CONNECTED	0.0000	500.0000	0.0000	0.0000	0.0000	0.0000	0.0672	0.0348	-1.4194	0.2118	-1.4314	0.1029	0.0000	0.0000	321.7424	0.0000	82.8997	1.4351	0.0055	92.1293
2.2500	0.0000	-0.0000	0.0141	0.0000	0.7640	-0.0400	230.6900	0.0337	1.9900	68.9877	NOT CONNECTED	0.0000	500.0000	0.0000	0.0000	0.0000	0.0000	0.0672	0.0348	-1.4194	0.2118	-1.4314	0.1029	0.0000	0.0000	321.7424	0.0000	82.8997	1.4351	0.0055	92.1293
2.8557	0.0000	-0.0000	0.0141	0.0000	0.7640	-0.0400	230.7070	0.0337	1.9900	68.8857	NOT CONNECTED	0.0000	500.0000	0.0000	0.0000	0.0000	0.0000	0.0672	0.0348	-1.4194	0.2118	-1.4314	0.1029	0.0000	0.0000	321.7871	0.0000	82.6972	1.4351	0.0052	92.0037
2.9710	0.0000	-0.0000	0.0141	0.0000	0.7640	-0.0400	230.7070	0.0337	1.9900	68.8857	NOT CONNECTED	0.0000	500.0000	0.0000	0.0000	0.0000	0.0000	0.0672	0.0348	-1.4194	0.2118	-1.4314	0.1029	0.0000	0.0000	321.7871	0.0000	82.6972	1.4351	0.0052	92.0037
3.4611	0.0000	-0.0000	0.0141	0.0000	0.7640	-0.0400	230.7410	0.0336	1.9900	68.7640	NOT CONNECTED	0.0000	500.0000	0.0000	0.0000	0.0000	0.0000	0.0672	0.0348	-1.4194	0.2118	-1.4314	0.1029	0.0000	0.0000	321.8506	0.0000	82.5014	1.4351	0.0049	91.8786
3.7216	0.0000	-0.0000	0.0141	0.0000	0.7640	-0.0400	230.7410	0.0336	1.9900	68.7640	NOT CONNECTED	0.0000	500.0000	0.0000	0.0000	0.0000	0.0000	0.0672	0.0348	-1.4194	0.2118	-1.4314	0.1029	0.0000	0.0000	321.8506	0.0000	82.5014	1.4351	0.0049	91.8786
4.0666	0.0000	-0.0000	0.0141	0.0000	0.7640	-0.0400	230.7410	0.0336	1.9900	68.7640	NOT CONNECTED	0.0000	500.0000	0.0000	0.0000	0.0000	0.0000	0.0672	0.0348	-1.4194	0.2118	-1.4314	0.1029	0.0000	0.0000	321.8358	0.0000	82.3120	1.4351	0.0052	91.8786
4.6723	0.0000	-0.0000	0.0141	0.0000	0.7640	-0.0400	230.7410	0.0336	1.9900	68.7640	NOT CONNECTED	0.0000	500.0000	0.0000	0.0000	0.0000	0.0000	0.0672	0.0348	-1.4194	0.2118	-1.4314	0.1029	0.0000	0.0000	321.8939	0.0000	82.1214	1.4351	0.0048	91.7541
5.2784	0.0000	-0.0000	0.0141	0.0000	0.7640	-0.0400	230.8090	0.0337	2.0000	68.3628	NOT CONNECTED	0.0000	500.0000	0.0000	0.0000	0.0000	0.0000	0.0672	0.0348	-1.4194	0.2118	-1.4314	0.1029	0.0000	0.0000	321.8628	0.0000	81.9445	1.4351	0.0050	91.7541
5.8827	0.0000	-0.0000	0.0141	0.0000	0.7640	-0.0400	230.8090	0.0337	2.0000	68.3628	NOT CONNECTED	0.0000	500.0000	0.0000	0.0000	0.0000	0.0000	0.0672	0.0348	-1.4194	0.2118	-1.4314	0.1029	0.0000	0.0000	321.9088	0.0000	81.7735	1.4351	0.0050	91.6301
5.9659	0.0000	-0.0000	0.0141	0.0000	0.7640	-0.0400	230.8090	0.0337	2.0000	68.3628	NOT CONNECTED	0.0000	500.0000	0.0000	0.0000	0.0000	0.0000	0.0672	0.0348	-1.4194	0.2118	-1.4314	0.1029	0.0000	0.0000	321.9088	0.0000	81.7735	1.4351	0.0050	91.6301
6.4885	0.0000	-0.0000	0.0141	0.0000	0.7640	-0.0400	230.8090	0.0337	2.0000	68.3628	NOT CONNECTED	0.0000	500.0000	0.0000	0.0000	0.0000	0.0000	0.0672	0.0348	-1.4194	0.2118	-1.4314	0.1029	0.0000	0.0000	321.9657	0.0000	81.6080	1.4351	0.0050	91.5067
7.0945	0.0000	-0.0000	0.0141	0.0000	0.7640	-0.0400	230.8790	0.0335	2.0100	67.9865	NOT CONNECTED	0.0000	500.0000	0.0000	0.0000	0.0000	0.0000	0.0672	0.0348	-1.4194	0.2118	-1.4314	0.1029	0.0000	0.0000	321.9562	0.0000	81.4478	1.4351	0.0051	91.5067
7.7159	0.0000	-0.0000	0.0141	0.0000	0.7640	-0.0400	230.8790	0.0335	2.0100	67.9865	NOT CONNECTED	0.0000	500.0000	0.0000	0.0000	0.0000	0.0000	0.0672	0.0348	-1.4194	0.2118	-1.4314	0.1029	0.0000	0.0000	321.9900	0.0000	81.2865	1.4351	0.0049	91.3839
8.2225	0.0000	-0.0000	0.0141	0.0000	0.7640	-0.0400	230.8790	0.0335	2.0100	67.9865	NOT CONNECTED	0.0000	500.0000	0.0000	0.0000	0.0000	0.0000	0.0672	0.0348	-1.4194	0.2118	-1.4314	0.1029	0.0000	0.0000	321.9724	0.0000	81.1306	1.4351	0.0053	91.3839
8.3367	0.0000	-0.0000	0.0141	0.0000	0.7640	-0.0400	230.8790	0.0335	2.0100	67.9865	NOT CONNECTED	0.0000	500.0000	0.0000	0.0000	0.0000	0.0000	0.0672	0.0348	-1.4194	0.2118	-1.4314	0.1029	0.0000	0.0000	321.9724	0.0000	81.1306	1.4351	0.0053	91.3839
8.9428	0.0000	-0.0000	0.0141	0.0000	0.7640	-0.0400	230.8900	0.0336	2.0100	67.8730	NOT CONNECTED	0.0000	500.0000	0.0000	0.0000	0.0000	0.0000	0.0672	0.0348	-1.4194	0.2118	-1.4314	0.1029	0.0000	0.0000	322.0022	0.0000	80.9858	1.4351	0.0052	91.2615
8.9641	0.0000	-0.0000	0.0141	0.0000	0.7640	-0.0400	230.8900	0.0336	2.0100	67.8730	NOT CONNECTED	0.0000	500.0000	0.0000	0.0000	0.0000	0.0000	0.0672	0.0348	-1.4194	0.2118	-1.4314	0.1029	0.0000	0.0000	322.0022	0.0000	80.9858	1.4351	0.0052	91.2615
9.5329	0.0000	-0.0000	0.0141	0.0000	0.7640	-0.0400	230.9090	0.0335	2.0100	67.7671	NOT CONNECTED	0.0000	500.0000	0.0000	0.0000	0.0000	0.0000	0.0672	0.0348	-1.4194	0.2118	-1.4314	0.1029	0.0000	0.0000	322.0360	0.0000	80.8457	1.4351	0.0050	91.1397
9.7144	0.0000	-0.0000	0.0141	0.0000	0.7640	-0.0400	230.9090	0.0335	2.0100	67.7671	NOT CONNECTED	0.0000	500.0000	0.0000	0.0000	0.0000	0.0000	0.0672	0.0348	-1.4194	0.2118	-1.4314	0.1029	0.0000	0.0000	322.0360	0.0000	80.8457	1.4351	0.0050	91.1397
10.1379	0.0000	-0.0000	0.0141	0.0000	0.7640	-0.0400	230.9160	0.0334	2.0100	67.6355	NOT CONNECTED	0.0000	500.0000	0.0000	0.0000	0.0000	0.0000	0.0672	0.0348	-1.4194	0.2118	-1.4314	0.1029	0.0000	0.0000	322.0063	0.0000	80.7101	1.4351	0.0050	91.1397
10.4523	0.0000	-0.0000	0.0141	0.0000	0.7640	-0.0400	230.9160	0.0334	2.0100	67.6355	NOT CONNECTED	0.0000	500.0000	0.0000	0.0000	0.0000	0.0000	0.0672	0.0348	-1.4194	0.2118	-1.4314	0.1029	0.0000	0.0000	322.0441	0.0000	80.5787	1.4351	0.0051	91.0185
10.7281	0.0000	-0.0000	0.0141	0.0000	0.7640	-0.0400	230.9160	0.0334	2.0100	67.6355	NOT CONNECTED	0.0000	500.0000	0.0000	0.0000	0.0000	0.0000	0.0672	0.0348	-1.4194	0.2118	-1.4314	0.1029	0.0000	0.0000	322.0441	0.0000	80.5787	1.4351	0.0051	91.0185
11.1926	0.0000	-0.0000	0.0141	0.0000	0.7640	-0.0400	230.9270	0.0334	2.0100	67.5551	NOT CONNECTED	0.0000	500.0000	0.0000	0.0000	0.0000	0.0000	0.0672	0.0348	-1.4194	0.2118	-1.4314	0.1029	0.0000	0.0000	322.0225	0.0000	80.4515	1.4351	0.0052	91.0185
11.3328	0.0000	-0.0000	0.0141	0.0000	0.7640	-0.0400	230.9270	0.0334	2.0100	67.5551	NOT CONNECTED	0.0000	500.0000	0.0000	0.0000	0.0000	0.0000	0.0672	0.0348	-1.4194	0.2118	-1.4314	0.1029	0.0000	0.0000	322.0225	0.0000	80.4515	1.4351	0.0052	91.0185
11.9303	0.0000	-0.0000	0.0141	0.0000	0.7630	-0.0400	230.9300	0.0334	2.0100	67.3936	NOT CONNECTED	0.0000	500.0000	0.0000	0.0000	0.0000	0.0000	0.0672	0.0348	-1.4194	0.2118	-1.4314	0.1029	0.0000	0.0000	322.0171	0.0000	80.3283	1.4351	0.0053	90.8978
11.9395	0.0000	-0.0000	0.0141	0.0000	0.7630	-0.0400	230.9300	0.0334	2.0100	67.3936	NOT CONNECTED	0.0000	500.0000	0.0000	0.0000	0.0000	0.0000	0.0672	0.0348	-1.4194	0.2118	-1.4314	0.1029	0.0000	0.0000	322.0171	0.0000	80.3283	1.4351	0.0053	90.8978
12.5293	0.0000	-0.0000	0.0141	0.0000	0.7630	-0.0400	230.9350	0.0333	2.0000	67.2873	NOT CONNECTED	0.0000	500.0000	0.0000	0.0000	0.0000	0.0000	0.0672	0.0348	-1.4194	0.2118	-1.4314	0.1029	0.0000	0.0000	322.0495	0.0000	80.2090	1.4351	0.0047	90.7775
12.6713	0.0000	-0.0000	0.0141	0.0000	0.7630	-0.0400	230.9350	0.0333	2.0000	67.2873	NOT CONNECTED	0.0000	500.0000	0.0000	0.0000	0.0000	0.0000	0.0672	0.0348	-1.4194	0.2118	-1.4314	0.1029	0.0000	0.0000	322.0495	0.0000	80.2090	1.4351	0.0047	90.7775
13.1347	0.0000	-0.0000	0.0141	0.0000	0.7630	-0.0400	230.9350	0.0333	2.0000	67.2873	NOT CONNECTED	0.0000	500.0000	0.0000	0.0000	0.0000	0.0000	0.0672	0.0348	-1.4194	0.2118	-1.4314	0.1029	0.0000	0.0000	322.0347	0.0000	80.0934	1.4351	0.0051	90.7775
13.6887	0.0000	-0.0000	0.0141	0.0000	0.7620	-0.0400	230.9380	0.0333	2.0100	67.1060	NOT CONNECTED	0.0000	500.0000	0.0000	0.0000	0.0000	0.0000	0.0672	0.0348	-1.4194	0.2118	-1.4314	0.1029	0.0000	0.0000	322.0442	0.0000	79.9814	1.4351	0.0048	90.6579
13.7402	0.0000	-0.0000	0.0141	0.0000	0.7620	-0.0400	230.9380	0.0333	2.0100	67.1060	NOT CONNECTED	0.0000	500.0000	0.0000	0.0000	0.0000	0.0000	0.0672	0.0348	-1.4194	0.2118	-1.4314	0.1029	0.0000	0.0000	322.0442	0.0000	79.9814	1.4351	0.0048	90.6579
14.3454	0.0000	-0.0000	0.0141	0.0000	0.7630	-0.0400	230.9390	0.0332	2.0100	67.0110	NOT CONNECTED	0.0000	500.0000	0.0000	0.0000	0.0000	0.0000	0.0672	0.0348	-1.4194	0.2118	-1.4314	0.1029	0.0000	0.0000	322.0415	0.0000	79.8729	1.4351	0.0049	90.6579
14.4207	0.0000	-0.0000	0.0141	0.0000	0.7630	-0.0400	230.9390	0.0332	2.0100	67.0110	NOT CONNECTED	0.0000	500.0000	0.0000	0.0000	0.0000	0.0000	0.0672	0.0348	-1.4194	0.2118	-1.4314	0.1029	0.0000	0.0000	322.0415	0.0000	79.8729	1.4351	0.0049	90.6579
14.9515	0.0000	-0.0000	0.0141	0.0000	0.7620	-0.0400	230.9370	0.0331	2.0000	66.8904	NOT CONNECTED	0.0000	500.0000	0.0000	0.0000	0.0000	0.0000	0.0672	0.0348	-1.4194	0.2118	-1.4314	0.1029	0.0000	0.0000	322.0063	0.0000	79.7635	1.4351	0.0051	90.5387
15.1659	0.0000	-0.0000	0.0141	0.0000	0.7620	-0.0400	230.9370	0.0331	2.0000	66.8904	NOT CONNECTED	0.0000	500.0000	0.0000	0.0000	0.0000	0.0000	0.0672	0.0348	-1.4194	0.2118	-1.4314	0.1029	0.0000	0.0000	322.0063	0.0000	79.7635	1.4351	0.0051	90.5387
15.5730	0.0000	-0.0000	0.0141	0.0000	0.7630	-0.0400	230.9350	0.0330	2.0000	66.7692	NOT CONNECTED	10000.0000	500.0000	0.0000	0.0000	0.0000	0.0000	0.0672	0.0348	-1.4194	0.2118	-1.4314	0.1029	0.0000	0.0000	322.0184	0.0000	79.6617	1.4351	0.0053	90.4200
15.9097	0.0000	-0.0000	0.0141	0.0000	0.7630	-0.0400	230.9350	0.0330	2.0000	66.7692	NOT CONNECTED	10000.0000	500.0000	0.0000	0.0000	0.0000	0.0000	0.0672	0.0348	-1.4194	0.2118	-1.4314	0.1029	0.0000	0.0000	321.9995	0.0000	79.5630	1.4351	0.0051	90.4200
16.1787	0.0000	-0.0000	0.0141	0.0000	0.7630	-0.0400	230.9350	0.0330	2.0000	66.7692	NOT CONNECTED	10000.0000	500.0000	0.0000	0.0000	0.0000	0.0000	0.0672	0.0348	-1.4194	0.2118	-1.4314	0.1029	0.0000	0.0000	321.9995	0.0000	79.5630	1.4351	0.0051	90.4200
16.6507	0.0000	-0.0000	0.0141	0.0000	0.7620	-0.0400	230.9300	0.0329	1.9900	66.6734	NOT CONNECTED	10000.0000	500.0000	0.0000	0.0000	0.0000	0.0000	0.0672	0.0348	-1.4194	0.2118	-1.4314	0.1029	0.0000	0.0000	322.0116	0.0000	79.4594	1.4351	0.0049	90.3019
16.8001	0.0000	-0.0000	0.0141	0.0000	0.7620	-0.0400	230.9300	0.0329	1.9900	66.6734	NOT CONNECTED	10000.0000	500.0000	0.0000	0.0000	0.0000	0.0000	0.0672	0.0348	-1.4194	0.2118	-1.4314	0.1029	0.0000	0.0000	322.0116	0.0000	79.4594	1.4351	0.0049	90.3019
17.3863	0.0000	-0.0000	0.0141	0.0000	0.7630	-0.0400	230.9250	0.0328	1.9900	66.5601	NOT CONNECTED	10000.0000	500.0000	0.0000	0.0000	0.0000	0.0000	0.0672	0.0348	-1.4194	0.2118	-1.4314	0.1029	0.0000	0.0000	322.0401	0.0000	79.3669	1.4351	0.0052	90.1842
17.4055	0.0000	-0.0000	0.0141	0.0000	0.7630	-0.0400	230.9250	0.0328	1.9900	66.5601	NOT CONNECTED	10000.0000	500.0000	0.0000	0.0000	0.0000	0.0000	0.0672	0.0348	-1.4194	0.2118	-1.4314	0.1029	0.0000	0.0000	322.0401	0.0000	79.3669	1.4351	0.0052	90.1842
18.0107	0.0000	-0.0000	0.0141	0.0000	0.7630	-0.0400	230.9140	0.0327	1.9800	66.4738	NOT CONNECTED	10000.0000	500.0000	0.0000	0.0000	0.0000	0.0000	0.0672	0.0348	-1.4194	0.2118	-1.4314	0.1029	0.0000	0.0000	321.9372	0.0000	79.2771	1.4351	0.0050	90.1842
18.1304	0.0000	-0.0000	0.0141	0.0000	0.7630	-0.0400	230.9140	0.0327	1.9800	66.4738	NOT CONNECTED	10000.0000	500.0000	0.0000	0.0000	0.0000	0.0000	0.0672	0.0348	-1.4194	0.2118	-1.4314	0.1029	0.0000	0.0000	321.9372	0.0000	79.2771	1.4351	0.0050	90.1842
18.6003	0.0000	-0.0000	0.0141	0.0000	0.7630	-0.0400	230.9140	0.0327	1.9800	66.4738	NOT CONNECTED	10000.0000	500.0000	0.0000	0.0000	0.0000	0.0000	0.0672	0.0348	-1.4194	0.2118	-1.4314	0.1029	0.0000	0.0000	321.9684	0.0000	79.1901	1.4351	0.0051	90.0671
19.2061	0.0000	-0.0000	0.0141	0.0000	0.7630	-0.0400	230.9140	0.0327	1.9800	66.4738	NOT CONNECTED	10000.0000	500.0000	0.0000	0.0000	0.0000	0.0000	0.0672	0.0348	-1.4194	0.2118	-1.4314	0.1029	0.0000	0.0000	321.9264	0.0000	79.1056	1.4351	0.0051	90.0671
20.3883	55.0000	0.1330	0.0141	0.0000	0.7630	-0.0400	230.8740	0.0326	1.9800	66.1676	NOT CONNECTED	10000.0000	500.0000	0.0000	-21.3764	0.1955	0.0000	0.1167	0.0348	2.0532	0.2799	2.0146	0.2385	14.3150	0.0000	315.3250	44.1617	78.9737	2.0736	0.7429	89.8343
20.9947	0.0000	-0.0020	1.3989	0.0000	13.2190	40.7900	230.8140	0.5331	57.3900	66.2475	NOT CONNECTED	10000.0000	500.0000	0.0000	-0.0738	-0.0227	0.0000	0.1282	0.0348	3.0543	-0.0291	3.0295	-0.0741	20.4399	0.0000	310.9604	92.9383	79.2905	3.0263	1.8550	89.8343
21.1318	0.0000	-0.0020	1.3989	0.0000	13.2190	40.7900	230.8140	0.5331	57.3900	66.2475	NOT CONNECTED	10000.0000	500.0000	0.0000	-0.0738	-0.0227	0.0000	0.1282	0.0348	3.0543	-0.0291	3.0295	-0.0741	20.4399	0.0000	310.9604	92.9383	79.2905	3.0263	1.8550	89.8343
21.6002	0.0000	-0.0030	2.0201	0.0000	19.2570	86.3700	230.7710	0.9483	112.5000	66.4824	NOT CONNECTED	10000.0000	500.0000	0.0000	-0.0523	-0.0226	0.0000	0.1282	0.0348	3.0262	-0.0293	3.0456	-0.0696	20.5099	0.0000	310.9851	93.3836	80.0874	3.0584	2.1495	89.8355
21.8755	0.0000	-0.0030	2.0201	0.0000	19.2570	86.3700	230.7710	0.9483	112.5000	66.4824	NOT CONNECTED	10000.0000	500.0000	0.0000	-0.0523	-0.0226	0.0000	0.1282	0.0348	3.0262	-0.0293	3.0456	-0.0696	20.5099	0.0000	310.9851	93.3836	80.0874	3.0584	2.1495	89.8355
22.1990	0.0000	-0.0030	2.0201	0.0000	19.2570	86.3700	230.7710	0.9483	112.5000	66.4824	NOT CONNECTED	10000.0000	500.0000	0.0000	-0.0524	0.0353	0.0000	0.1079	0.0729	0.3480	0.0775	0.9587	0.0231	7.9428	0.1989	319.5350	4.8781	80.7052	0.9793	0.7725	89.8355
22.8052	0.0000	-0.0030	2.0201	0.0000	19.2570	86.3700	230.7710	0.9483	112.5000	66.4824	NOT CONNECTED	10000.0000	500.0000	0.0000	122.7958	0.2152	0.1854	0.0805	0.0806	0.9622	0.4424	0.8338	0.5543	6.3735	8.7533	319.1329	13.6753	74.6536	0.9803	0.6701	90.1388
23.4109	729.0000	-0.1100	0.2882	0.0000	24.1500	9.4100	230.7430	0.1830	16.3100	66.8061	NOT CONNECTED	10000.0000	500.0000	0.0000	445.6614	0.1369	0.1370	0.0709	0.0709	0.1892	0.3376	0.1754	0.3236	1.2504	15.9840	319.7172	7.2551	74.5978	0.3665	0.3127	90.0781
24.0149	729.0000	-0.1100	0.2882	0.0000	24.1500	9.4100	230.7430	0.1830	16.3100	66.8061	NOT CONNECTED	10000.0000	500.0000	0.0000	745.8428	0.1299	0.1495	0.0709	0.0708	0.2916	0.3010	0.2254	0.3985	1.7486	25.2113	319.0491	12.2916	74.4767	0.4218	0.2890	90.0781
24.1276	729.0000	-0.1100	0.2882	0.0000	24.1500	9.4100	230.7430	0.1830	16.3100	66.8061	NOT CONNECTED	10000.0000	500.0000	0.0000	745.8428	0.1299	0.1495	0.0709	0.0708	0.2916	0.3010	0.2254	0.3985	1.7486	25.2113	319.0491	12.2916	74.4767	0.4218	0.2890	90.0781
24.6203	1105.0000	-0.1100	0.3029	0.0000	33.1220	13.1000	230.7230	0.2215	20.4700	66.8406	NOT CONNECTED	10000.0000	500.0000	0.0000	1047.3064	0.1274	0.1545	0.0708	0.0709	0.3278	0.3013	0.2923	0.3467	1.8110	34.0474	318.3446	17.1897	74.3633	0.4909	0.3107	89.9876
24.8706	1105.0000	-0.1100	0.3029	0.0000	33.1220	13.1000	230.7230	0.2215	20.4700	66.8406	NOT CONNECTED	10000.0000	500.0000	0.0000	1047.3064	0.1274	0.1545	0.0708	0.0709	0.3278	0.3013	0.2923	0.3467	1.8110	34.0474	318.3446	17.1897	74.3633	0.4909	0.3107	89.9876
25.2270	1105.0000	-0.1100	0.3029	0.0000	33.1220	13.1000	230.7230	0.2215	20.4700	66.8406	NOT CONNECTED	10000.0000	500.0000	0.0000	1355.5250	0.1140	0.1315	0.0709	0.0708	0.3232	0.2652	0.2642	0.2957	2.0887	43.1184	317.6430	21.5426	74.2529	0.4348	0.3184	89.9876
25.6239	1477.0000	-0.1100	0.3213	0.0000	51.3050	20.8700	230.6810	0.2979	29.0400	66.8930	NOT CONNECTED	10000.0000	500.0000	0.0000	1658.5423	0.1356	0.1305	0.0708	0.0708	0.2788	0.3092	0.3039	0.3453	2.1862	52.0492	317.0754	25.9465	74.1530	0.4891	0.3284	89.8899
25.8319	1477.0000	-0.1100	0.3213	0.0000	51.3050	20.8700	230.6810	0.2979	29.0400	66.8930	NOT CONNECTED	10000.0000	500.0000	0.0000	1658.5423	0.1356	0.1305	0.0708	0.0708	0.2788	0.3092	0.3039	0.3453	2.1862	52.0492	317.0754	25.9465	74.1530	0.4891	0.3284	89.8899
26.3594	1850.0000	-0.1100	0.3276	0.0000	60.5080	25.0000	230.6580	0.3367	33.6400	66.9525	NOT CONNECTED	10000.0000	500.0000	0.0000	1955.2980	0.1501	0.1508	0.0709	0.0709	0.3786	0.3407	0.2757	0.3461	1.9871	61.1177	316.4026	31.8853	74.0580	0.4456	0.3335	89.7972
26.4385	1850.0000	-0.1100	0.3276	0.0000	60.5080	25.0000	230.6580	0.3367	33.6400	66.9525	NOT CONNECTED	10000.0000	500.0000	0.0000	1955.2980	0.1501	0.1508	0.0709	0.0709	0.3786	0.3407	0.2757	0.3461	1.9871	61.1177	316.4026	31.8853	74.0580	0.4456	0.3335	89.7972
27.0436	2219.0000	-0.1110	0.3395	0.0000	78.7450	33.4800	230.6140	0.4128	42.8600	66.9726	NOT CONNECTED	10000.0000	500.0000	0.0000	2259.5987	0.1454	0.1446	0.0709	0.0709	0.3100	0.3479	0.2736	0.4399	2.0863	70.8740	315.8219	36.2302	73.9676	0.4515	0.3406	89.7972
27.1236	2219.0000	-0.1110	0.3395	0.0000	78.7450	33.4800	230.6140	0.4128	42.8600	66.9726	NOT CONNECTED	10000.0000	500.0000	0.0000	2259.5987	0.1454	0.1446	0.0709	0.0709	0.3100	0.3479	0.2736	0.4399	2.0863	70.8740	315.8219	36.2302	73.9676	0.4515	0.3406	89.7972
27.6481	2596.0000	-0.1110	0.3455	0.0000	87.7910	37.9900	230.5930	0.4513	47.6400	66.9989	NOT CONNECTED	10000.0000	500.0000	0.0000	2562.5451	0.1550	0.1382	0.0708	0.0709	0.2859	0.3728	0.2965	0.3801	2.1204	79.2977	315.1560	41.7449	73.8816	0.4435	0.3483	89.7100
27.8592	2596.0000	-0.1110	0.3455	0.0000	87.7910	37.9900	230.5930	0.4513	47.6400	66.9989	NOT CONNECTED	10000.0000	500.0000	0.0000	2562.5451	0.1550	0.1382	0.0708	0.0709	0.2859	0.3728	0.2965	0.3801	2.1204	79.2977	315.1560	41.7449	73.8816	0.4435	0.3483	89.7100
28.2386	2966.0000	-0.1130	0.3564	0.0000	106.0600	47.4600	230.5510	0.5311	57.8000	66.9609	NOT CONNECTED	10000.0000	500.0000	0.0000	2862.2519	0.1802	0.1455	0.0708	0.0710	0.3790	0.4202	0.2849	0.3399	1.9920	87.3456	314.5971	47.4720	73.7993	0.4914	0.3539	89.7100
28.6107	2966.0000	-0.1130	0.3564	0.0000	106.0600	47.4600	230.5510	0.5311	57.8000	66.9609	NOT CONNECTED	10000.0000	500.0000	0.0000	3155.9487	0.1327	0.1684	0.0709	0.0708	0.4197	0.2895	0.2831	0.4411	2.2882	98.1281	314.0316	53.8420	73.7209	0.5332	0.3604	89.6278
28.8435	2966.0000	-0.1130	0.3564	0.0000	106.0600	47.4600	230.5510	0.5311	57.8000	66.9609	NOT CONNECTED	10000.0000	500.0000	0.0000	3155.9487	0.1327	0.1684	0.0709	0.0708	0.4197	0.2895	0.2831	0.4411	2.2882	98.1281	314.0316	53.8420	73.7209	0.5332	0.3604	89.6278
29.3489	3337.0000	-0.1140	0.3607	0.0000	115.2830	52.1300	230.5330	0.5703	62.8000	66.9379	NOT CONNECTED	10000.0000	500.0000	0.0000	3455.1997	0.1630	0.1601	0.0709	0.0709	0.3632	0.3708	0.2758	0.3706	1.6872	106.6580	313.5161	58.9330	73.6451	0.4422	0.3689	89.5510
29.4342	3337.0000	-0.1140	0.3607	0.0000	115.2830	52.1300	230.5330	0.5703	62.8000	66.9379	NOT CONNECTED	10000.0000	500.0000	0.0000	3455.1997	0.1630	0.1601	0.0709	0.0709	0.3632	0.3708	0.2758	0.3706	1.6872	106.6580	313.5161	58.9330	73.6451	0.4422	0.3689	89.5510
30.0395	3706.0000	-0.1150	0.3711	0.0000	133.6170	62.5400	230.5050	0.6573	73.7900	66.8842	NOT CONNECTED	10000.0000	500.0000	0.0000	3752.4160	0.1623	0.1760	0.0710	0.0709	0.3232	0.3858	0.2336	0.4431	2.5068	115.3374	313.0378	64.3491	73.5736	0.4561	0.3745	89.5510
30.1213	3706.0000	-0.1150	0.3711	0.0000	133.6170	62.5400	230.5050	0.6573	73.7900	66.8842	NOT CONNECTED	10000.0000	500.0000	0.0000	3752.4160	0.1623	0.1760	0.0710	0.0709	0.3232	0.3858	0.2336	0.4431	2.5068	115.3374	313.0378	64.3491	73.5736	0.4561	0.3745	89.5510
30.6440	4096.0000	-0.1260	0.3760	0.0000	142.6980	67.7300	230.4940	0.6998	79.1700	66.7869	NOT CONNECTED	10000.0000	500.0000	0.0000	4062.6688	0.1981	0.1539	0.0709	0.0710	0.4935	0.4494	0.3489	0.4518	1.8131	124.3044	312.5151	72.6825	73.5052	0.5564	0.3804	89.4796
30.8645	4096.0000	-0.1260	0.3760	0.0000	142.6980	67.7300	230.4940	0.6998	79.1700	66.7869	NOT CONNECTED	10000.0000	500.0000	0.0000	4062.6688	0.1981	0.1539	0.0709	0.0710	0.4935	0.4494	0.3489	0.4518	1.8131	124.3044	312.5151	72.6825	73.5052	0.5564	0.3804	89.4796
31.2505	4471.0000	-0.1270	0.3888	0.0000	161.1200	79.2700	230.4770	0.7891	91.1900	66.6822	NOT CONNECTED	10000.0000	500.0000	0.0000	4358.0072	0.1524	0.1589	0.0708	0.0709	0.3027	0.3698	0.2940	0.4613	2.3235	133.1644	311.8495	76.8435	73.4400	0.5979	0.3915	89.4796
31.6177	4471.0000	-0.1270	0.3888	0.0000	161.1200	79.2700	230.4770	0.7891	91.1900	66.6822	NOT CONNECTED	10000.0000	500.0000	0.0000	4662.1182	0.1592	0.1765	0.0710	0.0709	0.2992	0.3754	0.3089	0.4824	1.5081	142.1855	311.3161	85.9803	73.3756	0.4839	0.3978	89.4132
31.8563	4471.0000	-0.1270	0.3888	0.0000	161.1200	79.2700	230.4770	0.7891	91.1900	66.6822	NOT CONNECTED	10000.0000	500.0000	0.0000	4662.1182	0.1592	0.1765	0.0710	0.0709	0.2992	0.3754	0.3089	0.4824	1.5081	142.1855	311.3161	85.9803	73.3756	0.4839	0.3978	89.4132
32.3600	4841.0000	-0.1280	0.3947	0.0000	170.4560	85.1700	230.4670	0.8338	97.2700	66.6671	NOT CONNECTED	10000.0000	500.0000	0.0000	4662.1182	0.1592	0.1765	0.0710	0.0709	0.2992	0.3754	0.3089	0.4824	1.5081	142.1855	311.3161	85.9803	73.3756	0.4839	0.3978	89.4132
32.9715	5222.0000	-0.1320	0.4029	0.0000	188.8930	97.0600	230.4610	0.9211	109.5200	66.5614	NOT CONNECTED	10000.0000	500.0000	0.0000	5210.7039	0.1755	0.1948	0.0712	0.0710	0.3240	0.4417	0.3934	0.3422	5.2795	157.1926	310.5108	97.7905	73.2677	0.5310	0.4057	89.3535
33.1211	5222.0000	-0.1320	0.4029	0.0000	188.8930	97.0600	230.4610	0.9211	109.5200	66.5614	NOT CONNECTED	10000.0000	500.0000	0.0000	5210.7039	0.1755	0.1948	0.0712	0.0710	0.3240	0.4417	0.3934	0.3422	5.2795	157.1926	310.5108	97.7905	73.2677	0.5310	0.4057	89.3535
33.5772	5583.0000	-0.1320	0.4049	0.0000	198.1150	101.8800	230.4670	0.9548	114.1700	66.4526	NOT CONNECTED	10000.0000	500.0000	0.0000	5508.3069	0.2115	0.2070	0.0716	0.0711	0.4340	0.5049	0.3385	0.4557	-2.8523	166.3239	309.9397	106.7563	73.2112	0.4748	0.3979	89.1165
33.8663	5583.0000	-0.1320	0.4049	0.0000	198.1150	101.8800	230.4670	0.9548	114.1700	66.4526	NOT CONNECTED	10000.0000	500.0000	0.0000	5508.3069	0.2115	0.2070	0.0716	0.0711	0.4340	0.5049	0.3385	0.4557	-2.8523	166.3239	309.9397	106.7563	73.2112	0.4748	0.3979	89.1165
34.1669	5583.0000	-0.1320	0.4049	0.0000	198.1150	101.8800	230.4670	0.9548	114.1700	66.4526	NOT CONNECTED	10000.0000	500.0000	0.0000	5816.4093	0.1536	0.1920	0.0716	0.0709	0.3984	0.3305	0.3476	0.4255	-1.8886	170.4834	309.5224	116.1810	73.1564	0.5857	0.4071	89.1165
34.6178	5959.0000	-0.1340	0.4016	0.0000	214.3300	115.4500	230.4710	1.0477	127.5200	66.3464	NOT CONNECTED	10000.0000	500.0000	0.0000	6126.6752	0.1833	0.1427	0.0682	0.0658	0.1297	0.4711	0.1966	0.4330	0.2850	172.7520	309.4137	118.5466	73.1021	0.4988	0.3776	88.8858
34.7713	5959.0000	-0.1340	0.4016	0.0000	214.3300	115.4500	230.4710	1.0477	127.5200	66.3464	NOT CONNECTED	10000.0000	500.0000	0.0000	6126.6752	0.1833	0.1427	0.0682	0.0658	0.1297	0.4711	0.1966	0.4330	0.2850	172.7520	309.4137	118.5466	73.1021	0.4988	0.3776	88.8858
35.3574	6336.0000	-0.1370	0.3525	0.0000	214.7370	118.9600	230.4800	1.0706	130.7600	66.2728	NOT CONNECTED	10000.0000	500.0000	0.0000	6419.6364	0.1916	0.1784	0.0642	0.0644	-0.0183	0.4650	-0.1088	0.4906	-1.8923	170.0132	308.9238	131.1567	73.0420	0.6133	0.3421	88.6612
35.3779	6336.0000	-0.1370	0.3525	0.0000	214.7370	118.9600	230.4800	1.0706	130.7600	66.2728	NOT CONNECTED	10000.0000	500.0000	0.0000	6419.6364	0.1916	0.1784	0.0642	0.0644	-0.0183	0.4650	-0.1088	0.4906	-1.8923	170.0132	308.9238	131.1567	73.0420	0.6133	0.3421	88.6612
35.9837	6710.0000	-0.1370	0.3799	0.0000	213.0450	132.6700	230.5100	1.1753	144.9400	66.1432	NOT CONNECTED	10000.0000	500.0000	0.0000	6721.2454	0.2204	0.1857	0.0588	0.0587	-0.3144	0.6345	-0.4138	0.4514	-1.2885	176.4055	308.6285	139.8110	72.9803	0.6316	0.3652	88.6612
36.1204	6710.0000	-0.1370	0.3799	0.0000	213.0450	132.6700	230.5100	1.1753	144.9400	66.1432	NOT CONNECTED	10000.0000	500.0000	0.0000	6721.2454	0.2204	0.1857	0.0588	0.0587	-0.3144	0.6345	-0.4138	0.4514	-1.2885	176.4055	308.6285	139.8110	72.9803	0.6316	0.3652	88.6612
36.5892	7090.0000	-0.1430	0.4253	0.0000	213.4300	138.4400	230.5080	1.2186	151.1200	66.0601	NOT CONNECTED	10000.0000	500.0000	0.0000	7014.7702	0.1934	0.2137	0.0588	0.0575	-0.3233	0.5466	-0.4075	0.5551	-6.1900	169.6091	307.9682	150.2333	72.9285	0.6290	0.4365	88.4408
36.8644	7090.0000	-0.1430	0.4253	0.0000	213.4300	138.4400	230.5080	1.2186	151.1200	66.0601	NOT CONNECTED	10000.0000	500.0000	0.0000	7014.7702	0.1934	0.2137	0.0588	0.0575	-0.3233	0.5466	-0.4075	0.5551	-6.1900	169.6091	307.9682	150.2333	72.9285	0.6290	0.4365	88.4408
37.1940	7090.0000	-0.1430	0.4253	0.0000	213.4300	138.4400	230.5080	1.2186	151.1200	66.0601	NOT CONNECTED	10000.0000	500.0000	0.0000	7332.3998	0.2417	0.1659	0.0543	0.0560	-0.1994	0.6830	-0.6644	0.3961	-4.3414	174.3462	307.6867	162.6930	72.8896	0.8124	0.4950	88.4408
37.6238	7464.0000	-0.1450	0.5508	0.0000	214.1450	154.2800	230.5350	1.3357	168.0300	65.9564	NOT CONNECTED	10000.0000	500.0000	0.0000	7615.6328	0.2146	0.2269	0.0531	0.0522	-0.7430	0.6943	-0.6093	0.5155	-6.5259	166.4458	307.2141	166.4622	72.8669	0.9693	0.5666	88.2333
37.7994	7464.0000	-0.1450	0.5508	0.0000	214.1450	154.2800	230.5350	1.3357	168.0300	65.9564	NOT CONNECTED	10000.0000	500.0000	0.0000	7615.6328	0.2146	0.2269	0.0531	0.0522	-0.7430	0.6943	-0.6093	0.5155	-6.5259	166.4458	307.2141	166.4622	72.8669	0.9693	0.5666	88.2333
38.3705	7840.0000	-0.1500	0.6144	0.0000	214.4020	162.9700	230.5540	1.4039	177.4000	65.8987	NOT CONNECTED	10000.0000	500.0000	0.0000	7917.0943	0.1888	0.2123	0.0494	0.0521	-0.6091	0.5785	-0.9726	0.4567	-0.4731	171.7966	306.7082	180.6336	72.8688	1.1568	0.6571	88.0407
38.4062	7840.0000	-0.1500	0.6144	0.0000	214.4020	162.9700	230.5540	1.4039	177.4000	65.8987	NOT CONNECTED	10000.0000	500.0000	0.0000	7917.0943	0.1888	0.2123	0.0494	0.0521	-0.6091	0.5785	-0.9726	0.4567	-0.4731	171.7966	306.7082	180.6336	72.8688	1.1568	0.6571	88.0407
39.0116	8216.0000	-0.1520	0.7269	0.0000	214.8530	176.7600	230.5810	1.5085	192.2000	65.8090	NOT CONNECTED	10000.0000	500.0000	0.0000	8232.7718	0.2280	0.1950	0.0495	0.0473	-0.9220	0.8659	-0.9894	0.3945	-2.1714	175.0926	306.3190	185.3672	72.8830	1.1458	0.7025	88.0407
39.1244	8216.0000	-0.1520	0.7269	0.0000	214.8530	176.7600	230.5810	1.5085	192.2000	65.8090	NOT CONNECTED	10000.0000	500.0000	0.0000	8232.7718	0.2280	0.1950	0.0495	0.0473	-0.9220	0.8659	-0.9894	0.3945	-2.1714	175.0926	306.3190	185.3672	72.8830	1.1458	0.7025	88.0407
39.6156	8579.0000	-0.1550	0.7829	0.0000	215.0460	183.8200	230.5970	1.5634	199.8400	65.7503	NOT CONNECTED	10000.0000	500.0000	0.0000	8521.7109	0.1757	0.2129	0.0459	0.0479	-0.9961	0.6271	-1.1700	0.4793	-5.0179	172.4163	305.8553	198.2995	72.9147	1.2986	0.7623	87.8723
39.8564	8579.0000	-0.1550	0.7829	0.0000	215.0460	183.8200	230.5970	1.5634	199.8400	65.7503	NOT CONNECTED	10000.0000	500.0000	0.0000	8521.7109	0.1757	0.2129	0.0459	0.0479	-0.9961	0.6271	-1.1700	0.4793	-5.0179	172.4163	305.8553	198.2995	72.9147	1.2986	0.7623	87.8723
40.2218	8579.0000	-0.1550	0.7829	0.0000	215.0460	183.8200	230.5970	1.5634	199.8400	65.7503	NOT CONNECTED	10000.0000	500.0000	0.0000	8842.6492	0.2178	0.1912	0.0455	0.0435	-1.2517	0.8446	-1.1551	0.3681	-14.3725	176.6920	305.3918	211.9442	72.9685	1.3690	0.8543	87.8723
40.6099	8933.0000	-0.1560	0.9024	0.0000	214.7820	203.8400	230.6300	1.7115	221.2500	65.6854	NOT CONNECTED	10000.0000	500.0000	0.0000	9129.1847	0.1798	0.2163	0.0417	0.0434	-1.1660	0.7114	-1.5952	0.5025	-2.0248	167.6496	304.6133	225.3872	73.0455	1.6397	0.9203	87.7297
40.8280	8933.0000	-0.1560	0.9024	0.0000	214.7820	203.8400	230.6300	1.7115	221.2500	65.6854	NOT CONNECTED	10000.0000	500.0000	0.0000	9129.1847	0.1798	0.2163	0.0417	0.0434	-1.1660	0.7114	-1.5952	0.5025	-2.0248	167.6496	304.6133	225.3872	73.0455	1.6397	0.9203	87.7297
41.3465	9325.0000	-0.1630	0.9637	0.0000	214.5280	216.3800	230.6440	1.8061	234.6600	65.6632	NOT CONNECTED	10000.0000	500.0000	0.0000	9433.9928	0.2381	0.2228	0.0430	0.0430	-1.2107	0.9937	-1.2393	0.4733	5.1674	171.6859	304.2897	241.4789	73.1654	1.5988	1.0278	87.6058
41.4336	9325.0000	-0.1630	0.9637	0.0000	214.5280	216.3800	230.6440	1.8061	234.6600	65.6632	NOT CONNECTED	10000.0000	500.0000	0.0000	9433.9928	0.2381	0.2228	0.0430	0.0430	-1.2107	0.9937	-1.2393	0.4733	5.1674	171.6859	304.2897	241.4789	73.1654	1.5988	1.0278	87.6058
42.0380	9682.0000	-0.1640	1.0699	0.0000	214.2290	234.8400	230.6670	1.9452	254.4000	65.6614	NOT CONNECTED	10000.0000	500.0000	0.0000	9742.6063	0.1905	0.2155	0.0393	0.0403	-1.1788	0.7758	-1.8223	0.5371	-10.0927	163.9096	303.6470	246.4226	73.2912	1.6622	1.0512	87.6058
42.1198	9682.0000	-0.1640	1.0699	0.0000	214.2290	234.8400	230.6670	1.9452	254.4000	65.6614	NOT CONNECTED	10000.0000	500.0000	0.0000	9742.6063	0.1905	0.2155	0.0393	0.0403	-1.1788	0.7758	-1.8223	0.5371	-10.0927	163.9096	303.6470	246.4226	73.2912	1.6622	1.0512	87.6058
42.6437	10034.0000	-0.1320	1.1276	0.0000	213.8210	249.5400	230.7010	2.0551	270.0600	65.6370	NOT CONNECTED	10000.0000	500.0000	0.0000	10045.2772	0.1388	0.1573	0.0406	0.0408	-1.4851	0.6298	-1.3390	0.3634	-16.8245	173.8853	305.0637	209.9511	73.4381	1.6671	1.1135	87.5160
42.8508	10034.0000	-0.1320	1.1276	0.0000	213.8210	249.5400	230.7010	2.0551	270.0600	65.6370	NOT CONNECTED	10000.0000	500.0000	0.0000	10045.2772	0.1388	0.1573	0.0406	0.0408	-1.4851	0.6298	-1.3390	0.3634	-16.8245	173.8853	305.0637	209.9511	73.4381	1.6671	1.1135	87.5160
43.2499	9995.0000	-0.0840	1.0126	0.0000	219.4540	144.4300	230.7820	1.3142	158.5200	65.6054	NOT CONNECTED	10000.0000	500.0000	0.0000	10017.3065	0.1824	0.1164	0.0391	0.0402	-1.5570	0.8620	-1.0696	0.1960	-21.2684	175.2123	309.8993	142.9574	73.5708	1.8562	0.9791	87.5160
43.6078	9995.0000	-0.0840	1.0126	0.0000	219.4540	144.4300	230.7820	1.3142	158.5200	65.6054	NOT CONNECTED	10000.0000	500.0000	0.0000	10020.1566	0.1656	0.1060	0.0414	0.0417	-1.3988	0.6938	-1.4044	0.1118	-24.2219	183.3799	309.3419	157.5655	73.6625	1.6923	0.9751	87.4519
43.8549	9995.0000	-0.0840	1.0126	0.0000	219.4540	144.4300	230.7820	1.3142	158.5200	65.6054	NOT CONNECTED	10000.0000	500.0000	0.0000	10020.1566	0.1656	0.1060	0.0414	0.0417	-1.3988	0.6938	-1.4044	0.1118	-24.2219	183.3799	309.3419	157.5655	73.6625	1.6923	0.9751	87.4519
44.4610	9996.0000	-0.0880	1.0325	0.0000	218.6750	156.7100	230.7770	1.4004	171.4000	65.6022	NOT CONNECTED	10000.0000	500.0000	0.0000	10017.7915	0.2110	0.1097	0.0400	0.0396	-1.5567	0.9895	-1.7286	0.3848	-15.4206	168.8345	309.3137	155.9550	73.7738	1.0789	1.0472	87.3552
44.8579	9996.0000	-0.0880	1.0325	0.0000	218.6750	156.7100	230.7770	1.4004	171.4000	65.6022	NOT CONNECTED	10000.0000	500.0000	0.0000	9976.3875	0.0738	0.1641	0.0402	0.0412	-1.5525	0.3297	-1.2576	0.4379	9.6847	168.3603	309.3108	153.9772	73.8766	1.7447	1.0108	87.3552
45.0661	9996.0000	-0.0880	1.0325	0.0000	218.6750	156.7100	230.7770	1.4004	171.4000	65.6022	NOT CONNECTED	10000.0000	500.0000	0.0000	9976.3875	0.0738	0.1641	0.0402	0.0412	-1.5525	0.3297	-1.2576	0.4379	9.6847	168.3603	309.3108	153.9772	73.8766	1.7447	1.0108	87.3552
45.6127	9997.0000	-0.0890	1.0158	0.0000	218.9490	155.8500	230.8120	1.3942	170.5000	65.5650	NOT CONNECTED	10000.0000	500.0000	0.0000	9981.3789	0.1887	0.1570	0.0404	0.0394	-1.5062	0.8632	-1.4248	0.2242	-6.5657	182.3210	309.3634	154.4937	73.9685	1.2096	0.9978	87.2695
45.6719	9997.0000	-0.0890	1.0158	0.0000	218.9490	155.8500	230.8120	1.3942	170.5000	65.5650	NOT CONNECTED	10000.0000	500.0000	0.0000	9981.3789	0.1887	0.1570	0.0404	0.0394	-1.5062	0.8632	-1.4248	0.2242	-6.5657	182.3210	309.3634	154.4937	73.9685	1.2096	0.9978	87.2695
46.2777	10001.0000	-0.0870	1.0188	0.0000	218.7580	156.4200	230.8220	1.4008	171.3300	65.5680	NOT CONNECTED	10000.0000	500.0000	0.0000	9974.2170	0.1744	0.1663	0.0409	0.0412	-1.0692	0.6608	-1.1804	0.4394	6.6356	167.6510	309.2716	156.5036	74.0557	1.7251	0.9897	87.2695
46.4789	10001.0000	-0.0870	1.0188	0.0000	218.7580	156.4200	230.8220	1.4008	171.3300	65.5680	NOT CONNECTED	10000.0000	500.0000	0.0000	9974.2170	0.1744	0.1663	0.0409	0.0412	-1.0692	0.6608	-1.1804	0.4394	6.6356	167.6510	309.2716	156.5036	74.0557	1.7251	0.9897	87.2695
46.8829	9991.0000	-0.0890	1.0356	0.0000	218.7060	156.7100	230.8390	1.3999	171.4200	65.5650	NOT CONNECTED	10000.0000	500.0000	0.0000	10024.1200	0.0967	0.1017	0.0400	0.0399	-1.4854	0.3919	-1.5094	0.2598	-1.1985	182.3872	309.3103	175.1561	74.1421	1.0791	1.0203	87.1880
47.2195	9991.0000	-0.0890	1.0356	0.0000	218.7060	156.7100	230.8390	1.3999	171.4200	65.5650	NOT CONNECTED	10000.0000	500.0000	0.0000	9969.0938	0.0672	0.1731	0.0390	0.0404	-1.4702	0.2747	-1.5237	0.1831	-9.2302	179.1334	309.5350	165.1362	74.2397	1.9195	1.0145	87.0983
47.4881	9991.0000	-0.0890	1.0356	0.0000	218.7060	156.7100	230.8390	1.3999	171.4200	65.5650	NOT CONNECTED	10000.0000	500.0000	0.0000	9969.0938	0.0672	0.1731	0.0390	0.0404	-1.4702	0.2747	-1.5237	0.1831	-9.2302	179.1334	309.5350	165.1362	74.2397	1.9195	1.0145	87.0983
48.0945	9992.0000	-0.0890	1.0263	0.0000	218.8020	156.1100	230.8590	1.3989	170.7700	65.5497	NOT CONNECTED	10000.0000	500.0000	0.0000	9986.4858	0.1212	0.1511	0.0424	0.0415	-1.6620	0.6590	-0.9413	0.4723	8.0132	170.7771	309.3602	177.1646	74.3111	1.5284	0.9743	87.0983
48.1193	9992.0000	-0.0890	1.0263	0.0000	218.8020	156.1100	230.8590	1.3989	170.7700	65.5497	NOT CONNECTED	10000.0000	500.0000	0.0000	9986.4858	0.1212	0.1511	0.0424	0.0415	-1.6620	0.6590	-0.9413	0.4723	8.0132	170.7771	309.3602	177.1646	74.3111	1.5284	0.9743	87.0983
48.6843	9998.0000	-0.0930	1.0482	0.0000	218.6160	160.9100	230.8600	1.4339	175.7500	65.5611	NOT CONNECTED	10000.0000	500.0000	0.0000	9977.0741	0.1829	0.1674	0.0404	0.0418	-1.3855	0.7540	-1.0783	0.4100	9.1442	171.8408	308.9857	170.0938	74.3804	1.7915	0.9838	87.0164
48.8541	9998.0000	-0.0930	1.0482	0.0000	218.6160	160.9100	230.8600	1.4339	175.7500	65.5611	NOT CONNECTED	10000.0000	500.0000	0.0000	9977.0741	0.1829	0.1674	0.0404	0.0418	-1.3855	0.7540	-1.0783	0.4100	9.1442	171.8408	308.9857	170.0938	74.3804	1.7915	0.9838	87.0164
49.2890	10003.0000	-0.1000	1.0173	0.0000	218.8960	165.7900	230.8590	1.4720	181.0300	65.5778	NOT CONNECTED	10000.0000	500.0000	0.0000	10006.5321	0.1320	0.1328	0.0407	0.0405	-1.2870	0.4740	-1.2140	0.3239	-2.7538	170.3576	308.9919	178.4404	74.4579	1.5254	1.0209	87.0164
49.6070	10003.0000	-0.1000	1.0173	0.0000	218.8960	165.7900	230.8590	1.4720	181.0300	65.5778	NOT CONNECTED	10000.0000	500.0000	0.0000	9963.9927	0.0948	0.1917	0.0405	0.0401	-1.4948	0.3446	-1.3032	0.3032	-10.6855	170.3324	308.6046	176.4837	74.5275	1.5019	1.0070	86.9417
49.8793	10003.0000	-0.1000	1.0173	0.0000	218.8960	165.7900	230.8590	1.4720	181.0300	65.5778	NOT CONNECTED	10000.0000	500.0000	0.0000	9963.9927	0.0948	0.1917	0.0405	0.0401	-1.4948	0.3446	-1.3032	0.3032	-10.6855	170.3324	308.6046	176.4837	74.5275	1.5019	1.0070	86.9417
50.4627	9991.0000	-0.1070	1.0441	0.0000	218.4070	171.5900	230.8610	1.5139	187.1300	65.6095	NOT CONNECTED	10000.0000	500.0000	0.0000	10005.7861	0.1077	0.1429	0.0391	0.0414	-1.1901	0.3703	-1.7207	0.2326	2.5525	177.8454	308.1244	186.4796	74.6108	1.2719	1.0317	86.8544
50.4853	9991.0000	-0.1070	1.0441	0.0000	218.4070	171.5900	230.8610	1.5139	187.1300	65.6095	NOT CONNECTED	10000.0000	500.0000	0.0000	10005.7861	0.1077	0.1429	0.0391	0.0414	-1.1901	0.3703	-1.7207	0.2326	2.5525	177.8454	308.1244	186.4796	74.6108	1.2719	1.0317	86.8544
51.0906	10004.0000	-0.1230	1.0588	0.0000	217.7050	186.6600	230.8560	1.6250	203.1500	65.5944	NOT CONNECTED	10000.0000	500.0000	0.0000	10008.9835	0.1888	0.1493	0.0421	0.0392	-1.3721	0.7781	-1.3162	0.3387	3.5776	174.9932	307.5320	192.6097	74.6874	1.3303	1.0195	86.8544
51.2034	10004.0000	-0.1230	1.0588	0.0000	217.7050	186.6600	230.8560	1.6250	203.1500	65.5944	NOT CONNECTED	10000.0000	500.0000	0.0000	10008.9835	0.1888	0.1493	0.0421	0.0392	-1.3721	0.7781	-1.3162	0.3387	3.5776	174.9932	307.5320	192.6097	74.6874	1.3303	1.0195	86.8544
51.6960	9992.0000	-0.1330	1.0752	0.0000	217.1240	198.6900	230.8450	1.7115	215.4700	65.6260	NOT CONNECTED	10000.0000	500.0000	0.0000	9994.4743	0.1296	0.1785	0.0388	0.0407	-1.2337	0.4595	-1.5968	0.4985	-12.3368	170.4722	307.0150	201.4799	74.7623	1.5058	1.0480	86.7772
51.9485	9992.0000	-0.1330	1.0752	0.0000	217.1240	198.6900	230.8450	1.7115	215.4700	65.6260	NOT CONNECTED	10000.0000	500.0000	0.0000	9994.4743	0.1296	0.1785	0.0388	0.0407	-1.2337	0.4595	-1.5968	0.4985	-12.3368	170.4722	307.0150	201.4799	74.7623	1.5058	1.0480	86.7772
52.3010	9992.0000	-0.1330	1.0752	0.0000	217.1240	198.6900	230.8450	1.7115	215.4700	65.6260	NOT CONNECTED	10000.0000	500.0000	0.0000	9982.2649	0.2318	0.2030	0.0393	0.0380	-1.5913	1.1052	-1.4413	0.3994	-20.3646	173.5800	306.5137	219.5742	74.8439	1.8850	1.0487	86.7772
52.8002	10002.0000	-0.1440	1.0909	0.0000	216.6770	212.8100	230.8570	1.8173	230.5900	65.6089	NOT CONNECTED	10000.0000	500.0000	0.0000	9997.0819	0.1954	0.1931	0.0378	0.0404	-1.0987	0.6698	-1.3331	0.4414	-3.9732	168.8389	305.6566	236.9642	74.9303	1.7224	1.0673	86.7089
52.9074	10002.0000	-0.1440	1.0909	0.0000	216.6770	212.8100	230.8570	1.8173	230.5900	65.6089	NOT CONNECTED	10000.0000	500.0000	0.0000	9997.0819	0.1954	0.1931	0.0378	0.0404	-1.0987	0.6698	-1.3331	0.4414	-3.9732	168.8389	305.6566	236.9642	74.9303	1.7224	1.0673	86.7089
53.4966	9990.0000	-0.1650	1.0912	0.0000	216.2350	219.0500	230.8370	1.8637	236.9800	65.6277	NOT CONNECTED	10000.0000	500.0000	0.0000	9987.2330	0.2336	0.2200	0.0389	0.0402	-0.9856	0.8885	-1.8054	0.4969	2.5349	168.0788	304.6138	256.7985	75.0314	1.6109	1.0898	86.6334
53.5507	9990.0000	-0.1650	1.0912	0.0000	216.2350	219.0500	230.8370	1.8637	236.9800	65.6277	NOT CONNECTED	10000.0000	500.0000	0.0000	9987.2330	0.2336	0.2200	0.0389	0.0402	-0.9856	0.8885	-1.8054	0.4969	2.5349	168.0788	304.6138	256.7985	75.0314	1.6109	1.0898	86.6334
54.1022	10004.0000	-0.1820	1.1387	0.0000	215.0500	248.2600	230.8100	2.0761	267.9200	65.6552	NOT CONNECTED	10000.0000	500.0000	0.0000	10003.8604	0.2547	0.2099	0.0385	0.0391	-1.2082	1.0476	-1.7194	0.3947	-16.6532	177.7611	304.2880	261.8854	75.1327	1.4302	1.1017	86.6334
54.4277	10004.0000	-0.1820	1.1387	0.0000	215.0500	248.2600	230.8100	2.0761	267.9200	65.6552	NOT CONNECTED	10000.0000	500.0000	0.0000	9986.4159	0.2111	0.2468	0.0375	0.0395	-1.2186	0.8075	-1.8360	0.6063	-19.6441	164.0673	303.1648	285.8503	75.2289	1.7442	1.1233	86.5715
54.7074	10004.0000	-0.1820	1.1387	0.0000	215.0500	248.2600	230.8100	2.0761	267.9200	65.6552	NOT CONNECTED	10000.0000	500.0000	0.0000	9986.4159	0.2111	0.2468	0.0375	0.0395	-1.2186	0.8075	-1.8360	0.6063	-19.6441	164.0673	303.1648	285.8503	75.2289	1.7442	1.1233	86.5715
55.1688	9994.0000	-0.2020	1.1817	0.0000	213.5280	275.8300	230.7820	2.2761	297.0400	65.7064	NOT CONNECTED	10000.0000	500.0000	0.0000	9999.9367	0.2236	0.2470	0.0397	0.0389	-1.4579	0.9609	-1.3351	0.5345	-17.3339	164.6062	302.5669	291.7916	75.3405	1.6208	1.1802	86.5715
55.2976	9994.0000	-0.2020	1.1817	0.0000	213.5280	275.8300	230.7820	2.2761	297.0400	65.7064	NOT CONNECTED	10000.0000	500.0000	0.0000	9999.9367	0.2236	0.2470	0.0397	0.0389	-1.4579	0.9609	-1.3351	0.5345	-17.3339	164.6062	302.5669	291.7916	75.3405	1.6208	1.1802	86.5715
55.9030	10002.0000	-0.2170	1.2055	0.0000	212.8440	290.7400	230.7650	2.3863	312.8800	65.7537	0.0000	10000.0000	500.0000	0.0000	10000.2875	0.2178	0.2581	0.0387	0.0407	-1.2454	0.8708	-1.5625	0.5128	-20.8082	173.4172	301.8892	315.3619	75.4702	1.6243	1.2023	86.5225
55.9142	10002.0000	-0.2170	1.2055	0.0000	212.8440	290.7400	230.7650	2.3863	312.8800	65.7537	0.0000	10000.0000	500.0000	0.0000	10000.2875	0.2178	0.2581	0.0387	0.0407	-1.2454	0.8708	-1.5625	0.5128	-20.8082	173.4172	301.8892	315.3619	75.4702	1.6243	1.2023	86.5225
56.5084	9986.0000	-0.2260	1.2308	0.0000	212.5520	305.8300	230.7410	2.5009	328.8600	65.7695	0.0000	10000.0000	500.0000	0.0000	9998.2091	0.2882	0.2679	0.0371	0.0376	-1.5243	1.3834	-2.0099	0.6423	-0.4582	158.8267	301.8955	322.7917	75.6126	1.9718	1.2057	86.4741
56.6534	9986.0000	-0.2260	1.2308	0.0000	212.5520	305.8300	230.7410	2.5009	328.8600	65.7695	0.0000	10000.0000	500.0000	0.0000	9998.2091	0.2882	0.2679	0.0371	0.0376	-1.5243	1.3834	-2.0099	0.6423	-0.4582	158.8267	301.8955	322.7917	75.6126	1.9718	1.2057	86.4741
57.1139	9997.0000	-0.2310	1.2383	0.0000	212.3850	310.1500	230.7270	2.5350	333.3000	65.8244	0.0000	10000.0000	500.0000	0.0000	9995.0023	0.2185	0.2767	0.0364	0.0404	-1.3034	0.8823	-1.8362	0.5819	0.0442	172.8172	301.6213	314.3615	75.7434	2.0178	1.2326	86.4741
57.3903	9997.0000	-0.2310	1.2383	0.0000	212.3850	310.1500	230.7270	2.5350	333.3000	65.8244	0.0000	10000.0000	500.0000	0.0000	9995.0023	0.2185	0.2767	0.0364	0.0404	-1.3034	0.8823	-1.8362	0.5819	0.0442	172.8172	301.6213	314.3615	75.7434	2.0178	1.2326	86.4741
57.7199	9997.0000	-0.2310	1.2383	0.0000	212.3850	310.1500	230.7270	2.5350	333.3000	65.8244	0.0000	10000.0000	500.0000	0.0000	10001.4882	0.3067	0.2696	0.0395	0.0366	-1.4339	1.4155	-1.3807	0.4962	3.4632	172.1065	301.5973	311.7877	75.8728	1.5716	1.1978	86.4393
58.1339	9998.0000	-0.2320	1.2457	0.0000	212.1600	313.9800	230.6990	2.5718	336.8900	65.8821	0.0000	10000.0000	500.0000	0.0000	10000.7655	0.2616	0.2729	0.0384	0.0404	-1.3530	1.0520	-1.7063	0.6042	-7.6067	168.2215	301.6515	329.6205	75.9866	1.6898	1.1909	86.4393
58.3254	9998.0000	-0.2320	1.2457	0.0000	212.1600	313.9800	230.6990	2.5718	336.8900	65.8821	0.0000	10000.0000	500.0000	0.0000	10000.7655	0.2616	0.2729	0.0384	0.0404	-1.3530	1.0520	-1.7063	0.6042	-7.6067	168.2215	301.6515	329.6205	75.9866	1.6898	1.1909	86.4393
58.8813	10005.0000	-0.2340	1.2444	0.0000	212.2500	315.2600	230.6830	2.5831	338.4300	65.9296	1.0000	10000.0000	500.0000	0.0000	10009.9709	0.2789	0.2617	0.0408	0.0367	-1.4303	1.2439	-1.5262	0.5271	-12.9330	172.8056	301.7466	315.1652	76.0966	1.7361	1.2165	86.4086
58.9298	10005.0000	-0.2340	1.2444	0.0000	212.2500	315.2600	230.6830	2.5831	338.4300	65.9296	1.0000	10000.0000	500.0000	0.0000	10009.9709	0.2789	0.2617	0.0408	0.0367	-1.4303	1.2439	-1.5262	0.5271	-12.9330	172.8056	301.7466	315.1652	76.0966	1.7361	1.2165	86.4086
59.5355	9991.0000	-0.2330	1.2425	0.0000	212.0910	314.6100	230.6500	2.5863	337.5000	66.0013	1.0000	10000.0000	500.0000	0.0000	10002.7098	0.2580	0.2713	0.0415	0.0398	-1.4052	1.1188	-1.4368	0.5545	1.6426	168.6042	301.6205	310.5213	76.2315	1.6092	1.2409	86.3650
59.7343	9991.0000	-0.2330	1.2425	0.0000	212.0910	314.6100	230.6500	2.5863	337.5000	66.0013	1.0000	10000.0000	500.0000	0.0000	10002.7098	0.2580	0.2713	0.0415	0.0398	-1.4052	1.1188	-1.4368	0.5545	1.6426	168.6042	301.6205	310.5213	76.2315	1.6092	1.2409	86.3650
60.1419	10003.0000	-0.2330	1.2436	0.0000	212.1140	315.5200	230.6330	2.5974	338.3900	66.0303	1.0000	10000.0000	500.0000	0.0000	10005.6823	0.3371	0.2672	0.0399	0.0370	-1.3863	1.5883	-1.5799	0.5440	-18.0202	175.5085	301.7758	321.6357	76.3534	1.9022	1.2313	86.3650
60.4867	10003.0000	-0.2330	1.2436	0.0000	212.1140	315.5200	230.6330	2.5974	338.3900	66.0303	1.0000	10000.0000	500.0000	0.0000	10009.9814	0.2567	0.2616	0.0413	0.0389	-1.3344	1.0927	-1.4337	0.6624	-18.8083	161.3596	301.8060	311.3947	76.4725	1.7228	1.2399	86.3299
60.7477	10003.0000	-0.2330	1.2436	0.0000	212.1140	315.5200	230.6330	2.5974	338.3900	66.0303	1.0000	10000.0000	500.0000	0.0000	10009.9814	0.2567	0.2616	0.0413	0.0389	-1.3344	1.0927	-1.4337	0.6624	-18.8083	161.3596	301.8060	311.3947	76.4725	1.7228	1.2399	86.3299
61.2288	9994.0000	-0.2350	1.2424	0.0000	212.1030	314.6600	230.5970	2.5966	337.3200	66.1158	1.0000	10000.0000	500.0000	0.0000	10009.6538	0.2576	0.2620	0.0394	0.0408	-1.1025	0.9578	-1.5770	0.5602	-18.2745	173.8681	301.8754	323.8096	76.5876	1.9717	1.2285	86.3299
61.3531	9994.0000	-0.2350	1.2424	0.0000	212.1030	314.6600	230.5970	2.5966	337.3200	66.1158	1.0000	10000.0000	500.0000	0.0000	10009.6538	0.2576	0.2620	0.0394	0.0408	-1.1025	0.9578	-1.5770	0.5602	-18.2745	173.8681	301.8754	323.8096	76.5876	1.9717	1.2285	86.3299
61.9580	10003.0000	-0.2340	1.2412	0.0000	212.1790	314.6200	230.5800	2.5993	337.1200	66.1912	1.0000	10000.0000	500.0000	0.0000	9997.6018	0.2928	0.2780	0.0390	0.0371	-1.3499	1.3546	-1.7025	0.7135	-11.0037	160.2686	301.9819	335.4844	76.7016	1.8014	1.2591	86.3014
61.9813	10003.0000	-0.2340	1.2412	0.0000	212.1790	314.6200	230.5800	2.5993	337.1200	66.1912	1.0000	10000.0000	500.0000	0.0000	9997.6018	0.2928	0.2780	0.0390	0.0371	-1.3499	1.3546	-1.7025	0.7135	-11.0037	160.2686	301.9819	335.4844	76.7016	1.8014	1.2591	86.3014
62.5646	9997.0000	-0.2330	1.2414	0.0000	212.2360	314.7300	230.5490	2.6031	337.1100	66.2955	1.0000	10000.0000	500.0000	0.0000	9987.7622	0.2435	0.2904	0.0359	0.0407	-1.1749	1.0293	-2.0384	0.5432	-7.7254	172.8556	301.9333	337.4413	76.8232	2.0164	1.1983	86.2667
62.7203	9997.0000	-0.2330	1.2414	0.0000	212.2360	314.7300	230.5490	2.6031	337.1100	66.2955	1.0000	10000.0000	500.0000	0.0000	9987.7622	0.2435	0.2904	0.0359	0.0407	-1.1749	1.0293	-2.0384	0.5432	-7.7254	172.8556	301.9333	337.4413	76.8232	2.0164	1.1983	86.2667
63.4576	10004.0000	-0.2320	1.2413	0.0000	212.1770	314.6600	230.5330	2.6034	337.0000	66.3104	1.0000	10000.0000	500.0000	0.0000	9998.9552	0.3023	0.2761	0.0407	0.0371	-1.3853	1.4279	-1.6177	0.6865	1.6106	158.4572	301.8775	333.5783	76.9756	1.5783	1.1962	86.2385
63.6801	10004.0000	-0.2320	1.2413	0.0000	212.1770	314.6600	230.5330	2.6034	337.0000	66.3104	1.0000	10000.0000	500.0000	0.0000	9998.9552	0.3023	0.2761	0.0407	0.0371	-1.3853	1.4279	-1.6177	0.6865	1.6106	158.4572	301.8775	333.5783	76.9756	1.5783	1.1962	86.2385
64.2041	9991.0000	-0.2340	1.2430	0.0000	212.2020	315.8600	230.5010	2.6197	338.1500	66.3540	1.0000	10000.0000	500.0000	0.0000	10000.8237	0.2543	0.2740	0.0384	0.0404	-1.2820	1.0965	-1.7564	0.5447	-5.8877	171.2838	301.9613	336.4729	77.0568	1.9098	1.2021	86.2385
64.2854	9991.0000	-0.2340	1.2430	0.0000	212.2020	315.8600	230.5010	2.6197	338.1500	66.3540	1.0000	10000.0000	500.0000	0.0000	10000.8237	0.2543	0.2740	0.0384	0.0404	-1.2820	1.0965	-1.7564	0.5447	-5.8877	171.2838	301.9613	336.4729	77.0568	1.9098	1.2021	86.2385
64.8909	10005.0000	-0.2330	1.2434	0.0000	212.2190	316.2400	230.4840	2.6219	338.4000	66.4015	1.0000	10000.0000	500.0000	0.0000	9989.5889	0.3033	0.2881	0.0415	0.0364	-1.3884	1.3545	-1.3477	0.5095	-14.4376	177.2592	302.0159	317.1070	77.1396	1.6399	1.1955	86.2158
64.9470	10005.0000	-0.2330	1.2434	0.0000	212.2190	316.2400	230.4840	2.6219	338.4000	66.4015	1.0000	10000.0000	500.0000	0.0000	9989.5889	0.3033	0.2881	0.0415	0.0364	-1.3884	1.3545	-1.3477	0.5095	-14.4376	177.2592	302.0159	317.1070	77.1396	1.6399	1.1955	86.2158
65.4955	9993.0000	-0.2330	1.2427	0.0000	212.3070	316.1500	230.4600	2.6289	338.2500	66.4615	1.0000	10000.0000	500.0000	0.0000	10007.2373	0.2661	0.2654	0.0374	0.0392	-1.1943	1.0528	-1.7928	0.6016	0.5231	166.7778	302.0476	310.4764	77.2328	1.8004	1.2435	86.1744
65.6845	9993.0000	-0.2330	1.2427	0.0000	212.3070	316.1500	230.4600	2.6289	338.2500	66.4615	1.0000	10000.0000	500.0000	0.0000	10007.2373	0.2661	0.2654	0.0374	0.0392	-1.1943	1.0528	-1.7928	0.6016	0.5231	166.7778	302.0476	310.4764	77.2328	1.8004	1.2435	86.1744
66.1020	9993.0000	-0.2350	1.2424	0.0000	212.2300	315.7500	230.4480	2.6240	337.8000	66.5536	2.0000	10000.0000	500.0000	0.0000	10002.1002	0.3423	0.2722	0.0385	0.0379	-1.0871	1.4659	-1.5890	0.5267	0.4966	176.3981	302.0624	322.6808	77.3219	1.6266	1.2243	86.1744
66.4249	9993.0000	-0.2350	1.2424	0.0000	212.2300	315.7500	230.4480	2.6240	337.8000	66.5536	2.0000	10000.0000	500.0000	0.0000	9995.5222	0.2835	0.2807	0.0387	0.0391	-1.2319	1.1699	-1.5515	0.6132	-0.7071	164.7423	301.9874	310.3607	77.4101	1.9775	1.2276	86.1400
66.7066	9993.0000	-0.2350	1.2424	0.0000	212.2300	315.7500	230.4480	2.6240	337.8000	66.5536	2.0000	10000.0000	500.0000	0.0000	9995.5222	0.2835	0.2807	0.0387	0.0391	-1.2319	1.1699	-1.5515	0.6132	-0.7071	164.7423	301.9874	310.3607	77.4101	1.9775	1.2276	86.1400
67.2964	9987.0000	-0.2340	1.2417	0.0000	212.2170	315.4900	230.4300	2.6240	337.4600	66.6130	2.0000	10000.0000	500.0000	0.0000	9997.7230	0.2908	0.2777	0.0397	0.0390	-1.1276	1.2032	-1.6108	0.6562	-19.4909	163.3335	301.9771	312.9471	77.4883	1.6871	1.2241	86.1400
67.2981	9987.0000	-0.2340	1.2417	0.0000	212.2170	315.4900	230.4300	2.6240	337.4600	66.6130	2.0000	10000.0000	500.0000	0.0000	9997.7230	0.2908	0.2777	0.0397	0.0390	-1.1276	1.2032	-1.6108	0.6562	-19.4909	163.3335	301.9771	312.9471	77.4883	1.6871	1.2241	86.1400
67.9019	10001.0000	-0.2330	1.2412	0.0000	212.2720	315.2100	230.4220	2.6246	337.0100	66.6587	2.0000	10000.0000	500.0000	0.0000	10007.0543	0.3164	0.2654	0.0388	0.0392	-1.0696	1.3544	-1.5640	0.4844	-2.2180	177.5699	302.1211	344.9316	77.5680	2.1261	1.2398	86.1108
68.0460	10001.0000	-0.2330	1.2412	0.0000	212.2720	315.2100	230.4220	2.6246	337.0100	66.6587	2.0000	10000.0000	500.0000	0.0000	10007.0543	0.3164	0.2654	0.0388	0.0392	-1.0696	1.3544	-1.5640	0.4844	-2.2180	177.5699	302.1211	344.9316	77.5680	2.1261	1.2398	86.1108
68.4917	9996.0000	-0.2340	1.2392	0.0000	212.4430	313.8300	230.4100	2.6179	335.5400	66.6978	2.0000	10000.0000	500.0000	0.0000	9989.2974	0.3267	0.2882	0.0393	0.0367	-1.2079	1.4591	-1.7524	0.4952	-2.9166	178.0658	302.1024	341.8424	77.6613	1.7981	1.2324	86.0762
68.7918	9996.0000	-0.2340	1.2392	0.0000	212.4430	313.8300	230.4100	2.6179	335.5400	66.6978	2.0000	10000.0000	500.0000	0.0000	10007.0030	0.3212	0.2650	0.0389	0.0394	-1.2555	1.3155	-1.6595	0.4530	-4.5903	179.3970	302.2343	340.4996	77.7226	1.7793	1.1893	86.0762
69.0820	9996.0000	-0.2340	1.2392	0.0000	212.4430	313.8300	230.4100	2.6179	335.5400	66.6978	2.0000	10000.0000	500.0000	0.0000	10007.0030	0.3212	0.2650	0.0389	0.0394	-1.2555	1.3155	-1.6595	0.4530	-4.5903	179.3970	302.2343	340.4996	77.7226	1.7793	1.1893	86.0762
69.5372	10001.0000	-0.2330	1.2406	0.0000	212.3220	314.4200	230.4070	2.6217	336.2700	66.7573	2.0000	10000.0000	500.0000	0.0000	9986.9731	0.2718	0.2909	0.0366	0.0392	-1.3556	1.1196	-1.8473	0.6451	-13.0157	164.5023	302.2293	325.3997	77.7770	1.9670	1.1875	86.0492
69.6875	10001.0000	-0.2330	1.2406	0.0000	212.3220	314.4200	230.4070	2.6217	336.2700	66.7573	2.0000	10000.0000	500.0000	0.0000	9986.9731	0.2718	0.2909	0.0366	0.0392	-1.3556	1.1196	-1.8473	0.6451	-13.0157	164.5023	302.2293	325.3997	77.7770	1.9670	1.1875	86.0492
70.2774	9996.0000	-0.2340	1.2377	0.0000	212.6270	313.7000	230.4090	2.6178	335.2700	66.8270	2.0000	10000.0000	500.0000	0.0000	10000.7398	0.2572	0.2730	0.0401	0.0387	-1.3042	1.1613	-1.4066	0.6804	-13.3209	161.9686	302.1873	326.0967	77.8259	1.8344	1.1852	86.0492
70.2792	9996.0000	-0.2340	1.2377	0.0000	212.6270	313.7000	230.4090	2.6178	335.2700	66.8270	2.0000	10000.0000	500.0000	0.0000	10000.7398	0.2572	0.2730	0.0401	0.0387	-1.3042	1.1613	-1.4066	0.6804	-13.3209	161.9686	302.1873	326.0967	77.8259	1.8344	1.1852	86.0492
70.8658	9996.0000	-0.2340	1.2372	0.0000	212.5860	313.2300	230.4130	2.6178	334.8700	66.8923	2.0000	10000.0000	500.0000	0.0000	10007.5707	0.2678	0.2636	0.0395	0.0394	-1.5095	1.1870	-1.6731	0.6112	-25.0961	164.5372	302.1349	316.8797	77.8745	1.9386	1.1826	86.0248
71.0076	9996.0000	-0.2340	1.2372	0.0000	212.5860	313.2300	230.4130	2.6178	334.8700	66.8923	2.0000	10000.0000	500.0000	0.0000	10007.5707	0.2678	0.2636	0.0395	0.0394	-1.5095	1.1870	-1.6731	0.6112	-25.0961	164.5372	302.1349	316.8797	77.8745	1.9386	1.1826	86.0248
71.4719	10000.0000	-0.2330	1.2358	0.0000	212.7620	313.5700	230.4260	2.6211	335.1700	66.9622	2.0000	10000.0000	500.0000	0.0000	9991.7582	0.3239	0.2845	0.0395	0.0369	-1.1916	1.4414	-1.5610	0.5705	-23.8063	171.3231	302.2395	327.5234	77.9531	1.9091	1.2439	85.9809
71.7424	10000.0000	-0.2330	1.2358	0.0000	212.7620	313.5700	230.4260	2.6211	335.1700	66.9622	2.0000	10000.0000	500.0000	0.0000	9991.7582	0.3239	0.2845	0.0395	0.0369	-1.1916	1.4414	-1.5610	0.5705	-23.8063	171.3231	302.2395	327.5234	77.9531	1.9091	1.2439	85.9809
72.0762	10000.0000	-0.2330	1.2358	0.0000	212.7620	313.5700	230.4260	2.6211	335.1700	66.9622	2.0000	10000.0000	500.0000	0.0000	9997.3687	0.2575	0.2772	0.0413	0.0387	-1.4317	1.0978	-1.3984	0.5960	-1.1535	163.9778	302.3346	315.8944	78.0287	1.7890	1.2391	85.9809
72.4785	10000.0000	-0.2330	1.2347	0.0000	212.8570	313.0700	230.4360	2.6163	334.5000	66.9555	2.0000	10000.0000	500.0000	0.0000	9993.9602	0.2556	0.2813	0.0388	0.0407	-1.2645	1.0466	-1.7768	0.5622	-24.6808	171.3929	302.3117	320.0425	78.1039	1.5543	1.2384	85.9482
72.6832	10000.0000	-0.2330	1.2347	0.0000	212.8570	313.0700	230.4360	2.6163	334.5000	66.9555	2.0000	10000.0000	500.0000	0.0000	9993.9602	0.2556	0.2813	0.0388	0.0407	-1.2645	1.0466	-1.7768	0.5622	-24.6808	171.3929	302.3117	320.0425	78.1039	1.5543	1.2384	85.9482
73.2118	9998.0000	-0.2310	1.2341	0.0000	212.9020	313.0300	230.4650	2.6170	334.4900	67.0075	3.0000	10000.0000	500.0000	0.0000	9992.0473	0.3063	0.2836	0.0362	0.0371	-1.4982	1.4235	-1.9346	0.5560	-14.7217	154.6582	302.4159	321.2928	78.1730	2.0427	1.2393	85.9482
73.2888	9998.0000	-0.2310	1.2341	0.0000	212.9020	313.0300	230.4650	2.6170	334.4900	67.0075	3.0000	10000.0000	500.0000	0.0000	9992.0473	0.3063	0.2836	0.0362	0.0371	-1.4982	1.4235	-1.9346	0.5560	-14.7217	154.6582	302.4159	321.2928	78.1730	2.0427	1.2393	85.9482
73.8937	10000.0000	-0.2320	1.2361	0.0000	212.8790	313.9300	230.5050	2.6243	335.3300	67.0683	3.0000	10000.0000	500.0000	0.0000	9997.7347	0.2245	0.2768	0.0375	0.0404	-1.2179	0.8519	-1.8259	0.5850	-11.5476	172.1891	302.3928	332.7021	78.2415	1.9508	1.2429	85.9246
74.1188	10000.0000	-0.2320	1.2361	0.0000	212.8790	313.9300	230.5050	2.6243	335.3300	67.0683	3.0000	10000.0000	500.0000	0.0000	9997.7347	0.2245	0.2768	0.0375	0.0404	-1.2179	0.8519	-1.8259	0.5850	-11.5476	172.1891	302.3928	332.7021	78.2415	1.9508	1.2429	85.9246
74.5001	9999.0000	-0.2330	1.2385	0.0000	212.5810	314.3800	230.5290	2.6298	335.9400	67.1403	3.0000	10000.0000	500.0000	0.0000	10005.7732	0.2953	0.2666	0.0417	0.0360	-1.3748	1.4183	-1.4018	0.4823	16.6852	173.6797	302.4193	331.3607	78.3152	1.4887	1.1870	85.8945
74.8669	9999.0000	-0.2330	1.2385	0.0000	212.5810	314.3800	230.5290	2.6298	335.9400	67.1403	3.0000	10000.0000	500.0000	0.0000	10000.8762	0.2840	0.2725	0.0371	0.0394	-1.2503	1.2829	-1.7380	0.6379	-12.3179	168.4357	302.4996	325.5507	78.3524	1.9439	1.1831	85.8945
75.1055	9999.0000	-0.2330	1.2385	0.0000	212.5810	314.3800	230.5290	2.6298	335.9400	67.1403	3.0000	10000.0000	500.0000	0.0000	10000.8762	0.2840	0.2725	0.0371	0.0394	-1.2503	1.2829	-1.7380	0.6379	-12.3179	168.4357	302.4996	325.5507	78.3524	1.9439	1.1831	85.8945
75.6145	9992.0000	-0.2320	1.2320	0.0000	213.0640	312.6800	230.5810	2.6173	334.0900	67.1908	3.0000	10000.0000	500.0000	0.0000	9991.7687	0.3052	0.2837	0.0387	0.0364	-1.2187	1.4380	-1.7851	0.4795	-13.7521	175.6070	302.6139	328.4439	78.3853	1.8888	1.1826	85.8679
75.7104	9992.0000	-0.2320	1.2320	0.0000	213.0640	312.6800	230.5810	2.6173	334.0900	67.1908	3.0000	10000.0000	500.0000	0.0000	9991.7687	0.3052	0.2837	0.0387	0.0364	-1.2187	1.4380	-1.7851	0.4795	-13.7521	175.6070	302.6139	328.4439	78.3853	1.8888	1.1826	85.8679
76.3009	9997.0000	-0.2330	1.2348	0.0000	213.0500	312.8300	230.6050	2.6182	334.0400	67.2240	3.0000	10000.0000	500.0000	0.0000	9988.0502	0.3100	0.2882	0.0391	0.0358	-1.3045	1.4251	-1.5764	0.4474	-6.3999	178.3932	302.7301	322.4844	78.4162	1.6473	1.1837	85.8679
76.3534	9997.0000	-0.2330	1.2348	0.0000	213.0500	312.8300	230.6050	2.6182	334.0400	67.2240	3.0000	10000.0000	500.0000	0.0000	9988.0502	0.3100	0.2882	0.0391	0.0358	-1.3045	1.4251	-1.5764	0.4474	-6.3999	178.3932	302.7301	322.4844	78.4162	1.6473	1.1837	85.8679
76.9062	10008.0000	-0.2330	1.2354	0.0000	213.0040	313.1800	230.6580	2.6237	334.3800	67.2369	3.0000	10000.0000	500.0000	0.0000	10004.9211	0.2672	0.2656	0.0368	0.0391	-1.3379	1.1030	-2.1470	0.5088	-4.8955	171.3936	302.7231	323.8386	78.4486	1.8054	1.1845	85.8400
77.1194	10008.0000	-0.2330	1.2354	0.0000	213.0040	313.1800	230.6580	2.6237	334.3800	67.2369	3.0000	10000.0000	500.0000	0.0000	10004.9211	0.2672	0.2656	0.0368	0.0391	-1.3379	1.1030	-2.1470	0.5088	-4.8955	171.3936	302.7231	323.8386	78.4486	1.8054	1.1845	85.8400
77.5113	10014.0000	-0.2330	1.2341	0.0000	213.0800	312.3100	230.6850	2.6195	333.3400	67.3406	3.0000	10000.0000	500.0000	0.0000	10007.9741	0.2799	0.2609	0.0390	0.0407	-1.4077	1.1246	-1.6997	0.5418	-12.6561	173.4536	302.9865	341.3047	78.5157	1.5564	1.2596	85.7965
77.8587	10014.0000	-0.2330	1.2341	0.0000	213.0800	312.3100	230.6850	2.6195	333.3400	67.3406	3.0000	10000.0000	500.0000	0.0000	10011.8208	0.2983	0.2556	0.0355	0.0388	-1.2943	1.3062	-1.9810	0.6419	-0.2399	163.2641	303.1200	327.1335	78.5618	2.2160	1.2045	85.7965
78.1163	10014.0000	-0.2330	1.2341	0.0000	213.0800	312.3100	230.6850	2.6195	333.3400	67.3406	3.0000	10000.0000	500.0000	0.0000	10011.8208	0.2983	0.2556	0.0355	0.0388	-1.2943	1.3062	-1.9810	0.6419	-0.2399	163.2641	303.1200	327.1335	78.5618	2.2160	1.2045	85.7965
78.6157	9998.0000	-0.2330	1.2367	0.0000	212.8190	311.8800	230.7350	2.6165	332.9200	67.3789	3.0000	10000.0000	500.0000	0.0000	9983.3746	0.2618	0.2924	0.0403	0.0389	-1.3336	1.0887	-1.6051	0.5861	-6.2727	164.0719	303.1618	328.1244	78.6004	1.7880	1.1996	85.7677
78.7069	9998.0000	-0.2330	1.2367	0.0000	212.8190	311.8800	230.7350	2.6165	332.9200	67.3789	3.0000	10000.0000	500.0000	0.0000	9983.3746	0.2618	0.2924	0.0403	0.0389	-1.3336	1.0887	-1.6051	0.5861	-6.2727	164.0719	303.1618	328.1244	78.6004	1.7880	1.1996	85.7677
79.3123	10005.0000	-0.2340	1.2355	0.0000	212.9000	311.9000	230.7580	2.6191	332.8200	67.4425	3.0000	10000.0000	500.0000	0.0000	9988.0933	0.2608	0.2860	0.0400	0.0406	-1.2614	1.0139	-1.6277	0.5349	-3.5845	176.1458	303.3805	340.8929	78.6346	1.7592	1.1994	85.7677
79.3553	10005.0000	-0.2340	1.2355	0.0000	212.9000	311.9000	230.7580	2.6191	332.8200	67.4425	3.0000	10000.0000	500.0000	0.0000	9988.0933	0.2608	0.2860	0.0400	0.0406	-1.2614	1.0139	-1.6277	0.5349	-3.5845	176.1458	303.3805	340.8929	78.6346	1.7592	1.1994	85.7677
79.9182	9990.0000	-0.2300	1.2368	0.0000	212.8280	312.5200	230.7930	2.6212	333.5900	67.4838	4.0000	10000.0000	500.0000	0.0000	10010.1632	0.3067	0.2578	0.0371	0.0376	-1.4084	1.3655	-1.7554	0.7351	-10.5112	157.6173	303.2810	308.3218	78.6697	2.1473	1.2085	85.7487
80.1213	9990.0000	-0.2300	1.2368	0.0000	212.8280	312.5200	230.7930	2.6212	333.5900	67.4838	4.0000	10000.0000	500.0000	0.0000	10010.1632	0.3067	0.2578	0.0371	0.0376	-1.4084	1.3655	-1.7554	0.7351	-10.5112	157.6173	303.2810	308.3218	78.6697	2.1473	1.2085	85.7487
80.5236	9990.0000	-0.2300	1.2368	0.0000	212.8280	312.5200	230.7930	2.6212	333.5900	67.4838	4.0000	10000.0000	500.0000	0.0000	9999.4692	0.2355	0.2721	0.0408	0.0408	-1.3675	0.9516	-1.6391	0.6042	11.7978	170.1818	303.1971	314.8612	78.7139	1.4917	1.1986	85.7095
80.9980	10007.0000	-0.2330	1.2365	0.0000	213.0450	312.8200	230.8070	2.6252	333.7900	67.5196	4.0000	10000.0000	500.0000	0.0000	9993.5580	0.3272	0.2794	0.0400	0.0365	-1.1268	1.4158	-1.6405	0.5484	-11.1814	172.8352	303.2697	311.0468	78.7420	1.6373	1.1905	85.7095
81.1293	10007.0000	-0.2330	1.2365	0.0000	213.0450	312.8200	230.8070	2.6252	333.7900	67.5196	4.0000	10000.0000	500.0000	0.0000	9993.5580	0.3272	0.2794	0.0400	0.0365	-1.1268	1.4158	-1.6405	0.5484	-11.1814	172.8352	303.2697	311.0468	78.7420	1.6373	1.1905	85.7095
81.7344	9990.0000	-0.2330	1.2348	0.0000	213.0190	312.4000	230.8240	2.6216	333.4500	67.5616	4.0000	10000.0000	500.0000	0.0000	10001.2935	0.2424	0.2695	0.0390	0.0400	-1.4148	1.0761	-1.3479	0.5741	-2.5828	169.7954	303.2755	308.7033	78.7692	1.8460	1.1883	85.6755
81.7405	9990.0000	-0.2330	1.2348	0.0000	213.0190	312.4000	230.8240	2.6216	333.4500	67.5616	4.0000	10000.0000	500.0000	0.0000	10001.2935	0.2424	0.2695	0.0390	0.0400	-1.4148	1.0761	-1.3479	0.5741	-2.5828	169.7954	303.2755	308.7033	78.7692	1.8460	1.1883	85.6755
82.3399	10009.0000	-0.2310	1.2354	0.0000	212.9460	311.9100	230.8300	2.6216	332.8900	67.5812	4.0000	10000.0000	500.0000	0.0000	9989.0596	0.3022	0.2850	0.0368	0.0360	-1.2455	1.3654	-1.7302	0.5271	-1.3942	178.3215	303.2766	317.0026	78.7966	2.0548	1.1916	85.6755
82.4813	10009.0000	-0.2310	1.2354	0.0000	212.9460	311.9100	230.8300	2.6216	332.8900	67.5812	4.0000	10000.0000	500.0000	0.0000	9989.0596	0.3022	0.2850	0.0368	0.0360	-1.2455	1.3654	-1.7302	0.5271	-1.3942	178.3215	303.2766	317.0026	78.7966	2.0548	1.1916	85.6755
82.9465	10009.0000	-0.2310	1.2354	0.0000	212.9460	311.9100	230.8300	2.6216	332.8900	67.5812	4.0000	10000.0000	500.0000	0.0000	10001.7237	0.2729	0.2679	0.0381	0.0391	-1.2960	1.2337	-1.7691	0.6461	-17.6206	167.7541	303.3545	325.7059	78.8252	1.7959	1.2370	85.6439
83.5508	9999.0000	-0.2310	1.2251	0.0000	213.3230	310.4200	230.8300	2.6087	331.3200	67.6616	4.0000	10000.0000	500.0000	0.0000	9991.9051	0.2780	0.2808	0.0405	0.0405	-1.1958	1.0504	-1.5972	0.5284	-0.6655	173.3246	303.4575	341.3149	78.8805	1.6447	1.1924	85.6040
83.7385	9999.0000	-0.2310	1.2251	0.0000	213.3230	310.4200	230.8300	2.6087	331.3200	67.6616	4.0000	10000.0000	500.0000	0.0000	9991.9051	0.2780	0.2808	0.0405	0.0405	-1.1958	1.0504	-1.5972	0.5284	-0.6655	173.3246	303.4575	341.3149	78.8805	1.6447	1.1924	85.6040
84.1569	10000.0000	-0.2310	1.2291	0.0000	213.1160	311.3200	230.8270	2.6155	332.2300	67.7195	4.0000	10000.0000	500.0000	0.0000	9999.9914	0.2866	0.2704	0.0360	0.0386	-1.3006	1.2591	-1.9807	0.6209	-6.7486	163.6403	303.4833	326.6448	78.9048	1.8503	1.1943	85.6040
84.4864	10000.0000	-0.2310	1.2291	0.0000	213.1160	311.3200	230.8270	2.6155	332.2300	67.7195	4.0000	10000.0000	500.0000	0.0000	10005.3897	0.2422	0.2635	0.0407	0.0409	-1.2799	1.0439	-1.5190	0.5252	-0.3810	174.8709	303.3489	334.5366	78.9289	1.7065	1.1874	85.5763
84.7621	10000.0000	-0.2310	1.2291	0.0000	213.1160	311.3200	230.8270	2.6155	332.2300	67.7195	4.0000	10000.0000	500.0000	0.0000	10005.3897	0.2422	0.2635	0.0407	0.0409	-1.2799	1.0439	-1.5190	0.5252	-0.3810	174.8709	303.3489	334.5366	78.9289	1.7065	1.1874	85.5763
85.2314	9995.0000	-0.2330	1.2290	0.0000	213.0520	311.3400	230.8100	2.6190	332.2400	67.7800	4.0000	10000.0000	500.0000	0.0000	9986.6280	0.2847	0.2877	0.0365	0.0383	-1.4637	1.2447	-1.9838	0.7003	4.4854	158.2359	303.3619	327.3425	78.9521	2.0588	1.1965	85.5763
85.3669	9995.0000	-0.2330	1.2290	0.0000	213.0520	311.3400	230.8100	2.6190	332.2400	67.7800	4.0000	10000.0000	500.0000	0.0000	9986.6280	0.2847	0.2877	0.0365	0.0383	-1.4637	1.2447	-1.9838	0.7003	4.4854	158.2359	303.3619	327.3425	78.9521	2.0588	1.1965	85.5763
85.9724	10004.0000	-0.2290	1.2324	0.0000	212.9330	311.0800	230.8010	2.6159	332.0600	67.8271	4.0000	10000.0000	500.0000	0.0000	10003.7065	0.1998	0.2658	0.0378	0.0405	-1.2127	0.7993	-1.4952	0.5237	-4.9155	176.3805	303.3302	313.5191	78.9748	2.0519	1.1838	85.5553
85.9750	10004.0000	-0.2290	1.2324	0.0000	212.9330	311.0800	230.8010	2.6159	332.0600	67.8271	4.0000	10000.0000	500.0000	0.0000	10003.7065	0.1998	0.2658	0.0378	0.0405	-1.2127	0.7993	-1.4952	0.5237	-4.9155	176.3805	303.3302	313.5191	78.9748	2.0519	1.1838	85.5553
86.5782	9987.0000	-0.2310	1.2339	0.0000	212.8650	311.2400	230.7740	2.6178	332.1300	67.8622	4.0000	10000.0000	500.0000	0.0000	10002.9348	0.2997	0.2662	0.0382	0.0374	-1.2315	1.2803	-1.7294	0.6106	16.3732	164.5332	303.2939	306.7426	79.0137	1.5837	1.1998	85.5152
86.7182	9987.0000	-0.2310	1.2339	0.0000	212.8650	311.2400	230.7740	2.6178	332.1300	67.8622	4.0000	10000.0000	500.0000	0.0000	10002.9348	0.2997	0.2662	0.0382	0.0374	-1.2315	1.2803	-1.7294	0.6106	16.3732	164.5332	303.2939	306.7426	79.0137	1.5837	1.1998	85.5152
87.1847	10001.0000	-0.2310	1.2255	0.0000	213.1390	310.4700	230.7580	2.6101	331.3100	67.8984	5.0000	10000.0000	500.0000	0.0000	9999.1067	0.2407	0.2713	0.0400	0.0402	-1.2286	0.9477	-1.6240	0.5618	4.1950	170.5726	303.3315	308.2457	79.0429	1.5799	1.2006	85.5152
87.4570	10001.0000	-0.2310	1.2255	0.0000	213.1390	310.4700	230.7580	2.6101	331.3100	67.8984	5.0000	10000.0000	500.0000	0.0000	9999.1067	0.2407	0.2713	0.0400	0.0402	-1.2286	0.9477	-1.6240	0.5618	4.1950	170.5726	303.3315	308.2457	79.0429	1.5799	1.2006	85.5152
87.7900	10001.0000	-0.2310	1.2255	0.0000	213.1390	310.4700	230.7580	2.6101	331.3100	67.8984	5.0000	10000.0000	500.0000	0.0000	9999.0076	0.2918	0.2717	0.0416	0.0367	-1.4569	1.3402	-1.4193	0.4462	-1.6153	181.6191	303.1826	309.3569	79.0724	1.4245	1.2119	85.4817
88.3351	10004.0000	-0.2320	1.2280	0.0000	213.1210	311.4300	230.7240	2.6196	332.3700	67.9051	5.0000	10000.0000	500.0000	0.0000	10004.3266	0.2686	0.2643	0.0386	0.0397	-1.4590	1.1781	-1.6756	0.5733	1.0300	167.4889	303.2599	306.2490	79.1015	1.7580	1.2038	85.4522
88.3954	10004.0000	-0.2320	1.2280	0.0000	213.1210	311.4300	230.7240	2.6196	332.3700	67.9051	5.0000	10000.0000	500.0000	0.0000	10004.3266	0.2686	0.2643	0.0386	0.0397	-1.4590	1.1781	-1.6756	0.5733	1.0300	167.4889	303.2599	306.2490	79.1015	1.7580	1.2038	85.4522
89.0012	9996.0000	-0.2300	1.2239	0.0000	213.2500	309.4000	230.7090	2.6051	330.1100	67.9546	5.0000	10000.0000	500.0000	0.0000	9997.9154	0.3268	0.2728	0.0402	0.0361	-1.3253	1.5966	-1.6599	0.5627	-14.7730	175.3638	303.1264	338.9436	79.1314	1.5825	1.2176	85.4522
89.1160	9996.0000	-0.2300	1.2239	0.0000	213.2500	309.4000	230.7090	2.6051	330.1100	67.9546	5.0000	10000.0000	500.0000	0.0000	9997.9154	0.3268	0.2728	0.0402	0.0361	-1.3253	1.5966	-1.6599	0.5627	-14.7730	175.3638	303.1264	338.9436	79.1314	1.5825	1.2176	85.4522
89.6069	9995.0000	-0.2270	1.2269	0.0000	213.0950	311.0200	230.6680	2.6179	331.8400	67.9936	5.0000	10000.0000	500.0000	0.0000	9996.0269	0.2782	0.2753	0.0367	0.0388	-1.2866	1.2494	-1.9032	0.6799	-15.3675	162.1746	303.1635	327.5647	79.1800	1.9704	1.1825	85.4162
89.8597	9995.0000	-0.2270	1.2269	0.0000	213.0950	311.0200	230.6680	2.6179	331.8400	67.9936	5.0000	10000.0000	500.0000	0.0000	9996.0269	0.2782	0.2753	0.0367	0.0388	-1.2866	1.2494	-1.9032	0.6799	-15.3675	162.1746	303.1635	327.5647	79.1800	1.9704	1.1825	85.4162
90.2124	9995.0000	-0.2270	1.2269	0.0000	213.0950	311.0200	230.6680	2.6179	331.8400	67.9936	5.0000	10000.0000	500.0000	0.0000	9999.1929	0.2246	0.2712	0.0387	0.0407	-1.1744	0.9430	-1.7593	0.5372	-5.1963	173.7315	303.2151	332.8854	79.1978	1.6401	1.1885	85.4162
90.6161	9999.0000	-0.2290	1.2245	0.0000	213.1370	309.5400	230.6280	2.6090	330.2700	68.0401	5.0000	10000.0000	500.0000	0.0000	10009.0290	0.3051	0.2584	0.0409	0.0372	-1.3098	1.4290	-1.3611	0.6938	-3.5149	162.8591	303.1587	329.4721	79.2126	2.0590	1.1863	85.3898
90.8169	9999.0000	-0.2290	1.2245	0.0000	213.1370	309.5400	230.6280	2.6090	330.2700	68.0401	5.0000	10000.0000	500.0000	0.0000	10009.0290	0.3051	0.2584	0.0409	0.0372	-1.3098	1.4290	-1.3611	0.6938	-3.5149	162.8591	303.1587	329.4721	79.2126	2.0590	1.1863	85.3898
91.3723	10000.0000	-0.2300	1.2260	0.0000	213.0440	310.1700	230.6080	2.6106	330.9100	68.0198	5.0000	10000.0000	500.0000	0.0000	9999.3142	0.2501	0.2716	0.0408	0.0404	-1.4136	1.1017	-1.7387	0.5296	-1.6201	173.0424	303.2219	327.9657	79.2268	1.7814	1.1960	85.3687
91.4230	10000.0000	-0.2300	1.2260	0.0000	213.0440	310.1700	230.6080	2.6106	330.9100	68.0198	5.0000	10000.0000	500.0000	0.0000	9999.3142	0.2501	0.2716	0.0408	0.0404	-1.4136	1.1017	-1.7387	0.5296	-1.6201	173.0424	303.2219	327.9657	79.2268	1.7814	1.1960	85.3687
92.0282	9989.0000	-0.2330	1.2289	0.0000	212.9310	310.9500	230.5690	2.6209	331.7100	68.0977	5.0000	10000.0000	500.0000	0.0000	9995.9349	0.2876	0.2754	0.0392	0.0364	-1.3985	1.2932	-1.6007	0.5290	-15.0301	178.8073	303.0620	311.8247	79.2485	1.8503	1.2078	85.3687
92.1216	9989.0000	-0.2330	1.2289	0.0000	212.9310	310.9500	230.5690	2.6209	331.7100	68.0977	5.0000	10000.0000	500.0000	0.0000	9995.9349	0.2876	0.2754	0.0392	0.0364	-1.3985	1.2932	-1.6007	0.5290	-15.0301	178.8073	303.0620	311.8247	79.2485	1.8503	1.2078	85.3687
92.6347	10001.0000	-0.2290	1.2233	0.0000	213.0990	308.5600	230.5510	2.6036	329.1900	68.1244	5.0000	10000.0000	500.0000	0.0000	10007.8004	0.2614	0.2596	0.0391	0.0396	-1.4418	1.1327	-1.4800	0.5782	-24.7700	169.2709	302.8986	306.7436	79.2829	1.7408	1.2204	85.3299
92.8759	10001.0000	-0.2290	1.2233	0.0000	213.0990	308.5600	230.5510	2.6036	329.1900	68.1244	5.0000	10000.0000	500.0000	0.0000	10007.8004	0.2614	0.2596	0.0391	0.0396	-1.4418	1.1327	-1.4800	0.5782	-24.7700	169.2709	302.8986	306.7436	79.2829	1.7408	1.2204	85.3299
93.2399	10001.0000	-0.2290	1.2233	0.0000	213.0990	308.5600	230.5510	2.6036	329.1900	68.1244	5.0000	10000.0000	500.0000	0.0000	9994.0604	0.3045	0.2775	0.0402	0.0360	-1.4612	1.4287	-1.4389	0.5099	-18.1369	176.7166	302.8724	313.7736	79.3140	1.7997	1.2177	85.3299
93.6239	10001.0000	-0.2310	1.2255	0.0000	212.9450	309.5700	230.5110	2.6100	330.3000	68.1601	5.0000	10000.0000	500.0000	0.0000	9994.0604	0.3045	0.2775	0.0402	0.0360	-1.4612	1.4287	-1.4389	0.5099	-18.1369	176.7166	302.8724	313.7736	79.3140	1.7997	1.2177	85.3299
94.3548	10001.0000	-0.2310	1.2264	0.0000	212.9380	310.3300	230.4930	2.6158	331.1300	68.2363	6.0000	10000.0000	500.0000	0.0000	10002.6830	0.2658	0.2665	0.0396	0.0393	-1.2588	1.1077	-1.5792	0.5851	1.7667	167.4479	302.9100	306.6768	79.3656	1.6373	1.2071	85.2974
94.3733	10001.0000	-0.2310	1.2264	0.0000	212.9380	310.3300	230.4930	2.6158	331.1300	68.2363	6.0000	10000.0000	500.0000	0.0000	10002.6830	0.2658	0.2665	0.0396	0.0393	-1.2588	1.1077	-1.5792	0.5851	1.7667	167.4479	302.9100	306.6768	79.3656	1.6373	1.2071	85.2974
94.9599	9994.0000	-0.2310	1.2258	0.0000	212.9350	309.7000	230.4660	2.6131	330.4000	68.2451	NOT CONNECTED	10000.0000	500.0000	0.0000	9992.1277	0.3499	0.2802	0.0396	0.0375	-1.1566	1.6611	-1.6856	0.4826	-1.5444	177.5064	302.9836	338.4792	79.3906	1.7182	1.2120	85.2700
95.1198	9994.0000	-0.2310	1.2258	0.0000	212.9350	309.7000	230.4660	2.6131	330.4000	68.2451	NOT CONNECTED	10000.0000	500.0000	0.0000	9992.1277	0.3499	0.2802	0.0396	0.0375	-1.1566	1.6611	-1.6856	0.4826	-1.5444	177.5064	302.9836	338.4792	79.3906	1.7182	1.2120	85.2700
95.5666	9994.0000	-0.2310	1.2258	0.0000	212.9350	309.7000	230.4660	2.6131	330.4000	68.2451	NOT CONNECTED	10000.0000	500.0000	0.0000	10009.8625	0.2820	0.2567	0.0404	0.0387	-1.4036	1.3229	-1.5409	0.6406	-10.4301	162.2480	302.8971	324.0488	79.4331	1.4896	1.1766	85.2362
96.1222	10070.0000	-0.1250	1.1969	0.0000	213.8680	291.4500	230.4540	2.4961	312.7100	68.2826	NOT CONNECTED	0.0000	500.0000	0.0000	10043.8177	0.1029	0.1170	0.0426	0.0409	-0.9533	0.2269	-1.6795	0.2583	3.9254	171.5706	312.9721	137.5221	79.4243	1.1246	1.0438	85.2362
96.1887	10070.0000	-0.1250	1.1969	0.0000	213.8680	291.4500	230.4540	2.4961	312.7100	68.2826	NOT CONNECTED	0.0000	500.0000	0.0000	10043.8177	0.1029	0.1170	0.0426	0.0409	-0.9533	0.2269	-1.6795	0.2583	3.9254	171.5706	312.9721	137.5221	79.4243	1.1246	1.0438	85.2362
96.7937	10003.0000	-0.0790	0.9862	0.0000	221.7330	127.8900	230.5260	1.2664	140.2400	68.3303	NOT CONNECTED	0.0000	500.0000	0.0000	10026.2299	0.0428	0.0932	0.0422	0.0413	-1.3464	0.1071	-1.3316	0.1396	-24.5457	180.5027	311.7951	149.9200	79.3305	0.9832	0.9802	85.2099
96.8646	10003.0000	-0.0790	0.9862	0.0000	221.7330	127.8900	230.5260	1.2664	140.2400	68.3303	NOT CONNECTED	0.0000	500.0000	0.0000	10026.2299	0.0428	0.0932	0.0422	0.0413	-1.3464	0.1071	-1.3316	0.1396	-24.5457	180.5027	311.7951	149.9200	79.3305	0.9832	0.9802	85.2099
97.4004	10004.0000	-0.0880	1.0186	0.0000	220.1690	153.7100	230.4320	1.4610	166.8000	68.2798	NOT CONNECTED	0.0000	500.0000	0.0000	9974.7217	0.0741	0.1620	0.0412	0.0404	-1.1990	0.2171	-1.5979	0.3948	1.6810	172.0970	311.1884	155.2828	79.2507	1.7658	0.9982	85.1389
97.6171	10004.0000	-0.0880	1.0186	0.0000	220.1690	153.7100	230.4320	1.4610	166.8000	68.2798	NOT CONNECTED	0.0000	500.0000	0.0000	9974.7217	0.0741	0.1620	0.0412	0.0404	-1.1990	0.2171	-1.5979	0.3948	1.6810	172.0970	311.1884	155.2828	79.2507	1.7658	0.9982	85.1389
98.0039	9995.0000	-0.0860	1.0224	0.0000	220.1230	152.8900	230.4450	1.4537	166.0400	68.2950	NOT CONNECTED	0.0000	500.0000	0.0000	10027.7639	0.0393	0.0929	0.0421	0.0409	-1.4098	0.1652	-1.0105	0.1006	-0.6566	181.0675	311.2486	161.8764	79.1819	0.8523	1.0077	85.1389
98.3580	9995.0000	-0.0860	1.0224	0.0000	220.1230	152.8900	230.4450	1.4537	166.0400	68.2950	NOT CONNECTED	0.0000	500.0000	0.0000	9981.0724	0.1844	0.1539	0.0420	0.0398	-0.8429	0.6204	-1.8242	0.0925	-0.5280	182.4085	311.1214	170.7629	79.1313	0.8588	0.9767	85.0604
98.6104	9995.0000	-0.0860	1.0224	0.0000	220.1230	152.8900	230.4450	1.4537	166.0400	68.2950	NOT CONNECTED	0.0000	500.0000	0.0000	9981.0724	0.1844	0.1539	0.0420	0.0398	-0.8429	0.6204	-1.8242	0.0925	-0.5280	182.4085	311.1214	170.7629	79.1313	0.8588	0.9767	85.0604
99.1195	9993.0000	-0.0880	1.0262	0.0000	220.0880	153.5900	230.4510	1.4539	166.8600	68.2955	NOT CONNECTED	0.0000	500.0000	0.0000	9980.9057	0.1093	0.1541	0.0413	0.0396	-1.9083	0.6421	-1.8245	0.4601	9.9333	172.8974	311.1399	162.4154	79.0553	1.4628	0.9775	85.0604
99.1997	9993.0000	-0.0880	1.0262	0.0000	220.0880	153.5900	230.4510	1.4539	166.8600	68.2955	NOT CONNECTED	0.0000	500.0000	0.0000	9980.9057	0.1093	0.1541	0.0413	0.0396	-1.9083	0.6421	-1.8245	0.4601	9.9333	172.8974	311.1399	162.4154	79.0553	1.4628	0.9775	85.0604
99.8213	10005.0000	-0.0900	1.0284	0.0000	220.0090	153.1600	230.4510	1.4509	166.4800	68.3026	NOT CONNECTED	0.0000	500.0000	0.0000	10028.9704	0.1565	0.0882	0.0414	0.0422	-1.5052	0.7533	-1.4392	0.1476	-0.8540	184.6405	311.7237	144.7671	78.9794	1.0678	0.9772	84.9908
99.8554	10005.0000	-0.0900	1.0284	0.0000	220.0090	153.1600	230.4510	1.4509	166.4800	68.3026	NOT CONNECTED	0.0000	500.0000	0.0000	10028.9704	0.1565	0.0882	0.0414	0.0422	-1.5052	0.7533	-1.4392	0.1476	-0.8540	184.6405	311.7237	144.7671	78.9794	1.0678	0.9772	84.9908
100.4270	9705.0000	-0.0000	1.1188	0.0000	191.1310	47.8200	230.5260	0.6191	61.6300	68.2787	NOT CONNECTED	0.0000	500.0000	0.0000	9719.0157	0.0354	0.0157	0.0347	0.0349	-1.5757	0.1686	-1.6018	-0.0083	-11.4569	146.4452	317.1282	47.6023	78.8958	1.6474	1.0739	84.9222
100.6069	9705.0000	-0.0000	1.1188	0.0000	191.1310	47.8200	230.5260	0.6191	61.6300	68.2787	NOT CONNECTED	0.0000	500.0000	0.0000	9719.0157	0.0354	0.0157	0.0347	0.0349	-1.5757	0.1686	-1.6018	-0.0083	-11.4569	146.4452	317.1282	47.6023	78.8958	1.6474	1.0739	84.9222
101.0167	9304.0000	-0.0000	1.1690	0.0000	178.8300	48.3000	230.4960	0.6162	62.4200	68.2746	NOT CONNECTED	0.0000	500.0000	0.0000	9400.3867	0.0133	0.0224	0.0349	0.0349	-1.5931	0.0349	-1.6593	0.0935	-11.1473	140.0133	316.7989	56.1916	78.8951	1.6466	1.1512	84.9222
101.3484	9304.0000	-0.0000	1.1690	0.0000	178.8300	48.3000	230.4960	0.6162	62.4200	68.2746	NOT CONNECTED	0.0000	500.0000	0.0000	9103.4947	0.0189	0.0234	0.0348	0.0348	-1.6138	0.0319	-1.5920	0.0127	-11.3302	137.2715	316.8695	53.5693	78.9221	1.7855	1.1583	84.8449
101.6055	9304.0000	-0.0000	1.1690	0.0000	178.8300	48.3000	230.4960	0.6162	62.4200	68.2746	NOT CONNECTED	0.0000	500.0000	0.0000	9103.4947	0.0189	0.0234	0.0348	0.0348	-1.6138	0.0319	-1.5920	0.0127	-11.3302	137.2715	316.8695	53.5693	78.9221	1.7855	1.1583	84.8449
102.1190	8935.0000	-0.0000	1.1711	0.0000	169.3050	46.6900	230.5060	0.6053	61.0600	68.3000	NOT CONNECTED	0.0000	500.0000	0.0000	8805.3333	0.0466	0.0229	0.0349	0.0349	-1.6836	0.2667	-1.7452	0.0121	-11.4732	132.4544	316.9459	48.7332	78.9349	1.6808	1.1451	84.8449
102.2112	8935.0000	-0.0000	1.1711	0.0000	169.3050	46.6900	230.5060	0.6053	61.0600	68.3000	NOT CONNECTED	0.0000	500.0000	0.0000	8805.3333	0.0466	0.0229	0.0349	0.0349	-1.6836	0.2667	-1.7452	0.0121	-11.4732	132.4544	316.9459	48.7332	78.9349	1.6808	1.1451	84.8449
102.8163	8553.0000	-0.0000	1.1703	0.0000	164.5600	43.2300	230.5230	0.5806	57.6200	68.3350	NOT CONNECTED	0.0000	500.0000	0.0000	8495.9790	0.0297	0.0259	0.0348	0.0349	-1.6202	0.1327	-1.7167	0.0539	-11.3601	125.7534	317.0128	45.5515	78.9480	1.7024	1.1471	84.7888
102.8604	8553.0000	-0.0000	1.1703	0.0000	164.5600	43.2300	230.5230	0.5806	57.6200	68.3350	NOT CONNECTED	0.0000	500.0000	0.0000	8495.9790	0.0297	0.0259	0.0348	0.0349	-1.6202	0.1327	-1.7167	0.0539	-11.3601	125.7534	317.0128	45.5515	78.9480	1.7024	1.1471	84.7888
103.4233	8187.0000	0.0000	1.1705	0.0000	154.9910	37.2500	230.5450	0.5302	51.7800	68.3172	NOT CONNECTED	0.0000	500.0000	0.0000	8199.8470	0.0096	0.0123	0.0348	0.0348	-1.7713	0.0663	-1.5868	0.0057	-12.1010	123.2212	317.2328	42.0940	78.9617	1.7315	1.1496	84.7308
103.6071	8187.0000	0.0000	1.1705	0.0000	154.9910	37.2500	230.5450	0.5302	51.7800	68.3172	NOT CONNECTED	0.0000	500.0000	0.0000	8199.8470	0.0096	0.0123	0.0348	0.0348	-1.7713	0.0663	-1.5868	0.0057	-12.1010	123.2212	317.2328	42.0940	78.9617	1.7315	1.1496	84.7308
104.0277	7810.0000	0.0030	1.1707	0.0000	150.1660	34.5500	230.5580	0.5055	49.0700	68.3204	NOT CONNECTED	0.0000	500.0000	0.0000	7904.3801	0.0298	0.0006	0.0349	0.0349	-1.6296	0.1230	-1.6809	0.0580	-10.8086	115.6714	317.4099	38.9317	78.9775	1.5351	1.1704	84.7308
104.3429	7810.0000	0.0030	1.1707	0.0000	150.1660	34.5500	230.5580	0.5055	49.0700	68.3204	NOT CONNECTED	0.0000	500.0000	0.0000	7609.4383	0.0075	-0.0000	0.0348	0.0348	-1.6738	0.0300	-1.5979	-0.0086	-12.6224	114.1709	317.6002	36.2168	79.0059	1.7045	1.1566	84.6597
104.6343	7810.0000	0.0030	1.1707	0.0000	150.1660	34.5500	230.5580	0.5055	49.0700	68.3204	NOT CONNECTED	0.0000	500.0000	0.0000	7609.4383	0.0075	-0.0000	0.0348	0.0348	-1.6738	0.0300	-1.5979	-0.0086	-12.6224	114.1709	317.6002	36.2168	79.0059	1.7045	1.1566	84.6597
105.1192	7452.0000	0.0050	1.1720	0.0000	140.7440	30.4100	230.5910	0.4670	44.9500	68.3587	NOT CONNECTED	0.0000	500.0000	0.0000	7307.7793	-0.0165	-0.0000	0.0347	0.0348	-1.7015	-0.0929	-1.5867	0.0050	-12.9444	109.6613	317.7270	36.1044	79.0239	1.6004	1.1567	84.6597
105.2236	7452.0000	0.0050	1.1720	0.0000	140.7440	30.4100	230.5910	0.4670	44.9500	68.3587	NOT CONNECTED	0.0000	500.0000	0.0000	7307.7793	-0.0165	-0.0000	0.0347	0.0348	-1.7015	-0.0929	-1.5867	0.0050	-12.9444	109.6613	317.7270	36.1044	79.0239	1.6004	1.1567	84.6597
105.8291	7067.0000	0.0140	1.1731	0.0000	136.1920	30.1400	230.6080	0.4641	44.6400	68.3826	NOT CONNECTED	0.0000	500.0000	0.0000	7015.3950	-0.0137	-0.0000	0.0349	0.0348	-1.6464	-0.0827	-1.5578	0.0428	-9.9277	104.9949	317.8819	32.4202	79.0430	1.6890	1.1587	84.5890
105.8530	7067.0000	0.0140	1.1731	0.0000	136.1920	30.1400	230.6080	0.4641	44.6400	68.3826	NOT CONNECTED	0.0000	500.0000	0.0000	7015.3950	-0.0137	-0.0000	0.0349	0.0348	-1.6464	-0.0827	-1.5578	0.0428	-9.9277	104.9949	317.8819	32.4202	79.0430	1.6890	1.1587	84.5890
106.4341	6695.0000	0.0140	1.1722	0.0000	126.7920	25.2100	230.6480	0.4202	39.8900	68.3329	NOT CONNECTED	0.0000	500.0000	0.0000	6711.5544	0.0018	-0.0000	0.0349	0.0348	-1.7737	0.0471	-1.7417	0.0411	-11.7632	96.3859	318.0116	29.5278	79.0629	1.7841	1.1599	84.5164
106.6075	6695.0000	0.0140	1.1722	0.0000	126.7920	25.2100	230.6480	0.4202	39.8900	68.3329	NOT CONNECTED	0.0000	500.0000	0.0000	6711.5544	0.0018	-0.0000	0.0349	0.0348	-1.7737	0.0471	-1.7417	0.0411	-11.7632	96.3859	318.0116	29.5278	79.0629	1.7841	1.1599	84.5164
107.0396	6327.0000	0.0160	1.1727	0.0000	122.0830	23.7200	230.6660	0.4052	38.4200	68.3579	NOT CONNECTED	0.0000	500.0000	0.0000	6418.2569	0.0109	-0.0000	0.0349	0.0348	-1.6340	0.0379	-1.7600	0.0400	-10.2742	93.7949	318.1220	29.3905	79.0843	1.7623	1.1818	84.5164
107.3454	6327.0000	0.0160	1.1727	0.0000	122.0830	23.7200	230.6660	0.4052	38.4200	68.3579	NOT CONNECTED	0.0000	500.0000	0.0000	6121.5829	0.0186	-0.0000	0.0350	0.0348	-1.8172	0.0980	-1.5131	-0.0213	-12.4771	92.1233	318.2842	28.7082	79.1155	1.6547	1.1647	84.4328
107.6469	6327.0000	0.0160	1.1727	0.0000	122.0830	23.7200	230.6660	0.4052	38.4200	68.3579	NOT CONNECTED	0.0000	500.0000	0.0000	6121.5829	0.0186	-0.0000	0.0350	0.0348	-1.8172	0.0980	-1.5131	-0.0213	-12.4771	92.1233	318.2842	28.7082	79.1155	1.6547	1.1647	84.4328
108.1194	5973.0000	0.0160	1.1736	0.0000	112.9870	22.4800	230.7090	0.3926	37.0500	68.3710	NOT CONNECTED	0.0000	500.0000	0.0000	5837.0489	0.0099	-0.0000	0.0348	0.0348	-1.7215	0.0824	-1.6949	-0.0544	-11.3880	89.6924	318.2299	28.2259	79.1390	1.6126	1.1677	84.4328
108.2513	5973.0000	0.0160	1.1736	0.0000	112.9870	22.4800	230.7090	0.3926	37.0500	68.3710	NOT CONNECTED	0.0000	500.0000	0.0000	5837.0489	0.0099	-0.0000	0.0348	0.0348	-1.7215	0.0824	-1.6949	-0.0544	-11.3880	89.6924	318.2299	28.2259	79.1390	1.6126	1.1677	84.4328
108.8412	5615.0000	0.0150	1.1736	0.0000	108.6360	22.4400	230.7250	0.3917	37.0900	68.4142	NOT CONNECTED	0.0000	500.0000	0.0000	5528.1714	0.0381	-0.0000	0.0346	0.0348	-2.1354	0.1835	-1.6939	-0.0057	-7.7278	79.4104	318.0382	28.4066	79.1639	2.1389	1.1912	84.3491
108.8672	5615.0000	0.0150	1.1736	0.0000	108.6360	22.4400	230.7250	0.3917	37.0900	68.4142	NOT CONNECTED	0.0000	500.0000	0.0000	5528.1714	0.0381	-0.0000	0.0346	0.0348	-2.1354	0.1835	-1.6939	-0.0057	-7.7278	79.4104	318.0382	28.4066	79.1639	2.1389	1.1912	84.3491
109.4470	5286.0000	0.0130	1.2008	0.0000	101.2030	25.0300	230.7670	0.4156	39.7600	68.4439	NOT CONNECTED	0.0000	500.0000	0.0000	5329.2407	-0.0425	-0.0000	0.0350	0.0348	-1.1536	-0.2351	-1.5736	0.0629	-12.0531	72.7024	317.9963	28.5627	79.2029	1.2676	1.1974	84.2645
109.6109	5286.0000	0.0130	1.2008	0.0000	101.2030	25.0300	230.7670	0.4156	39.7600	68.4439	NOT CONNECTED	0.0000	500.0000	0.0000	5329.2407	-0.0425	-0.0000	0.0350	0.0348	-1.1536	-0.2351	-1.5736	0.0629	-12.0531	72.7024	317.9963	28.5627	79.2029	1.2676	1.1974	84.2645
110.0360	4971.0000	0.0130	1.2087	0.0000	97.2590	25.2800	230.7870	0.4176	39.9700	68.4452	NOT CONNECTED	0.0000	500.0000	0.0000	5072.1383	0.0041	-0.0000	0.0350	0.0348	-1.4784	-0.0147	-1.3704	-0.0682	-8.9491	76.2678	318.0612	29.8531	79.2447	1.3840	1.2072	84.2645
110.3559	4971.0000	0.0130	1.2087	0.0000	97.2590	25.2800	230.7870	0.4176	39.9700	68.4452	NOT CONNECTED	0.0000	500.0000	0.0000	4814.2921	0.0325	-0.0000	0.0348	0.0348	-1.9192	0.1568	-2.1203	0.0732	-13.5996	65.9738	318.1034	29.3497	79.2888	1.9655	1.2054	84.3511
110.6415	4971.0000	0.0130	1.2087	0.0000	97.2590	25.2800	230.7870	0.4176	39.9700	68.4452	NOT CONNECTED	0.0000	500.0000	0.0000	4814.2921	0.0325	-0.0000	0.0348	0.0348	-1.9192	0.1568	-2.1203	0.0732	-13.5996	65.9738	318.1034	29.3497	79.2888	1.9655	1.2054	84.3511
111.1197	4668.0000	0.0100	1.2074	0.0000	89.5530	25.4300	230.8190	0.4162	40.0500	68.4671	NOT CONNECTED	0.0000	500.0000	0.0000	4591.8723	-0.0403	-0.0000	0.0349	0.0348	-1.1157	-0.2163	-1.6107	-0.0872	-11.5876	72.8004	318.2698	29.1635	79.3338	1.1882	1.2107	84.3511
111.2472	4668.0000	0.0100	1.2074	0.0000	89.5530	25.4300	230.8190	0.4162	40.0500	68.4671	NOT CONNECTED	0.0000	500.0000	0.0000	4591.8723	-0.0403	-0.0000	0.0349	0.0348	-1.1157	-0.2163	-1.6107	-0.0872	-11.5876	72.8004	318.2698	29.1635	79.3338	1.1882	1.2107	84.3511
111.8527	4373.0000	0.0130	1.2135	0.0000	85.9560	25.1900	230.8430	0.4150	39.7200	68.5108	NOT CONNECTED	0.0000	500.0000	0.0000	4322.4194	0.0257	-0.0000	0.0349	0.0348	-2.1826	0.1387	-2.0756	-0.1213	-10.8650	72.5805	318.1208	28.2065	79.3766	1.4195	1.2034	84.4363
111.8664	4373.0000	0.0130	1.2135	0.0000	85.9560	25.1900	230.8430	0.4150	39.7200	68.5108	NOT CONNECTED	0.0000	500.0000	0.0000	4322.4194	0.0257	-0.0000	0.0349	0.0348	-2.1826	0.1387	-2.0756	-0.1213	-10.8650	72.5805	318.1208	28.2065	79.3766	1.4195	1.2034	84.4363
112.4583	3975.0000	0.0460	1.2347	0.0000	77.8640	12.8800	230.8770	0.3050	27.5400	68.5656	NOT CONNECTED	0.0000	500.0000	0.0000	4035.6718	-0.0615	-0.0000	0.0347	0.0348	-1.1801	-0.1778	-1.5194	-0.2724	-13.9590	78.9691	319.1743	11.4440	79.4281	1.2201	1.2354	84.5189
112.6119	3975.0000	0.0460	1.2347	0.0000	77.8640	12.8800	230.8770	0.3050	27.5400	68.5656	NOT CONNECTED	0.0000	500.0000	0.0000	4035.6718	-0.0615	-0.0000	0.0347	0.0348	-1.1801	-0.1778	-1.5194	-0.2724	-13.9590	78.9691	319.1743	11.4440	79.4281	1.2201	1.2354	84.5189
113.0640	3541.0000	0.0530	1.2368	0.0000	72.3920	11.1100	230.8840	0.2852	25.3800	68.6133	NOT CONNECTED	0.0000	500.0000	0.0000	3662.2298	-0.0323	-0.0000	0.0349	0.0348	-1.3230	-0.1109	-2.0764	0.0204	-13.3030	52.2141	319.4140	13.2275	79.4886	1.9002	1.2476	84.5189
113.3550	3541.0000	0.0530	1.2368	0.0000	72.3920	11.1100	230.8840	0.2852	25.3800	68.6133	NOT CONNECTED	0.0000	500.0000	0.0000	3662.2298	-0.0323	-0.0000	0.0349	0.0348	-1.3230	-0.1109	-2.0764	0.0204	-13.3030	52.2141	319.4140	13.2275	79.4886	1.9002	1.2476	84.5189
113.6696	3541.0000	0.0530	1.2368	0.0000	72.3920	11.1100	230.8840	0.2852	25.3800	68.6133	NOT CONNECTED	0.0000	500.0000	0.0000	3295.4626	-0.0161	-0.0000	0.0348	0.0348	-1.3546	-0.0171	-1.2394	0.0471	-13.1802	43.1420	319.5962	7.1774	79.5529	0.9345	1.2479	84.6002
114.1208	3054.0000	0.0600	1.2486	0.0000	60.7940	7.6100	230.9040	0.2483	21.7500	68.6735	NOT CONNECTED	0.0000	500.0000	0.0000	2838.0327	0.0075	-0.1706	0.0357	0.0348	-1.9862	0.0722	-2.2896	-0.2039	-14.4949	37.2413	319.1636	14.7830	79.6189	2.3666	1.2506	84.6002
114.2751	3054.0000	0.0600	1.2486	0.0000	60.7940	7.6100	230.9040	0.2483	21.7500	68.6735	NOT CONNECTED	0.0000	500.0000	0.0000	2838.0327	0.0075	-0.1706	0.0357	0.0348	-1.9862	0.0722	-2.2896	-0.2039	-14.4949	37.2413	319.1636	14.7830	79.6189	2.3666	1.2506	84.6002
114.8625	2603.0000	0.0460	1.2355	0.0000	54.6690	12.4000	230.9060	0.2898	26.1700	68.7428	NOT CONNECTED	0.0000	500.0000	0.0000	2565.5021	-0.0623	-0.0000	0.0348	0.0351	-1.0036	-0.3870	-1.4129	0.0125	-13.2879	33.2839	318.8339	19.4237	79.6747	1.1514	1.2316	84.6802
114.8805	2603.0000	0.0460	1.2355	0.0000	54.6690	12.4000	230.9060	0.2898	26.1700	68.7428	NOT CONNECTED	0.0000	500.0000	0.0000	2565.5021	-0.0623	-0.0000	0.0348	0.0351	-1.0036	-0.3870	-1.4129	0.0125	-13.2879	33.2839	318.8339	19.4237	79.6747	1.1514	1.2316	84.6802
115.4861	2220.0000	0.0400	1.2187	0.0000	45.0240	17.7600	230.9120	0.3360	31.2400	68.8171	NOT CONNECTED	0.0000	500.0000	0.0000	2162.8628	-0.0235	0.0245	0.0348	0.0349	-1.9888	-0.0903	-1.6449	-0.1670	-18.2808	12.9945	318.7407	21.6947	79.7222	1.9877	1.2251	84.7537
115.6076	2220.0000	0.0400	1.2187	0.0000	45.0240	17.7600	230.9120	0.3360	31.2400	68.8171	NOT CONNECTED	0.0000	500.0000	0.0000	2162.8628	-0.0235	0.0245	0.0348	0.0349	-1.9888	-0.0903	-1.6449	-0.1670	-18.2808	12.9945	318.7407	21.6947	79.7222	1.9877	1.2251	84.7537
116.0915	1835.0000	0.0460	1.2140	0.0000	40.3200	18.5500	230.9150	0.3423	31.9800	68.9046	NOT CONNECTED	0.0000	500.0000	0.0000	1857.1769	-0.0280	0.0318	0.0349	0.0348	-1.0742	-0.1364	-1.7892	-0.2367	-10.1883	45.7328	318.7166	22.5913	79.7682	1.8804	1.2200	84.7537
116.3558	1835.0000	0.0460	1.2140	0.0000	40.3200	18.5500	230.9150	0.3423	31.9800	68.9046	NOT CONNECTED	0.0000	500.0000	0.0000	1857.1769	-0.0280	0.0318	0.0349	0.0348	-1.0742	-0.1364	-1.7892	-0.2367	-10.1883	45.7328	318.7166	22.5913	79.7682	1.8804	1.2200	84.7537
116.6972	1835.0000	0.0460	1.2140	0.0000	40.3200	18.5500	230.9150	0.3423	31.9800	68.9046	NOT CONNECTED	0.0000	500.0000	0.0000	1611.0268	0.0357	-0.0000	0.0346	0.0349	-1.8070	0.2021	-1.2282	-0.2170	-10.1392	20.6731	318.9455	23.6726	79.8118	1.1741	1.2146	84.8183
117.1220	1450.0000	0.0460	1.1936	0.0000	30.5140	17.4200	230.9240	0.3259	30.2900	68.9532	NOT CONNECTED	0.0000	500.0000	0.0000	1253.6824	0.0133	0.0483	0.0349	0.0348	-1.8159	0.0674	-1.6024	-0.1955	-11.7679	16.3346	318.6263	23.4758	79.8442	1.6712	1.1847	84.8183
117.3022	1450.0000	0.0460	1.1936	0.0000	30.5140	17.4200	230.9240	0.3259	30.2900	68.9532	NOT CONNECTED	0.0000	500.0000	0.0000	1253.6824	0.0133	0.0483	0.0349	0.0348	-1.8159	0.0674	-1.6024	-0.1955	-11.7679	16.3346	318.6263	23.4758	79.8442	1.6712	1.1847	84.8183
117.8604	1065.0000	0.0440	1.1772	0.0000	26.2320	19.9600	230.9210	0.3492	32.8800	69.0198	NOT CONNECTED	0.0000	500.0000	0.0000	982.0442	-0.1150	-0.0952	0.0350	0.0353	-1.5173	-0.5316	-1.4071	-0.2006	-11.6923	11.6405	318.4924	22.6964	79.8678	1.4154	1.1852	84.8770
117.9084	1065.0000	0.0440	1.1772	0.0000	26.2320	19.9600	230.9210	0.3492	32.8800	69.0198	NOT CONNECTED	0.0000	500.0000	0.0000	982.0442	-0.1150	-0.0952	0.0350	0.0353	-1.5173	-0.5316	-1.4071	-0.2006	-11.6923	11.6405	318.4924	22.6964	79.8678	1.4154	1.1852	84.8770
118.5137	695.0000	0.0470	1.1628	0.0000	18.6090	21.7000	230.9190	0.3614	34.3100	69.1091	NOT CONNECTED	0.0000	500.0000	0.0000	678.6139	-0.0337	-0.0959	0.0349	0.0349	-1.8563	-0.1507	-1.4573	-0.0365	-9.5465	8.2301	318.4545	24.6705	79.8892	1.4656	1.1780	84.9258
118.6092	695.0000	0.0470	1.1628	0.0000	18.6090	21.7000	230.9190	0.3614	34.3100	69.1091	NOT CONNECTED	0.0000	500.0000	0.0000	678.6139	-0.0337	-0.0959	0.0349	0.0349	-1.8563	-0.1507	-1.4573	-0.0365	-9.5465	8.2301	318.4545	24.6705	79.8892	1.4656	1.1780	84.9258
119.1182	320.0000	0.0490	1.1502	0.0000	15.4270	22.5100	230.9230	0.3665	34.8400	69.1568	NOT CONNECTED	0.0000	500.0000	0.0000	354.2525	0.0108	0.0276	0.0343	0.0349	-1.7979	0.0552	-1.5605	-0.0329	-11.9153	4.2995	318.1438	29.7294	79.9031	1.5828	1.1634	84.9258
119.3475	320.0000	0.0490	1.1502	0.0000	15.4270	22.5100	230.9230	0.3665	34.8400	69.1568	NOT CONNECTED	0.0000	500.0000	0.0000	354.2525	0.0108	0.0276	0.0343	0.0349	-1.7979	0.0552	-1.5605	-0.0329	-11.9153	4.2995	318.1438	29.7294	79.9031	1.5828	1.1634	84.9258
119.7248	14.0000	-0.0040	0.0255	0.0000	0.5600	-0.0600	230.9570	0.0356	2.1400	69.1089	NOT CONNECTED	0.0000	500.0000	0.0000	0.0000	0.0000	0.0000	0.0672	0.0352	-1.7888	0.2596	-1.8040	0.1138	-11.6220	4.4565	322.1037	0.0000	79.8839	1.8076	0.7693	84.9677
120.0974	14.0000	-0.0040	0.0255	0.0000	0.5600	-0.0600	230.9570	0.0356	2.1400	69.1089	NOT CONNECTED	0.0000	500.0000	0.0000	0.0000	0.0000	0.0000	0.0672	0.0352	-1.7888	0.2596	-1.8040	0.1138	-11.6220	4.4565	322.0645	0.0000	79.6244	1.8076	0.0059	84.9677
120.3306	14.0000	-0.0040	0.0255	0.0000	0.5600	-0.0600	230.9570	0.0356	2.1400	69.1089	NOT CONNECTED	0.0000	500.0000	0.0000	0.0000	0.0000	0.0000	0.0672	0.0352	-1.7888	0.2596	-1.8040	0.1138	-11.6220	4.4565	322.0645	0.0000	79.6244	1.8076	0.0059	84.9677
120.8420	0.0000	-0.0140	0.0141	0.0000	0.7600	-0.0400	230.9400	0.0355	2.1300	69.0234	NOT CONNECTED	0.0000	500.0000	0.0000	0.0000	0.0000	0.0000	0.0672	0.0352	-1.7888	0.2596	-1.8040	0.1138	-11.6220	4.4565	322.1037	0.0000	79.3500	1.8076	0.0060	84.9617
120.9361	NOT CONNECTED	NOT CONNECTED	NOT CONNECTED	NOT CONNECTED	NOT CONNECTED	NOT CONNECTED	NOT CONNECTED	NOT CONNECTED	NOT CONNECTED	NOT CONNECTED	NOT CONNECTED	0.0000	500.0000	0.0000	0.0000	0.0000	0.0000	0.0672	0.0352	-1.7888	0.2596	-1.8040	0.1138	-11.6220	4.4565	322.1037	0.0000	79.3500	1.8076	0.0060	84.9617
121.5415	NOT CONNECTED	NOT CONNECTED	NOT CONNECTED	NOT CONNECTED	NOT CONNECTED	NOT CONNECTED	NOT CONNECTED	NOT CONNECTED	NOT CONNECTED	NOT CONNECTED	NOT CONNECTED	0.0000	500.0000	0.0000	0.0000	0.0000	0.0000	0.0672	0.0352	-1.7888	0.2596	-1.8040	0.1138	0.0000	0.0000	322.0618	0.0000	79.0876	1.8076	0.0054	84.8659
