Time	speed	torque	motor_current	motor_current_thd	motor_voltage	motor_power	line_voltage	line_current	line_power	motor_temperature	Test_Marker	BD_Target_Speed	BD_Target_Accel	BD_Update_Cmd	Mcl_Quantities.Speed_Rot_Mech	Mcl_Quantities.Torque	Mcl_Quantities.Torque_Ref	Mcl_Quantities.Stator_Flux_Mag	Mcl_Quantities.Flux_Ref	Mcl_Quantities.Id_stator_current	Mcl_Quantities.Iq_stator_current	Mcl_Quantities.Id_rotor_current	Rotor_Curr_Iq	Flux_Controller.Out	Torque_Controller.Out	DC_Bus_RMS	Mcl_Quantities.Electrical_Power	Mcl_Quantities.Stator_Temperature	Mcl_Quantities.Is_Abs	Mcl_Quantities.IsRMS	SR_Overheating_Temp
0.7396	0.0000	0.0000	0.0141	0.0000	0.7590	-0.0400	230.9190	0.0328	2.0100	62.9487	NOT CONNECTED	NOT CONNECTED	NOT CONNECTED	NOT CONNECTED	NOT CONNECTED	NOT CONNECTED	NOT CONNECTED	NOT CONNECTED	NOT CONNECTED	NOT CONNECTED	NOT CONNECTED	NOT CONNECTED	NOT CONNECTED	NOT CONNECTED	NOT CONNECTED	NOT CONNECTED	NOT CONNECTED	NOT CONNECTED	NOT CONNECTED	NOT CONNECTED	NOT CONNECTED
0.9612	0.0000	0.0000	0.0141	0.0000	0.7590	-0.0400	230.9190	0.0328	2.0100	62.9487	NOT CONNECTED	0.0000	500.0000	0.0000	0.0000	0.0000	0.0000	0.0672	0.0356	-1.8780	0.3004	-1.8974	0.1292	0.0000	0.0000	321.9156	0.0000	75.2927	1.9018	0.0048	68.7099
1.4861	0.0000	0.0000	0.0141	0.0000	0.7600	-0.0400	230.9160	0.0329	2.0000	62.9220	NOT CONNECTED	0.0000	500.0000	0.0000	0.0000	0.0000	0.0000	0.0672	0.0356	-1.8780	0.3004	-1.8974	0.1292	0.0000	0.0000	321.9440	0.0000	75.1802	1.9018	0.0049	68.6669
1.5598	0.0000	0.0000	0.0141	0.0000	0.7600	-0.0400	230.9160	0.0329	2.0000	62.9220	NOT CONNECTED	0.0000	500.0000	0.0000	0.0000	0.0000	0.0000	0.0672	0.0356	-1.8780	0.3004	-1.8974	0.1292	0.0000	0.0000	321.9440	0.0000	75.1802	1.9018	0.0049	68.6669
2.1657	0.0000	0.0000	0.0335	0.0000	1.6640	-0.0300	230.9090	0.0477	2.6900	62.8537	NOT CONNECTED	0.0000	500.0000	0.0000	0.0000	0.0000	0.0000	0.0672	0.0356	-1.8780	0.3004	-1.8974	0.1292	0.0000	0.0000	321.8912	0.0000	75.0715	1.9018	0.0054	68.6669
2.2342	0.0000	0.0000	0.0335	0.0000	1.6640	-0.0300	230.9090	0.0477	2.6900	62.8537	NOT CONNECTED	0.0000	500.0000	0.0000	0.0000	0.0000	0.0000	0.0672	0.0356	-1.8780	0.3004	-1.8974	0.1292	0.0000	0.0000	321.8912	0.0000	75.0715	1.9018	0.0054	68.6669
2.7708	0.0000	0.0000	0.0142	0.0000	0.7590	-0.0400	230.9070	0.0328	2.0100	62.8009	NOT CONNECTED	0.0000	500.0000	0.0000	0.0000	0.0000	0.0000	0.0672	0.0356	-1.8780	0.3004	-1.8974	0.1292	0.0000	0.0000	321.9372	0.0000	74.9666	1.9018	0.0048	68.6239
2.9819	0.0000	0.0000	0.0142	0.0000	0.7590	-0.0400	230.9070	0.0328	2.0100	62.8009	NOT CONNECTED	0.0000	500.0000	0.0000	0.0000	0.0000	0.0000	0.0672	0.0356	-1.8780	0.3004	-1.8974	0.1292	0.0000	0.0000	321.9372	0.0000	74.9666	1.9018	0.0048	68.6239
3.3767	0.0000	0.0000	0.0142	0.0000	0.7590	-0.0400	230.8990	0.0327	2.0100	62.7764	NOT CONNECTED	0.0000	500.0000	0.0000	0.0000	0.0000	0.0000	0.0672	0.0356	-1.8780	0.3004	-1.8974	0.1292	0.0000	0.0000	321.8939	0.0000	74.8651	1.9018	0.0050	68.5811
3.7219	0.0000	0.0000	0.0142	0.0000	0.7590	-0.0400	230.8990	0.0327	2.0100	62.7764	NOT CONNECTED	0.0000	500.0000	0.0000	0.0000	0.0000	0.0000	0.0672	0.0356	-1.8780	0.3004	-1.8974	0.1292	0.0000	0.0000	321.8588	0.0000	74.7671	1.9018	0.0052	68.5811
3.9662	0.0000	0.0000	0.0142	0.0000	0.7590	-0.0400	230.8990	0.0327	2.0100	62.7764	NOT CONNECTED	0.0000	500.0000	0.0000	0.0000	0.0000	0.0000	0.0672	0.0356	-1.8780	0.3004	-1.8974	0.1292	0.0000	0.0000	321.8588	0.0000	74.7671	1.9018	0.0052	68.5811
4.4573	0.0000	0.0000	0.0142	0.0000	0.7590	-0.0400	230.8960	0.0327	2.0100	62.7153	NOT CONNECTED	0.0000	500.0000	0.0000	0.0000	0.0000	0.0000	0.0672	0.0356	-1.8780	0.3004	-1.8974	0.1292	0.0000	0.0000	321.8452	0.0000	74.6725	1.9018	0.0052	68.5384
4.5722	0.0000	0.0000	0.0142	0.0000	0.7590	-0.0400	230.8960	0.0327	2.0100	62.7153	NOT CONNECTED	0.0000	500.0000	0.0000	0.0000	0.0000	0.0000	0.0672	0.0356	-1.8780	0.3004	-1.8974	0.1292	0.0000	0.0000	321.8452	0.0000	74.6725	1.9018	0.0052	68.5384
5.1774	0.0000	0.0000	0.0142	0.0000	0.7590	-0.0400	230.8880	0.0327	2.0000	62.6110	NOT CONNECTED	0.0000	500.0000	0.0000	0.0000	0.0000	0.0000	0.0672	0.0356	-1.8780	0.3004	-1.8974	0.1292	0.0000	0.0000	321.8425	0.0000	74.5809	1.9018	0.0051	68.5384
5.2006	0.0000	0.0000	0.0142	0.0000	0.7590	-0.0400	230.8880	0.0327	2.0000	62.6110	NOT CONNECTED	0.0000	500.0000	0.0000	0.0000	0.0000	0.0000	0.0672	0.0356	-1.8780	0.3004	-1.8974	0.1292	0.0000	0.0000	321.8425	0.0000	74.5809	1.9018	0.0051	68.5384
5.7826	0.0000	0.0000	0.0142	0.0000	0.7590	-0.0400	230.8840	0.0327	2.0100	62.6041	NOT CONNECTED	0.0000	500.0000	0.0000	0.0000	0.0000	0.0000	0.0672	0.0356	-1.8780	0.3004	-1.8974	0.1292	0.0000	0.0000	321.8669	0.0000	74.4888	1.9018	0.0050	68.4958
5.9430	0.0000	0.0000	0.0142	0.0000	0.7590	-0.0400	230.8840	0.0327	2.0100	62.6041	NOT CONNECTED	0.0000	500.0000	0.0000	0.0000	0.0000	0.0000	0.0672	0.0356	-1.8780	0.3004	-1.8974	0.1292	0.0000	0.0000	321.8669	0.0000	74.4888	1.9018	0.0050	68.4958
6.3881	0.0000	0.0000	0.0141	0.0000	0.7590	-0.0400	230.8730	0.0325	2.0000	62.5575	NOT CONNECTED	0.0000	500.0000	0.0000	0.0000	0.0000	0.0000	0.0672	0.0356	-1.8780	0.3004	-1.8974	0.1292	0.0000	0.0000	321.8521	0.0000	74.4034	1.9018	0.0051	68.4533
6.6838	0.0000	0.0000	0.0141	0.0000	0.7590	-0.0400	230.8730	0.0325	2.0000	62.5575	NOT CONNECTED	0.0000	500.0000	0.0000	0.0000	0.0000	0.0000	0.0672	0.0356	-1.8780	0.3004	-1.8974	0.1292	0.0000	0.0000	321.8521	0.0000	74.4034	1.9018	0.0051	68.4533
7.0100	0.0000	0.0000	0.0141	0.0000	0.7590	-0.0400	230.8730	0.0325	2.0000	62.5575	NOT CONNECTED	0.0000	500.0000	0.0000	0.0000	0.0000	0.0000	0.0672	0.0356	-1.8780	0.3004	-1.8974	0.1292	0.0000	0.0000	321.8087	0.0000	74.3174	1.9018	0.0050	68.4533
7.4296	0.0000	0.0000	0.0141	0.0000	0.7600	-0.0400	230.8680	0.0325	2.0000	62.4960	NOT CONNECTED	0.0000	500.0000	0.0000	0.0000	0.0000	0.0000	0.0672	0.0356	-1.8780	0.3004	-1.8974	0.1292	0.0000	0.0000	321.7735	0.0000	74.2376	1.9018	0.0049	68.4109
7.6309	0.0000	0.0000	0.0141	0.0000	0.7600	-0.0400	230.8680	0.0325	2.0000	62.4960	NOT CONNECTED	0.0000	500.0000	0.0000	0.0000	0.0000	0.0000	0.0672	0.0356	-1.8780	0.3004	-1.8974	0.1292	0.0000	0.0000	321.7735	0.0000	74.2376	1.9018	0.0049	68.4109
8.1734	0.0000	0.0000	0.0141	0.0000	0.7600	-0.0400	230.8550	0.0325	2.0000	62.4630	NOT CONNECTED	0.0000	500.0000	0.0000	0.0000	0.0000	0.0000	0.0672	0.0356	-1.8780	0.3004	-1.8974	0.1292	0.0000	0.0000	321.7749	0.0000	74.1573	1.9018	0.0050	68.4109
8.2368	0.0000	0.0000	0.0141	0.0000	0.7600	-0.0400	230.8550	0.0325	2.0000	62.4630	NOT CONNECTED	0.0000	500.0000	0.0000	0.0000	0.0000	0.0000	0.0672	0.0356	-1.8780	0.3004	-1.8974	0.1292	0.0000	0.0000	321.7749	0.0000	74.1573	1.9018	0.0050	68.4109
8.8423	0.0000	0.0000	0.0141	0.0000	0.7600	-0.0400	230.8480	0.0324	2.0100	62.4234	NOT CONNECTED	0.0000	500.0000	0.0000	0.0000	0.0000	0.0000	0.0672	0.0356	-1.8780	0.3004	-1.8974	0.1292	0.0000	0.0000	321.7844	0.0000	74.0827	1.9018	0.0049	68.3686
8.9127	0.0000	0.0000	0.0141	0.0000	0.7600	-0.0400	230.8480	0.0324	2.0100	62.4234	NOT CONNECTED	0.0000	500.0000	0.0000	0.0000	0.0000	0.0000	0.0672	0.0356	-1.8780	0.3004	-1.8974	0.1292	0.0000	0.0000	321.7844	0.0000	74.0827	1.9018	0.0049	68.3686
9.4324	0.0000	0.0000	0.0141	0.0000	0.7600	-0.0400	230.8300	0.0324	2.0100	62.3819	NOT CONNECTED	0.0000	500.0000	0.0000	0.0000	0.0000	0.0000	0.0672	0.0356	-1.8780	0.3004	-1.8974	0.1292	0.0000	0.0000	321.7478	0.0000	74.0106	1.9018	0.0048	68.3264
9.6531	0.0000	0.0000	0.0141	0.0000	0.7600	-0.0400	230.8300	0.0324	2.0100	62.3819	NOT CONNECTED	0.0000	500.0000	0.0000	0.0000	0.0000	0.0000	0.0672	0.0356	-1.8780	0.3004	-1.8974	0.1292	0.0000	0.0000	321.7478	0.0000	74.0106	1.9018	0.0048	68.3264
10.0379	0.0000	0.0000	0.0141	0.0000	0.7610	-0.0400	230.8190	0.0323	2.0000	62.3147	NOT CONNECTED	0.0000	500.0000	0.0000	0.0000	0.0000	0.0000	0.0672	0.0356	-1.8780	0.3004	-1.8974	0.1292	0.0000	0.0000	321.7167	0.0000	73.9408	1.9018	0.0048	68.3264
10.3869	0.0000	0.0000	0.0141	0.0000	0.7610	-0.0400	230.8190	0.0323	2.0000	62.3147	NOT CONNECTED	0.0000	500.0000	0.0000	0.0000	0.0000	0.0000	0.0672	0.0356	-1.8780	0.3004	-1.8974	0.1292	0.0000	0.0000	321.6964	0.0000	73.8705	1.9018	0.0052	68.2844
10.6593	0.0000	0.0000	0.0141	0.0000	0.7610	-0.0400	230.8190	0.0323	2.0000	62.3147	NOT CONNECTED	0.0000	500.0000	0.0000	0.0000	0.0000	0.0000	0.0672	0.0356	-1.8780	0.3004	-1.8974	0.1292	0.0000	0.0000	321.6964	0.0000	73.8705	1.9018	0.0052	68.2844
11.1421	0.0000	0.0000	0.0141	0.0000	0.7600	-0.0400	230.7970	0.0322	1.9900	62.2268	NOT CONNECTED	0.0000	500.0000	0.0000	0.0000	0.0000	0.0000	0.0672	0.0356	-1.8780	0.3004	-1.8974	0.1292	0.0000	0.0000	321.6612	0.0000	73.8052	1.9018	0.0051	68.2844
11.2648	0.0000	0.0000	0.0141	0.0000	0.7600	-0.0400	230.7970	0.0322	1.9900	62.2268	NOT CONNECTED	0.0000	500.0000	0.0000	0.0000	0.0000	0.0000	0.0672	0.0356	-1.8780	0.3004	-1.8974	0.1292	0.0000	0.0000	321.6612	0.0000	73.8052	1.9018	0.0051	68.2844
11.8702	0.0000	0.0000	0.0141	0.0000	0.7600	-0.0400	230.7830	0.0321	1.9900	62.1955	NOT CONNECTED	0.0000	500.0000	0.0000	0.0000	0.0000	0.0000	0.0672	0.0356	-1.8780	0.3004	-1.8974	0.1292	0.0000	0.0000	321.6747	0.0000	73.7421	1.9018	0.0051	68.2424
11.8828	0.0000	0.0000	0.0141	0.0000	0.7600	-0.0400	230.7830	0.0321	1.9900	62.1955	NOT CONNECTED	0.0000	500.0000	0.0000	0.0000	0.0000	0.0000	0.0672	0.0356	-1.8780	0.3004	-1.8974	0.1292	0.0000	0.0000	321.6747	0.0000	73.7421	1.9018	0.0051	68.2424
12.4766	0.0000	0.0000	0.0141	0.0000	0.7600	-0.0400	230.7560	0.0320	1.9800	62.1437	NOT CONNECTED	0.0000	500.0000	0.0000	0.0000	0.0000	0.0000	0.0672	0.0356	-1.8780	0.3004	-1.8974	0.1292	0.0000	0.0000	321.5921	0.0000	73.6809	1.9018	0.0050	68.2006
12.6489	0.0000	0.0000	0.0141	0.0000	0.7600	-0.0400	230.7560	0.0320	1.9800	62.1437	NOT CONNECTED	0.0000	500.0000	0.0000	0.0000	0.0000	0.0000	0.0672	0.0356	-1.8780	0.3004	-1.8974	0.1292	0.0000	0.0000	321.5921	0.0000	73.6809	1.9018	0.0050	68.2006
13.0812	0.0000	0.0000	0.0141	0.0000	0.7600	-0.0400	230.7400	0.0319	1.9800	62.0856	NOT CONNECTED	0.0000	500.0000	0.0000	0.0000	0.0000	0.0000	0.0672	0.0356	-1.8780	0.3004	-1.8974	0.1292	0.0000	0.0000	321.6084	0.0000	73.6217	1.9018	0.0050	68.2006
13.3898	0.0000	0.0000	0.0141	0.0000	0.7600	-0.0400	230.7400	0.0319	1.9800	62.0856	NOT CONNECTED	0.0000	500.0000	0.0000	0.0000	0.0000	0.0000	0.0672	0.0356	-1.8780	0.3004	-1.8974	0.1292	0.0000	0.0000	321.5299	0.0000	73.5620	1.9018	0.0053	68.1589
13.6874	0.0000	0.0000	0.0141	0.0000	0.7600	-0.0400	230.7400	0.0319	1.9800	62.0856	NOT CONNECTED	0.0000	500.0000	0.0000	0.0000	0.0000	0.0000	0.0672	0.0356	-1.8780	0.3004	-1.8974	0.1292	0.0000	0.0000	321.5299	0.0000	73.5620	1.9018	0.0053	68.1589
14.2925	0.0000	0.0000	0.0142	0.0000	0.7590	-0.0400	230.7070	0.0318	1.9800	62.0314	NOT CONNECTED	0.0000	500.0000	0.0000	0.0000	0.0000	0.0000	0.0672	0.0356	-1.8780	0.3004	-1.8974	0.1292	0.0000	0.0000	321.5082	0.0000	73.5065	1.9018	0.0050	68.1172
14.3449	0.0000	0.0000	0.0142	0.0000	0.7590	-0.0400	230.7070	0.0318	1.9800	62.0314	NOT CONNECTED	0.0000	500.0000	0.0000	0.0000	0.0000	0.0000	0.0672	0.0356	-1.8780	0.3004	-1.8974	0.1292	0.0000	0.0000	321.5082	0.0000	73.5065	1.9018	0.0050	68.1172
14.9144	0.0000	0.0000	0.0141	0.0000	0.7590	-0.0400	230.6910	0.0318	1.9800	61.9624	NOT CONNECTED	4000.0000	500.0000	0.0000	0.0000	0.0000	0.0000	0.0672	0.0356	-1.8780	0.3004	-1.8974	0.1292	0.0000	0.0000	321.5110	0.0000	73.4506	1.9018	0.0054	68.1172
15.0885	0.0000	0.0000	0.0141	0.0000	0.7590	-0.0400	230.6910	0.0318	1.9800	61.9624	NOT CONNECTED	4000.0000	500.0000	0.0000	0.0000	0.0000	0.0000	0.0672	0.0356	-1.8780	0.3004	-1.8974	0.1292	0.0000	0.0000	321.5110	0.0000	73.4506	1.9018	0.0054	68.1172
15.5036	0.0000	0.0000	0.0141	0.0000	0.7600	-0.0400	230.6590	0.0317	1.9700	61.9220	NOT CONNECTED	4000.0000	500.0000	0.0000	0.0000	0.0000	0.0000	0.0672	0.0356	-1.8780	0.3004	-1.8974	0.1292	0.0000	0.0000	321.4501	0.0000	73.3986	1.9018	0.0048	68.0757
15.8371	0.0000	0.0000	0.0141	0.0000	0.7600	-0.0400	230.6590	0.0317	1.9700	61.9220	NOT CONNECTED	4000.0000	500.0000	0.0000	0.0000	0.0000	0.0000	0.0672	0.0356	-1.8780	0.3004	-1.8974	0.1292	0.0000	0.0000	321.4704	0.0000	73.3503	1.9018	0.0051	68.0757
16.1095	0.0000	0.0000	0.0141	0.0000	0.7600	-0.0400	230.6590	0.0317	1.9700	61.9220	NOT CONNECTED	4000.0000	500.0000	0.0000	0.0000	0.0000	0.0000	0.0672	0.0356	-1.8780	0.3004	-1.8974	0.1292	0.0000	0.0000	321.4704	0.0000	73.3503	1.9018	0.0051	68.0757
16.5833	0.0000	0.0000	0.0141	0.0000	0.7600	-0.0400	230.6430	0.0317	1.9800	61.8693	NOT CONNECTED	4000.0000	500.0000	0.0000	0.0000	0.0000	0.0000	0.0672	0.0356	-1.8780	0.3004	-1.8974	0.1292	0.0000	0.0000	321.3906	0.0000	73.3014	1.9018	0.0052	68.0343
16.7150	0.0000	0.0000	0.0141	0.0000	0.7600	-0.0400	230.6430	0.0317	1.9800	61.8693	NOT CONNECTED	4000.0000	500.0000	0.0000	0.0000	0.0000	0.0000	0.0672	0.0356	-1.8780	0.3004	-1.8974	0.1292	0.0000	0.0000	321.3906	0.0000	73.3014	1.9018	0.0052	68.0343
17.3204	0.0000	0.0000	0.0141	0.0000	0.7600	-0.0400	230.6130	0.0316	1.9700	61.8197	NOT CONNECTED	4000.0000	500.0000	0.0000	0.0000	0.0000	0.0000	0.0672	0.0356	-1.8780	0.3004	-1.8974	0.1292	0.0000	0.0000	321.3608	0.0000	73.2521	1.9018	0.0052	67.9930
17.3298	0.0000	0.0000	0.0141	0.0000	0.7600	-0.0400	230.6130	0.0316	1.9700	61.8197	NOT CONNECTED	4000.0000	500.0000	0.0000	0.0000	0.0000	0.0000	0.0672	0.0356	-1.8780	0.3004	-1.8974	0.1292	0.0000	0.0000	321.3608	0.0000	73.2521	1.9018	0.0052	67.9930
17.9255	0.0000	0.0000	0.0141	0.0000	0.7600	-0.0400	230.5970	0.0316	1.9800	61.7635	NOT CONNECTED	4000.0000	500.0000	0.0000	0.0000	0.0000	0.0000	0.0672	0.0356	-1.8780	0.3004	-1.8974	0.1292	0.0000	0.0000	321.3649	0.0000	73.2062	1.9018	0.0050	67.9930
18.0767	0.0000	0.0000	0.0141	0.0000	0.7600	-0.0400	230.5970	0.0316	1.9800	61.7635	NOT CONNECTED	4000.0000	500.0000	0.0000	0.0000	0.0000	0.0000	0.0672	0.0356	-1.8780	0.3004	-1.8974	0.1292	0.0000	0.0000	321.3649	0.0000	73.2062	1.9018	0.0050	67.9930
18.5316	0.0000	0.0000	0.0141	0.0000	0.7610	-0.0400	230.5680	0.0316	1.9800	61.7241	NOT CONNECTED	4000.0000	500.0000	0.0000	0.0000	0.0000	0.0000	0.0672	0.0356	-1.8780	0.3004	-1.8974	0.1292	0.0000	0.0000	321.2810	0.0000	73.1617	1.9018	0.0052	67.9518
18.8080	0.0000	0.0000	0.0141	0.0000	0.7610	-0.0400	230.5680	0.0316	1.9800	61.7241	NOT CONNECTED	4000.0000	500.0000	0.0000	0.0000	0.0000	0.0000	0.0672	0.0356	-1.8780	0.3004	-1.8974	0.1292	0.0000	0.0000	321.2810	0.0000	73.1617	1.9018	0.0052	67.9518
19.5472	0.0000	0.0000	0.0141	0.0000	0.7610	-0.0400	230.5550	0.0316	1.9800	61.6906	NOT CONNECTED	4000.0000	500.0000	0.0000	-0.0712	-0.0556	0.0000	0.1290	0.0356	3.0215	-0.0709	3.0290	-0.1903	20.1249	0.0000	308.7857	91.6607	73.4418	3.0343	1.4425	67.9343
20.2821	52.0000	0.0460	0.0141	0.0000	0.7610	-0.0400	230.5350	0.0321	1.9900	61.6083	NOT CONNECTED	4000.0000	500.0000	0.0000	-0.0712	-0.0556	0.0000	0.1290	0.0356	3.0215	-0.0709	3.0290	-0.1903	20.1249	0.0000	308.7857	91.6607	73.4418	3.0343	1.4425	67.9343
20.8877	0.0000	-0.0130	1.2938	0.0000	11.9380	33.9900	230.4880	0.4486	48.7500	61.6947	NOT CONNECTED	4000.0000	500.0000	0.0000	0.1469	-0.0560	0.0000	0.1291	0.0356	3.0495	-0.0728	3.0250	-0.1783	20.1949	0.0000	308.8135	92.1432	74.2740	3.0344	2.1518	67.9343
21.0275	0.0000	-0.0130	1.2938	0.0000	11.9380	33.9900	230.4880	0.4486	48.7500	61.6947	NOT CONNECTED	4000.0000	500.0000	0.0000	0.1469	-0.0560	0.0000	0.1291	0.0356	3.0495	-0.0728	3.0250	-0.1783	20.1949	0.0000	308.8135	92.1432	74.2740	3.0344	2.1518	67.9343
21.4926	0.0000	-0.0130	2.0239	0.0000	18.9070	84.9100	230.4610	0.9070	111.5300	62.0197	NOT CONNECTED	4000.0000	500.0000	0.0000	0.0074	-0.0228	0.0000	0.1081	0.0356	0.9788	-0.0350	0.9864	-0.0081	6.2443	0.1237	318.3534	11.4742	74.9334	0.9994	0.7000	68.2337
21.7628	0.0000	-0.0130	2.0239	0.0000	18.9070	84.9100	230.4610	0.9070	111.5300	62.0197	NOT CONNECTED	4000.0000	500.0000	0.0000	0.0074	-0.0228	0.0000	0.1081	0.0356	0.9788	-0.0350	0.9864	-0.0081	6.2443	0.1237	318.3534	11.4742	74.9334	0.9994	0.7000	68.2337
22.0981	0.0000	-0.0130	2.0239	0.0000	18.9070	84.9100	230.4610	0.9070	111.5300	62.0197	NOT CONNECTED	4000.0000	500.0000	0.0000	172.9441	0.2020	0.2385	0.0802	0.0806	0.8977	0.4264	0.7760	0.6120	4.7906	10.7313	317.6596	15.4207	68.3786	1.0234	0.6575	68.2337
22.5026	0.0000	-0.0460	1.2011	0.0000	11.0080	28.9800	230.5270	0.4678	46.7600	62.2314	NOT CONNECTED	4000.0000	500.0000	0.0000	490.1077	0.1504	0.1692	0.0710	0.0710	0.2771	0.3540	0.1483	0.3227	1.8824	17.7810	318.7172	8.3681	68.3417	0.3850	0.2727	68.3262
22.7040	0.0000	-0.0460	1.2011	0.0000	11.0080	28.9800	230.5270	0.4678	46.7600	62.2314	NOT CONNECTED	4000.0000	500.0000	0.0000	490.1077	0.1504	0.1692	0.0710	0.0710	0.2771	0.3540	0.1483	0.3227	1.8824	17.7810	318.7172	8.3681	68.3417	0.3850	0.2727	68.3262
23.2386	346.0000	-0.1030	0.7055	0.0000	12.0270	11.8900	230.5020	0.2161	20.7000	62.3621	NOT CONNECTED	4000.0000	500.0000	0.0000	810.1495	0.1601	0.1091	0.0709	0.0710	0.2704	0.3822	0.2406	0.3318	1.6093	26.5444	317.9084	13.0375	68.2486	0.4035	0.2977	68.3113
23.3093	346.0000	-0.1030	0.7055	0.0000	12.0270	11.8900	230.5020	0.2161	20.7000	62.3621	NOT CONNECTED	4000.0000	500.0000	0.0000	810.1495	0.1601	0.1091	0.0709	0.0710	0.2704	0.3822	0.2406	0.3318	1.6093	26.5444	317.9084	13.0375	68.2486	0.4035	0.2977	68.3113
23.9150	716.0000	-0.1100	0.2743	0.0000	17.8730	6.8900	230.5080	0.1492	13.3600	62.4647	NOT CONNECTED	4000.0000	500.0000	0.0000	1108.5882	0.1611	0.1137	0.0707	0.0710	0.3398	0.3743	0.2852	0.3142	1.9372	35.5942	317.2783	17.6206	68.1714	0.4298	0.3180	68.3113
23.9830	716.0000	-0.1100	0.2743	0.0000	17.8730	6.8900	230.5080	0.1492	13.3600	62.4647	NOT CONNECTED	4000.0000	500.0000	0.0000	1108.5882	0.1611	0.1137	0.0707	0.0710	0.3398	0.3743	0.2852	0.3142	1.9372	35.5942	317.2783	17.6206	68.1714	0.4298	0.3180	68.3113
24.5195	1085.0000	-0.1090	0.3139	0.0000	35.9960	14.4100	230.5140	0.2261	21.8800	62.5767	NOT CONNECTED	4000.0000	500.0000	0.0000	1408.2623	0.1366	0.1379	0.0707	0.0709	0.3848	0.3297	0.3700	0.3408	1.8881	44.6592	316.5697	22.7074	68.0939	0.4697	0.3280	68.2857
24.7149	1085.0000	-0.1090	0.3139	0.0000	35.9960	14.4100	230.5140	0.2261	21.8800	62.5767	NOT CONNECTED	4000.0000	500.0000	0.0000	1408.2623	0.1366	0.1379	0.0707	0.0709	0.3848	0.3297	0.3700	0.3408	1.8881	44.6592	316.5697	22.7074	68.0939	0.4697	0.3280	68.2857
25.1248	1448.0000	-0.1080	0.3241	0.0000	44.9770	18.2500	230.5190	0.2628	26.2300	62.6951	NOT CONNECTED	4000.0000	500.0000	0.0000	1709.6634	0.1630	0.1441	0.0708	0.0709	0.2968	0.3897	0.3084	0.3111	1.8921	53.5963	315.9413	26.7663	68.0249	0.4946	0.3351	68.2857
25.4523	1448.0000	-0.1080	0.3241	0.0000	44.9770	18.2500	230.5190	0.2628	26.2300	62.6951	NOT CONNECTED	4000.0000	500.0000	0.0000	2015.1513	0.1401	0.1399	0.0709	0.0709	0.2777	0.3325	0.2452	0.3488	2.2955	63.2402	315.1914	31.6854	67.9601	0.4357	0.3452	68.2659
25.7316	1448.0000	-0.1080	0.3241	0.0000	44.9770	18.2500	230.5190	0.2628	26.2300	62.6951	NOT CONNECTED	4000.0000	500.0000	0.0000	2015.1513	0.1401	0.1399	0.0709	0.0709	0.2777	0.3325	0.2452	0.3488	2.2955	63.2402	315.1914	31.6854	67.9601	0.4357	0.3452	68.2659
26.2015	1827.0000	-0.1090	0.3388	0.0000	63.1840	26.3000	230.5350	0.3360	35.0600	62.7512	NOT CONNECTED	4000.0000	500.0000	0.0000	2319.6503	0.1425	0.1359	0.0708	0.0709	0.2806	0.3453	0.3613	0.3931	1.9451	71.8872	314.5228	37.0136	67.8966	0.5399	0.3511	68.2504
26.3365	1827.0000	-0.1090	0.3388	0.0000	63.1840	26.3000	230.5350	0.3360	35.0600	62.7512	NOT CONNECTED	4000.0000	500.0000	0.0000	2319.6503	0.1425	0.1359	0.0708	0.0709	0.2806	0.3453	0.3613	0.3931	1.9451	71.8872	314.5228	37.0136	67.8966	0.5399	0.3511	68.2504
26.9429	2197.0000	-0.1100	0.3452	0.0000	72.4030	30.5200	230.5460	0.3727	39.7400	62.8861	NOT CONNECTED	4000.0000	500.0000	0.0000	2619.9087	0.1707	0.1502	0.0709	0.0709	0.3244	0.4065	0.3650	0.4083	2.0634	81.4847	313.9869	42.3093	67.8391	0.5417	0.3556	68.2504
26.9515	2197.0000	-0.1100	0.3452	0.0000	72.4030	30.5200	230.5460	0.3727	39.7400	62.8861	NOT CONNECTED	4000.0000	500.0000	0.0000	2619.9087	0.1707	0.1502	0.0709	0.0709	0.3244	0.4065	0.3650	0.4083	2.0634	81.4847	313.9869	42.3093	67.8391	0.5417	0.3556	68.2504
27.5472	2572.0000	-0.1110	0.3566	0.0000	90.6450	39.4500	230.5740	0.4483	49.4800	62.9354	NOT CONNECTED	4000.0000	500.0000	0.0000	2930.8484	0.1228	0.1238	0.0708	0.0708	0.3606	0.2820	0.2945	0.3842	1.6626	90.6032	313.3716	47.9128	67.7841	0.5335	0.3645	68.2400
27.7015	2572.0000	-0.1110	0.3566	0.0000	90.6450	39.4500	230.5740	0.4483	49.4800	62.9354	NOT CONNECTED	4000.0000	500.0000	0.0000	2930.8484	0.1228	0.1238	0.0708	0.0708	0.3606	0.2820	0.2945	0.3842	1.6626	90.6032	313.3716	47.9128	67.7841	0.5335	0.3645	68.2400
28.1538	2945.0000	-0.1110	0.3620	0.0000	99.6820	44.0500	230.5890	0.4850	54.3100	62.9828	NOT CONNECTED	4000.0000	500.0000	0.0000	3222.3724	0.1744	0.1448	0.0709	0.0710	0.3128	0.4224	0.3575	0.3725	2.2649	98.6287	312.7672	54.0312	67.7327	0.5295	0.3726	68.2400
28.4382	2945.0000	-0.1110	0.3620	0.0000	99.6820	44.0500	230.5890	0.4850	54.3100	62.9828	NOT CONNECTED	4000.0000	500.0000	0.0000	3222.3724	0.1744	0.1448	0.0709	0.0710	0.3128	0.4224	0.3575	0.3725	2.2649	98.6287	312.7672	54.0312	67.7327	0.5295	0.3726	68.2400
28.7594	2945.0000	-0.1110	0.3620	0.0000	99.6820	44.0500	230.5890	0.4850	54.3100	62.9828	NOT CONNECTED	4000.0000	500.0000	0.0000	3524.8034	0.1480	0.1431	0.0709	0.0709	0.3360	0.3505	0.2713	0.3791	3.0464	107.3958	312.1200	60.7378	67.6842	0.4790	0.3777	68.2342
29.1791	3315.0000	-0.1120	0.3745	0.0000	117.9840	54.3100	230.6250	0.5672	65.3000	63.0017	NOT CONNECTED	4000.0000	500.0000	0.0000	3822.9132	0.1442	0.1687	0.0709	0.0709	0.3666	0.3337	0.3444	0.3673	2.1751	116.8980	311.6388	67.9770	67.6366	0.5682	0.3869	68.2337
29.3645	3315.0000	-0.1120	0.3745	0.0000	117.9840	54.3100	230.6250	0.5672	65.3000	63.0017	NOT CONNECTED	4000.0000	500.0000	0.0000	3822.9132	0.1442	0.1687	0.0709	0.0709	0.3666	0.3337	0.3444	0.3673	2.1751	116.8980	311.6388	67.9770	67.6366	0.5682	0.3869	68.2337
29.9225	3684.0000	-0.1150	0.3793	0.0000	127.2410	59.4800	230.6430	0.6080	70.7800	63.0158	NOT CONNECTED	4000.0000	500.0000	0.0000	4018.6872	0.0446	0.0513	0.0706	0.0706	0.3260	0.1019	0.4096	0.1544	2.2652	119.8904	315.6284	28.6070	67.5925	0.5075	0.3635	68.2337
29.9704	3684.0000	-0.1150	0.3793	0.0000	127.2410	59.4800	230.6430	0.6080	70.7800	63.0158	NOT CONNECTED	4000.0000	500.0000	0.0000	4018.6872	0.0446	0.0513	0.0706	0.0706	0.3260	0.1019	0.4096	0.1544	2.2652	119.8904	315.6284	28.6070	67.5925	0.5075	0.3635	68.2337
30.5764	4018.0000	-0.0870	0.3897	0.0000	145.6040	70.1400	230.6830	0.6945	82.0200	63.0123	NOT CONNECTED	4000.0000	500.0000	0.0000	3995.1319	0.0614	0.0937	0.0707	0.0706	0.4393	0.1363	0.3310	0.1983	2.8220	121.4815	315.3257	31.3327	67.5384	0.4071	0.3020	68.2361
30.6677	4018.0000	-0.0870	0.3897	0.0000	145.6040	70.1400	230.6830	0.6945	82.0200	63.0123	NOT CONNECTED	4000.0000	500.0000	0.0000	3995.1319	0.0614	0.0937	0.0707	0.0706	0.4393	0.1363	0.3310	0.1983	2.8220	121.4815	315.3257	31.3327	67.5384	0.4071	0.3020	68.2361
31.1818	4002.0000	-0.0420	0.2928	0.0000	146.4210	30.5300	230.7380	0.3811	40.6800	62.9993	NOT CONNECTED	4000.0000	500.0000	0.0000	3998.1994	0.1083	0.0786	0.0707	0.0708	0.3892	0.2578	0.2636	0.2080	1.7854	120.1524	315.2662	32.3182	67.4856	0.3599	0.3035	68.2361
31.4192	4002.0000	-0.0420	0.2928	0.0000	146.4210	30.5300	230.7380	0.3811	40.6800	62.9993	NOT CONNECTED	4000.0000	500.0000	0.0000	3998.1994	0.1083	0.0786	0.0707	0.0708	0.3892	0.2578	0.2636	0.2080	1.7854	120.1524	315.2662	32.3182	67.4856	0.3599	0.3035	68.2361
31.7866	4002.0000	-0.0420	0.2928	0.0000	146.4210	30.5300	230.7380	0.3811	40.6800	62.9993	NOT CONNECTED	4000.0000	500.0000	0.0000	4000.8886	0.0406	0.0691	0.0706	0.0706	0.4399	0.0824	0.3084	0.1702	2.4179	120.6313	315.2391	32.1126	67.4347	0.4356	0.3034	68.2325
32.1634	4001.0000	-0.0420	0.2975	0.0000	146.1590	33.3100	230.7600	0.4033	43.6400	62.9976	NOT CONNECTED	4000.0000	500.0000	0.0000	4000.8886	0.0406	0.0691	0.0706	0.0706	0.4399	0.0824	0.3084	0.1702	2.4179	120.6313	315.2391	32.1126	67.4347	0.4356	0.3034	68.2325
32.9025	4002.0000	-0.0430	0.2974	0.0000	146.1660	33.4300	230.7830	0.4039	43.7200	62.9567	NOT CONNECTED	4000.0000	500.0000	0.0000	4003.3669	0.1062	0.0603	0.0707	0.0708	0.4146	0.2558	0.2969	0.1488	1.5685	119.4792	315.2271	31.0591	67.3439	0.3649	0.2924	68.2291
32.9026	4002.0000	-0.0430	0.2974	0.0000	146.1660	33.4300	230.7830	0.4039	43.7200	62.9567	NOT CONNECTED	4000.0000	500.0000	0.0000	4003.3669	0.1062	0.0603	0.0707	0.0708	0.4146	0.2558	0.2969	0.1488	1.5685	119.4792	315.2271	31.0591	67.3439	0.3649	0.2924	68.2291
33.5086	3999.0000	-0.0430	0.2977	0.0000	146.1650	33.3500	230.8280	0.4025	43.6000	62.9478	NOT CONNECTED	4000.0000	500.0000	0.0000	4003.6941	0.0624	0.0593	0.0706	0.0706	0.3337	0.1507	0.3192	0.1187	2.3890	119.6987	315.2841	31.9538	67.2964	0.4157	0.3030	68.2265
33.7674	3999.0000	-0.0430	0.2977	0.0000	146.1650	33.3500	230.8280	0.4025	43.6000	62.9478	NOT CONNECTED	4000.0000	500.0000	0.0000	4003.6941	0.0624	0.0593	0.0706	0.0706	0.3337	0.1507	0.3192	0.1187	2.3890	119.6987	315.2841	31.9538	67.2964	0.4157	0.3030	68.2265
34.0980	3999.0000	-0.0430	0.2977	0.0000	146.1650	33.3500	230.8280	0.4025	43.6000	62.9478	NOT CONNECTED	4000.0000	500.0000	0.0000	3998.1251	0.0389	0.0788	0.0707	0.0706	0.3278	0.0895	0.4180	0.1506	2.2507	119.4151	315.2884	31.8396	67.2515	0.4827	0.3028	68.2265
34.5102	4002.0000	-0.0420	0.2979	0.0000	146.1680	33.4900	230.8460	0.4038	43.8100	62.8909	NOT CONNECTED	4000.0000	500.0000	0.0000	3996.5432	0.0991	0.0845	0.0707	0.0708	0.3864	0.2434	0.4168	0.2484	1.3460	119.9121	315.2465	31.5541	67.2081	0.3973	0.3026	68.2232
34.7032	4002.0000	-0.0420	0.2979	0.0000	146.1680	33.4900	230.8460	0.4038	43.8100	62.8909	NOT CONNECTED	4000.0000	500.0000	0.0000	3996.5432	0.0991	0.0845	0.0707	0.0708	0.3864	0.2434	0.4168	0.2484	1.3460	119.9121	315.2465	31.5541	67.2081	0.3973	0.3026	68.2232
35.2636	4002.0000	-0.0430	0.2979	0.0000	146.1650	33.3900	230.8740	0.4024	43.6600	62.8722	NOT CONNECTED	4000.0000	500.0000	0.0000	4006.4894	0.0566	0.0497	0.0707	0.0706	0.3486	0.1335	0.3688	0.1589	1.9419	118.7939	315.1978	33.1022	67.1660	0.4301	0.3029	68.2196
35.3091	4002.0000	-0.0430	0.2979	0.0000	146.1650	33.3900	230.8740	0.4024	43.6600	62.8722	NOT CONNECTED	4000.0000	500.0000	0.0000	4006.4894	0.0566	0.0497	0.0707	0.0706	0.3486	0.1335	0.3688	0.1589	1.9419	118.7939	315.1978	33.1022	67.1660	0.4301	0.3029	68.2196
35.9147	4003.0000	-0.0420	0.2978	0.0000	146.1680	33.4700	230.8880	0.4032	43.7600	62.8142	NOT CONNECTED	4000.0000	500.0000	0.0000	4005.2905	0.0778	0.0566	0.0707	0.0707	0.3522	0.1810	0.2998	0.1862	1.9565	121.4019	315.1046	33.6517	67.1237	0.3745	0.3035	68.2196
36.1509	4003.0000	-0.0420	0.2978	0.0000	146.1680	33.4700	230.8880	0.4032	43.7600	62.8142	NOT CONNECTED	4000.0000	500.0000	0.0000	4005.2905	0.0778	0.0566	0.0707	0.0707	0.3522	0.1810	0.2998	0.1862	1.9565	121.4019	315.1046	33.6517	67.1237	0.3745	0.3035	68.2196
36.5201	4003.0000	-0.0420	0.2978	0.0000	146.1680	33.4700	230.8880	0.4032	43.7600	62.8142	NOT CONNECTED	4000.0000	500.0000	0.0000	3993.0785	0.0650	0.1032	0.0708	0.0706	0.3686	0.1488	0.2940	0.2455	2.9399	122.1065	314.8733	35.8869	67.0837	0.3379	0.3091	68.2169
36.9017	4002.0000	-0.0480	0.3000	0.0000	146.1990	34.6000	230.9070	0.4115	44.8800	62.7477	NOT CONNECTED	4000.0000	500.0000	0.0000	4001.4420	0.1053	0.0781	0.0706	0.0708	0.4583	0.2338	0.4030	0.1821	2.3544	120.0778	314.6788	38.6072	67.0465	0.4416	0.3137	68.2169
37.1255	4002.0000	-0.0480	0.3000	0.0000	146.1990	34.6000	230.9070	0.4115	44.8800	62.7477	NOT CONNECTED	4000.0000	500.0000	0.0000	4001.4420	0.1053	0.0781	0.0706	0.0708	0.4583	0.2338	0.4030	0.1821	2.3544	120.0778	314.6788	38.6072	67.0465	0.4416	0.3137	68.2169
37.6652	3999.0000	-0.0540	0.3054	0.0000	146.3300	37.4600	230.9160	0.4342	47.8800	62.7310	NOT CONNECTED	4000.0000	500.0000	0.0000	4005.7760	0.0823	0.0676	0.0707	0.0707	0.4305	0.1691	0.3875	0.2549	2.0204	118.8673	314.2950	40.6723	67.0110	0.4602	0.3180	68.2139
37.7310	3999.0000	-0.0540	0.3054	0.0000	146.3300	37.4600	230.9160	0.4342	47.8800	62.7310	NOT CONNECTED	4000.0000	500.0000	0.0000	4005.7760	0.0823	0.0676	0.0707	0.0707	0.4305	0.1691	0.3875	0.2549	2.0204	118.8673	314.2950	40.6723	67.0110	0.4602	0.3180	68.2139
38.3369	3998.0000	-0.0720	0.3120	0.0000	146.4850	40.5800	230.9180	0.4580	51.0700	62.6212	NOT CONNECTED	4000.0000	500.0000	0.0000	4005.1238	0.0873	0.0797	0.0707	0.0707	0.3673	0.2002	0.3193	0.2295	2.3572	120.4387	313.7374	45.0378	66.9774	0.3871	0.3278	68.2112
38.9211	3998.0000	-0.0720	0.3120	0.0000	146.4850	40.5800	230.9180	0.4580	51.0700	62.6212	NOT CONNECTED	4000.0000	500.0000	0.0000	3985.5240	0.1383	0.1598	0.0709	0.0709	0.4358	0.3103	0.3677	0.4120	2.4661	121.5267	313.2425	51.1609	66.9450	0.5218	0.3330	68.2112
38.9422	3998.0000	-0.0720	0.3120	0.0000	146.4850	40.5800	230.9180	0.4580	51.0700	62.6212	NOT CONNECTED	4000.0000	500.0000	0.0000	3985.5240	0.1383	0.1598	0.0709	0.0709	0.4358	0.3103	0.3677	0.4120	2.4661	121.5267	313.2425	51.1609	66.9450	0.5218	0.3330	68.2112
39.5468	3998.0000	-0.0840	0.3310	0.0000	146.8230	48.9500	230.9080	0.5230	59.7400	62.5836	NOT CONNECTED	4000.0000	500.0000	0.0000	4007.4852	0.1075	0.0945	0.0708	0.0708	0.4061	0.2541	0.2831	0.3038	1.8871	121.8606	312.7408	55.4185	66.9155	0.4065	0.3520	68.2100
39.6683	3998.0000	-0.0840	0.3310	0.0000	146.8230	48.9500	230.9080	0.5230	59.7400	62.5836	NOT CONNECTED	4000.0000	500.0000	0.0000	4007.4852	0.1075	0.0945	0.0708	0.0708	0.4061	0.2541	0.2831	0.3038	1.8871	121.8606	312.7408	55.4185	66.9155	0.4065	0.3520	68.2100
40.1535	3998.0000	-0.0990	0.3414	0.0000	147.0210	53.1100	230.9010	0.5555	64.1700	62.5184	NOT CONNECTED	4000.0000	500.0000	0.0000	3994.2591	0.1488	0.1592	0.0709	0.0709	0.3759	0.3366	0.3533	0.3511	2.1636	121.4307	311.7753	66.1131	66.8901	0.5894	0.3720	68.2100
40.5384	3998.0000	-0.0990	0.3414	0.0000	147.0210	53.1100	230.9010	0.5555	64.1700	62.5184	NOT CONNECTED	4000.0000	500.0000	0.0000	3986.9016	0.1703	0.2050	0.0710	0.0709	0.4609	0.3786	0.3037	0.5568	2.3631	122.4239	311.0220	74.7837	66.8693	0.5585	0.3920	68.2094
40.7582	3998.0000	-0.0990	0.3414	0.0000	147.0210	53.1100	230.9010	0.5555	64.1700	62.5184	NOT CONNECTED	4000.0000	500.0000	0.0000	3986.9016	0.1703	0.2050	0.0710	0.0709	0.4609	0.3786	0.3037	0.5568	2.3631	122.4239	311.0220	74.7837	66.8693	0.5585	0.3920	68.2094
41.2924	3994.0000	-0.1300	0.3759	0.0000	147.5600	66.1200	230.8800	0.6570	77.8100	62.4869	NOT CONNECTED	4000.0000	500.0000	0.0000	4006.5369	0.1787	0.1542	0.0709	0.0710	0.3785	0.4203	0.3274	0.4952	1.7041	122.7319	310.2840	84.3155	66.8527	0.6607	0.4197	68.2113
41.3648	3994.0000	-0.1300	0.3759	0.0000	147.5600	66.1200	230.8800	0.6570	77.8100	62.4869	NOT CONNECTED	4000.0000	500.0000	0.0000	4006.5369	0.1787	0.1542	0.0709	0.0710	0.3785	0.4203	0.3274	0.4952	1.7041	122.7319	310.2840	84.3155	66.8527	0.6607	0.4197	68.2113
41.9703	3997.0000	-0.1570	0.4122	0.0000	148.1420	78.6300	230.8580	0.7566	91.1400	62.4351	NOT CONNECTED	4000.0000	500.0000	0.0000	4003.3211	0.2101	0.1934	0.0710	0.0711	0.2915	0.5097	0.2314	0.6002	3.0073	124.6345	309.1193	96.0968	66.8412	0.5820	0.4491	68.2113
42.1672	3997.0000	-0.1570	0.4122	0.0000	148.1420	78.6300	230.8580	0.7566	91.1400	62.4351	NOT CONNECTED	4000.0000	500.0000	0.0000	4003.3211	0.2101	0.1934	0.0710	0.0711	0.2915	0.5097	0.2314	0.6002	3.0073	124.6345	309.1193	96.0968	66.8412	0.5820	0.4491	68.2113
42.5747	3998.0000	-0.1920	0.4460	0.0000	148.5420	89.5400	230.8360	0.8378	102.5800	62.3782	NOT CONNECTED	4000.0000	500.0000	0.0000	4001.9864	0.2245	0.2195	0.0711	0.0711	0.5399	0.5190	0.1469	0.7730	3.0260	125.0786	308.5376	104.2603	66.8365	0.6118	0.4819	68.2172
42.9116	3998.0000	-0.1920	0.4460	0.0000	148.5420	89.5400	230.8360	0.8378	102.5800	62.3782	NOT CONNECTED	4000.0000	500.0000	0.0000	4005.4657	0.2221	0.2211	0.0711	0.0711	0.3452	0.5144	0.3503	0.6009	2.1929	123.0898	308.2397	107.7653	66.8377	0.7763	0.5043	68.2172
43.1810	3998.0000	-0.1920	0.4460	0.0000	148.5420	89.5400	230.8360	0.8378	102.5800	62.3782	NOT CONNECTED	4000.0000	500.0000	0.0000	4005.4657	0.2221	0.2211	0.0711	0.0711	0.3452	0.5144	0.3503	0.6009	2.1929	123.0898	308.2397	107.7653	66.8377	0.7763	0.5043	68.2172
43.6654	4000.0000	-0.2140	0.4942	0.0000	149.2810	104.3900	230.8000	0.9485	118.4600	62.3323	0.0000	4000.0000	500.0000	0.0000	3998.1545	0.2611	0.2561	0.0712	0.0712	0.3221	0.6239	0.3133	0.6138	2.2386	123.0487	308.0106	111.9448	66.8421	0.7070	0.5167	68.2270
43.7869	4000.0000	-0.2140	0.4942	0.0000	149.2810	104.3900	230.8000	0.9485	118.4600	62.3323	0.0000	4000.0000	500.0000	0.0000	3998.1545	0.2611	0.2561	0.0712	0.0712	0.3221	0.6239	0.3133	0.6138	2.2386	123.0487	308.0106	111.9448	66.8421	0.7070	0.5167	68.2270
44.3922	3998.0000	-0.2210	0.5075	0.0000	149.5230	108.2600	230.7840	0.9781	122.6200	62.2990	0.0000	4000.0000	500.0000	0.0000	4002.7625	0.2623	0.2475	0.0711	0.0713	0.4203	0.6221	0.1859	0.7173	0.3203	124.0914	307.9108	114.8282	66.8488	0.7071	0.5308	68.2392
44.4061	3998.0000	-0.2210	0.5075	0.0000	149.5230	108.2600	230.7840	0.9781	122.6200	62.2990	0.0000	4000.0000	500.0000	0.0000	4002.7625	0.2623	0.2475	0.0711	0.0713	0.4203	0.6221	0.1859	0.7173	0.3203	124.0914	307.9108	114.8282	66.8488	0.7071	0.5308	68.2392
44.9965	3999.0000	-0.2250	0.5267	0.0000	149.8500	113.9300	230.7520	1.0226	128.6400	62.2807	0.0000	4000.0000	500.0000	0.0000	4004.6369	0.2401	0.2462	0.0712	0.0711	0.2966	0.5754	0.1684	0.6250	2.8387	122.2562	307.8797	116.8146	66.8576	0.7117	0.5284	68.2392
45.1535	3999.0000	-0.2250	0.5267	0.0000	149.8500	113.9300	230.7520	1.0226	128.6400	62.2807	0.0000	4000.0000	500.0000	0.0000	4004.6369	0.2401	0.2462	0.0712	0.0711	0.2966	0.5754	0.1684	0.6250	2.8387	122.2562	307.8797	116.8146	66.8576	0.7117	0.5284	68.2392
45.6035	3995.0000	-0.2290	0.5339	0.0000	149.9960	116.0200	230.7360	1.0394	130.7600	62.2470	0.0000	4000.0000	500.0000	0.0000	4006.2365	0.2493	0.2440	0.0711	0.0712	0.4288	0.5893	0.2561	0.7144	1.8930	123.4095	307.8992	117.6363	66.8658	0.7540	0.5387	68.2539
45.8948	3995.0000	-0.2290	0.5339	0.0000	149.9960	116.0200	230.7360	1.0394	130.7600	62.2470	0.0000	4000.0000	500.0000	0.0000	4006.2365	0.2493	0.2440	0.0711	0.0712	0.4288	0.5893	0.2561	0.7144	1.8930	123.4095	307.8992	117.6363	66.8658	0.7540	0.5387	68.2539
46.2092	3995.0000	-0.2290	0.5339	0.0000	149.9960	116.0200	230.7360	1.0394	130.7600	62.2470	0.0000	4000.0000	500.0000	0.0000	4002.8443	0.2658	0.2572	0.0712	0.0712	0.3717	0.6199	0.2463	0.6747	3.4811	122.9898	307.9362	116.8714	66.8753	0.7128	0.5411	68.2539
46.6685	4001.0000	-0.2310	0.5416	0.0000	150.1130	118.1600	230.6870	1.0593	133.1500	62.2074	1.0000	4000.0000	500.0000	0.0000	4009.7027	0.2828	0.2341	0.0710	0.0714	0.5088	0.6595	0.2561	0.7770	3.7793	124.8960	307.9573	118.3770	66.8853	0.8682	0.5423	68.2687
46.8136	4001.0000	-0.2310	0.5416	0.0000	150.1130	118.1600	230.6870	1.0593	133.1500	62.2074	1.0000	4000.0000	500.0000	0.0000	4009.7027	0.2828	0.2341	0.0710	0.0714	0.5088	0.6595	0.2561	0.7770	3.7793	124.8960	307.9573	118.3770	66.8853	0.8682	0.5423	68.2687
47.4032	4000.0000	-0.2340	0.5428	0.0000	150.1460	118.4900	230.6590	1.0629	133.4600	62.1776	1.0000	4000.0000	500.0000	0.0000	3995.6162	0.2575	0.2834	0.0712	0.0712	0.4748	0.6019	0.2206	0.7461	3.7824	124.7607	308.0128	118.4012	66.8944	0.8049	0.5418	68.2836
47.5410	4000.0000	-0.2340	0.5428	0.0000	150.1460	118.4900	230.6590	1.0629	133.4600	62.1776	1.0000	4000.0000	500.0000	0.0000	3995.6162	0.2575	0.2834	0.0712	0.0712	0.4748	0.6019	0.2206	0.7461	3.7824	124.7607	308.0128	118.4012	66.8944	0.8049	0.5418	68.2836
47.9932	4002.0000	-0.2350	0.5434	0.0000	150.1690	118.6500	230.6350	1.0681	133.5300	62.1439	1.0000	4000.0000	500.0000	0.0000	3987.6604	0.2548	0.3108	0.0714	0.0712	0.4282	0.5910	0.3326	0.6667	3.2495	124.6535	308.1653	118.2642	66.9035	0.7395	0.5321	68.2836
48.2836	4002.0000	-0.2350	0.5434	0.0000	150.1690	118.6500	230.6350	1.0681	133.5300	62.1439	1.0000	4000.0000	500.0000	0.0000	3987.6604	0.2548	0.3108	0.0714	0.0712	0.4282	0.5910	0.3326	0.6667	3.2495	124.6535	308.1653	118.2642	66.9035	0.7395	0.5321	68.2836
48.6001	4002.0000	-0.2350	0.5434	0.0000	150.1690	118.6500	230.6350	1.0681	133.5300	62.1439	1.0000	4000.0000	500.0000	0.0000	4009.0347	0.2766	0.2360	0.0711	0.0713	0.4962	0.6328	0.2734	0.8250	1.4749	125.5335	308.2662	118.3646	66.9110	0.7656	0.5429	68.2994
49.0197	3999.0000	-0.2330	0.5424	0.0000	150.1520	118.4100	230.5930	1.0667	133.2700	62.0884	1.0000	4000.0000	500.0000	0.0000	3998.1379	0.2593	0.2739	0.0713	0.0712	0.4250	0.6013	0.2083	0.7194	0.4154	123.6263	308.2975	118.0653	66.9196	0.7282	0.5417	68.2994
49.2050	3999.0000	-0.2330	0.5424	0.0000	150.1520	118.4100	230.5930	1.0667	133.2700	62.0884	1.0000	4000.0000	500.0000	0.0000	3998.1379	0.2593	0.2739	0.0713	0.0712	0.4250	0.6013	0.2083	0.7194	0.4154	123.6263	308.2975	118.0653	66.9196	0.7282	0.5417	68.2994
49.7696	4000.0000	-0.2350	0.5426	0.0000	150.1490	118.4500	230.5810	1.0720	133.2800	62.0945	1.0000	4000.0000	500.0000	0.0000	3998.4727	0.2536	0.2723	0.0712	0.0712	0.3008	0.6092	0.1655	0.6910	2.7914	124.6162	308.3110	116.5670	66.9280	0.7218	0.5412	68.3144
49.8092	4000.0000	-0.2350	0.5426	0.0000	150.1490	118.4500	230.5810	1.0720	133.2800	62.0945	1.0000	4000.0000	500.0000	0.0000	3998.4727	0.2536	0.2723	0.0712	0.0712	0.3008	0.6092	0.1655	0.6910	2.7914	124.6162	308.3110	116.5670	66.9280	0.7218	0.5412	68.3144
50.4153	4000.0000	-0.2340	0.5425	0.0000	150.1470	118.3800	230.5510	1.0726	133.1100	62.0601	1.0000	4000.0000	500.0000	0.0000	4000.3542	0.2825	0.2656	0.0713	0.0714	0.5374	0.6355	0.3838	0.7091	2.5379	124.7843	308.4059	118.6147	66.9360	0.8499	0.5410	68.3293
50.5135	4000.0000	-0.2340	0.5425	0.0000	150.1470	118.3800	230.5510	1.0726	133.1100	62.0601	1.0000	4000.0000	500.0000	0.0000	4000.3542	0.2825	0.2656	0.0713	0.0714	0.5374	0.6355	0.3838	0.7091	2.5379	124.7843	308.4059	118.6147	66.9360	0.8499	0.5410	68.3293
51.0209	3997.0000	-0.2330	0.5418	0.0000	150.1330	118.1700	230.5050	1.0736	132.8400	62.0601	1.0000	4000.0000	500.0000	0.0000	3998.1495	0.2552	0.2732	0.0712	0.0712	0.2582	0.6174	0.3437	0.6469	2.1680	122.9398	308.4936	116.8346	66.9431	0.7668	0.5367	68.3293
51.2599	3997.0000	-0.2330	0.5418	0.0000	150.1330	118.1700	230.5050	1.0736	132.8400	62.0601	1.0000	4000.0000	500.0000	0.0000	3998.1495	0.2552	0.2732	0.0712	0.0712	0.2582	0.6174	0.3437	0.6469	2.1680	122.9398	308.4936	116.8346	66.9431	0.7668	0.5367	68.3293
51.6269	3997.0000	-0.2330	0.5418	0.0000	150.1330	118.1700	230.5050	1.0736	132.8400	62.0601	1.0000	4000.0000	500.0000	0.0000	4002.6077	0.2463	0.2573	0.0712	0.0711	0.4088	0.5794	0.3249	0.7790	1.6085	124.6235	308.5879	117.1072	66.9494	0.7812	0.5395	68.3449
52.0064	4000.0000	-0.2350	0.5408	0.0000	150.1180	117.9300	230.4900	1.0728	132.6000	62.0201	1.0000	4000.0000	500.0000	0.0000	4003.3529	0.2768	0.2547	0.0713	0.0713	0.3157	0.6599	0.3341	0.6401	1.9289	123.4520	308.5872	116.4344	66.9560	0.7714	0.5392	68.3449
52.2324	4000.0000	-0.2350	0.5408	0.0000	150.1180	117.9300	230.4900	1.0728	132.6000	62.0201	1.0000	4000.0000	500.0000	0.0000	4003.3529	0.2768	0.2547	0.0713	0.0713	0.3157	0.6599	0.3341	0.6401	1.9289	123.4520	308.5872	116.4344	66.9560	0.7714	0.5392	68.3449
52.7504	3999.0000	-0.2350	0.5407	0.0000	150.1230	117.8100	230.4700	1.0749	132.4800	62.0380	1.0000	4000.0000	500.0000	0.0000	4007.6376	0.2825	0.2397	0.0712	0.0713	0.3820	0.6514	0.1259	0.6798	1.4476	123.0307	308.6493	116.6063	66.9626	0.6341	0.5397	68.3595
52.8381	3999.0000	-0.2350	0.5407	0.0000	150.1230	117.8100	230.4700	1.0749	132.4800	62.0380	1.0000	4000.0000	500.0000	0.0000	4007.6376	0.2825	0.2397	0.0712	0.0713	0.3820	0.6514	0.1259	0.6798	1.4476	123.0307	308.6493	116.6063	66.9626	0.6341	0.5397	68.3595
53.4434	3998.0000	-0.2330	0.5409	0.0000	150.1210	117.9100	230.4600	1.0754	132.5300	61.9833	2.0000	4000.0000	500.0000	0.0000	4000.6969	0.2734	0.2643	0.0714	0.0713	0.3595	0.6512	0.3479	0.6093	2.8753	122.7197	308.6252	115.8667	66.9694	0.8120	0.5400	68.3740
53.4873	3998.0000	-0.2330	0.5409	0.0000	150.1210	117.9100	230.4600	1.0754	132.5300	61.9833	2.0000	4000.0000	500.0000	0.0000	4000.6969	0.2734	0.2643	0.0714	0.0713	0.3595	0.6512	0.3479	0.6093	2.8753	122.7197	308.6252	115.8667	66.9694	0.8120	0.5400	68.3740
54.0479	4000.0000	-0.2340	0.5410	0.0000	150.1180	117.9600	230.4560	1.0768	132.5100	61.9526	2.0000	4000.0000	500.0000	0.0000	4003.8483	0.2494	0.2528	0.0711	0.0712	0.4843	0.5859	0.3353	0.7353	2.6991	123.4885	308.7217	118.2776	66.9753	0.8192	0.5341	68.3740
54.3464	4000.0000	-0.2340	0.5410	0.0000	150.1180	117.9600	230.4560	1.0768	132.5100	61.9526	2.0000	4000.0000	500.0000	0.0000	4003.8483	0.2494	0.2528	0.0711	0.0712	0.4843	0.5859	0.3353	0.7353	2.6991	123.4885	308.7217	118.2776	66.9753	0.8192	0.5341	68.3740
54.6542	4000.0000	-0.2340	0.5410	0.0000	150.1180	117.9600	230.4560	1.0768	132.5100	61.9526	2.0000	4000.0000	500.0000	0.0000	4002.2796	0.2567	0.2582	0.0712	0.0712	0.4013	0.6094	0.2861	0.6997	2.1456	124.6185	308.8304	116.3700	66.9804	0.8483	0.5399	68.3894
55.0915	3994.0000	-0.2330	0.5407	0.0000	150.1080	117.9200	230.4590	1.0785	132.4500	61.9244	2.0000	4000.0000	500.0000	0.0000	3999.1911	0.2875	0.2686	0.0713	0.0714	0.4463	0.6624	0.3034	0.7083	1.0533	123.8065	308.8633	116.8378	66.9863	0.7449	0.5398	68.3894
55.2601	3994.0000	-0.2330	0.5407	0.0000	150.1080	117.9200	230.4590	1.0785	132.4500	61.9244	2.0000	4000.0000	500.0000	0.0000	3999.1911	0.2875	0.2686	0.0713	0.0714	0.4463	0.6624	0.3034	0.7083	1.0533	123.8065	308.8633	116.8378	66.9863	0.7449	0.5398	68.3894
55.8365	3998.0000	-0.2340	0.5402	0.0000	150.1020	117.7900	230.4720	1.0797	132.2700	61.9392	2.0000	4000.0000	500.0000	0.0000	4005.8203	0.2323	0.2452	0.0712	0.0711	0.3950	0.5392	0.1477	0.7121	3.2927	125.0997	308.9835	117.5505	66.9924	0.6596	0.5394	68.4040
55.8653	3998.0000	-0.2340	0.5402	0.0000	150.1020	117.7900	230.4720	1.0797	132.2700	61.9392	2.0000	4000.0000	500.0000	0.0000	4005.8203	0.2323	0.2452	0.0712	0.0711	0.3950	0.5392	0.1477	0.7121	3.2927	125.0997	308.9835	117.5505	66.9924	0.6596	0.5394	68.4040
56.4715	4000.0000	-0.2340	0.5396	0.0000	150.0940	117.6100	230.4740	1.0779	132.0400	61.8893	2.0000	4000.0000	500.0000	0.0000	4007.0866	0.3016	0.2409	0.0711	0.0715	0.4499	0.6938	0.3509	0.6763	1.3849	122.2382	309.0357	116.6061	66.9980	0.8087	0.5389	68.4184
56.5717	4000.0000	-0.2340	0.5396	0.0000	150.0940	117.6100	230.4740	1.0779	132.0400	61.8893	2.0000	4000.0000	500.0000	0.0000	4007.0866	0.3016	0.2409	0.0711	0.0715	0.4499	0.6938	0.3509	0.6763	1.3849	122.2382	309.0357	116.6061	66.9980	0.8087	0.5389	68.4184
57.0605	3998.0000	-0.2320	0.5395	0.0000	150.0990	117.6000	230.5120	1.0809	132.0900	61.8948	2.0000	4000.0000	500.0000	0.0000	3984.4702	0.2834	0.3203	0.0717	0.0714	0.4127	0.6610	0.1754	0.7150	2.1215	123.9121	309.1121	117.0028	67.0027	0.6613	0.5300	68.4184
57.3177	3998.0000	-0.2320	0.5395	0.0000	150.0990	117.6000	230.5120	1.0809	132.0900	61.8948	2.0000	4000.0000	500.0000	0.0000	3984.4702	0.2834	0.3203	0.0717	0.0714	0.4127	0.6610	0.1754	0.7150	2.1215	123.9121	309.1121	117.0028	67.0027	0.6613	0.5300	68.4184
57.6669	3998.0000	-0.2320	0.5395	0.0000	150.0990	117.6000	230.5120	1.0809	132.0900	61.8948	2.0000	4000.0000	500.0000	0.0000	4001.5679	0.2369	0.2610	0.0713	0.0711	0.4320	0.5476	0.2832	0.5756	1.6296	121.5319	309.1974	118.0058	67.0067	0.7721	0.5394	68.4336
58.0639	4003.0000	-0.2330	0.5401	0.0000	150.0980	117.7600	230.5250	1.0827	132.2200	61.8791	2.0000	4000.0000	500.0000	0.0000	4010.3318	0.2940	0.2303	0.0712	0.0715	0.4886	0.6678	0.1450	0.7083	3.6483	123.5716	309.2932	117.3950	67.0120	0.6606	0.5400	68.4336
58.2726	4003.0000	-0.2330	0.5401	0.0000	150.0980	117.7600	230.5250	1.0827	132.2200	61.8791	2.0000	4000.0000	500.0000	0.0000	4010.3318	0.2940	0.2303	0.0712	0.0715	0.4886	0.6678	0.1450	0.7083	3.6483	123.5716	309.2932	117.3950	67.0120	0.6606	0.5400	68.4336
58.7976	3998.0000	-0.2320	0.5413	0.0000	150.1300	118.0400	230.5640	1.0859	132.5000	61.8852	2.0000	4000.0000	500.0000	0.0000	3991.9047	0.2590	0.2950	0.0716	0.0712	0.2960	0.6213	0.3273	0.6417	3.0598	124.5660	309.3041	116.7576	67.0172	0.7237	0.5401	68.4479
58.8772	3998.0000	-0.2320	0.5413	0.0000	150.1300	118.0400	230.5640	1.0859	132.5000	61.8852	2.0000	4000.0000	500.0000	0.0000	3991.9047	0.2590	0.2950	0.0716	0.0712	0.2960	0.6213	0.3273	0.6417	3.0598	124.5660	309.3041	116.7576	67.0172	0.7237	0.5401	68.4479
59.4826	4003.0000	-0.2310	0.5417	0.0000	150.1290	118.1300	230.5850	1.0868	132.6100	61.8741	2.0000	4000.0000	500.0000	0.0000	4004.6220	0.2811	0.2504	0.0711	0.0714	0.3611	0.6721	0.2901	0.7522	2.8048	123.7724	309.3791	116.7182	67.0223	0.7822	0.5400	68.4625
59.5386	4003.0000	-0.2310	0.5417	0.0000	150.1290	118.1300	230.5850	1.0868	132.6100	61.8741	2.0000	4000.0000	500.0000	0.0000	4004.6220	0.2811	0.2504	0.0711	0.0714	0.3611	0.6721	0.2901	0.7522	2.8048	123.7724	309.3791	116.7182	67.0223	0.7822	0.5400	68.4625
60.0730	4001.0000	-0.2340	0.5415	0.0000	150.1300	118.0900	230.6300	1.0874	132.4900	61.8554	3.0000	4000.0000	500.0000	0.0000	4002.3737	0.2468	0.2579	0.0712	0.0711	0.4583	0.5718	0.2421	0.6616	2.7353	124.4221	309.4462	117.4785	67.0270	0.8634	0.5298	68.4625
60.2857	4001.0000	-0.2340	0.5415	0.0000	150.1300	118.0900	230.6300	1.0874	132.4900	61.8554	3.0000	4000.0000	500.0000	0.0000	4002.3737	0.2468	0.2579	0.0712	0.0711	0.4583	0.5718	0.2421	0.6616	2.7353	124.4221	309.4462	117.4785	67.0270	0.8634	0.5298	68.4625
60.6789	4001.0000	-0.2340	0.5415	0.0000	150.1300	118.0900	230.6300	1.0874	132.4900	61.8554	3.0000	4000.0000	500.0000	0.0000	4003.9550	0.2715	0.2520	0.0710	0.0713	0.3819	0.6279	0.1416	0.6406	1.9071	122.2522	309.5762	116.2658	67.0305	0.6874	0.5397	68.4777
61.1603	4001.0000	-0.2310	0.5404	0.0000	150.1170	117.8200	230.6820	1.0864	132.2000	61.8064	3.0000	4000.0000	500.0000	0.0000	3997.1870	0.2999	0.2759	0.0713	0.0715	0.4767	0.6783	0.2700	0.6922	2.5914	124.0328	309.6438	117.3261	67.0355	0.7988	0.5405	68.4777
61.2687	4001.0000	-0.2310	0.5404	0.0000	150.1170	117.8200	230.6820	1.0864	132.2000	61.8064	3.0000	4000.0000	500.0000	0.0000	3997.1870	0.2999	0.2759	0.0713	0.0715	0.4767	0.6783	0.2700	0.6922	2.5914	124.0328	309.6438	117.3261	67.0355	0.7988	0.5405	68.4777
61.8746	3999.0000	-0.2330	0.5402	0.0000	150.1140	117.6900	230.7040	1.0856	132.1300	61.8073	3.0000	4000.0000	500.0000	0.0000	4004.5005	0.2560	0.2503	0.0712	0.0712	0.5048	0.5904	0.2090	0.6701	3.0079	124.8424	309.7048	117.5900	67.0402	0.7072	0.5403	68.4920
61.9081	3999.0000	-0.2330	0.5402	0.0000	150.1140	117.6900	230.7040	1.0856	132.1300	61.8073	3.0000	4000.0000	500.0000	0.0000	4004.5005	0.2560	0.2503	0.0712	0.0712	0.5048	0.5904	0.2090	0.6701	3.0079	124.8424	309.7048	117.5900	67.0402	0.7072	0.5403	68.4920
62.4795	4002.0000	-0.2330	0.5406	0.0000	150.1230	117.8000	230.7570	1.0887	132.2500	61.7907	3.0000	4000.0000	500.0000	0.0000	4006.7430	0.2726	0.2423	0.0712	0.0713	0.3985	0.6413	0.2670	0.6613	1.7805	123.1914	309.7664	116.7030	67.0446	0.6998	0.5399	68.5062
62.6658	4002.0000	-0.2330	0.5406	0.0000	150.1230	117.8000	230.7570	1.0887	132.2500	61.7907	3.0000	4000.0000	500.0000	0.0000	4006.7430	0.2726	0.2423	0.0712	0.0713	0.3985	0.6413	0.2670	0.6613	1.7805	123.1914	309.7664	116.7030	67.0446	0.6998	0.5399	68.5062
63.4142	3997.0000	-0.2330	0.5402	0.0000	150.1190	117.6900	230.7710	1.0877	132.1000	61.7433	3.0000	4000.0000	500.0000	0.0000	4008.5673	0.2484	0.2360	0.0711	0.0711	0.4519	0.5736	0.2355	0.7404	4.1788	125.5680	309.8954	117.4227	67.0516	0.7852	0.5389	68.5213
63.5948	3997.0000	-0.2330	0.5402	0.0000	150.1190	117.6900	230.7710	1.0877	132.1000	61.7433	3.0000	4000.0000	500.0000	0.0000	4008.5673	0.2484	0.2360	0.0711	0.0711	0.4519	0.5736	0.2355	0.7404	4.1788	125.5680	309.8954	117.4227	67.0516	0.7852	0.5389	68.5213
64.1582	4001.0000	-0.2320	0.5406	0.0000	150.1210	117.8600	230.8090	1.0903	132.2400	61.7217	3.0000	4000.0000	500.0000	0.0000	3993.6343	0.2976	0.2880	0.0713	0.0715	0.3538	0.7103	0.1016	0.7457	3.7788	123.3789	309.9403	116.1045	67.0556	0.6281	0.5383	68.5213
64.1995	4001.0000	-0.2320	0.5406	0.0000	150.1210	117.8600	230.8090	1.0903	132.2400	61.7217	3.0000	4000.0000	500.0000	0.0000	3993.6343	0.2976	0.2880	0.0713	0.0715	0.3538	0.7103	0.1016	0.7457	3.7788	123.3789	309.9403	116.1045	67.0556	0.6281	0.5383	68.5213
64.8061	4000.0000	-0.2320	0.5404	0.0000	150.1170	117.7800	230.8270	1.0898	132.1500	61.7221	3.0000	4000.0000	500.0000	0.0000	4006.3976	0.2307	0.2434	0.0710	0.0711	0.4517	0.5260	0.3173	0.7727	2.8036	124.3801	309.9579	117.4753	67.0594	0.8687	0.5391	68.5354
64.9091	4000.0000	-0.2320	0.5404	0.0000	150.1170	117.7800	230.8270	1.0898	132.1500	61.7221	3.0000	4000.0000	500.0000	0.0000	4006.3976	0.2307	0.2434	0.0710	0.0711	0.4517	0.5260	0.3173	0.7727	2.8036	124.3801	309.9579	117.4753	67.0594	0.8687	0.5391	68.5354
65.4110	4001.0000	-0.2340	0.5399	0.0000	150.1090	117.6900	230.8540	1.0901	131.9900	61.7293	3.0000	4000.0000	500.0000	0.0000	3990.0585	0.2598	0.3005	0.0716	0.0712	0.2826	0.6085	0.3411	0.7401	4.8078	122.8905	309.9626	116.0340	67.0630	0.7574	0.5387	68.5495
65.6681	4001.0000	-0.2340	0.5399	0.0000	150.1090	117.6900	230.8540	1.0901	131.9900	61.7293	3.0000	4000.0000	500.0000	0.0000	3990.0585	0.2598	0.3005	0.0716	0.0712	0.2826	0.6085	0.3411	0.7401	4.8078	122.8905	309.9626	116.0340	67.0630	0.7574	0.5387	68.5495
66.0174	4001.0000	-0.2340	0.5399	0.0000	150.1090	117.6900	230.8540	1.0901	131.9900	61.7293	3.0000	4000.0000	500.0000	0.0000	3988.2383	0.2534	0.3063	0.0718	0.0712	0.3490	0.5926	0.3050	0.7589	3.4712	125.1437	310.0187	116.4068	67.0665	0.8287	0.5303	68.5495
66.4047	4001.0000	-0.2340	0.5394	0.0000	150.0970	117.5900	230.8610	1.0896	131.8500	61.6853	3.0000	4000.0000	500.0000	0.0000	4002.7983	0.2548	0.2549	0.0712	0.0712	0.3443	0.5966	0.1989	0.6344	3.4451	122.2120	310.1035	116.4128	67.0688	0.7159	0.5396	68.5642
66.6218	4001.0000	-0.2340	0.5394	0.0000	150.0970	117.5900	230.8610	1.0896	131.8500	61.6853	3.0000	4000.0000	500.0000	0.0000	4002.7983	0.2548	0.2549	0.0712	0.0712	0.3443	0.5966	0.1989	0.6344	3.4451	122.2120	310.1035	116.4128	67.0688	0.7159	0.5396	68.5642
67.1601	3999.0000	-0.2320	0.5383	0.0000	150.1050	117.2100	230.8790	1.0870	131.4800	61.6492	3.0000	4000.0000	500.0000	0.0000	3998.6770	0.2969	0.2694	0.0713	0.0715	0.4032	0.7064	0.1969	0.7217	2.8211	123.7187	310.1439	115.6090	67.0726	0.6797	0.5396	68.5642
67.2128	3999.0000	-0.2320	0.5383	0.0000	150.1050	117.2100	230.8790	1.0870	131.4800	61.6492	3.0000	4000.0000	500.0000	0.0000	3998.6770	0.2969	0.2694	0.0713	0.0715	0.4032	0.7064	0.1969	0.7217	2.8211	123.7187	310.1439	115.6090	67.0726	0.6797	0.5396	68.5642
67.8177	4000.0000	-0.2330	0.5389	0.0000	150.1280	117.1200	230.8820	1.0869	131.3200	61.7058	4.0000	4000.0000	500.0000	0.0000	3994.5689	0.2500	0.2837	0.0712	0.0712	0.3873	0.5726	0.2668	0.7138	1.0884	124.2497	310.1338	116.3809	67.0761	0.7392	0.5394	68.5782
67.9069	4000.0000	-0.2330	0.5389	0.0000	150.1280	117.1200	230.8820	1.0869	131.3200	61.7058	4.0000	4000.0000	500.0000	0.0000	3994.5689	0.2500	0.2837	0.0712	0.0712	0.3873	0.5726	0.2668	0.7138	1.0884	124.2497	310.1338	116.3809	67.0761	0.7392	0.5394	68.5782
68.4239	3994.0000	-0.2320	0.5391	0.0000	150.1380	117.1500	230.8820	1.0875	131.3500	61.6228	4.0000	4000.0000	500.0000	0.0000	4003.7297	0.2439	0.2513	0.0712	0.0711	0.3875	0.5625	0.1563	0.6358	2.1416	122.3533	310.1319	115.2723	67.0798	0.6817	0.5387	68.5922
68.7603	3994.0000	-0.2320	0.5391	0.0000	150.1380	117.1500	230.8820	1.0875	131.3500	61.6228	4.0000	4000.0000	500.0000	0.0000	4007.1160	0.2738	0.2388	0.0711	0.0713	0.4647	0.6220	0.2525	0.7348	1.4016	122.9066	310.1931	116.5192	67.0830	0.7324	0.5233	68.5922
69.0129	3994.0000	-0.2320	0.5391	0.0000	150.1380	117.1500	230.8820	1.0875	131.3500	61.6228	4.0000	4000.0000	500.0000	0.0000	4007.1160	0.2738	0.2388	0.0711	0.0713	0.4647	0.6220	0.2525	0.7348	1.4016	122.9066	310.1931	116.5192	67.0830	0.7324	0.5233	68.5922
69.5059	4002.0000	-0.2320	0.5379	0.0000	150.1460	117.0100	230.8800	1.0862	131.1900	61.6368	4.0000	4000.0000	500.0000	0.0000	3988.0576	0.2527	0.3052	0.0716	0.0712	0.4672	0.5858	0.2772	0.6882	3.1283	123.6443	310.2083	116.1732	67.0839	0.7813	0.5328	68.6067
69.6029	4002.0000	-0.2320	0.5379	0.0000	150.1460	117.0100	230.8800	1.0862	131.1900	61.6368	4.0000	4000.0000	500.0000	0.0000	3988.0576	0.2527	0.3052	0.0716	0.0712	0.4672	0.5858	0.2772	0.6882	3.1283	123.6443	310.2083	116.1732	67.0839	0.7813	0.5328	68.6067
70.2073	3997.0000	-0.2320	0.5342	0.0000	149.9490	116.5500	230.8680	1.0833	130.5700	61.6091	4.0000	4000.0000	500.0000	0.0000	3996.7950	0.2691	0.2742	0.0712	0.0713	0.3435	0.6409	0.2597	0.6799	2.9191	123.9353	310.2053	115.0079	67.0862	0.8294	0.5348	68.6067
70.2508	3997.0000	-0.2320	0.5342	0.0000	149.9490	116.5500	230.8680	1.0833	130.5700	61.6091	4.0000	4000.0000	500.0000	0.0000	3996.7950	0.2691	0.2742	0.0712	0.0713	0.3435	0.6409	0.2597	0.6799	2.9191	123.9353	310.2053	115.0079	67.0862	0.8294	0.5348	68.6067
70.8141	4002.0000	-0.2290	0.5345	0.0000	149.9350	116.4900	230.8650	1.0832	130.5400	61.5795	4.0000	4000.0000	500.0000	0.0000	3992.1795	0.2645	0.2903	0.0714	0.0712	0.4866	0.6083	0.2318	0.7650	2.5308	124.6432	310.1841	116.0665	67.0893	0.6782	0.5352	68.6201
70.9929	4002.0000	-0.2290	0.5345	0.0000	149.9350	116.4900	230.8650	1.0832	130.5400	61.5795	4.0000	4000.0000	500.0000	0.0000	3992.1795	0.2645	0.2903	0.0714	0.0712	0.4866	0.6083	0.2318	0.7650	2.5308	124.6432	310.1841	116.0665	67.0893	0.6782	0.5352	68.6201
71.4187	4003.0000	-0.2310	0.5358	0.0000	150.0310	116.4600	230.8450	1.0849	130.6000	61.6063	4.0000	4000.0000	500.0000	0.0000	4005.6566	0.2419	0.2434	0.0711	0.0711	0.3318	0.5639	0.3183	0.6134	2.4239	122.4366	310.1302	115.5530	67.0918	0.7930	0.5349	68.6336
71.7314	4003.0000	-0.2310	0.5358	0.0000	150.0310	116.4600	230.8450	1.0849	130.6000	61.6063	4.0000	4000.0000	500.0000	0.0000	3987.0621	0.2548	0.3089	0.0715	0.0712	0.4871	0.5826	0.1839	0.7919	1.1363	124.6138	310.1686	117.4210	67.0941	0.7035	0.5322	68.6336
72.0240	4003.0000	-0.2310	0.5358	0.0000	150.0310	116.4600	230.8450	1.0849	130.6000	61.6063	4.0000	4000.0000	500.0000	0.0000	3987.0621	0.2548	0.3089	0.0715	0.0712	0.4871	0.5826	0.1839	0.7919	1.1363	124.6138	310.1686	117.4210	67.0941	0.7035	0.5322	68.6336
72.4839	3999.0000	-0.2300	0.5356	0.0000	149.9780	116.5700	230.8330	1.0856	130.6900	61.5891	4.0000	4000.0000	500.0000	0.0000	4001.1567	0.2605	0.2605	0.0711	0.0712	0.3095	0.6221	0.2886	0.6886	3.2012	123.2128	310.1808	115.3328	67.0956	0.8379	0.5378	68.6478
72.6307	3999.0000	-0.2300	0.5356	0.0000	149.9780	116.5700	230.8330	1.0856	130.6900	61.5891	4.0000	4000.0000	500.0000	0.0000	4001.1567	0.2605	0.2605	0.0711	0.0712	0.3095	0.6221	0.2886	0.6886	3.2012	123.2128	310.1808	115.3328	67.0956	0.8379	0.5378	68.6478
73.2203	3998.0000	-0.2310	0.5355	0.0000	149.9790	116.8600	230.8100	1.0875	130.8400	61.5817	4.0000	4000.0000	500.0000	0.0000	4010.9202	0.3015	0.2267	0.0712	0.0715	0.3241	0.7284	0.2351	0.6312	1.8909	122.7385	310.1601	115.4197	67.0990	0.7385	0.5400	68.6478
73.2220	3998.0000	-0.2310	0.5355	0.0000	149.9790	116.8600	230.8100	1.0875	130.8400	61.5817	4.0000	4000.0000	500.0000	0.0000	4010.9202	0.3015	0.2267	0.0712	0.0715	0.3241	0.7284	0.2351	0.6312	1.8909	122.7385	310.1601	115.4197	67.0990	0.7385	0.5400	68.6478
73.8259	4000.0000	-0.2320	0.5376	0.0000	150.1180	117.1200	230.7950	1.0896	131.1400	61.5174	4.0000	4000.0000	500.0000	0.0000	3981.5703	0.2459	0.3294	0.0718	0.0712	0.4809	0.5576	0.3306	0.7753	3.2171	124.6120	310.1309	117.3165	67.1024	0.7202	0.5386	68.6614
73.9677	4000.0000	-0.2320	0.5376	0.0000	150.1180	117.1200	230.7950	1.0896	131.1400	61.5174	4.0000	4000.0000	500.0000	0.0000	3981.5703	0.2459	0.3294	0.0718	0.0712	0.4809	0.5576	0.3306	0.7753	3.2171	124.6120	310.1309	117.3165	67.1024	0.7202	0.5386	68.6614
74.4312	4001.0000	-0.2290	0.5390	0.0000	150.1100	117.3100	230.7680	1.0933	131.5100	61.5303	5.0000	4000.0000	500.0000	0.0000	4010.4805	0.2438	0.2282	0.0710	0.0711	0.2741	0.5763	0.2575	0.6731	2.5063	121.5864	310.1373	116.0607	67.1060	0.7517	0.5391	68.6752
74.7101	4001.0000	-0.2290	0.5390	0.0000	150.1100	117.3100	230.7680	1.0933	131.5100	61.5303	5.0000	4000.0000	500.0000	0.0000	4010.4805	0.2438	0.2282	0.0710	0.0711	0.2741	0.5763	0.2575	0.6731	2.5063	121.5864	310.1373	116.0607	67.1060	0.7517	0.5391	68.6752
75.0211	4001.0000	-0.2290	0.5390	0.0000	150.1100	117.3100	230.7680	1.0933	131.5100	61.5303	5.0000	4000.0000	500.0000	0.0000	3995.8788	0.2957	0.2788	0.0714	0.0715	0.4147	0.6822	0.2046	0.7106	2.6455	122.9127	310.1558	116.1823	67.1087	0.7303	0.5327	68.6752
75.5682	4001.0000	-0.2310	0.5390	0.0000	150.1010	117.3300	230.7500	1.0926	131.4200	61.5342	5.0000	4000.0000	500.0000	0.0000	3999.8296	0.2358	0.2646	0.0713	0.0711	0.3872	0.5559	0.3530	0.6725	2.5352	124.3805	310.1117	116.1667	67.1101	0.7787	0.5340	68.6897
75.6264	4001.0000	-0.2310	0.5390	0.0000	150.1010	117.3300	230.7500	1.0926	131.4200	61.5342	5.0000	4000.0000	500.0000	0.0000	3999.8296	0.2358	0.2646	0.0713	0.0711	0.3872	0.5559	0.3530	0.6725	2.5352	124.3805	310.1117	116.1667	67.1101	0.7787	0.5340	68.6897
76.2320	3999.0000	-0.2300	0.5369	0.0000	150.1250	116.8700	230.7130	1.0894	130.8300	61.5170	5.0000	4000.0000	500.0000	0.0000	4004.5509	0.2982	0.2475	0.0711	0.0715	0.3873	0.7096	0.2688	0.6367	3.5456	122.7121	310.0933	115.4289	67.1123	0.8072	0.5332	68.6897
76.3128	3999.0000	-0.2300	0.5369	0.0000	150.1250	116.8700	230.7130	1.0894	130.8300	61.5170	5.0000	4000.0000	500.0000	0.0000	4004.5509	0.2982	0.2475	0.0711	0.0715	0.3873	0.7096	0.2688	0.6367	3.5456	122.7121	310.0933	115.4289	67.1123	0.8072	0.5332	68.6897
76.8217	3999.0000	-0.2300	0.5369	0.0000	150.1250	116.8700	230.7130	1.0894	130.8300	61.5170	5.0000	4000.0000	500.0000	0.0000	4004.5972	0.2689	0.2471	0.0712	0.0713	0.4935	0.6023	0.1368	0.7498	3.5333	123.2834	310.0570	115.9657	67.1145	0.6376	0.5341	68.7031
77.4111	4001.0000	-0.2290	0.5342	0.0000	149.9290	116.5100	230.6800	1.0867	130.4200	61.4893	5.0000	4000.0000	500.0000	0.0000	3987.9454	0.2696	0.3052	0.0715	0.0713	0.5019	0.6237	0.1027	0.7923	2.4401	123.1366	310.0298	115.2896	67.1166	0.7297	0.5355	68.7163
77.5633	4001.0000	-0.2290	0.5342	0.0000	149.9290	116.5100	230.6800	1.0867	130.4200	61.4893	5.0000	4000.0000	500.0000	0.0000	3987.9454	0.2696	0.3052	0.0715	0.0713	0.5019	0.6237	0.1027	0.7923	2.4401	123.1366	310.0298	115.2896	67.1166	0.7297	0.5355	68.7163
78.0156	4000.0000	-0.2290	0.5355	0.0000	149.9700	116.5200	230.6450	1.0878	130.4700	61.4765	5.0000	4000.0000	500.0000	0.0000	4003.8296	0.2419	0.2495	0.0712	0.0711	0.3107	0.5779	0.2800	0.6012	2.0315	122.1034	310.0597	115.3839	67.1187	0.7506	0.5258	68.7163
78.3068	4000.0000	-0.2290	0.5355	0.0000	149.9700	116.5200	230.6450	1.0878	130.4700	61.4765	5.0000	4000.0000	500.0000	0.0000	4003.8296	0.2419	0.2495	0.0712	0.0711	0.3107	0.5779	0.2800	0.6012	2.0315	122.1034	310.0597	115.3839	67.1187	0.7506	0.5258	68.7163
78.6062	4000.0000	-0.2290	0.5355	0.0000	149.9700	116.5200	230.6450	1.0878	130.4700	61.4765	5.0000	4000.0000	500.0000	0.0000	3983.4535	0.2455	0.3207	0.0714	0.0711	0.3421	0.5770	0.1751	0.6288	2.1883	122.8736	310.0376	115.4792	67.1198	0.7265	0.5342	68.7303
79.0535	3998.0000	-0.2320	0.5356	0.0000	150.0280	116.3800	230.6280	1.0872	130.3800	61.4667	5.0000	4000.0000	500.0000	0.0000	3995.0911	0.2579	0.2799	0.0714	0.0712	0.3852	0.6055	0.2015	0.8533	1.8393	124.4596	310.0669	115.6365	67.1219	0.7519	0.5336	68.7303
79.2105	3998.0000	-0.2320	0.5356	0.0000	150.0280	116.3800	230.6280	1.0872	130.3800	61.4667	5.0000	4000.0000	500.0000	0.0000	3995.0911	0.2579	0.2799	0.0714	0.0712	0.3852	0.6055	0.2015	0.8533	1.8393	124.4596	310.0669	115.6365	67.1219	0.7519	0.5336	68.7303
79.7963	3998.0000	-0.2290	0.5356	0.0000	150.0370	116.3700	230.5890	1.0865	130.4400	61.4625	5.0000	4000.0000	500.0000	0.0000	4001.6259	0.2382	0.2573	0.0712	0.0711	0.2656	0.5746	0.1788	0.6209	2.1486	122.6977	310.0055	114.4836	67.1241	0.6658	0.5342	68.7434
79.8161	3998.0000	-0.2290	0.5356	0.0000	150.0370	116.3700	230.5890	1.0865	130.4400	61.4625	5.0000	4000.0000	500.0000	0.0000	4001.6259	0.2382	0.2573	0.0712	0.0711	0.2656	0.5746	0.1788	0.6209	2.1486	122.6977	310.0055	114.4836	67.1241	0.6658	0.5342	68.7434
80.4219	4000.0000	-0.2290	0.5354	0.0000	150.0440	116.3100	230.5810	1.0879	130.3700	61.4554	5.0000	4000.0000	500.0000	0.0000	3997.4123	0.2879	0.2722	0.0712	0.0714	0.4874	0.6526	0.3469	0.7535	2.4346	123.7789	309.9852	115.9244	67.1264	0.8477	0.5342	68.7565
80.5404	4000.0000	-0.2290	0.5354	0.0000	150.0440	116.3100	230.5810	1.0879	130.3700	61.4554	5.0000	4000.0000	500.0000	0.0000	3997.4123	0.2879	0.2722	0.0712	0.0714	0.4874	0.6526	0.3469	0.7535	2.4346	123.7789	309.9852	115.9244	67.1264	0.8477	0.5342	68.7565
81.0282	4000.0000	-0.2300	0.5360	0.0000	150.0120	116.5200	230.5390	1.0884	130.5600	61.4425	5.0000	4000.0000	500.0000	0.0000	3987.7968	0.2689	0.3062	0.0716	0.0713	0.3238	0.6462	0.2673	0.6771	1.5779	122.1507	309.9521	115.1314	67.1285	0.8454	0.5248	68.7565
81.2773	4000.0000	-0.2300	0.5360	0.0000	150.0120	116.5200	230.5390	1.0884	130.5600	61.4425	5.0000	4000.0000	500.0000	0.0000	3987.7968	0.2689	0.3062	0.0716	0.0713	0.3238	0.6462	0.2673	0.6771	1.5779	122.1507	309.9521	115.1314	67.1285	0.8454	0.5248	68.7565
81.6338	4000.0000	-0.2300	0.5360	0.0000	150.0120	116.5200	230.5390	1.0884	130.5600	61.4425	5.0000	4000.0000	500.0000	0.0000	4002.2924	0.2870	0.2558	0.0712	0.0714	0.4759	0.6643	0.2293	0.6564	1.7998	122.9977	309.9359	115.6314	67.1295	0.7282	0.5340	68.7703
82.0144	3999.0000	-0.2310	0.5364	0.0000	150.0010	116.6900	230.5270	1.0909	130.7300	61.4022	6.0000	4000.0000	500.0000	0.0000	4010.4277	0.2411	0.2277	0.0711	0.0711	0.2713	0.5828	0.2827	0.6889	2.3306	123.4158	309.9449	115.3481	67.1317	0.7694	0.5348	68.7703
82.2397	3999.0000	-0.2310	0.5364	0.0000	150.0010	116.6900	230.5270	1.0909	130.7300	61.4022	6.0000	4000.0000	500.0000	0.0000	4010.4277	0.2411	0.2277	0.0711	0.0711	0.2713	0.5828	0.2827	0.6889	2.3306	123.4158	309.9449	115.3481	67.1317	0.7694	0.5348	68.7703
82.7501	4001.0000	-0.2280	0.5352	0.0000	149.9780	116.8200	230.5010	1.0907	130.6700	61.3937	NOT CONNECTED	0.0000	500.0000	0.0000	4046.8994	0.0613	0.0316	0.0706	0.0706	0.2902	0.1466	0.4062	0.1361	1.4901	120.1706	316.7083	25.8330	67.1343	0.4164	0.4468	68.7833
82.8604	4001.0000	-0.2280	0.5352	0.0000	149.9780	116.8200	230.5010	1.0907	130.6700	61.3937	NOT CONNECTED	0.0000	500.0000	0.0000	4046.8994	0.0613	0.0316	0.0706	0.0706	0.2902	0.1466	0.4062	0.1361	1.4901	120.1706	316.7083	25.8330	67.1343	0.4164	0.4468	68.7833
83.4824	4031.0000	-0.0500	0.5382	0.0000	150.1320	117.0000	230.4800	1.0942	131.1200	61.4018	NOT CONNECTED	0.0000	500.0000	0.0000	4002.2735	0.0760	0.0771	0.0707	0.0707	0.3896	0.1608	0.2616	0.2100	2.4135	119.5104	316.3907	31.0211	67.1024	0.3342	0.2965	68.7941
83.7268	4031.0000	-0.0500	0.5382	0.0000	150.1320	117.0000	230.4800	1.0942	131.1200	61.4018	NOT CONNECTED	0.0000	500.0000	0.0000	4002.2735	0.0760	0.0771	0.0707	0.0707	0.3896	0.1608	0.2616	0.2100	2.4135	119.5104	316.3907	31.0211	67.1024	0.3342	0.2965	68.7941
84.0883	4031.0000	-0.0500	0.5382	0.0000	150.1320	117.0000	230.4800	1.0942	131.1200	61.4018	NOT CONNECTED	0.0000	500.0000	0.0000	3997.3499	0.0651	0.0820	0.0708	0.0707	0.3125	0.1596	0.2909	0.2258	2.0970	120.4903	316.2383	30.1749	67.0639	0.3460	0.2869	68.7941
84.4654	4001.0000	-0.0410	0.2879	0.0000	146.6280	28.1000	230.5460	0.3792	37.9400	61.3571	NOT CONNECTED	0.0000	500.0000	0.0000	4002.8070	0.0705	0.0616	0.0706	0.0707	0.4181	0.1564	0.3740	0.2189	2.8027	118.8318	316.1897	32.8199	67.0269	0.4671	0.3033	68.7897
84.6941	4001.0000	-0.0410	0.2879	0.0000	146.6280	28.1000	230.5460	0.3792	37.9400	61.3571	NOT CONNECTED	0.0000	500.0000	0.0000	4002.8070	0.0705	0.0616	0.0706	0.0707	0.4181	0.1564	0.3740	0.2189	2.8027	118.8318	316.1897	32.8199	67.0269	0.4671	0.3033	68.7897
85.2084	4003.0000	-0.0440	0.2966	0.0000	146.1620	32.8400	230.4910	0.4187	42.9200	61.3575	NOT CONNECTED	0.0000	500.0000	0.0000	4008.4560	0.0783	0.0418	0.0706	0.0707	0.2616	0.2037	0.4492	0.1424	1.8327	119.3841	316.1475	30.4507	66.9910	0.4502	0.3054	68.7848
85.2996	4003.0000	-0.0440	0.2966	0.0000	146.1620	32.8400	230.4910	0.4187	42.9200	61.3575	NOT CONNECTED	0.0000	500.0000	0.0000	4008.4560	0.0783	0.0418	0.0706	0.0707	0.2616	0.2037	0.4492	0.1424	1.8327	119.3841	316.1475	30.4507	66.9910	0.4502	0.3054	68.7848
85.9039	4000.0000	-0.0420	0.2972	0.0000	146.1550	33.0400	230.4900	0.4199	43.2300	61.3201	NOT CONNECTED	0.0000	500.0000	0.0000	3999.3881	0.0774	0.0736	0.0707	0.0707	0.4782	0.1610	0.2808	0.2771	2.9311	119.4585	316.0568	32.0982	66.9582	0.3296	0.3064	68.7848
85.9586	4000.0000	-0.0420	0.2972	0.0000	146.1550	33.0400	230.4900	0.4199	43.2300	61.3201	NOT CONNECTED	0.0000	500.0000	0.0000	3999.3881	0.0774	0.0736	0.0707	0.0707	0.4782	0.1610	0.2808	0.2771	2.9311	119.4585	316.0568	32.0982	66.9582	0.3296	0.3064	68.7848
86.5107	4003.0000	-0.0440	0.3002	0.0000	146.1740	33.2300	230.4870	0.4201	43.3400	61.2856	NOT CONNECTED	0.0000	500.0000	0.0000	4000.9218	0.0306	0.0420	0.0706	0.0666	0.2259	0.0945	0.4351	0.1235	-9.6977	85.2209	317.0935	11.8719	66.9265	0.4876	0.3054	68.7801
86.6942	4003.0000	-0.0440	0.3002	0.0000	146.1740	33.2300	230.4870	0.4201	43.3400	61.2856	NOT CONNECTED	0.0000	500.0000	0.0000	4000.9218	0.0306	0.0420	0.0706	0.0666	0.2259	0.0945	0.4351	0.1235	-9.6977	85.2209	317.0935	11.8719	66.9265	0.4876	0.3054	68.7801
87.1160	3987.0000	-0.0300	0.3006	0.0000	146.1810	33.1000	230.4840	0.4185	43.1800	61.2952	NOT CONNECTED	0.0000	500.0000	0.0000	3720.2306	0.0332	-0.0550	0.0350	0.0348	-2.3559	0.1836	-1.6913	-0.2174	-11.8559	57.8615	317.2780	20.3494	66.9999	2.3154	1.1917	68.7801
87.4395	3987.0000	-0.0300	0.3006	0.0000	146.1810	33.1000	230.4840	0.4185	43.1800	61.2952	NOT CONNECTED	0.0000	500.0000	0.0000	3440.2600	0.0149	-0.0000	0.0345	0.0348	-2.0289	0.0628	-1.0996	-0.1272	-7.9464	58.0717	317.4886	16.3277	67.2676	1.1802	1.2272	68.8003
87.7218	3987.0000	-0.0300	0.3006	0.0000	146.1810	33.1000	230.4840	0.4185	43.1800	61.2952	NOT CONNECTED	0.0000	500.0000	0.0000	3440.2600	0.0149	-0.0000	0.0345	0.0348	-2.0289	0.0628	-1.0996	-0.1272	-7.9464	58.0717	317.4886	16.3277	67.2676	1.1802	1.2272	68.8003
88.1851	3654.0000	0.0390	1.2263	0.0000	71.6570	16.3800	230.4990	0.3119	30.4400	61.3138	NOT CONNECTED	0.0000	500.0000	0.0000	3172.5804	-0.0495	-0.0000	0.0348	0.0349	-1.8971	-0.1147	-1.2169	-0.1043	-16.5123	48.5743	317.4385	18.3334	67.5349	1.0291	1.2282	68.9217
88.3275	3654.0000	0.0390	1.2263	0.0000	71.6570	16.3800	230.4990	0.3119	30.4400	61.3138	NOT CONNECTED	0.0000	500.0000	0.0000	3172.5804	-0.0495	-0.0000	0.0348	0.0349	-1.8971	-0.1147	-1.2169	-0.1043	-16.5123	48.5743	317.4385	18.3334	67.5349	1.0291	1.2282	68.9217
88.9323	3263.0000	0.0420	1.2248	0.0000	66.7380	14.3400	230.4920	0.2938	28.5600	61.3573	NOT CONNECTED	0.0000	500.0000	0.0000	2790.3882	0.0073	-0.0000	0.0346	0.0348	-1.8744	0.0651	-1.2623	-0.1586	-12.9681	37.5586	317.2573	17.2871	67.7813	1.4695	1.2276	68.9217
88.9331	3263.0000	0.0420	1.2248	0.0000	66.7380	14.3400	230.4920	0.2938	28.5600	61.3573	NOT CONNECTED	0.0000	500.0000	0.0000	2790.3882	0.0073	-0.0000	0.0346	0.0348	-1.8744	0.0651	-1.2623	-0.1586	-12.9681	37.5586	317.2573	17.2871	67.7813	1.4695	1.2276	68.9217
89.5380	2876.0000	0.0430	1.2202	0.0000	56.9350	14.6700	230.4980	0.2941	28.6200	61.4096	NOT CONNECTED	0.0000	500.0000	0.0000	2507.8383	-0.0935	-0.1235	0.0358	0.0353	-2.0886	-0.4443	-2.1970	-0.0206	-9.9626	39.0482	317.1546	19.4525	68.0181	2.2798	1.2263	69.0377
89.6843	2876.0000	0.0430	1.2202	0.0000	56.9350	14.6700	230.4980	0.2941	28.6200	61.4096	NOT CONNECTED	0.0000	500.0000	0.0000	2507.8383	-0.0935	-0.1235	0.0358	0.0353	-2.0886	-0.4443	-2.1970	-0.0206	-9.9626	39.0482	317.1546	19.4525	68.0181	2.2798	1.2263	69.0377
90.1437	2494.0000	0.0450	1.2200	0.0000	52.5140	16.4400	230.4980	0.3066	30.2200	61.4710	NOT CONNECTED	0.0000	500.0000	0.0000	2168.6063	-0.0001	0.0055	0.0348	0.0348	-1.7433	0.0058	-1.6245	-0.0003	-10.2512	31.8970	317.1504	18.7161	68.2472	2.1473	1.2270	69.0377
90.4348	2494.0000	0.0450	1.2200	0.0000	52.5140	16.4400	230.4980	0.3066	30.2200	61.4710	NOT CONNECTED	0.0000	500.0000	0.0000	2168.6063	-0.0001	0.0055	0.0348	0.0348	-1.7433	0.0058	-1.6245	-0.0003	-10.2512	31.8970	317.1504	18.7161	68.2472	2.1473	1.2270	69.0377
90.7483	2494.0000	0.0450	1.2200	0.0000	52.5140	16.4400	230.4980	0.3066	30.2200	61.4710	NOT CONNECTED	0.0000	500.0000	0.0000	1887.2318	0.0009	-0.0699	0.0347	0.0348	-1.9861	0.0566	-1.1208	0.0355	-9.9503	25.8687	317.1208	21.0999	68.4663	1.4356	1.2175	69.1480
91.1788	2113.0000	0.0430	1.2134	0.0000	43.2820	16.8800	230.5040	0.3080	30.4500	61.5632	NOT CONNECTED	0.0000	500.0000	0.0000	1557.4887	-0.0420	0.0321	0.0348	0.0349	-2.0629	-0.1611	-1.6309	-0.0753	-11.6574	32.2144	317.1389	19.7240	68.6839	1.8509	1.2098	69.2535
91.3549	2113.0000	0.0430	1.2134	0.0000	43.2820	16.8800	230.5040	0.3080	30.4500	61.5632	NOT CONNECTED	0.0000	500.0000	0.0000	1557.4887	-0.0420	0.0321	0.0348	0.0349	-2.0629	-0.1611	-1.6309	-0.0753	-11.6574	32.2144	317.1389	19.7240	68.6839	1.8509	1.2098	69.2535
91.9248	1731.0000	0.0470	1.2070	0.0000	38.6560	17.2300	230.5070	0.3096	30.6900	61.6383	NOT CONNECTED	0.0000	500.0000	0.0000	1277.2232	-0.0455	-0.0526	0.0352	0.0349	-1.9746	-0.1713	-1.9823	-0.2309	-10.8834	17.5772	317.0224	19.6654	68.8813	1.9752	1.1853	69.2535
91.9607	1731.0000	0.0470	1.2070	0.0000	38.6560	17.2300	230.5070	0.3096	30.6900	61.6383	NOT CONNECTED	0.0000	500.0000	0.0000	1277.2232	-0.0455	-0.0526	0.0352	0.0349	-1.9746	-0.1713	-1.9823	-0.2309	-10.8834	17.5772	317.0224	19.6654	68.8813	1.9752	1.1853	69.2535
92.5664	1338.0000	0.0460	1.1869	0.0000	28.6330	16.5100	230.5210	0.2959	29.1800	61.6956	NOT CONNECTED	0.0000	500.0000	0.0000	975.4386	-0.1131	-0.0651	0.0347	0.0354	-1.3821	-0.5368	-1.3246	-0.2555	-10.1756	11.1041	316.8020	22.3842	69.0617	1.3659	1.1792	69.3519
92.6661	1338.0000	0.0460	1.1869	0.0000	28.6330	16.5100	230.5210	0.2959	29.1800	61.6956	NOT CONNECTED	0.0000	500.0000	0.0000	975.4386	-0.1131	-0.0651	0.0347	0.0354	-1.3821	-0.5368	-1.3246	-0.2555	-10.1756	11.1041	316.8020	22.3842	69.0617	1.3659	1.1792	69.3519
93.4061	970.0000	0.0490	1.1740	0.0000	24.5060	19.1900	230.5270	0.3211	32.0900	61.7868	NOT CONNECTED	0.0000	500.0000	0.0000	342.7537	-0.0169	0.0897	0.0356	0.0348	-1.9134	-0.0755	-1.9298	-0.0852	-10.3780	3.6483	316.5724	26.3558	69.3943	1.9231	1.1558	69.4413
93.7772	970.0000	0.0490	1.1740	0.0000	24.5060	19.1900	230.5270	0.3211	32.0900	61.7868	NOT CONNECTED	0.0000	500.0000	0.0000	342.7537	-0.0169	0.0897	0.0356	0.0348	-1.9134	-0.0755	-1.9298	-0.0852	-10.3780	3.6483	316.5724	26.3558	69.3943	1.9231	1.1558	69.4413
94.1599	596.0000	0.0480	1.1563	0.0000	17.0250	20.9200	230.5350	0.3315	33.4000	61.8349	NOT CONNECTED	0.0000	500.0000	0.0000	342.7537	-0.0169	0.0897	0.0356	0.0348	-1.9134	-0.0755	-1.9298	-0.0852	-10.3780	3.6483	316.5724	26.3558	69.3943	1.9231	1.1558	69.4413
94.8926	219.0000	0.0450	1.1513	0.0000	14.1070	22.1100	230.5450	0.3412	34.5300	61.8787	NOT CONNECTED	0.0000	500.0000	0.0000	0.0000	0.0000	0.0000	0.0672	0.0352	-1.8452	0.2153	-1.8554	0.0930	-11.5543	4.1720	321.4339	0.0000	69.4279	1.8577	0.0056	69.5253
94.9090	219.0000	0.0450	1.1513	0.0000	14.1070	22.1100	230.5450	0.3412	34.5300	61.8787	NOT CONNECTED	0.0000	500.0000	0.0000	0.0000	0.0000	0.0000	0.0672	0.0352	-1.8452	0.2153	-1.8554	0.0930	-11.5543	4.1720	321.4339	0.0000	69.4279	1.8577	0.0056	69.5253
95.4982	7.0000	-0.0070	0.0141	0.0000	0.7750	-0.0400	230.5950	0.0334	2.1100	61.8623	NOT CONNECTED	0.0000	500.0000	0.0000	0.0000	0.0000	0.0000	0.0672	0.0352	-1.8452	0.2153	-1.8554	0.0930	-11.5543	4.1720	321.4244	0.0000	69.3013	1.8577	0.0054	69.5149
95.6653	7.0000	-0.0070	0.0141	0.0000	0.7750	-0.0400	230.5950	0.0334	2.1100	61.8623	NOT CONNECTED	0.0000	500.0000	0.0000	0.0000	0.0000	0.0000	0.0672	0.0352	-1.8452	0.2153	-1.8554	0.0930	-11.5543	4.1720	321.4244	0.0000	69.3013	1.8577	0.0054	69.5149
96.1026	0.0000	-0.0000	0.0141	0.0000	0.7610	-0.0400	230.5860	0.0334	2.1000	61.8695	NOT CONNECTED	0.0000	500.0000	0.0000	0.0000	0.0000	0.0000	0.0672	0.0352	-1.8452	0.2153	-1.8554	0.0930	0.0000	0.0000	321.4095	0.0000	69.1710	1.8577	0.0052	69.5149
96.4094	0.0000	-0.0000	0.0141	0.0000	0.7610	-0.0400	230.5860	0.0334	2.1000	61.8695	NOT CONNECTED	0.0000	500.0000	0.0000	0.0000	0.0000	0.0000	0.0672	0.0352	-1.8452	0.2153	-1.8554	0.0930	0.0000	0.0000	321.4555	0.0000	69.0518	1.8577	0.0051	69.4697
96.7094	0.0000	-0.0000	0.0141	0.0000	0.7610	-0.0400	230.5860	0.0334	2.1000	61.8695	NOT CONNECTED	0.0000	500.0000	0.0000	0.0000	0.0000	0.0000	0.0672	0.0352	-1.8452	0.2153	-1.8554	0.0930	0.0000	0.0000	321.4555	0.0000	69.0518	1.8577	0.0051	69.4697
97.1410	0.0000	-0.0000	0.0141	0.0000	0.7610	-0.0400	230.6050	0.0319	1.9700	61.7861	NOT CONNECTED	0.0000	500.0000	0.0000	0.0000	0.0000	0.0000	0.0672	0.0352	-1.8452	0.2153	-1.8554	0.0930	0.0000	0.0000	321.5015	0.0000	68.9379	1.8577	0.0051	69.4246
97.2993	0.0000	-0.0000	0.0141	0.0000	0.7610	-0.0400	230.6050	0.0319	1.9700	61.7861	NOT CONNECTED	0.0000	500.0000	0.0000	0.0000	0.0000	0.0000	0.0672	0.0352	-1.8452	0.2153	-1.8554	0.0930	0.0000	0.0000	321.5015	0.0000	68.9379	1.8577	0.0051	69.4246
97.8832	0.0000	-0.0000	0.0141	0.0000	0.7610	-0.0400	230.6160	0.0317	1.9700	61.7343	NOT CONNECTED	0.0000	500.0000	0.0000	0.0000	0.0000	0.0000	0.0672	0.0352	-1.8452	0.2153	-1.8554	0.0930	0.0000	0.0000	321.5056	0.0000	68.8286	1.8577	0.0050	69.4246
97.8887	0.0000	-0.0000	0.0141	0.0000	0.7610	-0.0400	230.6160	0.0317	1.9700	61.7343	NOT CONNECTED	0.0000	500.0000	0.0000	0.0000	0.0000	0.0000	0.0672	0.0352	-1.8452	0.2153	-1.8554	0.0930	0.0000	0.0000	321.5056	0.0000	68.8286	1.8577	0.0050	69.4246
98.4947	0.0000	-0.0000	0.0141	0.0000	0.7600	-0.0400	230.6320	0.0317	1.9700	61.7078	NOT CONNECTED	0.0000	500.0000	0.0000	0.0000	0.0000	0.0000	0.0672	0.0352	-1.8452	0.2153	-1.8554	0.0930	0.0000	0.0000	321.4974	0.0000	68.7278	1.8577	0.0051	69.3797
98.6490	0.0000	-0.0000	0.0141	0.0000	0.7600	-0.0400	230.6320	0.0317	1.9700	61.7078	NOT CONNECTED	NOT CONNECTED	NOT CONNECTED	NOT CONNECTED	NOT CONNECTED	NOT CONNECTED	NOT CONNECTED	NOT CONNECTED	NOT CONNECTED	NOT CONNECTED	NOT CONNECTED	NOT CONNECTED	NOT CONNECTED	NOT CONNECTED	NOT CONNECTED	NOT CONNECTED	NOT CONNECTED	NOT CONNECTED	NOT CONNECTED	NOT CONNECTED	NOT CONNECTED
