WindyBPMp40_OrcaH24__YC105__Dyno_High_Speed_Torque__170Vac_40C_20250205_160418
Report created on: 2025/02/05: 17:47:03


Step N. = 	0
Target Speed = 	5250

Speed Mainboard (rpm_M)	Speed TestBench (rpm_M)	Speed Error (rpm_M)	Speed Error %	Torque TestBench (Nm_M)	Torque Ref (Nm)	Torque MainBoard (Nm_M)	Torque MainBoard Error (Nm_M)	Torque MainBoard Error %	Flux Ref (V/rad/s)	Flux (V/rad/s)	Id * Iq (A^2)	Id (Apeak)	Iq (Apeak)	Id Rotor (Apeak)	Iq Rotor (Apeak)	IMotor Measured (Arms)	IMotor MainBoard (Arms)	IMotor Error (Arms)	IMotor Error %	Motor Current THD %	Vsdref (Vpeak)	Vsqref (Vpeak)	Vout MainBoard (Vrms)	Vout Measured (Vrms)	Vout Error (Vrms)	Vout Error %	Motor Power MainBoard (W)	Motor Power Measured (W)	Motor Power Error (W)	Motor Power Error %	Line Voltage (Vrms)	Line Current (Arms)	Line Power (W)	Line Power Factor	Bulk Ripple (V)	DC Bus Voltage (Vrms)	Motor Mechanical Power (W)	Motor Efficiency	Inverter Efficiency	Overall Efficiency	Temperature (deg C)	Estimated Temperature (deg C)	Motor cos-phi	Electrical Power Alpha-Beta [W]	Electrical Power Error [W]	Electrical Power Error [%]	Bus Voltage Usage [%]	Rotational Losses [W]	Kt [Nm/Arms]	
5245.3966	5248.3333	2.9368	0.0560	0.1651	0.1965	0.1955	-0.0304	-18.4305	0.0550	0.0560	-0.4012	-0.6603	0.5996	-0.7105	0.4402	0.6010	0.5908	0.0102	1.6942	0.0000	-3.9648	123.5505	151.5165	153.8704	2.3540	1.5298	114.7321	106.0689	-8.6632	-8.1676	170.0592	1.1729	119.2900	0.5974	nan	156.2492	90.7485	85.7361	88.8833	76.2005	40.0921	46.1187	0.6601	111.7050	-5.6361	-5.3136	98.4771	9.3438	0.2747	
5250.3724	5250.3750	0.0026	0.0000	0.2430	0.2669	0.2523	-0.0093	-3.8291	0.0554	0.0528	-0.3957	-0.5260	0.7342	-0.9771	0.6046	0.7705	0.7573	0.0132	1.7150	0.0000	-5.2916	123.3314	151.2577	151.8423	0.5845	0.3849	139.4177	157.3038	17.8860	11.3704	169.9746	1.7047	174.2713	0.6015	nan	155.0951	133.6056	84.9344	90.2628	76.6641	40.2027	46.5150	0.7762	160.4744	-3.1707	-2.0156	97.9027	13.8691	0.3154	
5250.7415	5248.5000	-2.2415	-0.0427	0.2903	0.3145	0.3026	-0.0124	-4.2715	0.0546	0.0542	-0.6566	-0.6831	0.9335	-0.9000	0.7510	0.8691	0.8580	0.0111	1.2776	0.0000	-3.7533	117.7158	144.2676	151.0735	6.8059	4.5050	167.4811	186.8925	19.4114	10.3864	169.9488	2.0258	205.2875	0.5963	nan	154.5590	159.5282	85.3590	91.0388	77.7096	40.4960	47.0853	0.8218	188.6962	-1.8037	-0.9651	97.7449	14.8444	0.3340	
5253.3403	5244.1111	-9.2292	-0.1760	0.3357	0.3505	0.3779	-0.0423	-12.5918	0.0525	0.0526	-0.7441	-0.6142	1.1997	-1.1304	0.8025	0.9690	0.9569	0.0120	1.2405	0.0000	-3.8312	118.6458	145.6397	150.0802	4.4406	2.9588	216.6899	214.8222	-1.8677	-0.8694	169.9734	2.3227	234.7578	0.5946	nan	153.8044	184.3355	85.8122	91.5076	78.5246	40.9514	47.8078	0.8529	218.7998	-3.9776	-1.8516	97.5786	14.8986	0.3464	
5245.1042	5250.2222	5.1180	0.0975	0.3830	0.4220	0.4087	-0.0257	-6.7186	0.0519	0.0508	-0.9987	-0.7319	1.3175	-1.2900	0.8651	1.0699	1.0586	0.0113	1.0572	0.0000	-2.2806	118.2626	145.1033	148.9568	3.8535	2.5870	234.8029	241.6200	6.8171	2.8214	170.0182	2.6050	263.2489	0.5944	nan	152.9572	210.5742	87.1521	91.7837	79.9914	41.5298	48.7057	0.8753	244.2448	-2.6248	-1.0864	97.3846	12.0002	0.3580	
5250.8580	5250.4444	-0.4136	-0.0079	0.4300	0.4471	0.4256	0.0044	1.0126	0.0509	0.0487	-0.9495	-0.6333	1.3970	-1.4923	0.9947	1.1839	1.1739	0.0100	0.8437	0.0000	0.0858	119.6432	146.9907	147.6509	0.6602	0.4471	248.8779	271.0378	22.1599	8.1759	170.0758	2.9080	294.3311	0.5951	nan	151.8987	236.4254	87.2303	92.0859	80.3267	42.2655	49.7764	0.8952	274.9479	-3.9102	-1.4427	97.2035	11.2266	0.3632	
5253.6440	5250.2222	-3.4218	-0.0652	0.4764	0.4848	0.4852	-0.0087	-1.8329	0.0502	0.0477	-1.1327	-0.6472	1.6434	-1.5570	0.9997	1.3119	1.2992	0.0127	0.9681	0.0000	-6.8782	120.2316	147.5544	146.2287	-1.3257	-0.9066	303.9551	302.9111	-1.0440	-0.3447	170.1579	3.2362	328.7956	0.5971	nan	150.6979	261.9501	86.4775	92.1275	79.6696	43.1646	51.0953	0.9116	306.0270	-3.1159	-1.0287	97.0343	12.1458	0.3632	
5240.5830	5248.8571	8.2742	0.1576	0.5224	0.5782	0.5489	-0.0265	-5.0640	0.0456	0.0468	-1.6481	-0.7835	2.0442	-1.9162	1.1196	1.4517	1.4436	0.0082	0.5618	0.0000	-2.7019	113.2397	139.2887	144.6793	5.3905	3.7259	352.8199	336.1471	-16.6727	-4.9599	170.2293	3.5768	364.9729	0.5994	nan	149.4238	287.1575	85.4262	92.1020	78.6792	44.2411	52.6357	0.9240	337.9471	-1.7999	-0.5355	96.8248	13.5625	0.3599	
5250.1287	5249.5000	-0.6287	-0.0120	0.5684	0.5927	0.5931	-0.0247	-4.3419	0.0450	0.0429	-1.6750	-0.7186	2.2402	-2.2080	1.2420	1.6034	1.5987	0.0048	0.2972	0.0000	-0.4587	117.3046	145.0824	143.1151	-1.9673	-1.3746	395.2355	370.8075	-24.4280	-6.5878	170.2750	3.9379	402.8363	0.6008	nan	148.1046	312.4507	84.2623	92.0492	77.5628	45.6940	54.6846	0.9329	373.0777	-2.2702	-0.6122	96.6311	14.9042	0.3545	
5255.5933	5247.5556	-8.0378	-0.1532	0.6137	0.6184	0.6778	-0.0642	-10.4576	0.0436	0.0454	-0.2946	-0.1923	2.7713	-2.1297	1.2275	1.7695	1.7575	0.0120	0.6802	0.0000	-5.3844	122.5917	150.3562	141.4586	-8.8976	-6.2899	516.2665	406.5044	-109.7621	-27.0014	170.2811	4.3071	442.0422	0.6027	nan	146.7488	337.2234	82.9569	91.9606	76.2876	47.3488	57.0274	0.9376	413.9989	-7.4945	-1.8436	96.3950	16.0350	0.3468	
5239.2161	5247.4444	8.2283	0.1568	0.6598	0.7294	0.6800	-0.0202	-3.0655	0.0440	0.0461	-1.0631	-0.4003	2.6309	-2.2154	1.4478	1.9475	1.9405	0.0069	0.3563	0.0000	1.6783	104.8949	129.8374	139.4163	9.5789	6.8707	406.8040	443.7933	36.9894	8.3348	170.2408	4.6644	483.2622	0.6086	nan	145.0280	362.5552	81.6947	91.8328	75.0226	49.3868	59.9470	0.9437	446.3697	-2.5764	-0.5805	96.1307	16.2592	0.3388	
5239.8195	5245.2500	5.4305	0.1035	0.7057	0.7335	0.7475	-0.0417	-5.9110	0.0430	0.0440	-0.2149	-0.0811	2.9757	-2.6149	1.5032	2.1394	2.1418	-0.0025	-0.1158	0.0000	2.3962	108.9671	134.0475	136.9220	2.8745	2.0994	489.8657	483.8225	-6.0432	-1.2490	170.1578	5.0206	527.7525	0.6178	nan	142.5508	387.6553	80.1235	91.6760	73.4540	51.9923	63.6642	0.9536	492.8992	-9.0767	-1.8760	96.0514	17.0018	0.3299	
5190.3831	5192.8889	2.5057	0.0483	0.7522	0.8039	0.7651	-0.0129	-1.7182	0.0389	0.0417	-0.1094	-0.0189	3.2957	-2.9962	1.5398	2.3093	2.3106	-0.0013	-0.0554	0.0000	11.4356	106.6779	132.6831	133.9903	1.3072	0.9756	524.3227	522.4533	-1.8693	-0.3578	170.0168	5.2803	570.1344	0.6351	nan	139.6494	409.0570	78.2956	91.6369	71.7476	54.9540	67.8023	0.9748	532.0683	-9.6150	-1.8404	95.9476	20.1599	0.3257	
4851.8756	4851.3333	-0.5422	-0.0112	0.8030	0.7714	0.9052	-0.1022	-12.7299	0.0478	0.0404	1.0862	0.3481	3.2154	-2.9312	1.4941	2.3201	2.3193	0.0008	0.0331	0.0000	-1.2779	107.9979	132.8278	134.2560	1.4282	1.0638	516.5765	523.5578	6.9813	1.3334	169.8999	5.2871	570.7700	0.6354	nan	139.7981	407.9457	77.9180	91.7283	71.4729	58.4933	71.9888	0.9704	532.5970	-9.0392	-1.7265	96.0357	20.3083	0.3461	

Torque compensated Offset = 	0
Mean Torque Mainboard Error perc = 	-6.424985535759686


Step N. = 	1
Target Speed = 	8000

Speed Mainboard (rpm_M)	Speed TestBench (rpm_M)	Speed Error (rpm_M)	Speed Error %	Torque TestBench (Nm_M)	Torque Ref (Nm)	Torque MainBoard (Nm_M)	Torque MainBoard Error (Nm_M)	Torque MainBoard Error %	Flux Ref (V/rad/s)	Flux (V/rad/s)	Id * Iq (A^2)	Id (Apeak)	Iq (Apeak)	Id Rotor (Apeak)	Iq Rotor (Apeak)	IMotor Measured (Arms)	IMotor MainBoard (Arms)	IMotor Error (Arms)	IMotor Error %	Motor Current THD %	Vsdref (Vpeak)	Vsqref (Vpeak)	Vout MainBoard (Vrms)	Vout Measured (Vrms)	Vout Error (Vrms)	Vout Error %	Motor Power MainBoard (W)	Motor Power Measured (W)	Motor Power Error (W)	Motor Power Error %	Line Voltage (Vrms)	Line Current (Arms)	Line Power (W)	Line Power Factor	Bulk Ripple (V)	DC Bus Voltage (Vrms)	Motor Mechanical Power (W)	Motor Efficiency	Inverter Efficiency	Overall Efficiency	Temperature (deg C)	Estimated Temperature (deg C)	Motor cos-phi	Electrical Power Alpha-Beta [W]	Electrical Power Error [W]	Electrical Power Error [%]	Bus Voltage Usage [%]	Rotational Losses [W]	Kt [Nm/Arms]	
7994.8898	7992.6667	-2.2232	-0.0278	0.1729	0.1350	0.1397	0.0331	19.1704	0.0357	0.0362	-1.2561	-1.8048	0.6872	-1.7982	0.3001	1.4005	1.2790	0.1215	8.6747	0.0000	-12.1391	121.8638	150.0014	152.6356	2.6342	1.7258	158.0576	190.6933	32.6357	17.1142	170.3504	2.0647	212.8067	0.6049	nan	156.5550	144.7070	75.8930	89.5929	67.9946	42.7943	60.1694	0.5146	147.8323	42.8611	22.4764	97.4992	13.1949	0.1234	
7996.5265	7996.1111	-0.4154	-0.0052	0.2212	0.2439	0.2448	-0.0235	-10.6439	0.0332	0.0340	-2.1631	-1.7430	1.2381	-2.0324	0.5132	1.5182	1.4760	0.0422	2.7812	0.0000	-11.7326	116.5885	143.6659	150.1691	6.5032	4.3306	248.5307	249.2544	0.7238	0.2904	170.3379	2.6880	274.7056	0.6000	nan	152.8772	185.2406	74.3172	90.7348	67.4317	44.3269	62.3726	0.6312	247.1987	2.0557	0.8247	98.2290	25.2568	0.1457	
7998.2981	8000.1111	1.8130	0.0227	0.2479	0.2695	0.2677	-0.0199	-8.0115	0.0334	0.0342	-2.5220	-1.8100	1.3815	-2.1579	0.5083	1.5694	1.5393	0.0301	1.9180	0.0000	-7.5730	121.7608	149.5177	149.2972	-0.2205	-0.1477	273.5028	272.4100	-1.0928	-0.4011	170.1649	2.9542	298.3411	0.5935	nan	152.2133	207.6737	76.2356	91.3082	69.6094	46.1266	64.7357	0.6712	274.6591	-2.2491	-0.8256	98.0849	23.0398	0.1579	
7998.6255	7999.0000	0.3745	0.0047	0.2705	0.2899	0.2934	-0.0229	-8.4840	0.0323	0.0339	-2.8316	-1.7757	1.5943	-2.1459	0.5461	1.6299	1.5884	0.0415	2.5460	0.0000	-7.6665	120.5302	148.0944	147.8607	-0.2337	-0.1580	308.2712	295.8850	-12.3862	-4.1862	169.9963	3.2093	323.1450	0.5923	nan	151.3339	226.5851	76.5821	91.5640	70.1215	47.7545	66.7106	0.7089	297.1360	-1.2510	-0.4228	97.7053	24.0594	0.1660	
7997.4153	8000.8000	3.3847	0.0423	0.2944	0.3157	0.3294	-0.0350	-11.8941	0.0310	0.0310	-2.9280	-1.6235	1.8149	-2.4025	0.5813	1.6942	1.6593	0.0350	2.0643	0.0000	-8.5301	118.3588	145.3883	146.5576	1.1693	0.7978	344.9473	320.1070	-24.8403	-7.7600	169.9262	3.4650	348.9280	0.5926	nan	150.2662	246.6607	77.0556	91.7400	70.6908	49.3193	68.5548	0.7443	322.4633	-2.3563	-0.7361	97.5328	24.2788	0.1738	
7994.7441	7998.8889	4.1448	0.0518	0.3198	0.3425	0.3282	-0.0085	-2.6438	0.0318	0.0313	-2.9324	-1.6620	1.7564	-2.4613	0.6673	1.7597	1.7176	0.0421	2.3947	0.0000	-9.2632	116.2928	143.0521	145.2887	2.2366	1.5394	328.9379	343.3878	14.4499	4.2080	169.9391	3.7090	373.9422	0.5933	nan	149.3599	267.8592	78.0053	91.8291	71.6315	50.9692	70.4230	0.7755	343.6167	-0.2289	-0.0667	97.2749	22.1673	0.1817	
7996.0561	7998.0000	1.9439	0.0243	0.3430	0.3635	0.3653	-0.0223	-6.4968	0.0306	0.0314	-2.5707	-1.3370	2.1011	-2.4903	0.6431	1.8395	1.7954	0.0441	2.3957	0.0000	-10.1548	121.2870	149.4027	143.9728	-5.4299	-3.7715	411.7446	370.4800	-41.2646	-11.1381	170.0295	3.9821	403.2400	0.5956	nan	148.4537	287.2794	77.5423	91.8758	71.2426	52.5669	72.2063	0.8076	372.2312	-1.7512	-0.4727	96.9820	24.5487	0.1865	
8000.7501	8000.3333	-0.4168	-0.0052	0.3672	0.3831	0.3740	-0.0068	-1.8542	0.0299	0.0314	-3.0918	-1.4567	2.1869	-2.4450	0.6773	1.9179	1.8768	0.0411	2.1442	0.0000	-10.4119	120.7113	148.4905	142.8288	-5.6617	-3.9640	424.1989	395.9944	-28.2045	-7.1224	170.2074	4.2383	430.8567	0.5973	nan	147.5364	307.6566	77.6918	91.9086	71.4055	54.3179	74.2853	0.8346	398.4979	-2.5035	-0.6322	96.8098	24.1777	0.1915	
8002.6264	7996.8750	-5.7514	-0.0719	0.3910	0.4055	0.4192	-0.0282	-7.2039	0.0299	0.0284	-2.4596	-1.1606	2.4825	-2.6901	0.7580	2.0107	1.9661	0.0446	2.2202	0.0000	-10.2927	118.4955	145.9876	141.3140	-4.6736	-3.3072	461.5966	424.0250	-37.5716	-8.8607	170.3171	4.5026	461.4562	0.6017	nan	146.6039	327.4354	77.2230	91.8884	70.9590	56.1461	76.4671	0.8616	428.6873	-4.6623	-1.0995	96.3922	25.6030	0.1945	
7995.9683	7998.0000	2.0317	0.0254	0.4159	0.4442	0.4505	-0.0346	-8.3180	0.0290	0.0289	-2.3991	-1.0198	2.6968	-2.8567	0.8314	2.1071	2.0732	0.0338	1.6051	0.0000	-5.3158	110.7252	136.7819	139.3992	2.6173	1.8776	459.5211	450.7333	-8.7877	-1.9496	170.3203	4.7508	490.6933	0.6064	nan	145.2301	348.3267	77.2798	91.8564	70.9865	58.1143	78.8675	0.8860	457.6206	-6.8873	-1.5280	95.9864	23.9051	0.1974	
7993.9216	7997.3333	3.4118	0.0427	0.4396	0.4615	0.4824	-0.0429	-9.7555	0.0291	0.0283	-2.6229	-0.9840	2.7884	-2.9353	0.8074	2.1917	2.1498	0.0419	1.9098	0.0000	-7.4515	108.0099	133.0393	137.2854	4.2461	3.0929	458.0346	474.7356	16.7009	3.5179	170.2460	4.9627	517.0978	0.6120	nan	143.7869	368.1185	77.5418	91.8077	71.1893	60.3329	81.5477	0.9109	483.2109	-8.4754	-1.7853	95.4803	21.0141	0.2006	
7958.4219	7895.2222	-63.1997	-0.8005	0.4643	0.4673	0.4755	-0.0112	-2.4038	0.0261	0.0257	-2.1949	-0.7441	3.0884	-3.1743	0.8311	2.2833	2.2482	0.0352	1.5399	0.0000	-6.7432	111.3194	136.7362	134.4921	-2.2441	-1.6686	528.6575	504.9311	-23.7264	-4.6989	170.1347	5.1778	549.8944	0.6242	nan	141.6112	383.9040	76.0310	91.8233	69.8141	62.6691	84.4235	0.9493	509.8115	-4.8804	-0.9666	94.9768	27.3498	0.2034	
7776.5303	7582.2500	-194.2803	-2.5623	0.4904	0.5375	0.4843	0.0061	1.2356	0.0266	0.0293	-1.6808	-0.5953	3.1476	-2.9929	0.8751	2.2855	2.2823	0.0033	0.1430	0.0000	-5.9480	110.5534	135.6896	134.3445	-1.3451	-1.0012	531.3914	506.2038	-25.1876	-4.9758	169.9613	5.1931	550.8863	0.6241	nan	140.6680	389.3580	76.9173	91.8890	70.6785	65.1577	87.4786	0.9518	520.7470	-14.5433	-2.8730	95.5046	22.1684	0.2146	

Torque compensated Offset = 	0
Mean Torque Mainboard Error perc = 	-4.4079527128030405


Step N. = 	2
Target Speed = 	10000

Speed Mainboard (rpm_M)	Speed TestBench (rpm_M)	Speed Error (rpm_M)	Speed Error %	Torque TestBench (Nm_M)	Torque Ref (Nm)	Torque MainBoard (Nm_M)	Torque MainBoard Error (Nm_M)	Torque MainBoard Error %	Flux Ref (V/rad/s)	Flux (V/rad/s)	Id * Iq (A^2)	Id (Apeak)	Iq (Apeak)	Id Rotor (Apeak)	Iq Rotor (Apeak)	IMotor Measured (Arms)	IMotor MainBoard (Arms)	IMotor Error (Arms)	IMotor Error %	Motor Current THD %	Vsdref (Vpeak)	Vsqref (Vpeak)	Vout MainBoard (Vrms)	Vout Measured (Vrms)	Vout Error (Vrms)	Vout Error %	Motor Power MainBoard (W)	Motor Power Measured (W)	Motor Power Error (W)	Motor Power Error %	Line Voltage (Vrms)	Line Current (Arms)	Line Power (W)	Line Power Factor	Bulk Ripple (V)	DC Bus Voltage (Vrms)	Motor Mechanical Power (W)	Motor Efficiency	Inverter Efficiency	Overall Efficiency	Temperature (deg C)	Estimated Temperature (deg C)	Motor cos-phi	Electrical Power Alpha-Beta [W]	Electrical Power Error [W]	Electrical Power Error [%]	Bus Voltage Usage [%]	Rotational Losses [W]	Kt [Nm/Arms]	
9997.7259	9997.6000	-0.1259	-0.0013	0.1809	0.2118	0.2303	-0.0494	-27.3061	0.0260	0.0265	-2.9870	-1.9839	1.5065	-2.4965	0.4002	1.7652	1.7541	0.0111	0.6282	0.0000	-12.4374	121.1709	149.3839	150.2240	0.8401	0.5592	313.9365	269.4390	-44.4975	-16.5149	170.0763	2.9061	297.5240	0.6018	nan	151.6121	189.3931	70.3503	90.5495	63.7007	45.9123	65.5146	0.5862	288.2885	-18.8495	-6.9958	99.0831	27.3428	0.1025	
10002.6392	9998.2222	-4.4170	-0.0442	0.2103	0.2422	0.2561	-0.0458	-21.7765	0.0249	0.0261	-3.5702	-2.0656	1.7288	-2.5237	0.4110	1.8503	1.8757	-0.0254	-1.3751	0.0000	-9.1413	123.1530	151.5091	148.3272	-3.1819	-2.1452	351.1163	316.4033	-34.7130	-10.9711	170.2546	3.4077	346.7878	0.5977	nan	150.4942	220.2213	69.6010	91.2383	63.5028	48.1951	68.8682	0.6656	334.4772	-18.0739	-5.7123	98.5601	37.7828	0.1137	
10001.2279	10000.2500	-0.9779	-0.0098	0.2260	0.2558	0.2844	-0.0584	-25.8474	0.0240	0.0245	-3.9146	-1.9541	2.0609	-2.6242	0.4594	1.8786	1.8995	-0.0210	-1.1158	0.0000	-15.9916	122.2736	151.0572	147.7315	-3.3257	-2.2512	429.9177	331.2425	-98.6752	-29.7894	170.3342	3.5710	361.7750	0.5948	nan	150.1110	236.6726	71.4531	91.5602	65.4225	50.3865	71.6167	0.6891	340.1376	-8.8951	-2.6854	98.4148	33.8856	0.1203	
10003.2971	10002.0000	-1.2971	-0.0130	0.2390	0.2629	0.2694	-0.0304	-12.7305	0.0247	0.0267	-3.5631	-1.9380	1.8858	-2.4678	0.4846	1.9076	1.9155	-0.0079	-0.4162	0.0000	-12.6046	120.4641	148.6007	146.9639	-1.6368	-1.1137	380.3703	344.2140	-36.1563	-10.5040	170.3267	3.7162	375.4520	0.5932	nan	149.7127	250.3299	72.7249	91.6799	66.6742	52.3802	73.8019	0.7089	353.9738	-9.7598	-2.8354	98.1640	30.8560	0.1253	
9999.3419	9994.3333	-5.0086	-0.0501	0.2508	0.2846	0.2786	-0.0278	-11.0786	0.0245	0.0261	-3.5391	-1.8404	2.0072	-2.6466	0.5152	1.9599	1.9299	0.0301	1.5338	0.0000	-18.1520	119.9541	148.6091	145.7379	-2.8712	-1.9701	416.5474	366.6900	-49.8574	-13.5966	170.2084	3.9445	399.4333	0.5949	nan	148.6675	262.4651	71.5874	91.8026	65.7191	54.2958	75.7937	0.7412	382.1721	-15.4821	-4.2221	98.0294	37.2254	0.1280	
9999.0083	9995.2222	-3.7860	-0.0379	0.2644	0.3002	0.3116	-0.0472	-17.8466	0.0232	0.0259	-3.7402	-1.6917	2.3329	-2.6385	0.5115	2.0069	1.9519	0.0550	2.7397	0.0000	-15.6203	123.3280	152.4852	144.5763	-7.9089	-5.4704	476.2071	386.0200	-90.1871	-23.3633	170.0318	4.1328	420.0878	0.5978	nan	147.6498	276.7942	71.7046	91.8903	65.8896	56.1036	77.6721	0.7681	401.2493	-15.2293	-3.9452	97.9184	38.5215	0.1318	
9999.4955	9998.4286	-1.0670	-0.0107	0.2764	0.3090	0.3464	-0.0700	-25.3134	0.0249	0.0228	-2.9412	-1.4074	2.3834	-2.8488	0.5491	2.0471	2.0626	-0.0155	-0.7594	0.0000	-16.5444	121.7017	150.6808	143.7570	-6.9238	-4.8164	480.3303	401.6243	-78.7060	-19.5969	169.9201	4.2864	436.7571	0.5997	nan	147.0375	289.4299	72.0649	91.9560	66.2680	57.7836	79.5454	0.7879	420.7572	-19.1330	-4.7639	97.7690	38.1842	0.1350	
9996.3921	9997.2222	0.8302	0.0083	0.2902	0.3305	0.3220	-0.0318	-10.9641	0.0234	0.0221	-3.4863	-1.5772	2.3778	-3.0790	0.5743	2.0949	2.0901	0.0048	0.2298	0.0000	-12.2430	119.8998	147.7150	142.4737	-5.2413	-3.6788	462.2363	419.8700	-42.3663	-10.0903	169.9068	4.4547	456.4544	0.6031	nan	146.1890	303.8353	72.3650	91.9851	66.5650	59.5911	81.6062	0.8122	431.3914	-11.5214	-2.7440	97.4586	38.0275	0.1385	
10000.0430	9999.3333	-0.7097	-0.0071	0.3047	0.3368	0.3466	-0.0419	-13.7491	0.0240	0.0226	-3.3709	-1.4664	2.5599	-3.0301	0.6040	2.1475	2.1329	0.0146	0.6799	0.0000	-16.9478	120.1505	148.6703	141.3754	-7.2949	-5.1599	498.2342	438.3967	-59.8375	-13.6492	169.9358	4.6273	476.5867	0.6061	nan	145.4436	319.0248	72.7711	91.9868	66.9398	61.4081	83.5193	0.8337	456.4287	-18.0321	-4.1132	97.2030	36.8755	0.1419	
9995.6670	9997.5556	1.8885	0.0189	0.3161	0.3509	0.3553	-0.0391	-12.3831	0.0253	0.0231	-3.4828	-1.5512	2.3469	-3.0484	0.6080	2.1900	2.1773	0.0127	0.5787	0.0000	-9.0274	115.5882	142.0643	140.4063	-1.6580	-1.1808	427.8688	452.0100	24.1412	5.3408	170.0022	4.7553	491.3767	0.6078	nan	144.8092	330.9497	73.2176	91.9885	67.3517	63.2079	85.5700	0.8487	468.5570	-16.5470	-3.6608	96.9596	34.7237	0.1443	
9997.3444	9995.5556	-1.7889	-0.0179	0.3298	0.4004	0.3430	-0.0133	-4.0227	0.0189	0.0248	-3.3005	-1.1372	3.1357	-2.8456	0.6440	2.2510	2.2524	-0.0015	-0.0649	0.0000	-3.6040	119.9515	147.1672	138.4982	-8.6690	-6.2593	576.0168	473.4744	-102.5424	-21.6574	170.1081	4.9481	515.0278	0.6119	nan	143.5970	345.1888	72.9057	91.9318	67.0234	65.0399	87.5913	0.8768	489.2970	-15.8226	-3.3418	96.4492	36.4888	0.1465	
9912.4500	9917.2222	4.7722	0.0481	0.3428	0.3889	0.3753	-0.0325	-9.4788	0.0224	0.0223	-3.7330	-1.3541	2.7793	-3.0785	0.6988	2.3058	2.3016	0.0042	0.1816	0.0000	-6.3330	110.8673	136.4121	136.2471	-0.1650	-0.1211	475.7862	496.9556	21.1694	4.2598	170.2552	5.1220	540.4944	0.6198	nan	141.5614	355.9820	71.6326	91.9446	65.8623	66.9119	89.7667	0.9133	515.2634	-18.3078	-3.6840	96.2460	44.0221	0.1487	
9715.7077	9718.4286	2.7209	0.0280	0.3587	0.4531	0.4020	-0.0433	-12.0684	0.0217	0.0250	-2.4388	-0.8094	3.2580	-2.9758	0.7228	2.3023	2.2958	0.0065	0.2815	0.0000	-13.2482	119.1274	146.9339	136.1620	-10.7719	-7.9111	606.5145	497.9357	-108.5788	-21.8058	170.3234	5.1352	541.3243	0.6189	nan	141.6243	365.0665	73.3160	91.9847	67.4395	68.9779	91.8913	0.9171	514.3912	-16.4554	-3.3047	96.1431	35.5245	0.1558	
9570.7201	9575.7778	5.0577	0.0528	0.3672	0.3987	0.4005	-0.0333	-9.0657	0.0226	0.0228	-2.4563	-0.8868	3.0762	-3.1172	0.7428	2.3007	2.2902	0.0105	0.4542	0.0000	-7.9817	109.6249	136.1832	136.0703	-0.1129	-0.0829	511.8498	498.4644	-13.3853	-2.6853	170.2774	5.1447	541.7456	0.6184	nan	141.6053	368.2292	73.8727	92.0108	67.9709	70.6493	93.4824	0.9193	513.5171	-15.0526	-3.0198	96.0913	32.4729	0.1596	
9257.2203	9260.5556	3.3352	0.0360	0.3810	0.3893	0.4018	-0.0208	-5.4514	0.0214	0.0220	-2.6204	-0.8617	3.3422	-3.2489	0.7581	2.2944	2.2860	0.0083	0.3633	0.0000	-11.8251	116.7147	143.8841	135.7480	-8.1361	-5.9935	609.5250	499.0056	-110.5194	-22.1479	170.1830	5.1561	542.1878	0.6179	nan	141.4296	369.4682	74.0409	92.0356	68.1439	72.3450	94.8977	0.9250	516.2179	-17.2123	-3.4493	95.9827	31.7482	0.1661	

Torque compensated Offset = 	0
Mean Torque Mainboard Error perc = 	-14.605507818743199


Step N. = 	3
Target Speed = 	12000

Speed Mainboard (rpm_M)	Speed TestBench (rpm_M)	Speed Error (rpm_M)	Speed Error %	Torque TestBench (Nm_M)	Torque Ref (Nm)	Torque MainBoard (Nm_M)	Torque MainBoard Error (Nm_M)	Torque MainBoard Error %	Flux Ref (V/rad/s)	Flux (V/rad/s)	Id * Iq (A^2)	Id (Apeak)	Iq (Apeak)	Id Rotor (Apeak)	Iq Rotor (Apeak)	IMotor Measured (Arms)	IMotor MainBoard (Arms)	IMotor Error (Arms)	IMotor Error %	Motor Current THD %	Vsdref (Vpeak)	Vsqref (Vpeak)	Vout MainBoard (Vrms)	Vout Measured (Vrms)	Vout Error (Vrms)	Vout Error %	Motor Power MainBoard (W)	Motor Power Measured (W)	Motor Power Error (W)	Motor Power Error %	Line Voltage (Vrms)	Line Current (Arms)	Line Power (W)	Line Power Factor	Bulk Ripple (V)	DC Bus Voltage (Vrms)	Motor Mechanical Power (W)	Motor Efficiency	Inverter Efficiency	Overall Efficiency	Temperature (deg C)	Estimated Temperature (deg C)	Motor cos-phi	Electrical Power Alpha-Beta [W]	Electrical Power Error [W]	Electrical Power Error [%]	Bus Voltage Usage [%]	Rotational Losses [W]	Kt [Nm/Arms]	
12002.3921	11992.2500	-10.1421	-0.0846	0.1794	0.2151	0.2312	-0.0518	-28.9053	0.0206	0.0212	-4.0833	-2.1874	1.9096	-2.6729	0.3923	2.0144	2.0140	0.0003	0.0157	0.0000	-13.5014	122.9454	151.5845	147.7425	-3.8420	-2.6005	399.2684	340.1150	-59.1534	-17.3922	170.0566	3.6180	373.0975	0.6064	nan	148.8793	225.2603	66.2169	91.1579	60.3621	49.1688	67.5825	0.6598	366.2057	-26.0907	-7.6711	99.2380	45.3904	0.0890	
12007.9929	12002.7778	-5.2152	-0.0434	0.2014	0.2301	0.2437	-0.0422	-20.9611	0.0215	0.0197	-3.9026	-2.0931	1.9739	-2.9068	0.4292	2.0801	2.0752	0.0049	0.2344	0.0000	-16.8868	122.7087	151.8057	145.6706	-6.1351	-4.2116	418.9299	377.4900	-41.4399	-10.9777	169.9206	3.9960	412.3989	0.6074	nan	147.5293	253.2053	67.0825	91.5348	61.4028	51.6897	71.1969	0.7193	404.1106	-26.6206	-7.0520	98.7402	49.5250	0.0968	
11998.2303	11994.6667	-3.5637	-0.0297	0.2087	0.2519	0.2424	-0.0337	-16.1518	0.0217	0.0203	-3.9020	-2.1459	1.8334	-2.9525	0.4920	2.1051	2.0925	0.0126	0.5983	0.0000	-11.8039	117.4854	144.9452	145.1409	0.1956	0.1348	359.8135	393.2056	33.3921	8.4923	170.0456	4.1423	428.4022	0.6082	nan	147.3114	262.1022	66.6577	91.7842	61.1813	54.2191	74.3116	0.7430	415.1015	-21.8959	-5.5686	98.5266	53.8331	0.0991	
11994.6238	12001.8889	7.2651	0.0605	0.2172	0.2588	0.2537	-0.0365	-16.7870	0.0207	0.0203	-4.0312	-2.0136	2.0691	-2.9438	0.4627	2.1137	2.0914	0.0223	1.0567	0.0000	-12.9008	120.1377	148.0991	145.0954	-3.0037	-2.0702	411.5030	397.8233	-13.6796	-3.4386	170.2423	4.1904	432.7467	0.6066	nan	147.4311	273.0136	68.6280	91.9299	63.0897	56.4297	76.7652	0.7489	416.2367	-18.4133	-4.6285	98.4158	46.2842	0.1028	
11998.3971	11999.2500	0.8529	0.0071	0.2175	0.2492	0.2730	-0.0555	-25.5060	0.0199	0.0194	-3.8479	-1.6802	2.4160	-2.9330	0.4341	2.0939	2.0752	0.0187	0.8944	0.0000	-21.4416	125.9133	156.4359	145.7228	-10.7132	-7.3518	513.8819	389.9300	-123.9519	-31.7882	170.3352	4.1233	423.7225	0.6033	nan	147.7542	273.3014	70.0900	92.0249	64.5002	58.4124	78.6793	0.7378	412.1772	-22.2472	-5.7054	98.6252	39.0208	0.1039	
12001.6923	12017.6667	15.9744	0.1329	0.2256	0.2544	0.2924	-0.0668	-29.6268	0.0202	0.0215	-3.9943	-1.6967	2.5005	-2.7816	0.4897	2.1236	2.1146	0.0090	0.4233	0.0000	-16.2717	120.6522	149.2975	144.9102	-4.3872	-3.0276	497.6351	404.5422	-93.0929	-23.0119	170.2297	4.2577	439.3989	0.6063	nan	147.1475	283.8580	70.1672	92.0671	64.6010	60.1320	80.3371	0.7590	426.1027	-21.5605	-5.3296	98.4796	40.3740	0.1062	
11994.2315	12008.6250	14.3935	0.1199	0.2275	0.2754	0.2870	-0.0595	-26.1732	0.0203	0.0205	-4.6881	-1.9932	2.3729	-2.9802	0.5016	2.1596	2.1556	0.0040	0.1872	0.0000	-11.6672	118.1237	145.4310	143.7152	-1.7158	-1.1939	454.4560	420.1938	-34.2622	-8.1539	170.0199	4.3996	456.3125	0.6100	nan	146.1964	286.0921	68.0864	92.0846	62.6971	61.7488	81.9852	0.7816	441.7272	-21.5334	-5.1246	98.3029	50.5683	0.1053	
11995.6986	11999.2222	3.5236	0.0294	0.2382	0.2664	0.2917	-0.0534	-22.4284	0.0204	0.0190	-3.8015	-1.6886	2.4266	-3.0804	0.5084	2.1884	2.1639	0.0246	1.1223	0.0000	-12.6104	121.3078	149.5517	142.7937	-6.7580	-4.7327	470.7579	433.4733	-37.2846	-8.6014	169.9118	4.5190	470.4967	0.6127	nan	145.6812	299.3394	69.0662	92.1313	63.6317	63.3680	83.5763	0.8009	455.9703	-22.4970	-5.1899	98.0182	47.8701	0.1089	
11998.5207	11984.3333	-14.1874	-0.1184	0.2358	0.2812	0.2854	-0.0496	-21.0516	0.0202	0.0191	-3.5680	-1.6000	2.4874	-3.1676	0.5329	2.2282	2.2218	0.0064	0.2871	0.0000	-8.3232	120.4791	148.3697	141.6799	-6.6898	-4.7218	468.0730	450.6211	-17.4519	-3.8729	170.0068	4.6671	489.1400	0.6165	nan	145.0410	295.9002	65.6657	92.1252	60.4947	64.9192	85.0829	0.8241	473.7116	-23.0905	-5.1242	97.6827	64.8056	0.1058	
11996.6754	12016.7500	20.0746	0.1671	0.2455	0.2845	0.3268	-0.0813	-33.0963	0.0208	0.0180	-2.9237	-1.3053	2.7825	-3.1238	0.4882	2.2373	2.2317	0.0055	0.2480	0.0000	-13.9556	123.9740	152.8500	141.5220	-11.3280	-8.0044	549.7915	455.4525	-94.3390	-20.7133	170.1705	4.7090	494.1250	0.6166	nan	145.0234	308.9347	67.8307	92.1735	62.5219	66.5112	86.7773	0.8305	482.6773	-27.2248	-5.9775	97.5856	55.3727	0.1097	
11989.2376	11994.2000	4.9624	0.0414	0.2514	0.3252	0.3152	-0.0638	-25.3959	0.0189	0.0211	-3.9242	-1.4957	2.8565	-3.0524	0.4953	2.2700	2.2673	0.0027	0.1210	0.0000	-11.5132	114.4693	141.1135	140.4109	-0.7026	-0.5004	520.4671	469.4260	-51.0411	-10.8731	170.3012	4.8372	509.5040	0.6185	nan	144.0844	315.7638	67.2763	92.1352	61.9854	68.0251	88.2530	0.8503	492.5178	-23.0918	-4.9191	97.4502	59.3355	0.1107	
11993.8352	11995.1111	1.2759	0.0106	0.2556	0.2691	0.2992	-0.0436	-17.0614	0.0183	0.0164	-3.0819	-1.2807	2.8176	-3.4156	0.5564	2.2910	2.2893	0.0017	0.0724	0.0000	-14.8984	113.7002	140.6222	139.6333	-0.9889	-0.7082	511.3695	477.5867	-33.7829	-7.0737	170.2933	4.9201	518.4300	0.6187	nan	143.6263	321.0125	67.2126	92.1219	61.9174	69.6390	89.9019	0.8620	500.2507	-22.6641	-4.7455	97.2201	59.9668	0.1115	
11999.2847	11977.5714	-21.7132	-0.1813	0.2583	0.3063	0.2855	-0.0272	-10.5261	0.0161	0.0192	-3.5579	-1.1951	3.1809	-3.1514	0.5013	2.2899	2.2833	0.0066	0.2889	0.0000	-11.0494	126.2334	155.2541	139.5739	-15.6802	-11.2344	628.2028	477.3043	-150.8986	-31.6147	170.1621	4.9192	517.9643	0.6188	nan	143.6248	323.9656	67.8737	92.1501	62.5455	71.0176	91.1756	0.8622	494.1856	-16.8813	-3.5368	97.1796	56.3680	0.1128	
11997.8434	12013.6667	15.8232	0.1317	0.2663	0.2906	0.2921	-0.0258	-9.6821	0.0171	0.0174	-4.0612	-1.4367	2.9923	-3.3287	0.5224	2.3031	2.2961	0.0070	0.3045	0.0000	-16.1630	120.6032	149.1254	138.6446	-10.4808	-7.5595	583.6128	483.5322	-100.0805	-20.6978	170.0319	4.9767	524.7333	0.6201	nan	142.9729	335.0663	69.2957	92.1483	63.8547	72.3881	92.4971	0.8743	500.4562	-16.9240	-3.5001	96.9725	49.9170	0.1156	
11982.8038	11977.5556	-5.2482	-0.0438	0.2702	0.3074	0.3131	-0.0428	-15.8507	0.0190	0.0177	-3.9039	-1.4190	2.7850	-3.4219	0.5384	2.3126	2.3107	0.0020	0.0864	0.0000	-10.7386	120.3790	148.1773	137.7483	-10.4289	-7.5710	529.7321	489.5122	-40.2199	-8.2163	169.9323	5.0214	531.0778	0.6224	nan	141.8560	338.9369	69.2401	92.1734	63.8210	73.7860	93.7653	0.8872	512.5425	-23.0303	-4.7047	97.1043	50.7374	0.1168	
11839.0563	11848.7778	9.7214	0.0820	0.2711	0.2857	0.3238	-0.0526	-19.4161	0.0185	0.0171	-4.0935	-1.4357	2.8934	-3.3371	0.5440	2.3130	2.3093	0.0037	0.1598	0.0000	-6.3068	112.4011	138.3304	137.5128	-0.8176	-0.5946	502.4102	490.5867	-11.8235	-2.4101	169.9058	5.0384	532.2578	0.6218	nan	141.8100	336.3897	68.5689	92.1709	63.2006	75.0853	94.9176	0.8905	513.8755	-23.2888	-4.7471	96.9698	53.8891	0.1172	
11521.8996	11535.8889	13.9893	0.1213	0.2806	0.2953	0.3321	-0.0515	-18.3669	0.0199	0.0173	-3.9877	-1.4607	2.7972	-3.3892	0.5814	2.3083	2.3003	0.0079	0.3436	0.0000	-4.5842	112.8432	139.0203	137.3900	-1.6303	-1.1866	484.9340	491.6200	6.6860	1.3600	170.0027	5.0557	533.3733	0.6206	nan	141.8994	338.9114	68.9376	92.1718	63.5410	76.3136	95.9302	0.8950	513.8842	-22.2642	-4.5287	96.8221	52.4032	0.1215	
11402.2527	11407.0000	4.7473	0.0416	0.2854	0.3273	0.3232	-0.0378	-13.2317	0.0200	0.0192	-4.2302	-1.5924	2.6705	-3.1677	0.6264	2.3050	2.2952	0.0098	0.4259	0.0000	-4.0835	110.2388	135.7854	137.5003	1.7149	1.2472	450.0380	492.7744	42.7364	8.6726	170.2358	5.0641	534.5722	0.6201	nan	142.1264	340.9710	69.1940	92.1811	63.7838	77.5331	96.8121	0.8976	513.1200	-20.3456	-4.1288	96.7451	51.3700	0.1238	
11277.0778	11286.5556	9.4778	0.0840	0.2890	0.3820	0.3344	-0.0454	-15.6927	0.0199	0.0220	-4.1419	-1.4875	2.8123	-3.0036	0.6096	2.3027	2.2971	0.0057	0.2464	0.0000	-6.1267	114.0152	140.0554	137.5662	-2.4892	-1.8095	495.7491	493.5144	-2.2347	-0.4528	170.3192	5.0716	535.2889	0.6197	nan	142.2080	341.5730	69.2123	92.1959	63.8109	78.6328	97.6170	0.8995	514.7602	-21.2458	-4.3050	96.7359	51.3426	0.1255	
11069.8657	11081.5714	11.7057	0.1056	0.2946	0.3635	0.3439	-0.0494	-16.7567	0.0190	0.0204	-2.8155	-0.9650	3.2653	-3.2301	0.6189	2.2985	2.2986	-0.0001	-0.0033	0.0000	-9.0540	122.1887	150.1455	137.2759	-12.8697	-9.3750	621.0063	493.1857	-127.8206	-25.9173	170.1367	5.0773	534.9900	0.6193	nan	142.0226	341.8366	69.3120	92.1860	63.8959	79.7345	98.3932	0.9024	512.7681	-19.5824	-3.9706	96.6577	50.7513	0.1282	
10911.3811	10915.0000	3.6189	0.0332	0.2999	0.3519	0.3382	-0.0383	-12.7871	0.0195	0.0204	-3.5518	-1.2460	2.9831	-3.1528	0.5925	2.2961	2.2931	0.0029	0.1281	0.0000	-10.2015	112.7893	138.8463	136.9483	-1.8980	-1.3859	529.2339	492.7367	-36.4972	-7.4070	169.9294	5.0846	534.5067	0.6186	nan	141.8188	342.7771	69.5660	92.1853	64.1296	80.7139	99.0553	0.9047	512.9340	-20.1973	-4.0990	96.5657	49.2527	0.1306	

Torque compensated Offset = 	0
Mean Torque Mainboard Error perc = 	-19.783563288684476


Step N. = 	4
Target Speed = 	14000

Speed Mainboard (rpm_M)	Speed TestBench (rpm_M)	Speed Error (rpm_M)	Speed Error %	Torque TestBench (Nm_M)	Torque Ref (Nm)	Torque MainBoard (Nm_M)	Torque MainBoard Error (Nm_M)	Torque MainBoard Error %	Flux Ref (V/rad/s)	Flux (V/rad/s)	Id * Iq (A^2)	Id (Apeak)	Iq (Apeak)	Id Rotor (Apeak)	Iq Rotor (Apeak)	IMotor Measured (Arms)	IMotor MainBoard (Arms)	IMotor Error (Arms)	IMotor Error %	Motor Current THD %	Vsdref (Vpeak)	Vsqref (Vpeak)	Vout MainBoard (Vrms)	Vout Measured (Vrms)	Vout Error (Vrms)	Vout Error %	Motor Power MainBoard (W)	Motor Power Measured (W)	Motor Power Error (W)	Motor Power Error %	Line Voltage (Vrms)	Line Current (Arms)	Line Power (W)	Line Power Factor	Bulk Ripple (V)	DC Bus Voltage (Vrms)	Motor Mechanical Power (W)	Motor Efficiency	Inverter Efficiency	Overall Efficiency	Temperature (deg C)	Estimated Temperature (deg C)	Motor cos-phi	Electrical Power Alpha-Beta [W]	Electrical Power Error [W]	Electrical Power Error [%]	Bus Voltage Usage [%]	Rotational Losses [W]	Kt [Nm/Arms]	
13995.0715	13991.1111	-3.9604	-0.0283	0.1838	0.2381	0.2264	-0.0426	-23.2039	0.0177	0.0177	-4.7690	-2.2463	2.1340	-3.0045	0.4539	2.2034	2.1968	0.0066	0.3014	0.0000	-7.9236	128.0506	158.1675	143.9177	-14.2498	-9.9014	433.0493	415.9556	-17.0938	-4.1095	170.2877	4.2021	453.0433	0.6329	nan	145.2853	269.2646	64.7443	91.8144	59.4446	51.6706	74.5454	0.7572	452.5421	-36.5865	-8.7958	99.0570	62.8123	0.0834	
14002.1653	14000.7778	-1.3875	-0.0099	0.2013	0.2243	0.2568	-0.0555	-27.5428	0.0178	0.0145	-4.4366	-1.9104	2.4118	-3.2771	0.4516	2.2742	2.2597	0.0145	0.6382	0.0000	-20.2705	126.6599	157.2051	141.2114	-15.9937	-11.3260	514.9972	455.3833	-59.6139	-13.0909	169.9711	4.5471	494.9033	0.6403	nan	143.6186	295.1866	64.8251	92.0152	59.6492	54.8067	78.7612	0.8187	480.0369	-24.6536	-5.4138	98.3242	69.8225	0.0885	
13994.9960	13990.0000	-4.9960	-0.0357	0.2068	0.2248	0.2431	-0.0363	-17.5552	0.0177	0.0142	-4.8905	-2.1290	2.3016	-3.2828	0.4594	2.2724	2.2626	0.0097	0.4283	0.0000	-16.5607	125.5267	155.3267	141.3616	-13.9652	-9.8790	484.4974	455.4800	-29.0174	-6.3707	170.0164	4.5532	494.1022	0.6383	nan	143.5671	302.9358	66.5092	92.1834	61.3104	57.6393	82.1110	0.8187	484.0313	-28.5513	-6.2684	98.4639	61.3955	0.0910	
13994.8852	13995.3333	0.4481	0.0032	0.2100	0.2649	0.2455	-0.0355	-16.9218	0.0164	0.0176	-4.8587	-1.8981	2.5621	-3.2841	0.4120	2.2773	2.2625	0.0149	0.6525	0.0000	-9.6563	129.4593	159.2399	141.4567	-17.7832	-12.5715	526.3691	460.3217	-66.0475	-14.3481	170.3223	4.5956	499.0583	0.6376	nan	143.7131	307.7735	66.8610	92.2381	61.6714	59.9477	84.5318	0.8250	483.4184	-23.0967	-5.0175	98.4301	60.2481	0.0922	
13997.1783	13994.6000	-2.5783	-0.0184	0.2115	0.2627	0.2327	-0.0212	-10.0307	0.0161	0.0164	-5.0965	-2.1244	2.4039	-3.1667	0.4729	2.2844	2.2742	0.0102	0.4475	0.0000	-9.2391	122.8910	151.2730	141.0247	-10.2483	-7.2670	472.4756	464.0970	-8.3786	-1.8054	170.1387	4.6256	502.6840	0.6387	nan	143.0266	309.9561	66.7888	92.3238	61.6619	62.2545	86.7602	0.8317	491.6619	-27.5649	-5.9395	98.6003	60.5119	0.0926	
13998.4178	14003.3333	4.9155	0.0351	0.2149	0.2624	0.2681	-0.0532	-24.7679	0.0162	0.0173	-4.8163	-1.7338	2.8460	-3.1397	0.4308	2.3047	2.2931	0.0116	0.5026	0.0000	-10.3278	122.7203	151.4677	139.9830	-11.4847	-8.2043	553.3327	474.4844	-78.8482	-16.6177	169.9264	4.7159	513.9078	0.6413	nan	141.8801	315.1185	66.4127	92.3287	61.3180	64.3615	88.8240	0.8491	498.9110	-24.4265	-5.1480	98.6629	63.3587	0.0932	
13947.1184	13955.8889	8.7705	0.0628	0.2164	0.2726	0.2599	-0.0435	-20.0863	0.0160	0.0166	-4.8096	-1.7918	2.7336	-3.2559	0.4390	2.3195	2.3071	0.0124	0.5345	0.0000	-11.3298	122.9508	151.3729	139.3706	-12.0023	-8.6118	533.0563	483.2533	-49.8030	-10.3058	170.2382	4.7959	523.4567	0.6411	nan	141.2435	316.3236	65.4571	92.3196	60.4298	66.2854	90.6151	0.8631	509.2742	-26.0209	-5.3845	98.6740	69.0372	0.0933	
13841.8287	13850.4444	8.6157	0.0622	0.2190	0.2557	0.2560	-0.0370	-16.8911	0.0156	0.0156	-5.1893	-1.9271	2.7056	-3.1718	0.4445	2.3164	2.3057	0.0108	0.4645	0.0000	-17.3722	117.1677	145.2033	139.4093	-5.7940	-4.1561	524.8425	483.7811	-41.0614	-8.4876	170.2704	4.8067	523.7678	0.6400	nan	141.3124	317.6411	65.6581	92.3656	60.6455	68.0588	92.1908	0.8649	514.7830	-31.0018	-6.4082	98.6533	67.9071	0.0945	
13670.4219	13680.2222	9.8003	0.0716	0.2227	0.2674	0.2512	-0.0286	-12.8255	0.0154	0.0162	-5.1803	-1.9279	2.6922	-3.2730	0.4368	2.3155	2.3094	0.0061	0.2617	0.0000	-14.9691	116.4645	143.9635	138.9857	-4.9779	-3.5816	513.9318	484.4844	-29.4474	-6.0781	169.9338	4.8313	524.4233	0.6388	nan	141.0685	318.9865	65.8403	92.3842	60.8260	69.7245	93.5651	0.8692	511.8781	-27.3937	-5.6542	98.5236	66.7845	0.0962	
13639.4653	13629.1111	-10.3542	-0.0760	0.2266	0.2433	0.2512	-0.0246	-10.8770	0.0161	0.0147	-4.8949	-1.9013	2.5827	-3.2545	0.4759	2.3128	2.3030	0.0098	0.4220	0.0000	-15.9214	119.5458	148.2365	139.2706	-8.9660	-6.4378	505.0151	485.9300	-19.0851	-3.9275	170.2242	4.8423	525.8400	0.6379	nan	141.4104	323.3499	66.5425	92.4102	61.4920	71.3298	94.7688	0.8710	512.2774	-26.3474	-5.4221	98.4868	63.5589	0.0980	
13569.2955	13575.2500	5.9545	0.0439	0.2278	0.2762	0.2597	-0.0320	-14.0313	0.0162	0.0163	-4.8426	-1.8629	2.6341	-3.1568	0.4458	2.3105	2.2964	0.0141	0.6114	0.0000	-13.0492	118.3547	146.0300	139.3201	-6.7099	-4.8162	504.0442	486.3137	-17.7305	-3.6459	170.2690	4.8486	526.0800	0.6372	nan	141.5251	323.7693	66.5761	92.4410	61.5436	72.7123	95.8076	0.8722	511.3010	-24.9872	-5.1381	98.4420	63.2510	0.0986	
13208.6831	13216.0000	7.3169	0.0554	0.2337	0.2940	0.2810	-0.0473	-20.2475	0.0155	0.0170	-3.5701	-1.1917	3.2079	-3.3064	0.5014	2.3152	2.3074	0.0078	0.3371	0.0000	-11.1963	121.7847	149.9318	138.8291	-11.1026	-7.9973	610.1174	486.6989	-123.4185	-25.3583	169.9577	4.9116	527.0078	0.6313	nan	141.7684	323.3818	66.4440	92.3514	61.3619	73.9921	96.7627	0.8742	511.2936	-24.5947	-5.0534	97.9267	63.1877	0.1009	
13099.3499	13097.1111	-2.2388	-0.0171	0.2368	0.2846	0.2768	-0.0400	-16.8831	0.0169	0.0171	-4.6689	-1.7241	2.7368	-3.2058	0.4970	2.3176	2.3075	0.0101	0.4346	0.0000	-14.7010	119.9219	148.1859	138.8048	-9.3811	-6.7585	533.7889	488.2467	-45.5422	-9.3277	170.0771	4.9326	528.6278	0.6301	nan	142.0454	324.7425	66.5119	92.3611	61.4313	75.2665	97.7165	0.8763	513.1711	-24.9245	-5.1049	97.7186	62.7389	0.1022	
13108.5026	13113.0000	4.4974	0.0343	0.2374	0.2700	0.2667	-0.0293	-12.3401	0.0174	0.0162	-4.5650	-1.8582	2.4682	-3.4218	0.4850	2.3159	2.3022	0.0136	0.5888	0.0000	-13.6774	121.5319	149.9587	139.0970	-10.8617	-7.8088	486.6806	489.2937	2.6132	0.5341	170.3380	4.9371	529.6513	0.6298	nan	142.2963	325.9602	66.6186	92.3804	61.5425	76.4532	98.5532	0.8770	515.4057	-26.1120	-5.3367	97.7517	62.3192	0.1025	
12955.7873	12963.7778	7.9905	0.0616	0.2412	0.2748	0.2908	-0.0496	-20.5484	0.0174	0.0164	-4.6713	-1.7076	2.7749	-3.2207	0.5243	2.3061	2.2988	0.0074	0.3190	0.0000	-10.2404	120.1679	147.9119	138.7424	-9.1695	-6.6090	527.3398	489.4222	-37.9176	-7.7474	170.0974	4.9569	529.8278	0.6284	nan	141.9187	327.4696	66.9094	92.3738	61.8068	77.5859	99.3474	0.8831	514.3378	-24.9156	-5.0908	97.7619	61.4056	0.1046	
12766.1655	12774.5556	8.3901	0.0657	0.2451	0.3006	0.2748	-0.0297	-12.1004	0.0161	0.0178	-3.9881	-1.4457	2.9222	-3.2571	0.5514	2.3020	2.2925	0.0095	0.4147	0.0000	-6.8323	119.6897	147.1027	138.4596	-8.6431	-6.2424	542.9771	488.9522	-54.0249	-11.0491	169.9513	4.9645	529.3744	0.6274	nan	141.8727	327.8958	67.0608	92.3642	61.9402	78.6581	100.0517	0.8857	512.6624	-23.7102	-4.8492	97.5942	60.5124	0.1065	
12696.6955	12690.2500	-6.4455	-0.0508	0.2489	0.2616	0.2653	-0.0164	-6.5919	0.0165	0.0159	-4.4990	-1.6674	2.7249	-3.2640	0.5435	2.2989	2.2871	0.0118	0.5145	0.0000	-15.5661	123.5326	152.5971	138.7166	-13.8805	-10.0064	546.5198	490.1275	-56.3923	-11.5056	170.2690	4.9692	530.5575	0.6271	nan	142.1986	330.7360	67.4795	92.3797	62.3373	79.6952	100.7007	0.8874	510.9362	-20.8087	-4.2456	97.5513	58.7716	0.1083	
12680.1400	12673.3333	-6.8066	-0.0537	0.2490	0.3097	0.2729	-0.0239	-9.6178	0.0158	0.0184	-4.5207	-1.5875	2.9031	-3.0977	0.5383	2.2970	2.2878	0.0092	0.4007	0.0000	-8.5417	121.3912	149.1332	138.7034	-10.4298	-7.5195	550.8975	490.0856	-60.8120	-12.4084	170.2462	4.9726	530.4189	0.6265	nan	142.1432	330.4599	67.4290	92.3959	62.3017	80.6399	101.3241	0.8881	512.6170	-22.5315	-4.5975	97.5801	58.8599	0.1084	

Torque compensated Offset = 	0
Mean Torque Mainboard Error perc = 	-16.281262300207


Step N. = 	5
Target Speed = 	16050

Speed Mainboard (rpm_M)	Speed TestBench (rpm_M)	Speed Error (rpm_M)	Speed Error %	Torque TestBench (Nm_M)	Torque Ref (Nm)	Torque MainBoard (Nm_M)	Torque MainBoard Error (Nm_M)	Torque MainBoard Error %	Flux Ref (V/rad/s)	Flux (V/rad/s)	Id * Iq (A^2)	Id (Apeak)	Iq (Apeak)	Id Rotor (Apeak)	Iq Rotor (Apeak)	IMotor Measured (Arms)	IMotor MainBoard (Arms)	IMotor Error (Arms)	IMotor Error %	Motor Current THD %	Vsdref (Vpeak)	Vsqref (Vpeak)	Vout MainBoard (Vrms)	Vout Measured (Vrms)	Vout Error (Vrms)	Vout Error %	Motor Power MainBoard (W)	Motor Power Measured (W)	Motor Power Error (W)	Motor Power Error %	Line Voltage (Vrms)	Line Current (Arms)	Line Power (W)	Line Power Factor	Bulk Ripple (V)	DC Bus Voltage (Vrms)	Motor Mechanical Power (W)	Motor Efficiency	Inverter Efficiency	Overall Efficiency	Temperature (deg C)	Estimated Temperature (deg C)	Motor cos-phi	Electrical Power Alpha-Beta [W]	Electrical Power Error [W]	Electrical Power Error [%]	Bus Voltage Usage [%]	Rotational Losses [W]	Kt [Nm/Arms]	
15561.9676	15561.9676	0.0000	0.0000	0.1761	0.2516	0.2147	-0.0386	-21.9229	0.0141	0.0151	-5.4220	-2.2052	2.4688	-3.3119	0.4225	2.3739	2.3550	0.0189	0.7968	0.0000	-10.6045	120.8158	148.6684	140.3794	-8.2890	-5.9047	482.1438	479.8444	-2.2993	-0.4792	170.3179	4.8259	521.5056	0.6345	nan	142.7800	286.9042	59.7893	92.0114	55.0128	56.3026	82.6592	0.8313	506.5797	-26.7353	-5.5717	98.3188	93.9405	0.0742	
14507.2492	14507.2492	0.0000	0.0000	0.2056	0.2398	0.2281	-0.0226	-10.9750	0.0152	0.0145	-5.2768	-2.1284	2.4897	-3.2669	0.4632	2.3577	2.3355	0.0223	0.9437	0.0000	-2.6681	120.4611	148.9817	140.0570	-8.9247	-6.3722	453.6057	471.8544	18.2488	3.8675	170.2954	4.7923	512.9856	0.6286	nan	142.4003	312.2435	66.1796	91.9810	60.8723	59.4353	86.1937	0.8251	513.2362	-41.3818	-8.7700	98.3542	60.8588	0.0872	
14330.8807	14330.8807	0.0000	0.0000	0.2077	0.2550	0.2667	-0.0590	-28.4241	0.0161	0.0151	-2.7006	-1.2406	2.8300	-3.2174	0.4461	2.3366	2.3198	0.0168	0.7188	0.0000	-6.9814	121.3076	148.8691	139.3507	-9.5184	-6.8305	534.8796	480.4444	-54.4352	-11.3302	170.1340	4.8016	521.0967	0.6379	nan	141.7672	311.6472	64.8663	92.1987	59.8059	62.0937	88.7113	0.8519	508.6515	-28.2071	-5.8710	98.2956	70.8969	0.0889	
14355.0509	14355.0509	0.0000	0.0000	0.2050	0.2634	0.2385	-0.0335	-16.3654	0.0152	0.0163	-3.5752	-1.5829	2.7001	-3.1879	0.4680	2.3387	2.3268	0.0118	0.5055	0.0000	-11.5195	116.1587	143.1435	139.2180	-3.9255	-2.8196	497.7932	478.6489	-19.1444	-3.9997	169.9328	4.8030	518.9811	0.6359	nan	141.7917	308.1665	64.3826	92.2286	59.3792	64.3771	90.8062	0.8488	503.6794	-25.0305	-5.2294	98.1850	71.6208	0.0877	
14323.1527	14323.1527	0.0000	0.0000	0.2077	0.2288	0.2433	-0.0356	-17.1467	0.0155	0.0145	-5.1985	-2.0249	2.6029	-3.2674	0.3991	2.3324	2.3203	0.0122	0.5209	0.0000	-9.8044	115.0023	141.6549	139.3131	-2.3418	-1.6809	478.3902	480.6286	2.2384	0.4657	169.9841	4.8062	520.6943	0.6373	nan	141.6048	311.5541	64.8233	92.3052	59.8352	66.4333	92.5580	0.8540	508.1768	-27.5483	-5.7317	98.3818	70.0364	0.0891	
14304.0501	14304.0501	0.0000	0.0000	0.2093	0.2669	0.2674	-0.0581	-27.7501	0.0156	0.0161	-4.8610	-1.7078	2.8839	-3.2987	0.4531	2.3288	2.3183	0.0105	0.4494	0.0000	-15.3883	122.6172	151.4643	139.5669	-11.8974	-8.5245	571.4853	483.1856	-88.2998	-18.2745	170.2581	4.8149	523.2278	0.6383	nan	141.8560	313.5639	64.8955	92.3470	59.9291	68.1946	93.9473	0.8583	507.6225	-24.4369	-5.0575	98.3865	70.2946	0.0899	
14289.0010	14289.0010	0.0000	0.0000	0.2123	0.2587	0.2816	-0.0693	-32.6332	0.0156	0.0155	-3.5117	-1.2742	3.1001	-3.2514	0.4264	2.3246	2.3175	0.0071	0.3045	0.0000	-7.9513	122.1282	150.0665	139.6286	-10.4379	-7.4755	582.1654	483.8244	-98.3410	-20.3258	170.2766	4.8145	523.6278	0.6387	nan	141.7398	317.7229	65.6691	92.3985	60.6773	69.8194	95.2063	0.8606	514.8329	-31.0084	-6.4090	98.5106	66.5758	0.0913	
14233.9738	14233.9738	0.0000	0.0000	0.2129	0.2252	0.2814	-0.0685	-32.1691	0.0159	0.0143	-4.2603	-1.4744	3.0369	-3.2472	0.4624	2.3216	2.3108	0.0108	0.4654	0.0000	-20.2462	119.5909	148.6581	139.3963	-9.2618	-6.6442	596.1020	483.4833	-112.6187	-23.2932	170.0266	4.8113	523.0700	0.6394	nan	141.3690	317.3266	65.6334	92.4319	60.6661	71.3518	96.2818	0.8625	513.2136	-29.7302	-6.1492	98.6046	66.3698	0.0917	
14089.7563	14089.7563	0.0000	0.0000	0.2140	0.2215	0.2692	-0.0552	-25.7939	0.0161	0.0136	-4.7305	-1.6708	2.8621	-3.3456	0.4185	2.3154	2.3059	0.0095	0.4102	0.0000	-12.0298	121.7801	150.0379	139.2588	-10.7791	-7.7404	557.0287	482.6600	-74.3687	-15.4081	169.9077	4.8022	522.0622	0.6398	nan	141.1041	315.7491	65.4186	92.4526	60.4812	72.7032	97.2234	0.8642	509.6176	-26.9576	-5.5852	98.6922	67.2024	0.0924	
13937.3337	13937.3337	0.0000	0.0000	0.2170	0.2331	0.2535	-0.0365	-16.8032	0.0153	0.0144	-4.8875	-1.7527	2.8165	-3.2967	0.4373	2.3090	2.2972	0.0118	0.5105	0.0000	-17.4739	118.2966	146.6304	139.3170	-7.3134	-5.2495	542.7905	482.8775	-59.9130	-12.4075	170.0422	4.8023	522.1550	0.6394	nan	141.1856	316.7146	65.5891	92.4778	60.6553	73.9968	98.0684	0.8667	506.8116	-23.9341	-4.9566	98.6765	66.5691	0.0940	
13810.5649	13810.5649	0.0000	0.0000	0.2190	0.2763	0.2476	-0.0286	-13.0472	0.0158	0.0166	-5.2480	-2.0758	2.5403	-3.1227	0.4572	2.3060	2.2892	0.0168	0.7267	0.0000	-5.2713	121.4042	148.9318	139.4327	-9.4991	-6.8127	476.8673	484.4167	7.5494	1.5584	170.2173	4.8156	523.6433	0.6388	nan	141.3895	316.7256	65.3828	92.5089	60.4850	75.1362	98.8138	0.8698	511.7440	-27.3273	-5.6413	98.6160	67.9779	0.0950	
13740.3189	13740.3189	0.0000	0.0000	0.2212	0.2584	0.2420	-0.0208	-9.4045	0.0152	0.0154	-4.7418	-1.7551	2.7104	-3.2444	0.4756	2.3035	2.2952	0.0083	0.3586	0.0000	-15.1797	119.9954	148.2673	139.4870	-8.7803	-6.2947	526.7376	485.2644	-41.4731	-8.5465	170.3207	4.8294	524.5978	0.6378	nan	141.5766	318.3126	65.5957	92.5022	60.6775	76.2951	99.5369	0.8720	507.8370	-22.5725	-4.6516	98.5241	67.0657	0.0960	
13632.4809	13632.4809	0.0000	0.0000	0.2228	0.2516	0.2436	-0.0208	-9.3494	0.0152	0.0152	-4.8873	-1.7817	2.7452	-3.3094	0.4655	2.3004	2.2911	0.0094	0.4079	0.0000	-10.6355	117.7334	144.9305	139.4077	-5.5228	-3.9616	513.8534	485.6022	-28.2512	-5.8178	170.2413	4.8367	524.8800	0.6375	nan	141.5688	318.0355	65.4933	92.5168	60.5923	77.3628	100.2316	0.8742	509.0955	-23.4933	-4.8380	98.4735	67.5894	0.0968	
13506.5629	13506.5629	0.0000	0.0000	0.2248	0.2378	0.2564	-0.0316	-14.0715	0.0160	0.0150	-5.0867	-1.9626	2.5985	-3.3460	0.4531	2.3003	2.2841	0.0162	0.7032	0.0000	-17.0621	115.4376	143.2150	139.1005	-4.1145	-2.9579	498.0382	485.9425	-12.0957	-2.4891	169.9740	4.8544	525.2750	0.6366	nan	141.4094	317.8876	65.4167	92.5120	60.5183	78.4375	100.9341	0.8768	513.9858	-28.0433	-5.7709	98.3673	67.7366	0.0977	
13370.3789	13370.3789	0.0000	0.0000	0.2283	0.2942	0.2704	-0.0421	-18.4162	0.0157	0.0174	-4.6649	-1.6100	2.9035	-3.1654	0.5179	2.2993	2.2942	0.0052	0.2259	0.0000	-6.5365	124.1595	152.4802	138.9611	-13.5191	-9.7287	557.3151	484.4967	-72.8185	-15.0297	169.9419	4.8655	523.8600	0.6336	nan	141.6271	319.6984	65.9859	92.4859	61.0276	79.4469	101.6103	0.8755	515.9250	-31.4283	-6.4868	98.1176	64.2241	0.0993	
13359.9045	13359.9045	0.0000	0.0000	0.2299	0.2308	0.2733	-0.0434	-18.8982	0.0164	0.0140	-4.0856	-1.5030	2.8792	-3.4107	0.5073	2.2977	2.2871	0.0105	0.4586	0.0000	-13.5563	120.7625	149.0787	139.2037	-9.8750	-7.0939	552.9141	487.2378	-65.6763	-13.4793	170.1812	4.8881	526.7500	0.6332	nan	141.8750	321.6257	66.0101	92.4989	61.0586	80.4243	102.2722	0.8795	514.0490	-26.8113	-5.5027	98.1171	64.8604	0.1001	
13365.9374	13365.9374	0.0000	0.0000	0.2298	0.2615	0.2758	-0.0461	-20.0441	0.0149	0.0156	-4.6201	-1.5034	3.1275	-3.1289	0.5082	2.2977	2.2899	0.0077	0.3366	0.0000	-7.9396	122.7514	150.7055	139.3774	-11.3280	-8.1276	594.9271	486.8433	-108.0838	-22.2009	170.3204	4.8819	526.2389	0.6329	nan	142.0342	321.6151	66.0614	92.5137	61.1159	81.3650	102.9211	0.8777	509.0291	-22.1857	-4.5571	98.1295	64.1633	0.1000	
13272.9842	13272.9842	0.0000	0.0000	0.2330	0.2336	0.2846	-0.0516	-22.1414	0.0166	0.0147	-3.8301	-1.3121	2.9809	-3.3368	0.4770	2.2962	2.2827	0.0135	0.5867	0.0000	-13.5968	122.3922	151.0328	139.2160	-11.8168	-8.4881	577.7710	487.0729	-90.6981	-18.6211	170.2037	4.8952	526.5143	0.6319	nan	142.0199	323.8536	66.4902	92.5089	61.5094	82.2127	103.5180	0.8797	509.6895	-22.6167	-4.6434	98.0257	62.0036	0.1015	

Torque compensated Offset = 	0
Mean Torque Mainboard Error perc = 	-19.74199450677074


