WindyBPMp40_OrcaH24__YC105__Dyno_Low_Speed_Torque__230Vac_40C_20250210_143627
Report created on: 2025/02/10: 16:07:10


Step N. = 	0
Target Speed = 	400

Speed Mainboard (rpm_M)	Speed TestBench (rpm_M)	Speed Error (rpm_M)	Speed Error %	Torque TestBench (Nm_M)	Torque Ref (Nm)	Torque MainBoard (Nm_M)	Torque MainBoard Error (Nm_M)	Torque MainBoard Error %	Flux Ref (V/rad/s)	Flux (V/rad/s)	Id * Iq (A^2)	Id (Apeak)	Iq (Apeak)	Id Rotor (Apeak)	Iq Rotor (Apeak)	IMotor Measured (Arms)	IMotor MainBoard (Arms)	IMotor Error (Arms)	IMotor Error %	Motor Current THD %	Vsdref (Vpeak)	Vsqref (Vpeak)	Vout MainBoard (Vrms)	Vout Measured (Vrms)	Vout Error (Vrms)	Vout Error %	Motor Power MainBoard (W)	Motor Power Measured (W)	Motor Power Error (W)	Motor Power Error %	Line Voltage (Vrms)	Line Current (Arms)	Line Power (W)	Line Power Factor	Bulk Ripple (V)	DC Bus Voltage (Vrms)	Motor Mechanical Power (W)	Motor Efficiency	Inverter Efficiency	Overall Efficiency	Temperature (deg C)	Estimated Temperature (deg C)	Motor cos-phi	Electrical Power Alpha-Beta [W]	Electrical Power Error [W]	Electrical Power Error [%]	Bus Voltage Usage [%]	Rotational Losses [W]	Kt [Nm/Arms]	
401.1129	399.6667	-1.4463	-0.3619	2.2020	2.7048	2.7718	-0.5698	-25.8744	0.1204	0.1191	13.7383	3.5645	3.8604	-1.3479	5.0286	3.6486	3.6580	-0.0094	-0.2569	0.0000	21.4585	41.9317	57.7344	57.3379	-0.3965	-0.6916	356.9319	348.2567	-8.6752	-2.4910	230.3542	2.9745	405.1267	0.5913	nan	208.8962	92.1603	26.4641	85.9619	22.7489	50.6072	59.8685	0.9611	348.9104	-0.6538	-0.1877	27.4480	26.9886	0.6035	
405.7185	397.1111	-8.6074	-2.1675	2.0983	2.5779	2.4957	-0.3973	-18.9351	0.1148	0.1158	11.4054	3.1625	3.6063	-1.3429	4.8106	3.4701	3.5468	-0.0767	-2.2109	0.0000	22.1459	41.4064	57.5245	57.0768	-0.4477	-0.7844	328.8043	331.4511	2.6468	0.7985	230.3587	2.8745	383.4300	0.5791	nan	209.9426	87.2600	26.3269	86.4435	22.7579	62.1527	76.0393	0.9662	342.4534	-11.0023	-3.3194	27.1868	28.2194	0.6047	
407.0496	400.2222	-6.8274	-1.7059	1.9993	2.4522	2.4164	-0.4171	-20.8608	0.1123	0.1127	10.6257	2.9691	3.5757	-1.3020	4.4509	3.3047	3.3759	-0.0713	-2.1562	0.0000	19.7440	42.1691	57.0342	56.4300	-0.6042	-1.0706	314.2499	313.4689	-0.7810	-0.2491	230.3709	2.7508	361.6156	0.5706	nan	211.0444	83.7944	26.7316	86.6856	23.1725	72.5913	86.9562	0.9705	323.0192	-9.5503	-3.0467	26.7384	26.6368	0.6050	
398.1418	400.1111	1.9693	0.4922	1.8994	2.4093	2.3478	-0.4483	-23.6029	0.1094	0.1111	9.1816	2.5679	3.5755	-1.3026	4.3673	3.1518	3.2155	-0.0637	-2.0198	0.0000	19.6895	41.4917	56.2511	55.3536	-0.8975	-1.6214	298.4183	294.3878	-4.0305	-1.3691	230.4003	2.6124	339.2200	0.5636	nan	212.0033	79.5859	27.0347	86.7837	23.4617	80.9763	93.5586	0.9742	303.9862	-9.5984	-3.2605	26.1098	24.8701	0.6026	
403.2391	399.4286	-3.8106	-0.9540	1.7997	2.3019	2.3039	-0.5042	-28.0175	0.1089	0.1086	8.8993	2.5248	3.5229	-1.2812	4.0906	3.0090	3.0692	-0.0602	-2.0008	0.0000	17.3744	41.8040	55.4531	54.0183	-1.4348	-2.6562	287.0606	275.2357	-11.8248	-4.2963	230.4190	2.4693	317.0843	0.5573	nan	212.9335	75.2786	27.3507	86.8020	23.7409	87.6622	97.1180	0.9776	286.5359	-11.3001	-4.1056	25.3687	23.0400	0.5981	
410.2772	399.3333	-10.9439	-2.7405	1.6999	2.1787	2.1679	-0.4680	-27.5299	0.1054	0.1057	7.4033	2.1602	3.4274	-1.3410	3.9196	2.8709	2.9285	-0.0575	-2.0043	0.0000	16.2164	40.4544	53.3816	52.4544	-0.9272	-1.7676	260.6645	255.8289	-4.8356	-1.8902	230.4537	2.3224	294.9744	0.5511	nan	213.7948	71.0861	27.7867	86.7292	24.0992	92.6699	98.4604	0.9808	265.2937	-9.4648	-3.6997	24.5350	21.0974	0.5921	
404.4800	400.2222	-4.2578	-1.0639	1.5996	2.1079	2.0795	-0.4799	-30.0043	0.1034	0.1039	6.4510	1.9337	3.3363	-1.3927	3.6296	2.7379	2.7774	-0.0395	-1.4431	0.0000	13.7431	39.8020	51.5766	50.7228	-0.8538	-1.6833	239.0434	236.6311	-2.4122	-1.0194	230.5166	2.1734	273.2256	0.5454	nan	214.7821	67.0392	28.3308	86.6065	24.5363	96.6497	98.2354	0.9838	245.6011	-8.9700	-3.7907	23.6160	18.8884	0.5842	
398.4931	398.2222	-0.2709	-0.0680	1.4990	2.0370	2.0367	-0.5377	-35.8693	0.1017	0.1017	5.8078	1.7387	3.3413	-1.3408	3.4826	2.6041	2.6415	-0.0375	-1.4387	0.0000	12.4170	38.9724	50.1126	48.8072	-1.3054	-2.6745	227.7704	217.1567	-10.6137	-4.8876	230.5599	2.0205	251.3033	0.5395	nan	215.7171	62.5109	28.7862	86.4122	24.8747	99.1712	96.9429	0.9865	225.3349	-8.1783	-3.7661	22.6256	17.2396	0.5756	
404.0245	399.7778	-4.2467	-1.0623	1.4000	1.8982	1.9232	-0.5232	-37.3742	0.0991	0.0987	4.8671	1.4962	3.2445	-1.2945	3.2734	2.4662	2.5184	-0.0522	-2.1177	0.0000	10.8627	37.4604	47.7759	46.7106	-1.0654	-2.2808	206.9268	197.3056	-9.6213	-4.8763	230.5371	1.8625	228.9989	0.5333	nan	216.5404	58.6105	29.7055	86.1601	25.5943	100.7183	94.8935	0.9889	204.9501	-7.6445	-3.8745	21.5714	14.8644	0.5677	
405.0455	400.2500	-4.7955	-1.1981	1.2997	1.7509	1.7481	-0.4483	-34.4949	0.0950	0.0950	3.6183	1.1831	3.0632	-1.3022	3.0253	2.3206	2.3377	-0.0171	-0.7389	0.0000	9.1295	35.7031	45.1356	44.4175	-0.7181	-1.6166	180.2336	176.9538	-3.2798	-1.8535	230.4584	1.7005	206.1300	0.5260	nan	217.4648	54.4778	30.7865	85.8457	26.4289	101.4032	92.1895	0.9912	180.2696	-3.3159	-1.8739	20.4251	12.6041	0.5601	
401.3162	398.0000	-3.3162	-0.8332	1.1998	1.6544	1.6302	-0.4304	-35.8720	0.0922	0.0929	2.8724	0.9745	2.9411	-1.2814	2.8559	2.1688	2.2380	-0.0692	-3.1899	0.0000	7.7597	34.2716	43.0431	41.9892	-1.0538	-2.5098	162.6994	156.6667	-6.0327	-3.8507	230.4256	1.5345	183.4867	0.5189	nan	218.0174	50.0049	31.9180	85.3831	27.2526	101.2879	89.2360	0.9932	164.0886	-7.4220	-4.7374	19.2597	10.7248	0.5532	
405.6495	399.2222	-6.4273	-1.6100	1.0983	1.5001	1.4963	-0.3980	-36.2371	0.0894	0.0896	2.3192	0.8306	2.7824	-1.2579	2.6201	2.0157	2.0868	-0.0711	-3.5260	0.0000	6.2357	32.7495	40.8348	39.5618	-1.2730	-3.2178	144.6655	137.4344	-7.2311	-5.2615	230.5729	1.3747	161.9233	0.5108	nan	218.9054	45.9174	33.4105	84.8762	28.3576	100.4538	85.9375	0.9950	145.7824	-8.3479	-6.0741	18.0727	8.8569	0.5449	
402.8810	399.8889	-2.9921	-0.7482	0.9996	1.3571	1.3484	-0.3489	-34.9016	0.0863	0.0864	1.6626	0.6380	2.6017	-1.2071	2.3940	1.8638	1.9256	-0.0618	-3.3178	0.0000	4.7622	30.7438	38.1086	37.1136	-0.9950	-2.6810	124.6935	119.3956	-5.2980	-4.4373	230.7694	1.2215	141.7378	0.5028	nan	219.9420	41.8576	35.0579	84.2369	29.5317	98.9306	82.3392	0.9966	126.0001	-6.6045	-5.5317	16.8743	7.2051	0.5363	
402.2059	399.5556	-2.6503	-0.6633	0.9003	1.2246	1.2073	-0.3070	-34.0969	0.0833	0.0835	1.1444	0.4714	2.4164	-1.1269	2.1637	1.7018	1.7690	-0.0672	-3.9477	0.0000	3.3063	29.0423	35.8046	34.5541	-1.2504	-3.6188	107.7739	101.6356	-6.1383	-6.0396	230.8547	1.0674	121.7689	0.4942	nan	220.8164	37.6712	37.0651	83.4659	30.9367	96.8647	78.7679	0.9979	108.4753	-6.8397	-6.7297	15.6484	5.7010	0.5291	
398.5958	401.5000	2.9042	0.7233	0.7995	1.0931	1.0733	-0.2738	-34.2471	0.0804	0.0807	0.5150	0.2279	2.2215	-1.0786	1.9543	1.5393	1.5938	-0.0545	-3.5418	0.0000	2.2173	26.9982	33.1886	31.9555	-1.2331	-3.8588	90.9539	85.0775	-5.8764	-6.9071	230.8650	0.9221	103.1625	0.4846	nan	221.5557	33.6149	39.5111	82.4694	32.5846	94.3179	75.1500	0.9986	91.7023	-6.6248	-7.7868	14.4233	4.1758	0.5194	
406.6106	400.8889	-5.7217	-1.4273	0.7004	0.9308	0.9399	-0.2395	-34.1878	0.0778	0.0778	0.1932	0.0946	2.0107	-1.0230	1.7438	1.3826	1.4482	-0.0657	-4.7504	0.0000	1.2071	25.3609	31.0986	29.3804	-1.7182	-5.8480	76.7327	70.2089	-6.5238	-9.2920	230.8211	0.7882	86.4467	0.4752	nan	222.1857	29.4054	41.8831	81.2164	34.0159	91.5152	71.7002	0.9979	77.1427	-6.9338	-9.8759	13.2234	2.9914	0.5066	
401.7980	401.0000	-0.7980	-0.1990	0.5990	0.8308	0.8318	-0.2328	-38.8639	0.0762	0.0760	-0.1130	-0.0634	1.8246	-0.9345	1.5249	1.2207	1.2918	-0.0711	-5.8277	0.0000	0.1975	23.6094	28.9174	26.9011	-2.0163	-7.4952	64.6640	56.5844	-8.0796	-14.2788	230.7344	0.6558	70.9833	0.4691	nan	222.6305	25.1536	44.4538	79.7149	35.4363	88.3887	68.3946	0.9948	63.8559	-7.2715	-12.8507	12.0834	2.2468	0.4907	
402.1534	399.5000	-2.6534	-0.6642	0.4998	0.7049	0.7125	-0.2127	-42.5632	0.0747	0.0745	-0.3246	-0.2099	1.5893	-0.8814	1.3001	1.0547	1.1341	-0.0793	-7.5196	0.0000	-0.7561	21.6935	26.5870	24.4748	-2.1122	-8.6302	52.0607	44.1638	-7.8970	-17.8811	230.6330	0.5367	56.8275	0.4591	nan	222.9180	20.9074	47.3424	77.7149	36.7919	85.1218	65.2500	0.9877	51.5753	-7.4116	-16.7820	10.9793	1.6968	0.4738	
405.3733	401.5000	-3.8733	-0.9647	0.3992	0.5504	0.5563	-0.1570	-39.3250	0.0735	0.0735	-0.3347	-0.2655	1.2620	-0.7443	1.0706	0.8706	0.9401	-0.0695	-7.9840	0.0000	-1.0939	19.7807	24.2679	22.0455	-2.2224	-10.0810	37.9324	32.3750	-5.5574	-17.1659	230.5507	0.4221	43.3025	0.4450	nan	223.4703	16.7864	51.8517	74.7645	38.7665	81.7230	62.2434	0.9738	38.2646	-5.8896	-18.1917	9.8651	1.0607	0.4586	
402.5310	400.5000	-2.0310	-0.5071	0.2999	0.4286	0.4270	-0.1271	-42.3963	0.0725	0.0726	-0.3031	-0.3149	0.9788	-0.6409	0.8391	0.6796	0.7517	-0.0721	-10.6022	0.0000	-1.3616	17.9104	22.0016	19.6550	-2.3466	-11.9388	27.0367	21.8700	-5.1667	-23.6244	230.4874	0.3162	31.0450	0.4260	nan	224.0879	12.5767	57.5078	70.4465	40.5122	78.2027	59.3636	0.9453	27.4607	-5.5907	-25.5632	8.7712	0.5431	0.4412	
404.3294	400.8889	-3.4405	-0.8582	0.2042	0.3021	0.3083	-0.1041	-50.9563	0.0716	0.0716	-0.2192	-0.3064	0.7184	-0.4635	0.6440	0.4677	0.5826	-0.1149	-24.5727	0.0000	-1.1952	16.2659	19.9779	17.5481	-2.4297	-13.8462	18.2006	12.8011	-5.3995	-42.1802	230.4942	0.2195	20.4733	0.4046	nan	224.6613	8.5737	67.0224	62.5091	41.8875	74.8518	56.9036	0.9003	18.4013	-5.6002	-43.7480	7.8110	0.1298	0.4367	



Step N. = 	1
Target Speed = 	450

Speed Mainboard (rpm_M)	Speed TestBench (rpm_M)	Speed Error (rpm_M)	Speed Error %	Torque TestBench (Nm_M)	Torque Ref (Nm)	Torque MainBoard (Nm_M)	Torque MainBoard Error (Nm_M)	Torque MainBoard Error %	Flux Ref (V/rad/s)	Flux (V/rad/s)	Id * Iq (A^2)	Id (Apeak)	Iq (Apeak)	Id Rotor (Apeak)	Iq Rotor (Apeak)	IMotor Measured (Arms)	IMotor MainBoard (Arms)	IMotor Error (Arms)	IMotor Error %	Motor Current THD %	Vsdref (Vpeak)	Vsqref (Vpeak)	Vout MainBoard (Vrms)	Vout Measured (Vrms)	Vout Error (Vrms)	Vout Error %	Motor Power MainBoard (W)	Motor Power Measured (W)	Motor Power Error (W)	Motor Power Error %	Line Voltage (Vrms)	Line Current (Arms)	Line Power (W)	Line Power Factor	Bulk Ripple (V)	DC Bus Voltage (Vrms)	Motor Mechanical Power (W)	Motor Efficiency	Inverter Efficiency	Overall Efficiency	Temperature (deg C)	Estimated Temperature (deg C)	Motor cos-phi	Electrical Power Alpha-Beta [W]	Electrical Power Error [W]	Electrical Power Error [%]	Bus Voltage Usage [%]	Rotational Losses [W]	Kt [Nm/Arms]	
449.3515	449.8889	0.5374	0.1195	2.2999	2.5733	2.6051	-0.3052	-13.2700	0.1168	0.1156	15.7363	4.2287	3.7225	-1.5848	5.3060	3.9064	3.9174	-0.0110	-0.2806	0.0000	27.9185	45.9612	65.8964	64.0496	-1.8469	-2.8835	433.7139	412.2367	-21.4772	-5.2099	230.3641	3.4432	476.7889	0.6011	nan	206.5333	108.3530	26.2863	86.4601	22.7268	58.2247	87.9083	0.9512	423.7245	-11.4879	-2.7867	31.0117	33.9553	0.5888	
443.4400	449.1111	5.6711	1.2627	2.2004	2.4868	2.4357	-0.2352	-10.6894	0.1134	0.1127	14.1849	3.9752	3.5715	-1.6207	5.0747	3.7059	3.7175	-0.0115	-0.3114	0.0000	27.0086	46.7368	66.1532	64.1917	-1.9615	-3.0558	411.7259	394.3589	-17.3670	-4.4039	230.4872	3.3394	452.8544	0.5884	nan	208.0296	103.4886	26.2426	87.0826	22.8527	72.8151	105.0841	0.9571	404.7674	-10.4085	-2.6393	30.8570	35.3381	0.5938	
455.1774	449.7143	-5.4631	-1.2148	2.0990	2.3554	2.3929	-0.2939	-14.0020	0.1105	0.1104	12.2787	3.4022	3.6048	-1.3781	4.7234	3.5188	3.5321	-0.0133	-0.3774	0.0000	24.7787	46.2184	64.2423	63.6719	-0.5705	-0.8960	376.3960	373.2986	-3.0974	-0.8297	230.6253	3.1964	427.0886	0.5794	nan	209.2899	98.8502	26.4806	87.4053	23.1454	85.8014	116.0397	0.9619	379.8620	-6.5635	-1.7582	30.4228	33.9568	0.5965	
456.6390	447.7778	-8.8612	-1.9789	1.9997	2.2928	2.3689	-0.3693	-18.4660	0.1094	0.1086	11.7271	3.2312	3.6275	-1.4811	4.5320	3.3441	3.3559	-0.0118	-0.3525	0.0000	23.6091	46.2604	63.6417	62.6917	-0.9500	-1.5153	366.1039	350.8622	-15.2417	-4.3441	230.7467	3.0341	400.7300	0.5724	nan	210.5108	93.7668	26.7251	87.5557	23.3993	96.1830	122.4193	0.9663	358.8445	-7.9823	-2.2750	29.7808	32.5999	0.5980	
455.3481	449.0000	-6.3481	-1.4138	1.9007	2.2451	2.2803	-0.3797	-19.9755	0.1079	0.1074	10.0068	2.8330	3.5379	-1.3244	4.3491	3.1816	3.1926	-0.0110	-0.3462	0.0000	22.1914	45.6507	62.1830	61.2794	-0.9036	-1.4745	336.5335	327.6144	-8.9190	-2.7224	230.7891	2.8639	373.9733	0.5658	nan	211.5708	89.3678	27.2785	87.6036	23.8970	104.5600	125.5254	0.9702	332.6931	-5.0786	-1.5502	28.9640	29.7022	0.5974	
450.5078	449.0000	-1.5078	-0.3358	1.7997	2.2069	2.1671	-0.3674	-20.4170	0.1062	0.1061	8.7696	2.5866	3.3892	-1.3548	4.0913	3.0300	3.0421	-0.0121	-0.3999	0.0000	19.4659	45.6097	60.7483	59.6160	-1.1323	-1.8993	307.5680	304.6333	-2.9347	-0.9634	230.7832	2.6928	347.7700	0.5596	nan	212.6295	84.6189	27.7776	87.5962	24.3321	111.0952	126.2253	0.9737	309.6450	-5.0117	-1.6452	28.0375	27.1009	0.5940	
453.1542	447.7778	-5.3764	-1.2007	1.6994	2.1188	2.1459	-0.4464	-26.2683	0.1046	0.1039	7.8490	2.2924	3.4243	-1.4183	3.8817	2.8854	2.8970	-0.0116	-0.4016	0.0000	17.5704	44.5435	58.6509	57.7309	-0.9201	-1.5937	289.2720	281.8811	-7.3908	-2.6220	230.7227	2.5206	322.0789	0.5538	nan	213.4889	79.6891	28.2706	87.5193	24.7422	115.9184	125.2859	0.9770	285.7811	-3.9000	-1.3836	27.0416	24.7292	0.5890	
448.1547	448.5556	0.4009	0.0894	1.5998	2.0551	2.0609	-0.4611	-28.8229	0.1017	0.1023	6.3829	1.8846	3.3867	-1.3949	3.6097	2.7434	2.7548	-0.0114	-0.4167	0.0000	14.9937	42.9292	55.6999	55.6310	-0.0689	-0.1238	260.4707	259.0789	-1.3918	-0.5372	230.6234	2.3440	296.5433	0.5486	nan	214.2969	75.1459	29.0053	87.3663	25.3409	119.3997	123.2059	0.9801	261.7510	-2.6721	-1.0314	25.9598	21.8592	0.5831	
445.2191	450.3333	5.1143	1.1357	1.5000	1.9653	1.9122	-0.4122	-27.4785	0.0993	0.0999	5.5088	1.7134	3.2145	-1.3591	3.3948	2.6010	2.6134	-0.0125	-0.4793	0.0000	13.1199	42.0570	53.9584	53.3757	-0.5828	-1.0918	236.4873	236.3367	-0.1506	-0.0637	230.5077	2.1696	271.0900	0.5421	nan	215.2011	70.7382	29.9311	87.1801	26.0940	121.5112	120.4311	0.9829	239.3379	-3.0013	-1.2699	24.8027	19.0171	0.5767	
452.8384	449.4000	-3.4384	-0.7651	1.4003	1.8068	1.8578	-0.4575	-32.6741	0.0971	0.0967	4.8384	1.5128	3.1996	-1.2136	3.2492	2.4552	2.4662	-0.0111	-0.4504	0.0000	11.9561	39.9132	51.0312	50.9338	-0.0974	-0.1913	218.7382	213.4600	-5.2782	-2.4727	230.4849	1.9895	245.5450	0.5355	nan	216.1449	65.8996	30.8722	86.9331	26.8381	122.6605	117.1240	0.9855	215.8896	-2.4296	-1.1382	23.5647	16.5143	0.5703	
446.7718	450.3333	3.5616	0.7909	1.2999	1.7066	1.6610	-0.3611	-27.7813	0.0930	0.0939	3.7287	1.2539	2.9734	-1.3320	2.9593	2.3044	2.3138	-0.0094	-0.4092	0.0000	9.4346	38.7579	48.8555	48.3221	-0.5334	-1.1038	190.6081	190.5567	-0.0514	-0.0270	230.5102	1.8070	220.1089	0.5284	nan	217.1095	61.3013	32.1696	86.5738	27.8504	122.8129	113.1891	0.9880	193.2983	-2.7417	-1.4388	22.2570	13.7604	0.5641	
449.6209	449.2222	-0.3987	-0.0887	1.1994	1.5508	1.5412	-0.3418	-28.4953	0.0902	0.0906	2.8747	1.0065	2.8562	-1.2332	2.7376	2.1449	2.1543	-0.0095	-0.4425	0.0000	7.7843	36.6737	45.9171	45.5639	-0.3532	-0.7752	168.8837	167.6344	-1.2493	-0.7452	230.5697	1.6234	194.5578	0.5198	nan	218.1259	56.4248	33.6595	86.1618	29.0016	122.0840	109.1106	0.9903	169.5815	-1.9470	-1.1615	20.8888	11.3649	0.5592	
450.4610	449.2500	-1.2110	-0.2695	1.0996	1.4072	1.4311	-0.3315	-30.1452	0.0877	0.0875	2.3681	0.8702	2.7213	-1.1666	2.5717	1.9875	1.9961	-0.0085	-0.4302	0.0000	6.7465	34.3428	42.8675	42.8464	-0.0211	-0.0493	149.0156	146.3712	-2.6444	-1.8066	230.6684	1.4478	170.8788	0.5117	nan	219.0931	51.7324	35.3433	85.6580	30.2743	120.5436	104.7643	0.9923	148.3776	-2.0064	-1.3707	19.5562	9.2855	0.5533	
447.1940	450.0000	2.8060	0.6235	0.9992	1.2885	1.2802	-0.2810	-28.1201	0.0845	0.0848	1.6644	0.6577	2.5306	-1.1265	2.3427	1.8328	1.8408	-0.0080	-0.4338	0.0000	5.2302	32.6822	40.5373	40.2000	-0.3373	-0.8390	129.2189	126.8775	-2.3414	-1.8454	230.7620	1.2844	149.1450	0.5032	nan	220.0039	47.0886	37.1134	85.0699	31.5724	118.4413	100.7382	0.9942	128.7652	-1.8877	-1.4878	18.2724	7.6522	0.5452	
450.0578	448.8889	-1.1689	-0.2604	0.8992	1.1336	1.1255	-0.2263	-25.1689	0.0813	0.0815	1.0517	0.4562	2.3054	-1.0427	2.1054	1.6667	1.6740	-0.0073	-0.4355	0.0000	3.6416	30.7241	37.8945	37.3869	-0.5076	-1.3578	108.7460	107.5089	-1.2371	-1.1507	230.8299	1.1185	127.5733	0.4941	nan	220.8928	42.2703	39.3179	84.2722	33.1341	115.8583	96.4752	0.9961	109.3786	-1.8697	-1.7391	16.9253	6.0364	0.5395	
450.5754	450.3333	-0.2420	-0.0537	0.7993	0.9955	0.9902	-0.1908	-23.8754	0.0789	0.0788	0.7471	0.3557	2.0989	-0.9578	1.9090	1.4988	1.5055	-0.0067	-0.4466	0.0000	2.7794	28.7908	35.4258	34.5428	-0.8830	-2.5564	92.1404	89.4733	-2.6671	-2.9809	230.8608	0.9608	107.3633	0.4840	nan	221.6656	37.6957	42.1311	83.3369	35.1107	112.8223	92.4963	0.9978	91.9276	-2.4542	-2.7430	15.5833	4.3319	0.5333	
450.3999	450.5556	0.1557	0.0346	0.6993	0.8673	0.8724	-0.1731	-24.7506	0.0769	0.0767	0.2721	0.1443	1.8881	-0.9000	1.6818	1.3334	1.3398	-0.0065	-0.4842	0.0000	1.4290	26.6587	32.6976	31.7333	-0.9643	-3.0387	75.8202	73.1822	-2.6380	-3.6046	230.8626	0.8142	89.0722	0.4739	nan	222.3715	32.9960	45.0876	82.1605	37.0441	109.3915	88.5257	0.9986	75.6041	-2.4219	-3.3094	14.2704	3.0197	0.5245	
451.3700	451.2222	-0.1477	-0.0327	0.5999	0.7351	0.7458	-0.1459	-24.3214	0.0748	0.0749	-0.1319	-0.0793	1.6611	-0.8420	1.4261	1.1636	1.1685	-0.0048	-0.4153	0.0000	0.1704	24.4729	29.9744	29.0143	-0.9601	-3.3090	60.9637	58.3200	-2.6437	-4.5331	230.8172	0.6732	72.3622	0.4657	nan	222.9536	28.3459	48.6044	80.5944	39.1724	105.7319	84.8282	0.9973	60.7331	-2.4131	-4.1377	13.0136	1.9793	0.5155	
449.0155	451.1250	2.1095	0.4676	0.5001	0.6283	0.6338	-0.1337	-26.7303	0.0739	0.0738	-0.1717	-0.1204	1.4266	-0.6909	1.2438	0.9962	1.0004	-0.0042	-0.4212	0.0000	-0.2918	22.7266	27.8369	26.5065	-1.3304	-5.0193	48.6901	45.4363	-3.2538	-7.1612	230.7276	0.5519	57.7775	0.4537	nan	223.2654	23.6268	52.0002	78.6399	40.8929	102.0392	81.4190	0.9934	47.8850	-2.4487	-5.3893	11.8722	1.5214	0.5020	
448.1946	450.7500	2.5554	0.5669	0.3998	0.5059	0.5018	-0.1021	-25.5386	0.0731	0.0732	-0.2713	-0.2373	1.1450	-0.5854	0.9943	0.8098	0.8143	-0.0046	-0.5631	0.0000	-0.9103	20.7579	25.4492	23.9690	-1.4802	-6.1754	35.9926	33.1125	-2.8801	-8.6980	230.6395	0.4300	43.7575	0.4412	nan	223.8115	18.8692	56.9857	75.6727	43.1226	97.9692	78.1273	0.9850	35.4862	-2.3737	-7.1686	10.7095	1.0062	0.4937	
450.6349	450.6667	0.0318	0.0070	0.3011	0.3609	0.3587	-0.0576	-19.1408	0.0720	0.0719	-0.1543	-0.1879	0.8279	-0.4189	0.7569	0.6173	0.6182	-0.0009	-0.1426	0.0000	-0.7586	18.8286	23.0807	21.4960	-1.5847	-7.3720	23.6211	22.2033	-1.4178	-6.3855	230.5979	0.3188	31.1733	0.4240	nan	224.4530	14.2107	64.0075	71.2244	45.5881	94.0049	75.1586	0.9660	24.0640	-1.8606	-8.3799	9.5771	0.3938	0.4877	
450.2098	451.2857	1.0759	0.2384	0.2044	0.2270	0.2226	-0.0182	-8.8856	0.0711	0.0710	-0.0709	-0.1359	0.5221	-0.2294	0.4893	0.3973	0.3929	0.0044	1.1019	0.0000	-0.5743	16.6172	20.3641	19.4281	-0.9359	-4.8173	13.1308	12.7686	-0.3622	-2.8367	230.5869	0.2178	20.1329	0.4009	nan	225.2060	9.6613	75.7379	63.3947	48.0040	90.3108	72.6315	0.9549	13.3067	-0.5381	-4.2143	8.6268	-0.0031	0.5146	



Step N. = 	2
Target Speed = 	780

Speed Mainboard (rpm_M)	Speed TestBench (rpm_M)	Speed Error (rpm_M)	Speed Error %	Torque TestBench (Nm_M)	Torque Ref (Nm)	Torque MainBoard (Nm_M)	Torque MainBoard Error (Nm_M)	Torque MainBoard Error %	Flux Ref (V/rad/s)	Flux (V/rad/s)	Id * Iq (A^2)	Id (Apeak)	Iq (Apeak)	Id Rotor (Apeak)	Iq Rotor (Apeak)	IMotor Measured (Arms)	IMotor MainBoard (Arms)	IMotor Error (Arms)	IMotor Error %	Motor Current THD %	Vsdref (Vpeak)	Vsqref (Vpeak)	Vout MainBoard (Vrms)	Vout Measured (Vrms)	Vout Error (Vrms)	Vout Error %	Motor Power MainBoard (W)	Motor Power Measured (W)	Motor Power Error (W)	Motor Power Error %	Line Voltage (Vrms)	Line Current (Arms)	Line Power (W)	Line Power Factor	Bulk Ripple (V)	DC Bus Voltage (Vrms)	Motor Mechanical Power (W)	Motor Efficiency	Inverter Efficiency	Overall Efficiency	Temperature (deg C)	Estimated Temperature (deg C)	Motor cos-phi	Electrical Power Alpha-Beta [W]	Electrical Power Error [W]	Electrical Power Error [%]	Bus Voltage Usage [%]	Rotational Losses [W]	Kt [Nm/Arms]	
756.8929	750.0000	-6.8929	-0.9191	2.4004	2.5715	2.5626	-0.1622	-6.7553	0.1163	0.1157	17.1518	4.6296	3.6951	-2.0046	5.5755	4.2156	4.2276	-0.0119	-0.2828	0.0000	31.2789	62.0750	85.1574	83.2961	-1.8613	-2.2346	559.9008	548.8933	-11.0074	-2.0054	230.6634	4.4280	625.9689	0.6129	nan	202.3867	188.5304	34.3492	87.6864	30.1193	60.8189	95.0686	0.9025	562.4532	-13.5599	-2.4704	41.1570	43.1069	0.5694	
782.2726	769.5556	-12.7171	-1.6525	2.2946	2.3994	2.5181	-0.2235	-9.7408	0.1127	0.1114	16.5230	4.4114	3.7672	-1.9014	5.3682	3.9858	3.9922	-0.0064	-0.1597	0.0000	30.3768	63.6412	86.4661	84.2993	-2.1668	-2.5704	559.4614	531.9100	-27.5514	-5.1797	230.7517	4.3150	601.6844	0.6043	nan	203.4030	184.9128	34.7650	88.4032	30.7333	78.2372	116.8094	0.9140	542.3667	-10.4567	-1.9659	41.4446	45.9943	0.5757	
761.1492	777.2500	16.1008	2.0715	2.2000	2.4421	2.2733	-0.0733	-3.3340	0.1096	0.1103	13.7298	3.9988	3.4299	-2.0718	4.8841	3.7851	3.7953	-0.0102	-0.2691	0.0000	28.3702	62.5017	84.1174	84.3988	0.2813	0.3333	491.0929	509.8675	18.7746	3.6822	230.6210	4.1651	574.1400	0.5977	nan	204.3068	179.0654	35.1204	88.8053	31.1888	93.6717	131.2523	0.9215	518.0727	-8.2052	-1.6093	41.3098	45.4431	0.5812	
777.5990	779.5556	1.9566	0.2510	2.0996	2.3040	2.3053	-0.2058	-9.8012	0.1078	0.1090	12.6586	3.5392	3.5769	-1.5586	4.8329	3.5968	3.6073	-0.0105	-0.2921	0.0000	28.6902	62.6658	84.4951	83.3751	-1.1200	-1.3433	487.9467	481.9256	-6.0211	-1.2494	230.4144	3.9732	541.4033	0.5914	nan	205.2450	171.3969	35.5654	89.0141	31.6582	105.8970	139.6057	0.9278	488.2776	-6.3521	-1.3181	40.6223	42.9148	0.5837	
774.0398	779.7500	5.7102	0.7323	1.9985	2.2624	2.2649	-0.2664	-13.3294	0.1067	0.1071	11.7015	3.2937	3.5464	-1.5989	4.6119	3.4129	3.4219	-0.0090	-0.2634	0.0000	26.0727	61.9522	82.4049	81.7810	-0.6239	-0.7629	457.7418	451.4300	-6.3118	-1.3982	230.3562	3.7583	506.4300	0.5850	nan	206.5428	163.1880	36.1494	89.1396	32.2234	115.9697	143.9311	0.9338	456.7627	-5.3327	-1.1813	39.5952	39.9132	0.5856	
789.9107	779.5556	-10.3552	-1.3283	1.8984	2.1082	2.1357	-0.2373	-12.4994	0.1044	0.1044	10.0749	2.9510	3.4145	-1.3579	4.3769	3.2344	3.2438	-0.0094	-0.2913	0.0000	24.5403	60.6550	80.1556	79.6368	-0.5188	-0.6514	418.9248	418.9911	0.0663	0.0158	230.5804	3.5240	469.7789	0.5781	nan	208.1972	154.9795	36.9889	89.1890	32.9900	123.2762	144.9522	0.9392	423.3384	-4.3473	-1.0376	38.2506	36.1851	0.5870	
785.7979	780.1111	-5.6868	-0.7290	1.7990	2.0458	2.0424	-0.2434	-13.5302	0.1024	0.1025	8.9477	2.7101	3.2955	-1.3486	4.0972	3.0619	3.0707	-0.0089	-0.2892	0.0000	21.2607	59.2173	77.0837	77.1538	0.0701	0.0908	379.1896	386.4067	7.2171	1.8677	230.7819	3.2847	433.3033	0.5716	nan	209.6739	146.9659	38.0340	89.1769	33.9176	128.9318	143.6136	0.9444	390.4382	-4.0316	-1.0433	36.7970	31.9347	0.5876	
782.9742	779.7500	-3.2242	-0.4135	1.6992	1.9675	2.0077	-0.3085	-18.1542	0.1012	0.1005	8.2960	2.4971	3.3208	-1.3550	3.8849	2.8966	2.9037	-0.0071	-0.2450	0.0000	19.4367	58.1144	75.0636	74.4410	-0.6226	-0.8364	362.1100	354.5050	-7.6050	-2.1453	230.7085	3.0516	397.7475	0.5650	nan	210.9448	138.7527	39.1399	89.1282	34.8846	132.7278	140.7261	0.9492	357.7754	-3.2704	-0.9225	35.2893	28.0355	0.5866	
776.1019	778.8889	2.7870	0.3578	1.6000	1.9151	1.8949	-0.2949	-18.4325	0.0985	0.0985	7.0207	2.1835	3.2141	-1.3620	3.6692	2.7552	2.7623	-0.0071	-0.2571	0.0000	17.6086	56.4538	72.4500	71.9059	-0.5441	-0.7567	329.7776	327.1300	-2.6476	-0.8093	230.4773	2.8477	367.3967	0.5598	nan	211.7238	130.5041	39.8936	89.0400	35.5213	135.1200	136.9998	0.9533	330.0641	-2.9341	-0.8969	33.9621	25.6535	0.5807	
778.7977	779.0000	0.2023	0.0260	1.5000	1.7942	1.7809	-0.2809	-18.7247	0.0960	0.0962	6.0836	1.9572	3.1044	-1.1896	3.4942	2.5999	2.6070	-0.0071	-0.2716	0.0000	15.9370	54.5701	69.6312	68.9582	-0.6729	-0.9758	300.8671	297.3844	-3.4826	-1.1711	230.3839	2.6237	334.5389	0.5535	nan	212.9123	122.3652	41.1471	88.8938	36.5773	136.3613	132.5100	0.9577	299.6464	-2.2620	-0.7606	32.3881	22.2467	0.5769	
777.0928	779.0000	1.9072	0.2448	1.3997	1.6785	1.6609	-0.2612	-18.6645	0.0927	0.0931	5.0513	1.6929	2.9835	-1.2747	3.2237	2.4341	2.4404	-0.0063	-0.2591	0.0000	13.6154	52.2793	66.1800	65.7520	-0.4280	-0.6509	268.5326	266.6333	-1.8992	-0.7123	230.5526	2.3864	300.6078	0.5464	nan	214.3272	114.1801	42.8229	88.6981	37.9831	136.5171	127.7710	0.9619	268.4840	-1.8506	-0.6941	30.6783	18.4907	0.5750	
780.0447	779.4286	-0.6161	-0.0790	1.3010	1.5325	1.5056	-0.2046	-15.7289	0.0899	0.0902	4.1107	1.4749	2.7871	-1.1638	2.9468	2.2643	2.2708	-0.0065	-0.2873	0.0000	11.1938	50.0152	62.7717	62.4343	-0.3374	-0.5404	233.8239	236.5314	2.7075	1.1447	230.7400	2.1513	267.4114	0.5387	nan	215.6864	106.1899	44.8947	88.4522	39.7103	135.7047	122.7724	0.9660	238.3692	-1.8378	-0.7770	28.9468	14.6752	0.5746	
779.6404	779.5000	-0.1404	-0.0180	1.1995	1.4032	1.3828	-0.1833	-15.2844	0.0871	0.0873	3.3770	1.2737	2.6515	-1.0651	2.7998	2.0950	2.1006	-0.0055	-0.2641	0.0000	10.3150	47.6869	59.7552	59.1350	-0.6202	-1.0488	209.3704	208.1425	-1.2279	-0.5899	230.8305	1.9299	236.1475	0.5301	nan	216.9597	97.9139	47.0418	88.1409	41.4631	134.0925	117.8762	0.9700	209.8288	-1.6863	-0.8101	27.2562	11.6559	0.5725	
780.1744	780.0000	-0.1744	-0.0224	1.1009	1.2777	1.2642	-0.1633	-14.8353	0.0846	0.0847	2.7287	1.0972	2.4867	-0.9583	2.5404	1.9376	1.9407	-0.0030	-0.1561	0.0000	8.1483	45.3163	56.3925	56.1077	-0.2848	-0.5076	182.4390	183.3256	0.8866	0.4836	230.8096	1.7305	208.8122	0.5228	nan	218.0405	89.9222	49.0533	87.7943	43.0659	131.7077	112.7804	0.9736	184.3118	-0.9862	-0.5380	25.7327	9.6464	0.5682	
775.9076	780.2000	4.2924	0.5502	0.9992	1.1817	1.1708	-0.1716	-17.1762	0.0824	0.0824	2.1757	0.9150	2.3771	-0.9195	2.3459	1.7822	1.7868	-0.0045	-0.2552	0.0000	6.4805	43.2109	53.5155	53.0870	-0.4285	-0.8072	162.9469	160.1650	-2.7819	-1.7369	230.6952	1.5428	183.3090	0.5150	nan	218.7720	81.6370	50.9708	87.3743	44.5354	128.6166	107.6791	0.9774	161.6312	-1.4662	-0.9154	24.2659	8.2860	0.5606	
780.3938	779.7778	-0.6160	-0.0790	0.8990	1.0351	1.0533	-0.1543	-17.1662	0.0797	0.0797	1.5322	0.6945	2.2096	-0.8026	2.1599	1.6131	1.6175	-0.0044	-0.2730	0.0000	5.5298	40.9068	50.5562	49.8858	-0.6705	-1.3440	141.3473	136.8133	-4.5339	-3.3139	230.5051	1.3503	157.5467	0.5062	nan	219.5084	73.4108	53.6577	86.8399	46.5962	124.9812	102.7836	0.9816	138.5018	-1.6885	-1.2341	22.7261	6.4543	0.5573	
778.6480	779.4444	0.7965	0.1022	0.7996	0.9165	0.9129	-0.1133	-14.1697	0.0772	0.0773	0.9678	0.4903	1.9746	-0.7394	1.9203	1.4332	1.4375	-0.0042	-0.2932	0.0000	4.0590	38.4511	47.3546	46.5611	-0.7935	-1.7042	116.8826	114.0744	-2.8082	-2.4617	230.4428	1.1623	132.4156	0.4944	nan	220.4308	65.2622	57.2103	86.1488	49.2861	121.1992	98.3165	0.9869	116.1875	-2.1131	-1.8524	21.1228	4.3431	0.5579	
781.5651	779.6667	-1.8984	-0.2435	0.7000	0.7786	0.7797	-0.0797	-11.3860	0.0753	0.0755	0.5807	0.3367	1.7252	-0.6008	1.6765	1.2514	1.2531	-0.0017	-0.1348	0.0000	2.8027	36.2143	44.4867	43.4097	-1.0770	-2.4810	95.1284	93.2933	-1.8351	-1.9670	230.5610	0.9842	109.4233	0.4822	nan	221.4764	57.1526	61.2620	85.2590	52.2313	117.3799	94.2879	0.9915	95.5524	-2.2591	-2.4215	19.6001	2.6166	0.5594	
779.9778	779.8000	-0.1778	-0.0228	0.6009	0.6719	0.6605	-0.0596	-9.9130	0.0741	0.0741	0.3209	0.2164	1.4884	-0.5228	1.4352	1.0786	1.0793	-0.0007	-0.0617	0.0000	1.6220	33.9954	41.6840	40.5552	-1.1288	-2.7834	76.4187	75.3720	-1.0467	-1.3888	230.7956	0.8232	89.5190	0.4712	nan	222.4374	49.0703	65.1098	84.1957	54.8193	113.0647	90.1546	0.9948	77.6492	-2.2772	-3.0212	18.2322	1.7120	0.5571	
777.5664	780.1111	2.5447	0.3262	0.4994	0.5817	0.5690	-0.0696	-13.9321	0.0735	0.0735	0.1412	0.1093	1.2937	-0.4059	1.2578	0.9177	0.9200	-0.0024	-0.2568	0.0000	1.2970	32.3462	39.6479	38.1718	-1.4761	-3.8669	62.9807	60.4467	-2.5341	-4.1922	230.8924	0.6798	72.9256	0.4646	nan	223.1072	40.8012	67.4995	82.8882	55.9491	108.6584	86.3511	0.9963	62.8139	-2.3672	-3.9162	17.1092	2.0786	0.5442	
780.9062	779.6667	-1.2395	-0.1590	0.4006	0.4493	0.4446	-0.0440	-10.9936	0.0727	0.0727	0.1010	0.0993	1.0175	-0.2665	0.9904	0.7367	0.7378	-0.0010	-0.1412	0.0000	0.6395	30.3179	37.1403	35.6484	-1.4919	-4.1850	46.3611	45.3644	-0.9967	-2.1971	230.8634	0.5381	56.0833	0.4514	nan	223.5392	32.7039	72.0919	80.8877	58.3136	104.3255	83.0317	0.9972	47.6215	-2.2571	-4.9755	15.9473	1.4862	0.5437	
778.1847	781.0000	2.8153	0.3605	0.2989	0.3406	0.3309	-0.0320	-10.7159	0.0718	0.0718	0.0203	0.0261	0.7721	-0.1880	0.7454	0.5448	0.5456	-0.0008	-0.1504	0.0000	0.5444	28.3421	34.7186	33.1022	-1.6163	-4.8829	32.8399	31.1411	-1.6988	-5.4553	230.7462	0.4001	40.2300	0.4357	nan	224.1523	24.4450	78.4977	77.4077	60.7630	100.1731	80.0515	0.9970	32.6084	-1.4673	-4.7119	14.7677	0.6643	0.5487	
779.2386	780.7500	1.5114	0.1936	0.2050	0.2174	0.2099	-0.0049	-2.3692	0.0710	0.0711	0.0286	0.0595	0.4933	-0.0292	0.5066	0.3596	0.3581	0.0015	0.4250	0.0000	0.6256	26.3530	32.2851	31.3576	-0.9275	-2.9578	19.5501	19.2937	-0.2564	-1.3288	230.5830	0.2829	27.0237	0.4142	nan	224.7418	16.7613	86.8966	71.3863	62.0296	96.0940	77.3689	0.9877	19.5694	-0.2757	-1.4288	13.9527	-0.0632	0.5700	



Step N. = 	3
Target Speed = 	900

Speed Mainboard (rpm_M)	Speed TestBench (rpm_M)	Speed Error (rpm_M)	Speed Error %	Torque TestBench (Nm_M)	Torque Ref (Nm)	Torque MainBoard (Nm_M)	Torque MainBoard Error (Nm_M)	Torque MainBoard Error %	Flux Ref (V/rad/s)	Flux (V/rad/s)	Id * Iq (A^2)	Id (Apeak)	Iq (Apeak)	Id Rotor (Apeak)	Iq Rotor (Apeak)	IMotor Measured (Arms)	IMotor MainBoard (Arms)	IMotor Error (Arms)	IMotor Error %	Motor Current THD %	Vsdref (Vpeak)	Vsqref (Vpeak)	Vout MainBoard (Vrms)	Vout Measured (Vrms)	Vout Error (Vrms)	Vout Error %	Motor Power MainBoard (W)	Motor Power Measured (W)	Motor Power Error (W)	Motor Power Error %	Line Voltage (Vrms)	Line Current (Arms)	Line Power (W)	Line Power Factor	Bulk Ripple (V)	DC Bus Voltage (Vrms)	Motor Mechanical Power (W)	Motor Efficiency	Inverter Efficiency	Overall Efficiency	Temperature (deg C)	Estimated Temperature (deg C)	Motor cos-phi	Electrical Power Alpha-Beta [W]	Electrical Power Error [W]	Electrical Power Error [%]	Bus Voltage Usage [%]	Rotational Losses [W]	Kt [Nm/Arms]	
594.9531	442.7500	-152.2031	-34.3768	2.4007	2.7374	2.6942	-0.2935	-12.2240	0.1157	0.1190	18.0122	4.7292	3.8081	-1.5909	5.7283	4.2382	4.2487	-0.0105	-0.2476	0.0000	29.7526	52.9096	74.3783	70.0630	-4.3153	-6.1592	514.0572	484.5750	-29.4822	-6.0841	230.4010	4.0014	557.5025	0.6046	nan	203.3282	111.2980	22.8956	86.9158	19.9027	62.1818	82.8074	0.9427	515.3801	-30.8051	-6.3571	34.4596	51.0767	0.5665	
663.0930	888.1111	225.0182	25.3367	2.2984	2.5866	2.7652	-0.4667	-20.3064	0.1181	0.1166	17.8442	4.5606	3.9169	-1.5657	5.4482	4.0074	4.1211	-0.1136	-2.8357	0.0000	29.3693	59.4519	81.7220	90.7921	9.0701	9.9899	548.2383	567.1311	18.8929	3.3313	230.4837	4.5438	640.0222	0.6111	nan	203.2032	213.7622	37.6935	88.6106	33.4003	79.7650	107.7798	0.8999	534.7588	32.3723	5.7081	44.6845	47.5480	0.5735	
910.4951	898.7778	-11.7173	-1.3037	2.1996	2.3421	2.5679	-0.3683	-16.7457	0.1143	0.1105	16.7775	4.3925	3.8208	-1.6045	5.1659	3.8172	3.9043	-0.0870	-2.2797	0.0000	30.9697	69.1386	92.8592	90.9708	-1.8884	-2.0759	599.3715	546.0900	-53.2815	-9.7569	230.5759	4.4055	613.1644	0.6036	nan	202.3384	207.0216	37.9106	89.0607	33.7634	95.1198	124.9463	0.9079	563.6774	-17.5874	-3.2206	44.9597	47.5222	0.5762	
884.2014	899.8000	15.5986	1.7336	2.0994	2.4158	2.3869	-0.2875	-13.6953	0.1098	0.1096	14.0109	3.8109	3.6527	-2.0460	4.8221	3.6242	3.6989	-0.0746	-2.0593	0.0000	27.9619	67.9126	89.9984	89.8996	-0.0988	-0.1099	533.1763	516.6470	-16.5293	-3.1993	230.6950	4.2014	578.4940	0.5969	nan	203.8447	197.8198	38.2896	89.3089	34.1960	108.1325	135.9859	0.9155	533.0200	-16.3730	-3.1691	44.1022	45.2693	0.5793	
914.9037	900.3333	-14.5703	-1.6183	2.0006	2.1907	2.1922	-0.1917	-9.5812	0.1069	0.1068	11.8339	3.5454	3.3459	-1.3500	4.7579	3.4375	3.4945	-0.0570	-1.6571	0.0000	28.5137	68.3463	90.7202	88.1670	-2.5532	-2.8958	494.5642	484.2178	-10.3464	-2.1367	230.7719	3.9741	541.3289	0.5903	nan	205.5144	188.6179	38.9533	89.4498	34.8437	118.5248	141.8685	0.9224	499.8215	-15.6037	-3.2225	42.9009	41.7814	0.5820	
900.2877	898.4444	-1.8433	-0.2052	1.9007	2.1923	2.1897	-0.2891	-15.2081	0.1046	0.1056	10.4954	2.9865	3.5136	-1.4587	4.3248	3.2552	3.3297	-0.0746	-2.2910	0.0000	22.5870	66.8630	86.4589	85.8427	-0.6162	-0.7179	453.6709	449.4456	-4.2254	-0.9401	230.7611	3.7309	501.9844	0.5831	nan	206.8999	178.8241	39.7877	89.5338	35.6234	126.4172	143.9273	0.9286	461.8790	-12.4334	-2.7664	41.4902	37.7634	0.5839	
901.1038	900.3750	-0.7288	-0.0809	1.8006	2.0960	2.1399	-0.3393	-18.8442	0.1031	0.1031	9.8989	2.8488	3.4764	-1.3452	4.1483	3.0813	3.1295	-0.0481	-1.5612	0.0000	22.3091	65.1470	84.3691	83.2016	-1.1675	-1.4032	435.0360	414.8600	-20.1760	-4.8633	230.7286	3.4836	463.2800	0.5764	nan	208.3292	169.7757	40.9236	89.5484	36.6465	132.1043	143.3802	0.9343	424.2937	-9.4337	-2.2740	39.9378	33.0350	0.5844	
898.2604	900.4444	2.1840	0.2425	1.6999	2.0201	2.0084	-0.3085	-18.1508	0.1015	0.1012	8.5868	2.6038	3.3006	-1.3522	3.9044	2.9145	2.9729	-0.0585	-2.0058	0.0000	19.7267	63.7031	81.7105	80.3041	-1.4064	-1.7513	392.9994	380.8833	-12.1161	-3.1811	230.6443	3.2368	425.5256	0.5700	nan	209.5814	160.2900	42.0837	89.5089	37.6687	135.7997	140.9560	0.9396	394.4484	-13.5651	-3.5615	38.3167	28.9193	0.5833	
903.9753	900.4444	-3.5309	-0.3921	1.5996	1.8989	1.8610	-0.2615	-16.3479	0.0979	0.0987	7.0579	2.2402	3.1513	-1.3080	3.6948	2.7691	2.8376	-0.0685	-2.4721	0.0000	16.7028	61.8325	78.4513	77.5710	-0.8803	-1.1348	348.4513	351.3122	2.8609	0.8143	230.5122	3.0198	392.7844	0.5643	nan	210.6647	150.8290	42.9330	89.4415	38.4000	138.2047	137.3113	0.9443	361.7373	-10.4251	-2.9675	36.8222	26.2902	0.5776	
905.7920	900.8750	-4.9170	-0.5458	1.4999	1.7730	1.8188	-0.3189	-21.2630	0.0964	0.0960	6.5955	2.0796	3.1707	-1.2634	3.5049	2.6111	2.6529	-0.0417	-1.5989	0.0000	15.9831	59.3169	75.2494	74.4566	-0.7927	-1.0647	332.0642	319.5600	-12.5042	-3.9129	230.4147	2.7839	357.7450	0.5577	nan	211.9935	141.4975	44.2788	89.3262	39.5526	139.4361	132.9872	0.9490	326.3784	-6.8184	-2.1337	35.1223	22.6492	0.5744	
903.1936	900.0000	-3.1936	-0.3548	1.3994	1.6783	1.6582	-0.2588	-18.4902	0.0932	0.0937	5.3753	1.8169	2.9570	-1.1181	3.3091	2.4437	2.5079	-0.0642	-2.6256	0.0000	14.3480	57.6428	72.7586	71.0827	-1.6759	-2.3577	294.8351	286.9444	-7.8907	-2.7499	230.3954	2.5380	321.8367	0.5504	nan	213.0179	131.8943	45.9651	89.1584	40.9818	139.5809	128.4005	0.9537	297.8203	-10.8759	-3.7902	33.3696	18.8746	0.5727	
907.2486	899.7778	-7.4708	-0.8303	1.2997	1.5335	1.5479	-0.2483	-19.1022	0.0907	0.0904	4.6689	1.6436	2.8391	-1.1029	3.0605	2.2730	2.3411	-0.0681	-2.9978	0.0000	11.9972	55.1241	69.1036	67.6283	-1.4752	-2.1814	264.3954	255.1511	-9.2443	-3.6231	230.5954	2.2955	286.8422	0.5419	nan	214.4956	122.4607	47.9955	88.9517	42.6928	138.6064	123.3511	0.9583	266.0581	-10.9070	-4.2747	31.5293	15.1930	0.5718	
903.6679	899.5714	-4.0964	-0.4554	1.1994	1.4296	1.3962	-0.1967	-16.4024	0.0873	0.0879	3.6283	1.3691	2.6500	-1.1173	2.8784	2.1002	2.1795	-0.0792	-3.7723	0.0000	10.8888	52.5344	65.7108	64.1323	-1.5786	-2.4614	231.2227	224.6229	-6.5999	-2.9382	230.8267	2.0582	253.2686	0.5331	nan	215.8858	112.9897	50.3019	88.6896	44.6126	136.7718	118.0223	0.9628	235.9790	-11.3561	-5.0556	29.7068	11.8260	0.5711	
904.4695	900.4444	-4.0251	-0.4470	1.1003	1.2986	1.3037	-0.2034	-18.4829	0.0853	0.0851	3.1295	1.2329	2.5355	-0.9764	2.6602	1.9381	2.0227	-0.0846	-4.3652	0.0000	9.1019	50.1742	62.4593	60.8906	-1.5688	-2.5764	207.7962	197.6744	-10.1217	-5.1204	230.8051	1.8461	223.7000	0.5250	nan	217.1132	103.7553	52.4889	88.3657	46.3821	134.2033	112.8750	0.9671	208.2321	-10.5577	-5.3409	28.0458	9.5314	0.5677	
900.9917	900.5000	-0.4917	-0.0546	1.0002	1.1798	1.1690	-0.1687	-16.8706	0.0823	0.0825	2.3697	1.0032	2.3596	-0.9289	2.4260	1.7858	1.8314	-0.0456	-2.5546	0.0000	7.4631	47.6212	59.0375	57.8365	-1.2010	-2.0765	179.8563	173.7375	-6.1188	-3.5219	230.5865	1.6568	197.3975	0.5167	nan	218.1169	94.3238	54.2910	88.0140	47.7837	131.0148	107.6128	0.9712	180.1162	-6.3787	-3.6715	26.5164	8.4068	0.5601	
904.5261	900.6250	-3.9011	-0.4332	0.8994	1.0550	1.0516	-0.1522	-16.9205	0.0798	0.0800	1.7062	0.7746	2.1985	-0.8310	2.1853	1.6123	1.6898	-0.0775	-4.8089	0.0000	5.7850	45.1272	55.7217	54.4883	-1.2334	-2.2637	155.6227	148.5275	-7.0952	-4.7771	230.4464	1.4532	169.6587	0.5066	nan	218.9154	84.8230	57.1093	87.5449	49.9962	127.4763	102.8142	0.9761	156.6535	-8.1260	-5.4711	24.8902	6.4041	0.5578	
902.3835	900.6000	-1.7835	-0.1980	0.7986	0.9389	0.9447	-0.1461	-18.2911	0.0779	0.0779	1.3050	0.6432	2.0204	-0.6923	1.9916	1.4321	1.5011	-0.0691	-4.8231	0.0000	4.7080	42.9217	52.8888	51.0785	-1.8103	-3.5442	134.8362	124.4070	-10.4292	-8.3831	230.6552	1.2512	143.1190	0.4959	nan	219.9565	75.3165	60.5409	86.9255	52.6254	123.4403	98.0350	0.9819	134.4097	-10.0027	-8.0403	23.2223	4.4059	0.5577	
903.6685	901.0000	-2.6685	-0.2962	0.6996	0.8087	0.8133	-0.1137	-16.2599	0.0759	0.0759	0.7802	0.4307	1.7949	-0.6103	1.7488	1.2473	1.3199	-0.0726	-5.8198	0.0000	3.3985	40.5900	49.8893	47.7818	-2.1075	-4.4108	111.6588	101.8911	-9.7677	-9.5864	230.8672	1.0576	118.2722	0.4844	nan	221.1862	66.0049	64.7803	86.1496	55.8079	119.1281	93.4810	0.9871	111.2586	-9.3675	-9.1937	21.6026	2.4113	0.5609	
904.4199	900.6667	-3.7532	-0.4167	0.6010	0.7077	0.7272	-0.1262	-20.9916	0.0748	0.0746	0.5529	0.3373	1.6238	-0.5123	1.5529	1.0737	1.1700	-0.0963	-8.9706	0.0000	2.5375	38.6924	47.4932	44.9230	-2.5702	-5.7214	95.6643	82.7767	-12.8877	-15.5692	230.8633	0.8890	97.1733	0.4734	nan	221.9351	56.6850	68.4824	85.1841	58.3359	115.0572	89.6073	0.9908	94.5605	-11.7839	-14.2358	20.2416	1.5820	0.5598	
903.9483	901.6000	-2.3483	-0.2605	0.4992	0.5934	0.5972	-0.0980	-19.6222	0.0737	0.0736	0.3450	0.2529	1.3522	-0.3462	1.3401	0.9146	0.9912	-0.0766	-8.3764	0.0000	1.9474	36.7959	45.1300	42.5812	-2.5488	-5.9858	75.4761	66.9420	-8.5341	-12.7484	230.6720	0.7422	79.6840	0.4654	nan	222.5393	47.1322	70.4104	84.0090	59.1510	110.7053	85.7372	0.9924	76.0903	-9.1483	-13.6661	19.1343	2.2525	0.5458	
901.8110	899.8889	-1.9221	-0.2136	0.4000	0.4845	0.4762	-0.0762	-19.0522	0.0729	0.0730	0.1714	0.1517	1.0894	-0.2796	1.0795	0.7330	0.7957	-0.0627	-8.5514	0.0000	1.2120	34.5732	42.3707	39.9866	-2.3842	-5.9624	56.9374	50.4433	-6.4940	-12.8739	230.4829	0.5883	61.3911	0.4528	nan	222.9379	37.6945	74.7265	82.1671	61.4006	105.8959	81.9561	0.9937	57.6832	-7.2399	-14.3525	17.9362	1.6353	0.5457	
902.1498	899.8889	-2.2609	-0.2512	0.3000	0.3757	0.3835	-0.0835	-27.8213	0.0722	0.0722	0.0845	0.0925	0.8812	-0.1646	0.8625	0.5429	0.6328	-0.0899	-16.5573	0.0000	0.8560	32.6637	40.0192	37.4581	-2.5611	-6.8371	43.4329	35.0211	-8.4118	-24.0192	230.6694	0.4395	44.3500	0.4375	nan	223.5662	28.2708	80.7247	78.9652	63.7444	101.6163	78.8218	0.9942	42.4433	-7.4221	-21.1934	16.7549	0.7319	0.5525	
903.9855	899.6667	-4.3188	-0.4800	0.2058	0.2559	0.2619	-0.0561	-27.2689	0.0713	0.0712	0.0512	0.0864	0.6125	-0.0443	0.6195	0.3680	0.4571	-0.0892	-24.2309	0.0000	0.7631	30.7557	37.6798	35.7336	-1.9463	-5.4466	28.4421	22.1722	-6.2698	-28.2779	230.9167	0.3129	30.1844	0.4177	nan	224.5670	19.3879	87.5215	73.4344	64.2609	97.5583	76.0337	0.9733	28.5912	-6.4190	-28.9506	15.9123	0.0545	0.5592	



Step N. = 	4
Target Speed = 	1200

Speed Mainboard (rpm_M)	Speed TestBench (rpm_M)	Speed Error (rpm_M)	Speed Error %	Torque TestBench (Nm_M)	Torque Ref (Nm)	Torque MainBoard (Nm_M)	Torque MainBoard Error (Nm_M)	Torque MainBoard Error %	Flux Ref (V/rad/s)	Flux (V/rad/s)	Id * Iq (A^2)	Id (Apeak)	Iq (Apeak)	Id Rotor (Apeak)	Iq Rotor (Apeak)	IMotor Measured (Arms)	IMotor MainBoard (Arms)	IMotor Error (Arms)	IMotor Error %	Motor Current THD %	Vsdref (Vpeak)	Vsqref (Vpeak)	Vout MainBoard (Vrms)	Vout Measured (Vrms)	Vout Error (Vrms)	Vout Error %	Motor Power MainBoard (W)	Motor Power Measured (W)	Motor Power Error (W)	Motor Power Error %	Line Voltage (Vrms)	Line Current (Arms)	Line Power (W)	Line Power Factor	Bulk Ripple (V)	DC Bus Voltage (Vrms)	Motor Mechanical Power (W)	Motor Efficiency	Inverter Efficiency	Overall Efficiency	Temperature (deg C)	Estimated Temperature (deg C)	Motor cos-phi	Electrical Power Alpha-Beta [W]	Electrical Power Error [W]	Electrical Power Error [%]	Bus Voltage Usage [%]	Rotational Losses [W]	Kt [Nm/Arms]	
619.5562	452.5556	-167.0007	-36.9017	2.3980	2.7450	2.7529	-0.3549	-14.8008	0.1174	0.1206	18.2009	4.7119	3.8582	-1.8841	5.6939	4.2391	4.2492	-0.0101	-0.2380	0.0000	30.5094	53.6684	75.6249	70.4310	-5.1939	-7.3745	527.2941	486.9211	-40.3730	-8.2915	230.6958	4.0243	559.4000	0.6025	nan	203.6211	113.6341	23.2226	87.0385	20.2177	61.8278	85.1711	0.9423	522.3221	-35.4010	-7.2704	34.5914	51.3439	0.5657	
848.3870	1178.0000	329.6130	27.9807	2.2894	2.5754	2.5692	-0.2797	-12.2184	0.1143	0.1172	16.4278	4.4118	3.7133	-1.9182	5.5973	4.0599	4.1524	-0.0925	-2.2791	0.0000	30.2735	66.7662	90.3346	105.9762	15.6416	14.7595	569.9561	646.0844	76.1284	11.7830	230.5143	5.0653	724.9189	0.6209	nan	201.5994	282.4211	43.7238	89.1243	38.9686	79.7447	110.8774	0.8670	587.9072	58.1772	9.0046	52.5865	49.8045	0.5639	
1216.3536	1192.5714	-23.7822	-1.9942	2.2000	2.3031	2.3903	-0.1903	-8.6506	0.1099	0.1092	14.7769	4.0462	3.6641	-1.9105	5.1263	3.8701	3.9423	-0.0722	-1.8651	0.0000	31.7531	80.4855	106.0082	106.6327	0.6245	0.5857	636.1930	626.6214	-9.5716	-1.5275	230.3483	4.9446	698.9414	0.6137	nan	199.6011	274.7487	43.8465	89.6528	39.3095	95.8106	127.8404	0.8767	635.3358	-8.7144	-1.3907	53.4228	51.5390	0.5685	
1226.5906	1197.6667	-28.9239	-2.4150	2.1003	2.1658	2.4091	-0.3088	-14.7004	0.1090	0.1068	14.2583	3.8267	3.7258	-1.6108	4.8443	3.6636	3.7061	-0.0425	-1.1602	0.0000	29.3639	82.4423	107.2677	105.4222	-1.8455	-1.7505	630.3349	592.7733	-37.5615	-6.3366	230.3711	4.7183	659.1311	0.6064	nan	200.9868	263.4225	44.4393	89.9325	39.9653	108.6174	138.5828	0.8861	602.3817	-9.6084	-1.6209	52.4525	49.4071	0.5733	
1202.2249	1201.7778	-0.4471	-0.0372	1.9996	2.1990	2.2020	-0.2025	-10.1258	0.1055	0.1057	11.9775	3.4259	3.4877	-1.8305	4.5737	3.4643	3.5247	-0.0604	-1.7430	0.0000	26.8379	80.2892	103.7368	103.1980	-0.5388	-0.5222	558.4169	554.1056	-4.3114	-0.7781	230.5578	4.4517	614.9256	0.5991	nan	202.7930	251.6437	45.4146	90.1094	40.9228	118.7790	144.3984	0.8948	563.6661	-9.5606	-1.7254	50.8886	44.4833	0.5772	
1198.3826	1200.4000	2.0174	0.1681	1.8989	2.1313	2.1387	-0.2398	-12.6309	0.1031	0.1035	10.7375	3.0846	3.4687	-1.6873	4.3674	3.2755	3.3210	-0.0456	-1.3912	0.0000	24.9020	78.6426	101.1173	100.5500	-0.5673	-0.5642	525.4474	514.9760	-10.4714	-2.0334	230.7141	4.1782	570.8310	0.5922	nan	204.6377	238.7024	46.3522	90.2151	41.8167	126.8486	146.3167	0.9028	523.4494	-8.4734	-1.6454	49.1359	40.2105	0.5797	
1208.1504	1200.7500	-7.4004	-0.6163	1.8005	1.9940	1.9996	-0.1991	-11.0569	0.1012	0.1009	9.4619	2.8828	3.2777	-1.6318	4.1071	3.0994	3.1253	-0.0259	-0.8344	0.0000	22.0553	76.9344	98.0400	97.6190	-0.4210	-0.4313	474.1683	476.8225	2.6542	0.5566	230.7727	3.9093	528.3100	0.5856	nan	206.4198	226.3989	47.4808	90.2543	42.8534	132.7840	145.4441	0.9099	482.6171	-5.7946	-1.2152	47.2915	35.4698	0.5809	
1206.4431	1199.5556	-6.8875	-0.5742	1.7000	1.9122	1.9437	-0.2437	-14.3378	0.1001	0.0990	8.8678	2.7292	3.2459	-1.3191	3.8837	2.9314	2.9780	-0.0465	-1.5869	0.0000	20.3440	74.7752	94.9416	94.4558	-0.4858	-0.5143	447.5715	439.4778	-8.0938	-1.8417	230.7383	3.6447	486.8722	0.5789	nan	207.7903	213.5490	48.5915	90.2655	43.8614	136.9043	142.7029	0.9164	445.3406	-5.8628	-1.3340	45.4573	31.4165	0.5799	
1204.8804	1200.2222	-4.6582	-0.3881	1.5996	1.8215	1.8143	-0.2148	-13.4283	0.0967	0.0965	7.3781	2.3589	3.1289	-1.3662	3.7337	2.7730	2.8178	-0.0448	-1.6139	0.0000	18.6991	72.6827	91.9360	91.2218	-0.7142	-0.7830	407.3886	404.1089	-3.2797	-0.8116	230.6313	3.3932	447.8756	0.5723	nan	209.0760	201.0433	49.7498	90.2279	44.8882	139.5021	138.8772	0.9223	409.7357	-5.6268	-1.3924	43.6310	27.7519	0.5768	
1202.6867	1201.1250	-1.5617	-0.1300	1.5006	1.7195	1.7437	-0.2431	-16.1997	0.0947	0.0945	6.6470	2.1605	3.0737	-1.2675	3.4813	2.6093	2.6430	-0.0337	-1.2926	0.0000	16.0225	70.4188	88.4644	87.7355	-0.7289	-0.8308	376.8924	368.0188	-8.8736	-2.4112	230.5337	3.1329	408.1475	0.5651	nan	210.3106	188.7509	51.2884	90.1681	46.2458	140.9415	134.3863	0.9281	375.5301	-7.5113	-2.0410	41.7173	23.4351	0.5751	
1202.3280	1198.4444	-3.8835	-0.3240	1.3997	1.5995	1.6663	-0.2667	-19.0512	0.0926	0.0918	5.9542	1.9761	3.0110	-1.0574	3.2425	2.4419	2.4641	-0.0222	-0.9074	0.0000	13.9949	68.0241	85.0613	84.0862	-0.9751	-1.1596	348.8245	332.1533	-16.6712	-5.0191	230.4750	2.8682	368.8167	0.5579	nan	211.8636	175.6592	52.8850	90.0592	47.6278	140.8056	129.4037	0.9339	336.1816	-4.0283	-1.2128	39.6889	20.0574	0.5732	
1206.9357	1201.7500	-5.1857	-0.4315	1.2993	1.4629	1.4718	-0.1726	-13.2841	0.0887	0.0888	4.5020	1.6235	2.7745	-1.0117	2.9513	2.2686	2.3173	-0.0486	-2.1441	0.0000	11.5721	65.2711	81.1947	80.3013	-0.8934	-1.1126	299.8153	296.5300	-3.2853	-1.1079	230.4313	2.6028	329.8175	0.5499	nan	213.0955	163.5067	55.1401	89.9073	49.5749	139.6835	124.2820	0.9398	300.8201	-4.2901	-1.4468	37.6833	15.6295	0.5727	
1207.7171	1198.1111	-9.6060	-0.8018	1.2006	1.3372	1.3751	-0.1746	-14.5416	0.0867	0.0860	3.9484	1.4798	2.6658	-1.0559	2.8466	2.0982	2.1337	-0.0354	-1.6895	0.0000	11.0906	62.1615	77.3379	76.5551	-0.7828	-1.0226	273.3220	263.0467	-10.2754	-3.9063	230.4142	2.3454	293.2389	0.5426	nan	214.4933	150.6290	57.2633	89.7039	51.3673	137.6378	118.5682	0.9455	267.6402	-4.5936	-1.7463	35.6912	12.5634	0.5722	
1202.3913	1200.7778	-1.6135	-0.1344	1.1007	1.2501	1.2195	-0.1188	-10.7943	0.0836	0.0840	3.0425	1.2624	2.4113	-0.9588	2.6630	1.9318	1.9847	-0.0529	-2.7404	0.0000	9.6812	59.7117	74.0884	72.9760	-1.1124	-1.5243	234.3581	232.2189	-2.1392	-0.9212	230.4281	2.1078	259.5667	0.5344	nan	215.5198	138.4035	59.6014	89.4640	53.3217	134.8324	113.1532	0.9510	238.9597	-6.7409	-2.9028	33.8606	9.8297	0.5698	
1201.3952	1202.1111	0.7159	0.0596	0.9998	1.1374	1.1134	-0.1136	-11.3668	0.0815	0.0815	2.4687	1.0885	2.2700	-0.8340	2.3888	1.7798	1.8197	-0.0399	-2.2409	0.0000	7.4303	57.0572	70.4719	69.7058	-0.7661	-1.0991	206.3771	205.4878	-0.8893	-0.4328	230.4331	1.8976	230.3267	0.5267	nan	216.7593	125.8568	61.2479	89.2158	54.6428	131.6396	107.8979	0.9563	210.2024	-4.7147	-2.2944	32.1582	8.9752	0.5617	
1200.4726	1201.3750	0.9024	0.0751	0.8994	1.0197	0.9906	-0.0913	-10.1483	0.0791	0.0793	1.8653	0.8959	2.0818	-0.7673	2.1425	1.6062	1.6382	-0.0320	-1.9944	0.0000	5.7719	54.4543	67.0666	66.1060	-0.9606	-1.4531	177.8247	177.0312	-0.7934	-0.4482	230.4576	1.6740	199.2287	0.5164	nan	217.9970	113.1483	63.9146	88.8582	56.7934	127.8597	102.9087	0.9626	182.0685	-5.0372	-2.8454	30.3244	6.9547	0.5599	
1205.1030	1200.4444	-4.6586	-0.3881	0.7996	0.8796	0.8936	-0.0941	-11.7642	0.0769	0.0769	1.2736	0.6556	1.9448	-0.5889	1.9452	1.4253	1.4718	-0.0465	-3.2614	0.0000	4.8005	51.7416	63.6429	62.4949	-1.1480	-1.8370	155.6672	149.5856	-6.0817	-4.0657	230.4846	1.4547	169.2533	0.5048	nan	219.1872	100.5126	67.1941	88.3797	59.3859	123.8732	98.2504	0.9696	153.8452	-4.2596	-2.8476	28.5121	4.7547	0.5610	
1203.2984	1200.3333	-2.9651	-0.2470	0.6991	0.7782	0.7789	-0.0797	-11.4068	0.0754	0.0754	0.9241	0.5372	1.7179	-0.4948	1.7401	1.2388	1.2953	-0.0565	-4.5591	0.0000	3.7353	49.3130	60.5704	59.0043	-1.5660	-2.6541	130.1245	123.5511	-6.5734	-5.3204	230.5230	1.2377	140.7411	0.4933	nan	220.1372	87.8774	71.1262	87.7861	62.4390	119.4756	93.7229	0.9759	130.6704	-7.1193	-5.7622	26.8035	2.6193	0.5644	
1203.5047	1199.7500	-3.7547	-0.3130	0.6007	0.6644	0.6709	-0.0702	-11.6839	0.0742	0.0741	0.6276	0.4166	1.4976	-0.3749	1.4932	1.0649	1.1146	-0.0496	-4.6594	0.0000	2.7650	47.2346	57.9507	56.0735	-1.8772	-3.3477	107.9178	101.3375	-6.5803	-6.4934	230.5950	1.0481	116.4850	0.4820	nan	221.1527	75.4766	74.4825	86.9961	64.7969	114.9395	89.4127	0.9798	108.8572	-7.5197	-7.4204	25.3552	1.7565	0.5641	
1199.2708	1201.4444	2.1736	0.1809	0.4989	0.5850	0.5810	-0.0821	-16.4615	0.0736	0.0736	0.4281	0.3252	1.3126	-0.3033	1.3104	0.9099	0.9553	-0.0454	-4.9894	0.0000	2.3233	45.4795	55.7745	53.7021	-2.0723	-3.8590	90.7670	83.0078	-7.7592	-9.3475	230.6317	0.8857	96.4344	0.4721	nan	221.9825	62.7677	75.6167	86.0769	65.0885	110.4651	85.6468	0.9808	90.0327	-7.0249	-8.4630	24.1921	2.8772	0.5483	
1201.6525	1201.5556	-0.0970	-0.0081	0.4000	0.4682	0.4558	-0.0558	-13.9413	0.0728	0.0729	0.2617	0.2499	1.0379	-0.1790	1.0630	0.7342	0.7841	-0.0499	-6.7959	0.0000	1.7553	43.4994	53.3193	51.1174	-2.2019	-4.3075	68.4448	63.8044	-4.6404	-7.2729	230.6156	0.7076	75.4433	0.4623	nan	222.8191	50.3306	78.8828	84.5727	66.7133	105.9761	82.1669	0.9815	69.8809	-6.0764	-9.5235	22.9413	2.3195	0.5448	
1202.5344	1199.2500	-3.2844	-0.2739	0.3013	0.3643	0.3513	-0.0501	-16.6145	0.0719	0.0720	0.1407	0.1730	0.8126	-0.0686	0.8414	0.5511	0.6189	-0.0678	-12.2939	0.0000	1.2965	41.5383	50.8989	48.5595	-2.3394	-4.8175	51.0351	45.4463	-5.5888	-12.2977	230.5739	0.5394	55.3913	0.4454	nan	223.2627	37.8329	83.2456	82.0438	68.2981	101.8664	79.1405	0.9804	52.2947	-6.8485	-15.0694	21.7500	1.4077	0.5466	
1201.8268	1201.5000	-0.3268	-0.0272	0.2067	0.2468	0.2411	-0.0343	-16.6127	0.0712	0.0711	0.0924	0.1644	0.5637	0.0654	0.5709	0.3802	0.4349	-0.0548	-14.4025	0.0000	1.1663	39.3640	48.2321	46.7030	-1.5291	-3.2740	33.5961	29.1200	-4.4761	-15.3713	230.5010	0.3824	37.6400	0.4271	nan	224.0455	26.0140	89.3691	77.3478	69.1208	97.5409	76.2773	0.9467	33.6663	-4.5463	-15.6124	20.8454	0.1925	0.5439	



Step N. = 	5
Target Speed = 	2000

Speed Mainboard (rpm_M)	Speed TestBench (rpm_M)	Speed Error (rpm_M)	Speed Error %	Torque TestBench (Nm_M)	Torque Ref (Nm)	Torque MainBoard (Nm_M)	Torque MainBoard Error (Nm_M)	Torque MainBoard Error %	Flux Ref (V/rad/s)	Flux (V/rad/s)	Id * Iq (A^2)	Id (Apeak)	Iq (Apeak)	Id Rotor (Apeak)	Iq Rotor (Apeak)	IMotor Measured (Arms)	IMotor MainBoard (Arms)	IMotor Error (Arms)	IMotor Error %	Motor Current THD %	Vsdref (Vpeak)	Vsqref (Vpeak)	Vout MainBoard (Vrms)	Vout Measured (Vrms)	Vout Error (Vrms)	Vout Error %	Motor Power MainBoard (W)	Motor Power Measured (W)	Motor Power Error (W)	Motor Power Error %	Line Voltage (Vrms)	Line Current (Arms)	Line Power (W)	Line Power Factor	Bulk Ripple (V)	DC Bus Voltage (Vrms)	Motor Mechanical Power (W)	Motor Efficiency	Inverter Efficiency	Overall Efficiency	Temperature (deg C)	Estimated Temperature (deg C)	Motor cos-phi	Electrical Power Alpha-Beta [W]	Electrical Power Error [W]	Electrical Power Error [%]	Bus Voltage Usage [%]	Rotational Losses [W]	Kt [Nm/Arms]	
0.0000	0.0000	0.0000	nan	0.0542	0.0000	0.0000	0.0542	100.0000	0.1029	0.0672	-0.6107	0.5094	-1.1988	0.1849	-1.2893	0.0083	0.0067	0.0016	19.5608	0.0000	0.0000	0.0000	0.0000	0.7878	0.7878	100.0000	0.0000	-0.0300	-0.0300	100.0000	230.5880	0.0320	1.9475	0.2641	nan	227.3213	0.0000	0.0000	-1.5404	0.0000	44.7106	53.9630	-2.6395	0.0000	-0.0300	100.0000	0.3465	-0.0312	6.5126	
0.0000	0.0000	0.0000	nan	0.0547	0.0000	0.0000	0.0547	100.0000	0.1029	0.0672	-0.6107	0.5094	-1.1988	0.1849	-1.2893	0.0083	0.0050	0.0034	40.3411	0.0000	0.0000	0.0000	0.0000	0.7880	0.7880	100.0000	0.0000	-0.0300	-0.0300	100.0000	230.5666	0.0314	1.9620	0.2706	nan	227.1734	0.0000	0.0000	-1.5291	0.0000	44.4483	52.0651	-2.6390	0.0000	-0.0300	100.0000	0.3469	-0.0312	6.5674	
0.0000	0.0000	0.0000	nan	0.0544	0.0000	0.0000	0.0544	100.0000	0.1029	0.0672	-0.6107	0.5094	-1.1988	0.1849	-1.2893	0.0083	0.0049	0.0034	41.0524	0.0000	0.0000	0.0000	0.0000	0.7890	0.7890	100.0000	0.0000	-0.0300	-0.0300	100.0000	230.8386	0.0308	1.9544	0.2751	nan	227.3699	0.0000	0.0000	-1.5350	0.0000	43.9458	50.6667	-2.6382	0.0000	-0.0300	100.0000	0.3470	-0.0312	6.5429	
0.0000	0.0000	0.0000	nan	0.0546	0.0000	0.0000	0.0546	100.0000	0.1029	0.0672	-0.6107	0.5094	-1.1988	0.1849	-1.2893	0.0083	0.0050	0.0033	40.1776	0.0000	0.0000	0.0000	0.0000	0.7884	0.7884	100.0000	0.0000	-0.0300	-0.0300	100.0000	230.9366	0.0307	1.9833	0.2801	nan	227.5087	0.0000	0.0000	-1.5126	0.0000	43.4841	49.7273	-2.6418	0.0000	-0.0300	100.0000	0.3466	-0.0312	6.5607	
0.0000	0.0000	0.0000	nan	0.0550	0.0000	0.0000	0.0550	100.0000	0.1029	0.0672	-0.6107	0.5094	-1.1988	0.1849	-1.2893	0.0083	0.0049	0.0034	40.7272	0.0000	0.0000	0.0000	0.0000	0.7897	0.7897	100.0000	0.0000	-0.0300	-0.0300	100.0000	230.7170	0.0134	1.9489	inf	nan	227.3389	0.0000	0.0000	-1.5394	0.0000	43.0385	49.0113	-2.6363	0.0000	-0.0300	100.0000	0.3474	-0.0312	6.6106	
0.0000	0.0000	0.0000	nan	0.0546	0.0000	0.0000	0.0546	100.0000	0.1029	0.0672	-0.6107	0.5094	-1.1988	0.1849	-1.2893	0.0083	0.0049	0.0034	41.1648	0.0000	0.0000	0.0000	0.0000	0.7902	0.7902	100.0000	0.0000	-0.0300	-0.0300	100.0000	230.5150	0.0000	1.9700	inf	nan	227.0522	0.0000	0.0000	-1.5228	0.0000	42.6458	48.5128	-2.6337	0.0000	-0.0300	100.0000	0.3480	-0.0312	6.5554	
0.0000	0.0000	0.0000	nan	0.0547	0.0000	0.0000	0.0547	100.0000	0.1029	0.0672	-0.6107	0.5094	-1.1988	0.1849	-1.2893	0.0083	0.0049	0.0034	40.5175	0.0000	0.0000	0.0000	0.0000	0.7900	0.7900	100.0000	0.0000	-0.0300	-0.0300	100.0000	230.6998	0.0000	1.9478	inf	nan	227.0976	0.0000	0.0000	-1.5402	0.0000	42.3376	48.1310	-2.6359	0.0000	-0.0300	100.0000	0.3479	-0.0312	6.5723	
0.0000	0.0000	0.0000	nan	0.0548	0.0000	0.0000	0.0548	100.0000	0.1029	0.0672	-0.6107	0.5094	-1.1988	0.1849	-1.2893	0.0083	0.0051	0.0033	39.2292	0.0000	0.0000	0.0000	0.0000	0.7892	0.7892	100.0000	0.0000	-0.0300	-0.0300	100.0000	230.9381	0.0000	1.9778	inf	nan	227.3298	0.0000	0.0000	-1.5169	0.0000	42.0151	47.8325	-2.6350	0.0000	-0.0300	100.0000	0.3472	-0.0312	6.5768	
0.0000	0.0000	0.0000	nan	0.0549	0.0000	0.0000	0.0549	100.0000	0.1029	0.0672	-0.6107	0.5094	-1.1988	0.1849	-1.2893	0.0083	0.0050	0.0033	39.6805	0.0000	0.0000	0.0000	0.0000	0.7910	0.7910	100.0000	0.0000	-0.0300	-0.0300	100.0000	230.8846	0.0000	1.9729	inf	nan	227.3136	0.0000	0.0000	-1.5206	0.0000	41.7540	47.6024	-2.6291	0.0000	-0.0300	100.0000	0.3480	-0.0312	6.5866	
0.0000	0.0000	0.0000	nan	0.0550	0.0000	0.0000	0.0550	100.0000	0.1029	0.0672	-0.6107	0.5094	-1.1988	0.1849	-1.2893	0.0083	0.0050	0.0033	39.4499	0.0000	0.0000	0.0000	0.0000	0.7898	0.7898	100.0000	0.0000	-0.0300	-0.0300	100.0000	230.7163	0.0000	1.9522	inf	nan	227.1682	0.0000	0.0000	-1.5367	0.0000	41.5087	47.4178	-2.6430	0.0000	-0.0300	100.0000	0.3477	-0.0311	6.6283	
0.0000	0.0000	0.0000	nan	0.0548	0.0000	0.0000	0.0548	100.0000	0.1029	0.0672	-0.6107	0.5094	-1.1988	0.1849	-1.2893	0.0094	0.0049	0.0045	48.1019	0.0000	0.0000	0.0000	0.0000	0.7890	0.7890	100.0000	0.0000	-0.0300	-0.0300	100.0000	230.5451	0.0000	1.9556	inf	nan	226.9471	0.0000	0.0000	-1.5341	0.0000	41.2771	47.2477	-2.4238	0.0000	-0.0300	100.0000	0.3477	-0.0315	5.8212	
0.0000	0.0000	0.0000	nan	0.0546	0.0000	0.0000	0.0546	100.0000	0.1029	0.0672	-0.6107	0.5094	-1.1988	0.1849	-1.2893	0.0133	0.0051	0.0083	62.0362	0.0000	0.0000	0.0000	0.0000	0.7890	0.7890	100.0000	0.0000	-0.0300	-0.0300	100.0000	230.5170	0.0000	1.9722	inf	nan	226.8364	0.0000	0.0000	-1.5211	0.0000	41.0842	47.1078	-1.6456	0.0000	-0.0300	100.0000	0.3478	-0.0330	4.0896	
0.0000	0.0000	0.0000	nan	0.0546	0.0000	0.0000	0.0546	100.0000	0.1029	0.0672	-0.6107	0.5094	-1.1988	0.1849	-1.2893	0.0134	0.0050	0.0084	62.8862	0.0000	0.0000	0.0000	0.0000	0.7896	0.7896	100.0000	0.0000	-0.0300	-0.0300	100.0000	230.6122	0.0000	1.9500	inf	nan	226.8836	0.0000	0.0000	-1.5385	0.0000	40.8869	46.9828	-1.6409	0.0000	-0.0300	100.0000	0.3480	-0.0330	4.0808	
0.0000	0.0000	0.0000	nan	0.0548	0.0000	0.0000	0.0548	100.0000	0.1029	0.0672	-0.6107	0.5094	-1.1988	0.1849	-1.2893	0.0134	0.0049	0.0085	63.1124	0.0000	0.0000	0.0000	0.0000	0.7900	0.7900	100.0000	0.0000	-0.0300	-0.0300	100.0000	230.7550	0.0000	1.9400	inf	nan	227.0243	0.0000	0.0000	-1.5464	0.0000	40.7145	46.8716	-1.6350	0.0000	-0.0300	100.0000	0.3480	-0.0330	4.0848	
0.0000	0.0000	0.0000	nan	0.0543	0.0000	0.0000	0.0543	100.0000	0.1029	0.0672	-0.6107	0.5094	-1.1988	0.1849	-1.2893	0.0134	0.0049	0.0085	63.3922	0.0000	0.0000	0.0000	0.0000	0.7903	0.7903	100.0000	0.0000	-0.0300	-0.0300	100.0000	230.8861	0.0000	1.9600	inf	nan	227.1413	0.0000	0.0000	-1.5306	0.0000	40.5486	46.7700	-1.6366	0.0000	-0.0300	100.0000	0.3479	-0.0330	4.0538	
0.0000	0.0000	0.0000	nan	0.0538	0.0000	0.0000	0.0538	100.0000	0.1029	0.0672	-0.6107	0.5094	-1.1988	0.1849	-1.2893	0.0134	0.0050	0.0084	62.4760	0.0000	0.0000	0.0000	0.0000	0.7920	0.7920	100.0000	0.0000	-0.0300	-0.0300	100.0000	230.9420	0.0000	1.9860	inf	nan	227.1989	0.0000	0.0000	-1.5106	0.0000	40.4371	46.6873	-1.6359	0.0000	-0.0300	100.0000	0.3486	-0.0330	4.0245	
0.0000	0.0000	0.0000	nan	0.0548	0.0000	0.0000	0.0548	100.0000	0.1029	0.0672	-0.6107	0.5094	-1.1988	0.1849	-1.2893	0.0109	0.0051	0.0058	53.4329	0.0000	0.0000	0.0000	0.0000	0.7928	0.7928	100.0000	0.0000	-0.0300	-0.0300	100.0000	230.9017	0.0000	1.9783	inf	nan	227.1692	0.0000	0.0000	-1.5164	0.0000	40.2651	46.5912	-2.1252	0.0000	-0.0300	100.0000	0.3490	-0.0320	5.0522	
0.0000	0.0000	0.0000	nan	0.0548	0.0000	0.0000	0.0548	100.0000	0.1029	0.0672	-0.6107	0.5094	-1.1988	0.1849	-1.2893	0.0084	0.0049	0.0035	41.6443	0.0000	0.0000	0.0000	0.0000	0.7934	0.7934	100.0000	0.0000	-0.0300	-0.0300	100.0000	230.7278	0.0000	1.9522	inf	nan	227.0153	0.0000	0.0000	-1.5367	0.0000	40.1375	46.4964	-2.6063	0.0000	-0.0300	100.0000	0.3495	-0.0312	6.5402	
0.0000	0.0000	0.0000	nan	0.0550	0.0000	0.0000	0.0550	100.0000	0.1029	0.0672	-0.6107	0.5094	-1.1988	0.1849	-1.2893	0.0084	0.0048	0.0036	42.7991	0.0000	0.0000	0.0000	0.0000	0.7938	0.7938	100.0000	0.0000	-0.0300	-0.0300	100.0000	230.5471	0.0000	1.9556	inf	nan	226.7981	0.0000	0.0000	-1.5341	0.0000	40.0144	46.4149	-2.6108	0.0000	-0.0300	100.0000	0.3500	-0.0312	6.5807	
0.0000	0.0000	0.0000	nan	0.0548	0.0000	0.0000	0.0548	100.0000	0.1029	0.0672	-0.6107	0.5094	-1.1988	0.1849	-1.2893	0.0084	0.0050	0.0033	39.6617	0.0000	0.0000	0.0000	0.0000	0.7948	0.7948	100.0000	0.0000	-0.0300	-0.0300	100.0000	230.5230	0.0000	1.9711	inf	nan	226.6930	0.0000	0.0000	-1.5220	0.0000	39.9230	46.3332	-2.6092	0.0000	-0.0300	100.0000	0.3506	-0.0312	6.5585	
0.0000	0.0000	0.0000	nan	0.0546	0.0000	0.0000	0.0546	100.0000	0.1029	0.0672	-0.6107	0.5094	-1.1988	0.1849	-1.2893	0.0084	0.0050	0.0034	40.7526	0.0000	0.0000	0.0000	0.0000	0.7947	0.7947	100.0000	0.0000	-0.0300	-0.0300	100.0000	230.6734	0.0000	1.9471	inf	nan	226.7910	0.0000	0.0000	-1.5407	0.0000	39.7992	46.2504	-2.6044	0.0000	-0.0300	100.0000	0.3504	-0.0312	6.5210	
0.0000	0.0000	0.0000	nan	0.0550	0.0000	0.0000	0.0550	100.0000	0.1029	0.0672	-0.6107	0.5094	-1.1988	0.1849	-1.2893	0.0084	0.0050	0.0034	40.7121	0.0000	0.0000	0.0000	0.0000	0.7947	0.7947	100.0000	0.0000	-0.0300	-0.0300	100.0000	230.8777	0.0000	1.9529	inf	nan	226.9989	0.0000	0.0000	-1.5362	0.0000	39.7181	46.1779	-2.6052	0.0000	-0.0300	100.0000	0.3501	-0.0312	6.5745	
0.0000	0.0000	0.0000	nan	0.0543	0.0000	0.0000	0.0543	100.0000	0.1029	0.0672	-0.6107	0.5094	-1.1988	0.1849	-1.2893	0.0084	0.0050	0.0034	40.3072	0.0000	0.0000	0.0000	0.0000	0.7943	0.7943	100.0000	0.0000	-0.0300	-0.0300	100.0000	230.9443	0.0000	1.9800	inf	nan	227.0952	0.0000	0.0000	-1.5152	0.0000	39.6396	46.1080	-2.5934	0.0000	-0.0300	100.0000	0.3498	-0.0312	6.4623	



