WindyBPMp40_OrcaH24__YC105__Dyno_Low_Speed_Torque__230Vac_40C_20250210_164829
Report created on: 2025/02/10: 17:08:49


Step N. = 	0
Target Speed = 	2000

Speed Mainboard (rpm_M)	Speed TestBench (rpm_M)	Speed Error (rpm_M)	Speed Error %	Torque TestBench (Nm_M)	Torque Ref (Nm)	Torque MainBoard (Nm_M)	Torque MainBoard Error (Nm_M)	Torque MainBoard Error %	Flux Ref (V/rad/s)	Flux (V/rad/s)	Id * Iq (A^2)	Id (Apeak)	Iq (Apeak)	Id Rotor (Apeak)	Iq Rotor (Apeak)	IMotor Measured (Arms)	IMotor MainBoard (Arms)	IMotor Error (Arms)	IMotor Error %	Motor Current THD %	Vsdref (Vpeak)	Vsqref (Vpeak)	Vout MainBoard (Vrms)	Vout Measured (Vrms)	Vout Error (Vrms)	Vout Error %	Motor Power MainBoard (W)	Motor Power Measured (W)	Motor Power Error (W)	Motor Power Error %	Line Voltage (Vrms)	Line Current (Arms)	Line Power (W)	Line Power Factor	Bulk Ripple (V)	DC Bus Voltage (Vrms)	Motor Mechanical Power (W)	Motor Efficiency	Inverter Efficiency	Overall Efficiency	Temperature (deg C)	Estimated Temperature (deg C)	Motor cos-phi	Electrical Power Alpha-Beta [W]	Electrical Power Error [W]	Electrical Power Error [%]	Bus Voltage Usage [%]	Rotational Losses [W]	Kt [Nm/Arms]	
2011.5609	1996.6250	-14.9359	-0.7481	2.0008	2.0420	2.1259	-0.1252	-6.2569	0.1030	0.1021	11.8821	3.4012	3.4799	-1.8435	4.7960	3.5245	3.5327	-0.0082	-0.2317	0.0000	28.0122	118.6988	149.4782	138.1020	-11.3762	-8.2375	761.9082	665.2225	-96.6857	-14.5343	230.5699	5.1456	737.9212	0.6220	nan	199.5387	418.3291	62.8861	90.1481	56.6905	55.1536	68.3493	0.7891	662.2491	2.9734	0.4470	69.2106	29.5572	0.5677	
2024.2531	2001.4545	-22.7985	-1.1391	1.8995	1.9332	2.0049	-0.1055	-5.5521	0.1009	0.0991	11.2088	3.4016	3.2839	-1.7689	4.2119	3.3217	3.4112	-0.0895	-2.6955	0.0000	25.3497	97.8967	124.3411	133.7935	9.4524	7.0649	619.8073	628.8500	9.0427	1.4380	230.7338	4.9114	693.8682	0.6123	nan	201.0028	398.1102	63.3079	90.6296	57.3756	66.5970	84.6518	0.8169	648.1731	-19.3231	-3.0728	66.5634	29.7621	0.5718	
2010.7510	1999.5556	-11.1955	-0.5599	1.8000	1.8818	1.9706	-0.1706	-9.4762	0.1005	0.0984	10.5833	3.2158	3.2631	-1.6045	4.1565	3.1334	3.2251	-0.0917	-2.9266	0.0000	15.5146	107.7674	133.9183	130.6254	-3.2929	-2.5209	605.4108	590.8733	-14.5375	-2.4603	230.4939	4.6812	650.4456	0.6028	nan	202.3060	376.9073	63.7883	90.8413	57.9461	76.6948	95.6475	0.8335	604.0704	-13.1971	-2.2335	64.5685	28.8939	0.5745	
1972.0545	2001.1111	29.0566	1.4520	1.7009	1.9179	1.8335	-0.1326	-7.7951	0.0979	0.0991	9.2897	3.0057	3.0828	-1.6841	3.9588	2.9480	3.0428	-0.0948	-3.2147	0.0000	20.6278	105.2846	132.1435	127.0040	-5.1395	-4.0468	586.8720	550.2911	-36.5809	-6.6476	230.3387	4.3998	604.8278	0.5968	nan	203.4430	356.4313	64.7715	90.9831	58.9311	84.3001	101.5833	0.8486	566.5874	-16.2963	-2.9614	62.4276	25.8830	0.5770	
2013.5371	1999.4444	-14.0927	-0.7048	1.5988	1.6638	1.7096	-0.1109	-6.9337	0.0941	0.0932	7.7079	2.5380	3.0353	-1.3700	3.7118	2.7687	2.8356	-0.0669	-2.4156	0.0000	21.8153	98.0404	123.1222	123.2931	0.1709	0.1386	528.2949	509.2767	-19.0182	-3.7344	230.5043	4.1142	559.2100	0.5897	nan	204.9994	334.7541	65.7314	91.0707	59.8620	89.9980	104.2237	0.8614	521.4608	-12.1841	-2.3924	60.1436	23.6149	0.5775	
1987.0566	1999.7500	12.6934	0.6348	1.4995	1.6565	1.6063	-0.1068	-7.1239	0.0921	0.0927	7.0516	2.4022	2.9406	-1.3241	3.5937	2.5992	2.6569	-0.0577	-2.2188	0.0000	18.3376	98.6157	122.9742	119.5488	-3.4255	-2.8653	503.7660	469.8050	-33.9610	-7.2287	230.7608	3.8419	515.6400	0.5816	nan	206.7400	314.0153	66.8395	91.1110	60.8982	93.9849	104.5065	0.8729	482.3467	-12.5417	-2.6696	57.8263	21.0979	0.5769	
2006.2501	1999.0000	-7.2501	-0.3627	1.3998	1.4962	1.4980	-0.0983	-7.0197	0.0895	0.0896	6.0017	2.1276	2.8135	-1.0839	3.2567	2.4327	2.4978	-0.0652	-2.6795	0.0000	12.4735	94.5406	116.8513	115.7493	-1.1020	-0.9520	439.3844	430.7533	-8.6311	-2.0037	230.6861	3.5641	472.7378	0.5750	nan	208.1669	293.0223	68.0255	91.1189	61.9841	96.3763	103.2249	0.8832	446.8786	-16.1252	-3.7435	55.6047	18.8573	0.5754	
1997.9383	2000.7500	2.8117	0.1405	1.2991	1.4152	1.3906	-0.0915	-7.0403	0.0871	0.0874	4.9140	1.8567	2.6450	-1.0246	3.1053	2.2626	2.3225	-0.0599	-2.6461	0.0000	10.7306	90.8171	112.0752	111.7818	-0.2934	-0.2625	390.6943	391.3738	0.6794	0.1736	230.3957	3.2824	429.5900	0.5681	nan	209.4491	272.1903	69.5474	91.1040	63.3605	97.7690	100.8260	0.8934	403.5441	-12.1704	-3.1097	53.3698	15.8997	0.5742	
2003.5362	2000.0000	-3.5362	-0.1768	1.2000	1.2943	1.3190	-0.1190	-9.9157	0.0856	0.0851	4.5006	1.7471	2.5710	-0.8845	2.9198	2.0912	2.1579	-0.0667	-3.1894	0.0000	12.1497	87.7644	108.6410	107.7289	-0.9121	-0.8467	370.3912	352.5844	-17.8067	-5.0503	230.5133	3.0009	387.3100	0.5599	nan	210.7544	251.3276	71.2815	91.0342	64.8906	98.0306	97.7974	0.9036	365.8605	-13.2760	-3.7654	51.1165	12.9572	0.5738	
1994.4713	1999.5556	5.0843	0.2543	1.0996	1.2223	1.1884	-0.0888	-8.0779	0.0828	0.0834	3.4293	1.4290	2.3932	-0.8556	2.6928	1.9280	1.9934	-0.0655	-3.3950	0.0000	10.7480	86.5281	106.8078	103.8420	-2.9658	-2.8560	334.0302	316.7378	-17.2924	-5.4595	230.7960	2.7324	348.3144	0.5523	nan	212.5637	230.2392	72.6909	90.9344	66.1010	97.4466	94.2148	0.9134	329.6486	-12.9108	-4.0762	48.8527	11.5834	0.5703	
1999.8702	1999.2500	-0.6202	-0.0310	0.9995	1.0970	1.0843	-0.0848	-8.4862	0.0806	0.0808	2.7526	1.2201	2.2468	-0.6919	2.4662	1.7701	1.8210	-0.0508	-2.8701	0.0000	6.9133	83.8522	103.0559	100.1158	-2.9401	-2.9367	295.3839	283.2750	-12.1089	-4.2746	230.7145	2.4827	311.9900	0.5447	nan	214.0498	209.2562	73.8703	90.7962	67.0715	96.1455	90.4527	0.9229	293.5930	-10.3180	-3.6424	46.7725	11.1224	0.5646	
2004.3267	2000.3333	-3.9934	-0.1996	0.8997	0.9857	0.9852	-0.0855	-9.5039	0.0787	0.0786	2.2467	1.0649	2.0932	-0.6456	2.2349	1.5977	1.6786	-0.0809	-5.0624	0.0000	6.1599	80.5227	98.9119	96.1180	-2.7939	-2.9068	262.8614	248.3389	-14.5225	-5.8479	230.4447	2.2176	274.0589	0.5363	nan	215.0933	188.4572	75.8871	90.6152	68.7652	94.3763	86.8452	0.9336	262.3057	-13.9668	-5.6241	44.6871	8.9240	0.5631	
2003.3175	2000.3000	-3.0175	-0.1509	0.8002	0.8778	0.8783	-0.0781	-9.7588	0.0768	0.0768	1.6434	0.8571	1.9108	-0.5876	2.0058	1.4199	1.4922	-0.0723	-5.0901	0.0000	5.6194	77.2779	94.9208	92.3031	-2.6177	-2.8360	228.8893	214.1030	-14.7863	-6.9062	230.5563	1.9520	236.9620	0.5265	nan	216.3377	167.6186	78.2889	90.3533	70.7366	92.0252	83.0173	0.9432	227.5411	-13.4381	-6.2765	42.6667	6.5388	0.5636	
2005.1129	1999.1429	-5.9700	-0.2986	0.7004	0.7721	0.7765	-0.0760	-10.8560	0.0752	0.0753	1.2746	0.7375	1.7120	-0.4250	1.7647	1.2396	1.3187	-0.0791	-6.3783	0.0000	3.9918	73.6870	90.3976	88.5759	-1.8218	-2.0567	194.1005	181.1729	-12.9277	-7.1355	230.8410	1.6919	201.4071	0.5157	nan	217.9962	146.6345	80.9363	89.9535	72.8051	89.4416	79.4777	0.9526	196.0748	-14.9020	-8.2253	40.6321	4.3401	0.5650	
2001.0442	2001.5556	0.5114	0.0255	0.6012	0.6788	0.6771	-0.0759	-12.6258	0.0742	0.0744	0.8867	0.5831	1.5150	-0.3193	1.5464	1.0685	1.1502	-0.0817	-7.6472	0.0000	3.6270	71.6141	87.8223	85.6187	-2.2036	-2.5737	166.0557	151.7022	-14.3534	-9.4616	230.8033	1.4559	169.5122	0.5045	nan	219.2343	126.0180	83.0734	89.4931	74.3448	86.6131	76.0208	0.9574	166.4045	-14.7022	-9.6915	39.0539	3.4512	0.5627	
2005.1921	2001.2857	-3.9064	-0.1952	0.5003	0.5625	0.5703	-0.0700	-13.9960	0.0735	0.0735	0.4824	0.3733	1.2921	-0.2181	1.3806	0.9154	0.9742	-0.0588	-6.4209	0.0000	2.8835	70.3606	86.2465	83.2017	-3.0447	-3.6595	138.0881	126.4500	-11.6381	-9.2037	230.5629	1.2501	142.3157	0.4938	nan	220.2081	104.8470	82.9160	88.8517	73.6722	83.7148	72.7068	0.9586	136.6859	-10.2359	-8.0948	37.7834	5.4385	0.5465	
2004.9216	2000.7778	-4.1438	-0.2071	0.4002	0.4595	0.4632	-0.0630	-15.7312	0.0728	0.0728	0.3943	0.3682	1.0580	-0.0629	1.1047	0.7430	0.8089	-0.0659	-8.8738	0.0000	1.9756	67.7626	83.0314	80.4778	-2.5537	-3.1731	108.8588	99.3556	-9.5032	-9.5649	230.4628	1.0232	113.1733	0.4799	nan	221.1574	83.8549	84.3990	87.7906	74.0944	80.5947	69.7012	0.9594	109.4924	-10.1368	-10.2026	36.3896	4.9603	0.5387	
2005.3846	2001.1111	-4.2735	-0.2136	0.3002	0.3584	0.3551	-0.0548	-18.2656	0.0719	0.0721	0.2099	0.2543	0.8213	0.0384	0.8885	0.5603	0.6407	-0.0804	-14.3533	0.0000	2.0678	65.8583	80.7020	77.6909	-3.0111	-3.8758	82.0267	72.2111	-9.8155	-13.5928	230.5634	0.7871	84.1378	0.4636	nan	222.2429	62.9132	87.1237	85.8248	74.7737	77.7261	67.0662	0.9578	83.5555	-11.3444	-15.7100	34.9578	3.3602	0.5358	
2001.9721	1999.6667	-2.3054	-0.1153	0.2054	0.2670	0.2602	-0.0547	-26.6293	0.0712	0.0712	0.1307	0.2142	0.6110	0.0653	0.6626	0.3932	0.4795	-0.0863	-21.9431	0.0000	1.5753	63.5269	77.8292	75.7346	-2.0947	-2.7658	58.8242	47.8322	-10.9920	-22.9803	230.7157	0.5638	57.6533	0.4432	nan	223.3054	43.0221	89.9485	82.9570	74.6179	74.9664	64.7198	0.9272	59.0749	-11.2426	-23.5043	33.9154	1.9123	0.5225	



