Time	speed	torque	motor_current	motor_current_thd	motor_voltage	motor_power	line_voltage	line_current	line_power	motor_temperature	Test_Marker	BD_Target_Speed	BD_Target_Accel	BD_Update_Cmd	Mcl_Quantities.Speed_Rot_Mech	Mcl_Quantities.Torque	Mcl_Quantities.Torque_Ref	Mcl_Quantities.Stator_Flux_Mag	Mcl_Quantities.Flux_Ref	Mcl_Quantities.Id_stator_current	Mcl_Quantities.Iq_stator_current	Mcl_Quantities.Id_rotor_current	Rotor_Curr_Iq	Flux_Controller.Out	Torque_Controller.Out	DC_Bus_RMS	Mcl_Quantities.Electrical_Power	Mcl_Quantities.Stator_Temperature	Mcl_Quantities.Is_Abs	Mcl_Quantities.IsRMS	SR_Overheating_Temp
0.7323	0.0000	0.0000	0.0000	0.0000	0.0000	-0.0100	230.7850	0.0000	1.3200	79.8336	NOT CONNECTED	NOT CONNECTED	NOT CONNECTED	NOT CONNECTED	NOT CONNECTED	NOT CONNECTED	NOT CONNECTED	NOT CONNECTED	NOT CONNECTED	NOT CONNECTED	NOT CONNECTED	NOT CONNECTED	NOT CONNECTED	NOT CONNECTED	NOT CONNECTED	NOT CONNECTED	NOT CONNECTED	NOT CONNECTED	NOT CONNECTED	NOT CONNECTED	NOT CONNECTED
1.0236	0.0000	0.0000	0.0000	0.0000	0.0000	-0.0100	230.7850	0.0000	1.3200	79.8336	NOT CONNECTED	0.0000	500.0000	0.0000	0.0000	0.0000	0.0000	0.0931	0.0532	-1.7107	0.2215	-1.7215	0.1090	0.0000	0.0000	321.4420	0.0000	84.7832	1.7250	0.0160	89.8172
1.4675	0.0000	0.0000	0.0000	0.0000	0.0000	-0.0100	230.7790	0.0000	1.3100	79.6776	NOT CONNECTED	0.0000	500.0000	0.0000	0.0000	0.0000	0.0000	0.0931	0.0532	-1.7107	0.2215	-1.7215	0.1090	0.0000	0.0000	321.4298	0.0000	84.7006	1.7250	0.0051	89.7338
1.6128	0.0000	0.0000	0.0000	0.0000	0.0000	-0.0100	230.7790	0.0000	1.3100	79.6776	NOT CONNECTED	0.0000	500.0000	0.0000	0.0000	0.0000	0.0000	0.0931	0.0532	-1.7107	0.2215	-1.7215	0.1090	0.0000	0.0000	321.4298	0.0000	84.7006	1.7250	0.0051	89.7338
2.1972	0.0000	-0.0030	0.0000	0.0000	0.0000	-0.0100	230.7570	0.0000	1.3000	79.5070	NOT CONNECTED	0.0000	500.0000	0.0000	0.0000	0.0000	0.0000	0.0931	0.0532	-1.7107	0.2215	-1.7215	0.1090	0.0000	0.0000	321.4109	0.0000	84.6240	1.7250	0.0055	89.6506
2.2103	0.0000	-0.0030	0.0000	0.0000	0.0000	-0.0100	230.7570	0.0000	1.3000	79.5070	NOT CONNECTED	0.0000	500.0000	0.0000	0.0000	0.0000	0.0000	0.0931	0.0532	-1.7107	0.2215	-1.7215	0.1090	0.0000	0.0000	321.4109	0.0000	84.6240	1.7250	0.0055	89.6506
2.7916	0.0000	-0.0030	0.0000	0.0000	0.0000	-0.0100	230.7420	0.0000	1.2900	79.3405	NOT CONNECTED	0.0000	500.0000	0.0000	0.0000	0.0000	0.0000	0.0931	0.0532	-1.7107	0.2215	-1.7215	0.1090	0.0000	0.0000	321.3297	0.0000	84.5529	1.7250	0.0052	89.6506
2.9189	0.0000	-0.0030	0.0000	0.0000	0.0000	-0.0100	230.7420	0.0000	1.2900	79.3405	NOT CONNECTED	0.0000	500.0000	0.0000	0.0000	0.0000	0.0000	0.0931	0.0532	-1.7107	0.2215	-1.7215	0.1090	0.0000	0.0000	321.3297	0.0000	84.5529	1.7250	0.0052	89.6506
3.3825	0.0000	-0.0030	0.0000	0.0000	0.0000	-0.0100	230.6980	0.0000	1.2800	79.1464	NOT CONNECTED	0.0000	500.0000	0.0000	0.0000	0.0000	0.0000	0.0931	0.0532	-1.7107	0.2215	-1.7215	0.1090	0.0000	0.0000	321.3257	0.0000	84.4894	1.7250	0.0051	89.5677
3.6760	0.0000	-0.0030	0.0000	0.0000	0.0000	-0.0100	230.6980	0.0000	1.2800	79.1464	NOT CONNECTED	0.0000	500.0000	0.0000	0.0000	0.0000	0.0000	0.0931	0.0532	-1.7107	0.2215	-1.7215	0.1090	0.0000	0.0000	321.3257	0.0000	84.4894	1.7250	0.0051	89.5677
3.9726	0.0000	-0.0030	0.0000	0.0000	0.0000	-0.0100	230.6980	0.0000	1.2800	79.1464	NOT CONNECTED	0.0000	500.0000	0.0000	0.0000	0.0000	0.0000	0.0931	0.0532	-1.7107	0.2215	-1.7215	0.1090	0.0000	0.0000	321.2526	0.0000	84.4274	1.7250	0.0050	89.5677
4.4062	0.0000	-0.0030	0.0000	0.0000	0.0000	-0.0100	230.6730	0.0000	1.2700	78.9699	NOT CONNECTED	0.0000	500.0000	0.0000	0.0000	0.0000	0.0000	0.0931	0.0532	-1.7107	0.2215	-1.7215	0.1090	0.0000	0.0000	321.2486	0.0000	84.3716	1.7250	0.0053	89.4850
4.5828	0.0000	-0.0030	0.0000	0.0000	0.0000	-0.0100	230.6730	0.0000	1.2700	78.9699	NOT CONNECTED	0.0000	500.0000	0.0000	0.0000	0.0000	0.0000	0.0931	0.0532	-1.7107	0.2215	-1.7215	0.1090	0.0000	0.0000	321.2486	0.0000	84.3716	1.7250	0.0053	89.4850
5.1572	0.0000	-0.0030	0.0000	0.0000	0.0000	-0.0100	230.6180	0.0000	1.2600	78.7750	NOT CONNECTED	0.0000	500.0000	0.0000	0.0000	0.0000	0.0000	0.0931	0.0532	-1.7107	0.2215	-1.7215	0.1090	0.0000	0.0000	321.2296	0.0000	84.3169	1.7250	0.0054	89.4026
5.1696	0.0000	-0.0030	0.0000	0.0000	0.0000	-0.0100	230.6180	0.0000	1.2600	78.7750	NOT CONNECTED	0.0000	500.0000	0.0000	0.0000	0.0000	0.0000	0.0931	0.0532	-1.7107	0.2215	-1.7215	0.1090	0.0000	0.0000	321.2296	0.0000	84.3169	1.7250	0.0054	89.4026
5.7642	0.0000	-0.0030	0.0000	0.0000	0.0000	-0.0100	230.5890	0.0000	1.2600	78.5688	NOT CONNECTED	0.0000	500.0000	0.0000	0.0000	0.0000	0.0000	0.0931	0.0532	-1.7107	0.2215	-1.7215	0.1090	0.0000	0.0000	321.1160	0.0000	84.2652	1.7250	0.0051	89.4026
5.8840	0.0000	-0.0030	0.0000	0.0000	0.0000	-0.0100	230.5890	0.0000	1.2600	78.5688	NOT CONNECTED	0.0000	500.0000	0.0000	0.0000	0.0000	0.0000	0.0931	0.0532	-1.7107	0.2215	-1.7215	0.1090	0.0000	0.0000	321.1160	0.0000	84.2652	1.7250	0.0051	89.4026
6.3706	0.0000	-0.0030	0.0000	0.0000	0.0000	-0.0100	230.5590	0.0000	1.2600	78.3928	NOT CONNECTED	0.0000	500.0000	0.0000	0.0000	0.0000	0.0000	0.0931	0.0532	-1.7107	0.2215	-1.7215	0.1090	0.0000	0.0000	321.0835	0.0000	84.2165	1.7250	0.0054	89.3204
6.6174	0.0000	-0.0030	0.0000	0.0000	0.0000	-0.0100	230.5590	0.0000	1.2600	78.3928	NOT CONNECTED	0.0000	500.0000	0.0000	0.0000	0.0000	0.0000	0.0931	0.0532	-1.7107	0.2215	-1.7215	0.1090	0.0000	0.0000	321.0835	0.0000	84.2165	1.7250	0.0054	89.3204
6.9926	0.0000	-0.0030	0.0000	0.0000	0.0000	-0.0100	230.5020	0.0000	1.2800	78.1996	NOT CONNECTED	0.0000	500.0000	0.0000	0.0000	0.0000	0.0000	0.0931	0.0532	-1.7107	0.2215	-1.7215	0.1090	0.0000	0.0000	321.0132	0.0000	84.1683	1.7250	0.0054	89.3204
7.3473	0.0000	-0.0030	0.0000	0.0000	0.0000	-0.0100	230.5020	0.0000	1.2800	78.1996	NOT CONNECTED	0.0000	500.0000	0.0000	0.0000	0.0000	0.0000	0.0931	0.0532	-1.7107	0.2215	-1.7215	0.1090	0.0000	0.0000	320.9901	0.0000	84.1225	1.7250	0.0052	89.2384
7.6140	0.0000	-0.0030	0.0000	0.0000	0.0000	-0.0100	230.5020	0.0000	1.2800	78.1996	NOT CONNECTED	0.0000	500.0000	0.0000	0.0000	0.0000	0.0000	0.0931	0.0532	-1.7107	0.2215	-1.7215	0.1090	0.0000	0.0000	320.9901	0.0000	84.1225	1.7250	0.0052	89.2384
8.0752	0.0000	-0.0030	0.0000	0.0000	0.0000	-0.0100	230.4750	0.0000	1.2600	78.0072	NOT CONNECTED	0.0000	500.0000	0.0000	0.0000	0.0000	0.0000	0.0931	0.0532	-1.7107	0.2215	-1.7215	0.1090	0.0000	0.0000	320.9563	0.0000	84.0807	1.7250	0.0052	89.1567
8.2105	0.0000	-0.0030	0.0000	0.0000	0.0000	-0.0100	230.4750	0.0000	1.2600	78.0072	NOT CONNECTED	0.0000	500.0000	0.0000	0.0000	0.0000	0.0000	0.0931	0.0532	-1.7107	0.2215	-1.7215	0.1090	0.0000	0.0000	320.9563	0.0000	84.0807	1.7250	0.0052	89.1567
8.8029	0.0000	-0.0030	0.0000	0.0000	0.0000	-0.0100	230.4280	0.0000	1.2900	77.8219	NOT CONNECTED	0.0000	500.0000	0.0000	0.0000	0.0000	0.0000	0.0931	0.0532	-1.7107	0.2215	-1.7215	0.1090	0.0000	0.0000	320.8968	0.0000	84.0406	1.7250	0.0053	89.1567
8.8148	0.0000	-0.0030	0.0000	0.0000	0.0000	-0.0100	230.4280	0.0000	1.2900	77.8219	NOT CONNECTED	0.0000	500.0000	0.0000	0.0000	0.0000	0.0000	0.0931	0.0532	-1.7107	0.2215	-1.7215	0.1090	0.0000	0.0000	320.8968	0.0000	84.0406	1.7250	0.0053	89.1567
9.3970	0.0000	-0.0030	0.0000	0.0000	0.0000	-0.0100	230.4110	0.0000	1.3000	77.6541	NOT CONNECTED	0.0000	500.0000	0.0000	0.0000	0.0000	0.0000	0.0931	0.0532	-1.7107	0.2215	-1.7215	0.1090	0.0000	0.0000	320.9089	0.0000	84.0037	1.7250	0.0052	89.0752
9.5432	0.0000	-0.0030	0.0000	0.0000	0.0000	-0.0100	230.4110	0.0000	1.3000	77.6541	NOT CONNECTED	0.0000	500.0000	0.0000	0.0000	0.0000	0.0000	0.0931	0.0532	-1.7107	0.2215	-1.7215	0.1090	0.0000	0.0000	320.9089	0.0000	84.0037	1.7250	0.0052	89.0752
9.9793	0.0000	-0.0030	0.0000	0.0000	0.0000	-0.0100	230.3860	0.0000	1.3000	77.4577	NOT CONNECTED	0.0000	500.0000	0.0000	0.0000	0.0000	0.0000	0.0931	0.0532	-1.7107	0.2215	-1.7215	0.1090	0.0000	0.0000	320.8751	0.0000	83.9665	1.7250	0.0056	89.0752
10.2814	0.0000	-0.0030	0.0000	0.0000	0.0000	-0.0100	230.3860	0.0000	1.3000	77.4577	NOT CONNECTED	0.0000	500.0000	0.0000	0.0000	0.0000	0.0000	0.0931	0.0532	-1.7107	0.2215	-1.7215	0.1090	0.0000	0.0000	320.8751	0.0000	83.9665	1.7250	0.0056	89.0752
10.5844	0.0000	-0.0030	0.0000	0.0000	0.0000	-0.0100	230.3860	0.0000	1.3000	77.4577	NOT CONNECTED	0.0000	500.0000	0.0000	0.0000	0.0000	0.0000	0.0931	0.0532	-1.7107	0.2215	-1.7215	0.1090	0.0000	0.0000	320.9211	0.0000	83.9306	1.7250	0.0055	88.9940
11.0062	0.0000	-0.0030	0.0000	0.0000	0.0000	-0.0100	230.3820	0.0000	1.3000	77.2951	NOT CONNECTED	0.0000	500.0000	0.0000	0.0000	0.0000	0.0000	0.0931	0.0532	-1.7107	0.2215	-1.7215	0.1090	0.0000	0.0000	320.8954	0.0000	83.8959	1.7250	0.0052	88.9130
11.1901	0.0000	-0.0030	0.0000	0.0000	0.0000	-0.0100	230.3820	0.0000	1.3000	77.2951	NOT CONNECTED	0.0000	500.0000	0.0000	0.0000	0.0000	0.0000	0.0931	0.0532	-1.7107	0.2215	-1.7215	0.1090	0.0000	0.0000	320.8954	0.0000	83.8959	1.7250	0.0052	88.9130
11.7483	0.0000	-0.0030	0.0000	0.0000	0.0000	-0.0100	230.3860	0.0000	1.3100	77.1187	NOT CONNECTED	0.0000	500.0000	0.0000	0.0000	0.0000	0.0000	0.0931	0.0532	-1.7107	0.2215	-1.7215	0.1090	0.0000	0.0000	320.9089	0.0000	83.8623	1.7250	0.0053	88.9130
11.7840	0.0000	-0.0030	0.0000	0.0000	0.0000	-0.0100	230.3860	0.0000	1.3100	77.1187	NOT CONNECTED	0.0000	500.0000	0.0000	0.0000	0.0000	0.0000	0.0931	0.0532	-1.7107	0.2215	-1.7215	0.1090	0.0000	0.0000	320.9089	0.0000	83.8623	1.7250	0.0053	88.9130
12.3944	0.0000	-0.0030	0.0000	0.0000	0.0000	-0.0100	230.3940	0.0000	1.3100	76.9077	NOT CONNECTED	0.0000	500.0000	0.0000	0.0000	0.0000	0.0000	0.0931	0.0532	-1.7107	0.2215	-1.7215	0.1090	0.0000	0.0000	320.9306	0.0000	83.8296	1.7250	0.0054	88.8322
12.4806	0.0000	-0.0030	0.0000	0.0000	0.0000	-0.0100	230.3940	0.0000	1.3100	76.9077	NOT CONNECTED	0.0000	500.0000	0.0000	0.0000	0.0000	0.0000	0.0931	0.0532	-1.7107	0.2215	-1.7215	0.1090	0.0000	0.0000	320.9306	0.0000	83.8296	1.7250	0.0054	88.8322
12.9928	0.0000	-0.0030	0.0000	0.0000	0.0000	-0.0100	230.4210	0.0000	1.2900	76.7420	NOT CONNECTED	0.0000	500.0000	0.0000	0.0000	0.0000	0.0000	0.0931	0.0532	-1.7107	0.2215	-1.7215	0.1090	0.0000	0.0000	320.9631	0.0000	83.7977	1.7250	0.0053	88.8322
13.2208	0.0000	-0.0030	0.0000	0.0000	0.0000	-0.0100	230.4210	0.0000	1.2900	76.7420	NOT CONNECTED	0.0000	500.0000	0.0000	0.0000	0.0000	0.0000	0.0931	0.0532	-1.7107	0.2215	-1.7215	0.1090	0.0000	0.0000	320.9631	0.0000	83.7977	1.7250	0.0053	88.8322
13.5841	0.0000	-0.0030	0.0000	0.0000	0.0000	-0.0100	230.4210	0.0000	1.2900	76.7420	NOT CONNECTED	0.0000	500.0000	0.0000	0.0000	0.0000	0.0000	0.0931	0.0532	-1.7107	0.2215	-1.7215	0.1090	0.0000	0.0000	321.0348	0.0000	83.7667	1.7250	0.0054	88.7517
14.1768	0.0000	-0.0030	0.0000	0.0000	0.0000	-0.0100	230.4620	0.0000	1.2900	76.5322	NOT CONNECTED	0.0000	500.0000	0.0000	0.0000	0.0000	0.0000	0.0931	0.0532	-1.7107	0.2215	-1.7215	0.1090	0.0000	0.0000	321.0930	0.0000	83.7376	1.7250	0.0055	88.6714
14.2122	0.0000	-0.0030	0.0000	0.0000	0.0000	-0.0100	230.4620	0.0000	1.2900	76.5322	NOT CONNECTED	0.0000	500.0000	0.0000	0.0000	0.0000	0.0000	0.0931	0.0532	-1.7107	0.2215	-1.7215	0.1090	0.0000	0.0000	321.0930	0.0000	83.7376	1.7250	0.0055	88.6714
14.7942	0.0000	-0.0030	0.0000	0.0000	0.0000	-0.0100	230.4850	0.0000	1.3000	76.3674	NOT CONNECTED	10000.0000	500.0000	0.0000	0.0000	0.0000	0.0000	0.0931	0.0532	-1.7107	0.2215	-1.7215	0.1090	0.0000	0.0000	321.0876	0.0000	83.7066	1.7250	0.0052	88.6714
14.9484	0.0000	-0.0030	0.0000	0.0000	0.0000	-0.0100	230.4850	0.0000	1.3000	76.3674	NOT CONNECTED	10000.0000	500.0000	0.0000	0.0000	0.0000	0.0000	0.0931	0.0532	-1.7107	0.2215	-1.7215	0.1090	0.0000	0.0000	321.0876	0.0000	83.7066	1.7250	0.0052	88.6714
15.3888	0.0000	-0.0030	0.0000	0.0000	0.0000	-0.0100	230.5360	0.0000	1.3000	76.1678	NOT CONNECTED	10000.0000	500.0000	0.0000	0.0000	0.0000	0.0000	0.0931	0.0532	-1.7107	0.2215	-1.7215	0.1090	0.0000	0.0000	321.1336	0.0000	83.6774	1.7250	0.0054	88.5913
15.6755	0.0000	-0.0030	0.0000	0.0000	0.0000	-0.0100	230.5360	0.0000	1.3000	76.1678	NOT CONNECTED	10000.0000	500.0000	0.0000	0.0000	0.0000	0.0000	0.0931	0.0532	-1.7107	0.2215	-1.7215	0.1090	0.0000	0.0000	321.1336	0.0000	83.6774	1.7250	0.0054	88.5913
16.0034	0.0000	-0.0030	0.0000	0.0000	0.0000	-0.0100	230.5360	0.0000	1.3000	76.1678	NOT CONNECTED	10000.0000	500.0000	0.0000	0.0000	0.0000	0.0000	0.0931	0.0532	-1.7107	0.2215	-1.7215	0.1090	0.0000	0.0000	321.1484	0.0000	83.6488	1.7250	0.0054	88.5913
16.4074	0.0000	-0.0030	0.0000	0.0000	0.0000	-0.0100	230.5610	0.0000	1.3000	75.9894	NOT CONNECTED	10000.0000	500.0000	0.0000	0.0000	0.0000	0.0000	0.0931	0.0532	-1.7107	0.2215	-1.7215	0.1090	0.0000	0.0000	321.2256	0.0000	83.6208	1.7250	0.0052	88.5115
16.5976	0.0000	-0.0030	0.0000	0.0000	0.0000	-0.0100	230.5610	0.0000	1.3000	75.9894	NOT CONNECTED	10000.0000	500.0000	0.0000	0.0000	0.0000	0.0000	0.0931	0.0532	-1.7107	0.2215	-1.7215	0.1090	0.0000	0.0000	321.2256	0.0000	83.6208	1.7250	0.0052	88.5115
17.1495	0.0000	-0.0030	0.0000	0.0000	0.0000	-0.0100	230.6110	0.0000	1.3000	75.8261	NOT CONNECTED	10000.0000	500.0000	0.0000	0.0000	0.0000	0.0000	0.0931	0.0532	-1.7107	0.2215	-1.7215	0.1090	0.0000	0.0000	321.2283	0.0000	83.5929	1.7250	0.0052	88.4319
17.1890	0.0000	-0.0030	0.0000	0.0000	0.0000	-0.0100	230.6110	0.0000	1.3000	75.8261	NOT CONNECTED	10000.0000	500.0000	0.0000	0.0000	0.0000	0.0000	0.0931	0.0532	-1.7107	0.2215	-1.7215	0.1090	0.0000	0.0000	321.2283	0.0000	83.5929	1.7250	0.0052	88.4319
17.7715	0.0000	-0.0030	0.0000	0.0000	0.0000	-0.0100	230.6350	0.0000	1.3000	75.6973	NOT CONNECTED	10000.0000	500.0000	0.0000	0.0000	0.0000	0.0000	0.0931	0.0532	-1.7107	0.2215	-1.7215	0.1090	0.0000	0.0000	321.2581	0.0000	83.5658	1.7250	0.0053	88.4319
17.8771	0.0000	-0.0030	0.0000	0.0000	0.0000	-0.0100	230.6350	0.0000	1.3000	75.6973	NOT CONNECTED	10000.0000	500.0000	0.0000	0.0000	0.0000	0.0000	0.0931	0.0532	-1.7107	0.2215	-1.7215	0.1090	0.0000	0.0000	321.2581	0.0000	83.5658	1.7250	0.0053	88.4319
18.3669	0.0000	-0.0030	0.0000	0.0000	0.0000	-0.0100	230.6590	0.0000	1.3100	75.5144	NOT CONNECTED	10000.0000	500.0000	0.0000	0.0000	0.0000	0.0000	0.0931	0.0532	-1.7107	0.2215	-1.7215	0.1090	0.0000	0.0000	321.3324	0.0000	83.5399	1.7250	0.0054	88.3525
18.6075	0.0000	-0.0030	0.0000	0.0000	0.0000	-0.0100	230.6590	0.0000	1.3100	75.5144	NOT CONNECTED	10000.0000	500.0000	0.0000	0.0000	0.0000	0.0000	0.0931	0.0532	-1.7107	0.2215	-1.7215	0.1090	0.0000	0.0000	321.3324	0.0000	83.5399	1.7250	0.0054	88.3525
18.9651	0.0000	-0.0030	0.0000	0.0000	0.0000	-0.0100	230.6590	0.0000	1.3100	75.5144	NOT CONNECTED	10000.0000	500.0000	0.0000	0.0000	-0.0109	0.0000	0.0931	0.0532	0.0005	-0.0139	-1.7215	-0.0181	1.2950	0.0000	316.3760	0.0042	83.5124	1.7250	0.0053	88.3525
19.3461	0.0000	-0.0030	0.0000	0.0000	0.0000	-0.0100	230.7050	0.0000	1.3100	75.3687	NOT CONNECTED	10000.0000	500.0000	0.0000	0.0000	-0.0109	0.0000	0.0931	0.0532	0.0005	-0.0139	-1.7215	-0.0181	1.2950	0.0000	316.3760	0.0042	83.5124	1.7250	0.0053	88.3525
20.0767	17.0000	0.0570	0.0000	0.0000	0.0000	-0.0100	230.7230	0.0000	1.3100	75.2147	NOT CONNECTED	10000.0000	500.0000	0.0000	-0.0899	0.0562	0.0000	0.1740	0.0532	3.0058	0.0531	3.0238	0.1240	22.3999	0.0000	305.2180	100.8670	83.7387	3.0344	1.5072	88.2734
20.6588	0.0000	0.0000	1.3417	0.0000	14.3890	42.6300	230.7180	0.4106	57.1900	75.0540	NOT CONNECTED	10000.0000	500.0000	0.0000	0.1249	0.0541	0.0000	0.1749	0.0532	3.0379	0.0532	3.0203	0.1097	22.5049	0.0000	304.5522	102.2170	84.2549	3.0263	2.1444	88.2222
20.8011	0.0000	0.0000	1.3417	0.0000	14.3890	42.6300	230.7180	0.4106	57.1900	75.0540	NOT CONNECTED	10000.0000	500.0000	0.0000	0.1249	0.0541	0.0000	0.1749	0.0532	3.0379	0.0532	3.0203	0.1097	22.5049	0.0000	304.5522	102.2170	84.2549	3.0263	2.1444	88.2222
21.2289	0.0000	0.0000	1.9903	0.0000	21.3080	94.2300	230.6970	0.7815	117.6000	74.9921	NOT CONNECTED	10000.0000	500.0000	0.0000	0.2922	0.0285	0.0000	0.1423	0.0532	0.9989	0.0349	0.9668	0.0407	8.5849	0.0000	316.5479	12.4744	84.7112	0.9392	1.4999	88.3745
21.5244	0.0000	0.0000	1.9903	0.0000	21.3080	94.2300	230.6970	0.7815	117.6000	74.9921	NOT CONNECTED	10000.0000	500.0000	0.0000	0.2922	0.0285	0.0000	0.1423	0.0532	0.9989	0.0349	0.9668	0.0407	8.5849	0.0000	316.5479	12.4744	84.7112	0.9392	1.4999	88.3745
21.8345	0.0000	0.0000	1.9903	0.0000	21.3080	94.2300	230.6970	0.7815	117.6000	74.9921	NOT CONNECTED	10000.0000	500.0000	0.0000	81.7041	0.1910	0.1466	0.1116	0.1117	1.0321	0.2863	0.9985	0.4199	8.0571	7.7796	315.6510	15.7839	88.5063	1.0551	0.7280	88.3745
22.2533	0.0000	-0.0040	0.6375	0.0000	6.9580	9.5900	230.8030	0.1421	17.2600	74.8969	NOT CONNECTED	10000.0000	500.0000	0.0000	400.6874	0.1090	0.1193	0.0935	0.0932	0.0766	0.1868	0.0539	0.1663	1.0938	18.2942	317.9605	6.0484	88.4358	0.2282	0.5195	88.4310
22.4254	0.0000	-0.0040	0.6375	0.0000	6.9580	9.5900	230.8030	0.1421	17.2600	74.8969	NOT CONNECTED	10000.0000	500.0000	0.0000	400.6874	0.1090	0.1193	0.0935	0.0932	0.0766	0.1868	0.0539	0.1663	1.0938	18.2942	317.9605	6.0484	88.4358	0.2282	0.5195	88.4310
22.9900	296.0000	-0.1190	0.6943	0.0000	8.6670	10.8100	230.7860	0.1558	19.1700	74.8437	NOT CONNECTED	10000.0000	500.0000	0.0000	694.5486	0.1120	0.1319	0.0932	0.0933	0.1921	0.1989	0.1748	0.2312	0.5649	29.6871	316.7685	10.6773	88.3068	0.2851	0.1927	88.4310
23.0089	296.0000	-0.1190	0.6943	0.0000	8.6670	10.8100	230.7860	0.1558	19.1700	74.8437	NOT CONNECTED	10000.0000	500.0000	0.0000	694.5486	0.1120	0.1319	0.0932	0.0933	0.1921	0.1989	0.1748	0.2312	0.5649	29.6871	316.7685	10.6773	88.3068	0.2851	0.1927	88.4310
23.5856	659.0000	-0.1060	0.1905	0.0000	27.0520	7.7600	230.7840	0.1127	13.2600	74.7714	NOT CONNECTED	10000.0000	500.0000	0.0000	987.7972	0.1249	0.1225	0.0936	0.0935	0.1847	0.2284	0.0552	0.2856	0.5843	41.2403	315.6483	15.4375	88.1864	0.2441	0.1961	88.3769
23.7226	659.0000	-0.1060	0.1905	0.0000	27.0520	7.7600	230.7840	0.1127	13.2600	74.7714	NOT CONNECTED	10000.0000	500.0000	0.0000	987.7972	0.1249	0.1225	0.0936	0.0935	0.1847	0.2284	0.0552	0.2856	0.5843	41.2403	315.6483	15.4375	88.1864	0.2441	0.1961	88.3769
24.1793	1028.0000	-0.1100	0.1928	0.0000	39.2040	11.5700	230.7790	0.1441	17.5300	74.6980	NOT CONNECTED	10000.0000	500.0000	0.0000	1276.6879	0.1144	0.1389	0.0934	0.0933	0.0727	0.2069	0.0876	0.2169	0.8499	52.8852	314.7486	19.3351	88.0724	0.2477	0.1979	88.3002
24.4577	1028.0000	-0.1100	0.1928	0.0000	39.2040	11.5700	230.7790	0.1441	17.5300	74.6980	NOT CONNECTED	10000.0000	500.0000	0.0000	1276.6879	0.1144	0.1389	0.0934	0.0933	0.0727	0.2069	0.0876	0.2169	0.8499	52.8852	314.7486	19.3351	88.0724	0.2477	0.1979	88.3002
24.7630	1028.0000	-0.1100	0.1928	0.0000	39.2040	11.5700	230.7790	0.1441	17.5300	74.6980	NOT CONNECTED	10000.0000	500.0000	0.0000	1578.5123	0.1533	0.1139	0.0933	0.0935	0.1072	0.2694	0.0724	0.2407	0.6130	64.2817	313.8382	24.7584	87.9729	0.2252	0.2001	88.3002
25.1901	1392.0000	-0.1100	0.1984	0.0000	63.2710	19.6500	230.7650	0.2063	26.3600	74.5366	NOT CONNECTED	10000.0000	500.0000	0.0000	1856.8410	0.1614	0.1650	0.0936	0.0936	0.1216	0.2878	0.0942	0.2642	0.9245	76.8708	312.8521	30.0193	87.8783	0.3180	0.2046	88.2244
25.3593	1392.0000	-0.1100	0.1984	0.0000	63.2710	19.6500	230.7650	0.2063	26.3600	74.5366	NOT CONNECTED	10000.0000	500.0000	0.0000	1856.8410	0.1614	0.1650	0.0936	0.0936	0.1216	0.2878	0.0942	0.2642	0.9245	76.8708	312.8521	30.0193	87.8783	0.3180	0.2046	88.2244
25.9195	1758.0000	-0.1100	0.2019	0.0000	75.1660	23.7900	230.7550	0.2378	30.8300	74.3638	NOT CONNECTED	10000.0000	500.0000	0.0000	2160.6544	0.1445	0.1507	0.0935	0.0935	0.1409	0.2556	0.1295	0.3145	1.0639	88.6316	312.0095	35.2411	87.7954	0.3227	0.2054	88.2244
25.9584	1758.0000	-0.1100	0.2019	0.0000	75.1660	23.7900	230.7550	0.2378	30.8300	74.3638	NOT CONNECTED	10000.0000	500.0000	0.0000	2160.6544	0.1445	0.1507	0.0935	0.0935	0.1409	0.2556	0.1295	0.3145	1.0639	88.6316	312.0095	35.2411	87.7954	0.3227	0.2054	88.2244
26.5529	2125.0000	-0.1110	0.2074	0.0000	99.2640	32.9000	230.7300	0.3027	40.4200	74.1714	NOT CONNECTED	10000.0000	500.0000	0.0000	2460.5913	0.1662	0.1468	0.0935	0.0936	0.1509	0.2957	0.1517	0.2636	0.4641	99.3206	311.1859	40.6852	87.7162	0.3247	0.2111	88.1499
26.6774	2125.0000	-0.1110	0.2074	0.0000	99.2640	32.9000	230.7300	0.3027	40.4200	74.1714	NOT CONNECTED	10000.0000	500.0000	0.0000	2460.5913	0.1662	0.1468	0.0935	0.0936	0.1509	0.2957	0.1517	0.2636	0.4641	99.3206	311.1859	40.6852	87.7162	0.3247	0.2111	88.1499
27.1492	2506.0000	-0.1140	0.2110	0.0000	111.4550	37.6600	230.7130	0.3359	45.4800	73.9418	NOT CONNECTED	10000.0000	500.0000	0.0000	2754.8718	0.1744	0.1722	0.0937	0.0937	0.0701	0.3235	0.0460	0.3257	0.3283	111.1473	310.4166	45.9221	87.6437	0.2952	0.2142	88.0770
27.4197	2506.0000	-0.1140	0.2110	0.0000	111.4550	37.6600	230.7130	0.3359	45.4800	73.9418	NOT CONNECTED	10000.0000	500.0000	0.0000	2754.8718	0.1744	0.1722	0.0937	0.0937	0.0701	0.3235	0.0460	0.3257	0.3283	111.1473	310.4166	45.9221	87.6437	0.2952	0.2142	88.0770
27.7532	2506.0000	-0.1140	0.2110	0.0000	111.4550	37.6600	230.7130	0.3359	45.4800	73.9418	NOT CONNECTED	10000.0000	500.0000	0.0000	3054.9589	0.1690	0.1573	0.0935	0.0936	0.1585	0.3023	0.0289	0.2933	0.6883	123.2470	309.5445	52.5230	87.5772	0.2754	0.2177	88.0770
28.1810	2874.0000	-0.1130	0.2179	0.0000	135.5480	47.5000	230.6750	0.4016	55.6300	73.7407	NOT CONNECTED	10000.0000	500.0000	0.0000	3357.7665	0.1580	0.1724	0.0935	0.0935	0.1250	0.2875	0.0569	0.3163	0.4345	137.1471	308.7956	58.3357	87.5160	0.3021	0.2220	88.0060
28.3583	2874.0000	-0.1130	0.2179	0.0000	135.5480	47.5000	230.6750	0.4016	55.6300	73.7407	NOT CONNECTED	10000.0000	500.0000	0.0000	3357.7665	0.1580	0.1724	0.0935	0.0935	0.1250	0.2875	0.0569	0.3163	0.4345	137.1471	308.7956	58.3357	87.5160	0.3021	0.2220	88.0060
28.9188	3259.0000	-0.1140	0.2217	0.0000	147.5050	52.5900	230.6520	0.4355	60.9200	73.5048	NOT CONNECTED	10000.0000	500.0000	0.0000	3660.2974	0.1678	0.1562	0.0936	0.0936	0.1184	0.2994	0.0780	0.2867	0.0253	145.5817	307.9048	64.8362	87.4593	0.3186	0.2239	88.0060
28.9583	3259.0000	-0.1140	0.2217	0.0000	147.5050	52.5900	230.6520	0.4355	60.9200	73.5048	NOT CONNECTED	10000.0000	500.0000	0.0000	3660.2974	0.1678	0.1562	0.0936	0.0936	0.1184	0.2994	0.0780	0.2867	0.0253	145.5817	307.9048	64.8362	87.4593	0.3186	0.2239	88.0060
29.5404	3622.0000	-0.1130	0.2290	0.0000	171.6960	63.5400	230.6020	0.5057	72.0200	73.2554	NOT CONNECTED	10000.0000	500.0000	0.0000	3956.5969	0.1394	0.1630	0.0939	0.0935	0.1142	0.2201	0.0910	0.3405	-1.2115	149.5098	307.2711	71.5875	87.4069	0.2793	0.2307	87.9375
29.6783	3622.0000	-0.1130	0.2290	0.0000	171.6960	63.5400	230.6020	0.5057	72.0200	73.2554	NOT CONNECTED	10000.0000	500.0000	0.0000	3956.5969	0.1394	0.1630	0.0939	0.0935	0.1142	0.2201	0.0910	0.3405	-1.2115	149.5098	307.2711	71.5875	87.4069	0.2793	0.2307	87.9375
30.1453	4001.0000	-0.1150	0.2338	0.0000	183.9830	69.4800	230.5740	0.5433	78.0600	73.0112	NOT CONNECTED	10000.0000	500.0000	0.0000	4246.5190	0.1716	0.1772	0.0939	0.0936	0.1987	0.2944	0.1397	0.2660	-4.7571	165.4421	306.4916	81.7307	87.3580	0.3899	0.2289	87.8716
30.4176	4001.0000	-0.1150	0.2338	0.0000	183.9830	69.4800	230.5740	0.5433	78.0600	73.0112	NOT CONNECTED	10000.0000	500.0000	0.0000	4246.5190	0.1716	0.1772	0.0939	0.0936	0.1987	0.2944	0.1397	0.2660	-4.7571	165.4421	306.4916	81.7307	87.3580	0.3899	0.2289	87.8716
30.7498	4001.0000	-0.1150	0.2338	0.0000	183.9830	69.4800	230.5740	0.5433	78.0600	73.0112	NOT CONNECTED	10000.0000	500.0000	0.0000	4548.1664	0.1658	0.1802	0.0895	0.0892	-0.1063	0.3230	-0.0658	0.3061	-2.9599	164.7375	305.9323	87.0209	87.3126	0.3051	0.2301	87.8716
31.1763	4363.0000	-0.1190	0.2445	0.0000	208.3510	81.4000	230.5150	0.6139	89.5500	72.7805	NOT CONNECTED	10000.0000	500.0000	0.0000	4548.1664	0.1658	0.1802	0.0895	0.0892	-0.1063	0.3230	-0.0658	0.3061	-2.9599	164.7375	305.9323	87.0209	87.3126	0.3051	0.2301	87.8716
31.8682	4749.0000	-0.1230	0.2402	0.0000	212.6900	86.3300	230.4880	0.6429	94.3100	72.5406	NOT CONNECTED	10000.0000	500.0000	0.0000	5103.8041	0.1525	0.1995	0.0785	0.0783	-0.6108	0.2687	-0.6057	0.3114	-11.7290	178.4639	304.3952	104.2928	87.2426	0.7036	0.4107	87.8088
31.9286	4749.0000	-0.1230	0.2402	0.0000	212.6900	86.3300	230.4880	0.6429	94.3100	72.5406	NOT CONNECTED	10000.0000	500.0000	0.0000	5103.8041	0.1525	0.1995	0.0785	0.0783	-0.6108	0.2687	-0.6057	0.3114	-11.7290	178.4639	304.3952	104.2928	87.2426	0.7036	0.4107	87.8088
32.4621	5121.0000	-0.1250	0.4075	0.0000	212.4110	99.2600	230.4320	0.7272	108.3100	72.2875	NOT CONNECTED	10000.0000	500.0000	0.0000	5413.9703	0.1988	0.1688	0.0753	0.0730	-0.9021	0.4850	-0.7097	0.3584	-6.2144	171.9636	303.5464	112.6224	87.2280	0.8223	0.5035	87.5254
32.6765	5121.0000	-0.1250	0.4075	0.0000	212.4110	99.2600	230.4320	0.7272	108.3100	72.2875	NOT CONNECTED	10000.0000	500.0000	0.0000	5413.9703	0.1988	0.1688	0.0753	0.0730	-0.9021	0.4850	-0.7097	0.3584	-6.2144	171.9636	303.5464	112.6224	87.2280	0.8223	0.5035	87.5254
33.0667	5491.0000	-0.1280	0.5192	0.0000	212.0690	106.8500	230.4080	0.7772	116.7200	72.0581	NOT CONNECTED	10000.0000	500.0000	0.0000	5710.1448	0.1714	0.1685	0.0703	0.0704	-0.9575	0.4307	-0.9552	0.3313	1.6868	167.2099	302.7083	124.6914	87.2314	0.9467	0.6595	87.5254
33.4172	5491.0000	-0.1280	0.5192	0.0000	212.0690	106.8500	230.4080	0.7772	116.7200	72.0581	NOT CONNECTED	10000.0000	500.0000	0.0000	6000.9274	0.2174	0.2086	0.0648	0.0662	-1.0713	0.5447	-1.2559	0.2569	-0.3673	168.6652	301.8258	134.9782	87.2575	1.2564	0.7615	87.2585
33.6701	5491.0000	-0.1280	0.5192	0.0000	212.0690	106.8500	230.4080	0.7772	116.7200	72.0581	NOT CONNECTED	10000.0000	500.0000	0.0000	6000.9274	0.2174	0.2086	0.0648	0.0662	-1.0713	0.5447	-1.2559	0.2569	-0.3673	168.6652	301.8258	134.9782	87.2575	1.2564	0.7615	87.2585
34.1858	5857.0000	-0.1350	0.7241	0.0000	211.5290	123.3500	230.3620	0.8850	134.9900	71.8762	NOT CONNECTED	10000.0000	500.0000	0.0000	6314.4083	0.1864	0.1655	0.0625	0.0622	-1.0543	0.4686	-1.2668	0.3107	-13.4405	167.0675	301.0762	145.3602	87.3052	1.1965	0.8509	87.0145
34.2742	5857.0000	-0.1350	0.7241	0.0000	211.5290	123.3500	230.3620	0.8850	134.9900	71.8762	NOT CONNECTED	10000.0000	500.0000	0.0000	6314.4083	0.1864	0.1655	0.0625	0.0622	-1.0543	0.4686	-1.2668	0.3107	-13.4405	167.0675	301.0762	145.3602	87.3052	1.1965	0.8509	87.0145
34.8790	6246.0000	-0.1390	0.8140	0.0000	211.3980	131.2700	230.3430	0.9362	143.7700	71.7312	NOT CONNECTED	10000.0000	500.0000	0.0000	6598.9883	0.1706	0.2288	0.0596	0.0602	-1.4005	0.4941	-1.4411	0.2846	-14.8640	174.7593	300.3125	159.6854	87.3736	1.5221	1.0072	87.0145
34.9186	6246.0000	-0.1390	0.8140	0.0000	211.3980	131.2700	230.3430	0.9362	143.7700	71.7312	NOT CONNECTED	10000.0000	500.0000	0.0000	6598.9883	0.1706	0.2288	0.0596	0.0602	-1.4005	0.4941	-1.4411	0.2846	-14.8640	174.7593	300.3125	159.6854	87.3736	1.5221	1.0072	87.0145
35.4830	6610.0000	-0.1430	0.9802	0.0000	210.8390	149.5800	230.3130	1.0533	163.9300	71.5957	NOT CONNECTED	10000.0000	500.0000	0.0000	6910.1867	0.1890	0.1979	0.0562	0.0557	-1.5090	0.5363	-1.5119	0.2958	-9.3944	168.1331	299.4572	174.5684	87.4668	1.4833	1.0507	86.7929
35.6766	6610.0000	-0.1430	0.9802	0.0000	210.8390	149.5800	230.3130	1.0533	163.9300	71.5957	NOT CONNECTED	10000.0000	500.0000	0.0000	6910.1867	0.1890	0.1979	0.0562	0.0557	-1.5090	0.5363	-1.5119	0.2958	-9.3944	168.1331	299.4572	174.5684	87.4668	1.4833	1.0507	86.7929
36.0755	6993.0000	-0.1510	1.0556	0.0000	210.4180	159.1500	230.3030	1.1128	174.3400	71.4759	NOT CONNECTED	10000.0000	500.0000	0.0000	7210.0278	0.1963	0.2002	0.0550	0.0530	-1.6303	0.5627	-1.5761	0.2840	-2.3542	172.1365	298.6559	189.3218	87.5722	1.6119	1.1258	86.7929
36.4072	6993.0000	-0.1510	1.0556	0.0000	210.4180	159.1500	230.3030	1.1128	174.3400	71.4759	NOT CONNECTED	10000.0000	500.0000	0.0000	7511.1798	0.1979	0.1995	0.0517	0.0522	-1.7105	0.6200	-1.8948	0.2727	-16.2894	170.3433	298.1027	198.7168	87.6946	1.7799	1.2243	86.6002
36.6805	6993.0000	-0.1510	1.0556	0.0000	210.4180	159.1500	230.3030	1.1128	174.3400	71.4759	NOT CONNECTED	10000.0000	500.0000	0.0000	7511.1798	0.1979	0.1995	0.0517	0.0522	-1.7105	0.6200	-1.8948	0.2727	-16.2894	170.3433	298.1027	198.7168	87.6946	1.7799	1.2243	86.6002
37.1762	7352.0000	-0.1530	1.1956	0.0000	209.6920	181.6800	230.2940	1.2528	198.9000	71.3736	NOT CONNECTED	10000.0000	500.0000	0.0000	7809.5504	0.2312	0.2052	0.0495	0.0483	-1.7213	0.7811	-1.8500	0.2943	-11.8942	171.1693	297.4658	214.8111	87.8324	1.7777	1.2827	86.4369
37.2826	7352.0000	-0.1530	1.1956	0.0000	209.6920	181.6800	230.2940	1.2528	198.9000	71.3736	NOT CONNECTED	10000.0000	500.0000	0.0000	7809.5504	0.2312	0.2052	0.0495	0.0483	-1.7213	0.7811	-1.8500	0.2943	-11.8942	171.1693	297.4658	214.8111	87.8324	1.7777	1.2827	86.4369
37.8784	7985.0000	-0.1590	1.3134	0.0000	209.2320	200.4100	230.2980	1.3681	219.2600	71.2996	NOT CONNECTED	10000.0000	500.0000	0.0000	8118.5830	0.2017	0.2027	0.0487	0.0468	-1.8293	0.6918	-1.9259	0.3477	-11.2827	163.7427	296.9636	225.8572	87.9911	1.8894	1.3599	86.4369
38.4203	7985.0000	-0.1590	1.3134	0.0000	209.2320	200.4100	230.2980	1.3681	219.2600	71.2996	NOT CONNECTED	10000.0000	500.0000	0.0000	8408.1014	0.1973	0.2127	0.0451	0.0469	-1.9326	0.6829	-2.1090	0.3239	-18.8246	161.8182	296.2323	240.6468	88.1520	2.0640	1.4189	86.2950
38.4803	7985.0000	-0.1590	1.3134	0.0000	209.2320	200.4100	230.2980	1.3681	219.2600	71.2996	NOT CONNECTED	10000.0000	500.0000	0.0000	8408.1014	0.1973	0.2127	0.0451	0.0469	-1.9326	0.6829	-2.1090	0.3239	-18.8246	161.8182	296.2323	240.6468	88.1520	2.0640	1.4189	86.2950
39.0832	8352.0000	-0.1590	1.4194	0.0000	208.7860	221.1800	230.3110	1.4933	241.5900	71.3180	NOT CONNECTED	10000.0000	500.0000	0.0000	8705.8712	0.2176	0.2158	0.0464	0.0440	-1.9141	0.7626	-1.9596	0.3676	-12.0924	163.9012	295.8673	252.4016	88.3223	2.1314	1.4681	86.2950
39.1796	8352.0000	-0.1590	1.4194	0.0000	208.7860	221.1800	230.3110	1.4933	241.5900	71.3180	NOT CONNECTED	10000.0000	500.0000	0.0000	8705.8712	0.2176	0.2158	0.0464	0.0440	-1.9141	0.7626	-1.9596	0.3676	-12.0924	163.9012	295.8673	252.4016	88.3223	2.1314	1.4681	86.2950
39.6901	8745.0000	-0.1630	1.4696	0.0000	208.4820	233.1200	230.3220	1.5660	254.5400	71.2949	NOT CONNECTED	10000.0000	500.0000	0.0000	9011.9872	0.2257	0.2155	0.0426	0.0430	-2.0454	0.8966	-2.1500	0.3627	-15.9457	162.8982	295.4017	264.6439	88.4996	2.4147	1.5370	86.1834
39.9141	8745.0000	-0.1630	1.4696	0.0000	208.4820	233.1200	230.3220	1.5660	254.5400	71.2949	NOT CONNECTED	10000.0000	500.0000	0.0000	9011.9872	0.2257	0.2155	0.0426	0.0430	-2.0454	0.8966	-2.1500	0.3627	-15.9457	162.8982	295.4017	264.6439	88.4996	2.4147	1.5370	86.1834
40.2956	9097.0000	-0.1650	1.5589	0.0000	208.1260	254.2700	230.3510	1.6928	277.2300	71.3762	NOT CONNECTED	10000.0000	500.0000	0.0000	9296.3277	0.2078	0.2325	0.0400	0.0409	-2.1974	0.8680	-2.2545	0.3807	-17.2737	158.0291	294.8878	282.2137	88.6924	2.2084	1.5814	86.1002
40.6685	9097.0000	-0.1650	1.5589	0.0000	208.1260	254.2700	230.3510	1.6928	277.2300	71.3762	NOT CONNECTED	10000.0000	500.0000	0.0000	9617.2904	0.2275	0.2221	0.0401	0.0395	-2.2576	1.0198	-2.3522	0.3227	-2.9947	163.3848	294.4195	297.6770	88.8900	2.3806	1.6578	86.1002
40.8895	9097.0000	-0.1650	1.5589	0.0000	208.1260	254.2700	230.3510	1.6928	277.2300	71.3762	NOT CONNECTED	10000.0000	500.0000	0.0000	9617.2904	0.2275	0.2221	0.0401	0.0395	-2.2576	1.0198	-2.3522	0.3227	-2.9947	163.3848	294.4195	297.6770	88.8900	2.3806	1.6578	86.1002
41.4060	9492.0000	-0.1650	1.6025	0.0000	207.9400	267.3800	230.3680	1.7699	291.2300	71.4412	NOT CONNECTED	10000.0000	500.0000	0.0000	9918.3865	0.2347	0.2231	0.0376	0.0381	-2.2560	1.0132	-2.4030	0.3666	-19.1360	167.6636	294.0120	310.1924	89.0955	2.4970	1.6797	86.0340
41.4902	9492.0000	-0.1650	1.6025	0.0000	207.9400	267.3800	230.3680	1.7699	291.2300	71.4412	NOT CONNECTED	10000.0000	500.0000	0.0000	9918.3865	0.2347	0.2231	0.0376	0.0381	-2.2560	1.0132	-2.4030	0.3666	-19.1360	167.6636	294.0120	310.1924	89.0955	2.4970	1.6797	86.0340
42.0853	9845.0000	-0.1660	1.6797	0.0000	207.7960	289.2800	230.4070	1.8995	314.5600	71.4592	NOT CONNECTED	10000.0000	500.0000	0.0000	10011.2217	0.0694	0.1583	0.0390	0.0391	-2.0020	0.1216	-2.5080	0.0268	-7.6476	193.6129	300.1934	192.2865	89.2816	2.7553	1.6275	86.0340
42.1811	9845.0000	-0.1660	1.6797	0.0000	207.7960	289.2800	230.4070	1.8995	314.5600	71.4592	NOT CONNECTED	10000.0000	500.0000	0.0000	10011.2217	0.0694	0.1583	0.0390	0.0391	-2.0020	0.1216	-2.5080	0.0268	-7.6476	193.6129	300.1934	192.2865	89.2816	2.7553	1.6275	86.0340
42.6735	10034.0000	-0.0750	1.7047	0.0000	208.2510	288.0900	230.4350	1.9049	314.9400	71.6121	NOT CONNECTED	10000.0000	500.0000	0.0000	10022.3050	0.2013	0.1100	0.0381	0.0384	-2.3734	0.8776	-1.9561	0.1675	-7.4123	182.7015	299.5117	203.3333	89.4312	2.9119	1.6331	85.9952
42.9185	10034.0000	-0.0750	1.7047	0.0000	208.2510	288.0900	230.4350	1.9049	314.9400	71.6121	NOT CONNECTED	10000.0000	500.0000	0.0000	10022.3050	0.2013	0.1100	0.0381	0.0384	-2.3734	0.8776	-1.9561	0.1675	-7.4123	182.7015	299.5117	203.3333	89.4312	2.9119	1.6331	85.9952
43.2699	10034.0000	-0.0750	1.7047	0.0000	208.2510	288.0900	230.4350	1.9049	314.9400	71.6121	NOT CONNECTED	10000.0000	500.0000	0.0000	10009.4895	0.0638	0.1507	0.0375	0.0396	-2.3316	0.2573	-2.8428	0.1770	-27.0097	179.4173	299.3682	197.3520	89.5859	2.4007	1.6638	85.9567
43.6670	10004.0000	-0.0970	1.6592	0.0000	211.4080	195.2600	230.5290	1.3468	214.3900	71.7062	NOT CONNECTED	10000.0000	500.0000	0.0000	9966.7519	0.0728	0.1824	0.0391	0.0385	-2.0477	0.2655	-2.0643	0.3042	-25.8888	160.8244	299.5439	223.0680	89.7259	2.0619	1.6805	85.9567
43.8544	10004.0000	-0.0970	1.6592	0.0000	211.4080	195.2600	230.5290	1.3468	214.3900	71.7062	NOT CONNECTED	10000.0000	500.0000	0.0000	9966.7519	0.0728	0.1824	0.0391	0.0385	-2.0477	0.2655	-2.0643	0.3042	-25.8888	160.8244	299.5439	223.0680	89.7259	2.0619	1.6805	85.9567
44.3972	9998.0000	-0.0980	1.6469	0.0000	211.3530	199.4000	230.5450	1.3710	218.7600	71.8210	NOT CONNECTED	10000.0000	500.0000	0.0000	9982.1704	0.2030	0.1633	0.0389	0.0386	-2.4334	0.8902	-2.5903	0.2997	-24.7931	160.8851	299.5215	219.4514	89.8388	2.7415	1.6001	85.9152
44.4465	9998.0000	-0.0980	1.6469	0.0000	211.3530	199.4000	230.5450	1.3710	218.7600	71.8210	NOT CONNECTED	10000.0000	500.0000	0.0000	9982.1704	0.2030	0.1633	0.0389	0.0386	-2.4334	0.8902	-2.5903	0.2997	-24.7931	160.8851	299.5215	219.4514	89.8388	2.7415	1.6001	85.9152
45.0455	9993.0000	-0.0980	1.6607	0.0000	211.3070	199.2300	230.5960	1.3709	218.6200	71.9546	NOT CONNECTED	10000.0000	500.0000	0.0000	10001.5383	0.0795	0.1378	0.0378	0.0397	-2.5215	0.4187	-1.8598	0.3044	-2.8880	166.9545	299.5984	222.3363	89.9154	2.8930	1.5818	85.9152
45.1796	9993.0000	-0.0980	1.6607	0.0000	211.3070	199.2300	230.5960	1.3709	218.6200	71.9546	NOT CONNECTED	10000.0000	500.0000	0.0000	10001.5383	0.0795	0.1378	0.0378	0.0397	-2.5215	0.4187	-1.8598	0.3044	-2.8880	166.9545	299.5984	222.3363	89.9154	2.8930	1.5818	85.9152
45.6365	10001.0000	-0.0980	1.6444	0.0000	211.5010	197.8900	230.6170	1.3623	217.2300	72.1256	NOT CONNECTED	10000.0000	500.0000	0.0000	9980.4464	0.0802	0.1657	0.0373	0.0392	-2.5311	0.4021	-2.6231	0.1365	-16.2159	179.9606	299.6149	219.2608	89.9877	2.8161	1.5841	85.8765
46.0450	10001.0000	-0.0980	1.6444	0.0000	211.5010	197.8900	230.6170	1.3623	217.2300	72.1256	NOT CONNECTED	10000.0000	500.0000	0.0000	10014.4599	0.1641	0.1215	0.0384	0.0398	-2.5428	0.8434	-2.6429	0.2214	-5.8428	167.2644	299.6213	223.4004	90.0497	2.2578	1.5853	85.8356
46.2331	10001.0000	-0.0980	1.6444	0.0000	211.5010	197.8900	230.6170	1.3623	217.2300	72.1256	NOT CONNECTED	10000.0000	500.0000	0.0000	10014.4599	0.1641	0.1215	0.0384	0.0398	-2.5428	0.8434	-2.6429	0.2214	-5.8428	167.2644	299.6213	223.4004	90.0497	2.2578	1.5853	85.8356
46.7737	9994.0000	-0.0980	1.6447	0.0000	211.5430	198.7800	230.6500	1.3668	218.0000	72.2422	NOT CONNECTED	10000.0000	500.0000	0.0000	9986.1035	0.1623	0.1590	0.0394	0.0386	-1.8393	0.6301	-1.8776	0.2190	-27.6728	168.0563	299.4603	208.7664	90.1138	2.6626	1.6141	85.8356
46.8316	9994.0000	-0.0980	1.6447	0.0000	211.5430	198.7800	230.6500	1.3668	218.0000	72.2422	NOT CONNECTED	10000.0000	500.0000	0.0000	9986.1035	0.1623	0.1590	0.0394	0.0386	-1.8393	0.6301	-1.8776	0.2190	-27.6728	168.0563	299.4603	208.7664	90.1138	2.6626	1.6141	85.8356
47.4306	9991.0000	-0.0960	1.6430	0.0000	211.6360	198.1400	230.6650	1.3634	217.3500	72.3706	NOT CONNECTED	10000.0000	500.0000	0.0000	9992.9822	0.0655	0.1493	0.0393	0.0398	-2.2283	0.2377	-2.6232	0.0983	-32.9724	182.8532	299.7226	199.8985	90.2015	2.2965	1.6564	85.7759
47.5061	9991.0000	-0.0960	1.6430	0.0000	211.6360	198.1400	230.6650	1.3634	217.3500	72.3706	NOT CONNECTED	10000.0000	500.0000	0.0000	9992.9822	0.0655	0.1493	0.0393	0.0398	-2.2283	0.2377	-2.6232	0.0983	-32.9724	182.8532	299.7226	199.8985	90.2015	2.2965	1.6564	85.7759
48.0354	9996.0000	-0.0960	1.6456	0.0000	211.3920	199.2700	230.6840	1.3710	218.6400	72.5252	NOT CONNECTED	10000.0000	500.0000	0.0000	9974.9805	0.1807	0.1747	0.0377	0.0380	-2.3736	0.7868	-2.3110	0.2215	-12.5965	170.3296	299.4386	215.0565	90.2867	1.9977	1.6527	85.7759
48.3856	9996.0000	-0.0960	1.6456	0.0000	211.3920	199.2700	230.6840	1.3710	218.6400	72.5252	NOT CONNECTED	10000.0000	500.0000	0.0000	10002.2424	0.1416	0.1443	0.0384	0.0396	-2.2475	0.6027	-2.0602	0.2496	-38.2828	161.0633	299.2031	219.5355	90.3493	2.6399	1.6137	85.7266
48.6380	9996.0000	-0.0960	1.6456	0.0000	211.3920	199.2700	230.6840	1.3710	218.6400	72.5252	NOT CONNECTED	10000.0000	500.0000	0.0000	10002.2424	0.1416	0.1443	0.0384	0.0396	-2.2475	0.6027	-2.0602	0.2496	-38.2828	161.0633	299.2031	219.5355	90.3493	2.6399	1.6137	85.7266
49.1664	9993.0000	-0.1080	1.6443	0.0000	211.6170	199.7300	230.6910	1.3719	218.8800	72.6736	NOT CONNECTED	10000.0000	500.0000	0.0000	9984.3071	0.1104	0.1732	0.0384	0.0381	-2.4945	0.5107	-2.3686	0.1829	-26.3669	187.9452	298.9740	233.2678	90.4174	2.5594	1.6494	85.6817
49.2420	9993.0000	-0.1080	1.6443	0.0000	211.6170	199.7300	230.6910	1.3719	218.8800	72.6736	NOT CONNECTED	10000.0000	500.0000	0.0000	9984.3071	0.1104	0.1732	0.0384	0.0381	-2.4945	0.5107	-2.3686	0.1829	-26.3669	187.9452	298.9740	233.2678	90.4174	2.5594	1.6494	85.6817
49.8431	10001.0000	-0.1100	1.6365	0.0000	211.9100	207.9600	230.6890	1.4210	227.5300	72.8424	NOT CONNECTED	10000.0000	500.0000	0.0000	9987.9499	0.1798	0.1810	0.0396	0.0389	-1.7934	0.6776	-2.5484	0.1539	-17.9039	177.9090	297.8212	245.9065	90.4790	2.2396	1.6804	85.6817
50.0080	10001.0000	-0.1100	1.6365	0.0000	211.9100	207.9600	230.6890	1.4210	227.5300	72.8424	NOT CONNECTED	10000.0000	500.0000	0.0000	9987.9499	0.1798	0.1810	0.0396	0.0389	-1.7934	0.6776	-2.5484	0.1539	-17.9039	177.9090	297.8212	245.9065	90.4790	2.2396	1.6804	85.6817
50.4254	10006.0000	-0.1190	1.6634	0.0000	210.3770	230.6100	230.6700	1.5531	251.1300	72.9201	NOT CONNECTED	10000.0000	500.0000	0.0000	10006.9110	0.1543	0.1708	0.0388	0.0371	-2.6039	0.7327	-2.4491	0.3408	-21.4731	158.4911	297.3308	274.0826	90.5518	2.0890	1.6496	85.6355
50.7476	10006.0000	-0.1190	1.6634	0.0000	210.3770	230.6100	230.6700	1.5531	251.1300	72.9201	NOT CONNECTED	10000.0000	500.0000	0.0000	9995.1690	0.2036	0.1964	0.0366	0.0373	-1.8993	0.7756	-2.8627	0.2871	-34.0581	165.1151	296.7610	284.4597	90.6101	2.3230	1.6356	85.6355
51.0341	10006.0000	-0.1190	1.6634	0.0000	210.3770	230.6100	230.6700	1.5531	251.1300	72.9201	NOT CONNECTED	10000.0000	500.0000	0.0000	9995.1690	0.2036	0.1964	0.0366	0.0373	-1.8993	0.7756	-2.8627	0.2871	-34.0581	165.1151	296.7610	284.4597	90.6101	2.3230	1.6356	85.6355
51.4813	9995.0000	-0.1470	1.6654	0.0000	210.0100	243.1000	230.6580	1.6268	264.4200	73.0762	NOT CONNECTED	10000.0000	500.0000	0.0000	9985.1558	0.1948	0.2164	0.0383	0.0389	-2.2769	0.8494	-2.3460	0.2925	-11.2826	168.0728	296.6012	288.3509	90.6716	2.1528	1.6827	85.5990
51.6355	9995.0000	-0.1470	1.6654	0.0000	210.0100	243.1000	230.6580	1.6268	264.4200	73.0762	NOT CONNECTED	10000.0000	500.0000	0.0000	9985.1558	0.1948	0.2164	0.0383	0.0389	-2.2769	0.8494	-2.3460	0.2925	-11.2826	168.0728	296.6012	288.3509	90.6716	2.1528	1.6827	85.5990
52.2208	9996.0000	-0.1570	1.6748	0.0000	209.9010	258.9200	230.6310	1.7215	281.3400	73.2125	NOT CONNECTED	10000.0000	500.0000	0.0000	9997.8396	0.2088	0.2150	0.0404	0.0387	-2.2199	0.8189	-2.2309	0.3309	-19.4129	166.2123	295.6205	286.8680	90.7281	2.5599	1.6806	85.5680
52.3301	9996.0000	-0.1570	1.6748	0.0000	209.9010	258.9200	230.6310	1.7215	281.3400	73.2125	NOT CONNECTED	10000.0000	500.0000	0.0000	9997.8396	0.2088	0.2150	0.0404	0.0387	-2.2199	0.8189	-2.2309	0.3309	-19.4129	166.2123	295.6205	286.8680	90.7281	2.5599	1.6806	85.5680
52.8293	9999.0000	-0.1670	1.6800	0.0000	209.4250	267.0100	230.6100	1.7678	289.6700	73.2882	NOT CONNECTED	10000.0000	500.0000	0.0000	9994.8484	0.2221	0.2342	0.0347	0.0377	-2.2209	0.9023	-2.6325	0.3734	-8.5799	162.9900	295.0293	300.9992	90.7905	2.4419	1.7506	85.5680
53.0624	9999.0000	-0.1670	1.6800	0.0000	209.4250	267.0100	230.6100	1.7678	289.6700	73.2882	NOT CONNECTED	10000.0000	500.0000	0.0000	9994.8484	0.2221	0.2342	0.0347	0.0377	-2.2209	0.9023	-2.6325	0.3734	-8.5799	162.9900	295.0293	300.9992	90.7905	2.4419	1.7506	85.5680
53.4255	9999.0000	-0.1670	1.6800	0.0000	209.4250	267.0100	230.6100	1.7678	289.6700	73.2882	NOT CONNECTED	10000.0000	500.0000	0.0000	9989.2986	0.2472	0.2560	0.0380	0.0374	-2.3402	1.1390	-2.4926	0.3979	-19.1402	164.9921	294.2693	356.3284	90.8722	2.5414	1.7063	85.5298
53.9101	9993.0000	-0.1890	1.7111	0.0000	208.2420	298.8300	230.5510	1.9528	323.2800	73.5225	NOT CONNECTED	10000.0000	500.0000	0.0000	9994.9335	0.2494	0.2638	0.0373	0.0385	-2.2085	1.0243	-2.4702	0.4103	-5.8209	165.1204	293.8109	331.5228	90.9409	2.5727	1.7260	85.5298
54.0127	9993.0000	-0.1890	1.7111	0.0000	208.2420	298.8300	230.5510	1.9528	323.2800	73.5225	NOT CONNECTED	10000.0000	500.0000	0.0000	9994.9335	0.2494	0.2638	0.0373	0.0385	-2.2085	1.0243	-2.4702	0.4103	-5.8209	165.1204	293.8109	331.5228	90.9409	2.5727	1.7260	85.5298
54.6052	9988.0000	-0.2170	1.7420	0.0000	207.3690	329.7100	230.4860	2.1330	356.2100	73.6220	NOT CONNECTED	10000.0000	500.0000	0.0000	9997.5050	0.2514	0.2700	0.0372	0.0386	-2.1792	1.0988	-2.5355	0.3909	-23.1045	167.3319	293.5225	343.3434	91.0106	2.2844	1.7474	85.5060
54.6671	9988.0000	-0.2170	1.7420	0.0000	207.3690	329.7100	230.4860	2.1330	356.2100	73.6220	NOT CONNECTED	10000.0000	500.0000	0.0000	9997.5050	0.2514	0.2700	0.0372	0.0386	-2.1792	1.0988	-2.5355	0.3909	-23.1045	167.3319	293.5225	343.3434	91.0106	2.2844	1.7474	85.5060
55.1906	9986.0000	-0.2220	1.7493	0.0000	207.4070	338.2000	230.4530	2.1838	365.3800	73.7546	0.0000	10000.0000	500.0000	0.0000	10001.8216	0.2779	0.2738	0.0348	0.0392	-2.0756	1.1474	-2.5837	0.4285	-27.6750	162.3209	293.1509	357.9832	91.0865	2.6909	1.7287	85.4912
55.4085	9986.0000	-0.2220	1.7493	0.0000	207.4070	338.2000	230.4530	2.1838	365.3800	73.7546	0.0000	10000.0000	500.0000	0.0000	10001.8216	0.2779	0.2738	0.0348	0.0392	-2.0756	1.1474	-2.5837	0.4285	-27.6750	162.3209	293.1509	357.9832	91.0865	2.6909	1.7287	85.4912
55.7955	9991.0000	-0.2270	1.7609	0.0000	207.0130	353.2000	230.3840	2.2710	381.1500	73.8915	0.0000	10000.0000	500.0000	0.0000	9979.0289	0.2696	0.3111	0.0363	0.0361	-1.9716	1.1242	-2.3443	0.3798	-1.1576	168.6612	292.9326	375.9771	91.1651	2.7397	1.7513	85.4912
56.1775	9991.0000	-0.2270	1.7609	0.0000	207.0130	353.2000	230.3840	2.2710	381.1500	73.8915	0.0000	10000.0000	500.0000	0.0000	9995.8381	0.3127	0.2915	0.0373	0.0353	-2.2118	1.5685	-2.5325	0.3874	-6.9898	164.0461	293.1579	392.8797	91.2326	2.5554	1.7168	85.4709
56.3935	9991.0000	-0.2270	1.7609	0.0000	207.0130	353.2000	230.3840	2.2710	381.1500	73.8915	0.0000	10000.0000	500.0000	0.0000	9995.8381	0.3127	0.2915	0.0373	0.0353	-2.2118	1.5685	-2.5325	0.3874	-6.9898	164.0461	293.1579	392.8797	91.2326	2.5554	1.7168	85.4709
56.9099	10004.0000	-0.2320	1.7693	0.0000	206.4170	360.5900	230.3490	2.3137	388.9100	74.0306	0.0000	10000.0000	500.0000	0.0000	9999.1137	0.2916	0.2887	0.0344	0.0388	-2.2136	1.3052	-2.8239	0.3913	-1.0235	166.7389	293.0447	396.9199	91.2816	2.6772	1.7283	85.4709
56.9934	10004.0000	-0.2320	1.7693	0.0000	206.4170	360.5900	230.3490	2.3137	388.9100	74.0306	0.0000	10000.0000	500.0000	0.0000	9999.1137	0.2916	0.2887	0.0344	0.0388	-2.2136	1.3052	-2.8239	0.3913	-1.0235	166.7389	293.0447	396.9199	91.2816	2.6772	1.7283	85.4709
57.5822	10000.0000	-0.2330	1.7695	0.0000	206.5620	361.3400	230.2910	2.3191	389.5300	74.1703	0.0000	10000.0000	500.0000	0.0000	9992.5054	0.3123	0.2974	0.0366	0.0368	-2.2161	1.4601	-2.3142	0.4135	-2.5746	163.6026	293.1252	395.4733	91.3406	2.8096	1.7574	85.4583
57.6678	10000.0000	-0.2330	1.7695	0.0000	206.5620	361.3400	230.2910	2.3191	389.5300	74.1703	0.0000	10000.0000	500.0000	0.0000	9992.5054	0.3123	0.2974	0.0366	0.0368	-2.2161	1.4601	-2.3142	0.4135	-2.5746	163.6026	293.1252	395.4733	91.3406	2.8096	1.7574	85.4583
58.1919	10002.0000	-0.2320	1.7762	0.0000	206.6040	363.8600	230.2650	2.3329	392.0000	74.3167	1.0000	10000.0000	500.0000	0.0000	9990.8560	0.2866	0.2991	0.0376	0.0358	-2.2966	1.3367	-2.5783	0.3680	-8.7449	176.0293	293.1685	400.0853	91.3963	2.6094	1.7345	85.4569
58.4089	10002.0000	-0.2320	1.7762	0.0000	206.6040	363.8600	230.2650	2.3329	392.0000	74.3167	1.0000	10000.0000	500.0000	0.0000	9990.8560	0.2866	0.2991	0.0376	0.0358	-2.2966	1.3367	-2.5783	0.3680	-8.7449	176.0293	293.1685	400.0853	91.3963	2.6094	1.7345	85.4569
58.7922	10002.0000	-0.2320	1.7762	0.0000	206.6040	363.8600	230.2650	2.3329	392.0000	74.3167	1.0000	10000.0000	500.0000	0.0000	10003.4221	0.2767	0.2824	0.0338	0.0374	-2.2217	1.2555	-2.5493	0.4633	-29.3700	156.2535	293.2157	359.7309	91.4457	2.7105	1.7522	85.4569
59.2721	10013.0000	-0.2330	1.7701	0.0000	206.4270	362.6600	230.2290	2.3262	390.4400	74.5221	1.0000	10000.0000	500.0000	0.0000	10005.2382	0.2857	0.2806	0.0389	0.0377	-2.1925	1.3208	-2.3392	0.4182	-9.8758	165.4339	293.2784	359.9104	91.5047	2.5864	1.7537	85.4340
59.3880	10013.0000	-0.2330	1.7701	0.0000	206.4270	362.6600	230.2290	2.3262	390.4400	74.5221	1.0000	10000.0000	500.0000	0.0000	10005.2382	0.2857	0.2806	0.0389	0.0377	-2.1925	1.3208	-2.3392	0.4182	-9.8758	165.4339	293.2784	359.9104	91.5047	2.5864	1.7537	85.4340
59.9930	10003.0000	-0.2320	1.7683	0.0000	206.6080	361.2100	230.2190	2.3182	388.8600	74.6263	1.0000	10000.0000	500.0000	0.0000	9997.5109	0.2926	0.2902	0.0370	0.0358	-2.1788	1.3854	-2.4531	0.3890	-1.6735	170.8333	293.3776	364.1720	91.5565	2.6840	1.7543	85.4340
60.0060	10003.0000	-0.2320	1.7683	0.0000	206.6080	361.2100	230.2190	2.3182	388.8600	74.6263	1.0000	10000.0000	500.0000	0.0000	9997.5109	0.2926	0.2902	0.0370	0.0358	-2.1788	1.3854	-2.4531	0.3890	-1.6735	170.8333	293.3776	364.1720	91.5565	2.6840	1.7543	85.4340
60.5853	9995.0000	-0.2340	1.7697	0.0000	206.5760	363.1400	230.2130	2.3282	390.6100	74.7806	1.0000	10000.0000	500.0000	0.0000	9996.8709	0.3000	0.2915	0.0357	0.0358	-2.2290	1.4488	-2.6156	0.3739	-11.1716	177.7418	293.4207	363.6024	91.6083	2.5586	1.7607	85.4143
60.7511	9995.0000	-0.2340	1.7697	0.0000	206.5760	363.1400	230.2130	2.3282	390.6100	74.7806	1.0000	10000.0000	500.0000	0.0000	9996.8709	0.3000	0.2915	0.0357	0.0358	-2.2290	1.4488	-2.6156	0.3739	-11.1716	177.7418	293.4207	363.6024	91.6083	2.5586	1.7607	85.4143
61.1706	9999.0000	-0.2320	1.7681	0.0000	206.6570	361.9000	230.2210	2.3212	389.2700	74.9179	1.0000	10000.0000	500.0000	0.0000	9999.3771	0.3076	0.2880	0.0364	0.0360	-2.2530	1.4752	-2.5670	0.3884	-21.2547	169.5248	293.4758	365.3284	91.6543	2.4054	1.7485	85.3978
61.4928	9999.0000	-0.2320	1.7681	0.0000	206.6570	361.9000	230.2210	2.3212	389.2700	74.9179	1.0000	10000.0000	500.0000	0.0000	9999.3771	0.3076	0.2880	0.0364	0.0360	-2.2530	1.4752	-2.5670	0.3884	-21.2547	169.5248	293.4758	365.3284	91.6543	2.4054	1.7485	85.3978
62.2280	10004.0000	-0.2320	1.7677	0.0000	206.7320	362.7300	230.2470	2.3256	389.9500	75.0495	1.0000	10000.0000	500.0000	0.0000	9993.9812	0.2885	0.2953	0.0364	0.0374	-2.2683	1.2575	-2.6340	0.3790	-11.9758	173.2236	293.7100	401.0406	91.7672	2.6490	1.7346	85.3794
62.2958	10004.0000	-0.2320	1.7677	0.0000	206.7320	362.7300	230.2470	2.3256	389.9500	75.0495	1.0000	10000.0000	500.0000	0.0000	9993.9812	0.2885	0.2953	0.0364	0.0374	-2.2683	1.2575	-2.6340	0.3790	-11.9758	173.2236	293.7100	401.0406	91.7672	2.6490	1.7346	85.3794
62.8902	9989.0000	-0.2330	1.7671	0.0000	206.7950	362.3900	230.2710	2.3232	389.5200	75.1960	1.0000	10000.0000	500.0000	0.0000	9999.3515	0.2961	0.2881	0.0346	0.0369	-2.2358	1.3766	-2.7366	0.4189	-6.6818	161.8314	293.7755	396.0807	91.7938	2.6138	1.7312	85.3794
62.9600	9989.0000	-0.2330	1.7671	0.0000	206.7950	362.3900	230.2710	2.3232	389.5200	75.1960	1.0000	10000.0000	500.0000	0.0000	9999.3515	0.2961	0.2881	0.0346	0.0369	-2.2358	1.3766	-2.7366	0.4189	-6.6818	161.8314	293.7755	396.0807	91.7938	2.6138	1.7312	85.3794
63.4882	10001.0000	-0.2340	1.7658	0.0000	206.9170	362.0800	230.3270	2.3208	389.0600	75.3591	1.0000	10000.0000	500.0000	0.0000	9998.4691	0.2846	0.2893	0.0368	0.0362	-2.3032	1.3333	-2.6593	0.4158	-3.2263	162.1889	293.8502	396.3097	91.8202	2.6709	1.7329	85.3742
63.6961	10001.0000	-0.2340	1.7658	0.0000	206.9170	362.0800	230.3270	2.3208	389.0600	75.3591	1.0000	10000.0000	500.0000	0.0000	9998.4691	0.2846	0.2893	0.0368	0.0362	-2.3032	1.3333	-2.6593	0.4158	-3.2263	162.1889	293.8502	396.3097	91.8202	2.6709	1.7329	85.3742
64.0833	10002.0000	-0.2350	1.7654	0.0000	206.9540	362.2100	230.3570	2.3214	389.1400	75.4813	2.0000	10000.0000	500.0000	0.0000	10000.2852	0.3075	0.2866	0.0395	0.0360	-2.2543	1.4954	-2.4064	0.3767	-5.3307	172.7681	294.0216	396.1084	91.8434	2.5287	1.7241	85.3742
64.4251	10002.0000	-0.2350	1.7654	0.0000	206.9540	362.2100	230.3570	2.3214	389.1400	75.4813	2.0000	10000.0000	500.0000	0.0000	9999.8282	0.3180	0.2879	0.0373	0.0354	-2.1821	1.4584	-2.3537	0.4571	-22.7078	168.0018	294.0170	361.6118	91.8665	2.4261	1.7292	85.3714
64.6681	10002.0000	-0.2350	1.7654	0.0000	206.9540	362.2100	230.3570	2.3214	389.1400	75.4813	2.0000	10000.0000	500.0000	0.0000	9999.8282	0.3180	0.2879	0.0373	0.0354	-2.1821	1.4584	-2.3537	0.4571	-22.7078	168.0018	294.0170	361.6118	91.8665	2.4261	1.7292	85.3714
65.2629	9999.0000	-0.2300	1.7648	0.0000	207.0800	362.2600	230.4190	2.3210	389.0900	75.6382	2.0000	10000.0000	500.0000	0.0000	9999.5835	0.3209	0.2875	0.0372	0.0354	-2.0381	1.4337	-2.5115	0.3955	-17.4261	173.8162	294.0998	362.6806	91.9034	2.4258	1.7582	85.3464
65.3025	9999.0000	-0.2300	1.7648	0.0000	207.0800	362.2600	230.4190	2.3210	389.0900	75.6382	2.0000	10000.0000	500.0000	0.0000	9999.5835	0.3209	0.2875	0.0372	0.0354	-2.0381	1.4337	-2.5115	0.3955	-17.4261	173.8162	294.0998	362.6806	91.9034	2.4258	1.7582	85.3464
65.8681	9993.0000	-0.2350	1.7656	0.0000	207.2570	363.6700	230.4490	2.3279	390.4500	75.7773	2.0000	10000.0000	500.0000	0.0000	10003.4325	0.2919	0.2826	0.0370	0.0373	-2.1598	1.2852	-2.4940	0.4273	1.6424	160.6462	294.2153	356.3286	91.9447	2.5152	1.7588	85.3464
66.0514	9993.0000	-0.2350	1.7656	0.0000	207.2570	363.6700	230.4490	2.3279	390.4500	75.7773	2.0000	10000.0000	500.0000	0.0000	10003.4325	0.2919	0.2826	0.0370	0.0373	-2.1598	1.2852	-2.4940	0.4273	1.6424	160.6462	294.2153	356.3286	91.9447	2.5152	1.7588	85.3464
66.4642	10002.0000	-0.2320	1.7630	0.0000	207.2210	361.6900	230.5110	2.3170	388.3700	75.9346	2.0000	10000.0000	500.0000	0.0000	9998.3525	0.2795	0.2891	0.0372	0.0389	-2.1939	1.2524	-2.5184	0.3974	-7.2820	172.5056	294.2520	362.4485	91.9873	2.3301	1.7600	85.3282
66.7847	10002.0000	-0.2320	1.7630	0.0000	207.2210	361.6900	230.5110	2.3170	388.3700	75.9346	2.0000	10000.0000	500.0000	0.0000	10004.8477	0.2816	0.2807	0.0352	0.0386	-2.1822	1.2681	-2.6458	0.4058	-7.0209	171.3420	294.3530	363.3241	92.0263	2.4424	1.7706	85.3282
67.0540	10002.0000	-0.2320	1.7630	0.0000	207.2210	361.6900	230.5110	2.3170	388.3700	75.9346	2.0000	10000.0000	500.0000	0.0000	10004.8477	0.2816	0.2807	0.0352	0.0386	-2.1822	1.2681	-2.6458	0.4058	-7.0209	171.3420	294.3530	363.3241	92.0263	2.4424	1.7706	85.3282
67.5238	10000.0000	-0.2320	1.7631	0.0000	207.2640	362.0400	230.5370	2.3186	388.7000	76.0284	2.0000	10000.0000	500.0000	0.0000	10000.5020	0.2679	0.2870	0.0383	0.0386	-2.0269	1.1195	-2.3851	0.4343	-25.4127	167.4340	294.4079	398.3623	92.0644	2.6384	1.7728	85.3123
67.6379	10000.0000	-0.2320	1.7631	0.0000	207.2640	362.0400	230.5370	2.3186	388.7000	76.0284	2.0000	10000.0000	500.0000	0.0000	10000.5020	0.2679	0.2870	0.0383	0.0386	-2.0269	1.1195	-2.3851	0.4343	-25.4127	167.4340	294.4079	398.3623	92.0644	2.6384	1.7728	85.3123
68.2316	9996.0000	-0.2340	1.7625	0.0000	207.3360	362.0400	230.5800	2.3180	388.5800	76.1426	2.0000	10000.0000	500.0000	0.0000	10000.8249	0.2729	0.2857	0.0377	0.0388	-2.1038	1.2300	-2.5330	0.4042	-9.4349	166.6544	294.4714	397.1740	92.1169	2.4472	1.7470	85.2959
68.2621	9996.0000	-0.2340	1.7625	0.0000	207.3360	362.0400	230.5800	2.3180	388.5800	76.1426	2.0000	10000.0000	500.0000	0.0000	10000.8249	0.2729	0.2857	0.0377	0.0388	-2.1038	1.2300	-2.5330	0.4042	-9.4349	166.6544	294.4714	397.1740	92.1169	2.4472	1.7470	85.2959
68.8229	10000.0000	-0.2290	1.7621	0.0000	207.4610	361.8100	230.5970	2.3165	388.3100	76.2539	2.0000	10000.0000	500.0000	0.0000	9997.0364	0.2728	0.2906	0.0391	0.0390	-2.1174	1.2327	-2.4931	0.4535	-18.9480	166.7368	294.5039	396.0223	92.1332	2.3993	1.7277	85.2959
69.0009	10000.0000	-0.2290	1.7621	0.0000	207.4610	361.8100	230.5970	2.3165	388.3100	76.2539	2.0000	10000.0000	500.0000	0.0000	9997.0364	0.2728	0.2906	0.0391	0.0390	-2.1174	1.2327	-2.4931	0.4535	-18.9480	166.7368	294.5039	396.0223	92.1332	2.3993	1.7277	85.2959
69.4105	10001.0000	-0.2350	1.7603	0.0000	207.4700	360.7600	230.6160	2.3107	387.1900	76.3890	2.0000	10000.0000	500.0000	0.0000	10002.1864	0.2661	0.2844	0.0376	0.0389	-2.1003	1.1868	-2.4845	0.4337	-25.0682	169.0550	294.4826	397.3049	92.1445	2.4966	1.7245	85.2885
69.7274	10001.0000	-0.2350	1.7603	0.0000	207.4700	360.7600	230.6160	2.3107	387.1900	76.3890	2.0000	10000.0000	500.0000	0.0000	9995.8509	0.2875	0.2921	0.0361	0.0366	-2.2523	1.3051	-2.4936	0.4023	-5.1844	164.4863	294.5509	396.1501	92.1589	2.6385	1.7181	85.2885
70.0133	10001.0000	-0.2350	1.7603	0.0000	207.4700	360.7600	230.6160	2.3107	387.1900	76.3890	2.0000	10000.0000	500.0000	0.0000	9995.8509	0.2875	0.2921	0.0361	0.0366	-2.2523	1.3051	-2.4936	0.4023	-5.1844	164.4863	294.5509	396.1501	92.1589	2.6385	1.7181	85.2885
70.4687	10003.0000	-0.2310	1.7610	0.0000	207.4620	361.3400	230.6200	2.3136	387.7300	76.5127	3.0000	10000.0000	500.0000	0.0000	9995.9500	0.2723	0.2922	0.0395	0.0386	-2.0506	1.1046	-2.2700	0.4240	-28.1210	166.2041	294.4806	358.5647	92.1731	2.5056	1.7235	85.2835
70.6132	10003.0000	-0.2310	1.7610	0.0000	207.4620	361.3400	230.6200	2.3136	387.7300	76.5127	3.0000	10000.0000	500.0000	0.0000	9995.9500	0.2723	0.2922	0.0395	0.0386	-2.0506	1.1046	-2.2700	0.4240	-28.1210	166.2041	294.4806	358.5647	92.1731	2.5056	1.7235	85.2835
71.2001	10001.0000	-0.2330	1.7612	0.0000	207.4230	361.8300	230.6140	2.3165	388.1600	76.6734	3.0000	10000.0000	500.0000	0.0000	10002.4009	0.2627	0.2833	0.0343	0.0390	-2.2416	1.1339	-2.6778	0.4299	-29.7668	160.1742	294.5088	364.1938	92.2069	2.5893	1.7832	85.2576
71.3353	10001.0000	-0.2330	1.7612	0.0000	207.4230	361.8300	230.6140	2.3165	388.1600	76.6734	3.0000	10000.0000	500.0000	0.0000	10002.4009	0.2627	0.2833	0.0343	0.0390	-2.2416	1.1339	-2.6778	0.4299	-29.7668	160.1742	294.5088	364.1938	92.2069	2.5893	1.7832	85.2576
71.7913	9993.0000	-0.2310	1.7592	0.0000	207.5480	360.1300	230.6070	2.3068	386.3900	76.7884	3.0000	10000.0000	500.0000	0.0000	10000.2024	0.2647	0.2866	0.0388	0.0390	-2.2018	1.1843	-2.3965	0.4378	-34.3439	161.0356	294.4917	362.4384	92.2554	2.5901	1.7777	85.2576
72.0750	9993.0000	-0.2310	1.7592	0.0000	207.5480	360.1300	230.6070	2.3068	386.3900	76.7884	3.0000	10000.0000	500.0000	0.0000	10000.2024	0.2647	0.2866	0.0388	0.0390	-2.2018	1.1843	-2.3965	0.4378	-34.3439	161.0356	294.4917	362.4384	92.2554	2.5901	1.7777	85.2576
72.3866	9993.0000	-0.2310	1.7592	0.0000	207.5480	360.1300	230.6070	2.3068	386.3900	76.7884	3.0000	10000.0000	500.0000	0.0000	10004.8220	0.2701	0.2805	0.0375	0.0391	-2.0493	1.0997	-2.4847	0.4035	-3.5064	168.4018	294.4869	361.6737	92.2954	2.4854	1.7679	85.2401
72.8150	10010.0000	-0.2320	1.7601	0.0000	207.5330	361.0100	230.5730	2.3123	387.3400	76.9260	3.0000	10000.0000	500.0000	0.0000	9994.9219	0.3081	0.2934	0.0371	0.0359	-2.1374	1.3666	-2.4295	0.4053	7.9108	163.1845	294.3990	360.8574	92.3340	2.6272	1.7668	85.2401
72.9833	10010.0000	-0.2320	1.7601	0.0000	207.5330	361.0100	230.5730	2.3123	387.3400	76.9260	3.0000	10000.0000	500.0000	0.0000	9994.9219	0.3081	0.2934	0.0371	0.0359	-2.1374	1.3666	-2.4295	0.4053	7.9108	163.1845	294.3990	360.8574	92.3340	2.6272	1.7668	85.2401
73.5479	10004.0000	-0.2310	1.7602	0.0000	207.4280	361.0200	230.5480	2.3128	387.3200	77.0474	3.0000	10000.0000	500.0000	0.0000	10000.7538	0.2567	0.2863	0.0365	0.0389	-2.2498	1.1102	-2.5736	0.3939	-5.9848	168.7091	294.3416	398.2129	92.3708	2.5808	1.7630	85.2261
73.5940	10004.0000	-0.2310	1.7602	0.0000	207.4280	361.0200	230.5480	2.3128	387.3200	77.0474	3.0000	10000.0000	500.0000	0.0000	10000.7538	0.2567	0.2863	0.0365	0.0389	-2.2498	1.1102	-2.5736	0.3939	-5.9848	168.7091	294.3416	398.2129	92.3708	2.5808	1.7630	85.2261
74.1903	10003.0000	-0.2340	1.7601	0.0000	207.4160	360.9400	230.4900	2.3125	387.1800	77.1353	3.0000	10000.0000	500.0000	0.0000	9998.9470	0.2815	0.2889	0.0353	0.0379	-2.3303	1.2537	-2.6018	0.4035	-4.7249	167.5815	294.4023	394.0823	92.4230	2.6323	1.7977	85.2116
74.2869	10003.0000	-0.2340	1.7601	0.0000	207.4160	360.9400	230.4900	2.3125	387.1800	77.1353	3.0000	10000.0000	500.0000	0.0000	9998.9470	0.2815	0.2889	0.0353	0.0379	-2.3303	1.2537	-2.6018	0.4035	-4.7249	167.5815	294.4023	394.0823	92.4230	2.6323	1.7977	85.2116
74.8055	9995.0000	-0.2330	1.7615	0.0000	207.3500	363.0300	230.4570	2.3241	389.2800	77.2191	3.0000	10000.0000	500.0000	0.0000	10000.3237	0.2983	0.2867	0.0387	0.0358	-2.2115	1.3613	-2.3091	0.3908	-7.9611	173.1955	294.3563	399.9366	92.4413	2.4893	1.7213	85.2116
75.0337	9995.0000	-0.2330	1.7615	0.0000	207.3500	363.0300	230.4570	2.3241	389.2800	77.2191	3.0000	10000.0000	500.0000	0.0000	10000.3237	0.2983	0.2867	0.0387	0.0358	-2.2115	1.3613	-2.3091	0.3908	-7.9611	173.1955	294.3563	399.9366	92.4413	2.4893	1.7213	85.2116
75.4065	10006.0000	-0.2350	1.7607	0.0000	207.3490	361.5400	230.3920	2.3163	387.6700	77.3155	4.0000	10000.0000	500.0000	0.0000	9994.2866	0.3010	0.2943	0.0373	0.0373	-2.1833	1.3990	-2.6198	0.4897	-24.5941	157.6853	294.2984	396.3723	92.4503	2.5467	1.7211	85.2052
75.7724	10006.0000	-0.2350	1.7607	0.0000	207.3490	361.5400	230.3920	2.3163	387.6700	77.3155	4.0000	10000.0000	500.0000	0.0000	9997.6169	0.2745	0.2903	0.0350	0.0377	-2.3292	1.2112	-2.5839	0.4761	-27.7648	159.5261	294.2726	394.1335	92.4598	2.7038	1.7228	85.2052
75.9927	10006.0000	-0.2350	1.7607	0.0000	207.3490	361.5400	230.3920	2.3163	387.6700	77.3155	4.0000	10000.0000	500.0000	0.0000	9997.6169	0.2745	0.2903	0.0350	0.0377	-2.3292	1.2112	-2.5839	0.4761	-27.7648	159.5261	294.2726	394.1335	92.4598	2.7038	1.7228	85.2052
76.5816	10002.0000	-0.2310	1.7608	0.0000	207.2540	361.4700	230.3250	2.3167	387.6100	77.4700	4.0000	10000.0000	500.0000	0.0000	10002.0361	0.2852	0.2840	0.0397	0.0378	-2.2439	1.2827	-2.3635	0.3893	2.6784	166.0115	294.2692	360.0802	92.4726	2.3510	1.7275	85.2010
77.1660	10002.0000	-0.2310	1.7608	0.0000	207.2540	361.4700	230.3250	2.3167	387.6100	77.4700	4.0000	10000.0000	500.0000	0.0000	10002.8287	0.2716	0.2832	0.0391	0.0379	-2.2194	1.2278	-2.3769	0.4431	-34.0448	158.3412	294.1860	358.9560	92.5016	2.3841	1.7703	85.1761
77.1704	10002.0000	-0.2310	1.7608	0.0000	207.2540	361.4700	230.3250	2.3167	387.6100	77.4700	4.0000	10000.0000	500.0000	0.0000	10002.8287	0.2716	0.2832	0.0391	0.0379	-2.2194	1.2278	-2.3769	0.4431	-34.0448	158.3412	294.1860	358.9560	92.5016	2.3841	1.7703	85.1761
77.7755	9992.0000	-0.2340	1.7589	0.0000	207.3970	359.7900	230.2700	2.3081	385.8500	77.6150	4.0000	10000.0000	500.0000	0.0000	10004.0725	0.2948	0.2812	0.0353	0.0367	-2.2667	1.3816	-2.5024	0.4206	-32.2444	164.0706	294.1936	365.5291	92.5410	2.4534	1.7746	85.1761
77.9048	9992.0000	-0.2340	1.7589	0.0000	207.3970	359.7900	230.2700	2.3081	385.8500	77.6150	4.0000	10000.0000	500.0000	0.0000	10004.0725	0.2948	0.2812	0.0353	0.0367	-2.2667	1.3816	-2.5024	0.4206	-32.2444	164.0706	294.1936	365.5291	92.5410	2.4534	1.7746	85.1761
78.3840	9999.0000	-0.2290	1.7594	0.0000	207.3220	360.1500	230.2320	2.3099	386.1500	77.6747	4.0000	10000.0000	500.0000	0.0000	10004.6227	0.2976	0.2806	0.0390	0.0370	-2.1289	1.2912	-2.4128	0.3970	1.3925	164.0693	294.2511	358.1784	92.5817	2.4206	1.7666	85.1577
78.6686	9999.0000	-0.2290	1.7594	0.0000	207.3220	360.1500	230.2320	2.3099	386.1500	77.6747	4.0000	10000.0000	500.0000	0.0000	10004.6227	0.2976	0.2806	0.0390	0.0370	-2.1289	1.2912	-2.4128	0.3970	1.3925	164.0693	294.2511	358.1784	92.5817	2.4206	1.7666	85.1577
78.9726	9999.0000	-0.2290	1.7594	0.0000	207.3220	360.1500	230.2320	2.3099	386.1500	77.6747	4.0000	10000.0000	500.0000	0.0000	10001.8717	0.2950	0.2840	0.0341	0.0373	-2.1216	1.2644	-2.6518	0.4532	-34.2196	154.1727	294.1713	361.1754	92.6206	2.4870	1.7844	85.1577
79.4059	9996.0000	-0.2310	1.7604	0.0000	207.2250	361.1600	230.2210	2.3162	387.2500	77.8130	4.0000	10000.0000	500.0000	0.0000	10000.3889	0.2781	0.2862	0.0395	0.0376	-2.2601	1.2047	-2.4423	0.4143	-10.9673	160.7037	294.1863	395.5139	92.6622	2.4181	1.7789	85.1446
79.5641	9996.0000	-0.2310	1.7604	0.0000	207.2250	361.1600	230.2210	2.3162	387.2500	77.8130	4.0000	10000.0000	500.0000	0.0000	10000.3889	0.2781	0.2862	0.0395	0.0376	-2.2601	1.2047	-2.4423	0.4143	-10.9673	160.7037	294.1863	395.5139	92.6622	2.4181	1.7789	85.1446
80.1705	10007.0000	-0.2290	1.7591	0.0000	207.3680	360.1300	230.2150	2.3101	386.1400	77.8850	4.0000	10000.0000	500.0000	0.0000	9998.4201	0.2799	0.2888	0.0357	0.0376	-2.1773	1.2194	-2.5448	0.4015	-19.9297	170.6337	294.2369	399.2552	92.7147	2.6742	1.7309	85.1342
80.1785	10007.0000	-0.2290	1.7591	0.0000	207.3680	360.1300	230.2150	2.3101	386.1400	77.8850	4.0000	10000.0000	500.0000	0.0000	9998.4201	0.2799	0.2888	0.0357	0.0376	-2.1773	1.2194	-2.5448	0.4015	-19.9297	170.6337	294.2369	399.2552	92.7147	2.6742	1.7309	85.1342
80.7641	10000.0000	-0.2300	1.7596	0.0000	207.2580	360.9300	230.2190	2.3142	386.9400	78.0343	4.0000	10000.0000	500.0000	0.0000	9999.7828	0.2936	0.2869	0.0380	0.0383	-2.1098	1.3235	-2.4499	0.4574	-20.5604	168.6817	294.2959	398.2451	92.7192	2.4694	1.7162	85.1342
80.9247	10000.0000	-0.2300	1.7596	0.0000	207.2580	360.9300	230.2190	2.3142	386.9400	78.0343	4.0000	10000.0000	500.0000	0.0000	9999.7828	0.2936	0.2869	0.0380	0.0383	-2.1098	1.3235	-2.4499	0.4574	-20.5604	168.6817	294.2959	398.2451	92.7192	2.4694	1.7162	85.1342
81.3669	9988.0000	-0.2300	1.7590	0.0000	207.3130	360.5500	230.2400	2.3126	386.5500	78.1155	4.0000	10000.0000	500.0000	0.0000	9994.2446	0.2881	0.2939	0.0367	0.0372	-2.2570	1.2449	-2.5191	0.4836	-23.1575	157.8166	294.3138	392.5209	92.7214	2.6553	1.7140	85.1282
81.6676	9988.0000	-0.2300	1.7590	0.0000	207.3130	360.5500	230.2400	2.3126	386.5500	78.1155	4.0000	10000.0000	500.0000	0.0000	9999.0146	0.2866	0.2879	0.0351	0.0374	-2.2476	1.2417	-2.6635	0.4207	-10.1685	160.8049	294.3831	390.8532	92.7247	2.5617	1.7116	85.1282
81.9586	9988.0000	-0.2300	1.7590	0.0000	207.3130	360.5500	230.2400	2.3126	386.5500	78.1155	4.0000	10000.0000	500.0000	0.0000	9999.0146	0.2866	0.2879	0.0351	0.0374	-2.2476	1.2417	-2.6635	0.4207	-10.1685	160.8049	294.3831	390.8532	92.7247	2.5617	1.7116	85.1282
82.4060	9996.0000	-0.2310	1.7584	0.0000	207.3800	360.4300	230.2560	2.3115	386.4400	78.1958	5.0000	10000.0000	500.0000	0.0000	9999.5531	0.2824	0.2870	0.0376	0.0386	-2.0749	1.1873	-2.4172	0.3789	-0.4831	170.9492	294.3658	365.8292	92.7301	2.6620	1.7127	85.1215
82.5653	9996.0000	-0.2310	1.7584	0.0000	207.3800	360.4300	230.2560	2.3115	386.4400	78.1958	5.0000	10000.0000	500.0000	0.0000	9999.5531	0.2824	0.2870	0.0376	0.0386	-2.0749	1.1873	-2.4172	0.3789	-0.4831	170.9492	294.3658	365.8292	92.7301	2.6620	1.7127	85.1215
83.1694	10002.0000	-0.2300	1.7579	0.0000	207.4140	360.4300	230.2990	2.3111	386.3800	78.3231	5.0000	10000.0000	500.0000	0.0000	10002.7040	0.3041	0.2830	0.0397	0.0366	-2.0579	1.3179	-2.3499	0.4585	-33.6486	153.7480	294.4016	360.2083	92.7574	2.4837	1.7709	85.0947
83.2719	10002.0000	-0.2300	1.7579	0.0000	207.4140	360.4300	230.2990	2.3111	386.3800	78.3231	5.0000	10000.0000	500.0000	0.0000	10002.7040	0.3041	0.2830	0.0397	0.0366	-2.0579	1.3179	-2.3499	0.4585	-33.6486	153.7480	294.4016	360.2083	92.7574	2.4837	1.7709	85.0947
83.7745	10008.0000	-0.2300	1.7562	0.0000	207.7070	359.5300	230.3240	2.3053	385.3800	78.4095	5.0000	10000.0000	500.0000	0.0000	9999.1125	0.2643	0.2875	0.0385	0.0390	-2.2666	1.1517	-2.4487	0.4411	-37.7011	160.5104	294.4197	364.5149	92.8005	2.6667	1.7809	85.0947
83.9975	10008.0000	-0.2300	1.7562	0.0000	207.7070	359.5300	230.3240	2.3053	385.3800	78.4095	5.0000	10000.0000	500.0000	0.0000	9999.1125	0.2643	0.2875	0.0385	0.0390	-2.2666	1.1517	-2.4487	0.4411	-37.7011	160.5104	294.4197	364.5149	92.8005	2.6667	1.7809	85.0947
84.3782	10009.0000	-0.2290	1.7555	0.0000	207.7530	359.4400	230.3730	2.3045	385.2700	78.5363	5.0000	10000.0000	500.0000	0.0000	10007.3831	0.2741	0.2766	0.0376	0.0361	-2.2429	1.2488	-2.3419	0.3702	2.6924	170.5545	294.4850	364.2486	92.8456	2.5663	1.7805	85.0772
84.7213	10009.0000	-0.2290	1.7555	0.0000	207.7530	359.4400	230.3730	2.3045	385.2700	78.5363	5.0000	10000.0000	500.0000	0.0000	10006.7303	0.2721	0.2774	0.0355	0.0392	-2.1134	1.1257	-2.5111	0.3872	1.4097	168.2505	294.5019	363.6979	92.8880	2.6525	1.7839	85.0772
84.9832	10009.0000	-0.2290	1.7555	0.0000	207.7530	359.4400	230.3730	2.3045	385.2700	78.5363	5.0000	10000.0000	500.0000	0.0000	10006.7303	0.2721	0.2774	0.0355	0.0392	-2.1134	1.1257	-2.5111	0.3872	1.4097	168.2505	294.5019	363.6979	92.8880	2.6525	1.7839	85.0772
85.4603	10007.0000	-0.2290	1.7550	0.0000	207.8310	359.2600	230.3980	2.3035	385.0900	78.6119	5.0000	10000.0000	500.0000	0.0000	10001.0767	0.3099	0.2845	0.0378	0.0356	-2.1006	1.5174	-2.3083	0.3909	-14.3815	169.2182	294.6656	389.2491	92.9284	2.4631	1.7808	85.0659
85.5855	10007.0000	-0.2290	1.7550	0.0000	207.8310	359.2600	230.3980	2.3035	385.0900	78.6119	5.0000	10000.0000	500.0000	0.0000	10001.0767	0.3099	0.2845	0.0378	0.0356	-2.1006	1.5174	-2.3083	0.3909	-14.3815	169.2182	294.6656	389.2491	92.9284	2.4631	1.7808	85.0659
86.1805	9999.0000	-0.2280	1.7546	0.0000	207.8560	359.5300	230.4430	2.3044	385.3400	78.6785	5.0000	10000.0000	500.0000	0.0000	9990.9784	0.3131	0.2981	0.0382	0.0353	-2.1562	1.5535	-2.4370	0.4211	-15.2370	169.3065	294.6819	394.7140	92.9642	2.4374	1.7451	85.0562
86.2000	9999.0000	-0.2280	1.7546	0.0000	207.8560	359.5300	230.4430	2.3044	385.3400	78.6785	5.0000	10000.0000	500.0000	0.0000	9990.9784	0.3131	0.2981	0.0382	0.0353	-2.1562	1.5535	-2.4370	0.4211	-15.2370	169.3065	294.6819	394.7140	92.9642	2.4374	1.7451	85.0562
86.7843	10004.0000	-0.2300	1.7531	0.0000	208.1130	358.7900	230.4650	2.2998	384.4800	78.7395	5.0000	10000.0000	500.0000	0.0000	10000.1791	0.2727	0.2859	0.0363	0.0378	-2.1157	1.2776	-2.5626	0.4490	-22.0825	163.6093	294.7384	389.3300	92.9646	2.5729	1.7046	85.0562
86.9397	10004.0000	-0.2300	1.7531	0.0000	208.1130	358.7900	230.4650	2.2998	384.4800	78.7395	5.0000	10000.0000	500.0000	0.0000	10000.1791	0.2727	0.2859	0.0363	0.0378	-2.1157	1.2776	-2.5626	0.4490	-22.0825	163.6093	294.7384	389.3300	92.9646	2.5729	1.7046	85.0562
87.3941	9997.0000	-0.2280	1.7526	0.0000	208.0670	358.8500	230.5080	2.2993	384.5100	78.7991	5.0000	10000.0000	500.0000	0.0000	9992.6208	0.3182	0.2953	0.0375	0.0356	-2.1371	1.6029	-2.5359	0.4649	-14.3764	168.7323	294.7614	387.1577	92.9615	2.4631	1.7011	85.0487
87.6871	9997.0000	-0.2280	1.7526	0.0000	208.0670	358.8500	230.5080	2.2993	384.5100	78.7991	5.0000	10000.0000	500.0000	0.0000	9992.6208	0.3182	0.2953	0.0375	0.0356	-2.1371	1.6029	-2.5359	0.4649	-14.3764	168.7323	294.7614	387.1577	92.9615	2.4631	1.7011	85.0487
87.9932	9997.0000	-0.2280	1.7526	0.0000	208.0670	358.8500	230.5080	2.2993	384.5100	78.7991	5.0000	10000.0000	500.0000	0.0000	10003.2903	0.2976	0.2815	0.0358	0.0376	-2.0839	1.4226	-2.5906	0.4107	-14.1878	163.5446	294.8169	385.7649	92.9595	2.5537	1.6991	85.0487
88.4200	10008.0000	-0.2290	1.7519	0.0000	208.1790	358.4400	230.5290	2.2972	384.1100	78.8933	6.0000	10000.0000	500.0000	0.0000	10005.0062	0.2736	0.2792	0.0356	0.0374	-2.3601	1.2581	-2.5404	0.3889	0.8673	166.0501	294.8514	365.7795	92.9601	2.4794	1.7266	85.0371
88.5846	10008.0000	-0.2290	1.7519	0.0000	208.1790	358.4400	230.5290	2.2972	384.1100	78.8933	6.0000	10000.0000	500.0000	0.0000	10005.0062	0.2736	0.2792	0.0356	0.0374	-2.3601	1.2581	-2.5404	0.3889	0.8673	166.0501	294.8514	365.7795	92.9601	2.4794	1.7266	85.0371
89.1787	10003.0000	-0.2300	1.7512	0.0000	208.2880	358.3500	230.5600	2.2962	383.9600	78.9178	NOT CONNECTED	10000.0000	500.0000	0.0000	9997.2183	0.2870	0.2901	0.0397	0.0371	-2.2024	1.3166	-2.3473	0.4290	-26.0602	165.8018	294.7632	367.6905	92.9930	2.3881	1.7831	85.0080
89.1903	10003.0000	-0.2300	1.7512	0.0000	208.2880	358.3500	230.5600	2.2962	383.9600	78.9178	NOT CONNECTED	10000.0000	500.0000	0.0000	9997.2183	0.2870	0.2901	0.0397	0.0371	-2.2024	1.3166	-2.3473	0.4290	-26.0602	165.8018	294.7632	367.6905	92.9930	2.3881	1.7831	85.0080
89.8030	9991.0000	-0.2290	1.7505	0.0000	208.3770	358.2600	230.5720	2.2955	383.8400	79.0085	NOT CONNECTED	0.0000	500.0000	0.0000	10003.4360	0.2679	0.2809	0.0413	0.0381	-2.2905	1.1872	-2.3064	0.3890	1.1133	168.3409	294.9105	367.0464	93.0367	2.3778	1.7630	85.0080
89.9074	9991.0000	-0.2290	1.7505	0.0000	208.3770	358.2600	230.5720	2.2955	383.8400	79.0085	NOT CONNECTED	0.0000	500.0000	0.0000	10003.4360	0.2679	0.2809	0.0413	0.0381	-2.2905	1.1872	-2.3064	0.3890	1.1133	168.3409	294.9105	367.0464	93.0367	2.3778	1.7630	85.0080
90.4032	10070.0000	-0.1340	1.7493	0.0000	208.2800	357.1800	230.5910	2.2893	382.7000	79.1242	NOT CONNECTED	0.0000	500.0000	0.0000	10021.0064	0.0454	0.1449	0.0397	0.0401	-2.0005	0.0592	-2.4353	0.0409	-21.5702	186.5287	303.0096	176.3673	93.0528	2.6416	1.5899	84.9909
90.8774	10070.0000	-0.1340	1.7493	0.0000	208.2800	357.1800	230.5910	2.2893	382.7000	79.1242	NOT CONNECTED	0.0000	500.0000	0.0000	9994.6363	0.1599	0.1405	0.0392	0.0384	-2.6488	0.9089	-2.7570	0.0941	-13.1894	183.7515	301.9478	206.3081	93.0004	2.1451	1.5965	84.9909
91.0116	10070.0000	-0.1340	1.7493	0.0000	208.2800	357.1800	230.5910	2.2893	382.7000	79.1242	NOT CONNECTED	0.0000	500.0000	0.0000	9994.6363	0.1599	0.1405	0.0392	0.0384	-2.6488	0.9089	-2.7570	0.0941	-13.1894	183.7515	301.9478	206.3081	93.0004	2.1451	1.5965	84.9909
91.6084	10005.0000	-0.0790	1.6121	0.0000	213.5960	192.1700	230.7260	1.3366	210.4400	79.1713	NOT CONNECTED	0.0000	500.0000	0.0000	10018.8604	0.1020	0.1119	0.0396	0.0386	-2.3332	0.4586	-2.3256	0.0665	-19.4314	181.7953	301.6557	200.3560	92.9517	2.4308	1.5713	84.9623
91.6160	10005.0000	-0.0790	1.6121	0.0000	213.5960	192.1700	230.7260	1.3366	210.4400	79.1713	NOT CONNECTED	0.0000	500.0000	0.0000	10018.8604	0.1020	0.1119	0.0396	0.0386	-2.3332	0.4586	-2.3256	0.0665	-19.4314	181.7953	301.6557	200.3560	92.9517	2.4308	1.5713	84.9623
92.3472	9992.0000	-0.0970	1.6315	0.0000	212.9940	193.9300	230.6810	1.3380	211.2000	79.2694	NOT CONNECTED	0.0000	500.0000	0.0000	9995.4208	0.2039	0.1418	0.0398	0.0380	-2.3762	0.9620	-1.8514	0.0619	-1.8234	186.1368	301.6583	197.5091	92.9016	2.3947	1.6323	84.9095
92.7081	9992.0000	-0.0970	1.6315	0.0000	212.9940	193.9300	230.6810	1.3380	211.2000	79.2694	NOT CONNECTED	0.0000	500.0000	0.0000	9995.4208	0.2039	0.1418	0.0398	0.0380	-2.3762	0.9620	-1.8514	0.0619	-1.8234	186.1368	301.6583	197.5091	92.9016	2.3947	1.6323	84.9095
93.0759	9994.0000	-0.0970	1.6140	0.0000	213.0250	192.8300	230.6900	1.3315	210.0500	79.3424	NOT CONNECTED	0.0000	500.0000	0.0000	10008.8576	0.1252	0.1246	0.0398	0.0400	-2.5454	0.6035	-2.6207	0.2448	-9.8493	168.0809	301.5999	197.3714	92.8896	2.3019	1.6277	84.8600
93.3163	9994.0000	-0.0970	1.6140	0.0000	213.0250	192.8300	230.6900	1.3315	210.0500	79.3424	NOT CONNECTED	0.0000	500.0000	0.0000	10008.8576	0.1252	0.1246	0.0398	0.0400	-2.5454	0.6035	-2.6207	0.2448	-9.8493	168.0809	301.5999	197.3714	92.8896	2.3019	1.6277	84.8600
93.8152	10011.0000	-0.0970	1.6212	0.0000	212.9230	192.7500	230.7000	1.3314	210.0500	79.3536	NOT CONNECTED	0.0000	500.0000	0.0000	10017.3590	0.1120	0.1048	0.0404	0.0396	-2.5446	0.5743	-1.9944	0.2266	-21.6487	162.0287	302.1795	172.7337	92.8793	1.9096	1.6274	84.8600
93.9383	10011.0000	-0.0970	1.6212	0.0000	212.9230	192.7500	230.7000	1.3314	210.0500	79.3536	NOT CONNECTED	0.0000	500.0000	0.0000	10017.3590	0.1120	0.1048	0.0404	0.0396	-2.5446	0.5743	-1.9944	0.2266	-21.6487	162.0287	302.1795	172.7337	92.8793	1.9096	1.6274	84.8600
94.5328	9999.0000	-0.0950	1.6215	0.0000	212.8130	194.1600	230.6980	1.3396	211.5500	79.3950	NOT CONNECTED	0.0000	500.0000	0.0000	9742.1622	-0.0464	-0.0000	0.0424	0.0410	-2.2404	-0.1955	-2.2175	0.1187	8.0961	167.1077	309.1040	85.5345	92.8453	2.2142	1.5138	84.8141
94.5527	9999.0000	-0.0950	1.6215	0.0000	212.8130	194.1600	230.6980	1.3396	211.5500	79.3950	NOT CONNECTED	0.0000	500.0000	0.0000	9742.1622	-0.0464	-0.0000	0.0424	0.0410	-2.2404	-0.1955	-2.2175	0.1187	8.0961	167.1077	309.1040	85.5345	92.8453	2.2142	1.5138	84.8141
95.1164	9725.0000	-0.0010	1.5213	0.0000	218.4000	87.3600	230.7740	0.7034	102.5300	79.4475	NOT CONNECTED	0.0000	500.0000	0.0000	9394.4982	0.0052	0.0435	0.0441	0.0442	-1.7510	-0.1041	-1.7199	0.0346	-19.0153	178.2450	308.9500	84.5185	92.7882	2.2054	1.4912	84.8141
95.2902	9725.0000	-0.0010	1.5213	0.0000	218.4000	87.3600	230.7740	0.7034	102.5300	79.4475	NOT CONNECTED	0.0000	500.0000	0.0000	9394.4982	0.0052	0.0435	0.0441	0.0442	-1.7510	-0.1041	-1.7199	0.0346	-19.0153	178.2450	308.9500	84.5185	92.7882	2.2054	1.4912	84.8141
95.7020	9339.0000	-0.0030	1.4992	0.0000	217.5150	73.7700	230.7590	0.6063	87.1800	79.4867	NOT CONNECTED	0.0000	500.0000	0.0000	9106.7464	0.0393	0.0348	0.0457	0.0454	-2.0300	0.1790	-1.9403	0.0863	-12.0171	171.7649	309.5198	75.0469	92.7057	1.9603	1.3973	84.7477
96.0239	9339.0000	-0.0030	1.4992	0.0000	217.5150	73.7700	230.7590	0.6063	87.1800	79.4867	NOT CONNECTED	0.0000	500.0000	0.0000	8819.4060	0.0164	0.0209	0.0468	0.0472	-1.9144	0.0305	-2.0305	0.0491	-21.5586	172.8301	310.0412	66.8344	92.5958	1.9691	1.3217	84.6575
96.2952	9339.0000	-0.0030	1.4992	0.0000	217.5150	73.7700	230.7590	0.6063	87.1800	79.4867	NOT CONNECTED	0.0000	500.0000	0.0000	8819.4060	0.0164	0.0209	0.0468	0.0472	-1.9144	0.0305	-2.0305	0.0491	-21.5586	172.8301	310.0412	66.8344	92.5958	1.9691	1.3217	84.6575
96.7724	8964.0000	-0.0000	1.3876	0.0000	219.4440	68.0900	230.7410	0.5673	80.9000	79.4720	NOT CONNECTED	0.0000	500.0000	0.0000	8516.4309	0.0158	0.0248	0.0488	0.0487	-1.7740	0.0589	-1.8244	0.0016	-1.7068	175.1132	310.8140	61.6140	92.4795	1.8744	1.2746	84.6575
96.8881	8964.0000	-0.0000	1.3876	0.0000	219.4440	68.0900	230.7410	0.5673	80.9000	79.4720	NOT CONNECTED	0.0000	500.0000	0.0000	8516.4309	0.0158	0.0248	0.0488	0.0487	-1.7740	0.0589	-1.8244	0.0016	-1.7068	175.1132	310.8140	61.6140	92.4795	1.8744	1.2746	84.6575
97.4916	8603.0000	-0.0000	1.3404	0.0000	219.8760	62.4400	230.7410	0.5299	74.9000	79.4680	NOT CONNECTED	0.0000	500.0000	0.0000	8220.7367	0.0211	0.0208	0.0509	0.0510	-1.7512	0.0720	-1.7395	0.0243	-18.7478	173.6048	311.3370	55.6128	92.3491	1.8974	1.2244	84.5434
97.5025	8603.0000	-0.0000	1.3404	0.0000	219.8760	62.4400	230.7410	0.5299	74.9000	79.4680	NOT CONNECTED	0.0000	500.0000	0.0000	8220.7367	0.0211	0.0208	0.0509	0.0510	-1.7512	0.0720	-1.7395	0.0243	-18.7478	173.6048	311.3370	55.6128	92.3491	1.8974	1.2244	84.5434
98.0761	8237.0000	-0.0000	1.2440	0.0000	220.4560	50.7900	230.7310	0.4507	62.5000	79.4585	NOT CONNECTED	0.0000	500.0000	0.0000	7920.5657	0.0246	0.0218	0.0535	0.0527	-1.5441	0.0715	-1.5943	0.0711	-11.5026	172.9460	312.0158	47.1053	92.2189	1.6031	1.1596	84.5434
98.2512	8237.0000	-0.0000	1.2440	0.0000	220.4560	50.7900	230.7310	0.4507	62.5000	79.4585	NOT CONNECTED	0.0000	500.0000	0.0000	7920.5657	0.0246	0.0218	0.0535	0.0527	-1.5441	0.0715	-1.5943	0.0711	-11.5026	172.9460	312.0158	47.1053	92.2189	1.6031	1.1596	84.5434
98.6756	7861.0000	-0.0000	1.1926	0.0000	220.6850	46.0000	230.7210	0.4180	57.3900	79.4505	NOT CONNECTED	0.0000	500.0000	0.0000	7628.8476	-0.0020	0.0129	0.0528	0.0531	-1.6673	-0.0334	-1.6800	0.0141	2.7719	168.1162	312.1792	43.1865	92.0757	1.5629	1.1222	84.4010
98.9926	7861.0000	-0.0000	1.1926	0.0000	220.6850	46.0000	230.7210	0.4180	57.3900	79.4505	NOT CONNECTED	0.0000	500.0000	0.0000	7336.4435	0.0150	0.0056	0.0536	0.0531	-1.6699	0.0631	-1.6941	0.0117	-6.3386	165.4217	312.3969	40.7365	91.9461	1.5619	1.1181	84.2437
99.2643	7861.0000	-0.0000	1.1926	0.0000	220.6850	46.0000	230.7210	0.4180	57.3900	79.4505	NOT CONNECTED	0.0000	500.0000	0.0000	7336.4435	0.0150	0.0056	0.0536	0.0531	-1.6699	0.0631	-1.6941	0.0117	-6.3386	165.4217	312.3969	40.7365	91.9461	1.5619	1.1181	84.2437
99.7322	7487.0000	-0.0000	1.1404	0.0000	213.7650	38.1300	230.6980	0.3684	49.7800	79.4102	NOT CONNECTED	0.0000	500.0000	0.0000	7044.9685	-0.0018	-0.0000	0.0536	0.0531	-1.7076	-0.0086	-1.7178	0.0335	-9.1531	158.1893	312.6497	35.7048	91.8251	1.5944	1.1267	84.2437
99.8566	7487.0000	-0.0000	1.1404	0.0000	213.7650	38.1300	230.6980	0.3684	49.7800	79.4102	NOT CONNECTED	0.0000	500.0000	0.0000	7044.9685	-0.0018	-0.0000	0.0536	0.0531	-1.7076	-0.0086	-1.7178	0.0335	-9.1531	158.1893	312.6497	35.7048	91.8251	1.5944	1.1267	84.2437
100.4419	7125.0000	0.0000	1.1408	0.0000	206.8610	35.2900	230.6840	0.3525	47.3700	79.3637	NOT CONNECTED	0.0000	500.0000	0.0000	6757.7797	0.0116	-0.0000	0.0533	0.0531	-1.5041	0.0329	-1.6503	0.0291	-13.0150	151.5319	312.8336	33.5333	91.7194	1.5511	1.1294	84.0811
100.4710	7125.0000	0.0000	1.1408	0.0000	206.8610	35.2900	230.6840	0.3525	47.3700	79.3637	NOT CONNECTED	0.0000	500.0000	0.0000	6757.7797	0.0116	-0.0000	0.0533	0.0531	-1.5041	0.0329	-1.6503	0.0291	-13.0150	151.5319	312.8336	33.5333	91.7194	1.5511	1.1294	84.0811
101.0430	6756.0000	0.0040	1.1402	0.0000	193.1300	31.7100	230.6560	0.3332	44.5200	79.3308	NOT CONNECTED	0.0000	500.0000	0.0000	6450.4589	0.0187	-0.0000	0.0528	0.0531	-1.7381	0.0827	-1.6045	-0.0476	-12.0106	150.8494	313.1757	30.6605	91.6331	1.6430	1.1557	84.0811
101.2066	6756.0000	0.0040	1.1402	0.0000	193.1300	31.7100	230.6560	0.3332	44.5200	79.3308	NOT CONNECTED	0.0000	500.0000	0.0000	6450.4589	0.0187	-0.0000	0.0528	0.0531	-1.7381	0.0827	-1.6045	-0.0476	-12.0106	150.8494	313.1757	30.6605	91.6331	1.6430	1.1557	84.0811
101.6388	6388.0000	0.0060	1.1360	0.0000	186.1130	28.7400	230.6400	0.3147	41.6800	79.2382	NOT CONNECTED	0.0000	500.0000	0.0000	6160.2749	-0.0008	-0.0000	0.0531	0.0531	-1.5948	0.0272	-1.5075	0.0170	-10.7643	135.6086	313.2420	29.8287	91.5511	1.6234	1.1297	83.9107
101.9474	6388.0000	0.0060	1.1360	0.0000	186.1130	28.7400	230.6400	0.3147	41.6800	79.2382	NOT CONNECTED	0.0000	500.0000	0.0000	5873.7878	0.0031	-0.0000	0.0530	0.0531	-1.6080	-0.0193	-1.6158	0.0244	-12.0019	125.2083	313.2271	30.4988	91.4756	1.5442	1.1330	83.7408
102.2297	6388.0000	0.0060	1.1360	0.0000	186.1130	28.7400	230.6400	0.3147	41.6800	79.2382	NOT CONNECTED	0.0000	500.0000	0.0000	5873.7878	0.0031	-0.0000	0.0530	0.0531	-1.6080	-0.0193	-1.6158	0.0244	-12.0019	125.2083	313.2271	30.4988	91.4756	1.5442	1.1330	83.7408
102.6782	6034.0000	0.0070	1.1366	0.0000	172.1880	26.4600	230.6000	0.3000	39.5100	79.1451	NOT CONNECTED	0.0000	500.0000	0.0000	5616.8515	0.0097	-0.0000	0.0531	0.0531	-1.6634	0.0438	-1.8578	-0.0387	-11.2212	131.7698	312.8836	30.0692	91.4116	1.5767	1.1354	83.7408
102.8180	6034.0000	0.0070	1.1366	0.0000	172.1880	26.4600	230.6000	0.3000	39.5100	79.1451	NOT CONNECTED	0.0000	500.0000	0.0000	5616.8515	0.0097	-0.0000	0.0531	0.0531	-1.6634	0.0438	-1.8578	-0.0387	-11.2212	131.7698	312.8836	30.0692	91.4116	1.5767	1.1354	83.7408
103.4079	5691.0000	0.0140	1.1375	0.0000	165.4180	25.9200	230.5770	0.2974	39.1800	79.0989	NOT CONNECTED	0.0000	500.0000	0.0000	5359.6278	0.0175	-0.0000	0.0530	0.0531	-1.7796	0.0904	-1.8426	0.0281	-13.5927	114.9601	312.8402	29.1197	91.3521	1.4251	1.1376	83.5700
103.4145	5691.0000	0.0140	1.1375	0.0000	165.4180	25.9200	230.5770	0.2974	39.1800	79.0989	NOT CONNECTED	0.0000	500.0000	0.0000	5359.6278	0.0175	-0.0000	0.0530	0.0531	-1.7796	0.0904	-1.8426	0.0281	-13.5927	114.9601	312.8402	29.1197	91.3521	1.4251	1.1376	83.5700
104.0040	5373.0000	0.0100	1.1408	0.0000	153.2660	27.7100	230.5320	0.3104	41.1000	78.9876	NOT CONNECTED	0.0000	500.0000	0.0000	5117.3313	0.0134	-0.0000	0.0530	0.0531	-1.7865	0.0375	-1.5936	0.0214	-13.4206	109.7451	312.8118	29.9746	91.3017	1.4613	1.1530	83.5700
104.1755	5373.0000	0.0100	1.1408	0.0000	153.2660	27.7100	230.5320	0.3104	41.1000	78.9876	NOT CONNECTED	0.0000	500.0000	0.0000	5117.3313	0.0134	-0.0000	0.0530	0.0531	-1.7865	0.0375	-1.5936	0.0214	-13.4206	109.7451	312.8118	29.9746	91.3017	1.4613	1.1530	83.5700
104.5930	5044.0000	0.0070	1.1408	0.0000	147.3410	27.6500	230.5110	0.3098	41.0000	78.9389	NOT CONNECTED	0.0000	500.0000	0.0000	4847.7546	0.0144	-0.0000	0.0531	0.0531	-1.7119	0.0496	-1.6697	-0.0123	-14.0281	111.8691	312.8401	30.3066	91.2563	1.7812	1.1400	83.3950
104.9148	5044.0000	0.0070	1.1408	0.0000	147.3410	27.6500	230.5110	0.3098	41.0000	78.9389	NOT CONNECTED	0.0000	500.0000	0.0000	4646.8819	-0.0100	-0.0000	0.0530	0.0531	-1.4408	-0.0427	-1.5404	0.0192	-9.9242	98.1108	312.7819	30.1573	91.2152	1.5277	1.1429	83.4304
105.1698	5044.0000	0.0070	1.1408	0.0000	147.3410	27.6500	230.5110	0.3098	41.0000	78.9389	NOT CONNECTED	0.0000	500.0000	0.0000	4646.8819	-0.0100	-0.0000	0.0530	0.0531	-1.4408	-0.0427	-1.5404	0.0192	-9.9242	98.1108	312.7819	30.1573	91.2152	1.5277	1.1429	83.4304
105.6674	4752.0000	0.0060	1.1392	0.0000	135.8800	27.4300	230.4680	0.3086	40.9000	78.8827	NOT CONNECTED	0.0000	500.0000	0.0000	4389.6526	0.0182	-0.0000	0.0529	0.0531	-1.8677	0.0511	-1.5683	0.0469	-13.3306	90.1147	312.7021	30.1394	91.1782	1.7517	1.1431	83.4304
105.7708	4752.0000	0.0060	1.1392	0.0000	135.8800	27.4300	230.4680	0.3086	40.9000	78.8827	NOT CONNECTED	0.0000	500.0000	0.0000	4389.6526	0.0182	-0.0000	0.0529	0.0531	-1.8677	0.0511	-1.5683	0.0469	-13.3306	90.1147	312.7021	30.1394	91.1782	1.7517	1.1431	83.4304
106.3478	4451.0000	0.0070	1.1398	0.0000	130.2990	27.2900	230.4480	0.3077	40.7300	78.8204	NOT CONNECTED	0.0000	500.0000	0.0000	4198.5525	0.0025	-0.0000	0.0531	0.0531	-1.7305	-0.0153	-1.7219	0.0145	-13.0827	96.9392	312.6872	30.6952	91.1443	1.5016	1.1401	83.4641
106.4052	4451.0000	0.0070	1.1398	0.0000	130.2990	27.2900	230.4480	0.3077	40.7300	78.8204	NOT CONNECTED	0.0000	500.0000	0.0000	4198.5525	0.0025	-0.0000	0.0531	0.0531	-1.7305	-0.0153	-1.7219	0.0145	-13.0827	96.9392	312.6872	30.6952	91.1443	1.5016	1.1401	83.4641
106.9288	4188.0000	0.0030	1.1373	0.0000	119.6020	27.0000	230.4100	0.3057	40.4700	78.8236	NOT CONNECTED	0.0000	500.0000	0.0000	3981.4983	-0.0006	-0.0000	0.0531	0.0531	-1.5353	0.0235	-1.7748	0.0204	-12.3457	84.0521	312.6724	29.1515	91.1151	1.6077	1.1565	83.4641
107.1700	4188.0000	0.0030	1.1373	0.0000	119.6020	27.0000	230.4100	0.3057	40.4700	78.8236	NOT CONNECTED	0.0000	500.0000	0.0000	3981.4983	-0.0006	-0.0000	0.0531	0.0531	-1.5353	0.0235	-1.7748	0.0204	-12.3457	84.0521	312.6724	29.1515	91.1151	1.6077	1.1565	83.4641
107.5328	4188.0000	0.0030	1.1373	0.0000	119.6020	27.0000	230.4100	0.3057	40.4700	78.8236	NOT CONNECTED	0.0000	500.0000	0.0000	3757.9172	-0.0151	-0.0000	0.0529	0.0531	-1.4382	-0.0414	-1.4018	-0.0299	-10.9763	88.1937	312.7292	30.0080	91.0889	1.5824	1.1459	83.4947
107.9191	3903.0000	0.0030	1.1430	0.0000	114.5850	26.9900	230.3940	0.3058	40.5100	78.8189	NOT CONNECTED	0.0000	500.0000	0.0000	3546.7771	0.0118	-0.0000	0.0529	0.0531	-1.6978	0.0558	-1.4178	0.0154	-13.7195	77.9119	312.7467	30.3087	91.0634	1.7862	1.1485	83.4947
108.1267	3903.0000	0.0030	1.1430	0.0000	114.5850	26.9900	230.3940	0.3058	40.5100	78.8189	NOT CONNECTED	0.0000	500.0000	0.0000	3546.7771	0.0118	-0.0000	0.0529	0.0531	-1.6978	0.0558	-1.4178	0.0154	-13.7195	77.9119	312.7467	30.3087	91.0634	1.7862	1.1485	83.4947
108.6704	3643.0000	0.0030	1.1422	0.0000	104.6070	26.7400	230.3750	0.3039	40.2300	78.8555	NOT CONNECTED	0.0000	500.0000	0.0000	3358.9324	0.0195	-0.0000	0.0532	0.0531	-1.8386	0.0857	-1.7780	-0.0242	-12.3551	77.8436	312.8238	29.6975	91.0405	1.5509	1.1495	83.5251
108.7307	3643.0000	0.0030	1.1422	0.0000	104.6070	26.7400	230.3750	0.3039	40.2300	78.8555	NOT CONNECTED	0.0000	500.0000	0.0000	3358.9324	0.0195	-0.0000	0.0532	0.0531	-1.8386	0.0857	-1.7780	-0.0242	-12.3551	77.8436	312.8238	29.6975	91.0405	1.5509	1.1495	83.5251
109.3330	3379.0000	0.0030	1.1421	0.0000	99.7190	26.7100	230.3710	0.3039	40.2500	78.8629	NOT CONNECTED	0.0000	500.0000	0.0000	3037.5684	-0.0145	-0.0000	0.0531	0.0531	-1.4859	0.0022	-1.9205	-0.1558	-10.9420	65.9456	314.8217	15.2794	91.0226	1.6032	1.1666	83.5544
109.4053	3379.0000	0.0030	1.1421	0.0000	99.7190	26.7100	230.3710	0.3039	40.2500	78.8629	NOT CONNECTED	0.0000	500.0000	0.0000	3037.5684	-0.0145	-0.0000	0.0531	0.0531	-1.4859	0.0022	-1.9205	-0.1558	-10.9420	65.9456	314.8217	15.2794	91.0226	1.6032	1.1666	83.5544
109.9103	3001.0000	0.0490	1.1595	0.0000	88.8240	11.7100	230.3850	0.2000	25.1000	78.8747	NOT CONNECTED	0.0000	500.0000	0.0000	2626.0761	-0.0881	-0.0000	0.0530	0.0534	-1.9327	-0.2102	-1.3521	0.0876	-21.3207	56.9409	315.3100	12.7482	91.0104	1.4851	1.1720	83.5544
110.1786	3001.0000	0.0490	1.1595	0.0000	88.8240	11.7100	230.3850	0.2000	25.1000	78.8747	NOT CONNECTED	0.0000	500.0000	0.0000	2626.0761	-0.0881	-0.0000	0.0530	0.0534	-1.9327	-0.2102	-1.3521	0.0876	-21.3207	56.9409	315.3100	12.7482	91.0104	1.4851	1.1720	83.5544
110.5116	3001.0000	0.0490	1.1595	0.0000	88.8240	11.7100	230.3850	0.2000	25.1000	78.8747	NOT CONNECTED	0.0000	500.0000	0.0000	2224.3431	0.0070	-0.1542	0.0537	0.0531	-1.6522	0.0179	-2.0341	0.0956	-21.2961	45.8543	315.9608	8.6710	90.9995	1.9008	1.1714	83.5829
110.9062	2507.0000	0.0610	1.1587	0.0000	80.5050	9.9400	230.3900	0.1870	23.2800	78.9505	NOT CONNECTED	0.0000	500.0000	0.0000	1666.6496	-0.0915	-0.1068	0.0531	0.0533	-1.3520	-0.2750	-1.3284	-0.2247	-12.6663	31.8270	317.2231	3.5133	90.9895	1.3723	1.1712	83.5829
111.1056	2507.0000	0.0610	1.1587	0.0000	80.5050	9.9400	230.3900	0.1870	23.2800	78.9505	NOT CONNECTED	0.0000	500.0000	0.0000	1666.6496	-0.0915	-0.1068	0.0531	0.0533	-1.3520	-0.2750	-1.3284	-0.2247	-12.6663	31.8270	317.2231	3.5133	90.9895	1.3723	1.1712	83.5829
111.6700	1922.0000	0.1010	1.1632	0.0000	60.4360	5.4900	230.4180	0.1521	18.4200	79.0035	NOT CONNECTED	0.0000	500.0000	0.0000	1129.8243	-0.0529	-0.0468	0.0530	0.0531	-1.7081	-0.1419	-1.4862	-0.1124	-11.7837	21.8768	313.6543	23.5370	90.9761	1.4738	1.1481	83.6111
111.6882	1922.0000	0.1010	1.1632	0.0000	60.4360	5.4900	230.4180	0.1521	18.4200	79.0035	NOT CONNECTED	0.0000	500.0000	0.0000	1129.8243	-0.0529	-0.0468	0.0530	0.0531	-1.7081	-0.1419	-1.4862	-0.1124	-11.7837	21.8768	313.6543	23.5370	90.9761	1.4738	1.1481	83.6111
112.2837	1161.0000	0.0510	1.1504	0.0000	43.4540	0.7200	230.4420	0.1141	13.2600	79.1658	NOT CONNECTED	0.0000	500.0000	0.0000	818.9068	-0.0720	0.0101	0.0530	0.0532	-1.5691	-0.2227	-1.6286	-0.0313	-12.7625	17.4791	313.4839	25.4321	90.9583	1.6538	1.1465	83.6373
112.4096	1161.0000	0.0510	1.1504	0.0000	43.4540	0.7200	230.4420	0.1141	13.2600	79.1658	NOT CONNECTED	0.0000	500.0000	0.0000	818.9068	-0.0720	0.0101	0.0530	0.0532	-1.5691	-0.2227	-1.6286	-0.0313	-12.7625	17.4791	313.4839	25.4321	90.9583	1.6538	1.1465	83.6373
112.8776	784.0000	0.0390	1.1334	0.0000	27.3140	22.4200	230.4800	0.2652	34.6900	79.3192	NOT CONNECTED	0.0000	500.0000	0.0000	520.3421	0.0217	0.0290	0.0532	0.0531	-1.5998	0.0688	-1.7402	0.0418	-12.7977	11.8763	313.4244	29.1675	90.9405	1.7128	1.1424	83.6373
113.1676	784.0000	0.0390	1.1334	0.0000	27.3140	22.4200	230.4800	0.2652	34.6900	79.3192	NOT CONNECTED	0.0000	500.0000	0.0000	520.3421	0.0217	0.0290	0.0532	0.0531	-1.5998	0.0688	-1.7402	0.0418	-12.7977	11.8763	313.4244	29.1675	90.9405	1.7128	1.1424	83.6373
113.4804	784.0000	0.0390	1.1334	0.0000	27.3140	22.4200	230.4800	0.2652	34.6900	79.3192	NOT CONNECTED	0.0000	500.0000	0.0000	217.5165	0.0000	0.0863	0.0532	0.0531	-1.5176	0.0597	-1.6711	0.0311	-11.4988	5.3629	313.1783	0.0000	90.9190	1.6905	1.1360	83.6603
113.9074	412.0000	0.0380	1.1276	0.0000	21.6140	23.4900	230.5090	0.2704	35.5300	79.4842	NOT CONNECTED	0.0000	500.0000	0.0000	0.0000	0.0000	0.0000	0.0931	0.0531	-1.5176	0.0597	-1.5184	0.0311	-11.4988	5.3629	321.1660	0.0000	90.7993	1.5188	0.0083	83.6603
114.0860	412.0000	0.0380	1.1276	0.0000	21.6140	23.4900	230.5090	0.2704	35.5300	79.4842	NOT CONNECTED	0.0000	500.0000	0.0000	0.0000	0.0000	0.0000	0.0931	0.0531	-1.5176	0.0597	-1.5184	0.0311	-11.4988	5.3629	321.1660	0.0000	90.7993	1.5188	0.0083	83.6603
114.6876	0.0000	-0.0220	0.0000	0.0000	0.0000	-0.0100	230.6150	0.0000	1.4400	79.6770	NOT CONNECTED	0.0000	500.0000	0.0000	0.0000	0.0000	0.0000	0.0931	0.0531	-1.5176	0.0597	-1.5184	0.0311	-11.4988	5.3629	321.2296	0.0000	90.5865	1.5188	0.0058	83.6765
115.1599	0.0000	-0.0220	0.0000	0.0000	0.0000	-0.0100	230.6150	0.0000	1.4400	79.6770	NOT CONNECTED	0.0000	500.0000	0.0000	0.0000	0.0000	0.0000	0.0931	0.0531	-1.5176	0.0597	-1.5184	0.0311	0.0000	0.0000	321.2567	0.0000	90.3945	1.5188	0.0055	83.6104
115.2805	0.0000	-0.0220	0.0000	0.0000	0.0000	-0.0100	230.6150	0.0000	1.4400	79.6770	NOT CONNECTED	0.0000	500.0000	0.0000	0.0000	0.0000	0.0000	0.0931	0.0531	-1.5176	0.0597	-1.5184	0.0311	0.0000	0.0000	321.2567	0.0000	90.3945	1.5188	0.0055	83.6104
115.8654	0.0000	-0.0140	0.0000	0.0000	0.0000	-0.0100	230.6390	0.0000	1.4300	79.7244	NOT CONNECTED	0.0000	500.0000	0.0000	0.0000	0.0000	0.0000	0.0931	0.0531	-1.5176	0.0597	-1.5184	0.0311	0.0000	0.0000	321.3270	0.0000	90.2278	1.5188	0.0051	83.6104
115.9047	0.0000	-0.0140	0.0000	0.0000	0.0000	-0.0100	230.6390	0.0000	1.4300	79.7244	NOT CONNECTED	0.0000	500.0000	0.0000	0.0000	0.0000	0.0000	0.0931	0.0531	-1.5176	0.0597	-1.5184	0.0311	0.0000	0.0000	321.3270	0.0000	90.2278	1.5188	0.0051	83.6104
116.4525	0.0000	-0.0140	0.0000	0.0000	0.0000	-0.0100	230.6910	0.0000	1.3200	79.6515	NOT CONNECTED	0.0000	500.0000	0.0000	0.0000	0.0000	0.0000	0.0931	0.0531	-1.5176	0.0597	-1.5184	0.0311	0.0000	0.0000	321.3825	0.0000	90.0697	1.5188	0.0053	83.5443
116.6676	0.0000	-0.0140	0.0000	0.0000	0.0000	-0.0100	230.6910	0.0000	1.3200	79.6515	NOT CONNECTED	0.0000	500.0000	0.0000	0.0000	0.0000	0.0000	0.0931	0.0531	-1.5176	0.0597	-1.5184	0.0311	0.0000	0.0000	321.3825	0.0000	90.0697	1.5188	0.0053	83.5443
117.0654	0.0000	-0.0140	0.0000	0.0000	0.0000	-0.0100	230.7130	0.0000	1.3200	79.6093	NOT CONNECTED	0.0000	500.0000	0.0000	0.0000	0.0000	0.0000	0.0931	0.0531	-1.5176	0.0597	-1.5184	0.0311	0.0000	0.0000	321.4082	0.0000	89.9262	1.5188	0.0051	83.5443
117.4074	0.0000	-0.0140	0.0000	0.0000	0.0000	-0.0100	230.7130	0.0000	1.3200	79.6093	NOT CONNECTED	0.0000	500.0000	0.0000	0.0000	0.0000	0.0000	0.0931	0.0531	-1.5176	0.0597	-1.5184	0.0311	0.0000	0.0000	321.4677	0.0000	89.7957	1.5188	0.0056	83.4785
117.6704	0.0000	-0.0140	0.0000	0.0000	0.0000	-0.0100	230.7130	0.0000	1.3200	79.6093	NOT CONNECTED	0.0000	500.0000	0.0000	0.0000	0.0000	0.0000	0.0931	0.0531	-1.5176	0.0597	-1.5184	0.0311	0.0000	0.0000	321.4677	0.0000	89.7957	1.5188	0.0056	83.4785
118.1652	0.0000	-0.0140	0.0000	0.0000	0.0000	-0.0100	230.7500	0.0000	1.3200	79.5104	NOT CONNECTED	NOT CONNECTED	NOT CONNECTED	NOT CONNECTED	NOT CONNECTED	NOT CONNECTED	NOT CONNECTED	NOT CONNECTED	NOT CONNECTED	NOT CONNECTED	NOT CONNECTED	NOT CONNECTED	NOT CONNECTED	NOT CONNECTED	NOT CONNECTED	NOT CONNECTED	NOT CONNECTED	NOT CONNECTED	NOT CONNECTED	NOT CONNECTED	NOT CONNECTED
