Time	speed	torque	motor_current	motor_current_thd	motor_voltage	motor_power	line_voltage	line_current	line_power	motor_temperature	Test_Marker	BD_Target_Speed	BD_Target_Accel	BD_Update_Cmd	Mcl_Quantities.Speed_Rot_Mech	Mcl_Quantities.Torque	Mcl_Quantities.Torque_Ref	Mcl_Quantities.Stator_Flux_Mag	Mcl_Quantities.Flux_Ref	Mcl_Quantities.Id_stator_current	Mcl_Quantities.Iq_stator_current	Mcl_Quantities.Id_rotor_current	Rotor_Curr_Iq	Flux_Controller.Out	Torque_Controller.Out	DC_Bus_RMS	Mcl_Quantities.Electrical_Power	Mcl_Quantities.Stator_Temperature	Mcl_Quantities.Is_Abs	Mcl_Quantities.IsRMS	SR_Overheating_Temp
0.7274	0.0000	-0.0140	0.0000	0.0000	0.0000	-0.0100	230.4500	0.0000	1.2900	63.7581	NOT CONNECTED	NOT CONNECTED	NOT CONNECTED	NOT CONNECTED	NOT CONNECTED	NOT CONNECTED	NOT CONNECTED	NOT CONNECTED	NOT CONNECTED	NOT CONNECTED	NOT CONNECTED	NOT CONNECTED	NOT CONNECTED	NOT CONNECTED	NOT CONNECTED	NOT CONNECTED	NOT CONNECTED	NOT CONNECTED	NOT CONNECTED	NOT CONNECTED	NOT CONNECTED
1.4687	0.0000	-0.0140	0.0000	0.0000	0.0000	-0.0100	230.4590	0.0000	1.2900	63.7286	NOT CONNECTED	NOT CONNECTED	NOT CONNECTED	NOT CONNECTED	NOT CONNECTED	NOT CONNECTED	NOT CONNECTED	NOT CONNECTED	NOT CONNECTED	NOT CONNECTED	NOT CONNECTED	NOT CONNECTED	NOT CONNECTED	NOT CONNECTED	NOT CONNECTED	NOT CONNECTED	NOT CONNECTED	NOT CONNECTED	NOT CONNECTED	NOT CONNECTED	NOT CONNECTED
1.5078	0.0000	-0.0140	0.0000	0.0000	0.0000	-0.0100	230.4590	0.0000	1.2900	63.7286	NOT CONNECTED	0.0000	500.0000	0.0000	0.0000	0.0000	0.0000	0.0931	0.0531	-1.6657	0.0176	-1.6657	0.0088	0.0000	0.0000	320.6600	0.0000	78.2243	1.6658	0.0169	65.3948
2.0996	0.0000	-0.0140	0.0000	0.0000	0.0000	-0.0100	230.4760	0.0000	1.3900	63.6974	NOT CONNECTED	0.0000	500.0000	0.0000	0.0000	0.0000	0.0000	0.0931	0.0531	-1.6657	0.0176	-1.6657	0.0088	0.0000	0.0000	320.8778	0.0000	78.1837	1.6658	0.0053	65.3683
2.1847	0.0000	-0.0140	0.0000	0.0000	0.0000	-0.0100	230.4760	0.0000	1.3900	63.6974	NOT CONNECTED	0.0000	500.0000	0.0000	0.0000	0.0000	0.0000	0.0931	0.0531	-1.6657	0.0176	-1.6657	0.0088	0.0000	0.0000	320.8778	0.0000	78.1837	1.6658	0.0053	65.3683
2.7098	0.0000	-0.0140	0.0000	0.0000	0.0000	-0.0100	230.4830	0.0000	1.3000	63.6781	NOT CONNECTED	0.0000	500.0000	0.0000	0.0000	0.0000	0.0000	0.0931	0.0531	-1.6657	0.0176	-1.6657	0.0088	0.0000	0.0000	320.8508	0.0000	78.1459	1.6658	0.0052	65.3419
2.9098	0.0000	-0.0140	0.0000	0.0000	0.0000	-0.0100	230.4830	0.0000	1.3000	63.6781	NOT CONNECTED	0.0000	500.0000	0.0000	0.0000	0.0000	0.0000	0.0931	0.0531	-1.6657	0.0176	-1.6657	0.0088	0.0000	0.0000	320.8508	0.0000	78.1459	1.6658	0.0052	65.3419
3.3094	0.0000	-0.0140	0.0000	0.0000	0.0000	-0.0100	230.4990	0.0000	1.2900	63.6497	NOT CONNECTED	0.0000	500.0000	0.0000	0.0000	0.0000	0.0000	0.0931	0.0531	-1.6657	0.0176	-1.6657	0.0088	0.0000	0.0000	320.8860	0.0000	78.1107	1.6658	0.0054	65.3419
3.6395	0.0000	-0.0140	0.0000	0.0000	0.0000	-0.0100	230.4990	0.0000	1.2900	63.6497	NOT CONNECTED	0.0000	500.0000	0.0000	0.0000	0.0000	0.0000	0.0931	0.0531	-1.6657	0.0176	-1.6657	0.0088	0.0000	0.0000	320.8724	0.0000	78.0777	1.6658	0.0051	65.3155
3.8995	0.0000	-0.0140	0.0000	0.0000	0.0000	-0.0100	230.4990	0.0000	1.2900	63.6497	NOT CONNECTED	0.0000	500.0000	0.0000	0.0000	0.0000	0.0000	0.0931	0.0531	-1.6657	0.0176	-1.6657	0.0088	0.0000	0.0000	320.8724	0.0000	78.0777	1.6658	0.0051	65.3155
4.3724	0.0000	-0.0140	0.0000	0.0000	0.0000	-0.0100	230.5070	0.0000	1.3000	63.6375	NOT CONNECTED	0.0000	500.0000	0.0000	0.0000	0.0000	0.0000	0.0931	0.0531	-1.6657	0.0176	-1.6657	0.0088	0.0000	0.0000	320.9103	0.0000	78.0480	1.6658	0.0051	65.3155
4.4896	0.0000	-0.0140	0.0000	0.0000	0.0000	-0.0100	230.5070	0.0000	1.3000	63.6375	NOT CONNECTED	0.0000	500.0000	0.0000	0.0000	0.0000	0.0000	0.0931	0.0531	-1.6657	0.0176	-1.6657	0.0088	0.0000	0.0000	320.9103	0.0000	78.0480	1.6658	0.0051	65.3155
5.0798	0.0000	-0.0140	0.0000	0.0000	0.0000	-0.0100	230.5220	0.0000	1.2800	63.5900	NOT CONNECTED	0.0000	500.0000	0.0000	0.0000	0.0000	0.0000	0.0931	0.0531	-1.6657	0.0176	-1.6657	0.0088	0.0000	0.0000	320.9347	0.0000	78.0188	1.6658	0.0055	65.2892
5.0941	0.0000	-0.0140	0.0000	0.0000	0.0000	-0.0100	230.5220	0.0000	1.2800	63.5900	NOT CONNECTED	0.0000	500.0000	0.0000	0.0000	0.0000	0.0000	0.0931	0.0531	-1.6657	0.0176	-1.6657	0.0088	0.0000	0.0000	320.9347	0.0000	78.0188	1.6658	0.0055	65.2892
5.6718	0.0000	-0.0140	0.0000	0.0000	0.0000	-0.0100	230.5280	0.0000	1.2900	63.5637	NOT CONNECTED	0.0000	500.0000	0.0000	0.0000	0.0000	0.0000	0.0931	0.0531	-1.6657	0.0176	-1.6657	0.0088	0.0000	0.0000	320.9062	0.0000	77.9922	1.6658	0.0051	65.2629
5.8318	0.0000	-0.0140	0.0000	0.0000	0.0000	-0.0100	230.5280	0.0000	1.2900	63.5637	NOT CONNECTED	0.0000	500.0000	0.0000	0.0000	0.0000	0.0000	0.0931	0.0531	-1.6657	0.0176	-1.6657	0.0088	0.0000	0.0000	320.9062	0.0000	77.9922	1.6658	0.0051	65.2629
6.2565	0.0000	-0.0140	0.0000	0.0000	0.0000	-0.0100	230.5400	0.0000	1.3000	63.5206	NOT CONNECTED	0.0000	500.0000	0.0000	0.0000	0.0000	0.0000	0.0931	0.0531	-1.6657	0.0176	-1.6657	0.0088	0.0000	0.0000	320.9333	0.0000	77.9660	1.6658	0.0052	65.2629
6.5567	0.0000	-0.0140	0.0000	0.0000	0.0000	-0.0100	230.5400	0.0000	1.3000	63.5206	NOT CONNECTED	0.0000	500.0000	0.0000	0.0000	0.0000	0.0000	0.0931	0.0531	-1.6657	0.0176	-1.6657	0.0088	0.0000	0.0000	320.8981	0.0000	77.9409	1.6658	0.0054	65.2367
6.8464	0.0000	-0.0140	0.0000	0.0000	0.0000	-0.0100	230.5400	0.0000	1.3000	63.5206	NOT CONNECTED	0.0000	500.0000	0.0000	0.0000	0.0000	0.0000	0.0931	0.0531	-1.6657	0.0176	-1.6657	0.0088	0.0000	0.0000	320.8981	0.0000	77.9409	1.6658	0.0054	65.2367
7.2821	0.0000	-0.0140	0.0000	0.0000	0.0000	-0.0100	230.5460	0.0000	1.2900	63.4667	NOT CONNECTED	0.0000	500.0000	0.0000	0.0000	0.0000	0.0000	0.0931	0.0531	-1.6657	0.0176	-1.6657	0.0088	0.0000	0.0000	320.9184	0.0000	77.9171	1.6658	0.0054	65.2367
7.4704	0.0000	-0.0140	0.0000	0.0000	0.0000	-0.0100	230.5460	0.0000	1.2900	63.4667	NOT CONNECTED	0.0000	500.0000	0.0000	0.0000	0.0000	0.0000	0.0931	0.0531	-1.6657	0.0176	-1.6657	0.0088	0.0000	0.0000	320.9184	0.0000	77.9171	1.6658	0.0054	65.2367
8.0207	0.0000	-0.0140	0.0000	0.0000	0.0000	-0.0100	230.5520	0.0000	1.2900	63.4578	NOT CONNECTED	0.0000	500.0000	0.0000	0.0000	0.0000	0.0000	0.0931	0.0531	-1.6657	0.0176	-1.6657	0.0088	0.0000	0.0000	320.9428	0.0000	77.8932	1.6658	0.0054	65.2105
8.0807	0.0000	-0.0140	0.0000	0.0000	0.0000	-0.0100	230.5520	0.0000	1.2900	63.4578	NOT CONNECTED	0.0000	500.0000	0.0000	0.0000	0.0000	0.0000	0.0931	0.0531	-1.6657	0.0176	-1.6657	0.0088	0.0000	0.0000	320.9428	0.0000	77.8932	1.6658	0.0054	65.2105
8.6848	0.0000	-0.0140	0.0000	0.0000	0.0000	-0.0100	230.5590	0.0000	1.2800	63.3814	NOT CONNECTED	0.0000	500.0000	0.0000	0.0000	0.0000	0.0000	0.0931	0.0531	-1.6657	0.0176	-1.6657	0.0088	0.0000	0.0000	320.9171	0.0000	77.8713	1.6658	0.0058	65.1843
8.7603	0.0000	-0.0140	0.0000	0.0000	0.0000	-0.0100	230.5590	0.0000	1.2800	63.3814	NOT CONNECTED	0.0000	500.0000	0.0000	0.0000	0.0000	0.0000	0.0931	0.0531	-1.6657	0.0176	-1.6657	0.0088	0.0000	0.0000	320.9171	0.0000	77.8713	1.6658	0.0058	65.1843
9.2678	0.0000	-0.0140	0.0000	0.0000	0.0000	-0.0100	230.5620	0.0000	1.3000	63.3832	NOT CONNECTED	0.0000	500.0000	0.0000	0.0000	0.0000	0.0000	0.0931	0.0531	-1.6657	0.0176	-1.6657	0.0088	0.0000	0.0000	320.9184	0.0000	77.8502	1.6658	0.0053	65.1843
9.4999	0.0000	-0.0140	0.0000	0.0000	0.0000	-0.0100	230.5620	0.0000	1.3000	63.3832	NOT CONNECTED	0.0000	500.0000	0.0000	0.0000	0.0000	0.0000	0.0931	0.0531	-1.6657	0.0176	-1.6657	0.0088	0.0000	0.0000	320.9184	0.0000	77.8502	1.6658	0.0053	65.1843
9.8585	0.0000	-0.0140	0.0000	0.0000	0.0000	-0.0100	230.5620	0.0000	1.3000	63.3832	NOT CONNECTED	0.0000	500.0000	0.0000	0.0000	0.0000	0.0000	0.0931	0.0531	-1.6657	0.0176	-1.6657	0.0088	0.0000	0.0000	320.9198	0.0000	77.8307	1.6658	0.0052	65.1582
10.2387	0.0000	-0.0140	0.0000	0.0000	0.0000	-0.0100	230.5630	0.0000	1.2900	63.3576	NOT CONNECTED	0.0000	500.0000	0.0000	0.0000	0.0000	0.0000	0.0931	0.0531	-1.6657	0.0176	-1.6657	0.0088	0.0000	0.0000	320.9455	0.0000	77.8109	1.6658	0.0052	65.1582
10.4484	0.0000	-0.0140	0.0000	0.0000	0.0000	-0.0100	230.5630	0.0000	1.2900	63.3576	NOT CONNECTED	0.0000	500.0000	0.0000	0.0000	0.0000	0.0000	0.0931	0.0531	-1.6657	0.0176	-1.6657	0.0088	0.0000	0.0000	320.9455	0.0000	77.8109	1.6658	0.0052	65.1582
10.9786	0.0000	-0.0140	0.0000	0.0000	0.0000	-0.0100	230.5630	0.0000	1.3000	63.2796	NOT CONNECTED	0.0000	500.0000	0.0000	0.0000	0.0000	0.0000	0.0931	0.0531	-1.6657	0.0176	-1.6657	0.0088	0.0000	0.0000	320.9482	0.0000	77.7918	1.6658	0.0053	65.1322
11.0588	0.0000	-0.0140	0.0000	0.0000	0.0000	-0.0100	230.5630	0.0000	1.3000	63.2796	NOT CONNECTED	0.0000	500.0000	0.0000	0.0000	0.0000	0.0000	0.0931	0.0531	-1.6657	0.0176	-1.6657	0.0088	0.0000	0.0000	320.9482	0.0000	77.7918	1.6658	0.0053	65.1322
11.6642	0.0000	-0.0140	0.0000	0.0000	0.0000	-0.0100	230.5660	0.0000	1.2800	63.2940	NOT CONNECTED	0.0000	500.0000	0.0000	0.0000	0.0000	0.0000	0.0931	0.0531	-1.6657	0.0176	-1.6657	0.0088	0.0000	0.0000	320.9293	0.0000	77.7732	1.6658	0.0052	65.1062
11.7044	0.0000	-0.0140	0.0000	0.0000	0.0000	-0.0100	230.5660	0.0000	1.2800	63.2940	NOT CONNECTED	0.0000	500.0000	0.0000	0.0000	0.0000	0.0000	0.0931	0.0531	-1.6657	0.0176	-1.6657	0.0088	0.0000	0.0000	320.9293	0.0000	77.7732	1.6658	0.0052	65.1062
12.2713	0.0000	-0.0140	0.0000	0.0000	0.0000	-0.0100	230.5650	0.0000	1.2900	63.2191	NOT CONNECTED	0.0000	500.0000	0.0000	0.0000	0.0000	0.0000	0.0931	0.0531	-1.6657	0.0176	-1.6657	0.0088	0.0000	0.0000	320.9184	0.0000	77.7549	1.6658	0.0052	65.1062
12.4499	0.0000	-0.0140	0.0000	0.0000	0.0000	-0.0100	230.5650	0.0000	1.2900	63.2191	NOT CONNECTED	0.0000	500.0000	0.0000	0.0000	0.0000	0.0000	0.0931	0.0531	-1.6657	0.0176	-1.6657	0.0088	0.0000	0.0000	320.9184	0.0000	77.7549	1.6658	0.0052	65.1062
12.8756	0.0000	-0.0140	0.0000	0.0000	0.0000	-0.0100	230.5610	0.0000	1.2800	63.1774	NOT CONNECTED	0.0000	500.0000	0.0000	0.0000	0.0000	0.0000	0.0931	0.0531	-1.6657	0.0176	-1.6657	0.0088	0.0000	0.0000	320.9103	0.0000	77.7373	1.6658	0.0055	65.0802
13.1850	0.0000	-0.0140	0.0000	0.0000	0.0000	-0.0100	230.5610	0.0000	1.2800	63.1774	NOT CONNECTED	0.0000	500.0000	0.0000	0.0000	0.0000	0.0000	0.0931	0.0531	-1.6657	0.0176	-1.6657	0.0088	0.0000	0.0000	320.9144	0.0000	77.7198	1.6658	0.0052	65.0802
13.4809	0.0000	-0.0140	0.0000	0.0000	0.0000	-0.0100	230.5610	0.0000	1.2800	63.1774	NOT CONNECTED	0.0000	500.0000	0.0000	0.0000	0.0000	0.0000	0.0931	0.0531	-1.6657	0.0176	-1.6657	0.0088	0.0000	0.0000	320.9144	0.0000	77.7198	1.6658	0.0052	65.0802
14.0809	0.0000	-0.0140	0.0000	0.0000	0.0000	-0.0100	230.5560	0.0000	1.2800	63.1049	NOT CONNECTED	0.0000	500.0000	0.0000	0.0000	0.0000	0.0000	0.0931	0.0531	-1.6657	0.0176	-1.6657	0.0088	0.0000	0.0000	320.9306	0.0000	77.7023	1.6658	0.0053	65.0543
14.1609	0.0000	-0.0140	0.0000	0.0000	0.0000	-0.0100	230.5560	0.0000	1.2800	63.1049	NOT CONNECTED	0.0000	500.0000	0.0000	0.0000	0.0000	0.0000	0.0931	0.0531	-1.6657	0.0176	-1.6657	0.0088	0.0000	0.0000	320.9306	0.0000	77.7023	1.6658	0.0053	65.0543
14.6769	0.0000	-0.0140	0.0000	0.0000	0.0000	-0.0100	230.5540	0.0000	1.2900	63.0805	NOT CONNECTED	0.0000	500.0000	0.0000	0.0000	0.0000	0.0000	0.0931	0.0531	-1.6657	0.0176	-1.6657	0.0088	0.0000	0.0000	320.9076	0.0000	77.6854	1.6658	0.0051	65.0284
14.8972	0.0000	-0.0140	0.0000	0.0000	0.0000	-0.0100	230.5540	0.0000	1.2900	63.0805	NOT CONNECTED	0.0000	500.0000	0.0000	0.0000	0.0000	0.0000	0.0931	0.0531	-1.6657	0.0176	-1.6657	0.0088	0.0000	0.0000	320.9076	0.0000	77.6854	1.6658	0.0051	65.0284
15.2802	0.0000	-0.0140	0.0000	0.0000	0.0000	-0.0100	230.5520	0.0000	1.2900	63.0512	NOT CONNECTED	750.0000	500.0000	0.0000	0.0000	0.0000	0.0000	0.0931	0.0531	-1.6657	0.0176	-1.6657	0.0088	0.0000	0.0000	320.9089	0.0000	77.6691	1.6658	0.0051	65.0284
15.6240	0.0000	-0.0140	0.0000	0.0000	0.0000	-0.0100	230.5520	0.0000	1.2900	63.0512	NOT CONNECTED	750.0000	500.0000	0.0000	0.0000	0.0000	0.0000	0.0931	0.0531	-1.6657	0.0176	-1.6657	0.0088	0.0000	0.0000	320.8846	0.0000	77.6537	1.6658	0.0052	65.0025
15.8690	0.0000	-0.0140	0.0000	0.0000	0.0000	-0.0100	230.5520	0.0000	1.2900	63.0512	NOT CONNECTED	750.0000	500.0000	0.0000	0.0000	0.0000	0.0000	0.0931	0.0531	-1.6657	0.0176	-1.6657	0.0088	0.0000	0.0000	320.8846	0.0000	77.6537	1.6658	0.0052	65.0025
16.3682	0.0000	-0.0140	0.0000	0.0000	0.0000	-0.0100	230.5530	0.0000	1.2800	62.9771	NOT CONNECTED	750.0000	500.0000	0.0000	0.0000	0.0000	0.0000	0.0931	0.0531	-1.6657	0.0176	-1.6657	0.0088	0.0000	0.0000	320.9252	0.0000	77.6376	1.6658	0.0054	65.0025
16.4787	0.0000	-0.0140	0.0000	0.0000	0.0000	-0.0100	230.5530	0.0000	1.2800	62.9771	NOT CONNECTED	750.0000	500.0000	0.0000	0.0000	0.0000	0.0000	0.0931	0.0531	-1.6657	0.0176	-1.6657	0.0088	0.0000	0.0000	320.9252	0.0000	77.6376	1.6658	0.0054	65.0025
17.0773	0.0000	-0.0140	0.0000	0.0000	0.0000	-0.0100	230.5510	0.0000	1.2900	62.9280	NOT CONNECTED	750.0000	500.0000	0.0000	0.0000	0.0000	0.0000	0.0931	0.0531	-1.6657	0.0176	-1.6657	0.0088	0.0000	0.0000	320.9184	0.0000	77.6210	1.6658	0.0053	64.9768
17.0964	0.0000	-0.0140	0.0000	0.0000	0.0000	-0.0100	230.5510	0.0000	1.2900	62.9280	NOT CONNECTED	750.0000	500.0000	0.0000	0.0000	0.0000	0.0000	0.0931	0.0531	-1.6657	0.0176	-1.6657	0.0088	0.0000	0.0000	320.9184	0.0000	77.6210	1.6658	0.0053	64.9768
17.6679	0.0000	-0.0140	0.0000	0.0000	0.0000	-0.0100	230.5480	0.0000	1.2800	62.8976	NOT CONNECTED	750.0000	500.0000	0.0000	0.0000	0.0000	0.0000	0.0931	0.0531	-1.6657	0.0176	-1.6657	0.0088	0.0000	0.0000	320.8643	0.0000	77.6063	1.6658	0.0053	64.9510
17.8276	0.0000	-0.0140	0.0000	0.0000	0.0000	-0.0100	230.5480	0.0000	1.2800	62.8976	NOT CONNECTED	750.0000	500.0000	0.0000	0.0000	0.0000	0.0000	0.0931	0.0531	-1.6657	0.0176	-1.6657	0.0088	0.0000	0.0000	320.8643	0.0000	77.6063	1.6658	0.0053	64.9510
18.2786	0.0000	-0.0140	0.0000	0.0000	0.0000	-0.0100	230.5420	0.0000	1.2900	62.8561	NOT CONNECTED	750.0000	500.0000	0.0000	0.0000	0.0000	0.0000	0.0931	0.0531	-1.6657	0.0176	-1.6657	0.0088	0.0000	0.0000	320.8968	0.0000	77.5909	1.6658	0.0052	64.9510
18.5667	0.0000	-0.0140	0.0000	0.0000	0.0000	-0.0100	230.5420	0.0000	1.2900	62.8561	NOT CONNECTED	750.0000	500.0000	0.0000	0.0000	0.0000	0.0000	0.0931	0.0531	-1.6657	0.0176	-1.6657	0.0088	0.0000	0.0000	320.8968	0.0000	77.5909	1.6658	0.0052	64.9510
18.8771	0.0000	-0.0140	0.0000	0.0000	0.0000	-0.0100	230.5420	0.0000	1.2900	62.8561	NOT CONNECTED	750.0000	500.0000	0.0000	0.0000	0.0000	0.0000	0.0931	0.0531	-1.6657	0.0176	-1.6657	0.0088	0.0000	0.0000	320.8670	0.0000	77.5749	1.6658	0.0054	64.9253
19.2869	0.0000	-0.0140	0.0000	0.0000	0.0000	-0.0100	230.5380	0.0000	1.2900	62.8170	NOT CONNECTED	750.0000	500.0000	0.0000	0.0000	0.0000	0.0000	0.0931	0.0531	-1.6657	0.0176	-1.6657	-0.0000	0.7350	0.0000	316.8069	0.0000	77.5595	1.6658	0.0052	64.9253
19.4678	0.0000	-0.0140	0.0000	0.0000	0.0000	-0.0100	230.5380	0.0000	1.2900	62.8170	NOT CONNECTED	750.0000	500.0000	0.0000	0.0000	0.0000	0.0000	0.0931	0.0531	-1.6657	0.0176	-1.6657	-0.0000	0.7350	0.0000	316.8069	0.0000	77.5595	1.6658	0.0052	64.9253
20.0422	59.0000	0.0650	0.0000	0.0000	0.0000	-0.0100	230.5360	0.0000	1.2900	62.7718	NOT CONNECTED	750.0000	500.0000	0.0000	-1.6319	-0.0220	0.0000	0.1528	0.0531	2.0388	-0.0255	2.0177	-0.0604	15.1200	0.0000	307.2258	46.2861	77.5670	2.0390	0.8116	64.8996
20.6197	0.0000	-0.0390	1.3466	0.0000	13.2500	40.4300	230.4950	0.3941	55.8300	62.7405	NOT CONNECTED	750.0000	500.0000	0.0000	0.1144	-0.0824	0.0000	0.1688	0.0531	3.0011	-0.0821	3.0449	-0.2058	21.7349	0.0000	300.4192	98.2280	77.8109	3.0344	1.4436	64.9285
20.7802	0.0000	-0.0390	1.3466	0.0000	13.2500	40.4300	230.4950	0.3941	55.8300	62.7405	NOT CONNECTED	750.0000	500.0000	0.0000	0.1144	-0.0824	0.0000	0.1688	0.0531	3.0011	-0.0821	3.0449	-0.2058	21.7349	0.0000	300.4192	98.2280	77.8109	3.0344	1.4436	64.9285
21.1959	0.0000	-0.0410	1.8137	0.0000	18.0860	74.1900	230.4760	0.6263	93.3200	62.7931	NOT CONNECTED	750.0000	500.0000	0.0000	0.0893	-0.0851	0.0000	0.1689	0.0531	3.0252	-0.0837	3.0322	-0.1927	21.7699	0.0000	299.4704	99.0784	78.3416	3.0303	2.1473	64.9285
21.5096	0.0000	-0.0410	1.8137	0.0000	18.0860	74.1900	230.4760	0.6263	93.3200	62.7931	NOT CONNECTED	750.0000	500.0000	0.0000	0.0591	-0.0174	0.0000	0.1424	0.0531	0.9671	-0.0204	0.9750	-0.0265	8.4899	0.0000	315.1934	12.3814	78.7975	0.9714	0.7169	65.1519
21.7800	0.0000	-0.0410	1.8137	0.0000	18.0860	74.1900	230.4760	0.6263	93.3200	62.7931	NOT CONNECTED	750.0000	500.0000	0.0000	0.0591	-0.0174	0.0000	0.1424	0.0531	0.9671	-0.0204	0.9750	-0.0265	8.4899	0.0000	315.1934	12.3814	78.7975	0.9714	0.7169	65.1519
22.2324	0.0000	-0.0200	0.6753	0.0000	6.4490	9.9400	230.5510	0.1637	19.8600	62.7940	NOT CONNECTED	750.0000	500.0000	0.0000	114.3348	0.2337	0.2093	0.1118	0.1117	1.0271	0.3509	0.9818	0.5210	6.9889	9.5683	314.1719	15.6839	75.1893	1.0566	0.7282	65.1519
22.3738	0.0000	-0.0200	0.6753	0.0000	6.4490	9.9400	230.5510	0.1637	19.8600	62.7940	NOT CONNECTED	750.0000	500.0000	0.0000	114.3348	0.2337	0.2093	0.1118	0.1117	1.0271	0.3509	0.9818	0.5210	6.9889	9.5683	314.1719	15.6839	75.1893	1.0566	0.7282	65.1519
22.9673	286.0000	-0.1230	0.6755	0.0000	7.7100	10.2800	230.5320	0.1495	18.6100	62.8933	NOT CONNECTED	750.0000	500.0000	0.0000	425.9270	0.1562	0.1788	0.0937	0.0936	0.1270	0.2780	0.0782	0.2902	0.6203	20.0644	316.4923	6.6353	75.1293	0.2993	0.1973	65.1964
22.9884	286.0000	-0.1230	0.6755	0.0000	7.7100	10.2800	230.5320	0.1495	18.6100	62.8933	NOT CONNECTED	750.0000	500.0000	0.0000	425.9270	0.1562	0.1788	0.0937	0.0936	0.1270	0.2780	0.0782	0.2902	0.6203	20.0644	316.4923	6.6353	75.1293	0.2993	0.1973	65.1964
23.5821	650.0000	-0.1080	0.1949	0.0000	24.4970	7.0300	230.5190	0.1059	12.4700	62.8979	NOT CONNECTED	750.0000	500.0000	0.0000	740.4056	0.1006	0.1269	0.0935	0.0932	0.1895	0.1920	0.0910	0.1043	0.7883	30.3115	315.1569	10.9504	75.0036	0.2584	0.2004	65.1964
23.6961	650.0000	-0.1080	0.1949	0.0000	24.4970	7.0300	230.5190	0.1059	12.4700	62.8979	NOT CONNECTED	750.0000	500.0000	0.0000	740.4056	0.1006	0.1269	0.0935	0.0932	0.1895	0.1920	0.0910	0.1043	0.7883	30.3115	315.1569	10.9504	75.0036	0.2584	0.2004	65.1964
24.1714	755.0000	-0.0300	0.1968	0.0000	36.5460	10.5400	230.5160	0.1354	16.5600	62.9641	NOT CONNECTED	750.0000	500.0000	0.0000	762.9796	0.1393	-0.0124	0.0939	0.0936	-0.0067	0.2479	-0.1682	-0.0912	1.5255	29.5257	317.2176	3.6480	74.8914	0.0686	0.1989	65.1857
24.4304	755.0000	-0.0300	0.1968	0.0000	36.5460	10.5400	230.5160	0.1354	16.5600	62.9641	NOT CONNECTED	750.0000	500.0000	0.0000	762.9796	0.1393	-0.0124	0.0939	0.0936	-0.0067	0.2479	-0.1682	-0.0912	1.5255	29.5257	317.2176	3.6480	74.8914	0.0686	0.1989	65.1857
24.7697	755.0000	-0.0300	0.1968	0.0000	36.5460	10.5400	230.5160	0.1354	16.5600	62.9641	NOT CONNECTED	750.0000	500.0000	0.0000	773.5619	0.0631	-0.0826	0.0929	0.0930	-0.2497	0.1234	0.1999	-0.0455	1.5450	29.5832	317.1418	1.7227	74.7944	0.2314	0.1942	65.1616
25.1689	751.0000	-0.0330	0.1828	0.0000	36.4750	3.8100	230.5210	0.0884	10.0300	62.9698	NOT CONNECTED	750.0000	500.0000	0.0000	728.9588	0.0719	0.1611	0.0929	0.0930	-0.2364	0.1377	0.2646	-0.0344	1.7225	29.6461	317.1093	2.1153	74.7028	0.3181	0.1930	65.1616
25.3738	751.0000	-0.0330	0.1828	0.0000	36.4750	3.8100	230.5210	0.0884	10.0300	62.9698	NOT CONNECTED	750.0000	500.0000	0.0000	728.9588	0.0719	0.1611	0.0929	0.0930	-0.2364	0.1377	0.2646	-0.0344	1.7225	29.6461	317.1093	2.1153	74.7028	0.3181	0.1930	65.1616
25.9057	748.0000	-0.0340	0.1840	0.0000	36.4060	3.8500	230.5190	0.0894	10.0700	62.9732	NOT CONNECTED	750.0000	500.0000	0.0000	766.5192	-0.0554	-0.0457	0.0925	0.0932	0.1580	-0.1103	0.2469	0.1325	1.5498	30.3764	317.0701	3.5440	74.6198	0.2330	0.1904	65.1376
25.9631	748.0000	-0.0340	0.1840	0.0000	36.4060	3.8500	230.5190	0.0894	10.0700	62.9732	NOT CONNECTED	750.0000	500.0000	0.0000	766.5192	-0.0554	-0.0457	0.0925	0.0932	0.1580	-0.1103	0.2469	0.1325	1.5498	30.3764	317.0701	3.5440	74.6198	0.2330	0.1904	65.1376
26.5501	751.0000	-0.0340	0.1819	0.0000	36.4080	3.8300	230.5220	0.0895	10.0300	62.9930	NOT CONNECTED	750.0000	500.0000	0.0000	767.2203	-0.0482	-0.0497	0.0925	0.0931	0.0874	-0.0810	0.2522	0.1124	1.6413	30.2973	317.0822	2.8315	74.5446	0.2811	0.1926	65.1376
26.6438	751.0000	-0.0340	0.1819	0.0000	36.4080	3.8300	230.5220	0.0895	10.0300	62.9930	NOT CONNECTED	750.0000	500.0000	0.0000	767.2203	-0.0482	-0.0497	0.0925	0.0931	0.0874	-0.0810	0.2522	0.1124	1.6413	30.2973	317.0822	2.8315	74.5446	0.2811	0.1926	65.1376
27.1548	750.0000	-0.0350	0.1810	0.0000	36.4420	3.8200	230.5220	0.0891	10.0400	62.9739	NOT CONNECTED	750.0000	500.0000	0.0000	760.7289	0.1382	-0.0134	0.0920	0.0936	0.0048	0.2433	0.3374	-0.0878	0.4054	29.2721	317.0823	3.8894	74.4765	0.3617	0.1912	65.1136
27.4937	750.0000	-0.0350	0.1810	0.0000	36.4420	3.8200	230.5220	0.0891	10.0400	62.9739	NOT CONNECTED	750.0000	500.0000	0.0000	764.0666	0.1004	-0.0318	0.0920	0.0935	0.3038	0.1741	0.3219	-0.0762	1.5299	29.4378	317.0728	5.7589	74.4144	0.3780	0.1890	65.0896
27.7522	750.0000	-0.0350	0.1810	0.0000	36.4420	3.8200	230.5220	0.0891	10.0400	62.9739	NOT CONNECTED	750.0000	500.0000	0.0000	764.0666	0.1004	-0.0318	0.0920	0.0935	0.3038	0.1741	0.3219	-0.0762	1.5299	29.4378	317.0728	5.7589	74.4144	0.3780	0.1890	65.0896
28.2312	751.0000	-0.0330	0.1800	0.0000	36.4370	3.8300	230.5210	0.0893	10.0100	62.9834	NOT CONNECTED	750.0000	500.0000	0.0000	725.1692	-0.0094	0.1813	0.0932	0.0929	0.2920	-0.0152	0.1854	-0.0625	-0.4812	29.3699	317.0836	5.1639	74.3600	0.2920	0.1912	65.0896
28.3398	751.0000	-0.0330	0.1800	0.0000	36.4370	3.8300	230.5210	0.0893	10.0100	62.9834	NOT CONNECTED	750.0000	500.0000	0.0000	725.1692	-0.0094	0.1813	0.0932	0.0929	0.2920	-0.0152	0.1854	-0.0625	-0.4812	29.3699	317.0836	5.1639	74.3600	0.2920	0.1912	65.0896
28.9349	750.0000	-0.0320	0.1802	0.0000	36.4130	3.8300	230.5200	0.0885	10.0000	62.9624	NOT CONNECTED	750.0000	500.0000	0.0000	760.9682	0.1319	-0.0149	0.0920	0.0935	-0.0705	0.2289	0.3207	-0.0691	0.4430	29.3714	317.0078	3.2305	74.3082	0.3585	0.1912	65.0656
28.9711	750.0000	-0.0320	0.1802	0.0000	36.4130	3.8300	230.5200	0.0885	10.0000	62.9624	NOT CONNECTED	750.0000	500.0000	0.0000	760.9682	0.1319	-0.0149	0.0920	0.0935	-0.0705	0.2289	0.3207	-0.0691	0.4430	29.3714	317.0078	3.2305	74.3082	0.3585	0.1912	65.0656
29.5296	750.0000	-0.0350	0.1790	0.0000	36.4310	3.8400	230.5220	0.0894	10.0600	62.9124	NOT CONNECTED	750.0000	500.0000	0.0000	726.8031	-0.0403	0.1724	0.0931	0.0931	0.1200	-0.0734	0.2214	0.1176	1.6080	30.3035	317.0620	3.5560	74.2605	0.2758	0.1902	65.0656
29.8461	750.0000	-0.0350	0.1790	0.0000	36.4310	3.8400	230.5220	0.0894	10.0600	62.9124	NOT CONNECTED	750.0000	500.0000	0.0000	775.2633	0.1428	-0.0926	0.0931	0.0937	0.0677	0.2555	0.1274	-0.0497	0.3057	29.3672	316.9943	4.3254	74.2168	0.2050	0.1890	65.0417
30.1362	750.0000	-0.0350	0.1790	0.0000	36.4310	3.8400	230.5220	0.0894	10.0600	62.9124	NOT CONNECTED	750.0000	500.0000	0.0000	775.2633	0.1428	-0.0926	0.0931	0.0937	0.0677	0.2555	0.1274	-0.0497	0.3057	29.3672	316.9943	4.3254	74.2168	0.2050	0.1890	65.0417
30.5872	752.0000	-0.0390	0.1782	0.0000	36.4570	4.0700	230.5290	0.0904	10.2400	62.9037	NOT CONNECTED	750.0000	500.0000	0.0000	762.5827	0.1441	-0.0191	0.0920	0.0937	0.0244	0.2561	0.3149	-0.1091	0.9542	29.3041	316.9267	4.6340	74.1763	0.3374	0.1847	65.0178
30.7349	752.0000	-0.0390	0.1782	0.0000	36.4570	4.0700	230.5290	0.0904	10.2400	62.9037	NOT CONNECTED	750.0000	500.0000	0.0000	762.5827	0.1441	-0.0191	0.0920	0.0937	0.0244	0.2561	0.3149	-0.1091	0.9542	29.3041	316.9267	4.6340	74.1763	0.3374	0.1847	65.0178
31.3347	751.0000	-0.0420	0.1755	0.0000	36.5080	4.2300	230.5330	0.0918	10.4100	62.8922	NOT CONNECTED	750.0000	500.0000	0.0000	769.3684	0.0531	-0.0513	0.0932	0.0929	-0.1329	0.0984	0.1059	-0.0422	0.8082	29.4592	316.7589	3.3675	74.1094	0.1260	0.1794	64.9939
31.8275	750.0000	-0.0490	0.1712	0.0000	36.5990	4.7500	230.5390	0.0952	10.8800	62.8822	NOT CONNECTED	750.0000	500.0000	0.0000	769.3684	0.0531	-0.0513	0.0932	0.0929	-0.1329	0.0984	0.1059	-0.0422	0.8082	29.4592	316.7589	3.3675	74.1094	0.1260	0.1794	64.9939
32.2015	750.0000	-0.0490	0.1712	0.0000	36.5990	4.7500	230.5390	0.0952	10.8800	62.8822	NOT CONNECTED	750.0000	500.0000	0.0000	741.1992	0.1046	0.1142	0.0928	0.0933	-0.0124	0.1900	0.2383	0.0716	0.9540	29.8778	316.4112	4.9456	74.0761	0.3028	0.1685	64.9939
32.4351	750.0000	-0.0490	0.1712	0.0000	36.5990	4.7500	230.5390	0.0952	10.8800	62.8822	NOT CONNECTED	750.0000	500.0000	0.0000	741.1992	0.1046	0.1142	0.0928	0.0933	-0.0124	0.1900	0.2383	0.0716	0.9540	29.8778	316.4112	4.9456	74.0761	0.3028	0.1685	64.9939
32.9401	744.0000	-0.0610	0.1641	0.0000	36.7520	5.2800	230.5410	0.0987	11.4100	62.8483	NOT CONNECTED	750.0000	500.0000	0.0000	741.1992	0.1046	0.1142	0.0928	0.0933	-0.0124	0.1900	0.2383	0.0716	0.9540	29.8778	316.4112	4.9456	74.0761	0.3028	0.1685	64.9939
33.6199	748.0000	-0.0900	0.1586	0.0000	37.3960	7.2300	230.5490	0.1107	13.1100	62.8101	NOT CONNECTED	750.0000	500.0000	0.0000	753.0214	0.1174	0.0771	0.0932	0.0934	0.1867	0.2030	0.1402	0.1651	1.0125	30.5040	315.5479	9.6531	74.0159	0.2272	0.1661	64.9453
33.7749	748.0000	-0.0900	0.1586	0.0000	37.3960	7.2300	230.5490	0.1107	13.1100	62.8101	NOT CONNECTED	750.0000	500.0000	0.0000	753.0214	0.1174	0.0771	0.0932	0.0934	0.1867	0.2030	0.1402	0.1651	1.0125	30.5040	315.5479	9.6531	74.0159	0.2272	0.1661	64.9453
34.2137	748.0000	-0.1170	0.1731	0.0000	37.5690	8.7200	230.5520	0.1207	14.5500	62.7764	NOT CONNECTED	750.0000	500.0000	0.0000	753.0739	0.1637	0.1039	0.0932	0.0936	0.1086	0.2927	0.1312	0.2232	0.6634	30.7780	314.8633	11.5346	73.9889	0.2575	0.1982	64.9453
34.5105	748.0000	-0.1170	0.1731	0.0000	37.5690	8.7200	230.5520	0.1207	14.5500	62.7764	NOT CONNECTED	750.0000	500.0000	0.0000	753.0739	0.1637	0.1039	0.0932	0.0936	0.1086	0.2927	0.1312	0.2232	0.6634	30.7780	314.8633	11.5346	73.9889	0.2575	0.1982	64.9453
34.8103	748.0000	-0.1170	0.1731	0.0000	37.5690	8.7200	230.5520	0.1207	14.5500	62.7764	NOT CONNECTED	750.0000	500.0000	0.0000	745.6492	0.1447	0.1708	0.0938	0.0934	0.1394	0.2575	0.0258	0.3053	0.5764	31.1321	314.3505	13.3653	73.9649	0.2951	0.2187	64.9214
35.2523	748.0000	-0.1570	0.2132	0.0000	38.0090	12.6100	230.5620	0.1509	18.7900	62.7360	NOT CONNECTED	750.0000	500.0000	0.0000	745.2984	0.1593	0.1899	0.0938	0.0935	0.1317	0.2864	0.0599	0.2960	0.5443	31.3234	314.0501	14.4009	73.9435	0.3175	0.2287	64.9214
35.4120	748.0000	-0.1570	0.2132	0.0000	38.0090	12.6100	230.5620	0.1509	18.7900	62.7360	NOT CONNECTED	750.0000	500.0000	0.0000	745.2984	0.1593	0.1899	0.0938	0.0935	0.1317	0.2864	0.0599	0.2960	0.5443	31.3234	314.0501	14.4009	73.9435	0.3175	0.2287	64.9214
35.9958	748.0000	-0.1670	0.2342	0.0000	38.2500	14.5500	230.5720	0.1650	20.8800	62.6562	NOT CONNECTED	750.0000	500.0000	0.0000	749.2602	0.1919	0.1872	0.0938	0.0937	0.0931	0.3394	0.0346	0.3794	0.4383	31.7183	313.3710	17.2467	73.9238	0.3512	0.2566	64.8984
36.1258	748.0000	-0.1670	0.2342	0.0000	38.2500	14.5500	230.5720	0.1650	20.8800	62.6562	NOT CONNECTED	750.0000	500.0000	0.0000	749.2602	0.1919	0.1872	0.0938	0.0937	0.0931	0.3394	0.0346	0.3794	0.4383	31.7183	313.3710	17.2467	73.9238	0.3512	0.2566	64.8984
36.5761	748.0000	-0.2110	0.2638	0.0000	38.3530	16.9800	230.5750	0.1820	23.3900	62.6619	NOT CONNECTED	750.0000	500.0000	0.0000	748.2073	0.2244	0.2200	0.0939	0.0939	0.0163	0.4020	0.0342	0.4238	0.6226	32.1943	312.9041	18.8442	73.9075	0.3936	0.2804	64.8984
36.8449	748.0000	-0.2110	0.2638	0.0000	38.3530	16.9800	230.5750	0.1820	23.3900	62.6619	NOT CONNECTED	750.0000	500.0000	0.0000	748.2073	0.2244	0.2200	0.0939	0.0939	0.0163	0.4020	0.0342	0.4238	0.6226	32.1943	312.9041	18.8442	73.9075	0.3936	0.2804	64.8984
37.1711	748.0000	-0.2110	0.2638	0.0000	38.3530	16.9800	230.5750	0.1820	23.3900	62.6619	NOT CONNECTED	750.0000	500.0000	0.0000	750.0840	0.2347	0.2261	0.0938	0.0939	0.0856	0.4201	0.0498	0.4312	0.5406	32.3793	312.6945	20.0406	73.8931	0.4142	0.2944	64.8764
37.5736	750.0000	-0.2200	0.2939	0.0000	38.6000	19.3400	230.5830	0.2022	26.1400	62.6501	0.0000	750.0000	500.0000	0.0000	749.4511	0.2644	0.2412	0.0939	0.0941	0.0087	0.4695	0.0070	0.4212	0.5146	32.4454	312.5443	21.2117	73.8806	0.4345	0.3043	64.8558
37.7560	750.0000	-0.2200	0.2939	0.0000	38.6000	19.3400	230.5830	0.2022	26.1400	62.6501	0.0000	750.0000	500.0000	0.0000	749.4511	0.2644	0.2412	0.0939	0.0941	0.0087	0.4695	0.0070	0.4212	0.5146	32.4454	312.5443	21.2117	73.8806	0.4345	0.3043	64.8558
38.3416	750.0000	-0.2200	0.2939	0.0000	38.6000	19.3400	230.5830	0.2022	26.1400	62.6501	0.0000	750.0000	500.0000	0.0000	752.5161	0.2507	0.2347	0.0939	0.0941	0.0738	0.4438	0.0205	0.4349	0.5899	32.5537	312.3170	22.0648	73.8693	0.4312	0.3204	64.8558
38.9239	750.0000	-0.2320	0.3195	0.0000	38.8150	21.2800	230.5920	0.2153	28.2600	62.5714	0.0000	750.0000	500.0000	0.0000	751.9300	0.2546	0.2426	0.0941	0.0941	0.0785	0.4472	-0.0163	0.4407	0.5108	32.6105	312.3049	22.3038	73.8583	0.4389	0.3229	64.8361
39.2996	750.0000	-0.2320	0.3195	0.0000	38.8150	21.2800	230.5920	0.2153	28.2600	62.5714	0.0000	750.0000	500.0000	0.0000	750.9715	0.2578	0.2507	0.0940	0.0941	0.0796	0.4530	0.0121	0.4459	0.4242	32.6445	312.2846	22.4897	73.8477	0.4506	0.3249	64.8361
39.5137	750.0000	-0.2320	0.3195	0.0000	38.8150	21.2800	230.5920	0.2153	28.2600	62.5714	0.0000	750.0000	500.0000	0.0000	750.9715	0.2578	0.2507	0.0940	0.0941	0.0796	0.4530	0.0121	0.4459	0.4242	32.6445	312.2846	22.4897	73.8477	0.4506	0.3249	64.8361
40.0661	750.0000	-0.2330	0.3235	0.0000	38.8670	21.5800	230.6000	0.2179	28.6300	62.5862	0.0000	750.0000	500.0000	0.0000	750.6363	0.2589	0.2537	0.0940	0.0941	0.0642	0.4572	0.0302	0.4365	0.5309	32.5925	312.2603	22.6072	73.8369	0.4590	0.3269	64.8170
40.1109	750.0000	-0.2330	0.3235	0.0000	38.8670	21.5800	230.6000	0.2179	28.6300	62.5862	0.0000	750.0000	500.0000	0.0000	750.6363	0.2589	0.2537	0.0940	0.0941	0.0642	0.4572	0.0302	0.4365	0.5309	32.5925	312.2603	22.6072	73.8369	0.4590	0.3269	64.8170
40.6958	751.0000	-0.2330	0.3241	0.0000	38.8720	21.6300	230.6050	0.2182	28.6700	62.5354	1.0000	750.0000	500.0000	0.0000	749.4977	0.2542	0.2606	0.0940	0.0941	0.0919	0.4473	0.0217	0.4641	0.4249	32.7118	312.2792	22.3715	73.8260	0.4576	0.3275	64.7979
40.8158	751.0000	-0.2330	0.3241	0.0000	38.8720	21.6300	230.6050	0.2182	28.6700	62.5354	1.0000	750.0000	500.0000	0.0000	749.4977	0.2542	0.2606	0.0940	0.0941	0.0919	0.4473	0.0217	0.4641	0.4249	32.7118	312.2792	22.3715	73.8260	0.4576	0.3275	64.7979
41.2894	751.0000	-0.2340	0.3250	0.0000	38.8730	21.7000	230.6120	0.2190	28.7600	62.5193	1.0000	750.0000	500.0000	0.0000	751.2495	0.2620	0.2510	0.0941	0.0942	0.0914	0.4598	-0.0066	0.4319	0.4865	32.5660	312.2440	22.7610	73.8154	0.4738	0.3273	64.7979
41.6960	751.0000	-0.2340	0.3250	0.0000	38.8730	21.7000	230.6120	0.2190	28.7600	62.5193	1.0000	750.0000	500.0000	0.0000	754.1276	0.2606	0.2360	0.0939	0.0941	0.0706	0.4554	0.0188	0.4353	0.5431	32.6365	312.2278	22.5054	73.8044	0.4357	0.3287	64.7790
41.8837	751.0000	-0.2340	0.3250	0.0000	38.8730	21.7000	230.6120	0.2190	28.7600	62.5193	1.0000	750.0000	500.0000	0.0000	754.1276	0.2606	0.2360	0.0939	0.0941	0.0706	0.4554	0.0188	0.4353	0.5431	32.6365	312.2278	22.5054	73.8044	0.4357	0.3287	64.7790
42.4295	750.0000	-0.2340	0.3255	0.0000	38.8850	21.7400	230.6170	0.2190	28.7900	62.4875	1.0000	750.0000	500.0000	0.0000	749.2295	0.2525	0.2633	0.0940	0.0940	0.0496	0.4436	0.0028	0.4618	0.4892	32.7210	312.2400	22.4210	73.7935	0.4570	0.3280	64.7790
42.4762	750.0000	-0.2340	0.3255	0.0000	38.8850	21.7400	230.6170	0.2190	28.7900	62.4875	1.0000	750.0000	500.0000	0.0000	749.2295	0.2525	0.2633	0.0940	0.0940	0.0496	0.4436	0.0028	0.4618	0.4892	32.7210	312.2400	22.4210	73.7935	0.4570	0.3280	64.7790
43.0710	751.0000	-0.2350	0.3258	0.0000	38.8920	21.7600	230.6250	0.2189	28.8100	62.4475	1.0000	750.0000	500.0000	0.0000	751.8153	0.2617	0.2487	0.0940	0.0942	0.0758	0.4651	-0.0293	0.4389	0.5156	32.6529	312.3009	22.6197	73.7829	0.4449	0.3287	64.7601
43.1574	751.0000	-0.2350	0.3258	0.0000	38.8920	21.7600	230.6250	0.2189	28.8100	62.4475	1.0000	750.0000	500.0000	0.0000	751.8153	0.2617	0.2487	0.0940	0.0942	0.0758	0.4651	-0.0293	0.4389	0.5156	32.6529	312.3009	22.6197	73.7829	0.4449	0.3287	64.7601
43.6676	751.0000	-0.2340	0.3252	0.0000	38.8880	21.7100	230.6300	0.2184	28.7500	62.4384	1.0000	750.0000	500.0000	0.0000	754.1035	0.2600	0.2360	0.0940	0.0942	0.0783	0.4629	0.0124	0.4526	0.4120	32.5619	312.2833	22.8515	73.7719	0.4435	0.3285	64.7412
43.8963	751.0000	-0.2340	0.3252	0.0000	38.8880	21.7100	230.6300	0.2184	28.7500	62.4384	1.0000	750.0000	500.0000	0.0000	754.1035	0.2600	0.2360	0.0940	0.0942	0.0783	0.4629	0.0124	0.4526	0.4120	32.5619	312.2833	22.8515	73.7719	0.4435	0.3285	64.7412
44.2695	748.0000	-0.2340	0.3251	0.0000	38.8800	21.7100	230.6390	0.2188	28.7800	62.3997	1.0000	750.0000	500.0000	0.0000	750.2909	0.2627	0.2570	0.0940	0.0942	0.0788	0.4658	0.0087	0.4461	0.5478	32.6337	312.2751	22.5910	73.7610	0.4657	0.3278	64.7412
44.6339	748.0000	-0.2340	0.3251	0.0000	38.8800	21.7100	230.6390	0.2188	28.7800	62.3997	1.0000	750.0000	500.0000	0.0000	750.4012	0.2512	0.2564	0.0940	0.0940	-0.0263	0.4297	-0.0243	0.4617	0.4881	32.7241	312.2684	22.0793	73.7500	0.4507	0.3283	64.7224
44.8521	748.0000	-0.2340	0.3251	0.0000	38.8800	21.7100	230.6390	0.2188	28.7800	62.3997	1.0000	750.0000	500.0000	0.0000	750.4012	0.2512	0.2564	0.0940	0.0940	-0.0263	0.4297	-0.0243	0.4617	0.4881	32.7241	312.2684	22.0793	73.7500	0.4507	0.3283	64.7224
45.3684	748.0000	-0.2340	0.3254	0.0000	38.8870	21.7300	230.6440	0.2188	28.7800	62.3610	1.0000	750.0000	500.0000	0.0000	751.7536	0.2605	0.2491	0.0940	0.0941	0.0707	0.4561	-0.0010	0.4431	0.4988	32.5410	312.2440	22.8872	73.7385	0.4406	0.3276	64.7224
45.4515	748.0000	-0.2340	0.3254	0.0000	38.8870	21.7300	230.6440	0.2188	28.7800	62.3610	1.0000	750.0000	500.0000	0.0000	751.7536	0.2605	0.2491	0.0940	0.0941	0.0707	0.4561	-0.0010	0.4431	0.4988	32.5410	312.2440	22.8872	73.7385	0.4406	0.3276	64.7224
46.0487	751.0000	-0.2340	0.3254	0.0000	38.8840	21.7300	230.6500	0.2193	28.8600	62.3651	1.0000	750.0000	500.0000	0.0000	743.8236	0.2513	0.2926	0.0942	0.0941	0.0988	0.4440	-0.0210	0.4616	0.4179	32.7193	312.3293	22.5594	73.7269	0.5058	0.3288	64.7036
46.1075	751.0000	-0.2340	0.3254	0.0000	38.8840	21.7300	230.6500	0.2193	28.8600	62.3651	1.0000	750.0000	500.0000	0.0000	743.8236	0.2513	0.2926	0.0942	0.0941	0.0988	0.4440	-0.0210	0.4616	0.4179	32.7193	312.3293	22.5594	73.7269	0.5058	0.3288	64.7036
46.6310	751.0000	-0.2360	0.3255	0.0000	38.8850	21.7300	230.6520	0.2192	28.8500	62.3312	2.0000	750.0000	500.0000	0.0000	750.4986	0.2810	0.2556	0.0941	0.0943	-0.0011	0.5100	-0.0107	0.4514	0.4974	32.7141	312.3212	22.5087	73.7154	0.4506	0.3284	64.6848
46.8313	751.0000	-0.2360	0.3255	0.0000	38.8850	21.7300	230.6520	0.2192	28.8500	62.3312	2.0000	750.0000	500.0000	0.0000	750.4986	0.2810	0.2556	0.0941	0.0943	-0.0011	0.5100	-0.0107	0.4514	0.4974	32.7141	312.3212	22.5087	73.7154	0.4506	0.3284	64.6848
47.2069	751.0000	-0.2360	0.3255	0.0000	38.8850	21.7300	230.6520	0.2192	28.8500	62.3312	2.0000	750.0000	500.0000	0.0000	750.9318	0.2538	0.2536	0.0940	0.0941	0.0975	0.4487	0.0190	0.4587	0.4343	32.7095	312.2710	22.6976	73.7047	0.4612	0.3278	64.6848
47.6690	747.0000	-0.2340	0.3253	0.0000	38.8820	21.7200	230.6590	0.2187	28.7800	62.3542	2.0000	750.0000	500.0000	0.0000	751.1870	0.2606	0.2518	0.0941	0.0942	0.0860	0.4687	-0.0126	0.4591	0.4378	32.6115	312.3075	22.5466	73.6931	0.4499	0.3271	64.6660
47.8111	747.0000	-0.2340	0.3253	0.0000	38.8820	21.7200	230.6590	0.2187	28.7800	62.3542	2.0000	750.0000	500.0000	0.0000	751.1870	0.2606	0.2518	0.0941	0.0942	0.0860	0.4687	-0.0126	0.4591	0.4378	32.6115	312.3075	22.5466	73.6931	0.4499	0.3271	64.6660
48.3872	747.0000	-0.2350	0.3246	0.0000	38.8780	21.6800	230.6620	0.2187	28.8200	62.2422	2.0000	750.0000	500.0000	0.0000	744.5708	0.2544	0.2879	0.0942	0.0941	0.0657	0.4573	0.0039	0.4628	0.4445	32.6984	312.2928	22.5513	73.6813	0.4965	0.3268	64.6660
48.4148	747.0000	-0.2350	0.3246	0.0000	38.8780	21.6800	230.6620	0.2187	28.8200	62.2422	2.0000	750.0000	500.0000	0.0000	744.5708	0.2544	0.2879	0.0942	0.0941	0.0657	0.4573	0.0039	0.4628	0.4445	32.6984	312.2928	22.5513	73.6813	0.4965	0.3268	64.6660
49.0058	748.0000	-0.2330	0.3242	0.0000	38.8660	21.6400	230.6700	0.2182	28.7200	62.2557	2.0000	750.0000	500.0000	0.0000	753.1788	0.2599	0.2402	0.0941	0.0941	0.0646	0.4530	-0.0385	0.4403	0.5179	32.6313	312.3361	22.5434	73.6696	0.4599	0.3272	64.6473
49.1157	748.0000	-0.2330	0.3242	0.0000	38.8660	21.6400	230.6700	0.2182	28.7200	62.2557	2.0000	750.0000	500.0000	0.0000	753.1788	0.2599	0.2402	0.0941	0.0941	0.0646	0.4530	-0.0385	0.4403	0.5179	32.6313	312.3361	22.5434	73.6696	0.4599	0.3272	64.6473
49.5820	748.0000	-0.2330	0.3241	0.0000	38.8660	21.6300	230.6720	0.2183	28.7400	62.2477	2.0000	750.0000	500.0000	0.0000	744.0238	0.2614	0.2902	0.0942	0.0941	0.0696	0.4619	-0.0195	0.4377	0.4809	32.5553	312.3590	22.6507	73.6586	0.5024	0.3274	64.6473
49.8464	748.0000	-0.2330	0.3241	0.0000	38.8660	21.6300	230.6720	0.2183	28.7400	62.2477	2.0000	750.0000	500.0000	0.0000	744.0238	0.2614	0.2902	0.0942	0.0941	0.0696	0.4619	-0.0195	0.4377	0.4809	32.5553	312.3590	22.6507	73.6586	0.5024	0.3274	64.6473
50.1836	748.0000	-0.2330	0.3241	0.0000	38.8660	21.6300	230.6720	0.2183	28.7400	62.2477	2.0000	750.0000	500.0000	0.0000	753.9902	0.2450	0.2355	0.0939	0.0940	0.0136	0.4352	0.0112	0.4592	0.5066	32.6871	312.3265	22.0213	73.6472	0.4403	0.3268	64.6285
50.5759	750.0000	-0.2330	0.3240	0.0000	38.8650	21.6200	230.6790	0.2180	28.6300	62.2096	2.0000	750.0000	500.0000	0.0000	750.5284	0.2589	0.2546	0.0940	0.0941	0.0791	0.4590	0.0170	0.4677	0.1261	32.4820	312.3306	22.6404	73.6355	0.4538	0.3267	64.6098
50.7874	750.0000	-0.2330	0.3240	0.0000	38.8650	21.6200	230.6790	0.2180	28.6300	62.2096	2.0000	750.0000	500.0000	0.0000	750.5284	0.2589	0.2546	0.0940	0.0941	0.0791	0.4590	0.0170	0.4677	0.1261	32.4820	312.3306	22.6404	73.6355	0.4538	0.3267	64.6098
51.3227	751.0000	-0.2330	0.3238	0.0000	38.8650	21.6100	230.6840	0.2181	28.6300	62.1683	2.0000	750.0000	500.0000	0.0000	748.9577	0.2783	0.2630	0.0940	0.0942	0.0053	0.4938	0.0247	0.4244	0.4721	32.5585	312.2927	22.2733	73.6238	0.4585	0.3257	64.6098
51.3837	751.0000	-0.2330	0.3238	0.0000	38.8650	21.6100	230.6840	0.2181	28.6300	62.1683	2.0000	750.0000	500.0000	0.0000	748.9577	0.2783	0.2630	0.0940	0.0942	0.0053	0.4938	0.0247	0.4244	0.4721	32.5585	312.2927	22.2733	73.6238	0.4585	0.3257	64.6098
51.9876	751.0000	-0.2330	0.3233	0.0000	38.8580	21.5800	230.6890	0.2181	28.6700	62.1654	2.0000	750.0000	500.0000	0.0000	752.4023	0.2655	0.2438	0.0940	0.0942	0.0787	0.4726	0.0003	0.4851	0.1586	32.5381	312.3875	22.5168	73.6122	0.4569	0.3263	64.5912
52.0725	751.0000	-0.2330	0.3233	0.0000	38.8580	21.5800	230.6890	0.2181	28.6700	62.1654	2.0000	750.0000	500.0000	0.0000	752.4023	0.2655	0.2438	0.0940	0.0942	0.0787	0.4726	0.0003	0.4851	0.1586	32.5381	312.3875	22.5168	73.6122	0.4569	0.3263	64.5912
52.5821	747.0000	-0.2330	0.3231	0.0000	38.8590	21.5700	230.6930	0.2177	28.6400	62.1169	3.0000	750.0000	500.0000	0.0000	750.3204	0.2607	0.2549	0.0941	0.0942	0.0806	0.4643	-0.0340	0.4308	0.3830	32.4970	312.3847	22.4467	73.6007	0.4671	0.3260	64.5912
52.8021	747.0000	-0.2330	0.3231	0.0000	38.8590	21.5700	230.6930	0.2177	28.6400	62.1169	3.0000	750.0000	500.0000	0.0000	750.3204	0.2607	0.2549	0.0941	0.0942	0.0806	0.4643	-0.0340	0.4308	0.3830	32.4970	312.3847	22.4467	73.6007	0.4671	0.3260	64.5912
53.1751	747.0000	-0.2330	0.3231	0.0000	38.8590	21.5700	230.6930	0.2177	28.6400	62.1169	3.0000	750.0000	500.0000	0.0000	747.4371	0.2491	0.2707	0.0940	0.0940	0.0704	0.4302	0.0181	0.4570	0.4222	32.6754	312.3347	22.2189	73.5892	0.4936	0.3258	64.5725
53.6748	746.0000	-0.2340	0.3227	0.0000	38.8520	21.5300	230.6970	0.2177	28.6200	62.1050	3.0000	750.0000	500.0000	0.0000	748.5110	0.2550	0.2642	0.0942	0.0941	0.0781	0.4554	-0.0374	0.4580	0.0580	32.4244	312.3860	22.5966	73.5777	0.4537	0.3259	64.5538
53.7673	746.0000	-0.2340	0.3227	0.0000	38.8520	21.5300	230.6970	0.2177	28.6200	62.1050	3.0000	750.0000	500.0000	0.0000	748.5110	0.2550	0.2642	0.0942	0.0941	0.0781	0.4554	-0.0374	0.4580	0.0580	32.4244	312.3860	22.5966	73.5777	0.4537	0.3259	64.5538
54.3487	754.0000	-0.2330	0.3224	0.0000	38.8510	21.5100	230.7010	0.2174	28.5800	62.0843	3.0000	750.0000	500.0000	0.0000	748.8574	0.2447	0.2623	0.0941	0.0940	0.0972	0.4253	-0.0092	0.4994	0.3213	32.6479	312.3522	22.2355	73.5667	0.4863	0.3239	64.5538
54.4097	754.0000	-0.2330	0.3224	0.0000	38.8510	21.5100	230.7010	0.2174	28.5800	62.0843	3.0000	750.0000	500.0000	0.0000	748.8574	0.2447	0.2623	0.0941	0.0940	0.0972	0.4253	-0.0092	0.4994	0.3213	32.6479	312.3522	22.2355	73.5667	0.4863	0.3239	64.5538
54.9425	750.0000	-0.2330	0.3217	0.0000	38.8540	21.4600	230.7080	0.2170	28.5200	62.0384	3.0000	750.0000	500.0000	0.0000	749.6252	0.2616	0.2576	0.0940	0.0942	0.0832	0.4663	-0.0117	0.4338	0.5043	32.5930	312.4239	22.3626	73.5555	0.4450	0.3247	64.5352
55.1444	750.0000	-0.2330	0.3217	0.0000	38.8540	21.4600	230.7080	0.2170	28.5200	62.0384	3.0000	750.0000	500.0000	0.0000	749.6252	0.2616	0.2576	0.0940	0.0942	0.0832	0.4663	-0.0117	0.4338	0.5043	32.5930	312.4239	22.3626	73.5555	0.4450	0.3247	64.5352
55.5287	753.0000	-0.2330	0.3215	0.0000	38.8450	21.4500	230.7120	0.2166	28.4500	62.0560	3.0000	750.0000	500.0000	0.0000	745.7587	0.2584	0.2784	0.0943	0.0941	0.0668	0.4574	-0.0695	0.4235	0.4310	32.4812	312.4212	22.4910	73.5438	0.5033	0.3241	64.5352
55.8862	753.0000	-0.2330	0.3215	0.0000	38.8450	21.4500	230.7120	0.2166	28.4500	62.0560	3.0000	750.0000	500.0000	0.0000	748.3874	0.2473	0.2642	0.0941	0.0940	0.0867	0.4378	-0.0002	0.4409	0.3769	32.6414	312.4050	22.0962	73.5326	0.4577	0.3239	64.5165
56.1096	753.0000	-0.2330	0.3215	0.0000	38.8450	21.4500	230.7120	0.2166	28.4500	62.0560	3.0000	750.0000	500.0000	0.0000	748.3874	0.2473	0.2642	0.0941	0.0940	0.0867	0.4378	-0.0002	0.4409	0.3769	32.6414	312.4050	22.0962	73.5326	0.4577	0.3239	64.5165
56.6184	750.0000	-0.2330	0.3211	0.0000	38.8410	21.4100	230.7200	0.2168	28.4900	61.9951	3.0000	750.0000	500.0000	0.0000	751.6916	0.2619	0.2458	0.0940	0.0942	0.0912	0.4618	0.0066	0.4385	0.5551	32.5942	312.3928	22.2988	73.5208	0.4431	0.3238	64.4979
56.7072	750.0000	-0.2330	0.3211	0.0000	38.8410	21.4100	230.7200	0.2168	28.4900	61.9951	3.0000	750.0000	500.0000	0.0000	751.6916	0.2619	0.2458	0.0940	0.0942	0.0912	0.4618	0.0066	0.4385	0.5551	32.5942	312.3928	22.2988	73.5208	0.4431	0.3238	64.4979
57.3632	747.0000	-0.2330	0.3207	0.0000	38.8410	21.3900	230.7240	0.2167	28.4800	61.9657	3.0000	750.0000	500.0000	0.0000	752.6136	0.2517	0.2400	0.0940	0.0940	0.0766	0.4442	-0.0217	0.4569	0.5305	32.6832	312.4605	21.8964	73.4984	0.4301	0.3232	64.4793
57.8800	750.0000	-0.2320	0.3204	0.0000	38.8370	21.3600	230.7340	0.2167	28.4400	61.9940	3.0000	750.0000	500.0000	0.0000	752.6136	0.2517	0.2400	0.0940	0.0940	0.0766	0.4442	-0.0217	0.4569	0.5305	32.6832	312.4605	21.8964	73.4984	0.4301	0.3232	64.4793
58.1061	750.0000	-0.2320	0.3204	0.0000	38.8370	21.3600	230.7340	0.2167	28.4400	61.9940	3.0000	750.0000	500.0000	0.0000	752.6136	0.2517	0.2400	0.0940	0.0940	0.0766	0.4442	-0.0217	0.4569	0.5305	32.6832	312.4605	21.8964	73.4984	0.4301	0.3232	64.4793
58.4837	752.0000	-0.2320	0.3205	0.0000	38.8370	21.3700	230.7380	0.2164	28.4100	61.9570	4.0000	750.0000	500.0000	0.0000	748.3490	0.2454	0.2631	0.0942	0.0940	0.0514	0.4345	-0.0361	0.4395	0.5105	32.6199	312.4659	21.9391	73.4864	0.4657	0.3233	64.4793
58.8449	752.0000	-0.2320	0.3205	0.0000	38.8370	21.3700	230.7380	0.2164	28.4100	61.9570	4.0000	750.0000	500.0000	0.0000	745.9917	0.2369	0.2765	0.0941	0.0940	0.0622	0.4265	0.0185	0.4468	0.6061	32.6343	312.4253	21.7206	73.4750	0.4779	0.3226	64.4606
59.0775	752.0000	-0.2320	0.3205	0.0000	38.8370	21.3700	230.7380	0.2164	28.4100	61.9570	4.0000	750.0000	500.0000	0.0000	745.9917	0.2369	0.2765	0.0941	0.0940	0.0622	0.4265	0.0185	0.4468	0.6061	32.6343	312.4253	21.7206	73.4750	0.4779	0.3226	64.4606
59.6716	748.0000	-0.2320	0.3202	0.0000	38.8360	21.3500	230.7480	0.2168	28.4800	61.9287	4.0000	750.0000	500.0000	0.0000	748.2947	0.2525	0.2634	0.0942	0.0941	0.0941	0.4425	-0.0376	0.4602	0.2054	32.4681	312.4320	22.2807	73.4633	0.4561	0.3226	64.4420
59.6812	748.0000	-0.2320	0.3202	0.0000	38.8360	21.3500	230.7480	0.2168	28.4800	61.9287	4.0000	750.0000	500.0000	0.0000	748.2947	0.2525	0.2634	0.0942	0.0941	0.0941	0.4425	-0.0376	0.4602	0.2054	32.4681	312.4320	22.2807	73.4633	0.4561	0.3226	64.4420
60.2688	751.0000	-0.2320	0.3201	0.0000	38.8360	21.3400	230.7530	0.2162	28.3800	61.9222	4.0000	750.0000	500.0000	0.0000	750.1296	0.2600	0.2531	0.0941	0.0941	0.0758	0.4617	-0.0355	0.4280	0.5726	32.5535	312.4510	22.2281	73.4521	0.4576	0.3223	64.4420
60.4155	751.0000	-0.2320	0.3201	0.0000	38.8360	21.3400	230.7530	0.2162	28.3800	61.9222	4.0000	750.0000	500.0000	0.0000	750.1296	0.2600	0.2531	0.0941	0.0941	0.0758	0.4617	-0.0355	0.4280	0.5726	32.5535	312.4510	22.2281	73.4521	0.4576	0.3223	64.4420
60.8710	752.0000	-0.2300	0.3196	0.0000	38.8310	21.3000	230.7630	0.2162	28.3600	61.8841	4.0000	750.0000	500.0000	0.0000	754.4845	0.2531	0.2287	0.0940	0.0941	0.0847	0.4445	-0.0351	0.4835	0.2420	32.5772	312.4861	22.1835	73.4404	0.4210	0.3223	64.4234
61.1598	752.0000	-0.2300	0.3196	0.0000	38.8310	21.3000	230.7630	0.2162	28.3600	61.8841	4.0000	750.0000	500.0000	0.0000	754.4845	0.2531	0.2287	0.0940	0.0941	0.0847	0.4445	-0.0351	0.4835	0.2420	32.5772	312.4861	22.1835	73.4404	0.4210	0.3223	64.4234
61.4661	752.0000	-0.2300	0.3196	0.0000	38.8310	21.3000	230.7630	0.2162	28.3600	61.8841	4.0000	750.0000	500.0000	0.0000	755.4854	0.2536	0.2233	0.0939	0.0941	0.0855	0.4461	-0.0096	0.4451	0.4750	32.5400	312.4686	22.3244	73.4289	0.4052	0.3221	64.4234
61.8885	751.0000	-0.2310	0.3192	0.0000	38.8210	21.2800	230.7670	0.2161	28.3400	61.8676	4.0000	750.0000	500.0000	0.0000	747.6016	0.2527	0.2666	0.0940	0.0941	0.0799	0.4553	0.0134	0.4577	0.3812	32.6411	312.4699	21.9375	73.4175	0.4733	0.3213	64.4049
62.0511	751.0000	-0.2310	0.3192	0.0000	38.8210	21.2800	230.7670	0.2161	28.3400	61.8676	4.0000	750.0000	500.0000	0.0000	747.6016	0.2527	0.2666	0.0940	0.0941	0.0799	0.4553	0.0134	0.4577	0.3812	32.6411	312.4699	21.9375	73.4175	0.4733	0.3213	64.4049
62.6114	750.0000	-0.2320	0.3190	0.0000	38.8160	21.2600	230.7750	0.2158	28.3000	61.8750	4.0000	750.0000	500.0000	0.0000	751.4345	0.2717	0.2456	0.0941	0.0941	0.0066	0.4785	-0.0331	0.4526	0.5245	32.6622	312.4781	21.8596	73.3965	0.4397	0.3214	64.3863
63.1447	750.0000	-0.2320	0.3192	0.0000	38.8240	21.2800	230.7800	0.2158	28.2900	61.8292	4.0000	750.0000	500.0000	0.0000	751.4345	0.2717	0.2456	0.0941	0.0941	0.0066	0.4785	-0.0331	0.4526	0.5245	32.6622	312.4781	21.8596	73.3965	0.4397	0.3214	64.3863
63.3447	750.0000	-0.2320	0.3192	0.0000	38.8240	21.2800	230.7800	0.2158	28.2900	61.8292	4.0000	750.0000	500.0000	0.0000	751.4345	0.2717	0.2456	0.0941	0.0941	0.0066	0.4785	-0.0331	0.4526	0.5245	32.6622	312.4781	21.8596	73.3965	0.4397	0.3214	64.3863
63.7471	748.0000	-0.2320	0.3190	0.0000	38.8200	21.2700	230.7870	0.2160	28.3600	61.8186	4.0000	750.0000	500.0000	0.0000	753.6338	0.2775	0.2334	0.0939	0.0942	-0.0039	0.4977	-0.0238	0.4385	0.5103	32.5845	312.5160	21.8080	73.3854	0.4181	0.3218	64.3679
64.0760	748.0000	-0.2320	0.3190	0.0000	38.8200	21.2700	230.7870	0.2160	28.3600	61.8186	4.0000	750.0000	500.0000	0.0000	748.1263	0.2523	0.2636	0.0941	0.0940	0.0715	0.4419	-0.0026	0.4530	0.4528	32.6342	312.4970	21.9116	73.3741	0.4671	0.3220	64.3679
64.3321	748.0000	-0.2320	0.3190	0.0000	38.8200	21.2700	230.7870	0.2160	28.3600	61.8186	4.0000	750.0000	500.0000	0.0000	748.1263	0.2523	0.2636	0.0941	0.0940	0.0715	0.4419	-0.0026	0.4530	0.4528	32.6342	312.4970	21.9116	73.3741	0.4671	0.3220	64.3679
64.8147	750.0000	-0.2320	0.3188	0.0000	38.8150	21.2500	230.7900	0.2161	28.3400	61.7892	5.0000	750.0000	500.0000	0.0000	750.5575	0.2571	0.2500	0.0942	0.0941	0.0735	0.4764	-0.0746	0.4811	0.1343	32.4981	312.4320	21.9430	73.3631	0.4383	0.3222	64.3494
64.9233	750.0000	-0.2320	0.3188	0.0000	38.8150	21.2500	230.7900	0.2161	28.3400	61.7892	5.0000	750.0000	500.0000	0.0000	750.5575	0.2571	0.2500	0.0942	0.0941	0.0735	0.4764	-0.0746	0.4811	0.1343	32.4981	312.4320	21.9430	73.3631	0.4383	0.3222	64.3494
65.5198	750.0000	-0.2300	0.3192	0.0000	38.8100	21.2800	230.7970	0.2163	28.3800	61.7565	5.0000	750.0000	500.0000	0.0000	749.2331	0.2407	0.2572	0.0942	0.0940	0.0533	0.4211	-0.0345	0.4362	0.5095	32.5357	312.4781	21.7945	73.3521	0.4633	0.3213	64.3494
65.6498	750.0000	-0.2300	0.3192	0.0000	38.8100	21.2800	230.7970	0.2163	28.3800	61.7565	5.0000	750.0000	500.0000	0.0000	749.2331	0.2407	0.2572	0.0942	0.0940	0.0533	0.4211	-0.0345	0.4362	0.5095	32.5357	312.4781	21.7945	73.3521	0.4633	0.3213	64.3494
66.1225	745.0000	-0.2310	0.3182	0.0000	38.8130	21.2100	230.7980	0.2159	28.3100	61.7267	5.0000	750.0000	500.0000	0.0000	749.1060	0.2753	0.2579	0.0940	0.0942	0.0504	0.4791	0.0115	0.4398	0.3426	32.4725	312.5214	21.9326	73.3403	0.4561	0.3209	64.3310
66.3885	745.0000	-0.2310	0.3182	0.0000	38.8130	21.2100	230.7980	0.2159	28.3100	61.7267	5.0000	750.0000	500.0000	0.0000	749.1060	0.2753	0.2579	0.0940	0.0942	0.0504	0.4791	0.0115	0.4398	0.3426	32.4725	312.5214	21.9326	73.3403	0.4561	0.3209	64.3310
66.7171	745.0000	-0.2310	0.3182	0.0000	38.8130	21.2100	230.7980	0.2159	28.3100	61.7267	5.0000	750.0000	500.0000	0.0000	748.2553	0.2507	0.2619	0.0940	0.0940	0.0590	0.4438	0.0065	0.4593	0.4223	32.6086	312.4943	21.9170	73.3286	0.4629	0.3203	64.3126
67.1271	754.0000	-0.2320	0.3176	0.0000	38.8240	21.1600	230.7990	0.2155	28.2100	61.7302	5.0000	750.0000	500.0000	0.0000	747.4525	0.2515	0.2661	0.0942	0.0940	-0.0299	0.4505	-0.0689	0.4448	0.4915	32.5364	312.5159	21.4410	73.3169	0.4658	0.3210	64.3126
67.3238	754.0000	-0.2320	0.3176	0.0000	38.8240	21.1600	230.7990	0.2155	28.2100	61.7302	5.0000	750.0000	500.0000	0.0000	747.4525	0.2515	0.2661	0.0942	0.0940	-0.0299	0.4505	-0.0689	0.4448	0.4915	32.5364	312.5159	21.4410	73.3169	0.4658	0.3210	64.3126
67.8603	750.0000	-0.2300	0.3177	0.0000	38.8190	21.1700	230.7980	0.2154	28.2000	61.7023	5.0000	750.0000	500.0000	0.0000	747.8016	0.2652	0.2645	0.0940	0.0942	0.0912	0.4758	0.0169	0.4185	0.2952	32.4222	312.4415	22.2303	73.3056	0.4506	0.3212	64.2941
67.9225	750.0000	-0.2300	0.3177	0.0000	38.8190	21.1700	230.7980	0.2154	28.2000	61.7023	5.0000	750.0000	500.0000	0.0000	747.8016	0.2652	0.2645	0.0940	0.0942	0.0912	0.4758	0.0169	0.4185	0.2952	32.4222	312.4415	22.2303	73.3056	0.4506	0.3212	64.2941
68.5177	751.0000	-0.2310	0.3183	0.0000	38.8200	21.2000	230.7950	0.2158	28.2100	61.6586	5.0000	750.0000	500.0000	0.0000	745.0332	0.2515	0.2797	0.0943	0.0940	0.0714	0.4533	-0.0861	0.4466	0.5464	32.6525	312.4673	21.7222	73.2942	0.4730	0.3208	64.2941
68.5982	751.0000	-0.2310	0.3183	0.0000	38.8200	21.2000	230.7950	0.2158	28.2100	61.6586	5.0000	750.0000	500.0000	0.0000	745.0332	0.2515	0.2797	0.0943	0.0940	0.0714	0.4533	-0.0861	0.4466	0.5464	32.6525	312.4673	21.7222	73.2942	0.4730	0.3208	64.2941
69.1088	750.0000	-0.2300	0.3179	0.0000	38.8200	21.1800	230.7930	0.2157	28.2500	61.6446	5.0000	750.0000	500.0000	0.0000	754.4270	0.2696	0.2281	0.0940	0.0942	0.0755	0.4747	-0.0142	0.4168	0.2922	32.4649	312.4592	22.0863	73.2829	0.4242	0.3212	64.2757
69.3373	750.0000	-0.2300	0.3179	0.0000	38.8200	21.1800	230.7930	0.2157	28.2500	61.6446	5.0000	750.0000	500.0000	0.0000	754.4270	0.2696	0.2281	0.0940	0.0942	0.0755	0.4747	-0.0142	0.4168	0.2922	32.4649	312.4592	22.0863	73.2829	0.4242	0.3212	64.2757
69.7154	748.0000	-0.2310	0.3184	0.0000	38.8150	21.2100	230.7850	0.2159	28.2900	61.6313	5.0000	750.0000	500.0000	0.0000	746.1750	0.2488	0.2738	0.0943	0.0940	0.0892	0.4379	-0.0561	0.4794	0.1499	32.5249	312.4822	22.0237	73.2715	0.4707	0.3203	64.2573
70.0712	748.0000	-0.2310	0.3184	0.0000	38.8150	21.2100	230.7850	0.2159	28.2900	61.6313	5.0000	750.0000	500.0000	0.0000	744.4334	0.2487	0.2832	0.0943	0.0940	0.0493	0.4427	-0.0296	0.4458	0.4260	32.5514	312.4564	21.7964	73.2603	0.4903	0.3217	64.2573
70.3140	748.0000	-0.2310	0.3184	0.0000	38.8150	21.2100	230.7850	0.2159	28.2900	61.6313	5.0000	750.0000	500.0000	0.0000	744.4334	0.2487	0.2832	0.0943	0.0940	0.0493	0.4427	-0.0296	0.4458	0.4260	32.5514	312.4564	21.7964	73.2603	0.4903	0.3217	64.2573
70.8058	750.0000	-0.2290	0.3183	0.0000	38.8120	21.2100	230.7820	0.2159	28.2500	61.6054	6.0000	750.0000	500.0000	0.0000	750.0109	0.2622	0.2526	0.0942	0.0941	0.0709	0.4621	-0.0867	0.4168	0.3006	32.4496	312.3739	22.1218	73.2490	0.4415	0.3210	64.2390
70.9103	750.0000	-0.2290	0.3183	0.0000	38.8120	21.2100	230.7820	0.2159	28.2500	61.6054	6.0000	750.0000	500.0000	0.0000	750.0109	0.2622	0.2526	0.0942	0.0941	0.0709	0.4621	-0.0867	0.4168	0.3006	32.4496	312.3739	22.1218	73.2490	0.4415	0.3210	64.2390
71.5136	750.0000	-0.2320	0.3181	0.0000	38.8160	21.1900	230.7690	0.2162	28.2800	61.5871	NOT CONNECTED	750.0000	500.0000	0.0000	753.2660	0.2436	0.2348	0.0940	0.0940	0.1005	0.4272	-0.0085	0.4824	0.3916	32.6141	312.3942	22.0707	73.2376	0.4146	0.3210	64.2390
71.5736	750.0000	-0.2320	0.3181	0.0000	38.8160	21.1900	230.7690	0.2162	28.2800	61.5871	NOT CONNECTED	750.0000	500.0000	0.0000	753.2660	0.2436	0.2348	0.0940	0.0940	0.1005	0.4272	-0.0085	0.4824	0.3916	32.6141	312.3942	22.0707	73.2376	0.4146	0.3210	64.2390
72.1222	772.0000	-0.0220	0.2660	0.0000	38.7580	16.0100	230.7580	0.1965	25.0400	61.5453	NOT CONNECTED	0.0000	500.0000	0.0000	777.2697	0.0187	0.0772	0.0930	0.0927	0.0659	0.0349	0.1794	-0.0970	0.9422	30.3485	315.0819	3.7362	73.2261	0.2383	0.2847	64.2207
72.5737	772.0000	-0.0220	0.2660	0.0000	38.7580	16.0100	230.7580	0.1965	25.0400	61.5453	NOT CONNECTED	0.0000	500.0000	0.0000	781.0183	0.1067	-0.1018	0.0936	0.0935	0.2720	0.1948	0.0491	-0.0719	-0.1264	29.4538	317.3773	5.3461	73.2083	0.1314	0.1973	64.2015
72.7060	772.0000	-0.0220	0.2660	0.0000	38.7580	16.0100	230.7580	0.1965	25.0400	61.5453	NOT CONNECTED	0.0000	500.0000	0.0000	781.0183	0.1067	-0.1018	0.0936	0.0935	0.2720	0.1948	0.0491	-0.0719	-0.1264	29.4538	317.3773	5.3461	73.2083	0.1314	0.1973	64.2015
73.3048	753.0000	-0.0340	0.1860	0.0000	36.7560	3.4800	230.7590	0.0861	9.6800	61.5370	NOT CONNECTED	0.0000	500.0000	0.0000	725.4535	-0.0618	0.1823	0.0938	0.0932	0.0530	-0.1159	-0.0209	-0.0426	1.7725	29.6461	317.2947	2.6048	73.1879	0.2526	0.1938	64.2015
73.3292	753.0000	-0.0340	0.1860	0.0000	36.7560	3.4800	230.7590	0.0861	9.6800	61.5370	NOT CONNECTED	0.0000	500.0000	0.0000	725.4535	-0.0618	0.1823	0.0938	0.0932	0.0530	-0.1159	-0.0209	-0.0426	1.7725	29.6461	317.2947	2.6048	73.1879	0.2526	0.1938	64.2015
73.9259	751.0000	-0.0330	0.1820	0.0000	36.4190	3.8200	230.7370	0.0885	10.0400	61.4937	NOT CONNECTED	0.0000	500.0000	0.0000	768.0225	0.0515	-0.0538	0.0926	0.0929	-0.2233	0.1026	0.2509	-0.0139	1.4466	29.6608	317.2149	2.1732	73.1675	0.2745	0.1932	64.1791
74.0761	751.0000	-0.0330	0.1820	0.0000	36.4190	3.8200	230.7370	0.0885	10.0400	61.4937	NOT CONNECTED	0.0000	500.0000	0.0000	768.0225	0.0515	-0.0538	0.0926	0.0929	-0.2233	0.1026	0.2509	-0.0139	1.4466	29.6608	317.2149	2.1732	73.1675	0.2745	0.1932	64.1791
74.5260	750.0000	-0.0320	0.1785	0.0000	36.4200	3.8100	230.7280	0.0883	10.0200	61.4663	NOT CONNECTED	0.0000	500.0000	0.0000	763.5945	0.1307	-0.0290	0.0921	0.0935	-0.1230	0.2321	0.3046	-0.0843	1.1811	29.4145	317.2108	2.8185	73.1486	0.3452	0.1907	64.1791
74.8050	750.0000	-0.0320	0.1785	0.0000	36.4200	3.8100	230.7280	0.0883	10.0200	61.4663	NOT CONNECTED	0.0000	500.0000	0.0000	763.5945	0.1307	-0.0290	0.0921	0.0935	-0.1230	0.2321	0.3046	-0.0843	1.1811	29.4145	317.2108	2.8185	73.1486	0.3452	0.1907	64.1791
75.1212	750.0000	-0.0320	0.1785	0.0000	36.4200	3.8100	230.7280	0.0883	10.0200	61.4663	NOT CONNECTED	0.0000	500.0000	0.0000	724.2706	-0.0328	0.1861	0.0935	0.0930	0.1977	-0.0555	0.0907	0.2196	1.1416	30.4761	317.1702	4.1125	73.1312	0.2647	0.1920	64.1567
75.5638	753.0000	-0.0330	0.1806	0.0000	36.4070	3.8400	230.7080	0.0882	9.9900	61.4362	NOT CONNECTED	0.0000	500.0000	0.0000	723.3079	-0.0082	0.1915	0.0936	0.0929	0.3435	-0.0231	0.0485	0.2731	0.7139	30.4223	317.1729	5.2272	73.1136	0.2668	0.1900	64.1343
75.7150	753.0000	-0.0330	0.1806	0.0000	36.4070	3.8400	230.7080	0.0882	9.9900	61.4362	NOT CONNECTED	0.0000	500.0000	0.0000	723.3079	-0.0082	0.1915	0.0936	0.0929	0.3435	-0.0231	0.0485	0.2731	0.7139	30.4223	317.1729	5.2272	73.1136	0.2668	0.1900	64.1343
76.2924	747.0000	-0.0310	0.1801	0.0000	36.4270	3.8300	230.6980	0.0882	10.0100	61.4109	NOT CONNECTED	0.0000	500.0000	0.0000	764.2145	0.0641	-0.0000	0.0894	0.0716	-0.7661	0.1446	-0.2806	-0.1093	-8.5863	18.4024	316.4849	10.0475	73.0961	0.2291	0.1926	64.1343
76.3276	747.0000	-0.0310	0.1801	0.0000	36.4270	3.8300	230.6980	0.0882	10.0100	61.4109	NOT CONNECTED	0.0000	500.0000	0.0000	764.2145	0.0641	-0.0000	0.0894	0.0716	-0.7661	0.1446	-0.2806	-0.1093	-8.5863	18.4024	316.4849	10.0475	73.0961	0.2291	0.1926	64.1343
76.9221	747.0000	-0.0310	0.1801	0.0000	36.4270	3.8300	230.6980	0.0882	10.0100	61.4109	NOT CONNECTED	0.0000	500.0000	0.0000	432.0083	-0.0324	0.0464	0.0532	0.0531	-1.6921	-0.0980	-1.6421	-0.0623	-10.9951	8.4807	311.0171	25.3511	73.1600	1.7058	1.1181	64.1119
77.5248	288.0000	0.0450	1.1076	0.0000	15.8900	22.0600	230.6530	0.2528	33.9600	61.4299	NOT CONNECTED	0.0000	500.0000	0.0000	0.0000	0.0000	0.0000	0.0931	0.0533	-1.7674	0.2225	-1.7780	0.1081	-12.1686	5.9588	320.2459	0.0000	73.3134	1.7813	0.8673	64.1119
77.5650	288.0000	0.0450	1.1076	0.0000	15.8900	22.0600	230.6530	0.2528	33.9600	61.4299	NOT CONNECTED	0.0000	500.0000	0.0000	0.0000	0.0000	0.0000	0.0931	0.0533	-1.7674	0.2225	-1.7780	0.1081	-12.1686	5.9588	320.2459	0.0000	73.3134	1.7813	0.8673	64.1119
78.1135	0.0000	-0.0020	0.1042	0.0000	1.6270	-0.1300	230.6680	0.0336	2.7100	61.3708	NOT CONNECTED	0.0000	500.0000	0.0000	0.0000	0.0000	0.0000	0.0931	0.0533	-1.7674	0.2225	-1.7780	0.1081	-12.1686	5.9588	320.9171	0.0000	73.3195	1.7813	0.0055	64.1565
78.2989	0.0000	-0.0020	0.1042	0.0000	1.6270	-0.1300	230.6680	0.0336	2.7100	61.3708	NOT CONNECTED	0.0000	500.0000	0.0000	0.0000	0.0000	0.0000	0.0931	0.0533	-1.7674	0.2225	-1.7780	0.1081	-12.1686	5.9588	320.9171	0.0000	73.3195	1.7813	0.0055	64.1565
78.7173	0.0000	0.0000	0.0000	0.0000	0.0000	-0.0100	230.6510	0.0000	1.4400	61.3589	NOT CONNECTED	0.0000	500.0000	0.0000	0.0000	0.0000	0.0000	0.0931	0.0533	-1.7674	0.2225	-1.7780	0.1081	-12.1686	5.9588	320.8656	0.0000	73.2719	1.7813	0.0057	64.1430
79.0513	0.0000	0.0000	0.0000	0.0000	0.0000	-0.0100	230.6510	0.0000	1.4400	61.3589	NOT CONNECTED	0.0000	500.0000	0.0000	0.0000	0.0000	0.0000	0.0931	0.0533	-1.7674	0.2225	-1.7780	0.1081	0.0000	0.0000	320.9387	0.0000	73.2281	1.7813	0.0052	64.1430
79.3113	0.0000	0.0000	0.0000	0.0000	0.0000	-0.0100	230.6510	0.0000	1.4400	61.3589	NOT CONNECTED	0.0000	500.0000	0.0000	0.0000	0.0000	0.0000	0.0931	0.0533	-1.7674	0.2225	-1.7780	0.1081	0.0000	0.0000	320.9387	0.0000	73.2281	1.7813	0.0052	64.1430
79.7798	0.0000	0.0000	0.0000	0.0000	0.0000	-0.0100	230.6240	0.0000	1.3900	61.3251	NOT CONNECTED	0.0000	500.0000	0.0000	0.0000	0.0000	0.0000	0.0931	0.0533	-1.7674	0.2225	-1.7780	0.1081	0.0000	0.0000	320.8886	0.0000	73.1878	1.7813	0.0054	64.1187
79.9106	0.0000	0.0000	0.0000	0.0000	0.0000	-0.0100	230.6240	0.0000	1.3900	61.3251	NOT CONNECTED	0.0000	500.0000	0.0000	0.0000	0.0000	0.0000	0.0931	0.0533	-1.7674	0.2225	-1.7780	0.1081	0.0000	0.0000	320.8886	0.0000	73.1878	1.7813	0.0054	64.1187
80.5072	0.0000	0.0000	0.0000	0.0000	0.0000	-0.0100	230.6160	0.0000	1.2800	61.2700	NOT CONNECTED	0.0000	500.0000	0.0000	0.0000	0.0000	0.0000	0.0931	0.0533	-1.7674	0.2225	-1.7780	0.1081	0.0000	0.0000	320.9265	0.0000	73.1506	1.7813	0.0054	64.1187
80.5139	0.0000	0.0000	0.0000	0.0000	0.0000	-0.0100	230.6160	0.0000	1.2800	61.2700	NOT CONNECTED	0.0000	500.0000	0.0000	0.0000	0.0000	0.0000	0.0931	0.0533	-1.7674	0.2225	-1.7780	0.1081	0.0000	0.0000	320.9265	0.0000	73.1506	1.7813	0.0054	64.1187
81.1127	0.0000	0.0000	0.0000	0.0000	0.0000	-0.0100	230.5980	0.0000	1.2900	61.2575	NOT CONNECTED	0.0000	500.0000	0.0000	0.0000	0.0000	0.0000	0.0931	0.0533	-1.7674	0.2225	-1.7780	0.1081	0.0000	0.0000	320.9211	0.0000	73.1161	1.7813	0.0055	64.0943
81.2527	0.0000	0.0000	0.0000	0.0000	0.0000	-0.0100	230.5980	0.0000	1.2900	61.2575	NOT CONNECTED	0.0000	500.0000	0.0000	0.0000	0.0000	0.0000	0.0931	0.0533	-1.7674	0.2225	-1.7780	0.1081	0.0000	0.0000	320.9211	0.0000	73.1161	1.7813	0.0055	64.0943
81.7174	0.0000	0.0000	0.0000	0.0000	0.0000	-0.0100	230.5910	0.0000	1.2800	61.2231	NOT CONNECTED	0.0000	500.0000	0.0000	0.0000	0.0000	0.0000	0.0931	0.0533	-1.7674	0.2225	-1.7780	0.1081	0.0000	0.0000	320.8792	0.0000	73.0839	1.7813	0.0056	64.0700
81.9812	0.0000	0.0000	0.0000	0.0000	0.0000	-0.0100	230.5910	0.0000	1.2800	61.2231	NOT CONNECTED	0.0000	500.0000	0.0000	0.0000	0.0000	0.0000	0.0931	0.0533	-1.7674	0.2225	-1.7780	0.1081	0.0000	0.0000	320.8792	0.0000	73.0839	1.7813	0.0056	64.0700
82.3215	NOT CONNECTED	NOT CONNECTED	NOT CONNECTED	NOT CONNECTED	NOT CONNECTED	NOT CONNECTED	NOT CONNECTED	NOT CONNECTED	NOT CONNECTED	NOT CONNECTED	NOT CONNECTED	0.0000	500.0000	0.0000	0.0000	0.0000	0.0000	0.0931	0.0533	-1.7674	0.2225	-1.7780	0.1081	0.0000	0.0000	320.8602	0.0000	73.0539	1.7813	0.0051	64.0700
