Time	speed	torque	motor_current	motor_current_thd	motor_voltage	motor_power	line_voltage	line_current	line_power	motor_temperature	Test_Marker	BD_Target_Speed	BD_Target_Accel	BD_Update_Cmd	Mcl_Quantities.Speed_Rot_Mech	Mcl_Quantities.Torque	Mcl_Quantities.Torque_Ref	Mcl_Quantities.Stator_Flux_Mag	Mcl_Quantities.Flux_Ref	Mcl_Quantities.Id_stator_current	Mcl_Quantities.Iq_stator_current	Mcl_Quantities.Id_rotor_current	Rotor_Curr_Iq	Flux_Controller.Out	Torque_Controller.Out	DC_Bus_RMS	Mcl_Quantities.Electrical_Power	Mcl_Quantities.Stator_Temperature	Mcl_Quantities.Is_Abs	Mcl_Quantities.IsRMS	SR_Overheating_Temp
0.7370	0.0000	-0.0150	0.0000	0.0000	0.0000	-0.0100	230.3880	0.0000	1.3100	66.1776	NOT CONNECTED	NOT CONNECTED	NOT CONNECTED	NOT CONNECTED	NOT CONNECTED	NOT CONNECTED	NOT CONNECTED	NOT CONNECTED	NOT CONNECTED	NOT CONNECTED	NOT CONNECTED	NOT CONNECTED	NOT CONNECTED	NOT CONNECTED	NOT CONNECTED	NOT CONNECTED	NOT CONNECTED	NOT CONNECTED	NOT CONNECTED	NOT CONNECTED	NOT CONNECTED
1.4729	0.0000	-0.0140	0.0000	0.0000	0.0000	-0.0100	230.3890	0.0000	1.3100	66.1566	NOT CONNECTED	NOT CONNECTED	NOT CONNECTED	NOT CONNECTED	NOT CONNECTED	NOT CONNECTED	NOT CONNECTED	NOT CONNECTED	NOT CONNECTED	NOT CONNECTED	NOT CONNECTED	NOT CONNECTED	NOT CONNECTED	NOT CONNECTED	NOT CONNECTED	NOT CONNECTED	NOT CONNECTED	NOT CONNECTED	NOT CONNECTED	NOT CONNECTED	NOT CONNECTED
1.5130	0.0000	-0.0140	0.0000	0.0000	0.0000	-0.0100	230.3890	0.0000	1.3100	66.1566	NOT CONNECTED	0.0000	500.0000	0.0000	0.0000	0.0000	0.0000	0.0931	0.0532	-1.7641	0.2202	-1.7745	0.1071	0.0000	0.0000	320.8332	0.0000	79.7148	1.7778	0.0055	66.7150
2.1208	0.0000	-0.0150	0.0000	0.0000	0.0000	-0.0100	230.3900	0.0000	1.3000	66.1173	NOT CONNECTED	0.0000	500.0000	0.0000	0.0000	0.0000	0.0000	0.0931	0.0532	-1.7641	0.2202	-1.7745	0.1071	0.0000	0.0000	320.7817	0.0000	79.6701	1.7778	0.0053	66.6863
2.2008	0.0000	-0.0150	0.0000	0.0000	0.0000	-0.0100	230.3900	0.0000	1.3000	66.1173	NOT CONNECTED	0.0000	500.0000	0.0000	0.0000	0.0000	0.0000	0.0931	0.0532	-1.7641	0.2202	-1.7745	0.1071	0.0000	0.0000	320.7817	0.0000	79.6701	1.7778	0.0053	66.6863
2.7230	0.0000	-0.0140	0.0000	0.0000	0.0000	-0.0100	230.3900	0.0000	1.3000	66.0463	NOT CONNECTED	0.0000	500.0000	0.0000	0.0000	0.0000	0.0000	0.0931	0.0532	-1.7641	0.2202	-1.7745	0.1071	0.0000	0.0000	320.7696	0.0000	79.6285	1.7778	0.0053	66.6863
2.9433	0.0000	-0.0140	0.0000	0.0000	0.0000	-0.0100	230.3900	0.0000	1.3000	66.0463	NOT CONNECTED	0.0000	500.0000	0.0000	0.0000	0.0000	0.0000	0.0931	0.0532	-1.7641	0.2202	-1.7745	0.1071	0.0000	0.0000	320.7696	0.0000	79.6285	1.7778	0.0053	66.6863
3.3078	0.0000	-0.0140	0.0000	0.0000	0.0000	-0.0100	230.3930	0.0000	1.3100	66.0141	NOT CONNECTED	0.0000	500.0000	0.0000	0.0000	0.0000	0.0000	0.0931	0.0532	-1.7641	0.2202	-1.7745	0.1071	0.0000	0.0000	320.7899	0.0000	79.5895	1.7778	0.0056	66.6576
3.6685	0.0000	-0.0140	0.0000	0.0000	0.0000	-0.0100	230.3930	0.0000	1.3100	66.0141	NOT CONNECTED	0.0000	500.0000	0.0000	0.0000	0.0000	0.0000	0.0931	0.0532	-1.7641	0.2202	-1.7745	0.1071	0.0000	0.0000	320.7966	0.0000	79.5529	1.7778	0.0052	66.6576
3.9003	0.0000	-0.0140	0.0000	0.0000	0.0000	-0.0100	230.3930	0.0000	1.3100	66.0141	NOT CONNECTED	0.0000	500.0000	0.0000	0.0000	0.0000	0.0000	0.0931	0.0532	-1.7641	0.2202	-1.7745	0.1071	0.0000	0.0000	320.7966	0.0000	79.5529	1.7778	0.0052	66.6576
4.4001	0.0000	-0.0150	0.0000	0.0000	0.0000	-0.0100	230.3940	0.0000	1.3000	65.9756	NOT CONNECTED	0.0000	500.0000	0.0000	0.0000	0.0000	0.0000	0.0931	0.0532	-1.7641	0.2202	-1.7745	0.1071	0.0000	0.0000	320.8358	0.0000	79.5185	1.7778	0.0052	66.6289
4.5103	0.0000	-0.0150	0.0000	0.0000	0.0000	-0.0100	230.3940	0.0000	1.3000	65.9756	NOT CONNECTED	0.0000	500.0000	0.0000	0.0000	0.0000	0.0000	0.0931	0.0532	-1.7641	0.2202	-1.7745	0.1071	0.0000	0.0000	320.8358	0.0000	79.5185	1.7778	0.0052	66.6289
5.1024	0.0000	-0.0140	0.0000	0.0000	0.0000	-0.0100	230.3960	0.0000	1.3000	65.9045	NOT CONNECTED	0.0000	500.0000	0.0000	0.0000	0.0000	0.0000	0.0931	0.0532	-1.7641	0.2202	-1.7745	0.1071	0.0000	0.0000	320.7804	0.0000	79.4860	1.7778	0.0052	66.6003
5.1309	0.0000	-0.0140	0.0000	0.0000	0.0000	-0.0100	230.3960	0.0000	1.3000	65.9045	NOT CONNECTED	0.0000	500.0000	0.0000	0.0000	0.0000	0.0000	0.0931	0.0532	-1.7641	0.2202	-1.7745	0.1071	0.0000	0.0000	320.7804	0.0000	79.4860	1.7778	0.0052	66.6003
5.7058	0.0000	-0.0140	0.0000	0.0000	0.0000	-0.0100	230.3980	0.0000	1.2900	65.8736	NOT CONNECTED	0.0000	500.0000	0.0000	0.0000	0.0000	0.0000	0.0931	0.0532	-1.7641	0.2202	-1.7745	0.1071	0.0000	0.0000	320.7980	0.0000	79.4552	1.7778	0.0051	66.6003
5.8660	0.0000	-0.0140	0.0000	0.0000	0.0000	-0.0100	230.3980	0.0000	1.2900	65.8736	NOT CONNECTED	0.0000	500.0000	0.0000	0.0000	0.0000	0.0000	0.0931	0.0532	-1.7641	0.2202	-1.7745	0.1071	0.0000	0.0000	320.7980	0.0000	79.4552	1.7778	0.0051	66.6003
6.3041	0.0000	-0.0140	0.0000	0.0000	0.0000	-0.0100	230.3990	0.0000	1.3000	65.8058	NOT CONNECTED	0.0000	500.0000	0.0000	0.0000	0.0000	0.0000	0.0931	0.0532	-1.7641	0.2202	-1.7745	0.1071	0.0000	0.0000	320.7899	0.0000	79.4259	1.7778	0.0053	66.5718
6.6004	0.0000	-0.0140	0.0000	0.0000	0.0000	-0.0100	230.3990	0.0000	1.3000	65.8058	NOT CONNECTED	0.0000	500.0000	0.0000	0.0000	0.0000	0.0000	0.0931	0.0532	-1.7641	0.2202	-1.7745	0.1071	0.0000	0.0000	320.7899	0.0000	79.4259	1.7778	0.0053	66.5718
6.9015	0.0000	-0.0140	0.0000	0.0000	0.0000	-0.0100	230.3990	0.0000	1.3000	65.8058	NOT CONNECTED	0.0000	500.0000	0.0000	0.0000	0.0000	0.0000	0.0931	0.0532	-1.7641	0.2202	-1.7745	0.1071	0.0000	0.0000	320.7980	0.0000	79.3979	1.7778	0.0053	66.5718
7.3302	0.0000	-0.0140	0.0000	0.0000	0.0000	-0.0100	230.3970	0.0000	1.3100	65.7701	NOT CONNECTED	0.0000	500.0000	0.0000	0.0000	0.0000	0.0000	0.0931	0.0532	-1.7641	0.2202	-1.7745	0.1071	0.0000	0.0000	320.8156	0.0000	79.3712	1.7778	0.0054	66.5433
7.5202	0.0000	-0.0140	0.0000	0.0000	0.0000	-0.0100	230.3970	0.0000	1.3100	65.7701	NOT CONNECTED	0.0000	500.0000	0.0000	0.0000	0.0000	0.0000	0.0931	0.0532	-1.7641	0.2202	-1.7745	0.1071	0.0000	0.0000	320.8156	0.0000	79.3712	1.7778	0.0054	66.5433
8.0660	0.0000	-0.0180	0.0000	0.0000	0.0000	-0.0100	230.3980	0.0000	1.3000	65.7064	NOT CONNECTED	0.0000	500.0000	0.0000	0.0000	0.0000	0.0000	0.0931	0.0532	-1.7641	0.2202	-1.7745	0.1071	0.0000	0.0000	320.7737	0.0000	79.3446	1.7778	0.0056	66.5149
8.1260	0.0000	-0.0180	0.0000	0.0000	0.0000	-0.0100	230.3980	0.0000	1.3000	65.7064	NOT CONNECTED	0.0000	500.0000	0.0000	0.0000	0.0000	0.0000	0.0931	0.0532	-1.7641	0.2202	-1.7745	0.1071	0.0000	0.0000	320.7737	0.0000	79.3446	1.7778	0.0056	66.5149
8.7347	0.0000	-0.0140	0.0000	0.0000	0.0000	-0.0100	230.3980	0.0000	1.3000	65.6549	NOT CONNECTED	0.0000	500.0000	0.0000	0.0000	0.0000	0.0000	0.0931	0.0532	-1.7641	0.2202	-1.7745	0.1071	0.0000	0.0000	320.7642	0.0000	79.3200	1.7778	0.0051	66.5149
8.7938	0.0000	-0.0140	0.0000	0.0000	0.0000	-0.0100	230.3980	0.0000	1.3000	65.6549	NOT CONNECTED	0.0000	500.0000	0.0000	0.0000	0.0000	0.0000	0.0931	0.0532	-1.7641	0.2202	-1.7745	0.1071	0.0000	0.0000	320.7642	0.0000	79.3200	1.7778	0.0051	66.5149
9.3333	0.0000	-0.0150	0.0000	0.0000	0.0000	-0.0100	230.3990	0.0000	1.3000	65.6128	NOT CONNECTED	0.0000	500.0000	0.0000	0.0000	0.0000	0.0000	0.0931	0.0532	-1.7641	0.2202	-1.7745	0.1071	0.0000	0.0000	320.7642	0.0000	79.2964	1.7778	0.0052	66.4865
9.5331	0.0000	-0.0150	0.0000	0.0000	0.0000	-0.0100	230.3990	0.0000	1.3000	65.6128	NOT CONNECTED	0.0000	500.0000	0.0000	0.0000	0.0000	0.0000	0.0931	0.0532	-1.7641	0.2202	-1.7745	0.1071	0.0000	0.0000	320.7642	0.0000	79.2964	1.7778	0.0052	66.4865
9.9237	0.0000	-0.0140	0.0000	0.0000	0.0000	-0.0100	230.3970	0.0000	1.3100	65.5948	NOT CONNECTED	0.0000	500.0000	0.0000	0.0000	0.0000	0.0000	0.0931	0.0532	-1.7641	0.2202	-1.7745	0.1071	0.0000	0.0000	320.8088	0.0000	79.2734	1.7778	0.0052	66.4865
10.2637	0.0000	-0.0140	0.0000	0.0000	0.0000	-0.0100	230.3970	0.0000	1.3100	65.5948	NOT CONNECTED	0.0000	500.0000	0.0000	0.0000	0.0000	0.0000	0.0931	0.0532	-1.7641	0.2202	-1.7745	0.1071	0.0000	0.0000	320.8129	0.0000	79.2513	1.7778	0.0054	66.4581
10.5339	0.0000	-0.0140	0.0000	0.0000	0.0000	-0.0100	230.3970	0.0000	1.3100	65.5948	NOT CONNECTED	0.0000	500.0000	0.0000	0.0000	0.0000	0.0000	0.0931	0.0532	-1.7641	0.2202	-1.7745	0.1071	0.0000	0.0000	320.8129	0.0000	79.2513	1.7778	0.0054	66.4581
10.9994	0.0000	-0.0140	0.0000	0.0000	0.0000	-0.0100	230.3940	0.0000	1.2900	65.5367	NOT CONNECTED	0.0000	500.0000	0.0000	0.0000	0.0000	0.0000	0.0931	0.0532	-1.7641	0.2202	-1.7745	0.1071	0.0000	0.0000	320.7601	0.0000	79.2289	1.7778	0.0051	66.4298
11.1496	0.0000	-0.0140	0.0000	0.0000	0.0000	-0.0100	230.3940	0.0000	1.2900	65.5367	NOT CONNECTED	0.0000	500.0000	0.0000	0.0000	0.0000	0.0000	0.0931	0.0532	-1.7641	0.2202	-1.7745	0.1071	0.0000	0.0000	320.7601	0.0000	79.2289	1.7778	0.0051	66.4298
11.7352	0.0000	-0.0160	0.0000	0.0000	0.0000	-0.0100	230.3930	0.0000	1.3000	65.4889	NOT CONNECTED	0.0000	500.0000	0.0000	0.0000	0.0000	0.0000	0.0931	0.0532	-1.7641	0.2202	-1.7745	0.1071	0.0000	0.0000	320.7791	0.0000	79.2087	1.7778	0.0050	66.4298
11.7455	0.0000	-0.0160	0.0000	0.0000	0.0000	-0.0100	230.3930	0.0000	1.3000	65.4889	NOT CONNECTED	0.0000	500.0000	0.0000	0.0000	0.0000	0.0000	0.0931	0.0532	-1.7641	0.2202	-1.7745	0.1071	0.0000	0.0000	320.7791	0.0000	79.2087	1.7778	0.0050	66.4298
12.3304	0.0000	-0.0140	0.0000	0.0000	0.0000	-0.0100	230.3900	0.0000	1.2900	65.4277	NOT CONNECTED	0.0000	500.0000	0.0000	0.0000	0.0000	0.0000	0.0931	0.0532	-1.7641	0.2202	-1.7745	0.1071	0.0000	0.0000	320.7398	0.0000	79.1882	1.7778	0.0053	66.4016
12.4604	0.0000	-0.0140	0.0000	0.0000	0.0000	-0.0100	230.3900	0.0000	1.2900	65.4277	NOT CONNECTED	0.0000	500.0000	0.0000	0.0000	0.0000	0.0000	0.0931	0.0532	-1.7641	0.2202	-1.7745	0.1071	0.0000	0.0000	320.7398	0.0000	79.1882	1.7778	0.0053	66.4016
12.9220	0.0000	-0.0140	0.0000	0.0000	0.0000	-0.0100	230.3890	0.0000	1.3000	65.3940	NOT CONNECTED	0.0000	500.0000	0.0000	0.0000	0.0000	0.0000	0.0931	0.0532	-1.7641	0.2202	-1.7745	0.1071	0.0000	0.0000	320.7763	0.0000	79.1682	1.7778	0.0054	66.4016
13.1917	0.0000	-0.0140	0.0000	0.0000	0.0000	-0.0100	230.3890	0.0000	1.3000	65.3940	NOT CONNECTED	0.0000	500.0000	0.0000	0.0000	0.0000	0.0000	0.0931	0.0532	-1.7641	0.2202	-1.7745	0.1071	0.0000	0.0000	320.7763	0.0000	79.1682	1.7778	0.0054	66.4016
13.5083	0.0000	-0.0140	0.0000	0.0000	0.0000	-0.0100	230.3890	0.0000	1.3000	65.3940	NOT CONNECTED	0.0000	500.0000	0.0000	0.0000	0.0000	0.0000	0.0931	0.0532	-1.7641	0.2202	-1.7745	0.1071	0.0000	0.0000	320.7763	0.0000	79.1493	1.7778	0.0052	66.3734
14.1050	0.0000	-0.0140	0.0000	0.0000	0.0000	-0.0100	230.3860	0.0000	1.3100	65.3587	NOT CONNECTED	0.0000	500.0000	0.0000	0.0000	0.0000	0.0000	0.0931	0.0532	-1.7641	0.2202	-1.7745	0.1071	0.0000	0.0000	320.7317	0.0000	79.1301	1.7778	0.0052	66.3452
14.1452	0.0000	-0.0140	0.0000	0.0000	0.0000	-0.0100	230.3860	0.0000	1.3100	65.3587	NOT CONNECTED	0.0000	500.0000	0.0000	0.0000	0.0000	0.0000	0.0931	0.0532	-1.7641	0.2202	-1.7745	0.1071	0.0000	0.0000	320.7317	0.0000	79.1301	1.7778	0.0052	66.3452
14.6868	0.0000	-0.0140	0.0000	0.0000	0.0000	-0.0100	230.3860	0.0000	1.3000	65.2893	NOT CONNECTED	0.0000	500.0000	0.0000	0.0000	0.0000	0.0000	0.0931	0.0532	-1.7641	0.2202	-1.7745	0.1071	0.0000	0.0000	320.7642	0.0000	79.1118	1.7778	0.0053	66.3452
14.8764	0.0000	-0.0140	0.0000	0.0000	0.0000	-0.0100	230.3860	0.0000	1.3000	65.2893	NOT CONNECTED	0.0000	500.0000	0.0000	0.0000	0.0000	0.0000	0.0931	0.0532	-1.7641	0.2202	-1.7745	0.1071	0.0000	0.0000	320.7642	0.0000	79.1118	1.7778	0.0053	66.3452
15.2929	0.0000	-0.0140	0.0000	0.0000	0.0000	-0.0100	230.3850	0.0000	1.3000	65.2523	NOT CONNECTED	2000.0000	500.0000	0.0000	0.0000	0.0000	0.0000	0.0931	0.0532	-1.7641	0.2202	-1.7745	0.1071	0.0000	0.0000	320.7466	0.0000	79.0931	1.7778	0.0054	66.3171
15.6092	0.0000	-0.0140	0.0000	0.0000	0.0000	-0.0100	230.3850	0.0000	1.3000	65.2523	NOT CONNECTED	2000.0000	500.0000	0.0000	0.0000	0.0000	0.0000	0.0931	0.0532	-1.7641	0.2202	-1.7745	0.1071	0.0000	0.0000	320.7425	0.0000	79.0748	1.7778	0.0053	66.3171
15.8861	0.0000	-0.0140	0.0000	0.0000	0.0000	-0.0100	230.3850	0.0000	1.3000	65.2523	NOT CONNECTED	2000.0000	500.0000	0.0000	0.0000	0.0000	0.0000	0.0931	0.0532	-1.7641	0.2202	-1.7745	0.1071	0.0000	0.0000	320.7425	0.0000	79.0748	1.7778	0.0053	66.3171
16.3515	0.0000	-0.0140	0.0000	0.0000	0.0000	-0.0100	230.3840	0.0000	1.3000	65.2008	NOT CONNECTED	2000.0000	500.0000	0.0000	0.0000	0.0000	0.0000	0.0931	0.0532	-1.7641	0.2202	-1.7745	0.1071	0.0000	0.0000	320.7614	0.0000	79.0565	1.7778	0.0054	66.2891
16.4920	0.0000	-0.0140	0.0000	0.0000	0.0000	-0.0100	230.3840	0.0000	1.3000	65.2008	NOT CONNECTED	2000.0000	500.0000	0.0000	0.0000	0.0000	0.0000	0.0931	0.0532	-1.7641	0.2202	-1.7745	0.1071	0.0000	0.0000	320.7614	0.0000	79.0565	1.7778	0.0054	66.2891
17.0768	0.0000	-0.0140	0.0000	0.0000	0.0000	-0.0100	230.3830	0.0000	1.3000	65.1809	NOT CONNECTED	2000.0000	500.0000	0.0000	0.0000	0.0000	0.0000	0.0931	0.0532	-1.7641	0.2202	-1.7745	0.1071	0.0000	0.0000	320.7344	0.0000	79.0383	1.7778	0.0053	66.2611
17.0819	0.0000	-0.0140	0.0000	0.0000	0.0000	-0.0100	230.3830	0.0000	1.3000	65.1809	NOT CONNECTED	2000.0000	500.0000	0.0000	0.0000	0.0000	0.0000	0.0931	0.0532	-1.7641	0.2202	-1.7745	0.1071	0.0000	0.0000	320.7344	0.0000	79.0383	1.7778	0.0053	66.2611
17.6669	0.0000	-0.0150	0.0000	0.0000	0.0000	-0.0100	230.3830	0.0000	1.3000	65.1102	NOT CONNECTED	2000.0000	500.0000	0.0000	0.0000	0.0000	0.0000	0.0931	0.0532	-1.7641	0.2202	-1.7745	0.1071	0.0000	0.0000	320.7493	0.0000	79.0214	1.7778	0.0052	66.2611
17.8178	0.0000	-0.0150	0.0000	0.0000	0.0000	-0.0100	230.3830	0.0000	1.3000	65.1102	NOT CONNECTED	2000.0000	500.0000	0.0000	0.0000	0.0000	0.0000	0.0931	0.0532	-1.7641	0.2202	-1.7745	0.1071	0.0000	0.0000	320.7493	0.0000	79.0214	1.7778	0.0052	66.2611
18.2582	0.0000	-0.0160	0.0000	0.0000	0.0000	-0.0100	230.3860	0.0000	1.3000	65.0678	NOT CONNECTED	2000.0000	500.0000	0.0000	0.0000	0.0000	0.0000	0.0931	0.0532	-1.7641	0.2202	-1.7745	0.1071	0.0000	0.0000	320.7384	0.0000	79.0038	1.7778	0.0054	66.2331
18.5479	0.0000	-0.0160	0.0000	0.0000	0.0000	-0.0100	230.3860	0.0000	1.3000	65.0678	NOT CONNECTED	2000.0000	500.0000	0.0000	0.0000	0.0000	0.0000	0.0931	0.0532	-1.7641	0.2202	-1.7745	0.1071	0.0000	0.0000	320.7384	0.0000	79.0038	1.7778	0.0054	66.2331
18.8519	0.0000	-0.0160	0.0000	0.0000	0.0000	-0.0100	230.3860	0.0000	1.3000	65.0678	NOT CONNECTED	2000.0000	500.0000	0.0000	0.0000	0.0000	0.0000	0.0931	0.0532	-1.7641	0.2202	-1.7745	0.1071	0.0000	0.0000	320.7398	0.0000	78.9863	1.7778	0.0053	66.2331
19.2819	0.0000	-0.0140	0.0000	0.0000	0.0000	-0.0100	230.3860	0.0000	1.3000	64.9979	NOT CONNECTED	2000.0000	500.0000	0.0000	0.0000	0.0000	0.0000	0.0931	0.0532	-1.7641	0.2202	-1.7745	0.1071	0.0000	0.0000	320.7398	0.0000	78.9863	1.7778	0.0053	66.2331
20.0123	16.0000	-0.0030	0.0000	0.0000	0.0000	-0.0100	230.3900	0.0304	1.6200	65.0240	NOT CONNECTED	2000.0000	500.0000	0.0000	0.1009	-0.0199	0.0000	0.1537	0.0532	2.0348	-0.0213	1.9985	-0.0352	15.2250	0.0000	308.1893	46.3240	78.9656	2.0149	1.2805	66.1784
20.5869	0.0000	0.0000	1.3165	0.0000	13.5000	40.3700	230.3560	0.3826	53.2000	64.9823	NOT CONNECTED	2000.0000	500.0000	0.0000	0.1709	-0.0349	0.0000	0.1711	0.0532	3.0101	-0.0347	3.0212	-0.0848	21.9099	0.0000	301.3416	99.0936	79.2248	3.0103	1.6288	66.1784
20.7469	0.0000	0.0000	1.3165	0.0000	13.5000	40.3700	230.3560	0.3826	53.2000	64.9823	NOT CONNECTED	2000.0000	500.0000	0.0000	0.1709	-0.0349	0.0000	0.1711	0.0532	3.0101	-0.0347	3.0212	-0.0848	21.9099	0.0000	301.3416	99.0936	79.2248	3.0103	1.6288	66.1784
21.1827	0.0000	0.0000	2.0229	0.0000	20.7940	95.2400	230.3390	0.7858	120.2200	65.1530	NOT CONNECTED	2000.0000	500.0000	0.0000	-0.2150	-0.0374	0.0000	0.1716	0.0532	3.0221	-0.0343	3.0293	-0.0761	22.0499	0.0000	301.1205	100.4736	79.7495	3.0343	2.1526	66.2710
21.4730	0.0000	0.0000	2.0229	0.0000	20.7940	95.2400	230.3390	0.7858	120.2200	65.1530	NOT CONNECTED	2000.0000	500.0000	0.0000	0.1948	-0.0186	0.0000	0.1409	0.0532	0.9831	-0.0216	0.9709	-0.0246	8.4499	0.0000	315.3923	12.3471	80.1770	0.9753	1.1264	66.2710
21.7589	0.0000	0.0000	2.0229	0.0000	20.7940	95.2400	230.3390	0.7858	120.2200	65.1530	NOT CONNECTED	2000.0000	500.0000	0.0000	0.1948	-0.0186	0.0000	0.1409	0.0532	0.9831	-0.0216	0.9709	-0.0246	8.4499	0.0000	315.3923	12.3471	80.1770	0.9753	1.1264	66.2710
22.1981	0.0000	-0.0010	0.8897	0.0000	9.0080	18.2800	230.4180	0.2745	32.9900	65.3704	NOT CONNECTED	2000.0000	500.0000	0.0000	89.5516	0.2120	0.2245	0.1119	0.1117	1.0183	0.3117	0.9843	0.4303	8.1522	9.0733	314.5278	15.6104	80.4768	1.0739	0.7345	66.4783
22.3481	0.0000	-0.0010	0.8897	0.0000	9.0080	18.2800	230.4180	0.2745	32.9900	65.3704	NOT CONNECTED	2000.0000	500.0000	0.0000	89.5516	0.2120	0.2245	0.1119	0.1117	1.0183	0.3117	0.9843	0.4303	8.1522	9.0733	314.5278	15.6104	80.4768	1.0739	0.7345	66.4783
22.9735	256.0000	-0.1220	0.6548	0.0000	8.2650	10.5100	230.4160	0.1449	17.7700	65.6294	NOT CONNECTED	2000.0000	500.0000	0.0000	712.4587	0.1459	0.1250	0.0933	0.0936	0.1796	0.2576	0.1783	0.2378	1.0996	30.6650	315.4546	11.2688	80.2995	0.2989	0.2035	66.4830
23.5442	642.0000	-0.1100	0.1975	0.0000	22.0680	6.3300	230.4130	0.1002	11.7300	65.8739	NOT CONNECTED	2000.0000	500.0000	0.0000	712.4587	0.1459	0.1250	0.0933	0.0936	0.1796	0.2576	0.1783	0.2378	1.0996	30.6650	315.4546	11.2688	80.2995	0.2989	0.2035	66.4830
23.7044	642.0000	-0.1100	0.1975	0.0000	22.0680	6.3300	230.4130	0.1002	11.7300	65.8739	NOT CONNECTED	2000.0000	500.0000	0.0000	712.4587	0.1459	0.1250	0.0933	0.0936	0.1796	0.2576	0.1783	0.2378	1.0996	30.6650	315.4546	11.2688	80.2995	0.2989	0.2035	66.4830
24.1339	1006.0000	-0.1100	0.2036	0.0000	46.0350	13.8500	230.4180	0.1612	20.0500	65.9754	NOT CONNECTED	2000.0000	500.0000	0.0000	996.7328	0.1588	0.1833	0.0936	0.0936	0.1141	0.2648	0.1527	0.3051	1.0381	42.3691	314.3289	15.7095	80.1855	0.3228	0.2071	66.4588
24.4823	1006.0000	-0.1100	0.2036	0.0000	46.0350	13.8500	230.4180	0.1612	20.0500	65.9754	NOT CONNECTED	2000.0000	500.0000	0.0000	1295.6415	0.1682	0.1845	0.0937	0.0936	0.1414	0.2977	0.1084	0.3000	0.8652	54.3265	313.1113	20.6640	80.0827	0.3223	0.2102	66.4588
24.7428	1006.0000	-0.1100	0.2036	0.0000	46.0350	13.8500	230.4180	0.1612	20.0500	65.9754	NOT CONNECTED	2000.0000	500.0000	0.0000	1295.6415	0.1682	0.1845	0.0937	0.0936	0.1414	0.2977	0.1084	0.3000	0.8652	54.3265	313.1113	20.6640	80.0827	0.3223	0.2102	66.4588
25.2231	1402.0000	-0.1100	0.2068	0.0000	57.9220	17.8600	230.4210	0.1926	24.4400	66.0992	NOT CONNECTED	2000.0000	500.0000	0.0000	1602.1705	0.1471	0.1541	0.0935	0.0935	0.1675	0.2551	0.1479	0.2784	1.0007	66.3714	312.1142	25.5245	79.9899	0.3122	0.2124	66.4334
25.3331	1402.0000	-0.1100	0.2068	0.0000	57.9220	17.8600	230.4210	0.1926	24.4400	66.0992	NOT CONNECTED	2000.0000	500.0000	0.0000	1602.1705	0.1471	0.1541	0.0935	0.0935	0.1675	0.2551	0.1479	0.2784	1.0007	66.3714	312.1142	25.5245	79.9899	0.3122	0.2124	66.4334
25.9393	1772.0000	-0.1100	0.2124	0.0000	81.9700	26.3100	230.4270	0.2551	33.6500	66.1882	NOT CONNECTED	2000.0000	500.0000	0.0000	1904.7373	0.1519	0.1563	0.0935	0.0935	0.0859	0.2747	0.1223	0.3131	0.8514	77.8916	311.0728	30.5725	79.9060	0.3008	0.2164	66.4334
25.9691	1772.0000	-0.1100	0.2124	0.0000	81.9700	26.3100	230.4270	0.2551	33.6500	66.1882	NOT CONNECTED	2000.0000	500.0000	0.0000	1904.7373	0.1519	0.1563	0.0935	0.0935	0.0859	0.2747	0.1223	0.3131	0.8514	77.8916	311.0728	30.5725	79.9060	0.3008	0.2164	66.4334
26.5350	2015.0000	-0.0350	0.2163	0.0000	94.1330	30.9300	230.4300	0.2873	38.5100	66.1502	NOT CONNECTED	2000.0000	500.0000	0.0000	2018.9595	0.0102	0.0226	0.0927	0.0927	0.0562	0.0217	0.2825	0.2205	0.6692	79.7380	314.8445	10.9296	79.8294	0.3460	0.1601	66.4087
26.7161	2015.0000	-0.0350	0.2163	0.0000	94.1330	30.9300	230.4300	0.2873	38.5100	66.1502	NOT CONNECTED	2000.0000	500.0000	0.0000	2018.9595	0.0102	0.0226	0.0927	0.0927	0.0562	0.0217	0.2825	0.2205	0.6692	79.7380	314.8445	10.9296	79.8294	0.3460	0.1601	66.4087
27.1224	2005.0000	-0.0430	0.1644	0.0000	96.7920	12.3800	230.4450	0.1602	19.7900	66.1879	NOT CONNECTED	2000.0000	500.0000	0.0000	1999.4082	0.0106	0.0704	0.0931	0.0928	0.3371	0.0071	0.3957	0.0671	-0.2457	77.5166	314.4453	14.3421	79.7573	0.3592	0.1665	66.3839
27.4767	2005.0000	-0.0430	0.1644	0.0000	96.7920	12.3800	230.4450	0.1602	19.7900	66.1879	NOT CONNECTED	2000.0000	500.0000	0.0000	2015.0039	0.0317	0.0172	0.0927	0.0929	0.3822	0.0533	0.3331	0.1882	-0.2173	76.8956	314.4589	13.8595	79.6950	0.3961	0.1853	66.3839
27.7182	2005.0000	-0.0430	0.1644	0.0000	96.7920	12.3800	230.4450	0.1602	19.7900	66.1879	NOT CONNECTED	2000.0000	500.0000	0.0000	2015.0039	0.0317	0.0172	0.0927	0.0929	0.3822	0.0533	0.3331	0.1882	-0.2173	76.8956	314.4589	13.8595	79.6950	0.3961	0.1853	66.3839
28.1980	2009.0000	-0.0440	0.1766	0.0000	96.7670	13.0100	230.4460	0.1650	20.4900	66.1795	NOT CONNECTED	2000.0000	500.0000	0.0000	2023.5083	0.0177	-0.0000	0.0927	0.0928	0.3485	0.0168	0.2035	0.0801	-0.6270	77.3069	314.3993	13.9184	79.6359	0.2682	0.1848	66.3587
28.3038	2009.0000	-0.0440	0.1766	0.0000	96.7670	13.0100	230.4460	0.1650	20.4900	66.1795	NOT CONNECTED	2000.0000	500.0000	0.0000	2023.5083	0.0177	-0.0000	0.0927	0.0928	0.3485	0.0168	0.2035	0.0801	-0.6270	77.3069	314.3993	13.9184	79.6359	0.2682	0.1848	66.3587
28.8942	2004.0000	-0.0420	0.1766	0.0000	96.8210	12.9000	230.4500	0.1648	20.4600	66.0895	NOT CONNECTED	2000.0000	500.0000	0.0000	2019.2930	0.0021	0.0033	0.0928	0.0927	0.2408	-0.0050	-0.0617	0.1465	0.2839	77.0586	314.4805	13.2195	79.5839	0.0232	0.1841	66.3587
28.9742	2004.0000	-0.0420	0.1766	0.0000	96.8210	12.9000	230.4500	0.1648	20.4600	66.0895	NOT CONNECTED	2000.0000	500.0000	0.0000	2019.2930	0.0021	0.0033	0.0928	0.0927	0.2408	-0.0050	-0.0617	0.1465	0.2839	77.0586	314.4805	13.2195	79.5839	0.0232	0.1841	66.3587
29.4895	2007.0000	-0.0430	0.1789	0.0000	96.8410	12.8300	230.4520	0.1636	20.2900	66.0854	NOT CONNECTED	2000.0000	500.0000	0.0000	1989.1236	0.1426	0.1182	0.0933	0.0934	0.0399	0.2463	0.2593	0.0241	1.0072	79.2726	314.4507	12.0131	79.5341	0.3014	0.1835	66.3337
29.8134	2007.0000	-0.0430	0.1789	0.0000	96.8410	12.8300	230.4520	0.1636	20.2900	66.0854	NOT CONNECTED	2000.0000	500.0000	0.0000	2020.5490	0.1164	-0.0000	0.0928	0.0934	0.2678	0.2017	-0.0193	0.2598	1.7619	81.0438	314.4467	13.4506	79.4881	0.0278	0.1863	66.3088
30.0731	2007.0000	-0.0430	0.1789	0.0000	96.8410	12.8300	230.4520	0.1636	20.2900	66.0854	NOT CONNECTED	2000.0000	500.0000	0.0000	2020.5490	0.1164	-0.0000	0.0928	0.0934	0.2678	0.2017	-0.0193	0.2598	1.7619	81.0438	314.4467	13.4506	79.4881	0.0278	0.1863	66.3088
30.5450	2007.0000	-0.0430	0.1779	0.0000	96.8360	12.8800	230.4530	0.1643	20.3500	66.0348	NOT CONNECTED	2000.0000	500.0000	0.0000	1994.5885	0.0401	0.0975	0.0931	0.0929	0.3823	0.0471	0.3242	0.0747	-0.2148	78.1077	314.4860	14.1341	79.4474	0.3188	0.1839	66.3088
30.6710	2007.0000	-0.0430	0.1779	0.0000	96.8360	12.8800	230.4530	0.1643	20.3500	66.0348	NOT CONNECTED	2000.0000	500.0000	0.0000	1994.5885	0.0401	0.0975	0.0931	0.0929	0.3823	0.0471	0.3242	0.0747	-0.2148	78.1077	314.4860	14.1341	79.4474	0.3188	0.1839	66.3088
31.2612	2007.0000	-0.0410	0.1768	0.0000	96.8340	12.9000	230.4530	0.1645	20.3700	65.9910	NOT CONNECTED	2000.0000	500.0000	0.0000	1995.0730	0.1187	0.0957	0.0931	0.0934	-0.0611	0.2296	0.3384	0.0157	1.9384	81.6990	314.4061	11.9233	79.4080	0.3505	0.1862	66.2839
31.2814	2007.0000	-0.0410	0.1768	0.0000	96.8340	12.9000	230.4530	0.1645	20.3700	65.9910	NOT CONNECTED	2000.0000	500.0000	0.0000	1995.0730	0.1187	0.0957	0.0931	0.0934	-0.0611	0.2296	0.3384	0.0157	1.9384	81.6990	314.4061	11.9233	79.4080	0.3505	0.1862	66.2839
31.8597	2007.0000	-0.0430	0.1765	0.0000	96.8280	12.9100	230.4530	0.1650	20.4100	65.9076	NOT CONNECTED	2000.0000	500.0000	0.0000	1990.5954	0.0142	0.1129	0.0933	0.0928	0.2743	0.0252	0.2524	0.0117	0.6022	77.3635	314.3370	13.8360	79.3713	0.3030	0.1848	66.2839
32.1097	2007.0000	-0.0430	0.1765	0.0000	96.8280	12.9100	230.4530	0.1650	20.4100	65.9076	NOT CONNECTED	2000.0000	500.0000	0.0000	1990.5954	0.0142	0.1129	0.0933	0.0928	0.2743	0.0252	0.2524	0.0117	0.6022	77.3635	314.3370	13.8360	79.3713	0.3030	0.1848	66.2839
32.8415	2005.0000	-0.0480	0.1756	0.0000	96.8290	13.1700	230.4510	0.1661	20.6500	65.8741	NOT CONNECTED	2000.0000	500.0000	0.0000	1993.2041	0.1095	0.1020	0.0933	0.0933	0.2993	0.1872	0.2945	0.0075	-0.4102	77.9133	314.0651	15.6629	79.3102	0.3408	0.1823	66.2591
32.9419	2005.0000	-0.0480	0.1756	0.0000	96.8290	13.1700	230.4510	0.1661	20.6500	65.8741	NOT CONNECTED	2000.0000	500.0000	0.0000	1993.2041	0.1095	0.1020	0.0933	0.0933	0.2993	0.1872	0.2945	0.0075	-0.4102	77.9133	314.0651	15.6629	79.3102	0.3408	0.1823	66.2591
33.5325	2005.0000	-0.0530	0.1767	0.0000	96.8260	14.2900	230.4500	0.1740	21.7400	65.7835	NOT CONNECTED	2000.0000	500.0000	0.0000	2005.5735	0.0405	0.0522	0.0930	0.0929	-0.0848	0.0899	-0.0617	0.0498	0.7625	78.6309	313.8026	14.3784	79.2809	0.0997	0.1829	66.2343
33.7125	2005.0000	-0.0530	0.1767	0.0000	96.8260	14.2900	230.4500	0.1740	21.7400	65.7835	NOT CONNECTED	2000.0000	500.0000	0.0000	2005.5735	0.0405	0.0522	0.0930	0.0929	-0.0848	0.0899	-0.0617	0.0498	0.7625	78.6309	313.8026	14.3784	79.2809	0.0997	0.1829	66.2343
34.1190	1996.0000	-0.0590	0.1530	0.0000	97.2480	17.8200	230.4480	0.1968	25.1100	65.7172	NOT CONNECTED	2000.0000	500.0000	0.0000	1999.5540	0.0661	0.0809	0.0931	0.0930	0.1564	0.1009	0.1908	0.1968	-0.0507	78.1125	313.2196	18.5221	79.2518	0.2472	0.1553	66.2095
34.4790	1996.0000	-0.0590	0.1530	0.0000	97.2480	17.8200	230.4480	0.1968	25.1100	65.7172	NOT CONNECTED	2000.0000	500.0000	0.0000	1996.8651	0.0855	0.1049	0.0933	0.0931	0.1596	0.1568	0.0532	0.2019	0.3652	78.6277	312.4998	21.4039	79.2246	0.2071	0.1661	66.2095
34.7192	1996.0000	-0.0590	0.1530	0.0000	97.2480	17.8200	230.4480	0.1968	25.1100	65.7172	NOT CONNECTED	2000.0000	500.0000	0.0000	1996.8651	0.0855	0.1049	0.0933	0.0931	0.1596	0.1568	0.0532	0.2019	0.3652	78.6277	312.4998	21.4039	79.2246	0.2071	0.1661	66.2095
35.2054	2002.0000	-0.0870	0.1631	0.0000	97.4150	20.7000	230.4450	0.2169	27.9800	65.6569	NOT CONNECTED	2000.0000	500.0000	0.0000	2003.3778	0.1018	0.0946	0.0932	0.0932	0.1028	0.1814	0.1152	0.2361	1.7474	80.0603	311.9290	24.1936	79.1983	0.2175	0.1781	66.1842
35.3105	2002.0000	-0.0870	0.1631	0.0000	97.4150	20.7000	230.4450	0.2169	27.9800	65.6569	NOT CONNECTED	2000.0000	500.0000	0.0000	2003.3778	0.1018	0.0946	0.0932	0.0932	0.1028	0.1814	0.1152	0.2361	1.7474	80.0603	311.9290	24.1936	79.1983	0.2175	0.1781	66.1842
35.8918	1999.0000	-0.1070	0.1845	0.0000	97.7330	25.4800	230.4430	0.2505	33.0200	65.6050	NOT CONNECTED	2000.0000	500.0000	0.0000	1997.2046	0.1289	0.1326	0.0934	0.0934	0.1953	0.2212	0.1431	0.2570	1.4618	78.2771	311.2215	29.3055	79.1740	0.2851	0.1950	66.1842
36.0516	1999.0000	-0.1070	0.1845	0.0000	97.7330	25.4800	230.4430	0.2505	33.0200	65.6050	NOT CONNECTED	2000.0000	500.0000	0.0000	1997.2046	0.1289	0.1326	0.0934	0.0934	0.1953	0.2212	0.1431	0.2570	1.4618	78.2771	311.2215	29.3055	79.1740	0.2851	0.1950	66.1842
36.4962	1994.0000	-0.1420	0.2052	0.0000	97.8970	29.9200	230.4410	0.2798	37.4700	65.5278	NOT CONNECTED	2000.0000	500.0000	0.0000	1993.1725	0.1446	0.1738	0.0937	0.0935	0.0877	0.2622	0.0846	0.3126	0.7178	81.0817	310.0786	34.7014	79.1530	0.3251	0.2234	66.1595
36.7962	1994.0000	-0.1420	0.2052	0.0000	97.8970	29.9200	230.4410	0.2798	37.4700	65.5278	NOT CONNECTED	2000.0000	500.0000	0.0000	1999.8427	0.1771	0.1688	0.0936	0.0937	0.1517	0.3115	0.1167	0.3217	1.1095	80.2928	309.5119	38.6101	79.1338	0.3596	0.2413	66.1355
37.0778	1994.0000	-0.1420	0.2052	0.0000	97.8970	29.9200	230.4410	0.2798	37.4700	65.5278	NOT CONNECTED	2000.0000	500.0000	0.0000	1999.8427	0.1771	0.1688	0.0936	0.0937	0.1517	0.3115	0.1167	0.3217	1.1095	80.2928	309.5119	38.6101	79.1338	0.3596	0.2413	66.1355
37.6376	1995.0000	-0.1620	0.2446	0.0000	98.3590	37.8400	230.4410	0.3349	45.9200	65.5079	NOT CONNECTED	2000.0000	500.0000	0.0000	1996.2232	0.2263	0.2075	0.0938	0.0939	0.1761	0.4026	0.0319	0.3953	0.3845	80.1868	308.3962	46.4850	79.1164	0.3729	0.2807	66.1355
37.6641	1995.0000	-0.1620	0.2446	0.0000	98.3590	37.8400	230.4410	0.3349	45.9200	65.5079	NOT CONNECTED	2000.0000	500.0000	0.0000	1996.2232	0.2263	0.2075	0.0938	0.0939	0.1761	0.4026	0.0319	0.3953	0.3845	80.1868	308.3962	46.4850	79.1164	0.3729	0.2807	66.1355
38.2449	1995.0000	-0.1620	0.2446	0.0000	98.3590	37.8400	230.4410	0.3349	45.9200	65.5079	NOT CONNECTED	2000.0000	500.0000	0.0000	1999.7494	0.2327	0.2206	0.0939	0.0939	0.1608	0.4129	0.1117	0.4169	1.1415	79.0593	307.6985	50.6527	79.1029	0.4164	0.3050	66.1129
38.8637	1997.0000	-0.2190	0.2997	0.0000	98.8500	48.3600	230.4360	0.4058	57.1500	65.3879	0.0000	2000.0000	500.0000	0.0000	1998.3650	0.2460	0.2408	0.0940	0.0940	0.1556	0.4274	0.0925	0.4251	0.8821	81.5985	307.3497	52.6139	79.0909	0.4869	0.3145	66.1129
38.8826	1997.0000	-0.2190	0.2997	0.0000	98.8500	48.3600	230.4360	0.4058	57.1500	65.3879	0.0000	2000.0000	500.0000	0.0000	1998.3650	0.2460	0.2408	0.0940	0.0940	0.1556	0.4274	0.0925	0.4251	0.8821	81.5985	307.3497	52.6139	79.0909	0.4869	0.3145	66.1129
39.4624	2001.0000	-0.2220	0.3238	0.0000	99.2050	52.9000	230.4380	0.4360	61.9500	65.3713	0.0000	2000.0000	500.0000	0.0000	1999.0142	0.2702	0.2505	0.0941	0.0941	0.1116	0.4812	0.0886	0.4421	1.5900	83.3736	307.0252	54.8998	79.0800	0.4806	0.3290	66.0921
39.6322	2001.0000	-0.2220	0.3238	0.0000	99.2050	52.9000	230.4380	0.4360	61.9500	65.3713	0.0000	2000.0000	500.0000	0.0000	1999.0142	0.2702	0.2505	0.0941	0.0941	0.1116	0.4812	0.0886	0.4421	1.5900	83.3736	307.0252	54.8998	79.0800	0.4806	0.3290	66.0921
40.0528	1997.0000	-0.2300	0.3342	0.0000	99.3330	54.8300	230.4380	0.4493	64.0300	65.2761	0.0000	2000.0000	500.0000	0.0000	1998.0166	0.2806	0.2630	0.0942	0.0942	0.1155	0.5020	0.0846	0.5008	0.9847	81.8567	306.8347	56.6175	79.0702	0.5029	0.3414	66.0722
40.3630	1997.0000	-0.2300	0.3342	0.0000	99.3330	54.8300	230.4380	0.4493	64.0300	65.2761	0.0000	2000.0000	500.0000	0.0000	2000.2754	0.2609	0.2579	0.0941	0.0941	0.1681	0.4555	0.0678	0.4517	1.6007	82.4951	306.8184	57.0987	79.0606	0.4613	0.3433	66.0722
40.6581	1997.0000	-0.2300	0.3342	0.0000	99.3330	54.8300	230.4380	0.4493	64.0300	65.2761	0.0000	2000.0000	500.0000	0.0000	2000.2754	0.2609	0.2579	0.0941	0.0941	0.1681	0.4555	0.0678	0.4517	1.6007	82.4951	306.8184	57.0987	79.0606	0.4613	0.3433	66.0722
41.1149	1999.0000	-0.2310	0.3424	0.0000	99.5010	56.3500	230.4430	0.4601	65.8000	65.2244	0.0000	2000.0000	500.0000	0.0000	2000.5330	0.2639	0.2561	0.0941	0.0941	0.1673	0.4616	0.1160	0.4756	0.8042	84.7403	306.8373	57.2411	79.0509	0.4886	0.3453	66.0531
41.2548	1999.0000	-0.2310	0.3424	0.0000	99.5010	56.3500	230.4430	0.4601	65.8000	65.2244	0.0000	2000.0000	500.0000	0.0000	2000.5330	0.2639	0.2561	0.0941	0.0941	0.1673	0.4616	0.1160	0.4756	0.8042	84.7403	306.8373	57.2411	79.0509	0.4886	0.3453	66.0531
41.8557	2002.0000	-0.2340	0.3437	0.0000	99.4670	56.6500	230.4460	0.4614	66.0100	65.1909	1.0000	2000.0000	500.0000	0.0000	1998.4178	0.2722	0.2670	0.0941	0.0942	0.0950	0.4917	0.0751	0.4655	0.6725	82.8425	306.8468	56.5611	79.0406	0.4986	0.3440	66.0531
41.8633	2002.0000	-0.2340	0.3437	0.0000	99.4670	56.6500	230.4460	0.4614	66.0100	65.1909	1.0000	2000.0000	500.0000	0.0000	1998.4178	0.2722	0.2670	0.0941	0.0942	0.0950	0.4917	0.0751	0.4655	0.6725	82.8425	306.8468	56.5611	79.0406	0.4986	0.3440	66.0531
42.4637	2002.0000	-0.2310	0.3438	0.0000	99.5420	56.6200	230.4500	0.4621	66.0300	65.1032	1.0000	2000.0000	500.0000	0.0000	2001.2894	0.2446	0.2558	0.0941	0.0940	0.1472	0.4385	0.0786	0.4668	0.6016	82.2589	306.9322	56.8953	79.0304	0.4736	0.3454	66.0341
42.7231	2002.0000	-0.2310	0.3438	0.0000	99.5420	56.6200	230.4500	0.4621	66.0300	65.1032	1.0000	2000.0000	500.0000	0.0000	2001.2894	0.2446	0.2558	0.0941	0.0940	0.1472	0.4385	0.0786	0.4668	0.6016	82.2589	306.9322	56.8953	79.0304	0.4736	0.3454	66.0341
43.0539	2002.0000	-0.2310	0.3438	0.0000	99.5420	56.6200	230.4500	0.4621	66.0300	65.1032	1.0000	2000.0000	500.0000	0.0000	2000.3043	0.2448	0.2602	0.0941	0.0940	0.1840	0.4281	0.1114	0.4721	0.3348	79.7134	306.9376	57.3002	79.0199	0.5021	0.3461	66.0151
43.4809	1998.0000	-0.2340	0.3449	0.0000	99.5340	56.8200	230.4560	0.4630	66.2000	65.0414	1.0000	2000.0000	500.0000	0.0000	1994.4681	0.2661	0.2822	0.0942	0.0942	0.1796	0.4657	0.0224	0.4500	1.1606	83.3078	306.9510	57.3464	79.0089	0.4907	0.3455	66.0151
43.6439	1998.0000	-0.2340	0.3449	0.0000	99.5340	56.8200	230.4560	0.4630	66.2000	65.0414	1.0000	2000.0000	500.0000	0.0000	1994.4681	0.2661	0.2822	0.0942	0.0942	0.1796	0.4657	0.0224	0.4500	1.1606	83.3078	306.9510	57.3464	79.0089	0.4907	0.3455	66.0151
44.2132	2002.0000	-0.2350	0.3443	0.0000	99.5330	56.7200	230.4600	0.4623	66.0800	65.0299	1.0000	2000.0000	500.0000	0.0000	1998.7685	0.2496	0.2654	0.0942	0.0940	0.1301	0.4329	0.0407	0.4948	1.8761	82.2289	307.0268	56.7514	78.9984	0.4798	0.3452	65.9962
44.2455	2002.0000	-0.2350	0.3443	0.0000	99.5330	56.7200	230.4600	0.4623	66.0800	65.0299	1.0000	2000.0000	500.0000	0.0000	1998.7685	0.2496	0.2654	0.0942	0.0940	0.1301	0.4329	0.0407	0.4948	1.8761	82.2289	307.0268	56.7514	78.9984	0.4798	0.3452	65.9962
44.8421	2000.0000	-0.2340	0.3440	0.0000	99.5380	56.6500	230.4660	0.4617	65.9600	65.0044	1.0000	2000.0000	500.0000	0.0000	1998.2925	0.2561	0.2672	0.0941	0.0941	0.1536	0.4454	0.0720	0.4891	0.5663	80.1034	307.0106	57.0007	78.9868	0.4919	0.3444	65.9962
44.9721	2000.0000	-0.2340	0.3440	0.0000	99.5380	56.6500	230.4660	0.4617	65.9600	65.0044	1.0000	2000.0000	500.0000	0.0000	1998.2925	0.2561	0.2672	0.0941	0.0941	0.1536	0.4454	0.0720	0.4891	0.5663	80.1034	307.0106	57.0007	78.9868	0.4919	0.3444	65.9962
45.4413	2003.0000	-0.2330	0.3439	0.0000	99.5410	56.6400	230.4680	0.4618	65.9500	64.9589	1.0000	2000.0000	500.0000	0.0000	1999.4066	0.2659	0.2625	0.0940	0.0941	0.1846	0.4708	0.0781	0.4559	0.8910	81.6116	307.0593	57.3152	78.9751	0.4923	0.3449	65.9773
45.7111	2003.0000	-0.2330	0.3439	0.0000	99.5410	56.6400	230.4680	0.4618	65.9500	64.9589	1.0000	2000.0000	500.0000	0.0000	1999.4066	0.2659	0.2625	0.0940	0.0941	0.1846	0.4708	0.0781	0.4559	0.8910	81.6116	307.0593	57.3152	78.9751	0.4923	0.3449	65.9773
46.0360	2003.0000	-0.2330	0.3439	0.0000	99.5410	56.6400	230.4680	0.4618	65.9500	64.9589	1.0000	2000.0000	500.0000	0.0000	1999.8199	0.2421	0.2612	0.0940	0.0940	0.1514	0.4357	0.0827	0.4782	0.5588	84.3490	307.0917	56.7493	78.9634	0.4900	0.3452	65.9584
46.4760	2000.0000	-0.2330	0.3438	0.0000	99.5200	56.6400	230.4700	0.4620	66.0000	64.9511	1.0000	2000.0000	500.0000	0.0000	2001.0768	0.2513	0.2570	0.0940	0.0941	0.1878	0.4350	0.1118	0.4425	1.7730	82.5884	307.0322	57.4551	78.9517	0.4722	0.3452	65.9584
46.6261	2000.0000	-0.2330	0.3438	0.0000	99.5200	56.6400	230.4700	0.4620	66.0000	64.9511	1.0000	2000.0000	500.0000	0.0000	2001.0768	0.2513	0.2570	0.0940	0.0941	0.1878	0.4350	0.1118	0.4425	1.7730	82.5884	307.0322	57.4551	78.9517	0.4722	0.3452	65.9584
47.2067	1997.0000	-0.2330	0.3443	0.0000	99.5330	56.7300	230.4710	0.4622	66.0500	64.8728	1.0000	2000.0000	500.0000	0.0000	1998.5782	0.2670	0.2667	0.0941	0.0941	0.1112	0.4758	0.0836	0.4629	1.2125	81.4185	307.1000	56.9325	78.9405	0.4988	0.3457	65.9396
47.2167	1997.0000	-0.2330	0.3443	0.0000	99.5330	56.7300	230.4710	0.4622	66.0500	64.8728	1.0000	2000.0000	500.0000	0.0000	1998.5782	0.2670	0.2667	0.0941	0.0941	0.1112	0.4758	0.0836	0.4629	1.2125	81.4185	307.1000	56.9325	78.9405	0.4988	0.3457	65.9396
47.8231	2003.0000	-0.2330	0.3443	0.0000	99.5430	56.7100	230.4680	0.4624	66.0500	64.8219	2.0000	2000.0000	500.0000	0.0000	2002.4605	0.2522	0.2519	0.0941	0.0941	0.1173	0.4509	0.0489	0.4896	0.4826	83.2601	307.0769	57.2141	78.9283	0.4703	0.3436	65.9396
47.9731	2003.0000	-0.2330	0.3443	0.0000	99.5430	56.7100	230.4680	0.4624	66.0500	64.8219	2.0000	2000.0000	500.0000	0.0000	2002.4605	0.2522	0.2519	0.0941	0.0941	0.1173	0.4509	0.0489	0.4896	0.4826	83.2601	307.0769	57.2141	78.9283	0.4703	0.3436	65.9396
48.4230	1999.0000	-0.2340	0.3443	0.0000	99.5390	56.7000	230.4660	0.4623	66.0700	64.8446	2.0000	2000.0000	500.0000	0.0000	1999.4854	0.2467	0.2627	0.0941	0.0940	0.1649	0.4307	0.1008	0.4257	0.6054	81.4359	307.1472	57.1942	78.9159	0.5021	0.3451	65.9208
48.8124	1999.0000	-0.2340	0.3443	0.0000	99.5390	56.7000	230.4660	0.4623	66.0700	64.8446	2.0000	2000.0000	500.0000	0.0000	2004.5146	0.2720	0.2432	0.0941	0.0942	0.1743	0.4778	0.0770	0.4591	0.9496	83.2775	307.1716	57.2550	78.9034	0.4899	0.3450	65.9020
49.0143	1999.0000	-0.2340	0.3443	0.0000	99.5390	56.7000	230.4660	0.4623	66.0700	64.8446	2.0000	2000.0000	500.0000	0.0000	2004.5146	0.2720	0.2432	0.0941	0.0942	0.1743	0.4778	0.0770	0.4591	0.9496	83.2775	307.1716	57.2550	78.9034	0.4899	0.3450	65.9020
49.5444	1997.0000	-0.2340	0.3436	0.0000	99.5100	56.6000	230.4640	0.4621	65.9600	64.7719	2.0000	2000.0000	500.0000	0.0000	2002.3715	0.2613	0.2514	0.0940	0.0941	0.1785	0.4531	0.0988	0.4971	0.3715	81.4748	307.2041	57.1622	78.8910	0.4977	0.3446	65.9020
49.6043	1997.0000	-0.2340	0.3436	0.0000	99.5100	56.6000	230.4640	0.4621	65.9600	64.7719	2.0000	2000.0000	500.0000	0.0000	2002.3715	0.2613	0.2514	0.0940	0.0941	0.1785	0.4531	0.0988	0.4971	0.3715	81.4748	307.2041	57.1622	78.8910	0.4977	0.3446	65.9020
50.1979	1998.0000	-0.2320	0.3435	0.0000	99.5180	56.5800	230.4600	0.4613	65.8700	64.7141	2.0000	2000.0000	500.0000	0.0000	2006.1688	0.2617	0.2368	0.0941	0.0941	0.1772	0.4579	0.0830	0.4447	0.7372	84.3413	307.1595	57.2350	78.8790	0.4937	0.3444	65.8832
50.2779	1998.0000	-0.2320	0.3435	0.0000	99.5180	56.5800	230.4600	0.4613	65.8700	64.7141	2.0000	2000.0000	500.0000	0.0000	2006.1688	0.2617	0.2368	0.0941	0.0941	0.1772	0.4579	0.0830	0.4447	0.7372	84.3413	307.1595	57.2350	78.8790	0.4937	0.3444	65.8832
50.7989	1999.0000	-0.2330	0.3432	0.0000	99.5170	56.5200	230.4540	0.4616	65.8600	64.7227	2.0000	2000.0000	500.0000	0.0000	2002.7478	0.2728	0.2500	0.0940	0.0941	0.0914	0.4770	0.1113	0.4605	0.9604	83.3015	307.1689	56.3583	78.8666	0.4857	0.3426	65.8832
50.9982	1999.0000	-0.2330	0.3432	0.0000	99.5170	56.5200	230.4540	0.4616	65.8600	64.7227	2.0000	2000.0000	500.0000	0.0000	2002.7478	0.2728	0.2500	0.0940	0.0941	0.0914	0.4770	0.1113	0.4605	0.9604	83.3015	307.1689	56.3583	78.8666	0.4857	0.3426	65.8832
51.4082	1997.0000	-0.2330	0.3434	0.0000	99.5170	56.5600	230.4510	0.4615	65.8300	64.6721	2.0000	2000.0000	500.0000	0.0000	2003.7954	0.2431	0.2456	0.0940	0.0940	0.1427	0.4337	0.0350	0.4789	0.5518	82.4812	307.2405	56.5842	78.8541	0.4157	0.3448	65.8646
51.7441	1997.0000	-0.2330	0.3434	0.0000	99.5170	56.5600	230.4510	0.4615	65.8300	64.6721	2.0000	2000.0000	500.0000	0.0000	2000.7247	0.2688	0.2573	0.0942	0.0942	0.1565	0.4755	0.0932	0.4770	1.0799	82.8716	307.2040	56.4247	78.8412	0.5063	0.3438	65.8458
52.0048	1997.0000	-0.2330	0.3434	0.0000	99.5170	56.5600	230.4510	0.4615	65.8300	64.6721	2.0000	2000.0000	500.0000	0.0000	2000.7247	0.2688	0.2573	0.0942	0.0942	0.1565	0.4755	0.0932	0.4770	1.0799	82.8716	307.2040	56.4247	78.8412	0.5063	0.3438	65.8458
52.4745	1999.0000	-0.2330	0.3429	0.0000	99.4860	56.5100	230.4420	0.4611	65.7300	64.6257	2.0000	2000.0000	500.0000	0.0000	2004.8831	0.2583	0.2417	0.0940	0.0941	0.1374	0.4694	0.0739	0.4649	0.7217	82.7802	307.2068	56.9587	78.8287	0.4766	0.3444	65.8458
52.6147	1999.0000	-0.2330	0.3429	0.0000	99.4860	56.5100	230.4420	0.4611	65.7300	64.6257	2.0000	2000.0000	500.0000	0.0000	2004.8831	0.2583	0.2417	0.0940	0.0941	0.1374	0.4694	0.0739	0.4649	0.7217	82.7802	307.2068	56.9587	78.8287	0.4766	0.3444	65.8458
53.2239	2000.0000	-0.2350	0.3432	0.0000	99.4990	56.5600	230.4380	0.4613	65.8100	64.5800	2.0000	2000.0000	500.0000	0.0000	1996.2730	0.2580	0.2744	0.0942	0.0941	0.1285	0.4620	0.0409	0.5256	1.7909	83.0679	307.2473	56.9857	78.8161	0.4861	0.3445	65.8271
53.2241	2000.0000	-0.2350	0.3432	0.0000	99.4990	56.5600	230.4380	0.4613	65.8100	64.5800	2.0000	2000.0000	500.0000	0.0000	1996.2730	0.2580	0.2744	0.0942	0.0941	0.1285	0.4620	0.0409	0.5256	1.7909	83.0679	307.2473	56.9857	78.8161	0.4861	0.3445	65.8271
53.8238	1997.0000	-0.2340	0.3428	0.0000	99.5000	56.4700	230.4300	0.4603	65.6800	64.5698	3.0000	2000.0000	500.0000	0.0000	2000.9126	0.2597	0.2563	0.0941	0.0941	0.1561	0.4641	0.0958	0.4945	1.7072	83.6292	307.2433	57.0269	78.8025	0.4937	0.3420	65.8271
53.9738	1997.0000	-0.2340	0.3428	0.0000	99.5000	56.4700	230.4300	0.4603	65.6800	64.5698	3.0000	2000.0000	500.0000	0.0000	2000.9126	0.2597	0.2563	0.0941	0.0941	0.1561	0.4641	0.0958	0.4945	1.7072	83.6292	307.2433	57.0269	78.8025	0.4937	0.3420	65.8271
54.4178	1999.0000	-0.2330	0.3413	0.0000	99.4570	56.2300	230.4260	0.4597	65.5300	64.5361	3.0000	2000.0000	500.0000	0.0000	2002.0496	0.2676	0.2513	0.0941	0.0942	0.1636	0.4654	0.0571	0.4647	0.9041	82.7305	307.2920	56.7582	78.7898	0.4763	0.3427	65.8085
54.8182	1999.0000	-0.2330	0.3413	0.0000	99.4570	56.2300	230.4260	0.4597	65.5300	64.5361	3.0000	2000.0000	500.0000	0.0000	1996.8367	0.2425	0.2708	0.0943	0.0940	0.1341	0.4214	0.0938	0.4946	0.9548	81.5062	307.3042	56.4477	78.7766	0.4867	0.3427	65.7897
55.0247	1999.0000	-0.2330	0.3413	0.0000	99.4570	56.2300	230.4260	0.4597	65.5300	64.5361	3.0000	2000.0000	500.0000	0.0000	1996.8367	0.2425	0.2708	0.0943	0.0940	0.1341	0.4214	0.0938	0.4946	0.9548	81.5062	307.3042	56.4477	78.7766	0.4867	0.3427	65.7897
55.5547	2002.0000	-0.2330	0.3415	0.0000	99.4920	56.2000	230.4170	0.4594	65.4700	64.4581	3.0000	2000.0000	500.0000	0.0000	1999.3879	0.2414	0.2612	0.0940	0.0940	0.1371	0.4215	0.1199	0.4870	0.9996	81.5136	307.2636	56.7134	78.7629	0.4732	0.3426	65.7897
55.6302	2002.0000	-0.2330	0.3415	0.0000	99.4920	56.2000	230.4170	0.4594	65.4700	64.4581	3.0000	2000.0000	500.0000	0.0000	1999.3879	0.2414	0.2612	0.0940	0.0940	0.1371	0.4215	0.1199	0.4870	0.9996	81.5136	307.2636	56.7134	78.7629	0.4732	0.3426	65.7897
56.2260	2000.0000	-0.2320	0.3419	0.0000	99.4740	56.2900	230.4120	0.4595	65.5300	64.4769	3.0000	2000.0000	500.0000	0.0000	1998.4296	0.2466	0.2667	0.0941	0.0941	0.1420	0.4341	0.0208	0.5133	0.7199	82.3269	307.2135	57.0315	78.7503	0.4876	0.3442	65.7711
56.2906	2000.0000	-0.2320	0.3419	0.0000	99.4740	56.2900	230.4120	0.4595	65.5300	64.4769	3.0000	2000.0000	500.0000	0.0000	1998.4296	0.2466	0.2667	0.0941	0.0941	0.1420	0.4341	0.0208	0.5133	0.7199	82.3269	307.2135	57.0315	78.7503	0.4876	0.3442	65.7711
56.8170	2002.0000	-0.2320	0.3435	0.0000	99.5060	56.6000	230.4040	0.4617	65.8600	64.4074	3.0000	2000.0000	500.0000	0.0000	2002.3093	0.2650	0.2516	0.0940	0.0941	0.1571	0.4598	0.0701	0.4647	0.8005	82.4974	307.2271	57.1715	78.7376	0.4570	0.3429	65.7711
57.0317	2002.0000	-0.2320	0.3435	0.0000	99.5060	56.6000	230.4040	0.4617	65.8600	64.4074	3.0000	2000.0000	500.0000	0.0000	2002.3093	0.2650	0.2516	0.0940	0.0941	0.1571	0.4598	0.0701	0.4647	0.8005	82.4974	307.2271	57.1715	78.7376	0.4570	0.3429	65.7711
57.4074	2001.0000	-0.2320	0.3429	0.0000	99.5120	56.4800	230.4020	0.4612	65.7800	64.3417	3.0000	2000.0000	500.0000	0.0000	1998.1000	0.2580	0.2673	0.0942	0.0941	0.1104	0.4565	0.0683	0.4757	0.3557	81.8999	307.2731	56.4858	78.7247	0.4961	0.3441	65.7526
57.7683	2001.0000	-0.2320	0.3429	0.0000	99.5120	56.4800	230.4020	0.4612	65.7800	64.3417	3.0000	2000.0000	500.0000	0.0000	1997.5130	0.2761	0.2691	0.0942	0.0942	0.1163	0.4963	0.0114	0.4760	0.9968	81.3917	307.2690	56.5668	78.7115	0.4687	0.3442	65.7340
58.0006	2001.0000	-0.2320	0.3429	0.0000	99.5120	56.4800	230.4020	0.4612	65.7800	64.3417	3.0000	2000.0000	500.0000	0.0000	1997.5130	0.2761	0.2691	0.0942	0.0942	0.1163	0.4963	0.0114	0.4760	0.9968	81.3917	307.2690	56.5668	78.7115	0.4687	0.3442	65.7340
58.4997	2002.0000	-0.2310	0.3421	0.0000	99.4690	56.3800	230.3970	0.4610	65.6500	64.3376	3.0000	2000.0000	500.0000	0.0000	1996.6255	0.2606	0.2724	0.0941	0.0941	0.1592	0.4574	0.0514	0.4806	0.6993	81.5616	307.2608	56.4928	78.6984	0.5116	0.3432	65.7340
58.5998	2002.0000	-0.2310	0.3421	0.0000	99.4690	56.3800	230.3970	0.4610	65.6500	64.3376	3.0000	2000.0000	500.0000	0.0000	1996.6255	0.2606	0.2724	0.0941	0.0941	0.1592	0.4574	0.0514	0.4806	0.6993	81.5616	307.2608	56.4928	78.6984	0.5116	0.3432	65.7340
59.1808	1998.0000	-0.2330	0.3423	0.0000	99.4500	56.4300	230.3940	0.4610	65.6700	64.2954	3.0000	2000.0000	500.0000	0.0000	1998.8776	0.2711	0.2638	0.0941	0.0941	0.1194	0.4932	0.0408	0.4617	1.2281	84.6393	307.2933	56.6625	78.6857	0.4794	0.3434	65.7154
59.2408	1998.0000	-0.2330	0.3423	0.0000	99.4500	56.4300	230.3940	0.4610	65.6700	64.2954	3.0000	2000.0000	500.0000	0.0000	1998.8776	0.2711	0.2638	0.0941	0.0941	0.1194	0.4932	0.0408	0.4617	1.2281	84.6393	307.2933	56.6625	78.6857	0.4794	0.3434	65.7154
59.7808	1999.0000	-0.2320	0.3421	0.0000	99.4460	56.3900	230.3920	0.4609	65.6800	64.2425	4.0000	2000.0000	500.0000	0.0000	2001.6847	0.2641	0.2533	0.0940	0.0941	0.1589	0.4654	0.0840	0.4750	0.5576	81.1630	307.2283	56.8328	78.6725	0.5339	0.3411	65.7154
59.9800	1999.0000	-0.2320	0.3421	0.0000	99.4460	56.3900	230.3920	0.4609	65.6800	64.2425	4.0000	2000.0000	500.0000	0.0000	2001.6847	0.2641	0.2533	0.0940	0.0941	0.1589	0.4654	0.0840	0.4750	0.5576	81.1630	307.2283	56.8328	78.6725	0.5339	0.3411	65.7154
60.3697	1999.0000	-0.2320	0.3421	0.0000	99.4460	56.3900	230.3920	0.4609	65.6800	64.2425	4.0000	2000.0000	500.0000	0.0000	1999.7188	0.2604	0.2606	0.0941	0.0941	0.1509	0.4575	0.0889	0.4823	0.9332	82.1053	307.3244	56.7866	78.6595	0.4938	0.3437	65.6969
60.8234	1998.0000	-0.2300	0.3420	0.0000	99.4640	56.3700	230.3900	0.4609	65.6200	64.2275	4.0000	2000.0000	500.0000	0.0000	2000.4214	0.2678	0.2578	0.0941	0.0942	0.1388	0.4698	0.0463	0.4927	0.9737	81.7803	307.3353	56.4418	78.6465	0.4786	0.3428	65.6969
60.9878	1998.0000	-0.2300	0.3420	0.0000	99.4640	56.3700	230.3900	0.4609	65.6200	64.2275	4.0000	2000.0000	500.0000	0.0000	2000.4214	0.2678	0.2578	0.0941	0.0942	0.1388	0.4698	0.0463	0.4927	0.9737	81.7803	307.3353	56.4418	78.6465	0.4786	0.3428	65.6969
61.5617	1998.0000	-0.2310	0.3418	0.0000	99.4510	56.3300	230.3880	0.4603	65.5600	64.1848	4.0000	2000.0000	500.0000	0.0000	1999.3086	0.2472	0.2617	0.0941	0.0940	0.1579	0.4423	0.0809	0.4791	0.4827	82.1542	307.3177	56.6552	78.6333	0.4914	0.3428	65.6784
61.5717	1998.0000	-0.2310	0.3418	0.0000	99.4510	56.3300	230.3880	0.4603	65.5600	64.1848	4.0000	2000.0000	500.0000	0.0000	1999.3086	0.2472	0.2617	0.0941	0.0940	0.1579	0.4423	0.0809	0.4791	0.4827	82.1542	307.3177	56.6552	78.6333	0.4914	0.3428	65.6784
62.1621	1999.0000	-0.2300	0.3414	0.0000	99.4520	56.2500	230.3870	0.4604	65.5400	64.1777	4.0000	2000.0000	500.0000	0.0000	1996.2143	0.2534	0.2732	0.0941	0.0941	0.1955	0.4495	0.0683	0.4312	0.5538	80.4228	307.2960	57.0228	78.6207	0.4981	0.3425	65.6600
62.2921	1999.0000	-0.2300	0.3414	0.0000	99.4520	56.2500	230.3870	0.4604	65.5400	64.1777	4.0000	2000.0000	500.0000	0.0000	1996.2143	0.2534	0.2732	0.0941	0.0941	0.1955	0.4495	0.0683	0.4312	0.5538	80.4228	307.2960	57.0228	78.6207	0.4981	0.3425	65.6600
63.0247	2003.0000	-0.2300	0.3415	0.0000	99.4730	56.2500	230.3870	0.4600	65.4700	64.1803	4.0000	2000.0000	500.0000	0.0000	1996.0845	0.2580	0.2743	0.0942	0.0941	0.1584	0.4492	0.0955	0.4706	1.1778	81.4793	307.3192	56.7744	78.5967	0.5221	0.3430	65.6416
63.2626	2003.0000	-0.2300	0.3415	0.0000	99.4730	56.2500	230.3870	0.4600	65.4700	64.1803	4.0000	2000.0000	500.0000	0.0000	1996.0845	0.2580	0.2743	0.0942	0.0941	0.1584	0.4492	0.0955	0.4706	1.1778	81.4793	307.3192	56.7744	78.5967	0.5221	0.3430	65.6416
63.7548	1999.0000	-0.2300	0.3421	0.0000	99.4530	56.3900	230.3870	0.4609	65.6300	64.1391	4.0000	2000.0000	500.0000	0.0000	1999.0398	0.2477	0.2628	0.0942	0.0940	0.1587	0.4322	0.0640	0.4825	2.2580	81.9985	307.3623	56.5135	78.5843	0.5029	0.3430	65.6416
63.8577	1999.0000	-0.2300	0.3421	0.0000	99.4530	56.3900	230.3870	0.4609	65.6300	64.1391	4.0000	2000.0000	500.0000	0.0000	1999.0398	0.2477	0.2628	0.0942	0.0940	0.1587	0.4322	0.0640	0.4825	2.2580	81.9985	307.3623	56.5135	78.5843	0.5029	0.3430	65.6416
64.4479	1999.0000	-0.2320	0.3412	0.0000	99.4700	56.2100	230.3890	0.4602	65.4900	64.0866	4.0000	2000.0000	500.0000	0.0000	2003.8362	0.2485	0.2441	0.0940	0.0940	0.1313	0.4430	0.0245	0.4945	0.4268	82.1116	307.3501	56.5577	78.5716	0.4411	0.3421	65.6231
64.4877	1999.0000	-0.2320	0.3412	0.0000	99.4700	56.2100	230.3890	0.4602	65.4900	64.0866	4.0000	2000.0000	500.0000	0.0000	2003.8362	0.2485	0.2441	0.0940	0.0940	0.1313	0.4430	0.0245	0.4945	0.4268	82.1116	307.3501	56.5577	78.5716	0.4411	0.3421	65.6231
65.0286	2001.0000	-0.2300	0.3417	0.0000	99.4680	56.2900	230.3890	0.4604	65.5600	64.0665	4.0000	2000.0000	500.0000	0.0000	2001.2134	0.2526	0.2546	0.0940	0.0941	0.1529	0.4457	0.0568	0.4733	0.9960	83.0643	307.3271	56.6866	78.5584	0.4662	0.3426	65.6047
65.2237	2001.0000	-0.2300	0.3417	0.0000	99.4680	56.2900	230.3890	0.4604	65.5600	64.0665	4.0000	2000.0000	500.0000	0.0000	2001.2134	0.2526	0.2546	0.0940	0.0941	0.1529	0.4457	0.0568	0.4733	0.9960	83.0643	307.3271	56.6866	78.5584	0.4662	0.3426	65.6047
65.6246	1999.0000	-0.2330	0.3421	0.0000	99.4470	56.4000	230.3890	0.4616	65.6800	64.0663	5.0000	2000.0000	500.0000	0.0000	2004.8633	0.2613	0.2410	0.0938	0.0941	0.1730	0.4625	0.0582	0.4874	1.5899	80.1756	307.3408	56.7757	78.5457	0.3696	0.3419	65.6047
65.9747	1999.0000	-0.2330	0.3421	0.0000	99.4470	56.4000	230.3890	0.4616	65.6800	64.0663	5.0000	2000.0000	500.0000	0.0000	2003.3699	0.2683	0.2467	0.0940	0.0942	0.1593	0.4715	0.0896	0.4926	0.6018	82.7558	307.3556	56.6785	78.5331	0.4744	0.3428	65.5864
66.2145	1999.0000	-0.2330	0.3421	0.0000	99.4470	56.4000	230.3890	0.4616	65.6800	64.0663	5.0000	2000.0000	500.0000	0.0000	2003.3699	0.2683	0.2467	0.0940	0.0942	0.1593	0.4715	0.0896	0.4926	0.6018	82.7558	307.3556	56.6785	78.5331	0.4744	0.3428	65.5864
66.8125	2002.0000	-0.2320	0.3414	0.0000	99.4490	56.2800	230.3890	0.4606	65.5200	64.0119	5.0000	2000.0000	500.0000	0.0000	1999.3027	0.2488	0.2618	0.0941	0.0940	0.1533	0.4300	0.0963	0.4727	0.9455	81.3106	307.3867	56.8549	78.5203	0.5186	0.3430	65.5864
66.8137	2002.0000	-0.2320	0.3414	0.0000	99.4490	56.2800	230.3890	0.4606	65.5200	64.0119	5.0000	2000.0000	500.0000	0.0000	1999.3027	0.2488	0.2618	0.0941	0.0940	0.1533	0.4300	0.0963	0.4727	0.9455	81.3106	307.3867	56.8549	78.5203	0.5186	0.3430	65.5864
67.4045	1999.0000	-0.2290	0.3418	0.0000	99.4610	56.3400	230.3910	0.4608	65.5500	63.9516	5.0000	2000.0000	500.0000	0.0000	1997.6464	0.2543	0.2682	0.0941	0.0941	0.1337	0.4444	0.0920	0.5157	1.3780	82.7818	307.3367	56.7776	78.5074	0.5168	0.3432	65.5681
67.5443	1999.0000	-0.2290	0.3418	0.0000	99.4610	56.3400	230.3910	0.4608	65.5500	63.9516	5.0000	2000.0000	500.0000	0.0000	1997.6464	0.2543	0.2682	0.0941	0.0941	0.1337	0.4444	0.0920	0.5157	1.3780	82.7818	307.3367	56.7776	78.5074	0.5168	0.3432	65.5681
67.9887	2002.0000	-0.2310	0.3419	0.0000	99.4470	56.3600	230.3900	0.4608	65.5400	63.9288	5.0000	2000.0000	500.0000	0.0000	1999.1753	0.2746	0.2628	0.0941	0.0942	0.1022	0.5009	0.0577	0.4485	2.6531	83.8812	307.3421	56.2933	78.4950	0.4891	0.3430	65.5681
68.2785	2002.0000	-0.2310	0.3419	0.0000	99.4470	56.3600	230.3900	0.4608	65.5400	63.9288	5.0000	2000.0000	500.0000	0.0000	1999.1753	0.2746	0.2628	0.0941	0.0942	0.1022	0.5009	0.0577	0.4485	2.6531	83.8812	307.3421	56.2933	78.4950	0.4891	0.3430	65.5681
68.5843	2002.0000	-0.2310	0.3419	0.0000	99.4470	56.3600	230.3900	0.4608	65.5400	63.9288	5.0000	2000.0000	500.0000	0.0000	2002.9071	0.2712	0.2484	0.0939	0.0941	0.1224	0.4824	0.1194	0.5077	1.7789	83.3170	307.4030	56.5335	78.4818	0.4706	0.3421	65.5498
69.0233	1999.0000	-0.2310	0.3416	0.0000	99.4450	56.3100	230.3890	0.4605	65.5300	63.9204	5.0000	2000.0000	500.0000	0.0000	2001.7301	0.2525	0.2528	0.0940	0.0941	0.1660	0.4378	0.0928	0.4650	1.5504	83.3416	307.4098	57.0147	78.4687	0.5068	0.3427	65.5317
69.1784	1999.0000	-0.2310	0.3416	0.0000	99.4450	56.3100	230.3890	0.4605	65.5300	63.9204	5.0000	2000.0000	500.0000	0.0000	2001.7301	0.2525	0.2528	0.0940	0.0941	0.1660	0.4378	0.0928	0.4650	1.5504	83.3416	307.4098	57.0147	78.4687	0.5068	0.3427	65.5317
69.7582	2000.0000	-0.2300	0.3413	0.0000	99.4460	56.2700	230.3870	0.4602	65.4700	63.8854	5.0000	2000.0000	500.0000	0.0000	1999.1124	0.2686	0.2623	0.0941	0.0941	0.1132	0.4795	0.0424	0.4826	1.1921	82.3365	307.4030	56.5014	78.4560	0.4606	0.3428	65.5317
69.7804	2000.0000	-0.2300	0.3413	0.0000	99.4460	56.2700	230.3870	0.4602	65.4700	63.8854	5.0000	2000.0000	500.0000	0.0000	1999.1124	0.2686	0.2623	0.0941	0.0941	0.1132	0.4795	0.0424	0.4826	1.1921	82.3365	307.4030	56.5014	78.4560	0.4606	0.3428	65.5317
70.3703	2003.0000	-0.2290	0.3414	0.0000	99.4680	56.2500	230.3860	0.4606	65.5200	63.8683	5.0000	2000.0000	500.0000	0.0000	1998.3539	0.2644	0.2651	0.0941	0.0941	0.1210	0.4718	0.0296	0.4769	-0.0691	80.3597	307.3475	56.5934	78.4428	0.4457	0.3426	65.5134
70.4903	2003.0000	-0.2290	0.3414	0.0000	99.4680	56.2500	230.3860	0.4606	65.5200	63.8683	5.0000	2000.0000	500.0000	0.0000	1998.3539	0.2644	0.2651	0.0941	0.0941	0.1210	0.4718	0.0296	0.4769	-0.0691	80.3597	307.3475	56.5934	78.4428	0.4457	0.3426	65.5134
70.9640	2000.0000	-0.2290	0.3416	0.0000	99.4600	56.2900	230.3840	0.4604	65.5000	63.8095	5.0000	2000.0000	500.0000	0.0000	2003.4591	0.2413	0.2458	0.0941	0.0940	0.1563	0.4291	0.0927	0.4737	1.1434	82.9381	307.3839	56.4922	78.4303	0.4658	0.3422	65.5134
71.2240	2000.0000	-0.2290	0.3416	0.0000	99.4600	56.2900	230.3840	0.4604	65.5000	63.8095	5.0000	2000.0000	500.0000	0.0000	2003.4591	0.2413	0.2458	0.0941	0.0940	0.1563	0.4291	0.0927	0.4737	1.1434	82.9381	307.3839	56.4922	78.4303	0.4658	0.3422	65.5134
71.5447	2000.0000	-0.2290	0.3416	0.0000	99.4600	56.2900	230.3840	0.4604	65.5000	63.8095	5.0000	2000.0000	500.0000	0.0000	1998.8798	0.2759	0.2634	0.0941	0.0942	0.1049	0.4871	0.0525	0.4604	0.4987	82.8252	307.3786	56.6387	78.4174	0.4666	0.3419	65.4951
71.9739	1998.0000	-0.2310	0.3416	0.0000	99.4530	56.3000	230.3830	0.4606	65.4900	63.7898	6.0000	2000.0000	500.0000	0.0000	1997.8093	0.2685	0.2673	0.0942	0.0942	0.1743	0.4876	0.0725	0.4811	1.0588	82.9713	307.4286	56.6683	78.4048	0.4718	0.3415	65.4770
72.1246	1998.0000	-0.2310	0.3416	0.0000	99.4530	56.3000	230.3830	0.4606	65.4900	63.7898	6.0000	2000.0000	500.0000	0.0000	1997.8093	0.2685	0.2673	0.0942	0.0942	0.1743	0.4876	0.0725	0.4811	1.0588	82.9713	307.4286	56.6683	78.4048	0.4718	0.3415	65.4770
72.7097	1996.0000	-0.2310	0.3412	0.0000	99.4590	56.2400	230.3820	0.4604	65.4900	63.7707	NOT CONNECTED	2000.0000	500.0000	0.0000	2002.3521	0.2659	0.2493	0.0940	0.0941	0.1034	0.4733	0.0655	0.4591	1.1994	83.0452	307.4272	56.2137	78.3925	0.4552	0.3425	65.4770
72.7216	1996.0000	-0.2310	0.3412	0.0000	99.4590	56.2400	230.3820	0.4604	65.4900	63.7707	NOT CONNECTED	2000.0000	500.0000	0.0000	2002.3521	0.2659	0.2493	0.0940	0.0941	0.1034	0.4733	0.0655	0.4591	1.1994	83.0452	307.4272	56.2137	78.3925	0.4552	0.3425	65.4770
73.3076	2003.0000	-0.2290	0.3397	0.0000	99.4780	55.9200	230.3770	0.4577	65.0600	63.7501	NOT CONNECTED	2000.0000	500.0000	0.0000	1999.5373	0.2673	0.2593	0.0941	0.0941	0.1426	0.4762	0.0412	0.4935	0.2687	81.6879	307.3527	56.5251	78.3793	0.4620	0.3416	65.4588
73.4776	2003.0000	-0.2290	0.3397	0.0000	99.4780	55.9200	230.3770	0.4577	65.0600	63.7501	NOT CONNECTED	2000.0000	500.0000	0.0000	1999.5373	0.2673	0.2593	0.0941	0.0941	0.1426	0.4762	0.0412	0.4935	0.2687	81.6879	307.3527	56.5251	78.3793	0.4620	0.3416	65.4588
73.9191	2003.0000	-0.2290	0.3397	0.0000	99.4780	55.9200	230.3770	0.4577	65.0600	63.7501	NOT CONNECTED	0.0000	500.0000	0.0000	1997.2310	0.2563	0.2681	0.0941	0.0941	0.1502	0.4540	0.0926	0.3030	0.0253	81.8206	307.4056	56.8196	78.3661	0.4801	0.3403	65.4588
74.4894	2037.0000	-0.0340	0.2858	0.0000	99.4080	44.1100	230.3800	0.4082	56.2600	63.6924	NOT CONNECTED	0.0000	500.0000	0.0000	2017.5940	0.0909	0.0634	0.0931	0.0932	0.3206	0.1525	-0.1947	-0.0100	0.7045	79.3657	314.8431	13.1036	78.3474	0.1010	0.1771	65.4405
74.5186	2037.0000	-0.0340	0.2858	0.0000	99.4080	44.1100	230.3800	0.4082	56.2600	63.6924	NOT CONNECTED	0.0000	500.0000	0.0000	2017.5940	0.0909	0.0634	0.0931	0.0932	0.3206	0.1525	-0.1947	-0.0100	0.7045	79.3657	314.8431	13.1036	78.3474	0.1010	0.1771	65.4405
75.1132	2013.0000	-0.0400	0.1787	0.0000	97.6820	11.7600	230.4000	0.1561	19.1600	63.6926	NOT CONNECTED	0.0000	500.0000	0.0000	2029.6698	-0.0173	-0.0000	0.0927	0.0927	0.2236	-0.0486	0.0202	0.0512	0.3449	78.4344	314.6388	12.5947	78.3225	0.1971	0.1867	65.4191
75.2232	2013.0000	-0.0400	0.1787	0.0000	97.6820	11.7600	230.4000	0.1561	19.1600	63.6926	NOT CONNECTED	0.0000	500.0000	0.0000	2029.6698	-0.0173	-0.0000	0.0927	0.0927	0.2236	-0.0486	0.0202	0.0512	0.3449	78.4344	314.6388	12.5947	78.3225	0.1971	0.1867	65.4191
75.7232	2010.0000	-0.0400	0.1767	0.0000	96.9340	12.5200	230.3850	0.1623	20.0000	63.6345	NOT CONNECTED	0.0000	500.0000	0.0000	1990.7884	0.0039	0.1161	0.0932	0.0927	0.0164	0.0086	-0.1022	0.2407	1.1862	81.1262	314.6145	11.9652	78.2989	0.2138	0.1864	65.4191
75.9731	2010.0000	-0.0400	0.1767	0.0000	96.9340	12.5200	230.3850	0.1623	20.0000	63.6345	NOT CONNECTED	0.0000	500.0000	0.0000	1990.7884	0.0039	0.1161	0.0932	0.0927	0.0164	0.0086	-0.1022	0.2407	1.1862	81.1262	314.6145	11.9652	78.2989	0.2138	0.1864	65.4191
76.3181	2010.0000	-0.0400	0.1767	0.0000	96.9340	12.5200	230.3850	0.1623	20.0000	63.6345	NOT CONNECTED	0.0000	500.0000	0.0000	1989.6132	0.0162	0.1179	0.0934	0.0928	0.3643	0.0112	-0.0798	0.0259	-0.0052	77.8194	314.4968	13.9156	78.2765	0.2036	0.1863	65.3958
76.9087	2007.0000	-0.0400	0.1787	0.0000	96.8460	12.7700	230.3840	0.1636	20.3000	63.5742	NOT CONNECTED	0.0000	500.0000	0.0000	1990.2934	0.1204	0.1146	0.0932	0.0933	-0.0732	0.2323	0.2939	0.1012	2.8365	81.0258	314.5332	11.6409	78.2549	0.3227	0.1851	65.3958
77.2085	2007.0000	-0.0400	0.1787	0.0000	96.8460	12.7700	230.3840	0.1636	20.3000	63.5742	NOT CONNECTED	0.0000	500.0000	0.0000	1990.2934	0.1204	0.1146	0.0932	0.0933	-0.0732	0.2323	0.2939	0.1012	2.8365	81.0258	314.5332	11.6409	78.2549	0.3227	0.1851	65.3958
77.5350	2007.0000	-0.0400	0.1787	0.0000	96.8460	12.7700	230.3840	0.1636	20.3000	63.5742	NOT CONNECTED	0.0000	500.0000	0.0000	2023.1613	0.0226	-0.0000	0.0923	0.0736	-0.7408	0.0332	-0.0361	0.0215	-9.6972	53.8900	314.7092	10.5395	78.2333	0.1594	0.1854	65.3725
77.9754	1979.0000	-0.0120	0.1839	0.0000	96.4870	12.6600	230.3810	0.1633	20.1500	63.5650	NOT CONNECTED	0.0000	500.0000	0.0000	1704.4307	-0.0050	-0.0547	0.0531	0.0531	-1.6268	-0.0114	-1.5306	-0.0473	-12.2261	35.8759	312.9247	20.5438	78.2981	1.4751	1.1322	65.3514
78.1337	1979.0000	-0.0120	0.1839	0.0000	96.4870	12.6600	230.3810	0.1633	20.1500	63.5650	NOT CONNECTED	0.0000	500.0000	0.0000	1704.4307	-0.0050	-0.0547	0.0531	0.0531	-1.6268	-0.0114	-1.5306	-0.0473	-12.2261	35.8759	312.9247	20.5438	78.2981	1.4751	1.1322	65.3514
78.7160	1554.0000	0.0410	1.1217	0.0000	50.6120	14.8700	230.3750	0.2124	27.3900	63.5598	NOT CONNECTED	0.0000	500.0000	0.0000	1391.7698	-0.0552	-0.0216	0.0531	0.0531	-1.4956	-0.1734	-1.5868	-0.0845	-11.2316	28.9645	312.5066	22.5171	78.4607	1.5700	1.1330	65.3514
78.7391	1554.0000	0.0410	1.1217	0.0000	50.6120	14.8700	230.3750	0.2124	27.3900	63.5598	NOT CONNECTED	0.0000	500.0000	0.0000	1391.7698	-0.0552	-0.0216	0.0531	0.0531	-1.4956	-0.1734	-1.5868	-0.0845	-11.2316	28.9645	312.5066	22.5171	78.4607	1.5700	1.1330	65.3514
79.3220	1187.0000	0.0410	1.1211	0.0000	37.0520	18.3900	230.3760	0.2353	30.8200	63.5759	NOT CONNECTED	0.0000	500.0000	0.0000	1092.6185	-0.0234	-0.0245	0.0531	0.0531	-1.6518	-0.0587	-1.6351	-0.0151	-11.2127	22.5620	312.2726	22.7698	78.6061	1.6958	1.1325	65.4062
79.4820	1187.0000	0.0410	1.1211	0.0000	37.0520	18.3900	230.3760	0.2353	30.8200	63.5759	NOT CONNECTED	0.0000	500.0000	0.0000	1092.6185	-0.0234	-0.0245	0.0531	0.0531	-1.6518	-0.0587	-1.6351	-0.0151	-11.2127	22.5620	312.2726	22.7698	78.6061	1.6958	1.1325	65.4062
79.9297	798.0000	0.0400	1.1194	0.0000	30.6210	19.4300	230.3750	0.2412	31.6700	63.6343	NOT CONNECTED	0.0000	500.0000	0.0000	799.5125	-0.0320	-0.0527	0.0532	0.0531	-1.4449	-0.1116	-1.6668	-0.0283	-12.0321	17.0179	312.1238	25.1385	78.7354	1.6142	1.1314	65.4062
80.2154	798.0000	0.0400	1.1194	0.0000	30.6210	19.4300	230.3750	0.2412	31.6700	63.6343	NOT CONNECTED	0.0000	500.0000	0.0000	799.5125	-0.0320	-0.0527	0.0532	0.0531	-1.4449	-0.1116	-1.6668	-0.0283	-12.0321	17.0179	312.1238	25.1385	78.7354	1.6142	1.1314	65.4062
80.5111	798.0000	0.0400	1.1194	0.0000	30.6210	19.4300	230.3750	0.2412	31.6700	63.6343	NOT CONNECTED	0.0000	500.0000	0.0000	497.0489	0.0192	-0.0131	0.0530	0.0531	-1.7033	0.0732	-1.4907	0.0017	-12.0155	9.9344	312.0142	26.4922	78.8455	1.5630	1.1236	65.4616
80.9556	428.0000	0.0410	1.1043	0.0000	18.7820	21.3600	230.3760	0.2510	33.2400	63.7436	NOT CONNECTED	0.0000	500.0000	0.0000	0.0000	0.0000	0.0000	0.0931	0.0531	-1.6657	0.0176	-1.6657	0.0088	-11.8746	4.7548	311.7265	0.0000	78.9441	1.6658	1.1122	65.5158
81.1113	428.0000	0.0410	1.1043	0.0000	18.7820	21.3600	230.3760	0.2510	33.2400	63.7436	NOT CONNECTED	0.0000	500.0000	0.0000	0.0000	0.0000	0.0000	0.0931	0.0531	-1.6657	0.0176	-1.6657	0.0088	-11.8746	4.7548	311.7265	0.0000	78.9441	1.6658	1.1122	65.5158
81.7005	29.0000	0.0130	1.1129	0.0000	14.4530	23.2900	230.3780	0.2623	35.0000	63.8045	NOT CONNECTED	0.0000	500.0000	0.0000	0.0000	0.0000	0.0000	0.0931	0.0531	-1.6657	0.0176	-1.6657	0.0088	-11.8746	4.7548	320.6477	0.0000	78.9285	1.6658	0.0057	65.5158
81.7133	29.0000	0.0130	1.1129	0.0000	14.4530	23.2900	230.3780	0.2623	35.0000	63.8045	NOT CONNECTED	0.0000	500.0000	0.0000	0.0000	0.0000	0.0000	0.0931	0.0531	-1.6657	0.0176	-1.6657	0.0088	-11.8746	4.7548	320.6477	0.0000	78.9285	1.6658	0.0057	65.5158
82.3016	0.0000	-0.0140	0.0050	0.0000	0.0000	-0.0000	230.4030	0.0000	1.5200	63.8631	NOT CONNECTED	0.0000	500.0000	0.0000	0.0000	0.0000	0.0000	0.0931	0.0531	-1.6657	0.0176	-1.6657	0.0088	-11.8746	4.7548	320.6464	0.0000	78.8267	1.6658	0.0058	65.5278
82.4816	0.0000	-0.0140	0.0050	0.0000	0.0000	-0.0000	230.4030	0.0000	1.5200	63.8631	NOT CONNECTED	0.0000	500.0000	0.0000	0.0000	0.0000	0.0000	0.0931	0.0531	-1.6657	0.0176	-1.6657	0.0088	-11.8746	4.7548	320.6464	0.0000	78.8267	1.6658	0.0058	65.5278
82.8975	0.0000	-0.0140	0.0000	0.0000	0.0000	-0.0100	230.4040	0.0000	1.4200	63.8536	NOT CONNECTED	0.0000	500.0000	0.0000	0.0000	0.0000	0.0000	0.0931	0.0531	-1.6657	0.0176	-1.6657	0.0088	0.0000	0.0000	320.7141	0.0000	78.7383	1.6658	0.0056	65.5278
83.2177	0.0000	-0.0140	0.0000	0.0000	0.0000	-0.0100	230.4040	0.0000	1.4200	63.8536	NOT CONNECTED	0.0000	500.0000	0.0000	0.0000	0.0000	0.0000	0.0931	0.0531	-1.6657	0.0176	-1.6657	0.0088	0.0000	0.0000	320.7696	0.0000	78.6545	1.6658	0.0051	65.5011
83.5047	NOT CONNECTED	NOT CONNECTED	NOT CONNECTED	NOT CONNECTED	NOT CONNECTED	NOT CONNECTED	NOT CONNECTED	NOT CONNECTED	NOT CONNECTED	NOT CONNECTED	NOT CONNECTED	0.0000	500.0000	0.0000	0.0000	0.0000	0.0000	0.0931	0.0531	-1.6657	0.0176	-1.6657	0.0088	0.0000	0.0000	320.7696	0.0000	78.6545	1.6658	0.0051	65.5011
