Time	speed	torque	motor_current	motor_current_thd	motor_voltage	motor_power	line_voltage	line_current	line_power	motor_temperature	Test_Marker	BD_Target_Speed	BD_Target_Accel	BD_Update_Cmd	Mcl_Quantities.Speed_Rot_Mech	Mcl_Quantities.Torque	Mcl_Quantities.Torque_Ref	Mcl_Quantities.Stator_Flux_Mag	Mcl_Quantities.Flux_Ref	Mcl_Quantities.Id_stator_current	Mcl_Quantities.Iq_stator_current	Mcl_Quantities.Id_rotor_current	Rotor_Curr_Iq	Flux_Controller.Out	Torque_Controller.Out	DC_Bus_RMS	Mcl_Quantities.Electrical_Power	Mcl_Quantities.Stator_Temperature	Mcl_Quantities.Is_Abs	Mcl_Quantities.IsRMS	SR_Overheating_Temp
0.7274	0.0000	-0.0120	0.0000	0.0000	0.0000	-0.0100	230.4000	0.0000	1.2900	77.3669	NOT CONNECTED	NOT CONNECTED	NOT CONNECTED	NOT CONNECTED	NOT CONNECTED	NOT CONNECTED	NOT CONNECTED	NOT CONNECTED	NOT CONNECTED	NOT CONNECTED	NOT CONNECTED	NOT CONNECTED	NOT CONNECTED	NOT CONNECTED	NOT CONNECTED	NOT CONNECTED	NOT CONNECTED	NOT CONNECTED	NOT CONNECTED	NOT CONNECTED	NOT CONNECTED
1.4718	0.0000	-0.0120	0.0000	0.0000	0.0000	-0.0100	230.3900	0.0000	1.3000	77.1393	NOT CONNECTED	NOT CONNECTED	NOT CONNECTED	NOT CONNECTED	NOT CONNECTED	NOT CONNECTED	NOT CONNECTED	NOT CONNECTED	NOT CONNECTED	NOT CONNECTED	NOT CONNECTED	NOT CONNECTED	NOT CONNECTED	NOT CONNECTED	NOT CONNECTED	NOT CONNECTED	NOT CONNECTED	NOT CONNECTED	NOT CONNECTED	NOT CONNECTED	NOT CONNECTED
1.4953	0.0000	-0.0120	0.0000	0.0000	0.0000	-0.0100	230.3900	0.0000	1.3000	77.1393	NOT CONNECTED	0.0000	500.0000	0.0000	0.0000	0.0000	0.0000	0.0931	0.0531	-1.6507	0.1224	-1.6541	0.0614	0.0000	0.0000	320.9265	0.0000	86.2628	1.6553	0.0052	93.9731
2.1000	0.0000	-0.0120	0.0000	0.0000	0.0000	-0.0100	230.3760	0.0000	1.3000	76.9086	NOT CONNECTED	0.0000	500.0000	0.0000	0.0000	0.0000	0.0000	0.0931	0.0531	-1.6507	0.1224	-1.6541	0.0614	0.0000	0.0000	320.9482	0.0000	86.1963	1.6553	0.0055	93.8769
2.2062	0.0000	-0.0120	0.0000	0.0000	0.0000	-0.0100	230.3760	0.0000	1.3000	76.9086	NOT CONNECTED	0.0000	500.0000	0.0000	0.0000	0.0000	0.0000	0.0931	0.0531	-1.6507	0.1224	-1.6541	0.0614	0.0000	0.0000	320.9482	0.0000	86.1963	1.6553	0.0055	93.8769
2.6991	0.0000	-0.0120	0.0000	0.0000	0.0000	-0.0100	230.3730	0.0000	1.3100	76.7204	NOT CONNECTED	0.0000	500.0000	0.0000	0.0000	0.0000	0.0000	0.0931	0.0531	-1.6507	0.1224	-1.6541	0.0614	0.0000	0.0000	320.9062	0.0000	86.1342	1.6553	0.0054	93.7810
2.9390	0.0000	-0.0120	0.0000	0.0000	0.0000	-0.0100	230.3730	0.0000	1.3100	76.7204	NOT CONNECTED	0.0000	500.0000	0.0000	0.0000	0.0000	0.0000	0.0931	0.0531	-1.6507	0.1224	-1.6541	0.0614	0.0000	0.0000	320.9062	0.0000	86.1342	1.6553	0.0054	93.7810
3.2883	0.0000	-0.0120	0.0000	0.0000	0.0000	-0.0100	230.3730	0.0000	1.3100	76.7204	NOT CONNECTED	0.0000	500.0000	0.0000	0.0000	0.0000	0.0000	0.0931	0.0531	-1.6507	0.1224	-1.6541	0.0614	0.0000	0.0000	320.9089	0.0000	86.0761	1.6553	0.0056	93.7810
3.6686	0.0000	-0.0120	0.0000	0.0000	0.0000	-0.0100	230.3690	0.0000	1.3000	76.5239	NOT CONNECTED	0.0000	500.0000	0.0000	0.0000	0.0000	0.0000	0.0931	0.0531	-1.6507	0.1224	-1.6541	0.0614	0.0000	0.0000	320.9103	0.0000	86.0215	1.6553	0.0051	93.6854
3.8843	0.0000	-0.0120	0.0000	0.0000	0.0000	-0.0100	230.3690	0.0000	1.3000	76.5239	NOT CONNECTED	0.0000	500.0000	0.0000	0.0000	0.0000	0.0000	0.0931	0.0531	-1.6507	0.1224	-1.6541	0.0614	0.0000	0.0000	320.9103	0.0000	86.0215	1.6553	0.0051	93.6854
4.3976	0.0000	-0.0120	0.0000	0.0000	0.0000	-0.0100	230.3710	0.0000	1.3000	76.3424	NOT CONNECTED	0.0000	500.0000	0.0000	0.0000	0.0000	0.0000	0.0931	0.0531	-1.6507	0.1224	-1.6541	0.0614	0.0000	0.0000	320.9117	0.0000	85.9720	1.6553	0.0054	93.6854
4.4914	0.0000	-0.0120	0.0000	0.0000	0.0000	-0.0100	230.3710	0.0000	1.3000	76.3424	NOT CONNECTED	0.0000	500.0000	0.0000	0.0000	0.0000	0.0000	0.0931	0.0531	-1.6507	0.1224	-1.6541	0.0614	0.0000	0.0000	320.9117	0.0000	85.9720	1.6553	0.0054	93.6854
5.0912	0.0000	-0.0120	0.0000	0.0000	0.0000	-0.0100	230.3770	0.0000	1.3100	76.1165	NOT CONNECTED	0.0000	500.0000	0.0000	0.0000	0.0000	0.0000	0.0931	0.0531	-1.6507	0.1224	-1.6541	0.0614	0.0000	0.0000	320.9347	0.0000	85.9232	1.6553	0.0053	93.5901
5.1364	0.0000	-0.0120	0.0000	0.0000	0.0000	-0.0100	230.3770	0.0000	1.3100	76.1165	NOT CONNECTED	0.0000	500.0000	0.0000	0.0000	0.0000	0.0000	0.0931	0.0531	-1.6507	0.1224	-1.6541	0.0614	0.0000	0.0000	320.9347	0.0000	85.9232	1.6553	0.0053	93.5901
5.7007	0.0000	-0.0120	0.0000	0.0000	0.0000	-0.0100	230.3820	0.0000	1.3100	75.9085	NOT CONNECTED	0.0000	500.0000	0.0000	0.0000	0.0000	0.0000	0.0931	0.0531	-1.6507	0.1224	-1.6541	0.0614	0.0000	0.0000	320.9117	0.0000	85.8749	1.6553	0.0052	93.4952
5.8631	0.0000	-0.0120	0.0000	0.0000	0.0000	-0.0100	230.3820	0.0000	1.3100	75.9085	NOT CONNECTED	0.0000	500.0000	0.0000	0.0000	0.0000	0.0000	0.0931	0.0531	-1.6507	0.1224	-1.6541	0.0614	0.0000	0.0000	320.9117	0.0000	85.8749	1.6553	0.0052	93.4952
6.3055	0.0000	-0.0120	0.0000	0.0000	0.0000	-0.0100	230.3900	0.0000	1.3000	75.7015	NOT CONNECTED	0.0000	500.0000	0.0000	0.0000	0.0000	0.0000	0.0931	0.0531	-1.6507	0.1224	-1.6541	0.0614	0.0000	0.0000	320.9211	0.0000	85.8310	1.6553	0.0054	93.4952
6.5964	0.0000	-0.0120	0.0000	0.0000	0.0000	-0.0100	230.3900	0.0000	1.3000	75.7015	NOT CONNECTED	0.0000	500.0000	0.0000	0.0000	0.0000	0.0000	0.0931	0.0531	-1.6507	0.1224	-1.6541	0.0614	0.0000	0.0000	320.9211	0.0000	85.8310	1.6553	0.0054	93.4952
6.8893	0.0000	-0.0120	0.0000	0.0000	0.0000	-0.0100	230.3900	0.0000	1.3000	75.7015	NOT CONNECTED	0.0000	500.0000	0.0000	0.0000	0.0000	0.0000	0.0931	0.0531	-1.6507	0.1224	-1.6541	0.0614	0.0000	0.0000	320.9617	0.0000	85.7890	1.6553	0.0053	93.4005
7.3223	0.0000	-0.0120	0.0000	0.0000	0.0000	-0.0100	230.4080	0.0000	1.2900	75.4991	NOT CONNECTED	0.0000	500.0000	0.0000	0.0000	0.0000	0.0000	0.0931	0.0531	-1.6507	0.1224	-1.6541	0.0614	0.0000	0.0000	321.0091	0.0000	85.7488	1.6553	0.0052	93.4005
7.4977	0.0000	-0.0120	0.0000	0.0000	0.0000	-0.0100	230.4080	0.0000	1.2900	75.4991	NOT CONNECTED	0.0000	500.0000	0.0000	0.0000	0.0000	0.0000	0.0931	0.0531	-1.6507	0.1224	-1.6541	0.0614	0.0000	0.0000	321.0091	0.0000	85.7488	1.6553	0.0052	93.4005
8.0528	0.0000	-0.0120	0.0000	0.0000	0.0000	-0.0100	230.4210	0.0000	1.3000	75.2848	NOT CONNECTED	0.0000	500.0000	0.0000	0.0000	0.0000	0.0000	0.0931	0.0531	-1.6507	0.1224	-1.6541	0.0614	0.0000	0.0000	320.9996	0.0000	85.7087	1.6553	0.0053	93.3061
8.1228	0.0000	-0.0120	0.0000	0.0000	0.0000	-0.0100	230.4210	0.0000	1.3000	75.2848	NOT CONNECTED	0.0000	500.0000	0.0000	0.0000	0.0000	0.0000	0.0931	0.0531	-1.6507	0.1224	-1.6541	0.0614	0.0000	0.0000	320.9996	0.0000	85.7087	1.6553	0.0053	93.3061
8.7231	0.0000	-0.0120	0.0000	0.0000	0.0000	-0.0100	230.4500	0.0000	1.2900	75.0903	NOT CONNECTED	0.0000	500.0000	0.0000	0.0000	0.0000	0.0000	0.0931	0.0531	-1.6507	0.1224	-1.6541	0.0614	0.0000	0.0000	321.0307	0.0000	85.6717	1.6553	0.0050	93.2120
8.7956	0.0000	-0.0120	0.0000	0.0000	0.0000	-0.0100	230.4500	0.0000	1.2900	75.0903	NOT CONNECTED	0.0000	500.0000	0.0000	0.0000	0.0000	0.0000	0.0931	0.0531	-1.6507	0.1224	-1.6541	0.0614	0.0000	0.0000	321.0307	0.0000	85.6717	1.6553	0.0050	93.2120
9.3196	0.0000	-0.0120	0.0000	0.0000	0.0000	-0.0100	230.4670	0.0000	1.2900	74.9171	NOT CONNECTED	0.0000	500.0000	0.0000	0.0000	0.0000	0.0000	0.0931	0.0531	-1.6507	0.1224	-1.6541	0.0614	0.0000	0.0000	321.0348	0.0000	85.6360	1.6553	0.0053	93.2120
9.5296	0.0000	-0.0120	0.0000	0.0000	0.0000	-0.0100	230.4670	0.0000	1.2900	74.9171	NOT CONNECTED	0.0000	500.0000	0.0000	0.0000	0.0000	0.0000	0.0931	0.0531	-1.6507	0.1224	-1.6541	0.0614	0.0000	0.0000	321.0348	0.0000	85.6360	1.6553	0.0053	93.2120
9.9192	0.0000	-0.0120	0.0000	0.0000	0.0000	-0.0100	230.5070	0.0000	1.3000	74.6961	NOT CONNECTED	0.0000	500.0000	0.0000	0.0000	0.0000	0.0000	0.0931	0.0531	-1.6507	0.1224	-1.6541	0.0614	0.0000	0.0000	321.0740	0.0000	85.6015	1.6553	0.0053	93.1182
10.2603	0.0000	-0.0120	0.0000	0.0000	0.0000	-0.0100	230.5070	0.0000	1.3000	74.6961	NOT CONNECTED	0.0000	500.0000	0.0000	0.0000	0.0000	0.0000	0.0931	0.0531	-1.6507	0.1224	-1.6541	0.0614	0.0000	0.0000	321.1579	0.0000	85.5681	1.6553	0.0052	93.1182
10.5142	0.0000	-0.0120	0.0000	0.0000	0.0000	-0.0100	230.5070	0.0000	1.3000	74.6961	NOT CONNECTED	0.0000	500.0000	0.0000	0.0000	0.0000	0.0000	0.0931	0.0531	-1.6507	0.1224	-1.6541	0.0614	0.0000	0.0000	321.1579	0.0000	85.5681	1.6553	0.0052	93.1182
10.9994	0.0000	-0.0120	0.0000	0.0000	0.0000	-0.0100	230.5270	0.0000	1.3000	74.5164	NOT CONNECTED	0.0000	500.0000	0.0000	0.0000	0.0000	0.0000	0.0931	0.0531	-1.6507	0.1224	-1.6541	0.0614	0.0000	0.0000	321.1620	0.0000	85.5356	1.6553	0.0052	93.0247
11.1291	0.0000	-0.0120	0.0000	0.0000	0.0000	-0.0100	230.5270	0.0000	1.3000	74.5164	NOT CONNECTED	0.0000	500.0000	0.0000	0.0000	0.0000	0.0000	0.0931	0.0531	-1.6507	0.1224	-1.6541	0.0614	0.0000	0.0000	321.1620	0.0000	85.5356	1.6553	0.0052	93.0247
11.7241	0.0000	-0.0120	0.0000	0.0000	0.0000	-0.0100	230.5680	0.0000	1.3000	74.3440	NOT CONNECTED	0.0000	500.0000	0.0000	0.0000	0.0000	0.0000	0.0931	0.0531	-1.6507	0.1224	-1.6541	0.0614	0.0000	0.0000	321.1782	0.0000	85.5039	1.6553	0.0050	92.9315
11.7380	0.0000	-0.0120	0.0000	0.0000	0.0000	-0.0100	230.5680	0.0000	1.3000	74.3440	NOT CONNECTED	0.0000	500.0000	0.0000	0.0000	0.0000	0.0000	0.0931	0.0531	-1.6507	0.1224	-1.6541	0.0614	0.0000	0.0000	321.1782	0.0000	85.5039	1.6553	0.0050	92.9315
12.3082	0.0000	-0.0120	0.0000	0.0000	0.0000	-0.0100	230.5900	0.0000	1.3100	74.1703	NOT CONNECTED	0.0000	500.0000	0.0000	0.0000	0.0000	0.0000	0.0931	0.0531	-1.6507	0.1224	-1.6541	0.0614	0.0000	0.0000	321.1958	0.0000	85.4731	1.6553	0.0053	92.9315
12.4706	0.0000	-0.0120	0.0000	0.0000	0.0000	-0.0100	230.5900	0.0000	1.3100	74.1703	NOT CONNECTED	0.0000	500.0000	0.0000	0.0000	0.0000	0.0000	0.0931	0.0531	-1.6507	0.1224	-1.6541	0.0614	0.0000	0.0000	321.1958	0.0000	85.4731	1.6553	0.0053	92.9315
12.9029	0.0000	-0.0120	0.0000	0.0000	0.0000	-0.0100	230.6370	0.0000	1.3100	73.9865	NOT CONNECTED	0.0000	500.0000	0.0000	0.0000	0.0000	0.0000	0.0931	0.0531	-1.6507	0.1224	-1.6541	0.0614	0.0000	0.0000	321.2350	0.0000	85.4442	1.6553	0.0053	92.8386
13.2017	0.0000	-0.0120	0.0000	0.0000	0.0000	-0.0100	230.6370	0.0000	1.3100	73.9865	NOT CONNECTED	0.0000	500.0000	0.0000	0.0000	0.0000	0.0000	0.0931	0.0531	-1.6507	0.1224	-1.6541	0.0614	0.0000	0.0000	321.2350	0.0000	85.4442	1.6553	0.0053	92.8386
13.5080	0.0000	-0.0120	0.0000	0.0000	0.0000	-0.0100	230.6370	0.0000	1.3100	73.9865	NOT CONNECTED	0.0000	500.0000	0.0000	0.0000	0.0000	0.0000	0.0931	0.0531	-1.6507	0.1224	-1.6541	0.0614	0.0000	0.0000	321.2932	0.0000	85.4148	1.6553	0.0052	92.8386
14.1112	0.0000	-0.0120	0.0000	0.0000	0.0000	-0.0100	230.6780	0.0000	1.3100	73.7463	NOT CONNECTED	0.0000	500.0000	0.0000	0.0000	0.0000	0.0000	0.0931	0.0531	-1.6507	0.1224	-1.6541	0.0614	0.0000	0.0000	321.3081	0.0000	85.3859	1.6553	0.0052	92.7460
14.2016	0.0000	-0.0120	0.0000	0.0000	0.0000	-0.0100	230.6780	0.0000	1.3100	73.7463	NOT CONNECTED	0.0000	500.0000	0.0000	0.0000	0.0000	0.0000	0.0931	0.0531	-1.6507	0.1224	-1.6541	0.0614	0.0000	0.0000	321.3081	0.0000	85.3859	1.6553	0.0052	92.7460
14.7151	0.0000	-0.0120	0.0000	0.0000	0.0000	-0.0100	230.6970	0.0000	1.3200	73.5575	NOT CONNECTED	0.0000	500.0000	0.0000	0.0000	0.0000	0.0000	0.0931	0.0531	-1.6507	0.1224	-1.6541	0.0614	0.0000	0.0000	321.3257	0.0000	85.3575	1.6553	0.0050	92.6537
14.9308	0.0000	-0.0120	0.0000	0.0000	0.0000	-0.0100	230.6970	0.0000	1.3200	73.5575	NOT CONNECTED	0.0000	500.0000	0.0000	0.0000	0.0000	0.0000	0.0931	0.0531	-1.6507	0.1224	-1.6541	0.0614	0.0000	0.0000	321.3257	0.0000	85.3575	1.6553	0.0050	92.6537
15.3205	0.0000	-0.0120	0.0000	0.0000	0.0000	-0.0100	230.7310	0.0000	1.3100	73.4027	NOT CONNECTED	12000.0000	500.0000	0.0000	0.0000	0.0000	0.0000	0.0931	0.0531	-1.6507	0.1224	-1.6541	0.0614	0.0000	0.0000	321.3541	0.0000	85.3285	1.6553	0.0054	92.6537
15.6673	0.0000	-0.0120	0.0000	0.0000	0.0000	-0.0100	230.7310	0.0000	1.3100	73.4027	NOT CONNECTED	12000.0000	500.0000	0.0000	0.0000	0.0000	0.0000	0.0931	0.0531	-1.6507	0.1224	-1.6541	0.0614	0.0000	0.0000	321.3771	0.0000	85.3012	1.6553	0.0053	92.5616
15.9130	0.0000	-0.0120	0.0000	0.0000	0.0000	-0.0100	230.7310	0.0000	1.3100	73.4027	NOT CONNECTED	12000.0000	500.0000	0.0000	0.0000	0.0000	0.0000	0.0931	0.0531	-1.6507	0.1224	-1.6541	0.0614	0.0000	0.0000	321.3771	0.0000	85.3012	1.6553	0.0053	92.5616
16.4059	0.0000	-0.0120	0.0000	0.0000	0.0000	-0.0100	230.7470	0.0000	1.3100	73.2010	NOT CONNECTED	12000.0000	500.0000	0.0000	0.0000	0.0000	0.0000	0.0931	0.0531	-1.6507	0.1224	-1.6541	0.0614	0.0000	0.0000	321.4541	0.0000	85.2741	1.6553	0.0053	92.5616
16.5180	0.0000	-0.0120	0.0000	0.0000	0.0000	-0.0100	230.7470	0.0000	1.3100	73.2010	NOT CONNECTED	12000.0000	500.0000	0.0000	0.0000	0.0000	0.0000	0.0931	0.0531	-1.6507	0.1224	-1.6541	0.0614	0.0000	0.0000	321.4541	0.0000	85.2741	1.6553	0.0053	92.5616
17.1205	0.0000	-0.0120	0.0000	0.0000	0.0000	-0.0100	230.7710	0.0000	1.3100	73.0387	NOT CONNECTED	12000.0000	500.0000	0.0000	0.0000	0.0000	0.0000	0.0931	0.0531	-1.6507	0.1224	-1.6541	0.0614	0.0000	0.0000	321.4352	0.0000	85.2477	1.6553	0.0055	92.4699
17.1292	0.0000	-0.0120	0.0000	0.0000	0.0000	-0.0100	230.7710	0.0000	1.3100	73.0387	NOT CONNECTED	12000.0000	500.0000	0.0000	0.0000	0.0000	0.0000	0.0931	0.0531	-1.6507	0.1224	-1.6541	0.0614	0.0000	0.0000	321.4352	0.0000	85.2477	1.6553	0.0055	92.4699
17.7256	0.0000	-0.0120	0.0000	0.0000	0.0000	-0.0100	230.7780	0.0000	1.3100	72.8559	NOT CONNECTED	12000.0000	500.0000	0.0000	0.0000	0.0000	0.0000	0.0931	0.0531	-1.6507	0.1224	-1.6541	0.0614	0.0000	0.0000	321.4352	0.0000	85.2214	1.6553	0.0055	92.3784
17.8678	0.0000	-0.0120	0.0000	0.0000	0.0000	-0.0100	230.7780	0.0000	1.3100	72.8559	NOT CONNECTED	12000.0000	500.0000	0.0000	0.0000	0.0000	0.0000	0.0931	0.0531	-1.6507	0.1224	-1.6541	0.0614	0.0000	0.0000	321.4352	0.0000	85.2214	1.6553	0.0055	92.3784
18.3204	0.0000	-0.0120	0.0000	0.0000	0.0000	-0.0100	230.7810	0.0000	1.3000	72.6623	NOT CONNECTED	12000.0000	500.0000	0.0000	0.0000	0.0000	0.0000	0.0931	0.0531	-1.6507	0.1224	-1.6541	0.0614	0.0000	0.0000	321.4136	0.0000	85.1956	1.6553	0.0054	92.3784
18.5972	0.0000	-0.0120	0.0000	0.0000	0.0000	-0.0100	230.7810	0.0000	1.3000	72.6623	NOT CONNECTED	12000.0000	500.0000	0.0000	0.0000	0.0000	0.0000	0.0931	0.0531	-1.6507	0.1224	-1.6541	0.0614	0.0000	0.0000	321.4136	0.0000	85.1956	1.6553	0.0054	92.3784
18.9242	0.0000	-0.0120	0.0000	0.0000	0.0000	-0.0100	230.7810	0.0000	1.3000	72.6623	NOT CONNECTED	12000.0000	500.0000	0.0000	0.0000	0.0000	0.0000	0.0931	0.0531	-1.6507	0.1224	-1.6541	0.0614	0.0000	0.0000	321.4258	0.0000	85.1700	1.6553	0.0053	92.2872
19.3362	0.0000	-0.0120	0.0000	0.0000	0.0000	-0.0100	230.7820	0.0000	1.3100	72.5054	NOT CONNECTED	12000.0000	500.0000	0.0000	0.0000	-0.0004	0.0000	0.0931	0.0531	0.0080	0.0001	-1.6541	-0.0211	0.7700	0.0000	320.0262	-0.0008	85.1448	1.6553	0.0050	92.2872
19.5048	0.0000	-0.0120	0.0000	0.0000	0.0000	-0.0100	230.7820	0.0000	1.3100	72.5054	NOT CONNECTED	12000.0000	500.0000	0.0000	0.0000	-0.0004	0.0000	0.0931	0.0531	0.0080	0.0001	-1.6541	-0.0211	0.7700	0.0000	320.0262	-0.0008	85.1448	1.6553	0.0050	92.2872
20.0695	46.0000	-0.0880	0.0000	0.0000	0.0000	-0.0100	230.7780	0.0000	1.3100	72.3078	NOT CONNECTED	12000.0000	500.0000	0.0000	-0.0257	-0.0215	0.0000	0.1539	0.0531	2.0308	-0.0235	2.0349	-0.0508	15.5050	0.0000	310.5478	47.2299	85.1417	2.0229	0.6576	92.1963
20.6641	0.0000	-0.0130	1.3420	0.0000	13.7200	41.6600	230.7250	0.4079	56.6900	72.1694	NOT CONNECTED	12000.0000	500.0000	0.0000	0.2589	-0.0433	0.0000	0.1704	0.0531	3.0340	-0.0426	3.0448	-0.1127	22.3649	0.0000	304.5667	101.8442	85.3763	3.0263	1.8041	92.1105
20.8040	0.0000	-0.0130	1.3420	0.0000	13.7200	41.6600	230.7250	0.4079	56.6900	72.1694	NOT CONNECTED	12000.0000	500.0000	0.0000	0.2589	-0.0433	0.0000	0.1704	0.0531	3.0340	-0.0426	3.0448	-0.1127	22.3649	0.0000	304.5667	101.8442	85.3763	3.0263	1.8041	92.1105
21.2478	0.0000	-0.0130	1.8474	0.0000	19.1020	79.7300	230.6920	0.6763	99.1700	72.0653	NOT CONNECTED	12000.0000	500.0000	0.0000	0.0919	-0.0413	0.0000	0.1703	0.0531	3.0381	-0.0427	3.0367	-0.0974	22.4349	0.0000	304.4208	102.2696	85.9193	3.0544	2.1503	92.1105
21.5255	0.0000	-0.0130	1.8474	0.0000	19.1020	79.7300	230.6920	0.6763	99.1700	72.0653	NOT CONNECTED	12000.0000	500.0000	0.0000	0.0919	-0.0413	0.0000	0.1703	0.0531	3.0381	-0.0427	3.0367	-0.0974	22.4349	0.0000	304.4208	102.2696	85.9193	3.0544	2.1503	92.1105
21.8203	0.0000	-0.0130	1.8474	0.0000	19.1020	79.7300	230.6920	0.6763	99.1700	72.0653	NOT CONNECTED	12000.0000	500.0000	0.0000	0.0704	-0.0008	0.0000	0.1429	0.0531	0.9512	-0.0009	0.9592	-0.0100	8.5949	0.0000	316.5019	12.3092	86.3623	0.9512	0.8128	92.2087
22.2594	0.0000	-0.0120	0.6556	0.0000	6.5350	9.7500	230.7430	0.1558	18.7400	72.0226	NOT CONNECTED	12000.0000	500.0000	0.0000	72.6131	0.1707	0.1874	0.1120	0.1117	1.0210	0.2531	1.0084	0.3426	7.8297	8.1778	315.7633	15.1794	81.9507	1.0691	0.7273	92.2087
22.4142	0.0000	-0.0120	0.6556	0.0000	6.5350	9.7500	230.7430	0.1558	18.7400	72.0226	NOT CONNECTED	12000.0000	500.0000	0.0000	72.6131	0.1707	0.1874	0.1120	0.1117	1.0210	0.2531	1.0084	0.3426	7.8297	8.1778	315.7633	15.1794	81.9507	1.0691	0.7273	92.2087
22.9878	216.0000	-0.1160	0.6550	0.0000	7.9660	10.7000	230.7060	0.1544	19.0400	71.9106	NOT CONNECTED	12000.0000	500.0000	0.0000	393.6631	0.1301	0.0985	0.0932	0.0935	0.1512	0.2337	0.1270	0.2771	0.5923	17.9353	317.8333	6.4144	81.8889	0.2168	0.3236	92.3184
22.9952	216.0000	-0.1160	0.6550	0.0000	7.9660	10.7000	230.7060	0.1544	19.0400	71.9106	NOT CONNECTED	12000.0000	500.0000	0.0000	393.6631	0.1301	0.0985	0.0932	0.0935	0.1512	0.2337	0.1270	0.2771	0.5923	17.9353	317.8333	6.4144	81.8889	0.2168	0.3236	92.3184
23.5864	582.0000	-0.1080	0.1798	0.0000	23.1570	6.4700	230.6610	0.1020	11.8400	71.8552	NOT CONNECTED	12000.0000	500.0000	0.0000	670.4685	0.1167	0.1654	0.0935	0.0933	0.1043	0.2037	0.0771	0.2630	0.5052	29.2885	316.6142	9.9422	81.7609	0.2839	0.1849	92.2606
23.7088	582.0000	-0.1080	0.1798	0.0000	23.1570	6.4700	230.6610	0.1020	11.8400	71.8552	NOT CONNECTED	12000.0000	500.0000	0.0000	670.4685	0.1167	0.1654	0.0935	0.0933	0.1043	0.2037	0.0771	0.2630	0.5052	29.2885	316.6142	9.9422	81.7609	0.2839	0.1849	92.2606
24.1804	953.0000	-0.1100	0.1809	0.0000	35.2900	10.2100	230.6380	0.1331	15.9900	71.7494	NOT CONNECTED	12000.0000	500.0000	0.0000	972.1708	0.1496	0.1445	0.0936	0.0936	0.0850	0.2624	0.0260	0.2363	0.5277	41.1385	315.6049	14.9933	81.6353	0.2625	0.1842	92.2606
24.4508	953.0000	-0.1100	0.1809	0.0000	35.2900	10.2100	230.6380	0.1331	15.9900	71.7494	NOT CONNECTED	12000.0000	500.0000	0.0000	972.1708	0.1496	0.1445	0.0936	0.0936	0.0850	0.2624	0.0260	0.2363	0.5277	41.1385	315.6049	14.9933	81.6353	0.2625	0.1842	92.2606
24.7646	953.0000	-0.1100	0.1809	0.0000	35.2900	10.2100	230.6380	0.1331	15.9900	71.7494	NOT CONNECTED	12000.0000	500.0000	0.0000	1265.1846	0.1378	0.1697	0.0935	0.0935	0.0941	0.2476	0.0921	0.2086	0.3498	52.3406	314.4578	19.9197	81.5213	0.2812	0.1884	92.1720
25.1791	1319.0000	-0.1100	0.1854	0.0000	59.3680	18.1600	230.5910	0.1953	24.6400	71.6027	NOT CONNECTED	12000.0000	500.0000	0.0000	1564.0953	0.1418	0.1392	0.0935	0.0935	0.0539	0.2618	0.0847	0.2565	0.6107	64.8973	313.5703	24.5073	81.4222	0.2770	0.1919	92.1720
25.3588	1319.0000	-0.1100	0.1854	0.0000	59.3680	18.1600	230.5910	0.1953	24.6400	71.6027	NOT CONNECTED	12000.0000	500.0000	0.0000	1564.0953	0.1418	0.1392	0.0935	0.0935	0.0539	0.2618	0.0847	0.2565	0.6107	64.8973	313.5703	24.5073	81.4222	0.2770	0.1919	92.1720
25.9087	1683.0000	-0.1100	0.1889	0.0000	71.2930	22.4600	230.5670	0.2277	29.3000	71.4571	NOT CONNECTED	12000.0000	500.0000	0.0000	1864.0585	0.1566	0.1395	0.0935	0.0935	0.0174	0.2823	0.0461	0.3038	0.4784	76.5963	312.5639	29.8177	81.3280	0.2560	0.1939	92.0841
25.9534	1683.0000	-0.1100	0.1889	0.0000	71.2930	22.4600	230.5670	0.2277	29.3000	71.4571	NOT CONNECTED	12000.0000	500.0000	0.0000	1864.0585	0.1566	0.1395	0.0935	0.0935	0.0174	0.2823	0.0461	0.3038	0.4784	76.5963	312.5639	29.8177	81.3280	0.2560	0.1939	92.0841
26.5498	2052.0000	-0.1110	0.1970	0.0000	95.3420	31.5000	230.5170	0.2931	38.9100	71.2859	NOT CONNECTED	12000.0000	500.0000	0.0000	2154.1210	0.1528	0.1556	0.0935	0.0935	0.0092	0.2796	0.0734	0.2738	0.6631	88.1204	311.7442	35.1806	81.2423	0.2796	0.1993	91.9975
26.6495	2052.0000	-0.1110	0.1970	0.0000	95.3420	31.5000	230.5170	0.2931	38.9100	71.2859	NOT CONNECTED	12000.0000	500.0000	0.0000	2154.1210	0.1528	0.1556	0.0935	0.0935	0.0092	0.2796	0.0734	0.2738	0.6631	88.1204	311.7442	35.1806	81.2423	0.2796	0.1993	91.9975
27.1436	2420.0000	-0.1110	0.2007	0.0000	107.5540	36.2300	230.4950	0.3256	43.8400	71.0721	NOT CONNECTED	12000.0000	500.0000	0.0000	2458.6935	0.1430	0.1432	0.0935	0.0935	0.0821	0.2484	-0.0490	0.2739	-0.4778	99.6404	310.9816	41.4176	81.1640	0.2541	0.2012	91.9975
27.3994	2420.0000	-0.1110	0.2007	0.0000	107.5540	36.2300	230.4950	0.3256	43.8400	71.0721	NOT CONNECTED	12000.0000	500.0000	0.0000	2458.6935	0.1430	0.1432	0.0935	0.0935	0.0821	0.2484	-0.0490	0.2739	-0.4778	99.6404	310.9816	41.4176	81.1640	0.2541	0.2012	91.9975
27.7335	2420.0000	-0.1110	0.2007	0.0000	107.5540	36.2300	230.4950	0.3256	43.8400	71.0721	NOT CONNECTED	12000.0000	500.0000	0.0000	2758.2733	0.1561	0.1400	0.0936	0.0935	0.0410	0.2762	0.0728	0.2924	-0.4643	110.4922	310.0744	46.5018	81.0923	0.2782	0.2061	91.9127
28.1483	2795.0000	-0.1140	0.2085	0.0000	131.6660	46.2500	230.4500	0.3933	54.2400	70.8317	NOT CONNECTED	12000.0000	500.0000	0.0000	3055.0198	0.1593	0.1340	0.0934	0.0935	-0.0230	0.2894	0.0367	0.3311	-0.0293	122.9936	309.3023	52.5633	81.0294	0.2495	0.2098	91.9127
28.3316	2795.0000	-0.1140	0.2085	0.0000	131.6660	46.2500	230.4500	0.3933	54.2400	70.8317	NOT CONNECTED	12000.0000	500.0000	0.0000	3055.0198	0.1593	0.1340	0.0934	0.0935	-0.0230	0.2894	0.0367	0.3311	-0.0293	122.9936	309.3023	52.5633	81.0294	0.2495	0.2098	91.9127
28.8871	3172.0000	-0.1140	0.2129	0.0000	143.6070	51.3300	230.4310	0.4266	59.3800	70.6237	NOT CONNECTED	12000.0000	500.0000	0.0000	3345.3840	0.1499	0.1673	0.0936	0.0935	0.0578	0.2602	0.0754	0.3083	0.9467	135.1375	308.4940	58.3995	80.9690	0.3217	0.2157	91.8299
28.9237	3172.0000	-0.1140	0.2129	0.0000	143.6070	51.3300	230.4310	0.4266	59.3800	70.6237	NOT CONNECTED	12000.0000	500.0000	0.0000	3345.3840	0.1499	0.1673	0.0936	0.0935	0.0578	0.2602	0.0754	0.3083	0.9467	135.1375	308.4940	58.3995	80.9690	0.3217	0.2157	91.8299
29.5088	3533.0000	-0.1130	0.2195	0.0000	167.7820	61.9500	230.3990	0.4956	70.3000	70.3691	NOT CONNECTED	12000.0000	500.0000	0.0000	3633.3966	0.1746	0.1815	0.0936	0.0936	0.0470	0.3094	-0.0200	0.2931	0.4303	146.8717	307.7831	65.0993	80.9133	0.2819	0.2180	91.8299
29.6508	3533.0000	-0.1130	0.2195	0.0000	167.7820	61.9500	230.3990	0.4956	70.3000	70.3691	NOT CONNECTED	12000.0000	500.0000	0.0000	3633.3966	0.1746	0.1815	0.0936	0.0936	0.0470	0.3094	-0.0200	0.2931	0.4303	146.8717	307.7831	65.0993	80.9133	0.2819	0.2180	91.8299
30.1118	3915.0000	-0.1150	0.2238	0.0000	180.0480	67.6400	230.3850	0.5313	76.0500	70.1028	NOT CONNECTED	12000.0000	500.0000	0.0000	3931.8672	0.1843	0.1676	0.0936	0.0937	0.0829	0.3316	0.0451	0.3209	2.3281	158.7297	307.0439	71.9492	80.8638	0.2743	0.2223	91.7494
30.3939	3915.0000	-0.1150	0.2238	0.0000	180.0480	67.6400	230.3850	0.5313	76.0500	70.1028	NOT CONNECTED	12000.0000	500.0000	0.0000	3931.8672	0.1843	0.1676	0.0936	0.0937	0.0829	0.3316	0.0451	0.3209	2.3281	158.7297	307.0439	71.9492	80.8638	0.2743	0.2223	91.7494
30.7101	3915.0000	-0.1150	0.2238	0.0000	180.0480	67.6400	230.3850	0.5313	76.0500	70.1028	NOT CONNECTED	12000.0000	500.0000	0.0000	4229.8613	0.2109	0.1891	0.0927	0.0938	0.0736	0.3872	-0.0555	0.3053	10.5176	168.9981	306.3994	81.6809	80.8156	0.3407	0.2213	91.6717
31.1510	4294.0000	-0.1160	0.2332	0.0000	204.2990	79.6400	230.3570	0.6037	87.7900	69.8757	NOT CONNECTED	12000.0000	500.0000	0.0000	4229.8613	0.2109	0.1891	0.0927	0.0938	0.0736	0.3872	-0.0555	0.3053	10.5176	168.9981	306.3994	81.6809	80.8156	0.3407	0.2213	91.6717
31.8152	4665.0000	-0.1210	0.2369	0.0000	212.5220	85.7100	230.3460	0.6389	93.5800	69.6208	NOT CONNECTED	12000.0000	500.0000	0.0000	4788.8458	0.1900	0.1667	0.0854	0.0850	-0.3018	0.3882	-0.2941	0.3457	-2.7954	170.0887	305.1228	94.8110	80.7354	0.5212	0.2785	91.5968
31.8974	4665.0000	-0.1210	0.2369	0.0000	212.5220	85.7100	230.3460	0.6389	93.5800	69.6208	NOT CONNECTED	12000.0000	500.0000	0.0000	4788.8458	0.1900	0.1667	0.0854	0.0850	-0.3018	0.3882	-0.2941	0.3457	-2.7954	170.0887	305.1228	94.8110	80.7354	0.5212	0.2785	91.5968
32.4044	5035.0000	-0.1250	0.3988	0.0000	212.3390	97.2500	230.3280	0.7149	106.1500	69.3774	NOT CONNECTED	12000.0000	500.0000	0.0000	5078.6096	0.2155	0.1941	0.0791	0.0798	-0.4635	0.4592	-0.6214	0.3308	-2.8299	166.4226	304.4345	103.9137	80.7055	0.8251	0.3753	91.5968
32.6506	5035.0000	-0.1250	0.3988	0.0000	212.3390	97.2500	230.3280	0.7149	106.1500	69.3774	NOT CONNECTED	12000.0000	500.0000	0.0000	5078.6096	0.2155	0.1941	0.0791	0.0798	-0.4635	0.4592	-0.6214	0.3308	-2.8299	166.4226	304.4345	103.9137	80.7055	0.8251	0.3753	91.5968
32.9951	5035.0000	-0.1250	0.3988	0.0000	212.3390	97.2500	230.3280	0.7149	106.1500	69.3774	NOT CONNECTED	12000.0000	500.0000	0.0000	5378.3819	0.1923	0.1655	0.0756	0.0751	-0.7474	0.4526	-0.8054	0.3225	-11.4980	160.9305	303.5596	114.1122	80.6914	0.7253	0.5569	91.2888
33.3979	5411.0000	-0.1250	0.5118	0.0000	212.0760	104.7000	230.3210	0.7644	114.4400	69.1804	NOT CONNECTED	12000.0000	500.0000	0.0000	5664.1981	0.1777	0.2023	0.0705	0.0695	-1.0456	0.4397	-1.0260	0.2686	-10.2583	170.6768	302.7919	123.8743	80.7007	1.0881	0.6662	90.9945
33.5922	5411.0000	-0.1250	0.5118	0.0000	212.0760	104.7000	230.3210	0.7644	114.4400	69.1804	NOT CONNECTED	12000.0000	500.0000	0.0000	5664.1981	0.1777	0.2023	0.0705	0.0695	-1.0456	0.4397	-1.0260	0.2686	-10.2583	170.6768	302.7919	123.8743	80.7007	1.0881	0.6662	90.9945
34.1587	5784.0000	-0.1320	0.7206	0.0000	211.6360	120.4800	230.3100	0.8679	132.0000	68.9508	NOT CONNECTED	12000.0000	500.0000	0.0000	5977.2110	0.1660	0.1576	0.0662	0.0665	-1.1505	0.4246	-1.1828	0.2932	-7.3316	160.6679	301.9017	135.5716	80.7289	1.1923	0.7614	90.9945
34.1939	5784.0000	-0.1320	0.7206	0.0000	211.6360	120.4800	230.3100	0.8679	132.0000	68.9508	NOT CONNECTED	12000.0000	500.0000	0.0000	5977.2110	0.1660	0.1576	0.0662	0.0665	-1.1505	0.4246	-1.1828	0.2932	-7.3316	160.6679	301.9017	135.5716	80.7289	1.1923	0.7614	90.9945
34.7876	6156.0000	-0.1380	0.8158	0.0000	211.4070	129.4900	230.3050	0.9253	141.8900	68.7817	NOT CONNECTED	12000.0000	500.0000	0.0000	6267.4702	0.1975	0.1980	0.0639	0.0634	-1.2000	0.4971	-1.1977	0.2867	-12.5527	168.0236	301.1371	146.9142	80.7815	1.3665	0.8996	90.7240
34.8998	6156.0000	-0.1380	0.8158	0.0000	211.4070	129.4900	230.3050	0.9253	141.8900	68.7817	NOT CONNECTED	12000.0000	500.0000	0.0000	6267.4702	0.1975	0.1980	0.0639	0.0634	-1.2000	0.4971	-1.1977	0.2867	-12.5527	168.0236	301.1371	146.9142	80.7815	1.3665	0.8996	90.7240
35.3902	6531.0000	-0.1460	0.9844	0.0000	210.9750	147.3200	230.3040	1.0403	161.5800	68.6151	NOT CONNECTED	12000.0000	500.0000	0.0000	6563.1714	0.2015	0.2009	0.0602	0.0597	-1.4694	0.5536	-1.5596	0.2987	-14.9575	171.4483	300.2951	163.4163	80.8499	1.4261	0.9792	90.7240
35.6473	6531.0000	-0.1460	0.9844	0.0000	210.9750	147.3200	230.3040	1.0403	161.5800	68.6151	NOT CONNECTED	12000.0000	500.0000	0.0000	6563.1714	0.2015	0.2009	0.0602	0.0597	-1.4694	0.5536	-1.5596	0.2987	-14.9575	171.4483	300.2951	163.4163	80.8499	1.4261	0.9792	90.7240
35.9848	6531.0000	-0.1460	0.9844	0.0000	210.9750	147.3200	230.3040	1.0403	161.5800	68.6151	NOT CONNECTED	12000.0000	500.0000	0.0000	6863.1862	0.2049	0.2030	0.0567	0.0564	-1.4768	0.5549	-1.6031	0.3241	-12.4028	164.4900	299.3878	177.1249	80.9410	1.6701	1.0627	90.4808
36.3884	6908.0000	-0.1500	1.0671	0.0000	210.4250	160.1500	230.3020	1.1197	175.4300	68.4974	NOT CONNECTED	12000.0000	500.0000	0.0000	7160.3271	0.1880	0.2034	0.0534	0.0544	-1.6297	0.5708	-1.7321	0.2890	-6.2607	168.6259	298.8995	186.4875	81.0579	1.8161	1.1774	90.2611
36.5881	6908.0000	-0.1500	1.0671	0.0000	210.4250	160.1500	230.3020	1.1197	175.4300	68.4974	NOT CONNECTED	12000.0000	500.0000	0.0000	7160.3271	0.1880	0.2034	0.0534	0.0544	-1.6297	0.5708	-1.7321	0.2890	-6.2607	168.6259	298.8995	186.4875	81.0579	1.8161	1.1774	90.2611
37.1474	7271.0000	-0.1520	1.2068	0.0000	209.7650	178.8200	230.3150	1.2365	195.9700	68.4017	NOT CONNECTED	12000.0000	500.0000	0.0000	7459.0422	0.2149	0.2076	0.0538	0.0525	-1.7039	0.7174	-1.7090	0.2790	-16.0499	172.0530	298.2598	201.9293	81.1850	1.7528	1.2350	90.2611
37.1846	7271.0000	-0.1520	1.2068	0.0000	209.7650	178.8200	230.3150	1.2365	195.9700	68.4017	NOT CONNECTED	12000.0000	500.0000	0.0000	7459.0422	0.2149	0.2076	0.0538	0.0525	-1.7039	0.7174	-1.7090	0.2790	-16.0499	172.0530	298.2598	201.9293	81.1850	1.7528	1.2350	90.2611
37.7795	7908.0000	-0.1600	1.3287	0.0000	209.2230	199.2900	230.3320	1.3618	218.1600	68.2914	NOT CONNECTED	12000.0000	500.0000	0.0000	7760.0024	0.1938	0.2083	0.0501	0.0497	-1.8549	0.6155	-1.8517	0.3366	-15.8459	161.0338	297.6098	212.3859	81.3253	2.0507	1.2983	90.0729
38.3721	7908.0000	-0.1600	1.3287	0.0000	209.2230	199.2900	230.3320	1.3618	218.1600	68.2914	NOT CONNECTED	12000.0000	500.0000	0.0000	8055.5357	0.2113	0.2162	0.0469	0.0486	-1.9414	0.7738	-2.0511	0.3284	-22.4552	162.0253	297.0027	227.0105	81.4778	2.1453	1.3821	90.0729
38.3888	7908.0000	-0.1600	1.3287	0.0000	209.2230	199.2900	230.3320	1.3618	218.1600	68.2914	NOT CONNECTED	12000.0000	500.0000	0.0000	8055.5357	0.2113	0.2162	0.0469	0.0486	-1.9414	0.7738	-2.0511	0.3284	-22.4552	162.0253	297.0027	227.0105	81.4778	2.1453	1.3821	90.0729
38.9748	8270.0000	-0.1600	1.4390	0.0000	208.7050	222.3900	230.3520	1.5021	243.1300	68.2477	NOT CONNECTED	12000.0000	500.0000	0.0000	8354.8576	0.2172	0.2155	0.0469	0.0453	-2.0158	0.7917	-1.9313	0.3526	-7.5985	162.4177	296.3653	243.8777	81.6425	2.0667	1.4387	89.9150
39.1474	8270.0000	-0.1600	1.4390	0.0000	208.7050	222.3900	230.3520	1.5021	243.1300	68.2477	NOT CONNECTED	12000.0000	500.0000	0.0000	8354.8576	0.2172	0.2155	0.0469	0.0453	-2.0158	0.7917	-1.9313	0.3526	-7.5985	162.4177	296.3653	243.8777	81.6425	2.0667	1.4387	89.9150
39.5662	8648.0000	-0.1640	1.4884	0.0000	208.4880	232.8300	230.3660	1.5651	254.4100	68.2574	NOT CONNECTED	12000.0000	500.0000	0.0000	8655.6004	0.2147	0.2129	0.0451	0.0439	-2.0619	0.8171	-2.2192	0.3121	-12.6294	164.3947	295.9813	251.0947	81.8202	2.2202	1.5234	89.7775
39.8852	8648.0000	-0.1640	1.4884	0.0000	208.4880	232.8300	230.3660	1.5651	254.4100	68.2574	NOT CONNECTED	12000.0000	500.0000	0.0000	8944.2317	0.2260	0.2268	0.0410	0.0422	-2.1983	0.8827	-2.3573	0.3786	-19.7889	161.3127	295.2976	270.4681	82.0029	2.2946	1.5597	89.7775
40.1604	8648.0000	-0.1640	1.4884	0.0000	208.4880	232.8300	230.3660	1.5651	254.4100	68.2574	NOT CONNECTED	12000.0000	500.0000	0.0000	8944.2317	0.2260	0.2268	0.0410	0.0422	-2.1983	0.8827	-2.3573	0.3786	-19.7889	161.3127	295.2976	270.4681	82.0029	2.2946	1.5597	89.7775
40.6373	9029.0000	-0.1640	1.5822	0.0000	207.9640	256.9400	230.3930	1.7092	280.2500	68.2922	NOT CONNECTED	12000.0000	500.0000	0.0000	9240.4546	0.2316	0.2309	0.0426	0.0426	-1.9951	0.9176	-2.2525	0.3417	-22.1720	161.8928	294.9487	283.5423	82.1921	2.3555	1.6036	89.6718
40.7650	9029.0000	-0.1640	1.5822	0.0000	207.9640	256.9400	230.3930	1.7092	280.2500	68.2922	NOT CONNECTED	12000.0000	500.0000	0.0000	9240.4546	0.2316	0.2309	0.0426	0.0426	-1.9951	0.9176	-2.2525	0.3417	-22.1720	161.8928	294.9487	283.5423	82.1921	2.3555	1.6036	89.6718
41.3671	9388.0000	-0.1650	1.6229	0.0000	207.9720	265.9300	230.4110	1.7622	289.8000	68.3372	NOT CONNECTED	12000.0000	500.0000	0.0000	9547.1984	0.2415	0.2309	0.0407	0.0386	-2.2097	1.0625	-2.3575	0.3068	-2.5363	170.6187	294.5664	298.8824	82.3870	2.4349	1.6433	89.6718
41.3708	9388.0000	-0.1650	1.6229	0.0000	207.9720	265.9300	230.4110	1.7622	289.8000	68.3372	NOT CONNECTED	12000.0000	500.0000	0.0000	9547.1984	0.2415	0.2309	0.0407	0.0386	-2.2097	1.0625	-2.3575	0.3068	-2.5363	170.6187	294.5664	298.8824	82.3870	2.4349	1.6433	89.6718
41.9763	9746.0000	-0.1650	1.7032	0.0000	207.6540	290.0600	230.4430	1.9054	315.7000	68.3858	NOT CONNECTED	12000.0000	500.0000	0.0000	9849.3522	0.2134	0.2345	0.0370	0.0394	-2.2006	0.8407	-2.5128	0.3574	-37.3124	160.1954	294.0549	310.9740	82.5938	2.4731	1.7067	89.5951
42.1511	9746.0000	-0.1650	1.7032	0.0000	207.6540	290.0600	230.4430	1.9054	315.7000	68.3858	NOT CONNECTED	12000.0000	500.0000	0.0000	9849.3522	0.2134	0.2345	0.0370	0.0394	-2.2006	0.8407	-2.5128	0.3574	-37.3124	160.1954	294.0549	310.9740	82.5938	2.4731	1.7067	89.5951
42.5753	10156.0000	-0.1670	1.7411	0.0000	207.5530	302.7100	230.4570	1.9791	329.0700	68.4886	NOT CONNECTED	12000.0000	500.0000	0.0000	10161.5695	0.2290	0.2299	0.0382	0.0378	-2.1596	1.0289	-2.3772	0.3642	-34.4594	160.4924	293.7166	335.0672	82.8117	2.3741	1.7582	89.5340
42.8904	10156.0000	-0.1670	1.7411	0.0000	207.5530	302.7100	230.4570	1.9791	329.0700	68.4886	NOT CONNECTED	12000.0000	500.0000	0.0000	10448.4680	0.2656	0.2508	0.0370	0.0344	-2.2453	1.2356	-2.6273	0.3011	-13.0415	172.0540	293.2758	347.4478	83.0211	2.8036	1.7795	89.5340
43.1840	10156.0000	-0.1670	1.7411	0.0000	207.5530	302.7100	230.4570	1.9791	329.0700	68.4886	NOT CONNECTED	12000.0000	500.0000	0.0000	10448.4680	0.2656	0.2508	0.0370	0.0344	-2.2453	1.2356	-2.6273	0.3011	-13.0415	172.0540	293.2758	347.4478	83.0211	2.8036	1.7795	89.5340
43.6373	10521.0000	-0.1690	1.8108	0.0000	207.3120	326.9800	230.4880	2.1211	354.8900	68.5807	NOT CONNECTED	12000.0000	500.0000	0.0000	10753.4300	0.2711	0.2545	0.0349	0.0328	-2.3665	1.4481	-2.4697	0.3456	-35.8819	161.9889	292.8040	366.7527	83.2314	2.7993	1.8290	89.5060
43.7654	10521.0000	-0.1690	1.8108	0.0000	207.3120	326.9800	230.4880	2.1211	354.8900	68.5807	NOT CONNECTED	12000.0000	500.0000	0.0000	10753.4300	0.2711	0.2545	0.0349	0.0328	-2.3665	1.4481	-2.4697	0.3456	-35.8819	161.9889	292.8040	366.7527	83.2314	2.7993	1.8290	89.5060
44.3712	10888.0000	-0.1770	1.8438	0.0000	207.2010	340.3900	230.5000	2.1988	369.1500	68.7344	NOT CONNECTED	12000.0000	500.0000	0.0000	11043.4025	0.2450	0.2681	0.0336	0.0348	-2.2732	1.0619	-2.4698	0.3768	-27.3340	162.0539	292.4750	381.4008	83.4362	2.8779	1.8659	89.5060
44.3776	10888.0000	-0.1770	1.8438	0.0000	207.2010	340.3900	230.5000	2.1988	369.1500	68.7344	NOT CONNECTED	12000.0000	500.0000	0.0000	11043.4025	0.2450	0.2681	0.0336	0.0348	-2.2732	1.0619	-2.4698	0.3768	-27.3340	162.0539	292.4750	381.4008	83.4362	2.8779	1.8659	89.5060
44.9752	11276.0000	-0.1820	1.9077	0.0000	206.8900	368.9600	230.5180	2.3633	399.4100	68.8689	NOT CONNECTED	12000.0000	500.0000	0.0000	11350.0209	0.2635	0.2722	0.0340	0.0309	-2.2805	1.3599	-2.4890	0.4064	-16.7818	167.0574	291.8867	403.4210	83.6603	2.8377	1.9269	89.5068
45.1476	11276.0000	-0.1820	1.9077	0.0000	206.8900	368.9600	230.5180	2.3633	399.4100	68.8689	NOT CONNECTED	12000.0000	500.0000	0.0000	11350.0209	0.2635	0.2722	0.0340	0.0309	-2.2805	1.3599	-2.4890	0.4064	-16.7818	167.0574	291.8867	403.4210	83.6603	2.8377	1.9269	89.5068
45.5900	11653.0000	-0.1840	1.9398	0.0000	206.6500	383.4200	230.5240	2.4477	414.8300	69.0176	NOT CONNECTED	12000.0000	500.0000	0.0000	11670.8001	0.2541	0.2584	0.0303	0.0321	-2.5358	1.3373	-2.8821	0.4194	-17.7127	161.2932	291.5630	415.9503	83.8959	3.0201	1.9594	89.5209
45.8888	11653.0000	-0.1840	1.9398	0.0000	206.6500	383.4200	230.5240	2.4477	414.8300	69.0176	NOT CONNECTED	12000.0000	500.0000	0.0000	11670.8001	0.2541	0.2584	0.0303	0.0321	-2.5358	1.3373	-2.8821	0.4194	-17.7127	161.2932	291.5630	415.9503	83.8959	3.0201	1.9594	89.5209
46.1935	11653.0000	-0.1840	1.9398	0.0000	206.6500	383.4200	230.5240	2.4477	414.8300	69.0176	NOT CONNECTED	12000.0000	500.0000	0.0000	11951.8784	0.2878	0.2917	0.0321	0.0294	-2.4281	1.6013	-2.5719	0.3536	-20.5245	170.5751	291.2120	438.1773	84.1180	2.4912	1.9780	89.5209
46.6474	12028.0000	-0.1830	1.9980	0.0000	206.3270	411.3500	230.5320	2.6084	444.5500	69.1918	NOT CONNECTED	12000.0000	500.0000	0.0000	12008.5890	0.1567	0.1802	0.0316	0.0325	-2.3549	0.6847	-2.6659	0.2503	-4.7705	168.3369	297.0428	290.9719	84.3182	2.5929	1.8844	89.5624
46.7857	12028.0000	-0.1830	1.9980	0.0000	206.3270	411.3500	230.5320	2.6084	444.5500	69.1918	NOT CONNECTED	12000.0000	500.0000	0.0000	12008.5890	0.1567	0.1802	0.0316	0.0325	-2.3549	0.6847	-2.6659	0.2503	-4.7705	168.3369	297.0428	290.9719	84.3182	2.5929	1.8844	89.5624
47.3885	12011.0000	-0.1100	1.9059	0.0000	210.8550	273.5000	230.6500	1.8119	296.9100	69.3645	NOT CONNECTED	12000.0000	500.0000	0.0000	12013.8357	0.1423	0.1546	0.0335	0.0309	-3.2038	0.8746	-3.1480	0.1220	-14.4260	177.2133	296.0718	296.6010	84.4574	2.6506	1.8913	89.5624
47.3908	12011.0000	-0.1100	1.9059	0.0000	210.8550	273.5000	230.6500	1.8119	296.9100	69.3645	NOT CONNECTED	12000.0000	500.0000	0.0000	12013.8357	0.1423	0.1546	0.0335	0.0309	-3.2038	0.8746	-3.1480	0.1220	-14.4260	177.2133	296.0718	296.6010	84.4574	2.6506	1.8913	89.5624
47.9750	12032.0000	-0.1100	1.9509	0.0000	209.9360	291.0800	230.6150	1.9126	315.4400	69.5852	NOT CONNECTED	12000.0000	500.0000	0.0000	12027.9359	0.2168	0.1351	0.0334	0.0313	-2.0905	1.0906	-2.9978	0.2616	-21.1250	169.8346	296.3794	307.7451	84.6105	2.8020	1.9463	89.6075
48.1474	12032.0000	-0.1100	1.9509	0.0000	209.9360	291.0800	230.6150	1.9126	315.4400	69.5852	NOT CONNECTED	12000.0000	500.0000	0.0000	12027.9359	0.2168	0.1351	0.0334	0.0313	-2.0905	1.0906	-2.9978	0.2616	-21.1250	169.8346	296.3794	307.7451	84.6105	2.8020	1.9463	89.6075
48.5698	11973.0000	-0.1100	1.9277	0.0000	210.1900	287.5400	230.6300	1.8910	311.4100	69.7706	NOT CONNECTED	12000.0000	500.0000	0.0000	12008.2766	0.1617	0.1628	0.0307	0.0311	-3.1633	1.0191	-2.1417	0.2581	-7.9052	167.1268	296.1581	322.2934	84.7621	3.2849	1.9202	89.6345
48.8849	11973.0000	-0.1100	1.9277	0.0000	210.1900	287.5400	230.6300	1.8910	311.4100	69.7706	NOT CONNECTED	12000.0000	500.0000	0.0000	11997.8006	0.1359	0.1762	0.0339	0.0318	-2.7932	0.6691	-2.1656	0.1918	-14.6464	167.9222	296.3118	304.2184	84.8937	2.4501	1.9318	89.6345
49.1528	11973.0000	-0.1100	1.9277	0.0000	210.1900	287.5400	230.6300	1.8910	311.4100	69.7706	NOT CONNECTED	12000.0000	500.0000	0.0000	11997.8006	0.1359	0.1762	0.0339	0.0318	-2.7932	0.6691	-2.1656	0.1918	-14.6464	167.9222	296.3118	304.2184	84.8937	2.4501	1.9318	89.6345
49.7237	12015.0000	-0.1100	1.9194	0.0000	210.0510	288.5200	230.6420	1.8965	312.3500	69.9718	NOT CONNECTED	12000.0000	500.0000	0.0000	11960.1886	0.1529	0.2248	0.0309	0.0321	-2.0142	0.5201	-2.4294	0.2356	-17.7211	171.2549	296.1889	323.0137	85.0093	2.6779	1.9176	89.6758
49.7453	12015.0000	-0.1100	1.9194	0.0000	210.0510	288.5200	230.6420	1.8965	312.3500	69.9718	NOT CONNECTED	12000.0000	500.0000	0.0000	11960.1886	0.1529	0.2248	0.0309	0.0321	-2.0142	0.5201	-2.4294	0.2356	-17.7211	171.2549	296.1889	323.0137	85.0093	2.6779	1.9176	89.6758
50.3410	11982.0000	-0.1100	1.9531	0.0000	210.1070	292.3000	230.6410	1.9197	316.5700	70.1652	NOT CONNECTED	12000.0000	500.0000	0.0000	11998.7588	0.1389	0.1740	0.0308	0.0322	-2.1460	0.4741	-3.4757	0.2753	-16.6889	166.3224	296.2675	315.5362	85.1101	2.3486	1.9097	89.6758
50.4604	11982.0000	-0.1100	1.9531	0.0000	210.1070	292.3000	230.6410	1.9197	316.5700	70.1652	NOT CONNECTED	12000.0000	500.0000	0.0000	11998.7588	0.1389	0.1740	0.0308	0.0322	-2.1460	0.4741	-3.4757	0.2753	-16.6889	166.3224	296.2675	315.5362	85.1101	2.3486	1.9097	89.6758
50.9234	11991.0000	-0.1100	1.9396	0.0000	209.8430	288.5900	230.6420	1.8987	312.4700	70.3895	NOT CONNECTED	12000.0000	500.0000	0.0000	11966.3853	0.1426	0.2155	0.0302	0.0313	-2.4357	0.6422	-2.6962	0.2542	-13.0207	168.3770	296.3127	305.7112	85.2007	2.5075	1.8676	89.7190
51.1925	11991.0000	-0.1100	1.9396	0.0000	209.8430	288.5900	230.6420	1.8987	312.4700	70.3895	NOT CONNECTED	12000.0000	500.0000	0.0000	11966.3853	0.1426	0.2155	0.0302	0.0313	-2.4357	0.6422	-2.6962	0.2542	-13.0207	168.3770	296.3127	305.7112	85.2007	2.5075	1.8676	89.7190
51.5190	11991.0000	-0.1100	1.9396	0.0000	209.8430	288.5900	230.6420	1.8987	312.4700	70.3895	NOT CONNECTED	12000.0000	500.0000	0.0000	12034.4124	0.2116	0.1277	0.0321	0.0305	-3.0543	1.3885	-2.4248	0.1992	-30.1618	170.9353	296.3432	298.9679	85.2936	3.1257	1.9586	89.7190
52.0536	12010.0000	-0.1100	1.9386	0.0000	210.0580	291.3700	230.6370	1.9149	315.3400	70.6147	NOT CONNECTED	12000.0000	500.0000	0.0000	12020.3158	0.1908	0.1460	0.0333	0.0317	-1.8312	0.7954	-3.1346	0.1838	-31.9701	172.6914	296.3454	305.7820	85.3979	2.4431	1.9337	89.7396
52.1103	12010.0000	-0.1100	1.9386	0.0000	210.0580	291.3700	230.6370	1.9149	315.3400	70.6147	NOT CONNECTED	12000.0000	500.0000	0.0000	12020.3158	0.1908	0.1460	0.0333	0.0317	-1.8312	0.7954	-3.1346	0.1838	-31.9701	172.6914	296.3454	305.7820	85.3979	2.4431	1.9337	89.7396
52.6963	12022.0000	-0.1140	1.9444	0.0000	210.0740	292.8800	230.6250	1.9217	316.8200	70.8227	NOT CONNECTED	12000.0000	500.0000	0.0000	12001.9178	0.1679	0.1769	0.0304	0.0316	-2.1550	0.6421	-3.4273	0.3106	-9.8806	160.3657	295.7100	338.7662	85.4886	2.7587	1.9119	89.7710
52.7928	12022.0000	-0.1140	1.9444	0.0000	210.0740	292.8800	230.6250	1.9217	316.8200	70.8227	NOT CONNECTED	12000.0000	500.0000	0.0000	12001.9178	0.1679	0.1769	0.0304	0.0316	-2.1550	0.6421	-3.4273	0.3106	-9.8806	160.3657	295.7100	338.7662	85.4886	2.7587	1.9119	89.7710
53.3053	11981.0000	-0.1240	1.9510	0.0000	209.5680	309.9200	230.5940	2.0212	334.9100	71.0017	NOT CONNECTED	12000.0000	500.0000	0.0000	12026.3855	0.1673	0.1517	0.0329	0.0332	-1.9749	0.5969	-2.2853	0.2002	-11.1820	173.2459	295.6275	340.7366	85.5679	3.0747	1.9349	89.7710
53.6511	11981.0000	-0.1240	1.9510	0.0000	209.5680	309.9200	230.5940	2.0212	334.9100	71.0017	NOT CONNECTED	12000.0000	500.0000	0.0000	11964.3757	0.2755	0.2420	0.0322	0.0297	-2.1769	1.5890	-2.8180	0.2861	-10.4432	168.1615	294.9082	352.8965	85.6460	3.2131	1.9286	89.8103
53.9044	11981.0000	-0.1240	1.9510	0.0000	209.5680	309.9200	230.5940	2.0212	334.9100	71.0017	NOT CONNECTED	12000.0000	500.0000	0.0000	11964.3757	0.2755	0.2420	0.0322	0.0297	-2.1769	1.5890	-2.8180	0.2861	-10.4432	168.1615	294.9082	352.8965	85.6460	3.2131	1.9286	89.8103
54.3847	11971.0000	-0.1440	1.9522	0.0000	209.2980	319.8500	230.5740	2.0792	345.4100	71.2290	NOT CONNECTED	12000.0000	500.0000	0.0000	11976.1375	0.2097	0.2366	0.0308	0.0325	-2.1787	0.9582	-2.8854	0.3552	-6.2011	163.3340	294.5157	358.2814	85.7437	2.9204	1.9632	89.8103
54.5095	11971.0000	-0.1440	1.9522	0.0000	209.2980	319.8500	230.5740	2.0792	345.4100	71.2290	NOT CONNECTED	12000.0000	500.0000	0.0000	11976.1375	0.2097	0.2366	0.0308	0.0325	-2.1787	0.9582	-2.8854	0.3552	-6.2011	163.3340	294.5157	358.2814	85.7437	2.9204	1.9632	89.8103
55.1242	11972.0000	-0.1530	1.9575	0.0000	208.7250	338.6200	230.5310	2.1876	365.3100	71.4164	NOT CONNECTED	12000.0000	500.0000	0.0000	12012.6164	0.2606	0.1973	0.0307	0.0323	-2.3257	1.3694	-3.2763	0.3711	-21.7616	161.2545	294.1782	367.6499	85.8265	2.6648	1.9569	89.8382
55.1502	11972.0000	-0.1530	1.9575	0.0000	208.7250	338.6200	230.5310	2.1876	365.3100	71.4164	NOT CONNECTED	12000.0000	500.0000	0.0000	12012.6164	0.2606	0.1973	0.0307	0.0323	-2.3257	1.3694	-3.2763	0.3711	-21.7616	161.2545	294.1782	367.6499	85.8265	2.6648	1.9569	89.8382
55.7306	11995.0000	-0.1630	1.9718	0.0000	208.2970	350.3700	230.5050	2.2550	377.6900	71.6250	NOT CONNECTED	12000.0000	500.0000	0.0000	12019.2305	0.2645	0.1941	0.0330	0.0297	-1.8686	1.3849	-2.7612	0.3845	-23.0167	164.2894	293.7564	390.9330	85.9082	3.0357	1.9330	89.8785
56.0153	11995.0000	-0.1630	1.9718	0.0000	208.2970	350.3700	230.5050	2.2550	377.6900	71.6250	NOT CONNECTED	12000.0000	500.0000	0.0000	12019.2305	0.2645	0.1941	0.0330	0.0297	-1.8686	1.3849	-2.7612	0.3845	-23.0167	164.2894	293.7564	390.9330	85.9082	3.0357	1.9330	89.8785
56.3313	11995.0000	-0.1630	1.9718	0.0000	208.2970	350.3700	230.5050	2.2550	377.6900	71.6250	NOT CONNECTED	12000.0000	500.0000	0.0000	12002.5368	0.2956	0.2281	0.0301	0.0293	-2.5675	1.7315	-2.4415	0.2314	-24.4217	178.5442	293.2046	405.7133	85.9873	3.2558	1.9601	89.8785
56.7517	12021.0000	-0.1830	1.9796	0.0000	207.8060	370.1300	230.4540	2.3705	398.7700	71.8159	NOT CONNECTED	12000.0000	500.0000	0.0000	12017.6499	0.2887	0.2199	0.0321	0.0308	-2.4189	1.5924	-2.6976	0.3189	-29.4458	163.3754	292.7370	411.6093	86.0689	3.1738	1.9688	89.9257
56.9357	12021.0000	-0.1830	1.9796	0.0000	207.8060	370.1300	230.4540	2.3705	398.7700	71.8159	NOT CONNECTED	12000.0000	500.0000	0.0000	12017.6499	0.2887	0.2199	0.0321	0.0308	-2.4189	1.5924	-2.6976	0.3189	-29.4458	163.3754	292.7370	411.6093	86.0689	3.1738	1.9688	89.9257
57.4840	11984.0000	-0.1880	1.9882	0.0000	207.3960	382.3000	230.4240	2.4401	411.5900	72.0198	NOT CONNECTED	12000.0000	500.0000	0.0000	11995.6312	0.2985	0.2572	0.0318	0.0297	-2.3589	1.7012	-3.1208	0.3290	-20.4498	170.9668	292.4059	423.3295	86.1672	2.5403	2.0027	89.9660
57.5393	11984.0000	-0.1880	1.9882	0.0000	207.3960	382.3000	230.4240	2.4401	411.5900	72.0198	NOT CONNECTED	12000.0000	500.0000	0.0000	11995.6312	0.2985	0.2572	0.0318	0.0297	-2.3589	1.7012	-3.1208	0.3290	-20.4498	170.9668	292.4059	423.3295	86.1672	2.5403	2.0027	89.9660
58.1449	12011.0000	-0.2050	1.9929	0.0000	207.0920	399.4300	230.3650	2.5401	429.8100	72.2508	NOT CONNECTED	12000.0000	500.0000	0.0000	12017.8340	0.2547	0.2349	0.0302	0.0304	-2.6519	1.4599	-3.0168	0.3711	-24.5661	156.9376	292.0867	435.4795	86.2606	2.6101	1.9879	89.9660
58.3471	12011.0000	-0.2050	1.9929	0.0000	207.0920	399.4300	230.3650	2.5401	429.8100	72.2508	NOT CONNECTED	12000.0000	500.0000	0.0000	12017.8340	0.2547	0.2349	0.0302	0.0304	-2.6519	1.4599	-3.0168	0.3711	-24.5661	156.9376	292.0867	435.4795	86.2606	2.6101	1.9879	89.9660
58.7482	11983.0000	-0.2200	2.0047	0.0000	206.7770	408.8200	230.3340	2.5925	439.6900	72.4923	0.0000	12000.0000	500.0000	0.0000	11976.2878	0.3013	0.3005	0.0318	0.0287	-2.3836	1.7451	-2.9548	0.3950	-9.1217	169.3630	291.6057	452.9165	86.3451	2.8567	2.0122	90.0175
59.0855	11983.0000	-0.2200	2.0047	0.0000	206.7770	408.8200	230.3340	2.5925	439.6900	72.4923	0.0000	12000.0000	500.0000	0.0000	11970.2566	0.2746	0.3176	0.0302	0.0300	-2.0543	1.3774	-2.8564	0.4078	-19.4512	155.1098	291.1978	459.9097	86.4321	3.0868	2.0232	90.0175
59.3414	11983.0000	-0.2200	2.0047	0.0000	206.7770	408.8200	230.3340	2.5925	439.6900	72.4923	0.0000	12000.0000	500.0000	0.0000	11970.2566	0.2746	0.3176	0.0302	0.0300	-2.0543	1.3774	-2.8564	0.4078	-19.4512	155.1098	291.1978	459.9097	86.4321	3.0868	2.0232	90.0175
59.8175	11987.0000	-0.2200	2.0218	0.0000	206.1800	432.1500	230.2740	2.7280	464.5700	72.6847	0.0000	12000.0000	500.0000	0.0000	12003.3609	0.2877	0.2842	0.0322	0.0296	-2.6968	1.6513	-2.8821	0.4611	-4.7091	158.6409	290.9327	470.8227	86.5211	2.6846	2.0271	90.0765
59.9244	11987.0000	-0.2200	2.0218	0.0000	206.1800	432.1500	230.2740	2.7280	464.5700	72.6847	0.0000	12000.0000	500.0000	0.0000	12003.3609	0.2877	0.2842	0.0322	0.0296	-2.6968	1.6513	-2.8821	0.4611	-4.7091	158.6409	290.9327	470.8227	86.5211	2.6846	2.0271	90.0765
60.5192	11987.0000	-0.2290	2.0306	0.0000	205.8770	443.0300	230.2480	2.7898	476.0900	72.8870	0.0000	12000.0000	500.0000	0.0000	11996.0439	0.3028	0.2988	0.0293	0.0298	-2.3311	1.6855	-2.9270	0.4192	-17.8686	153.5504	290.8424	474.0961	86.6269	2.9596	2.0796	90.0765
60.5581	11987.0000	-0.2290	2.0306	0.0000	205.8770	443.0300	230.2480	2.7898	476.0900	72.8870	0.0000	12000.0000	500.0000	0.0000	11996.0439	0.3028	0.2988	0.0293	0.0298	-2.3311	1.6855	-2.9270	0.4192	-17.8686	153.5504	290.8424	474.0961	86.6269	2.9596	2.0796	90.0765
61.1206	11994.0000	-0.2290	2.0358	0.0000	205.8410	453.0400	230.2070	2.8474	486.5700	73.0741	0.0000	12000.0000	500.0000	0.0000	12008.7907	0.2634	0.2850	0.0311	0.0318	-2.2949	1.3845	-3.1200	0.4544	-19.7324	163.4323	290.8193	485.2945	86.7271	2.5427	2.0428	90.1282
61.3028	11994.0000	-0.2290	2.0358	0.0000	205.8410	453.0400	230.2070	2.8474	486.5700	73.0741	0.0000	12000.0000	500.0000	0.0000	12008.7907	0.2634	0.2850	0.0311	0.0318	-2.2949	1.3845	-3.1200	0.4544	-19.7324	163.4323	290.8193	485.2945	86.7271	2.5427	2.0428	90.1282
62.0522	12008.0000	-0.2330	2.0475	0.0000	205.6380	457.0200	230.1890	2.8705	490.7600	73.2773	1.0000	12000.0000	500.0000	0.0000	12011.8098	0.2837	0.2834	0.0310	0.0319	-2.4619	1.4441	-2.5545	0.4378	-18.9430	166.6496	290.8486	483.9958	86.8748	3.0127	2.0301	90.1896
62.2177	12008.0000	-0.2330	2.0475	0.0000	205.6380	457.0200	230.1890	2.8705	490.7600	73.2773	1.0000	12000.0000	500.0000	0.0000	12011.8098	0.2837	0.2834	0.0310	0.0319	-2.4619	1.4441	-2.5545	0.4378	-18.9430	166.6496	290.8486	483.9958	86.8748	3.0127	2.0301	90.1896
62.8108	11998.0000	-0.2330	2.0405	0.0000	205.7160	457.1000	230.1670	2.8708	490.6000	73.5432	1.0000	12000.0000	500.0000	0.0000	12006.8043	0.3055	0.2902	0.0306	0.0308	-2.4027	1.7331	-2.5568	0.4162	-7.3356	171.2376	290.8570	490.2760	86.9431	3.0233	2.0184	90.2566
62.8965	11998.0000	-0.2330	2.0405	0.0000	205.7160	457.1000	230.1670	2.8708	490.6000	73.5432	1.0000	12000.0000	500.0000	0.0000	12006.8043	0.3055	0.2902	0.0306	0.0308	-2.4027	1.7331	-2.5568	0.4162	-7.3356	171.2376	290.8570	490.2760	86.9431	3.0233	2.0184	90.2566
63.4016	12003.0000	-0.2330	2.0399	0.0000	205.8420	455.6100	230.1570	2.8625	488.7900	73.7443	1.0000	12000.0000	500.0000	0.0000	12004.8926	0.3257	0.2916	0.0290	0.0304	-2.5226	1.8153	-2.7138	0.3497	-23.1474	174.7981	290.9366	485.0099	87.0226	2.8128	2.0639	90.2566
63.6483	12003.0000	-0.2330	2.0399	0.0000	205.8420	455.6100	230.1570	2.8625	488.7900	73.7443	1.0000	12000.0000	500.0000	0.0000	12004.8926	0.3257	0.2916	0.0290	0.0304	-2.5226	1.8153	-2.7138	0.3497	-23.1474	174.7981	290.9366	485.0099	87.0226	2.8128	2.0639	90.2566
64.0094	12003.0000	-0.2330	2.0399	0.0000	205.8420	455.6100	230.1570	2.8625	488.7900	73.7443	1.0000	12000.0000	500.0000	0.0000	11979.0785	0.3293	0.3234	0.0314	0.0294	-2.4775	1.9190	-2.9761	0.4615	-10.6680	157.1765	290.9966	480.1759	87.1052	3.3123	2.0246	90.3092
64.3958	12008.0000	-0.2330	2.0389	0.0000	205.7790	454.6400	230.1570	2.8565	487.6800	73.9148	1.0000	12000.0000	500.0000	0.0000	12010.2606	0.2721	0.2845	0.0303	0.0320	-2.1427	1.4065	-2.6713	0.3489	-25.9977	172.8432	291.0934	480.4413	87.1726	2.9075	2.0428	90.3684
64.6130	12008.0000	-0.2330	2.0389	0.0000	205.7790	454.6400	230.1570	2.8565	487.6800	73.9148	1.0000	12000.0000	500.0000	0.0000	12010.2606	0.2721	0.2845	0.0303	0.0320	-2.1427	1.4065	-2.6713	0.3489	-25.9977	172.8432	291.0934	480.4413	87.1726	2.9075	2.0428	90.3684
65.1517	11978.0000	-0.2350	2.0383	0.0000	205.8870	455.1800	230.1660	2.8583	488.0300	74.0892	1.0000	12000.0000	500.0000	0.0000	12018.4682	0.2958	0.2725	0.0335	0.0312	-2.8245	1.8299	-2.3988	0.3607	-29.9951	168.6495	291.1490	483.8831	87.2440	2.4806	2.0241	90.3684
65.2097	11978.0000	-0.2350	2.0383	0.0000	205.8870	455.1800	230.1660	2.8583	488.0300	74.0892	1.0000	12000.0000	500.0000	0.0000	12018.4682	0.2958	0.2725	0.0335	0.0312	-2.8245	1.8299	-2.3988	0.3607	-29.9951	168.6495	291.1490	483.8831	87.2440	2.4806	2.0241	90.3684
65.8038	12029.0000	-0.2340	2.0421	0.0000	205.9430	454.9300	230.1730	2.8568	487.6800	74.3055	1.0000	12000.0000	500.0000	0.0000	11982.5627	0.2854	0.3236	0.0302	0.0312	-2.6484	1.6912	-2.7584	0.3945	-14.5782	170.8067	291.1475	487.5545	87.3085	3.1636	2.0385	90.4362
65.8905	12029.0000	-0.2340	2.0421	0.0000	205.9430	454.9300	230.1730	2.8568	487.6800	74.3055	1.0000	12000.0000	500.0000	0.0000	11982.5627	0.2854	0.3236	0.0302	0.0312	-2.6484	1.6912	-2.7584	0.3945	-14.5782	170.8067	291.1475	487.5545	87.3085	3.1636	2.0385	90.4362
66.4057	11983.0000	-0.2360	2.0412	0.0000	206.0930	457.5400	230.1930	2.8714	490.3600	74.5210	1.0000	12000.0000	500.0000	0.0000	11988.4320	0.3059	0.3129	0.0321	0.0293	-2.1634	1.6885	-2.9772	0.4650	-24.4559	150.6000	291.3006	479.0478	87.3829	3.1719	2.0805	90.4362
66.6478	11983.0000	-0.2360	2.0412	0.0000	206.0930	457.5400	230.1930	2.8714	490.3600	74.5210	1.0000	12000.0000	500.0000	0.0000	11988.4320	0.3059	0.3129	0.0321	0.0293	-2.1634	1.6885	-2.9772	0.4650	-24.4559	150.6000	291.3006	479.0478	87.3829	3.1719	2.0805	90.4362
66.9981	11983.0000	-0.2360	2.0412	0.0000	206.0930	457.5400	230.1930	2.8714	490.3600	74.5210	1.0000	12000.0000	500.0000	0.0000	12003.4961	0.2709	0.2909	0.0307	0.0297	-2.4666	1.5592	-3.1215	0.4670	-11.3951	155.9786	291.5012	468.9742	87.4368	2.9826	2.0049	90.4911
67.3797	11985.0000	-0.2350	2.0356	0.0000	206.1080	454.0700	230.2130	2.8510	486.4400	74.6478	1.0000	12000.0000	500.0000	0.0000	11977.3673	0.3012	0.3235	0.0278	0.0298	-2.8416	1.8144	-3.1330	0.4073	-17.2867	161.4563	291.6090	469.5276	87.4906	3.5161	2.0269	90.5510
67.5884	11985.0000	-0.2350	2.0356	0.0000	206.1080	454.0700	230.2130	2.8510	486.4400	74.6478	1.0000	12000.0000	500.0000	0.0000	11977.3673	0.3012	0.3235	0.0278	0.0298	-2.8416	1.8144	-3.1330	0.4073	-17.2867	161.4563	291.6090	469.5276	87.4906	3.5161	2.0269	90.5510
68.1508	11988.0000	-0.2350	2.0301	0.0000	206.4350	449.1000	230.2530	2.8216	481.1300	74.9067	2.0000	12000.0000	500.0000	0.0000	11993.6752	0.2614	0.3021	0.0283	0.0302	-2.6905	1.4686	-2.6247	0.4365	-17.2737	159.3834	291.7009	467.6993	87.5412	3.4478	2.0233	90.5510
68.1760	11988.0000	-0.2350	2.0301	0.0000	206.4350	449.1000	230.2530	2.8216	481.1300	74.9067	2.0000	12000.0000	500.0000	0.0000	11993.6752	0.2614	0.3021	0.0283	0.0302	-2.6905	1.4686	-2.6247	0.4365	-17.2737	159.3834	291.7009	467.6993	87.5412	3.4478	2.0233	90.5510
68.7696	11995.0000	-0.2330	2.0303	0.0000	206.4820	448.8200	230.2730	2.8206	480.8300	75.1443	2.0000	12000.0000	500.0000	0.0000	12013.8497	0.2629	0.2850	0.0323	0.0309	-2.1555	1.3384	-3.2060	0.4595	-18.6234	157.9661	291.7314	470.3136	87.5916	2.5489	2.0330	90.6132
69.0242	11995.0000	-0.2330	2.0303	0.0000	206.4820	448.8200	230.2730	2.8206	480.8300	75.1443	2.0000	12000.0000	500.0000	0.0000	12013.8497	0.2629	0.2850	0.0323	0.0309	-2.1555	1.3384	-3.2060	0.4595	-18.6234	157.9661	291.7314	470.3136	87.5916	2.5489	2.0330	90.6132
69.3721	11995.0000	-0.2330	2.0303	0.0000	206.4820	448.8200	230.2730	2.8206	480.8300	75.1443	2.0000	12000.0000	500.0000	0.0000	12015.2427	0.3167	0.2727	0.0285	0.0313	-1.9017	1.6993	-2.6182	0.4429	-19.2257	172.5085	291.8087	480.9794	87.6562	3.4482	2.0704	90.6132
69.7629	11983.0000	-0.2300	2.0318	0.0000	206.3990	449.0900	230.3180	2.8222	481.0600	75.2912	2.0000	12000.0000	500.0000	0.0000	11994.3956	0.2770	0.3016	0.0311	0.0300	-2.4317	1.5638	-2.6849	0.4293	-15.4129	157.1942	291.8081	473.1535	87.7129	2.8077	2.0133	90.6656
69.9773	11983.0000	-0.2300	2.0318	0.0000	206.3990	449.0900	230.3180	2.8222	481.0600	75.2912	2.0000	12000.0000	500.0000	0.0000	11994.3956	0.2770	0.3016	0.0311	0.0300	-2.4317	1.5638	-2.6849	0.4293	-15.4129	157.1942	291.8081	473.1535	87.7129	2.8077	2.0133	90.6656
70.4944	11987.0000	-0.2320	2.0277	0.0000	206.4150	451.2300	230.3410	2.8345	483.2400	75.4904	2.0000	12000.0000	500.0000	0.0000	12001.4981	0.3235	0.2938	0.0317	0.0294	-2.6871	1.9625	-3.1105	0.4660	-8.3591	164.7207	291.7621	479.2525	87.7529	2.8075	2.0061	90.7245
70.5697	11987.0000	-0.2320	2.0277	0.0000	206.4150	451.2300	230.3410	2.8345	483.2400	75.4904	2.0000	12000.0000	500.0000	0.0000	12001.4981	0.3235	0.2938	0.0317	0.0294	-2.6871	1.9625	-3.1105	0.4660	-8.3591	164.7207	291.7621	479.2525	87.7529	2.8075	2.0061	90.7245
71.1749	11994.0000	-0.2340	2.0335	0.0000	206.4040	452.5100	230.3890	2.8393	484.4700	75.6455	2.0000	12000.0000	500.0000	0.0000	11999.2437	0.2988	0.2960	0.0287	0.0320	-2.4324	1.6057	-3.3613	0.3605	-11.6273	173.6544	291.8240	482.5541	87.7842	2.7763	2.0015	90.7245
71.2210	11994.0000	-0.2340	2.0335	0.0000	206.4040	452.5100	230.3890	2.8393	484.4700	75.6455	2.0000	12000.0000	500.0000	0.0000	11999.2437	0.2988	0.2960	0.0287	0.0320	-2.4324	1.6057	-3.3613	0.3605	-11.6273	173.6544	291.8240	482.5541	87.7842	2.7763	2.0015	90.7245
71.7783	11983.0000	-0.2310	2.0352	0.0000	206.3920	451.6900	230.4130	2.8357	483.5800	75.7962	2.0000	12000.0000	500.0000	0.0000	11985.0153	0.3217	0.2944	0.0302	0.0293	-2.8856	1.9113	-2.4966	0.4033	-17.5477	158.3592	291.8853	475.1602	87.8199	2.9311	2.0062	90.7844
71.9507	11983.0000	-0.2310	2.0352	0.0000	206.3920	451.6900	230.4130	2.8357	483.5800	75.7962	2.0000	12000.0000	500.0000	0.0000	11985.0153	0.3217	0.2944	0.0302	0.0293	-2.8856	1.9113	-2.4966	0.4033	-17.5477	158.3592	291.8853	475.1602	87.8199	2.9311	2.0062	90.7844
72.3634	12023.0000	-0.2310	2.0373	0.0000	206.4900	454.1200	230.4560	2.8485	486.1100	75.9741	2.0000	12000.0000	500.0000	0.0000	11976.2785	0.3308	0.3275	0.0277	0.0291	-2.2516	1.8821	-2.9652	0.4449	-14.7658	159.7097	291.9226	478.9850	87.8725	2.8730	2.0541	90.7844
72.6820	12023.0000	-0.2310	2.0373	0.0000	206.4900	454.1200	230.4560	2.8485	486.1100	75.9741	2.0000	12000.0000	500.0000	0.0000	12006.8311	0.3204	0.2874	0.0297	0.0291	-2.5929	1.9189	-3.0802	0.4504	0.9668	159.9346	292.0609	473.3387	87.9313	2.6534	2.0246	90.8291
72.9569	12023.0000	-0.2310	2.0373	0.0000	206.4900	454.1200	230.4560	2.8485	486.1100	75.9741	2.0000	12000.0000	500.0000	0.0000	12006.8311	0.3204	0.2874	0.0297	0.0291	-2.5929	1.9189	-3.0802	0.4504	0.9668	159.9346	292.0609	473.3387	87.9313	2.6534	2.0246	90.8291
73.4247	12012.0000	-0.2300	2.0390	0.0000	206.4140	455.5000	230.4760	2.8574	487.6700	76.1360	2.0000	12000.0000	500.0000	0.0000	12021.3404	0.3050	0.2691	0.0290	0.0320	-2.3182	1.5660	-2.8662	0.3711	-22.3914	170.8329	292.0480	479.4115	87.9811	3.2439	2.0258	90.8843
73.5581	12012.0000	-0.2300	2.0390	0.0000	206.4140	455.5000	230.4760	2.8574	487.6700	76.1360	2.0000	12000.0000	500.0000	0.0000	12021.3404	0.3050	0.2691	0.0290	0.0320	-2.3182	1.5660	-2.8662	0.3711	-22.3914	170.8329	292.0480	479.4115	87.9811	3.2439	2.0258	90.8843
74.1534	11998.0000	-0.2330	2.0393	0.0000	206.4830	455.7800	230.5090	2.8580	487.8500	76.3063	3.0000	12000.0000	500.0000	0.0000	12007.6133	0.2783	0.2881	0.0296	0.0320	-2.6952	1.5206	-3.1544	0.4638	-15.7456	170.3814	291.9267	485.9285	88.0265	2.7636	2.0237	90.8843
74.1619	11998.0000	-0.2330	2.0393	0.0000	206.4830	455.7800	230.5090	2.8580	487.8500	76.3063	3.0000	12000.0000	500.0000	0.0000	12007.6133	0.2783	0.2881	0.0296	0.0320	-2.6952	1.5206	-3.1544	0.4638	-15.7456	170.3814	291.9267	485.9285	88.0265	2.7636	2.0237	90.8843
74.7583	12004.0000	-0.2320	2.0357	0.0000	206.4290	458.9600	230.5190	2.8751	491.0600	76.4860	3.0000	12000.0000	500.0000	0.0000	12008.2556	0.2840	0.3017	0.0312	0.0298	-2.2016	1.5711	-2.9678	0.4445	-17.5543	160.4546	292.0351	478.0363	88.0677	2.5615	2.0180	90.9427
75.0368	12004.0000	-0.2320	2.0357	0.0000	206.4290	458.9600	230.5190	2.8751	491.0600	76.4860	3.0000	12000.0000	500.0000	0.0000	12008.2556	0.2840	0.3017	0.0312	0.0298	-2.2016	1.5711	-2.9678	0.4445	-17.5543	160.4546	292.0351	478.0363	88.0677	2.5615	2.0180	90.9427
75.3631	12004.0000	-0.2320	2.0357	0.0000	206.4290	458.9600	230.5190	2.8751	491.0600	76.4860	3.0000	12000.0000	500.0000	0.0000	11987.6288	0.2400	0.3133	0.0304	0.0324	-2.2484	1.0837	-2.5106	0.4431	-10.1407	168.3524	292.0438	480.9538	88.1188	3.0394	2.0671	90.9427
75.7837	12033.0000	-0.2320	2.0307	0.0000	206.6100	454.2700	230.5450	2.8484	486.0600	76.6914	3.0000	12000.0000	500.0000	0.0000	12016.1053	0.2707	0.2769	0.0319	0.0318	-2.2819	1.4079	-2.8338	0.4015	-23.4604	172.9359	292.1308	475.2613	88.1842	2.9697	2.0307	90.9883
75.9502	12033.0000	-0.2320	2.0307	0.0000	206.6100	454.2700	230.5450	2.8484	486.0600	76.6914	3.0000	12000.0000	500.0000	0.0000	12016.1053	0.2707	0.2769	0.0319	0.0318	-2.2819	1.4079	-2.8338	0.4015	-23.4604	172.9359	292.1308	475.2613	88.1842	2.9697	2.0307	90.9883
76.5408	11984.0000	-0.2340	2.0303	0.0000	206.6240	456.2700	230.5580	2.8587	488.0900	76.8878	3.0000	12000.0000	500.0000	0.0000	12002.2686	0.2989	0.2960	0.0303	0.0318	-2.3626	1.5909	-2.6652	0.4065	-13.5134	168.5891	292.0890	484.0081	88.2318	3.0893	2.0394	90.9883
77.0244	11984.0000	-0.2340	2.0303	0.0000	206.6240	456.2700	230.5580	2.8587	488.0900	76.8878	3.0000	12000.0000	500.0000	0.0000	11995.7431	0.3038	0.3028	0.0295	0.0320	-2.3725	1.6003	-2.6020	0.3681	-28.5582	165.8175	292.2470	479.8535	88.2868	2.7443	2.0342	91.0389
77.1350	11984.0000	-0.2340	2.0303	0.0000	206.6240	456.2700	230.5580	2.8587	488.0900	76.8878	3.0000	12000.0000	500.0000	0.0000	11995.7431	0.3038	0.3028	0.0295	0.0320	-2.3725	1.6003	-2.6020	0.3681	-28.5582	165.8175	292.2470	479.8535	88.2868	2.7443	2.0342	91.0389
77.7374	12020.0000	-0.2320	2.0283	0.0000	206.7320	453.6800	230.5660	2.8438	485.3400	77.0681	3.0000	12000.0000	500.0000	0.0000	11983.7121	0.2778	0.2997	0.0301	0.0295	-2.2264	1.4662	-2.6146	0.4217	-13.9716	162.0710	292.1336	479.8772	88.3276	3.2351	1.9959	91.0970
77.7661	12020.0000	-0.2320	2.0283	0.0000	206.7320	453.6800	230.5660	2.8438	485.3400	77.0681	3.0000	12000.0000	500.0000	0.0000	11983.7121	0.2778	0.2997	0.0301	0.0295	-2.2264	1.4662	-2.6146	0.4217	-13.9716	162.0710	292.1336	479.8772	88.3276	3.2351	1.9959	91.0970
78.3437	11990.0000	-0.2310	2.0286	0.0000	206.6770	452.7400	230.5650	2.8385	484.2100	77.2016	3.0000	12000.0000	500.0000	0.0000	11990.0394	0.2636	0.3093	0.0292	0.0318	-2.6042	1.4789	-3.2174	0.4426	-11.2472	166.7098	292.2404	472.7020	88.3657	2.7608	2.0574	91.0970
78.4961	11990.0000	-0.2310	2.0286	0.0000	206.6770	452.7400	230.5650	2.8385	484.2100	77.2016	3.0000	12000.0000	500.0000	0.0000	11990.0394	0.2636	0.3093	0.0292	0.0318	-2.6042	1.4789	-3.2174	0.4426	-11.2472	166.7098	292.2404	472.7020	88.3657	2.7608	2.0574	91.0970
78.9457	11990.0000	-0.2330	2.0290	0.0000	206.7240	452.5600	230.5610	2.8377	484.0300	77.3481	3.0000	12000.0000	500.0000	0.0000	11994.6334	0.3076	0.3028	0.0308	0.0286	-2.0809	1.7070	-3.0994	0.4239	-13.8483	167.7399	292.2686	479.9802	88.4208	2.9004	2.0267	91.1409
79.2456	11990.0000	-0.2330	2.0290	0.0000	206.7240	452.5600	230.5610	2.8377	484.0300	77.3481	3.0000	12000.0000	500.0000	0.0000	12017.1673	0.3439	0.2740	0.0284	0.0281	-2.2364	2.0973	-3.2474	0.4713	-33.0007	154.2699	292.2698	476.2857	88.4673	2.5754	2.0269	91.1409
79.5411	11990.0000	-0.2330	2.0290	0.0000	206.7240	452.5600	230.5610	2.8377	484.0300	77.3481	3.0000	12000.0000	500.0000	0.0000	12017.1673	0.3439	0.2740	0.0284	0.0281	-2.2364	2.0973	-3.2474	0.4713	-33.0007	154.2699	292.2698	476.2857	88.4673	2.5754	2.0269	91.1409
79.9821	12008.0000	-0.2310	2.0302	0.0000	206.7130	453.3800	230.5560	2.8425	484.9000	77.4321	3.0000	12000.0000	500.0000	0.0000	12004.6280	0.2940	0.2914	0.0290	0.0313	-2.3681	1.5606	-2.6886	0.3903	-11.8933	166.2194	292.2053	478.5558	88.5151	2.9661	2.0267	91.1945
80.1476	12008.0000	-0.2310	2.0302	0.0000	206.7130	453.3800	230.5560	2.8425	484.9000	77.4321	3.0000	12000.0000	500.0000	0.0000	12004.6280	0.2940	0.2914	0.0290	0.0313	-2.3681	1.5606	-2.6886	0.3903	-11.8933	166.2194	292.2053	478.5558	88.5151	2.9661	2.0267	91.1945
80.7144	11985.0000	-0.2310	2.0337	0.0000	206.6300	457.4500	230.5400	2.8663	489.2800	77.6190	4.0000	12000.0000	500.0000	0.0000	12006.8125	0.3338	0.2916	0.0309	0.0285	-2.1173	1.9819	-2.6459	0.4148	-22.8036	172.2463	292.0089	491.4139	88.5492	3.0802	2.0144	91.2510
80.7462	11985.0000	-0.2310	2.0337	0.0000	206.6300	457.4500	230.5400	2.8663	489.2800	77.6190	4.0000	12000.0000	500.0000	0.0000	12006.8125	0.3338	0.2916	0.0309	0.0285	-2.1173	1.9819	-2.6459	0.4148	-22.8036	172.2463	292.0089	491.4139	88.5492	3.0802	2.0144	91.2510
81.3327	11979.0000	-0.2310	2.0261	0.0000	206.6430	459.9800	230.5280	2.8807	491.9000	77.7174	4.0000	12000.0000	500.0000	0.0000	12018.5101	0.3186	0.2771	0.0287	0.0302	-2.6526	1.8422	-2.8407	0.4455	-12.9248	159.3147	292.0985	475.5719	88.5977	3.4353	2.0567	91.2510
81.5685	11979.0000	-0.2310	2.0261	0.0000	206.6430	459.9800	230.5280	2.8807	491.9000	77.7174	4.0000	12000.0000	500.0000	0.0000	12018.5101	0.3186	0.2771	0.0287	0.0302	-2.6526	1.8422	-2.8407	0.4455	-12.9248	159.3147	292.0985	475.5719	88.5977	3.4353	2.0567	91.2510
81.9211	11979.0000	-0.2310	2.0261	0.0000	206.6430	459.9800	230.5280	2.8807	491.9000	77.7174	4.0000	12000.0000	500.0000	0.0000	11991.6935	0.2900	0.3116	0.0319	0.0305	-2.6588	1.6076	-2.3975	0.4836	-16.8652	161.6527	292.0653	480.1367	88.6556	2.5875	2.0308	91.2941
82.3061	11982.0000	-0.2300	2.0343	0.0000	206.4720	458.8700	230.5060	2.8745	490.6600	77.8915	4.0000	12000.0000	500.0000	0.0000	11986.9993	0.3042	0.3158	0.0309	0.0289	-2.5847	1.8039	-2.8348	0.3500	-16.7014	181.5152	292.1663	483.9465	88.7011	3.0063	2.0272	91.2941
82.5310	11982.0000	-0.2300	2.0343	0.0000	206.4720	458.8700	230.5060	2.8745	490.6600	77.8915	4.0000	12000.0000	500.0000	0.0000	11986.9993	0.3042	0.3158	0.0309	0.0289	-2.5847	1.8039	-2.8348	0.3500	-16.7014	181.5152	292.1663	483.9465	88.7011	3.0063	2.0272	91.2941
83.0260	11981.0000	-0.2300	2.0353	0.0000	206.5050	458.3600	230.4930	2.8722	490.2000	78.0284	4.0000	12000.0000	500.0000	0.0000	12006.8871	0.2951	0.2901	0.0317	0.0305	-2.2311	1.5259	-2.7111	0.4558	-18.0284	155.9518	292.0227	479.7399	88.7516	2.8314	2.0389	91.3493
83.1348	11981.0000	-0.2300	2.0353	0.0000	206.5050	458.3600	230.4930	2.8722	490.2000	78.0284	4.0000	12000.0000	500.0000	0.0000	12006.8871	0.2951	0.2901	0.0317	0.0305	-2.2311	1.5259	-2.7111	0.4558	-18.0284	155.9518	292.0227	479.7399	88.7516	2.8314	2.0389	91.3493
83.7191	11991.0000	-0.2340	2.0304	0.0000	206.6150	458.8100	230.4610	2.8742	490.6200	78.1884	4.0000	12000.0000	500.0000	0.0000	12008.7242	0.3086	0.2872	0.0309	0.0312	-2.5649	1.7299	-2.6624	0.4133	-25.6470	162.1023	292.0463	481.0147	88.8042	2.5901	2.0368	91.4093
83.7532	11991.0000	-0.2340	2.0304	0.0000	206.6150	458.8100	230.4610	2.8742	490.6200	78.1884	4.0000	12000.0000	500.0000	0.0000	12008.7242	0.3086	0.2872	0.0309	0.0312	-2.5649	1.7299	-2.6624	0.4133	-25.6470	162.1023	292.0463	481.0147	88.8042	2.5901	2.0368	91.4093
84.3096	11991.0000	-0.2340	2.0315	0.0000	206.6160	456.6700	230.4480	2.8622	488.3700	78.2874	4.0000	12000.0000	500.0000	0.0000	11984.0886	0.2809	0.3190	0.0308	0.0311	-2.7525	1.5984	-2.5783	0.4766	-14.7665	166.6727	292.0965	477.2734	88.8571	3.2192	2.0705	91.4093
84.4738	11991.0000	-0.2340	2.0315	0.0000	206.6160	456.6700	230.4480	2.8622	488.3700	78.2874	4.0000	12000.0000	500.0000	0.0000	11984.0886	0.2809	0.3190	0.0308	0.0311	-2.7525	1.5984	-2.5783	0.4766	-14.7665	166.6727	292.0965	477.2734	88.8571	3.2192	2.0705	91.4093
84.9019	11979.0000	-0.2340	2.0229	0.0000	206.7410	455.2000	230.4190	2.8536	486.5900	78.4230	4.0000	12000.0000	500.0000	0.0000	12002.8935	0.3027	0.2944	0.0311	0.0316	-2.1112	1.5714	-3.0261	0.4024	-12.9316	168.5099	292.0378	480.4403	88.9007	2.6499	1.9880	91.4596
85.2210	11979.0000	-0.2340	2.0229	0.0000	206.7410	455.2000	230.4190	2.8536	486.5900	78.4230	4.0000	12000.0000	500.0000	0.0000	11988.3644	0.3055	0.3123	0.0291	0.0313	-2.2420	1.6027	-3.0910	0.3867	-23.3857	166.9539	292.1543	474.8084	88.9199	2.8389	1.9811	91.4596
85.4973	11979.0000	-0.2340	2.0229	0.0000	206.7410	455.2000	230.4190	2.8536	486.5900	78.4230	4.0000	12000.0000	500.0000	0.0000	11988.3644	0.3055	0.3123	0.0291	0.0313	-2.2420	1.6027	-3.0910	0.3867	-23.3857	166.9539	292.1543	474.8084	88.9199	2.8389	1.9811	91.4596
85.9635	11996.0000	-0.2320	2.0219	0.0000	206.7000	454.9000	230.4040	2.8521	486.3300	78.5745	4.0000	12000.0000	500.0000	0.0000	11997.9859	0.3335	0.2989	0.0325	0.0290	-2.7050	1.8696	-2.3643	0.4163	-14.9559	168.3603	292.1204	478.7528	88.9496	2.9330	2.0210	91.5132
86.1018	11996.0000	-0.2320	2.0219	0.0000	206.7000	454.9000	230.4040	2.8521	486.3300	78.5745	4.0000	12000.0000	500.0000	0.0000	11997.9859	0.3335	0.2989	0.0325	0.0290	-2.7050	1.8696	-2.3643	0.4163	-14.9559	168.3603	292.1204	478.7528	88.9496	2.9330	2.0210	91.5132
86.6939	11986.0000	-0.2320	2.0306	0.0000	206.7030	453.5700	230.3690	2.8448	484.8600	78.7017	5.0000	12000.0000	500.0000	0.0000	11975.2725	0.2835	0.3273	0.0315	0.0312	-2.0405	1.4177	-2.8034	0.4363	-17.4772	162.1778	292.1170	477.0095	88.9948	3.0070	2.0241	91.5668
86.7018	11986.0000	-0.2320	2.0306	0.0000	206.7030	453.5700	230.3690	2.8448	484.8600	78.7017	5.0000	12000.0000	500.0000	0.0000	11975.2725	0.2835	0.3273	0.0315	0.0312	-2.0405	1.4177	-2.8034	0.4363	-17.4772	162.1778	292.1170	477.0095	88.9948	3.0070	2.0241	91.5668
87.2988	11978.0000	-0.2310	2.0241	0.0000	206.6510	451.3800	230.3510	2.8310	482.3900	78.8692	5.0000	12000.0000	500.0000	0.0000	12017.4762	0.2622	0.2735	0.0327	0.0312	-2.2134	1.3119	-2.8998	0.4448	-13.0549	161.8678	292.0120	478.4342	89.0428	2.9335	2.0740	91.5668
87.5584	11978.0000	-0.2310	2.0241	0.0000	206.6510	451.3800	230.3510	2.8310	482.3900	78.8692	5.0000	12000.0000	500.0000	0.0000	12017.4762	0.2622	0.2735	0.0327	0.0312	-2.2134	1.3119	-2.8998	0.4448	-13.0549	161.8678	292.0120	478.4342	89.0428	2.9335	2.0740	91.5668
87.9037	11978.0000	-0.2310	2.0241	0.0000	206.6510	451.3800	230.3510	2.8310	482.3900	78.8692	5.0000	12000.0000	500.0000	0.0000	11982.2946	0.3123	0.3184	0.0282	0.0299	-2.6071	1.7780	-2.9232	0.3977	-9.8339	176.2906	292.0801	484.0560	89.0950	3.2273	1.9929	91.6123
88.2962	11985.0000	-0.2340	2.0262	0.0000	206.5850	453.1100	230.3130	2.8420	484.3000	78.9961	5.0000	12000.0000	500.0000	0.0000	12006.8335	0.3003	0.2853	0.0303	0.0301	-2.3119	1.6313	-2.8832	0.4287	-15.7967	159.8401	292.0778	473.4484	89.1204	2.8157	2.0024	91.6123
88.5086	11985.0000	-0.2340	2.0262	0.0000	206.5850	453.1100	230.3130	2.8420	484.3000	78.9961	5.0000	12000.0000	500.0000	0.0000	12006.8335	0.3003	0.2853	0.0303	0.0301	-2.3119	1.6313	-2.8832	0.4287	-15.7967	159.8401	292.0778	473.4484	89.1204	2.8157	2.0024	91.6123
89.0275	11989.0000	-0.2300	2.0266	0.0000	206.6730	450.8200	230.2960	2.8301	481.8500	79.1016	5.0000	12000.0000	500.0000	0.0000	11999.6855	0.2845	0.2941	0.0303	0.0308	-2.2553	1.4813	-2.9988	0.3786	-15.5372	174.0297	292.0683	477.1249	89.1544	2.9712	2.0031	91.6646
89.1111	11989.0000	-0.2300	2.0266	0.0000	206.6730	450.8200	230.2960	2.8301	481.8500	79.1016	5.0000	12000.0000	500.0000	0.0000	11999.6855	0.2845	0.2941	0.0303	0.0308	-2.2553	1.4813	-2.9988	0.3786	-15.5372	174.0297	292.0683	477.1249	89.1544	2.9712	2.0031	91.6646
89.6961	11996.0000	-0.2330	2.0142	0.0000	206.6800	449.7900	230.2570	2.8246	480.7600	79.1996	5.0000	12000.0000	500.0000	0.0000	12001.5891	0.2730	0.2905	0.0309	0.0312	-2.1403	1.3867	-3.2617	0.3594	-26.5650	174.7273	292.0837	479.2894	89.1865	2.5358	2.0077	91.7149
89.7560	11996.0000	-0.2330	2.0142	0.0000	206.6800	449.7900	230.2570	2.8246	480.7600	79.1996	5.0000	12000.0000	500.0000	0.0000	12001.5891	0.2730	0.2905	0.0309	0.0312	-2.1403	1.3867	-3.2617	0.3594	-26.5650	174.7273	292.0837	479.2894	89.1865	2.5358	2.0077	91.7149
90.2899	11979.0000	-0.2290	2.0202	0.0000	206.7940	447.8600	230.2420	2.8130	478.6800	79.3439	5.0000	12000.0000	500.0000	0.0000	11999.0082	0.2925	0.2949	0.0306	0.0310	-2.3383	1.5057	-2.9722	0.3991	-21.4590	172.8539	292.0228	481.5973	89.2268	2.8052	2.0294	91.7149
90.4946	11979.0000	-0.2290	2.0202	0.0000	206.7940	447.8600	230.2420	2.8130	478.6800	79.3439	5.0000	12000.0000	500.0000	0.0000	11999.0082	0.2925	0.2949	0.0306	0.0310	-2.3383	1.5057	-2.9722	0.3991	-21.4590	172.8539	292.0228	481.5973	89.2268	2.8052	2.0294	91.7149
90.8839	11988.0000	-0.2280	2.0200	0.0000	206.7450	447.1600	230.2140	2.8095	478.0100	79.4367	5.0000	12000.0000	500.0000	0.0000	11991.7227	0.2984	0.3027	0.0312	0.0312	-2.2509	1.5602	-2.9418	0.3903	-13.8879	172.6619	292.0605	473.2451	89.2849	2.9713	2.0209	91.7557
91.2252	11988.0000	-0.2280	2.0200	0.0000	206.7450	447.1600	230.2140	2.8095	478.0100	79.4367	5.0000	12000.0000	500.0000	0.0000	12001.1508	0.2787	0.2908	0.0297	0.0301	-2.5191	1.5337	-3.1081	0.3968	-19.9580	169.3233	292.0566	476.5823	89.3238	3.0168	2.0142	91.7557
91.4688	11988.0000	-0.2280	2.0200	0.0000	206.7450	447.1600	230.2140	2.8095	478.0100	79.4367	5.0000	12000.0000	500.0000	0.0000	12001.1508	0.2787	0.2908	0.0297	0.0301	-2.5191	1.5337	-3.1081	0.3968	-19.9580	169.3233	292.0566	476.5823	89.3238	3.0168	2.0142	91.7557
91.9637	11988.0000	-0.2270	2.0151	0.0000	206.6760	448.2600	230.1980	2.8160	479.0800	79.5089	5.0000	12000.0000	500.0000	0.0000	12001.1508	0.2787	0.2908	0.0297	0.0301	-2.5191	1.5337	-3.1081	0.3968	-19.9580	169.3233	292.0566	476.5823	89.3238	3.0168	2.0142	91.7557
92.5682	12028.0000	-0.2300	2.0149	0.0000	206.5800	447.3900	230.1770	2.8123	478.2000	79.6510	6.0000	12000.0000	500.0000	0.0000	12026.8180	0.2784	0.2562	0.0293	0.0289	-2.1255	1.5053	-2.5638	0.3395	-27.7631	171.8443	291.9849	477.2508	89.3958	3.1947	2.0111	91.8523
92.7006	12028.0000	-0.2300	2.0149	0.0000	206.5800	447.3900	230.1770	2.8123	478.2000	79.6510	6.0000	12000.0000	500.0000	0.0000	12026.8180	0.2784	0.2562	0.0293	0.0289	-2.1255	1.5053	-2.5638	0.3395	-27.7631	171.8443	291.9849	477.2508	89.3958	3.1947	2.0111	91.8523
93.1556	12032.0000	-0.2320	2.0253	0.0000	206.6690	447.2200	230.1670	2.8105	478.0200	79.7373	NOT CONNECTED	12000.0000	500.0000	0.0000	11984.1341	0.3075	0.3123	0.0310	0.0286	-2.5403	1.8799	-2.8474	0.3866	-25.1209	171.9131	291.9838	476.2889	89.4394	2.7299	2.0432	91.8523
93.4215	12032.0000	-0.2320	2.0253	0.0000	206.6690	447.2200	230.1670	2.8105	478.0200	79.7373	NOT CONNECTED	12000.0000	500.0000	0.0000	11984.1341	0.3075	0.3123	0.0310	0.0286	-2.5403	1.8799	-2.8474	0.3866	-25.1209	171.9131	291.9838	476.2889	89.4394	2.7299	2.0432	91.8523
93.7603	12032.0000	-0.2320	2.0253	0.0000	206.6690	447.2200	230.1670	2.8105	478.0200	79.7373	NOT CONNECTED	0.0000	500.0000	0.0000	12001.7418	0.3149	0.2904	0.0313	0.0306	-2.4992	1.7614	-3.2062	0.4149	-15.7400	163.9895	291.9640	472.5802	89.4883	3.0088	1.9747	91.8939
94.3524	12045.0000	-0.1340	2.0210	0.0000	206.6770	449.9300	230.1610	2.8257	480.8600	79.9376	NOT CONNECTED	0.0000	500.0000	0.0000	12036.4267	0.1035	0.1536	0.0333	0.0325	-2.6346	0.5159	-2.7460	0.2077	-16.2437	164.7718	298.9272	265.5735	89.4948	2.5768	1.9010	91.8939
94.4319	12045.0000	-0.1340	2.0210	0.0000	206.6770	449.9300	230.1610	2.8257	480.8600	79.9376	NOT CONNECTED	0.0000	500.0000	0.0000	12036.4267	0.1035	0.1536	0.0333	0.0325	-2.6346	0.5159	-2.7460	0.2077	-16.2437	164.7718	298.9272	265.5735	89.4948	2.5768	1.9010	91.8939
94.9791	12028.0000	-0.1100	1.8680	0.0000	212.2070	260.5100	230.2790	1.7334	280.4900	79.9647	NOT CONNECTED	0.0000	500.0000	0.0000	11977.4407	0.1539	0.1949	0.0323	0.0321	-2.3263	0.7106	-2.7635	0.2513	-18.5147	171.5512	297.7843	295.4827	89.4400	2.8829	1.8558	91.9431
95.1617	12028.0000	-0.1100	1.8680	0.0000	212.2070	260.5100	230.2790	1.7334	280.4900	79.9647	NOT CONNECTED	0.0000	500.0000	0.0000	11977.4407	0.1539	0.1949	0.0323	0.0321	-2.3263	0.7106	-2.7635	0.2513	-18.5147	171.5512	297.7843	295.4827	89.4400	2.8829	1.8558	91.9431
95.5726	11986.0000	-0.1100	1.8926	0.0000	211.0800	280.2600	230.2470	1.8487	301.2700	80.0842	NOT CONNECTED	0.0000	500.0000	0.0000	11966.5101	0.1461	0.2105	0.0307	0.0319	-3.1741	0.9995	-3.0707	0.2209	-18.1892	178.3850	297.5278	308.9028	89.3916	3.4665	1.8711	91.9563
95.9075	11986.0000	-0.1100	1.8926	0.0000	211.0800	280.2600	230.2470	1.8487	301.2700	80.0842	NOT CONNECTED	0.0000	500.0000	0.0000	11972.3956	0.1202	0.2044	0.0316	0.0321	-2.5273	0.5453	-2.4585	0.2280	-6.2640	165.0146	297.5617	301.5720	89.3725	3.0293	1.8911	91.9563
96.1626	11986.0000	-0.1100	1.8926	0.0000	211.0800	280.2600	230.2470	1.8487	301.2700	80.0842	NOT CONNECTED	0.0000	500.0000	0.0000	11972.3956	0.1202	0.2044	0.0316	0.0321	-2.5273	0.5453	-2.4585	0.2280	-6.2640	165.0146	297.5617	301.5720	89.3725	3.0293	1.8911	91.9563
96.6463	11989.0000	-0.1100	1.9026	0.0000	211.3810	283.1000	230.2770	1.8658	304.5400	80.1432	NOT CONNECTED	0.0000	500.0000	0.0000	12022.7136	0.0786	0.1382	0.0329	0.0324	-2.8230	0.3897	-2.1393	0.1723	-18.4954	164.1701	297.6307	293.8327	89.3770	2.4318	1.8677	91.9561
96.7593	11989.0000	-0.1100	1.9026	0.0000	211.3810	283.1000	230.2770	1.8658	304.5400	80.1432	NOT CONNECTED	0.0000	500.0000	0.0000	12022.7136	0.0786	0.1382	0.0329	0.0324	-2.8230	0.3897	-2.1393	0.1723	-18.4954	164.1701	297.6307	293.8327	89.3770	2.4318	1.8677	91.9561
97.3541	12005.0000	-0.1100	1.9028	0.0000	211.2030	282.4500	230.2990	1.8622	303.8300	80.2161	NOT CONNECTED	0.0000	500.0000	0.0000	12022.7462	0.1203	0.1380	0.0315	0.0328	-2.1354	0.4749	-2.2737	0.1745	-9.1360	172.6161	297.6817	290.3762	89.3684	2.2521	1.9051	91.9561
97.3774	12005.0000	-0.1100	1.9028	0.0000	211.2030	282.4500	230.2990	1.8622	303.8300	80.2161	NOT CONNECTED	0.0000	500.0000	0.0000	12022.7462	0.1203	0.1380	0.0315	0.0328	-2.1354	0.4749	-2.2737	0.1745	-9.1360	172.6161	297.6817	290.3762	89.3684	2.2521	1.9051	91.9561
97.9542	12040.0000	-0.1110	1.9115	0.0000	211.5140	282.0900	230.3450	1.8610	303.6300	80.2878	NOT CONNECTED	0.0000	500.0000	0.0000	12017.8877	0.1720	0.1427	0.0341	0.0326	-2.9001	1.0720	-2.9814	0.2072	-16.5865	166.8423	297.8535	273.3283	89.3793	2.0235	1.9118	91.9699
98.1527	12040.0000	-0.1110	1.9115	0.0000	211.5140	282.0900	230.3450	1.8610	303.6300	80.2878	NOT CONNECTED	0.0000	500.0000	0.0000	12017.8877	0.1720	0.1427	0.0341	0.0326	-2.9001	1.0720	-2.9814	0.2072	-16.5865	166.8423	297.8535	273.3283	89.3793	2.0235	1.9118	91.9699
98.5392	11717.0000	-0.0110	1.8190	0.0000	214.8950	184.3400	230.4440	1.3053	203.7500	80.3611	NOT CONNECTED	0.0000	500.0000	0.0000	11733.3147	0.0594	0.0429	0.0342	0.0348	-2.6218	0.3367	-2.3820	-0.0042	-15.9914	183.4677	305.3809	138.8213	89.3600	2.4171	1.7407	91.9699
98.8906	11717.0000	-0.0110	1.8190	0.0000	214.8950	184.3400	230.4440	1.3053	203.7500	80.3611	NOT CONNECTED	0.0000	500.0000	0.0000	11406.3702	0.1092	0.0656	0.0370	0.0356	-2.2979	0.5038	-2.8271	0.0227	-4.5644	176.6344	305.0291	146.1019	89.2788	2.7335	1.7415	91.9834
99.1344	11717.0000	-0.0110	1.8190	0.0000	214.8950	184.3400	230.4440	1.3053	203.7500	80.3611	NOT CONNECTED	0.0000	500.0000	0.0000	11406.3702	0.1092	0.0656	0.0370	0.0356	-2.2979	0.5038	-2.8271	0.0227	-4.5644	176.6344	305.0291	146.1019	89.2788	2.7335	1.7415	91.9834
99.6492	11316.0000	-0.0270	1.7385	0.0000	216.9050	129.7000	230.4930	0.9583	145.2100	80.4202	NOT CONNECTED	0.0000	500.0000	0.0000	11129.0570	-0.0041	0.0270	0.0370	0.0361	-2.4203	-0.1030	-2.5562	0.1369	-27.8662	168.6577	305.5603	136.3536	89.2153	1.9920	1.7129	91.9462
99.7393	11316.0000	-0.0270	1.7385	0.0000	216.9050	129.7000	230.4930	0.9583	145.2100	80.4202	NOT CONNECTED	0.0000	500.0000	0.0000	11129.0570	-0.0041	0.0270	0.0370	0.0361	-2.4203	-0.1030	-2.5562	0.1369	-27.8662	168.6577	305.5603	136.3536	89.2153	1.9920	1.7129	91.9462
100.3322	10925.0000	-0.0220	1.7087	0.0000	217.1230	122.5000	230.5250	0.9142	137.8000	80.4769	NOT CONNECTED	0.0000	500.0000	0.0000	10817.8283	0.1077	0.0360	0.0370	0.0368	-2.4906	0.6008	-2.2601	0.0245	-30.4320	182.9547	306.2545	122.0574	89.1299	2.4167	1.6534	91.9462
100.3845	10925.0000	-0.0220	1.7087	0.0000	217.1230	122.5000	230.5250	0.9142	137.8000	80.4769	NOT CONNECTED	0.0000	500.0000	0.0000	10817.8283	0.1077	0.0360	0.0370	0.0368	-2.4906	0.6008	-2.2601	0.0245	-30.4320	182.9547	306.2545	122.0574	89.1299	2.4167	1.6534	91.9462
100.9378	10560.0000	-0.0180	1.6582	0.0000	217.2360	106.3600	230.5960	0.8149	121.2300	80.5220	NOT CONNECTED	0.0000	500.0000	0.0000	10524.8484	-0.0079	0.0204	0.0389	0.0385	-2.2429	-0.0787	-2.2898	-0.0157	-24.0480	180.7308	306.9062	113.0927	89.0385	2.6059	1.6316	91.8944
101.1603	10560.0000	-0.0180	1.6582	0.0000	217.2360	106.3600	230.5960	0.8149	121.2300	80.5220	NOT CONNECTED	0.0000	500.0000	0.0000	10524.8484	-0.0079	0.0204	0.0389	0.0385	-2.2429	-0.0787	-2.2898	-0.0157	-24.0480	180.7308	306.9062	113.0927	89.0385	2.6059	1.6316	91.8944
101.5369	10155.0000	-0.0110	1.6276	0.0000	217.3330	99.8600	230.6260	0.7741	114.4700	80.5735	NOT CONNECTED	0.0000	500.0000	0.0000	10227.6638	-0.0098	0.0062	0.0394	0.0395	-2.0178	-0.1357	-2.3226	0.1422	-12.1128	162.0136	307.4326	109.2310	88.9368	1.8944	1.5977	91.8944
101.9013	10155.0000	-0.0110	1.6276	0.0000	217.3330	99.8600	230.6260	0.7741	114.4700	80.5735	NOT CONNECTED	0.0000	500.0000	0.0000	9920.0044	0.0442	0.0144	0.0430	0.0422	-1.9324	0.0027	-2.2944	-0.0774	-14.0994	189.1945	308.0710	95.4138	88.8438	2.0645	1.5847	91.8275
102.1307	10155.0000	-0.0110	1.6276	0.0000	217.3330	99.8600	230.6260	0.7741	114.4700	80.5735	NOT CONNECTED	0.0000	500.0000	0.0000	9920.0044	0.0442	0.0144	0.0430	0.0422	-1.9324	0.0027	-2.2944	-0.0774	-14.0994	189.1945	308.0710	95.4138	88.8438	2.0645	1.5847	91.8275
102.6416	9802.0000	-0.0050	1.5582	0.0000	217.5690	86.5600	230.6800	0.6897	100.6300	80.5733	NOT CONNECTED	0.0000	500.0000	0.0000	9580.0281	0.0719	0.0654	0.0420	0.0421	-2.3959	0.4239	-2.0263	-0.0076	-5.6866	182.9995	308.5179	87.6283	88.7488	1.9920	1.5030	91.7312
102.7296	9802.0000	-0.0050	1.5582	0.0000	217.5690	86.5600	230.6800	0.6897	100.6300	80.5733	NOT CONNECTED	0.0000	500.0000	0.0000	9580.0281	0.0719	0.0654	0.0420	0.0421	-2.3959	0.4239	-2.0263	-0.0076	-5.6866	182.9995	308.5179	87.6283	88.7488	1.9920	1.5030	91.7312
103.3329	9428.0000	-0.0050	1.5134	0.0000	218.2510	81.5800	230.7030	0.6559	95.1400	80.6085	NOT CONNECTED	0.0000	500.0000	0.0000	9301.3360	0.0319	0.0292	0.0448	0.0448	-2.1697	0.1430	-2.0046	-0.0084	-9.9892	182.6703	309.5309	77.2318	88.6217	2.0480	1.4548	91.7312
103.3806	9428.0000	-0.0050	1.5134	0.0000	218.2510	81.5800	230.7030	0.6559	95.1400	80.6085	NOT CONNECTED	0.0000	500.0000	0.0000	9301.3360	0.0319	0.0292	0.0448	0.0448	-2.1697	0.1430	-2.0046	-0.0084	-9.9892	182.6703	309.5309	77.2318	88.6217	2.0480	1.4548	91.7312
103.9264	9057.0000	-0.0050	1.4132	0.0000	219.7470	65.9600	230.7400	0.5546	78.8400	80.6018	NOT CONNECTED	0.0000	500.0000	0.0000	8995.2724	0.0280	0.0353	0.0461	0.0463	-1.9571	0.0598	-2.0231	0.0271	-20.0771	176.3288	310.0779	70.8573	88.4832	1.9103	1.3794	91.6182
104.1518	9057.0000	-0.0050	1.4132	0.0000	219.7470	65.9600	230.7400	0.5546	78.8400	80.6018	NOT CONNECTED	0.0000	500.0000	0.0000	8995.2724	0.0280	0.0353	0.0461	0.0463	-1.9571	0.0598	-2.0231	0.0271	-20.0771	176.3288	310.0779	70.8573	88.4832	1.9103	1.3794	91.6182
104.5093	9057.0000	-0.0050	1.4132	0.0000	219.7470	65.9600	230.7400	0.5546	78.8400	80.6018	NOT CONNECTED	0.0000	500.0000	0.0000	8706.2943	0.0296	0.0291	0.0462	0.0480	-1.8507	0.0979	-2.0426	0.0488	-17.5723	176.7272	310.3293	67.1148	88.3354	1.8723	1.3348	91.6182
104.8904	8687.0000	-0.0030	1.3684	0.0000	220.1240	60.3500	230.7510	0.5170	72.8400	80.5805	NOT CONNECTED	0.0000	500.0000	0.0000	8416.6780	0.0272	0.0278	0.0504	0.0492	-1.7572	0.0951	-1.7240	0.0056	2.0209	180.8360	310.8588	63.2671	88.1902	1.8401	1.2929	91.4831
105.0940	8687.0000	-0.0030	1.3684	0.0000	220.1240	60.3500	230.7510	0.5170	72.8400	80.5805	NOT CONNECTED	0.0000	500.0000	0.0000	8416.6780	0.0272	0.0278	0.0504	0.0492	-1.7572	0.0951	-1.7240	0.0056	2.0209	180.8360	310.8588	63.2671	88.1902	1.8401	1.2929	91.4831
105.6450	8314.0000	-0.0000	1.2776	0.0000	220.2700	53.8200	230.7610	0.4724	65.8200	80.5805	NOT CONNECTED	0.0000	500.0000	0.0000	8120.3350	0.0149	0.0264	0.0514	0.0517	-1.7369	0.0150	-1.7374	0.0483	-2.8423	172.9406	311.3182	54.0953	88.0453	1.6736	1.2114	91.3173
105.6926	8314.0000	-0.0000	1.2776	0.0000	220.2700	53.8200	230.7610	0.4724	65.8200	80.5805	NOT CONNECTED	0.0000	500.0000	0.0000	8120.3350	0.0149	0.0264	0.0514	0.0517	-1.7369	0.0150	-1.7374	0.0483	-2.8423	172.9406	311.3182	54.0953	88.0453	1.6736	1.2114	91.3173
106.2860	7934.0000	-0.0000	1.2253	0.0000	220.5490	48.8200	230.7590	0.4375	60.3800	80.5519	NOT CONNECTED	0.0000	500.0000	0.0000	7823.5789	0.0267	0.0241	0.0527	0.0531	-1.6687	0.0651	-1.6875	0.0293	-9.6672	170.7957	311.8928	49.5731	87.8797	1.8310	1.1578	91.3173
106.3783	7934.0000	-0.0000	1.2253	0.0000	220.5490	48.8200	230.7590	0.4375	60.3800	80.5519	NOT CONNECTED	0.0000	500.0000	0.0000	7823.5789	0.0267	0.0241	0.0527	0.0531	-1.6687	0.0651	-1.6875	0.0293	-9.6672	170.7957	311.8928	49.5731	87.8797	1.8310	1.1578	91.3173
106.8807	7576.0000	-0.0000	1.1725	0.0000	220.6130	43.7500	230.7530	0.4036	55.1700	80.5013	NOT CONNECTED	0.0000	500.0000	0.0000	7523.4125	0.0199	0.0251	0.0524	0.0531	-1.6900	0.1148	-1.6800	0.0402	-13.7707	163.8792	312.1307	46.8697	87.7224	1.7682	1.1475	91.1353
107.1503	7576.0000	-0.0000	1.1725	0.0000	220.6130	43.7500	230.7530	0.4036	55.1700	80.5013	NOT CONNECTED	0.0000	500.0000	0.0000	7523.4125	0.0199	0.0251	0.0524	0.0531	-1.6900	0.1148	-1.6800	0.0402	-13.7707	163.8792	312.1307	46.8697	87.7224	1.7682	1.1475	91.1353
107.4835	7576.0000	-0.0000	1.1725	0.0000	220.6130	43.7500	230.7530	0.4036	55.1700	80.5013	NOT CONNECTED	0.0000	500.0000	0.0000	7234.1231	-0.0194	0.0113	0.0532	0.0531	-1.5892	-0.0756	-1.5122	-0.0039	-25.1935	165.6913	312.2943	43.5989	87.5735	1.7496	1.1440	91.1353
107.8921	7178.0000	0.0000	1.1644	0.0000	207.8940	38.1400	230.7250	0.3724	50.4100	80.4228	NOT CONNECTED	0.0000	500.0000	0.0000	6942.5514	0.0196	-0.0000	0.0531	0.0531	-1.7973	0.0711	-1.5151	0.0299	-12.2618	153.4907	312.3887	39.1321	87.4416	1.7212	1.1576	90.9387
108.0780	7178.0000	0.0000	1.1644	0.0000	207.8940	38.1400	230.7250	0.3724	50.4100	80.4228	NOT CONNECTED	0.0000	500.0000	0.0000	6942.5514	0.0196	-0.0000	0.0531	0.0531	-1.7973	0.0711	-1.5151	0.0299	-12.2618	153.4907	312.3887	39.1321	87.4416	1.7212	1.1576	90.9387
108.6409	6815.0000	0.0020	1.1633	0.0000	194.1560	35.3300	230.6740	0.3575	48.1200	80.3419	NOT CONNECTED	0.0000	500.0000	0.0000	6640.0256	0.0062	0.0067	0.0529	0.0531	-1.6573	0.0236	-1.8085	-0.0211	-14.4050	152.4765	312.6280	35.6994	87.3325	1.6441	1.1633	90.7320
108.6756	6815.0000	0.0020	1.1633	0.0000	194.1560	35.3300	230.6740	0.3575	48.1200	80.3419	NOT CONNECTED	0.0000	500.0000	0.0000	6640.0256	0.0062	0.0067	0.0529	0.0531	-1.6573	0.0236	-1.8085	-0.0211	-14.4050	152.4765	312.6280	35.6994	87.3325	1.6441	1.1633	90.7320
109.2759	6443.0000	0.0070	1.1604	0.0000	187.0290	32.3600	230.6460	0.3397	45.4700	80.2288	NOT CONNECTED	0.0000	500.0000	0.0000	6347.6845	-0.0029	-0.0000	0.0532	0.0531	-1.7194	-0.0086	-1.7134	0.0396	-12.9169	136.7611	313.0919	32.3434	87.2288	1.5255	1.1536	90.7320
109.3683	6443.0000	0.0070	1.1604	0.0000	187.0290	32.3600	230.6460	0.3397	45.4700	80.2288	NOT CONNECTED	0.0000	500.0000	0.0000	6347.6845	-0.0029	-0.0000	0.0532	0.0531	-1.7194	-0.0086	-1.7134	0.0396	-12.9169	136.7611	313.0919	32.3434	87.2288	1.5255	1.1536	90.7320
109.8842	6086.0000	0.0080	1.1598	0.0000	180.0370	28.5300	230.6170	0.3150	41.7300	80.1190	NOT CONNECTED	0.0000	500.0000	0.0000	6049.9865	0.0059	-0.0000	0.0533	0.0531	-1.7451	0.0226	-1.6167	0.0227	-13.2452	133.6327	313.1176	30.7403	87.1357	1.5600	1.1549	90.5267
110.0892	6086.0000	0.0080	1.1598	0.0000	180.0370	28.5300	230.6170	0.3150	41.7300	80.1190	NOT CONNECTED	0.0000	500.0000	0.0000	6049.9865	0.0059	-0.0000	0.0533	0.0531	-1.7451	0.0226	-1.6167	0.0227	-13.2452	133.6327	313.1176	30.7403	87.1357	1.5600	1.1549	90.5267
110.4670	5742.0000	0.0130	1.1612	0.0000	166.1640	26.1500	230.5510	0.2996	39.4200	79.9915	NOT CONNECTED	0.0000	500.0000	0.0000	5758.1576	-0.0139	-0.0000	0.0531	0.0531	-1.6037	-0.0345	-1.7380	0.0069	-11.0713	128.3408	313.1540	30.6709	87.0529	1.5875	1.1574	90.5267
110.8093	5742.0000	0.0130	1.1612	0.0000	166.1640	26.1500	230.5510	0.2996	39.4200	79.9915	NOT CONNECTED	0.0000	500.0000	0.0000	5468.9854	0.0155	-0.0000	0.0530	0.0531	-1.8061	0.0285	-1.5246	-0.0041	-10.6137	118.7852	312.8524	31.2115	86.9795	1.7481	1.1716	90.3204
111.0630	5742.0000	0.0130	1.1612	0.0000	166.1640	26.1500	230.5510	0.2996	39.4200	79.9915	NOT CONNECTED	0.0000	500.0000	0.0000	5468.9854	0.0155	-0.0000	0.0530	0.0531	-1.8061	0.0285	-1.5246	-0.0041	-10.6137	118.7852	312.8524	31.2115	86.9795	1.7481	1.1716	90.3204
111.5444	5408.0000	0.0130	1.1614	0.0000	159.7420	27.4500	230.5180	0.3075	40.6000	79.9203	NOT CONNECTED	0.0000	500.0000	0.0000	5220.8529	0.0184	-0.0000	0.0530	0.0531	-1.9859	0.0619	-1.4099	0.0367	-10.4669	108.2096	312.8105	30.5485	86.9187	1.6549	1.1630	90.1094
111.6735	5408.0000	0.0130	1.1614	0.0000	159.7420	27.4500	230.5180	0.3075	40.6000	79.9203	NOT CONNECTED	0.0000	500.0000	0.0000	5220.8529	0.0184	-0.0000	0.0530	0.0531	-1.9859	0.0619	-1.4099	0.0367	-10.4669	108.2096	312.8105	30.5485	86.9187	1.6549	1.1630	90.1094
112.2738	5094.0000	0.0060	1.1638	0.0000	147.4650	27.9200	230.4590	0.3126	41.4400	79.8043	NOT CONNECTED	0.0000	500.0000	0.0000	4965.7578	0.0069	-0.0000	0.0531	0.0531	-1.7006	0.0119	-1.8557	-0.0006	-11.8616	110.8864	312.7875	31.1838	86.8607	1.7938	1.1636	90.1094
112.2818	5094.0000	0.0060	1.1638	0.0000	147.4650	27.9200	230.4590	0.3126	41.4400	79.8043	NOT CONNECTED	0.0000	500.0000	0.0000	4965.7578	0.0069	-0.0000	0.0531	0.0531	-1.7006	0.0119	-1.8557	-0.0006	-11.8616	110.8864	312.7875	31.1838	86.8607	1.7938	1.1636	90.1094
112.8728	4788.0000	0.0080	1.1638	0.0000	141.6030	27.9000	230.4320	0.3130	41.4800	79.7438	NOT CONNECTED	0.0000	500.0000	0.0000	4727.0257	-0.0192	-0.0000	0.0530	0.0531	-1.4695	-0.0733	-1.7596	0.0346	-14.2504	100.1333	312.6670	31.0591	86.8083	1.7402	1.1658	90.1327
113.0052	4788.0000	0.0080	1.1638	0.0000	141.6030	27.9000	230.4320	0.3130	41.4800	79.7438	NOT CONNECTED	0.0000	500.0000	0.0000	4727.0257	-0.0192	-0.0000	0.0530	0.0531	-1.4695	-0.0733	-1.7596	0.0346	-14.2504	100.1333	312.6670	31.0591	86.8083	1.7402	1.1658	90.1327
113.4672	4502.0000	0.0060	1.1628	0.0000	130.0880	27.5500	230.3910	0.3109	41.2100	79.6848	NOT CONNECTED	0.0000	500.0000	0.0000	4481.9656	0.0067	-0.0000	0.0532	0.0531	-1.6426	0.0288	-1.5378	0.0067	-11.9901	96.0246	312.6791	30.8448	86.7614	1.6756	1.1652	90.1327
113.7406	4502.0000	0.0060	1.1628	0.0000	130.0880	27.5500	230.3910	0.3109	41.2100	79.6848	NOT CONNECTED	0.0000	500.0000	0.0000	4481.9656	0.0067	-0.0000	0.0532	0.0531	-1.6426	0.0288	-1.5378	0.0067	-11.9901	96.0246	312.6791	30.8448	86.7614	1.6756	1.1652	90.1327
114.0634	4502.0000	0.0060	1.1628	0.0000	130.0880	27.5500	230.3910	0.3109	41.2100	79.6848	NOT CONNECTED	0.0000	500.0000	0.0000	4245.9868	-0.0012	-0.0000	0.0530	0.0531	-1.5914	0.0123	-1.6351	0.0159	-13.3677	91.5838	312.7062	30.1474	86.7190	1.6537	1.1676	90.1547
114.6644	4014.0000	0.0050	1.1582	0.0000	119.0330	27.2300	230.3670	0.3086	40.9300	79.6257	NOT CONNECTED	0.0000	500.0000	0.0000	4021.4472	0.0012	-0.0000	0.0531	0.0531	-1.7499	0.0170	-1.8678	-0.0137	-13.3922	93.7145	312.7089	29.8946	86.6843	1.5437	1.1678	90.1726
114.9918	4014.0000	0.0050	1.1582	0.0000	119.0330	27.2300	230.3670	0.3086	40.9300	79.6257	NOT CONNECTED	0.0000	500.0000	0.0000	3792.8417	0.0078	-0.0000	0.0532	0.0531	-1.7904	0.0097	-1.8930	-0.0409	-10.6542	88.8075	312.6980	30.5981	86.6484	1.8209	1.1689	90.1726
115.2531	4014.0000	0.0050	1.1582	0.0000	119.0330	27.2300	230.3670	0.3086	40.9300	79.6257	NOT CONNECTED	0.0000	500.0000	0.0000	3792.8417	0.0078	-0.0000	0.0532	0.0531	-1.7904	0.0097	-1.8930	-0.0409	-10.6542	88.8075	312.6980	30.5981	86.6484	1.8209	1.1689	90.1726
115.7260	3740.0000	0.0030	1.1639	0.0000	108.4100	27.1800	230.3630	0.3085	40.8800	79.6194	NOT CONNECTED	0.0000	500.0000	0.0000	3579.6474	0.0072	-0.0000	0.0532	0.0531	-1.8339	0.0144	-1.8917	-0.0106	-13.0333	82.2086	312.6534	30.1772	86.6184	1.7243	1.1685	90.1899
115.8512	3740.0000	0.0030	1.1639	0.0000	108.4100	27.1800	230.3630	0.3085	40.8800	79.6194	NOT CONNECTED	0.0000	500.0000	0.0000	3579.6474	0.0072	-0.0000	0.0532	0.0531	-1.8339	0.0144	-1.8917	-0.0106	-13.0333	82.2086	312.6534	30.1772	86.6184	1.7243	1.1685	90.1899
116.4269	3473.0000	0.0030	1.1630	0.0000	103.2570	27.1000	230.3700	0.3076	40.8100	79.6599	NOT CONNECTED	0.0000	500.0000	0.0000	3376.6354	0.0142	-0.0000	0.0531	0.0531	-1.8618	0.0523	-1.7397	-0.0005	-12.3752	77.2203	312.7589	30.0979	86.5898	1.5565	1.1700	90.1899
116.4646	3473.0000	0.0030	1.1630	0.0000	103.2570	27.1000	230.3700	0.3076	40.8100	79.6599	NOT CONNECTED	0.0000	500.0000	0.0000	3376.6354	0.0142	-0.0000	0.0531	0.0531	-1.8618	0.0523	-1.7397	-0.0005	-12.3752	77.2203	312.7589	30.0979	86.5898	1.5565	1.1700	90.1899
117.0109	3181.0000	0.0360	1.1620	0.0000	93.3410	26.6800	230.3930	0.3052	40.4100	79.6293	NOT CONNECTED	0.0000	500.0000	0.0000	3096.2230	0.0003	-0.0920	0.0531	0.0531	-1.5207	0.0447	-1.3863	0.0307	-1.1566	60.4421	315.0543	13.3542	86.5648	1.7422	1.1772	90.2066
117.2034	3181.0000	0.0360	1.1620	0.0000	93.3410	26.6800	230.3930	0.3052	40.4100	79.6293	NOT CONNECTED	0.0000	500.0000	0.0000	3096.2230	0.0003	-0.0920	0.0531	0.0531	-1.5207	0.0447	-1.3863	0.0307	-1.1566	60.4421	315.0543	13.3542	86.5648	1.7422	1.1772	90.2066
117.5996	2700.0000	0.0590	1.1759	0.0000	86.9220	10.3500	230.4220	0.1924	23.9600	79.6835	NOT CONNECTED	0.0000	500.0000	0.0000	2717.5810	-0.0127	-0.0000	0.0539	0.0531	-1.2905	-0.1133	-1.2728	-0.1770	-20.1468	67.7994	315.5440	10.3555	86.5461	1.3511	1.1850	90.2203
117.9447	2700.0000	0.0590	1.1759	0.0000	86.9220	10.3500	230.4220	0.1924	23.9600	79.6835	NOT CONNECTED	0.0000	500.0000	0.0000	2294.4254	-0.1020	-0.1435	0.0534	0.0533	-1.3467	-0.3427	-1.9298	-0.1814	-11.0296	44.5162	315.9283	7.7316	86.5289	1.8724	1.1822	90.2203
118.1823	2700.0000	0.0590	1.1759	0.0000	86.9220	10.3500	230.4220	0.1924	23.9600	79.6835	NOT CONNECTED	0.0000	500.0000	0.0000	2294.4254	-0.1020	-0.1435	0.0534	0.0533	-1.3467	-0.3427	-1.9298	-0.1814	-11.0296	44.5162	315.9283	7.7316	86.5289	1.8724	1.1822	90.2203
118.6706	2133.0000	0.1040	1.1741	0.0000	67.5990	6.7700	230.4680	0.1632	19.9900	79.7763	NOT CONNECTED	0.0000	500.0000	0.0000	1689.8790	-0.1443	-0.1785	0.0536	0.0534	-1.4033	-0.4791	-1.7097	-0.2628	-11.8975	32.5280	317.3529	3.7307	86.5118	1.8112	1.1779	90.2346
118.7783	2133.0000	0.1040	1.1741	0.0000	67.5990	6.7700	230.4680	0.1632	19.9900	79.7763	NOT CONNECTED	0.0000	500.0000	0.0000	1689.8790	-0.1443	-0.1785	0.0536	0.0534	-1.4033	-0.4791	-1.7097	-0.2628	-11.8975	32.5280	317.3529	3.7307	86.5118	1.8112	1.1779	90.2346
119.3583	1436.0000	0.0590	1.1672	0.0000	51.8560	0.1500	230.5000	0.1116	12.9600	79.8853	NOT CONNECTED	0.0000	500.0000	0.0000	1299.8671	-0.0441	-0.0543	0.0531	0.0531	-1.7588	-0.1356	-1.6967	-0.0250	-13.1483	27.0760	313.6814	24.5767	86.4931	1.7218	1.1685	90.2346
119.4007	1436.0000	0.0590	1.1672	0.0000	51.8560	0.1500	230.5000	0.1116	12.9600	79.8853	NOT CONNECTED	0.0000	500.0000	0.0000	1299.8671	-0.0441	-0.0543	0.0531	0.0531	-1.7588	-0.1356	-1.6967	-0.0250	-13.1483	27.0760	313.6814	24.5767	86.4931	1.7218	1.1685	90.2346
119.9583	1068.0000	0.0410	1.1559	0.0000	34.6460	22.2800	230.5440	0.2657	34.7900	80.0385	NOT CONNECTED	0.0000	500.0000	0.0000	994.9711	-0.0158	-0.0187	0.0531	0.0531	-1.7867	-0.0360	-1.6522	-0.0255	-12.7657	21.3240	313.5828	26.1582	86.4731	1.6930	1.1676	90.2472
120.1533	1068.0000	0.0410	1.1559	0.0000	34.6460	22.2800	230.5440	0.2657	34.7900	80.0385	NOT CONNECTED	0.0000	500.0000	0.0000	994.9711	-0.0158	-0.0187	0.0531	0.0531	-1.7867	-0.0360	-1.6522	-0.0255	-12.7657	21.3240	313.5828	26.1582	86.4731	1.6930	1.1676	90.2472
120.5468	691.0000	0.0410	1.1545	0.0000	28.4300	23.4100	230.5750	0.2728	35.7800	80.2064	NOT CONNECTED	0.0000	500.0000	0.0000	701.4306	0.0175	-0.0327	0.0531	0.0531	-1.6425	0.0556	-1.6960	-0.0525	-11.1631	13.8924	313.5328	29.2341	86.4547	1.6609	1.1662	90.2572
120.8899	691.0000	0.0410	1.1545	0.0000	28.4300	23.4100	230.5750	0.2728	35.7800	80.2064	NOT CONNECTED	0.0000	500.0000	0.0000	406.5594	-0.0102	-0.0070	0.0530	0.0531	-1.6631	-0.0331	-1.5781	0.0651	-11.9971	9.5161	313.4962	29.2956	86.4344	1.5845	1.1511	90.2572
121.1356	691.0000	0.0410	1.1545	0.0000	28.4300	23.4100	230.5750	0.2728	35.7800	80.2064	NOT CONNECTED	0.0000	500.0000	0.0000	406.5594	-0.0102	-0.0070	0.0530	0.0531	-1.6631	-0.0331	-1.5781	0.0651	-11.9971	9.5161	313.4962	29.2956	86.4344	1.5845	1.1511	90.2572
121.6385	321.0000	0.0450	1.1346	0.0000	17.5790	25.1700	230.6310	0.2810	37.1500	80.3977	NOT CONNECTED	0.0000	500.0000	0.0000	0.0000	0.0000	0.0000	0.0931	0.0532	-1.7107	0.2215	-1.7215	0.1090	-12.2557	6.2757	321.1512	0.0000	86.4080	1.7250	1.0854	90.2662
121.7287	321.0000	0.0450	1.1346	0.0000	17.5790	25.1700	230.6310	0.2810	37.1500	80.3977	NOT CONNECTED	0.0000	500.0000	0.0000	0.0000	0.0000	0.0000	0.0931	0.0532	-1.7107	0.2215	-1.7215	0.1090	-12.2557	6.2757	321.1512	0.0000	86.4080	1.7250	1.0854	90.2662
122.3799	6.0000	-0.0050	0.3278	0.0000	3.5310	0.7000	230.6800	0.0825	5.9000	80.4504	NOT CONNECTED	0.0000	500.0000	0.0000	0.0000	0.0000	0.0000	0.0931	0.0532	-1.7107	0.2215	-1.7215	0.1090	-12.2557	6.2757	321.3271	0.0000	86.0307	1.7250	0.0058	90.2381
122.8376	0.0000	0.0000	0.0000	0.0000	0.0000	-0.0100	230.7190	0.0000	1.4400	80.4714	NOT CONNECTED	0.0000	500.0000	0.0000	0.0000	0.0000	0.0000	0.0931	0.0532	-1.7107	0.2215	-1.7215	0.1090	-12.2557	6.2757	321.3271	0.0000	86.0307	1.7250	0.0058	90.2381
123.1521	0.0000	0.0000	0.0000	0.0000	0.0000	-0.0100	230.7190	0.0000	1.4400	80.4714	NOT CONNECTED	0.0000	500.0000	0.0000	0.0000	0.0000	0.0000	0.0931	0.0532	-1.7107	0.2215	-1.7215	0.1090	0.0000	0.0000	321.4325	0.0000	85.8461	1.7250	0.0058	90.2381
123.4270	0.0000	0.0000	0.0000	0.0000	0.0000	-0.0100	230.7190	0.0000	1.4400	80.4714	NOT CONNECTED	0.0000	500.0000	0.0000	0.0000	0.0000	0.0000	0.0931	0.0532	-1.7107	0.2215	-1.7215	0.1090	0.0000	0.0000	321.4325	0.0000	85.8461	1.7250	0.0058	90.2381
123.8900	0.0000	0.0000	0.0000	0.0000	0.0000	-0.0100	230.7360	0.0000	1.4400	80.4594	NOT CONNECTED	0.0000	500.0000	0.0000	0.0000	0.0000	0.0000	0.0931	0.0532	-1.7107	0.2215	-1.7215	0.1090	0.0000	0.0000	321.4366	0.0000	85.6714	1.7250	0.0054	90.1534
124.0308	NOT CONNECTED	NOT CONNECTED	NOT CONNECTED	NOT CONNECTED	NOT CONNECTED	NOT CONNECTED	NOT CONNECTED	NOT CONNECTED	NOT CONNECTED	NOT CONNECTED	NOT CONNECTED	0.0000	500.0000	0.0000	0.0000	0.0000	0.0000	0.0931	0.0532	-1.7107	0.2215	-1.7215	0.1090	0.0000	0.0000	321.4366	0.0000	85.6714	1.7250	0.0054	90.1534
