Time	speed	torque	motor_current	motor_current_thd	motor_voltage	motor_power	line_voltage	line_current	line_power	motor_temperature	Test_Marker	BD_Target_Speed	BD_Target_Accel	BD_Update_Cmd	Mcl_Quantities.Speed_Rot_Mech	Mcl_Quantities.Torque	Mcl_Quantities.Torque_Ref	Mcl_Quantities.Stator_Flux_Mag	Mcl_Quantities.Flux_Ref	Mcl_Quantities.Id_stator_current	Mcl_Quantities.Iq_stator_current	Mcl_Quantities.Id_rotor_current	Rotor_Curr_Iq	Flux_Controller.Out	Torque_Controller.Out	DC_Bus_RMS	Mcl_Quantities.Electrical_Power	Mcl_Quantities.Stator_Temperature	Mcl_Quantities.Is_Abs	Mcl_Quantities.IsRMS	SR_Overheating_Temp
0.7382	0.0000	-0.0140	0.0000	0.0000	0.0000	-0.0100	230.7570	0.0000	1.3100	76.2488	NOT CONNECTED	NOT CONNECTED	NOT CONNECTED	NOT CONNECTED	NOT CONNECTED	NOT CONNECTED	NOT CONNECTED	NOT CONNECTED	NOT CONNECTED	NOT CONNECTED	NOT CONNECTED	NOT CONNECTED	NOT CONNECTED	NOT CONNECTED	NOT CONNECTED	NOT CONNECTED	NOT CONNECTED	NOT CONNECTED	NOT CONNECTED	NOT CONNECTED	NOT CONNECTED
0.9572	0.0000	-0.0140	0.0000	0.0000	0.0000	-0.0100	230.7570	0.0000	1.3100	76.2488	NOT CONNECTED	0.0000	500.0000	0.0000	0.0000	0.0000	0.0000	0.0931	0.0531	-1.6844	0.0927	-1.6863	0.0461	0.0000	0.0000	321.3973	0.0000	88.5438	1.6869	0.0051	75.8237
1.4668	0.0000	-0.0230	0.0000	0.0000	0.0000	-0.0100	230.7610	0.0000	1.3200	76.1413	NOT CONNECTED	0.0000	500.0000	0.0000	0.0000	0.0000	0.0000	0.0931	0.0531	-1.6844	0.0927	-1.6863	0.0461	0.0000	0.0000	321.4231	0.0000	88.4737	1.6869	0.0051	75.8237
1.5520	0.0000	-0.0230	0.0000	0.0000	0.0000	-0.0100	230.7610	0.0000	1.3200	76.1413	NOT CONNECTED	0.0000	500.0000	0.0000	0.0000	0.0000	0.0000	0.0931	0.0531	-1.6844	0.0927	-1.6863	0.0461	0.0000	0.0000	321.4231	0.0000	88.4737	1.6869	0.0051	75.8237
2.1561	0.0000	-0.0140	0.0000	0.0000	0.0000	-0.0100	230.7700	0.0000	1.3200	76.0288	NOT CONNECTED	0.0000	500.0000	0.0000	0.0000	0.0000	0.0000	0.0931	0.0531	-1.6844	0.0927	-1.6863	0.0461	0.0000	0.0000	321.4352	0.0000	88.4059	1.6869	0.0054	75.7767
2.1883	0.0000	-0.0140	0.0000	0.0000	0.0000	-0.0100	230.7700	0.0000	1.3200	76.0288	NOT CONNECTED	0.0000	500.0000	0.0000	0.0000	0.0000	0.0000	0.0931	0.0531	-1.6844	0.0927	-1.6863	0.0461	0.0000	0.0000	321.4352	0.0000	88.4059	1.6869	0.0054	75.7767
2.7625	0.0000	-0.0140	0.0000	0.0000	0.0000	-0.0100	230.7740	0.0000	1.3100	75.9327	NOT CONNECTED	0.0000	500.0000	0.0000	0.0000	0.0000	0.0000	0.0931	0.0531	-1.6844	0.0927	-1.6863	0.0461	0.0000	0.0000	321.3852	0.0000	88.3429	1.6869	0.0054	75.7298
2.9394	0.0000	-0.0140	0.0000	0.0000	0.0000	-0.0100	230.7740	0.0000	1.3100	75.9327	NOT CONNECTED	0.0000	500.0000	0.0000	0.0000	0.0000	0.0000	0.0931	0.0531	-1.6844	0.0927	-1.6863	0.0461	0.0000	0.0000	321.3852	0.0000	88.3429	1.6869	0.0054	75.7298
3.3533	0.0000	-0.0140	0.0000	0.0000	0.0000	-0.0100	230.7780	0.0000	1.3200	75.8081	NOT CONNECTED	0.0000	500.0000	0.0000	0.0000	0.0000	0.0000	0.0931	0.0531	-1.6844	0.0927	-1.6863	0.0461	0.0000	0.0000	321.4204	0.0000	88.2843	1.6869	0.0052	75.7298
3.6771	0.0000	-0.0140	0.0000	0.0000	0.0000	-0.0100	230.7780	0.0000	1.3200	75.8081	NOT CONNECTED	0.0000	500.0000	0.0000	0.0000	0.0000	0.0000	0.0931	0.0531	-1.6844	0.0927	-1.6863	0.0461	0.0000	0.0000	321.4055	0.0000	88.2295	1.6869	0.0053	75.6830
3.9439	0.0000	-0.0140	0.0000	0.0000	0.0000	-0.0100	230.7780	0.0000	1.3200	75.8081	NOT CONNECTED	0.0000	500.0000	0.0000	0.0000	0.0000	0.0000	0.0931	0.0531	-1.6844	0.0927	-1.6863	0.0461	0.0000	0.0000	321.4055	0.0000	88.2295	1.6869	0.0053	75.6830
4.4080	0.0000	-0.0140	0.0000	0.0000	0.0000	-0.0100	230.7790	0.0000	1.3100	75.7002	NOT CONNECTED	0.0000	500.0000	0.0000	0.0000	0.0000	0.0000	0.0931	0.0531	-1.6844	0.0927	-1.6863	0.0461	0.0000	0.0000	321.4379	0.0000	88.1802	1.6869	0.0053	75.6830
4.5260	0.0000	-0.0140	0.0000	0.0000	0.0000	-0.0100	230.7790	0.0000	1.3100	75.7002	NOT CONNECTED	0.0000	500.0000	0.0000	0.0000	0.0000	0.0000	0.0931	0.0531	-1.6844	0.0927	-1.6863	0.0461	0.0000	0.0000	321.4379	0.0000	88.1802	1.6869	0.0053	75.6830
5.1338	0.0000	-0.0140	0.0000	0.0000	0.0000	-0.0100	230.7830	0.0000	1.3200	75.5847	NOT CONNECTED	0.0000	500.0000	0.0000	0.0000	0.0000	0.0000	0.0931	0.0531	-1.6844	0.0927	-1.6863	0.0461	0.0000	0.0000	321.4163	0.0000	88.1317	1.6869	0.0053	75.6364
5.1443	0.0000	-0.0140	0.0000	0.0000	0.0000	-0.0100	230.7830	0.0000	1.3200	75.5847	NOT CONNECTED	0.0000	500.0000	0.0000	0.0000	0.0000	0.0000	0.0931	0.0531	-1.6844	0.0927	-1.6863	0.0461	0.0000	0.0000	321.4163	0.0000	88.1317	1.6869	0.0053	75.6364
5.7287	0.0000	-0.0140	0.0000	0.0000	0.0000	-0.0100	230.7850	0.0000	1.3100	75.4654	NOT CONNECTED	0.0000	500.0000	0.0000	0.0000	0.0000	0.0000	0.0931	0.0531	-1.6844	0.0927	-1.6863	0.0461	0.0000	0.0000	321.3919	0.0000	88.0861	1.6869	0.0053	75.5898
5.8820	0.0000	-0.0140	0.0000	0.0000	0.0000	-0.0100	230.7850	0.0000	1.3100	75.4654	NOT CONNECTED	0.0000	500.0000	0.0000	0.0000	0.0000	0.0000	0.0931	0.0531	-1.6844	0.0927	-1.6863	0.0461	0.0000	0.0000	321.3919	0.0000	88.0861	1.6869	0.0053	75.5898
6.3319	0.0000	-0.0140	0.0000	0.0000	0.0000	-0.0100	230.7890	0.0000	1.3100	75.3239	NOT CONNECTED	0.0000	500.0000	0.0000	0.0000	0.0000	0.0000	0.0931	0.0531	-1.6844	0.0927	-1.6863	0.0461	0.0000	0.0000	321.3920	0.0000	88.0429	1.6869	0.0054	75.5898
6.6267	0.0000	-0.0140	0.0000	0.0000	0.0000	-0.0100	230.7890	0.0000	1.3100	75.3239	NOT CONNECTED	0.0000	500.0000	0.0000	0.0000	0.0000	0.0000	0.0931	0.0531	-1.6844	0.0927	-1.6863	0.0461	0.0000	0.0000	321.3920	0.0000	88.0429	1.6869	0.0054	75.5898
6.9561	0.0000	-0.0140	0.0000	0.0000	0.0000	-0.0100	230.7890	0.0000	1.3100	75.3239	NOT CONNECTED	0.0000	500.0000	0.0000	0.0000	0.0000	0.0000	0.0931	0.0531	-1.6844	0.0927	-1.6863	0.0461	0.0000	0.0000	321.4163	0.0000	88.0003	1.6869	0.0051	75.5433
7.3555	0.0000	-0.0140	0.0000	0.0000	0.0000	-0.0100	230.7910	0.0000	1.3200	75.2015	NOT CONNECTED	0.0000	500.0000	0.0000	0.0000	0.0000	0.0000	0.0931	0.0531	-1.6844	0.0927	-1.6863	0.0461	0.0000	0.0000	321.4474	0.0000	87.9598	1.6869	0.0057	75.5433
7.5762	0.0000	-0.0140	0.0000	0.0000	0.0000	-0.0100	230.7910	0.0000	1.3200	75.2015	NOT CONNECTED	0.0000	500.0000	0.0000	0.0000	0.0000	0.0000	0.0931	0.0531	-1.6844	0.0927	-1.6863	0.0461	0.0000	0.0000	321.4474	0.0000	87.9598	1.6869	0.0057	75.5433
8.0944	0.0000	-0.0140	0.0000	0.0000	0.0000	-0.0100	230.7910	0.0000	1.3100	75.0348	NOT CONNECTED	0.0000	500.0000	0.0000	0.0000	0.0000	0.0000	0.0931	0.0531	-1.6844	0.0927	-1.6863	0.0461	0.0000	0.0000	321.4136	0.0000	87.9227	1.6869	0.0052	75.4969
8.1769	0.0000	-0.0140	0.0000	0.0000	0.0000	-0.0100	230.7910	0.0000	1.3100	75.0348	NOT CONNECTED	0.0000	500.0000	0.0000	0.0000	0.0000	0.0000	0.0931	0.0531	-1.6844	0.0927	-1.6863	0.0461	0.0000	0.0000	321.4136	0.0000	87.9227	1.6869	0.0052	75.4969
8.7672	0.0000	-0.0140	0.0000	0.0000	0.0000	-0.0100	230.7930	0.0000	1.3100	74.9281	NOT CONNECTED	0.0000	500.0000	0.0000	0.0000	0.0000	0.0000	0.0931	0.0531	-1.6844	0.0927	-1.6863	0.0461	0.0000	0.0000	321.4028	0.0000	87.8872	1.6869	0.0052	75.4506
8.8194	0.0000	-0.0140	0.0000	0.0000	0.0000	-0.0100	230.7930	0.0000	1.3100	74.9281	NOT CONNECTED	0.0000	500.0000	0.0000	0.0000	0.0000	0.0000	0.0931	0.0531	-1.6844	0.0927	-1.6863	0.0461	0.0000	0.0000	321.4028	0.0000	87.8872	1.6869	0.0052	75.4506
9.3737	0.0000	-0.0140	0.0000	0.0000	0.0000	-0.0100	230.7930	0.0000	1.3200	74.7657	NOT CONNECTED	0.0000	500.0000	0.0000	0.0000	0.0000	0.0000	0.0931	0.0531	-1.6844	0.0927	-1.6863	0.0461	0.0000	0.0000	321.3906	0.0000	87.8531	1.6869	0.0054	75.4506
9.5517	0.0000	-0.0140	0.0000	0.0000	0.0000	-0.0100	230.7930	0.0000	1.3200	74.7657	NOT CONNECTED	0.0000	500.0000	0.0000	0.0000	0.0000	0.0000	0.0931	0.0531	-1.6844	0.0927	-1.6863	0.0461	0.0000	0.0000	321.3906	0.0000	87.8531	1.6869	0.0054	75.4506
9.9643	0.0000	-0.0140	0.0000	0.0000	0.0000	-0.0100	230.7940	0.0000	1.3200	74.6982	NOT CONNECTED	0.0000	500.0000	0.0000	0.0000	0.0000	0.0000	0.0931	0.0531	-1.6844	0.0927	-1.6863	0.0461	0.0000	0.0000	321.4258	0.0000	87.8216	1.6869	0.0050	75.4045
10.2904	0.0000	-0.0140	0.0000	0.0000	0.0000	-0.0100	230.7940	0.0000	1.3200	74.6982	NOT CONNECTED	0.0000	500.0000	0.0000	0.0000	0.0000	0.0000	0.0931	0.0531	-1.6844	0.0927	-1.6863	0.0461	0.0000	0.0000	321.4528	0.0000	87.7885	1.6869	0.0054	75.4045
10.5687	0.0000	-0.0140	0.0000	0.0000	0.0000	-0.0100	230.7940	0.0000	1.3200	74.6982	NOT CONNECTED	0.0000	500.0000	0.0000	0.0000	0.0000	0.0000	0.0931	0.0531	-1.6844	0.0927	-1.6863	0.0461	0.0000	0.0000	321.4528	0.0000	87.7885	1.6869	0.0054	75.4045
11.0115	0.0000	-0.0140	0.0000	0.0000	0.0000	-0.0100	230.7940	0.0000	1.3100	74.5800	NOT CONNECTED	0.0000	500.0000	0.0000	0.0000	0.0000	0.0000	0.0931	0.0531	-1.6844	0.0927	-1.6863	0.0461	0.0000	0.0000	321.4203	0.0000	87.7590	1.6869	0.0053	75.3584
11.1551	0.0000	-0.0140	0.0000	0.0000	0.0000	-0.0100	230.7940	0.0000	1.3100	74.5800	NOT CONNECTED	0.0000	500.0000	0.0000	0.0000	0.0000	0.0000	0.0931	0.0531	-1.6844	0.0927	-1.6863	0.0461	0.0000	0.0000	321.4203	0.0000	87.7590	1.6869	0.0053	75.3584
11.7498	0.0000	-0.0140	0.0000	0.0000	0.0000	-0.0100	230.7940	0.0000	1.3100	74.4483	NOT CONNECTED	0.0000	500.0000	0.0000	0.0000	0.0000	0.0000	0.0931	0.0531	-1.6844	0.0927	-1.6863	0.0461	0.0000	0.0000	321.3919	0.0000	87.7292	1.6869	0.0053	75.3124
11.7589	0.0000	-0.0140	0.0000	0.0000	0.0000	-0.0100	230.7940	0.0000	1.3100	74.4483	NOT CONNECTED	0.0000	500.0000	0.0000	0.0000	0.0000	0.0000	0.0931	0.0531	-1.6844	0.0927	-1.6863	0.0461	0.0000	0.0000	321.3919	0.0000	87.7292	1.6869	0.0053	75.3124
12.3564	0.0000	-0.0140	0.0000	0.0000	0.0000	-0.0100	230.7950	0.0000	1.3100	74.3229	NOT CONNECTED	0.0000	500.0000	0.0000	0.0000	0.0000	0.0000	0.0931	0.0531	-1.6844	0.0927	-1.6863	0.0461	0.0000	0.0000	321.3771	0.0000	87.7001	1.6869	0.0053	75.3124
12.4882	0.0000	-0.0140	0.0000	0.0000	0.0000	-0.0100	230.7950	0.0000	1.3100	74.3229	NOT CONNECTED	0.0000	500.0000	0.0000	0.0000	0.0000	0.0000	0.0931	0.0531	-1.6844	0.0927	-1.6863	0.0461	0.0000	0.0000	321.3771	0.0000	87.7001	1.6869	0.0053	75.3124
12.9647	0.0000	-0.0140	0.0000	0.0000	0.0000	-0.0100	230.7940	0.0000	1.3100	74.2150	NOT CONNECTED	0.0000	500.0000	0.0000	0.0000	0.0000	0.0000	0.0931	0.0531	-1.6844	0.0927	-1.6863	0.0461	0.0000	0.0000	321.3852	0.0000	87.6717	1.6869	0.0053	75.2666
13.2148	0.0000	-0.0140	0.0000	0.0000	0.0000	-0.0100	230.7940	0.0000	1.3100	74.2150	NOT CONNECTED	0.0000	500.0000	0.0000	0.0000	0.0000	0.0000	0.0931	0.0531	-1.6844	0.0927	-1.6863	0.0461	0.0000	0.0000	321.3852	0.0000	87.6717	1.6869	0.0053	75.2666
13.5697	0.0000	-0.0140	0.0000	0.0000	0.0000	-0.0100	230.7940	0.0000	1.3100	74.2150	NOT CONNECTED	0.0000	500.0000	0.0000	0.0000	0.0000	0.0000	0.0931	0.0531	-1.6844	0.0927	-1.6863	0.0461	0.0000	0.0000	321.4339	0.0000	87.6440	1.6869	0.0054	75.2666
14.1746	0.0000	-0.0140	0.0000	0.0000	0.0000	-0.0100	230.7920	0.0000	1.3100	74.0477	NOT CONNECTED	0.0000	500.0000	0.0000	0.0000	0.0000	0.0000	0.0931	0.0531	-1.6844	0.0927	-1.6863	0.0461	0.0000	0.0000	321.3987	0.0000	87.6169	1.6869	0.0054	75.2208
14.2261	0.0000	-0.0140	0.0000	0.0000	0.0000	-0.0100	230.7920	0.0000	1.3100	74.0477	NOT CONNECTED	0.0000	500.0000	0.0000	0.0000	0.0000	0.0000	0.0931	0.0531	-1.6844	0.0927	-1.6863	0.0461	0.0000	0.0000	321.3987	0.0000	87.6169	1.6869	0.0054	75.2208
14.7783	0.0000	-0.0140	0.0000	0.0000	0.0000	-0.0100	230.7920	0.0000	1.3100	73.9258	NOT CONNECTED	6000.0000	500.0000	0.0000	0.0000	0.0000	0.0000	0.0931	0.0531	-1.6844	0.0927	-1.6863	0.0461	0.0000	0.0000	321.3770	0.0000	87.5894	1.6869	0.0053	75.1751
14.9645	0.0000	-0.0140	0.0000	0.0000	0.0000	-0.0100	230.7920	0.0000	1.3100	73.9258	NOT CONNECTED	6000.0000	500.0000	0.0000	0.0000	0.0000	0.0000	0.0931	0.0531	-1.6844	0.0927	-1.6863	0.0461	0.0000	0.0000	321.3770	0.0000	87.5894	1.6869	0.0053	75.1751
15.3639	0.0000	-0.0140	0.0000	0.0000	0.0000	-0.0100	230.7890	0.0000	1.3100	73.8031	NOT CONNECTED	6000.0000	500.0000	0.0000	0.0000	0.0000	0.0000	0.0931	0.0531	-1.6844	0.0927	-1.6863	0.0461	0.0000	0.0000	321.3541	0.0000	87.5634	1.6869	0.0053	75.1751
15.6895	0.0000	-0.0140	0.0000	0.0000	0.0000	-0.0100	230.7890	0.0000	1.3100	73.8031	NOT CONNECTED	6000.0000	500.0000	0.0000	0.0000	0.0000	0.0000	0.0931	0.0531	-1.6844	0.0927	-1.6863	0.0461	0.0000	0.0000	321.3608	0.0000	87.5378	1.6869	0.0055	75.1296
15.9868	0.0000	-0.0140	0.0000	0.0000	0.0000	-0.0100	230.7890	0.0000	1.3100	73.8031	NOT CONNECTED	6000.0000	500.0000	0.0000	0.0000	0.0000	0.0000	0.0931	0.0531	-1.6844	0.0927	-1.6863	0.0461	0.0000	0.0000	321.3608	0.0000	87.5378	1.6869	0.0055	75.1296
16.4245	0.0000	-0.0140	0.0000	0.0000	0.0000	-0.0100	230.7870	0.0000	1.3100	73.6943	NOT CONNECTED	6000.0000	500.0000	0.0000	0.0000	0.0000	0.0000	0.0931	0.0531	-1.6844	0.0927	-1.6863	0.0461	0.0000	0.0000	321.4001	0.0000	87.5128	1.6869	0.0050	75.0841
16.5938	0.0000	-0.0140	0.0000	0.0000	0.0000	-0.0100	230.7870	0.0000	1.3100	73.6943	NOT CONNECTED	6000.0000	500.0000	0.0000	0.0000	0.0000	0.0000	0.0931	0.0531	-1.6844	0.0927	-1.6863	0.0461	0.0000	0.0000	321.4001	0.0000	87.5128	1.6869	0.0050	75.0841
17.1645	0.0000	-0.0140	0.0000	0.0000	0.0000	-0.0100	230.7850	0.0000	1.3100	73.5869	NOT CONNECTED	6000.0000	500.0000	0.0000	0.0000	0.0000	0.0000	0.0931	0.0531	-1.6844	0.0927	-1.6863	0.0461	0.0000	0.0000	321.3798	0.0000	87.4879	1.6869	0.0055	75.0841
17.2025	0.0000	-0.0140	0.0000	0.0000	0.0000	-0.0100	230.7850	0.0000	1.3100	73.5869	NOT CONNECTED	6000.0000	500.0000	0.0000	0.0000	0.0000	0.0000	0.0931	0.0531	-1.6844	0.0927	-1.6863	0.0461	0.0000	0.0000	321.3798	0.0000	87.4879	1.6869	0.0055	75.0841
17.8097	0.0000	-0.0140	0.0000	0.0000	0.0000	-0.0100	230.7840	0.0000	1.3200	73.4424	NOT CONNECTED	6000.0000	500.0000	0.0000	0.0000	0.0000	0.0000	0.0931	0.0531	-1.6844	0.0927	-1.6863	0.0461	0.0000	0.0000	321.3554	0.0000	87.4626	1.6869	0.0054	75.0387
17.8968	0.0000	-0.0140	0.0000	0.0000	0.0000	-0.0100	230.7840	0.0000	1.3200	73.4424	NOT CONNECTED	6000.0000	500.0000	0.0000	0.0000	0.0000	0.0000	0.0931	0.0531	-1.6844	0.0927	-1.6863	0.0461	0.0000	0.0000	321.3554	0.0000	87.4626	1.6869	0.0054	75.0387
18.4059	0.0000	-0.0140	0.0000	0.0000	0.0000	-0.0100	230.7810	0.0000	1.3000	73.3573	NOT CONNECTED	6000.0000	500.0000	0.0000	0.0000	0.0000	0.0000	0.0931	0.0531	-1.6844	0.0927	-1.6863	0.0461	0.0000	0.0000	321.3608	0.0000	87.4384	1.6869	0.0050	75.0387
18.6330	0.0000	-0.0140	0.0000	0.0000	0.0000	-0.0100	230.7810	0.0000	1.3000	73.3573	NOT CONNECTED	6000.0000	500.0000	0.0000	0.0000	0.0000	0.0000	0.0931	0.0531	-1.6844	0.0927	-1.6863	0.0461	0.0000	0.0000	321.3608	0.0000	87.4384	1.6869	0.0050	75.0387
19.3590	0.0000	-0.0140	0.0000	0.0000	0.0000	-0.0100	230.7780	0.0000	1.3000	73.2680	NOT CONNECTED	6000.0000	500.0000	0.0000	0.2168	-0.0803	0.0000	0.1688	0.0531	3.0292	-0.0834	3.0052	-0.1861	22.3999	0.0000	304.7433	101.2843	87.6395	3.0103	1.8059	74.9494
20.1139	64.0000	0.0700	0.0000	0.0000	0.0000	-0.0100	230.7760	0.0000	1.3000	73.1436	NOT CONNECTED	6000.0000	500.0000	0.0000	0.2168	-0.0803	0.0000	0.1688	0.0531	3.0292	-0.0834	3.0052	-0.1861	22.3999	0.0000	304.7433	101.2843	87.6395	3.0103	1.8059	74.9494
20.6857	0.0000	-0.0390	1.3479	0.0000	13.8070	42.1500	230.7290	0.4108	57.3400	73.0583	NOT CONNECTED	6000.0000	500.0000	0.0000	-0.1543	-0.0863	0.0000	0.1690	0.0531	3.0452	-0.0855	3.0441	-0.2099	22.5399	0.0000	303.5226	102.9846	88.1723	3.0464	2.1531	75.0128
20.8423	0.0000	-0.0390	1.3479	0.0000	13.8070	42.1500	230.7290	0.4108	57.3400	73.0583	NOT CONNECTED	6000.0000	500.0000	0.0000	-0.1543	-0.0863	0.0000	0.1690	0.0531	3.0452	-0.0855	3.0441	-0.2099	22.5399	0.0000	303.5226	102.9846	88.1723	3.0464	2.1531	75.0128
21.2706	0.0000	-0.0410	1.8459	0.0000	19.1430	79.8800	230.7060	0.6755	99.5400	73.0088	NOT CONNECTED	6000.0000	500.0000	0.0000	-0.0370	-0.0166	0.0000	0.1424	0.0531	0.9510	-0.0205	0.9630	-0.0264	8.6199	0.0000	316.2042	12.4040	88.6562	0.9633	0.8207	75.0128
21.5631	0.0000	-0.0410	1.8459	0.0000	19.1430	79.8800	230.7060	0.6755	99.5400	73.0088	NOT CONNECTED	6000.0000	500.0000	0.0000	-0.0370	-0.0166	0.0000	0.1424	0.0531	0.9510	-0.0205	0.9630	-0.0264	8.6199	0.0000	316.2042	12.4040	88.6562	0.9633	0.8207	75.0128
22.3027	0.0000	-0.0200	0.6595	0.0000	6.5670	9.8700	230.7800	0.1589	19.0700	72.9802	NOT CONNECTED	6000.0000	500.0000	0.0000	395.9391	0.1132	0.1213	0.0936	0.0933	0.1618	0.1995	0.0944	0.1970	0.8377	18.0023	317.7873	5.7754	83.6283	0.2276	0.2417	75.2237
22.4361	0.0000	-0.0200	0.6595	0.0000	6.5670	9.8700	230.7800	0.1589	19.0700	72.9802	NOT CONNECTED	6000.0000	500.0000	0.0000	395.9391	0.1132	0.1213	0.0936	0.0933	0.1618	0.1995	0.0944	0.1970	0.8377	18.0023	317.7873	5.7754	83.6283	0.2276	0.2417	75.2237
23.0309	285.0000	-0.1220	0.6753	0.0000	7.6560	10.6300	230.7560	0.1535	19.0000	72.9694	NOT CONNECTED	6000.0000	500.0000	0.0000	697.4675	0.1270	0.1088	0.0932	0.0934	0.1143	0.2262	0.1856	0.2430	0.9983	30.0142	316.5019	10.1302	83.4983	0.2930	0.2022	75.2115
23.0406	285.0000	-0.1220	0.6753	0.0000	7.6560	10.6300	230.7560	0.1535	19.0000	72.9694	NOT CONNECTED	6000.0000	500.0000	0.0000	697.4675	0.1270	0.1088	0.0932	0.0934	0.1143	0.2262	0.1856	0.2430	0.9983	30.0142	316.5019	10.1302	83.4983	0.2930	0.2022	75.2115
23.6297	648.0000	-0.1080	0.1979	0.0000	24.7010	7.1100	230.7400	0.1080	12.6300	72.9585	NOT CONNECTED	6000.0000	500.0000	0.0000	1000.3051	0.1694	0.1157	0.0932	0.0937	0.0993	0.3014	0.1653	0.2536	0.7049	41.4950	315.3100	15.3587	83.3746	0.2823	0.2049	75.1711
23.7717	648.0000	-0.1080	0.1979	0.0000	24.7010	7.1100	230.7400	0.1080	12.6300	72.9585	NOT CONNECTED	6000.0000	500.0000	0.0000	1000.3051	0.1694	0.1157	0.0932	0.0937	0.0993	0.3014	0.1653	0.2536	0.7049	41.4950	315.3100	15.3587	83.3746	0.2823	0.2049	75.1711
24.2187	1016.0000	-0.1100	0.2013	0.0000	36.5580	10.8000	230.7350	0.1381	16.6600	72.9393	NOT CONNECTED	6000.0000	500.0000	0.0000	1284.4052	0.1426	0.1578	0.0937	0.0935	0.1649	0.2531	0.0442	0.3063	0.8235	53.4084	314.2722	20.2276	83.2627	0.2647	0.2078	75.1711
24.5015	1016.0000	-0.1100	0.2013	0.0000	36.5580	10.8000	230.7350	0.1381	16.6600	72.9393	NOT CONNECTED	6000.0000	500.0000	0.0000	1284.4052	0.1426	0.1578	0.0937	0.0935	0.1649	0.2531	0.0442	0.3063	0.8235	53.4084	314.2722	20.2276	83.2627	0.2647	0.2078	75.1711
24.8024	1016.0000	-0.1100	0.2013	0.0000	36.5580	10.8000	230.7350	0.1381	16.6600	72.9393	NOT CONNECTED	6000.0000	500.0000	0.0000	1579.8987	0.1485	0.1732	0.0936	0.0935	0.0822	0.2701	0.1404	0.2499	0.8541	64.7551	313.3213	24.5519	83.1614	0.3403	0.2126	75.1284
25.2390	1383.0000	-0.1110	0.2079	0.0000	60.5950	18.8400	230.7200	0.2000	25.4100	72.8595	NOT CONNECTED	6000.0000	500.0000	0.0000	1872.0197	0.1369	0.1601	0.0936	0.0934	0.1924	0.2463	0.0461	0.2628	1.1096	76.3781	312.4623	30.4881	83.0731	0.2642	0.2152	75.1284
25.4062	1383.0000	-0.1110	0.2079	0.0000	60.5950	18.8400	230.7200	0.2000	25.4100	72.8595	NOT CONNECTED	6000.0000	500.0000	0.0000	1872.0197	0.1369	0.1601	0.0936	0.0934	0.1924	0.2463	0.0461	0.2628	1.1096	76.3781	312.4623	30.4881	83.0731	0.2642	0.2152	75.1284
25.9792	1750.0000	-0.1110	0.2106	0.0000	72.7670	23.0800	230.7130	0.2320	30.0500	72.7457	NOT CONNECTED	6000.0000	500.0000	0.0000	2179.3791	0.1366	0.1436	0.0935	0.0934	0.1337	0.2520	0.1095	0.2746	0.7934	88.8382	311.4697	35.1264	82.9891	0.2828	0.2186	75.0868
26.0144	1750.0000	-0.1110	0.2106	0.0000	72.7670	23.0800	230.7130	0.2320	30.0500	72.7457	NOT CONNECTED	6000.0000	500.0000	0.0000	2179.3791	0.1366	0.1436	0.0935	0.0934	0.1337	0.2520	0.1095	0.2746	0.7934	88.8382	311.4697	35.1264	82.9891	0.2828	0.2186	75.0868
26.6032	2122.0000	-0.1110	0.2179	0.0000	96.8180	32.0900	230.6990	0.2970	39.6600	72.6196	NOT CONNECTED	6000.0000	500.0000	0.0000	2473.2043	0.1678	0.1749	0.0937	0.0936	0.0888	0.3076	0.1041	0.2633	1.1694	100.0885	310.6719	41.1568	82.9126	0.3122	0.2231	75.0464
26.7197	2122.0000	-0.1110	0.2179	0.0000	96.8180	32.0900	230.6990	0.2970	39.6600	72.6196	NOT CONNECTED	6000.0000	500.0000	0.0000	2473.2043	0.1678	0.1749	0.0937	0.0936	0.0888	0.3076	0.1041	0.2633	1.1694	100.0885	310.6719	41.1568	82.9126	0.3122	0.2231	75.0464
27.2184	2488.0000	-0.1120	0.2214	0.0000	108.7340	36.8000	230.6910	0.3297	44.6200	72.5128	NOT CONNECTED	6000.0000	500.0000	0.0000	2781.9303	0.1348	0.1552	0.0935	0.0934	0.1777	0.2326	0.1423	0.2608	1.4637	115.2700	309.8294	47.2747	82.8427	0.3274	0.2241	75.0464
27.4583	2488.0000	-0.1120	0.2214	0.0000	108.7340	36.8000	230.6910	0.3297	44.6200	72.5128	NOT CONNECTED	6000.0000	500.0000	0.0000	2781.9303	0.1348	0.1552	0.0935	0.0934	0.1777	0.2326	0.1423	0.2608	1.4637	115.2700	309.8294	47.2747	82.8427	0.3274	0.2241	75.0464
27.8196	2488.0000	-0.1120	0.2214	0.0000	108.7340	36.8000	230.6910	0.3297	44.6200	72.5128	NOT CONNECTED	6000.0000	500.0000	0.0000	3081.0298	0.1702	0.1726	0.0936	0.0936	0.1754	0.2991	0.1520	0.3341	1.4738	122.7126	309.0968	53.7510	82.7761	0.3384	0.2338	75.0078
28.1993	2860.0000	-0.1150	0.2284	0.0000	132.8560	46.6900	230.6800	0.3959	54.9100	72.3975	NOT CONNECTED	6000.0000	500.0000	0.0000	3378.0765	0.1739	0.1646	0.0936	0.0936	0.1244	0.3078	0.1389	0.3179	0.0820	135.1958	308.2505	58.5992	82.7201	0.3627	0.2356	75.0078
28.4160	2860.0000	-0.1150	0.2284	0.0000	132.8560	46.6900	230.6800	0.3959	54.9100	72.3975	NOT CONNECTED	6000.0000	500.0000	0.0000	3378.0765	0.1739	0.1646	0.0936	0.0936	0.1244	0.3078	0.1389	0.3179	0.0820	135.1958	308.2505	58.5992	82.7201	0.3627	0.2356	75.0078
28.9468	3230.0000	-0.1140	0.2340	0.0000	145.0780	52.1600	230.6750	0.4324	60.5700	72.2378	NOT CONNECTED	6000.0000	500.0000	0.0000	3673.8176	0.1559	0.1795	0.0937	0.0935	0.1543	0.2690	0.1600	0.3484	0.6216	146.6338	307.4245	65.2941	82.6663	0.3477	0.2393	74.9711
29.0092	3230.0000	-0.1140	0.2340	0.0000	145.0780	52.1600	230.6750	0.4324	60.5700	72.2378	NOT CONNECTED	6000.0000	500.0000	0.0000	3673.8176	0.1559	0.1795	0.0937	0.0935	0.1543	0.2690	0.1600	0.3484	0.6216	146.6338	307.4245	65.2941	82.6663	0.3477	0.2393	74.9711
29.6063	3593.0000	-0.1150	0.2399	0.0000	169.2360	62.6200	230.6630	0.4997	71.3400	72.0814	NOT CONNECTED	6000.0000	500.0000	0.0000	3972.9672	0.1611	0.1735	0.0939	0.0936	0.0713	0.2884	0.0845	0.3454	4.5271	158.0745	306.6921	71.9252	82.6167	0.3371	0.2439	74.9368
29.6776	3593.0000	-0.1150	0.2399	0.0000	169.2360	62.6200	230.6630	0.4997	71.3400	72.0814	NOT CONNECTED	6000.0000	500.0000	0.0000	3972.9672	0.1611	0.1735	0.0939	0.0936	0.0713	0.2884	0.0845	0.3454	4.5271	158.0745	306.6921	71.9252	82.6167	0.3371	0.2439	74.9368
30.2009	3964.0000	-0.1150	0.2444	0.0000	181.2360	68.3100	230.6570	0.5354	77.1400	71.9162	NOT CONNECTED	6000.0000	500.0000	0.0000	4273.0409	0.1771	0.1688	0.0944	0.0936	0.0530	0.3423	0.2199	0.3472	5.2852	168.9917	306.0276	82.3292	82.5703	0.3785	0.2457	74.9368
30.4172	3964.0000	-0.1150	0.2444	0.0000	181.2360	68.3100	230.6570	0.5354	77.1400	71.9162	NOT CONNECTED	6000.0000	500.0000	0.0000	4273.0409	0.1771	0.1688	0.0944	0.0936	0.0530	0.3423	0.2199	0.3472	5.2852	168.9917	306.0276	82.3292	82.5703	0.3785	0.2457	74.9368
30.8061	4322.0000	-0.1190	0.2539	0.0000	205.6100	80.1300	230.6440	0.6060	88.6500	71.7605	NOT CONNECTED	6000.0000	500.0000	0.0000	4569.8129	0.1899	0.1728	0.0897	0.0877	0.0208	0.3495	-0.0661	0.3336	2.1683	169.5048	305.4697	88.0457	82.5276	0.2764	0.2373	74.9053
31.1440	4322.0000	-0.1190	0.2539	0.0000	205.6100	80.1300	230.6440	0.6060	88.6500	71.7605	NOT CONNECTED	6000.0000	500.0000	0.0000	4868.3674	0.1727	0.1854	0.0824	0.0836	-0.2588	0.3342	-0.4304	0.3557	2.6356	167.8373	304.8738	94.6573	82.4874	0.4863	0.2957	74.9053
31.4062	4322.0000	-0.1190	0.2539	0.0000	205.6100	80.1300	230.6440	0.6060	88.6500	71.7605	NOT CONNECTED	6000.0000	500.0000	0.0000	4868.3674	0.1727	0.1854	0.0824	0.0836	-0.2588	0.3342	-0.4304	0.3557	2.6356	167.8373	304.8738	94.6573	82.4874	0.4863	0.2957	74.9053
31.8754	4697.0000	-0.1240	0.2393	0.0000	212.3190	85.4100	230.6390	0.6359	93.5800	71.5724	NOT CONNECTED	6000.0000	500.0000	0.0000	5161.2829	0.1738	0.2026	0.0793	0.0771	-0.5735	0.3635	-0.4586	0.3577	-5.0285	167.2117	304.0555	103.6389	82.4565	0.6405	0.3937	74.8768
31.9961	4697.0000	-0.1240	0.2393	0.0000	212.3190	85.4100	230.6390	0.6359	93.5800	71.5724	NOT CONNECTED	6000.0000	500.0000	0.0000	5161.2829	0.1738	0.2026	0.0793	0.0771	-0.5735	0.3635	-0.4586	0.3577	-5.0285	167.2117	304.0555	103.6389	82.4565	0.6405	0.3937	74.8768
32.6444	5061.0000	-0.1280	0.3657	0.0000	212.2490	96.9200	230.6240	0.7109	106.0100	71.3798	NOT CONNECTED	6000.0000	500.0000	0.0000	5712.0425	0.2058	0.2027	0.0700	0.0705	-0.8797	0.4923	-1.0147	0.2908	-0.1667	166.4836	302.5493	122.6522	82.4450	1.0096	0.6105	74.6807
33.1037	5440.0000	-0.1290	0.4698	0.0000	212.0460	103.7100	230.6170	0.7555	113.5500	71.2662	NOT CONNECTED	6000.0000	500.0000	0.0000	5712.0425	0.2058	0.2027	0.0700	0.0705	-0.8797	0.4923	-1.0147	0.2908	-0.1667	166.4836	302.5493	122.6522	82.4450	1.0096	0.6105	74.6807
33.3766	5440.0000	-0.1290	0.4698	0.0000	212.0460	103.7100	230.6170	0.7555	113.5500	71.2662	NOT CONNECTED	6000.0000	500.0000	0.0000	5712.0425	0.2058	0.2027	0.0700	0.0705	-0.8797	0.4923	-1.0147	0.2908	-0.1667	166.4836	302.5493	122.6522	82.4450	1.0096	0.6105	74.6807
33.7148	5440.0000	-0.1290	0.4698	0.0000	212.0460	103.7100	230.6170	0.7555	113.5500	71.2662	NOT CONNECTED	6000.0000	500.0000	0.0000	6020.3880	0.1060	0.1050	0.0673	0.0671	-0.9871	0.2907	-1.0849	0.1071	-4.0869	178.0102	304.3595	83.8457	82.4709	0.9346	0.7459	74.5009
34.1469	5813.0000	-0.1330	0.6743	0.0000	211.4350	119.2900	230.6010	0.8573	130.8100	71.1359	NOT CONNECTED	6000.0000	500.0000	0.0000	6004.6955	0.0926	0.0887	0.0683	0.0674	-0.8882	0.2241	-0.9060	0.1287	-5.2467	163.3083	307.7034	69.7107	82.4956	1.0101	0.6567	74.5009
34.3025	5813.0000	-0.1330	0.6743	0.0000	211.4350	119.2900	230.6010	0.8573	130.8100	71.1359	NOT CONNECTED	6000.0000	500.0000	0.0000	6004.6955	0.0926	0.0887	0.0683	0.0674	-0.8882	0.2241	-0.9060	0.1287	-5.2467	163.3083	307.7034	69.7107	82.4956	1.0101	0.6567	74.5009
34.8843	6020.0000	-0.0550	0.7664	0.0000	211.3210	127.1300	230.5940	0.9093	139.7500	71.0231	NOT CONNECTED	6000.0000	500.0000	0.0000	6000.0940	0.0971	0.0958	0.0677	0.0688	-0.8876	0.2520	-0.9969	0.1356	-14.4799	172.3653	307.5086	69.1366	82.5073	1.0864	0.6603	74.3359
34.9037	6020.0000	-0.0550	0.7664	0.0000	211.3210	127.1300	230.5940	0.9093	139.7500	71.0231	NOT CONNECTED	6000.0000	500.0000	0.0000	6000.0940	0.0971	0.0958	0.0677	0.0688	-0.8876	0.2520	-0.9969	0.1356	-14.4799	172.3653	307.5086	69.1366	82.5073	1.0864	0.6603	74.3359
35.4857	6008.0000	-0.0550	0.6729	0.0000	215.9660	67.3700	230.6170	0.5345	76.7800	70.8801	NOT CONNECTED	6000.0000	500.0000	0.0000	5995.4400	0.1037	0.1134	0.0692	0.0677	-1.0675	0.2747	-0.8378	0.0895	-3.0202	166.2144	307.3519	73.0623	82.5166	0.9696	0.6603	74.3359
35.6468	6008.0000	-0.0550	0.6729	0.0000	215.9660	67.3700	230.6170	0.5345	76.7800	70.8801	NOT CONNECTED	6000.0000	500.0000	0.0000	5995.4400	0.1037	0.1134	0.0692	0.0677	-1.0675	0.2747	-0.8378	0.0895	-3.0202	166.2144	307.3519	73.0623	82.5166	0.9696	0.6603	74.3359
36.0810	5993.0000	-0.0560	0.6731	0.0000	215.8600	68.3000	230.6070	0.5411	77.8300	70.8336	NOT CONNECTED	6000.0000	500.0000	0.0000	5992.9197	0.0738	0.1226	0.0687	0.0680	-0.9817	0.1713	-0.9414	0.2417	-5.6947	170.0855	307.4099	69.8636	82.5236	1.0572	0.6673	74.1683
36.3870	5993.0000	-0.0560	0.6731	0.0000	215.8600	68.3000	230.6070	0.5411	77.8300	70.8336	NOT CONNECTED	6000.0000	500.0000	0.0000	6000.8779	0.0811	0.0919	0.0693	0.0681	-1.0259	0.2150	-0.8331	0.1095	10.4618	173.1382	307.4885	70.4219	82.5322	0.9991	0.6699	73.9999
36.6863	5993.0000	-0.0560	0.6731	0.0000	215.8600	68.3000	230.6070	0.5411	77.8300	70.8336	NOT CONNECTED	6000.0000	500.0000	0.0000	6000.8779	0.0811	0.0919	0.0693	0.0681	-1.0259	0.2150	-0.8331	0.1095	10.4618	173.1382	307.4885	70.4219	82.5322	0.9991	0.6699	73.9999
37.1456	5999.0000	-0.0560	0.6727	0.0000	215.8550	67.9500	230.6000	0.5390	77.5000	70.7119	NOT CONNECTED	6000.0000	500.0000	0.0000	6003.9366	0.0785	0.0805	0.0694	0.0686	-1.0510	0.2023	-0.9047	0.1957	-4.5314	171.1238	307.4126	70.8265	82.5357	0.8937	0.6607	73.9999
37.2909	5999.0000	-0.0560	0.6727	0.0000	215.8550	67.9500	230.6000	0.5390	77.5000	70.7119	NOT CONNECTED	6000.0000	500.0000	0.0000	6003.9366	0.0785	0.0805	0.0694	0.0686	-1.0510	0.2023	-0.9047	0.1957	-4.5314	171.1238	307.4126	70.8265	82.5357	0.8937	0.6607	73.9999
37.8957	6005.0000	-0.0560	0.6725	0.0000	215.8660	68.0600	230.5880	0.5398	77.6500	70.5817	NOT CONNECTED	6000.0000	500.0000	0.0000	5999.2436	0.1111	0.0980	0.0667	0.0680	-1.0309	0.3137	-1.0255	0.1702	-5.5155	163.4472	307.3301	70.2402	82.5370	0.9300	0.6611	73.8345
38.3770	6005.0000	-0.0560	0.6725	0.0000	215.8660	68.0600	230.5880	0.5398	77.6500	70.5817	NOT CONNECTED	6000.0000	500.0000	0.0000	5997.7876	0.0846	0.1035	0.0693	0.0683	-1.0762	0.2195	-1.0076	0.1420	-10.0433	167.6145	307.3938	70.7379	82.5369	0.9432	0.6613	73.8345
38.4999	6005.0000	-0.0560	0.6725	0.0000	215.8660	68.0600	230.5880	0.5398	77.6500	70.5817	NOT CONNECTED	6000.0000	500.0000	0.0000	5997.7876	0.0846	0.1035	0.0693	0.0683	-1.0762	0.2195	-1.0076	0.1420	-10.0433	167.6145	307.3938	70.7379	82.5369	0.9432	0.6613	73.8345
39.1005	5994.0000	-0.0560	0.6727	0.0000	215.8050	67.7600	230.5790	0.5379	77.3200	70.4902	NOT CONNECTED	6000.0000	500.0000	0.0000	6004.4157	0.0743	0.0778	0.0679	0.0684	-0.9781	0.1930	-0.9705	0.1791	-2.8770	175.2031	307.4505	69.6474	82.5353	0.9230	0.6742	73.6702
39.1454	5994.0000	-0.0560	0.6727	0.0000	215.8050	67.7600	230.5790	0.5379	77.3200	70.4902	NOT CONNECTED	6000.0000	500.0000	0.0000	6004.4157	0.0743	0.0778	0.0679	0.0684	-0.9781	0.1930	-0.9705	0.1791	-2.8770	175.2031	307.4505	69.6474	82.5353	0.9230	0.6742	73.6702
39.6960	5997.0000	-0.0560	0.6722	0.0000	215.8230	67.4400	230.5730	0.5359	76.9800	70.4233	NOT CONNECTED	6000.0000	500.0000	0.0000	5998.0680	0.1023	0.1052	0.0679	0.0678	-0.9313	0.2659	-1.0922	0.1143	2.8141	168.9868	306.9855	75.0424	82.5365	0.9527	0.6673	73.5049
39.9792	5997.0000	-0.0560	0.6722	0.0000	215.8230	67.4400	230.5730	0.5359	76.9800	70.4233	NOT CONNECTED	6000.0000	500.0000	0.0000	5998.0680	0.1023	0.1052	0.0679	0.0678	-0.9313	0.2659	-1.0922	0.1143	2.8141	168.9868	306.9855	75.0424	82.5365	0.9527	0.6673	73.5049
40.2912	5997.0000	-0.0560	0.6722	0.0000	215.8230	67.4400	230.5730	0.5359	76.9800	70.4233	NOT CONNECTED	6000.0000	500.0000	0.0000	5996.8533	0.0775	0.1145	0.0677	0.0688	-0.9639	0.1991	-0.9719	0.1684	-16.4159	162.8768	306.5762	76.0208	82.5340	1.0744	0.6695	73.5049
40.7204	6010.0000	-0.0620	0.6790	0.0000	215.5310	70.9500	230.5600	0.5574	80.5300	70.3768	NOT CONNECTED	6000.0000	500.0000	0.0000	5992.4966	0.1329	0.1369	0.0675	0.0686	-0.8721	0.3231	-0.9763	0.1909	-8.7041	171.4950	306.1518	84.1362	82.5318	1.2026	0.6793	73.3431
40.8848	6010.0000	-0.0620	0.6790	0.0000	215.5310	70.9500	230.5600	0.5574	80.5300	70.3768	NOT CONNECTED	6000.0000	500.0000	0.0000	5992.4966	0.1329	0.1369	0.0675	0.0686	-0.8721	0.3231	-0.9763	0.1909	-8.7041	171.4950	306.1518	84.1362	82.5318	1.2026	0.6793	73.3431
41.4668	6006.0000	-0.0700	0.6834	0.0000	215.2630	74.1500	230.5510	0.5781	83.9300	70.3378	NOT CONNECTED	6000.0000	500.0000	0.0000	5993.3295	0.1218	0.1395	0.0677	0.0671	-0.9464	0.3008	-1.0335	0.1544	-2.8125	173.5977	305.7764	86.7348	82.5298	1.1277	0.6818	73.3431
41.4775	6006.0000	-0.0700	0.6834	0.0000	215.2630	74.1500	230.5510	0.5781	83.9300	70.3378	NOT CONNECTED	6000.0000	500.0000	0.0000	5993.3295	0.1218	0.1395	0.0677	0.0671	-0.9464	0.3008	-1.0335	0.1544	-2.8125	173.5977	305.7764	86.7348	82.5298	1.1277	0.6818	73.3431
42.0836	6000.0000	-0.0890	0.6955	0.0000	214.6380	80.4700	230.5360	0.6183	90.4500	70.2716	NOT CONNECTED	6000.0000	500.0000	0.0000	5996.9145	0.1561	0.1367	0.0672	0.0679	-0.8818	0.3805	-0.8759	0.1992	2.0698	172.9479	304.8904	95.4696	82.5288	1.0031	0.6990	73.1831
42.3217	6000.0000	-0.0890	0.6955	0.0000	214.6380	80.4700	230.5360	0.6183	90.4500	70.2716	NOT CONNECTED	6000.0000	500.0000	0.0000	5996.9145	0.1561	0.1367	0.0672	0.0679	-0.8818	0.3805	-0.8759	0.1992	2.0698	172.9479	304.8904	95.4696	82.5288	1.0031	0.6990	73.1831
42.6861	5991.0000	-0.1080	0.7043	0.0000	214.3850	85.5800	230.5260	0.6497	95.7200	70.2193	NOT CONNECTED	6000.0000	500.0000	0.0000	6000.8312	0.1394	0.1328	0.0671	0.0666	-0.8737	0.3560	-1.0712	0.2136	-10.8944	177.0461	304.2301	103.8868	82.5334	1.0665	0.7126	73.0236
43.0495	5991.0000	-0.1080	0.7043	0.0000	214.3850	85.5800	230.5260	0.6497	95.7200	70.2193	NOT CONNECTED	6000.0000	500.0000	0.0000	6004.7450	0.1492	0.1339	0.0663	0.0664	-1.0842	0.4015	-1.0319	0.2575	3.0476	167.0331	302.9662	117.2448	82.5354	0.9665	0.7307	73.0236
43.2813	5991.0000	-0.1080	0.7043	0.0000	214.3850	85.5800	230.5260	0.6497	95.7200	70.2193	NOT CONNECTED	6000.0000	500.0000	0.0000	6004.7450	0.1492	0.1339	0.0663	0.0664	-1.0842	0.4015	-1.0319	0.2575	3.0476	167.0331	302.9662	117.2448	82.5354	0.9665	0.7307	73.0236
43.8809	5999.0000	-0.1120	0.7245	0.0000	213.4140	98.2800	230.5030	0.7293	109.0200	70.1659	NOT CONNECTED	6000.0000	500.0000	0.0000	5997.0696	0.1863	0.1851	0.0662	0.0671	-1.0406	0.5326	-0.9883	0.3011	-13.4856	175.4511	301.8762	131.0610	82.5421	1.1912	0.7567	72.8692
43.8855	5999.0000	-0.1120	0.7245	0.0000	213.4140	98.2800	230.5030	0.7293	109.0200	70.1659	NOT CONNECTED	6000.0000	500.0000	0.0000	5997.0696	0.1863	0.1851	0.0662	0.0671	-1.0406	0.5326	-0.9883	0.3011	-13.4856	175.4511	301.8762	131.0610	82.5421	1.1912	0.7567	72.8692
44.4762	6005.0000	-0.1560	0.7667	0.0000	211.6730	121.9900	230.4740	0.8773	134.0600	70.1299	NOT CONNECTED	6000.0000	500.0000	0.0000	5998.9586	0.1801	0.1961	0.0676	0.0669	-0.8848	0.4199	-0.9418	0.2748	-5.2156	174.4729	301.0548	143.6646	82.5527	1.0888	0.7816	72.8692
44.6576	6005.0000	-0.1560	0.7667	0.0000	211.6730	121.9900	230.4740	0.8773	134.0600	70.1299	NOT CONNECTED	6000.0000	500.0000	0.0000	5998.9586	0.1801	0.1961	0.0676	0.0669	-0.8848	0.4199	-0.9418	0.2748	-5.2156	174.4729	301.0548	143.6646	82.5527	1.0888	0.7816	72.8692
45.0610	5992.0000	-0.1670	0.7871	0.0000	210.9890	132.7300	230.4620	0.9442	145.5100	70.1024	NOT CONNECTED	6000.0000	500.0000	0.0000	6003.3993	0.2226	0.1922	0.0662	0.0658	-1.0025	0.5321	-1.1098	0.3458	-6.8251	172.5036	300.4944	151.4411	82.5650	1.0664	0.8002	72.7197
45.3969	5992.0000	-0.1670	0.7871	0.0000	210.9890	132.7300	230.4620	0.9442	145.5100	70.1024	NOT CONNECTED	6000.0000	500.0000	0.0000	6001.8681	0.2221	0.2134	0.0646	0.0653	-0.8646	0.5295	-1.0282	0.4113	-17.7040	164.5316	299.6347	164.0184	82.5830	1.3004	0.8226	72.5726
45.6612	5992.0000	-0.1670	0.7871	0.0000	210.9890	132.7300	230.4620	0.9442	145.5100	70.1024	NOT CONNECTED	6000.0000	500.0000	0.0000	6001.8681	0.2221	0.2134	0.0646	0.0653	-0.8646	0.5295	-1.0282	0.4113	-17.7040	164.5316	299.6347	164.0184	82.5830	1.3004	0.8226	72.5726
46.2563	5990.0000	-0.1800	0.8123	0.0000	210.2430	145.9200	230.4410	1.0249	159.4900	70.0713	NOT CONNECTED	6000.0000	500.0000	0.0000	6007.3882	0.2899	0.2124	0.0664	0.0658	-1.0176	0.7364	-1.0684	0.4018	-2.1990	172.7085	298.9597	176.3649	82.6016	1.2581	0.8471	72.5726
46.2592	5990.0000	-0.1800	0.8123	0.0000	210.2430	145.9200	230.4410	1.0249	159.4900	70.0713	NOT CONNECTED	6000.0000	500.0000	0.0000	6007.3882	0.2899	0.2124	0.0664	0.0658	-1.0176	0.7364	-1.0684	0.4018	-2.1990	172.7085	298.9597	176.3649	82.6016	1.2581	0.8471	72.5726
46.8629	5997.0000	-0.2120	0.8333	0.0000	209.7130	157.9100	230.4230	1.0966	172.0100	70.0398	NOT CONNECTED	6000.0000	500.0000	0.0000	5987.1228	0.3174	0.3023	0.0656	0.0648	-0.9288	0.8074	-1.1907	0.4691	-10.5350	164.2339	298.6367	182.3928	82.6236	1.3629	0.8621	72.4322
46.9999	5997.0000	-0.2120	0.8333	0.0000	209.7130	157.9100	230.4230	1.0966	172.0100	70.0398	NOT CONNECTED	6000.0000	500.0000	0.0000	5987.1228	0.3174	0.3023	0.0656	0.0648	-0.9288	0.8074	-1.1907	0.4691	-10.5350	164.2339	298.6367	182.3928	82.6236	1.3629	0.8621	72.4322
47.4682	5989.0000	-0.2280	0.8660	0.0000	208.8500	175.0700	230.3960	1.2014	190.4700	70.0282	0.0000	6000.0000	500.0000	0.0000	6012.6082	0.2918	0.2111	0.0639	0.0665	-0.9559	0.7296	-1.1393	0.2703	-12.2418	177.9263	298.6414	183.5988	82.6443	1.1011	0.8627	72.4322
47.7369	5989.0000	-0.2280	0.8660	0.0000	208.8500	175.0700	230.3960	1.2014	190.4700	70.0282	0.0000	6000.0000	500.0000	0.0000	6012.6082	0.2918	0.2111	0.0639	0.0665	-0.9559	0.7296	-1.1393	0.2703	-12.2418	177.9263	298.6414	183.5988	82.6443	1.1011	0.8627	72.4322
48.0736	5989.0000	-0.2280	0.8660	0.0000	208.8500	175.0700	230.3960	1.2014	190.4700	70.0282	0.0000	6000.0000	500.0000	0.0000	6004.9286	0.2252	0.2425	0.0664	0.0647	-0.9941	0.5420	-0.9266	0.4047	-1.0139	167.2678	298.7313	185.4774	82.6640	1.2981	0.8770	72.2968
48.4782	5993.0000	-0.2320	0.8714	0.0000	208.7730	177.1000	230.3880	1.2142	192.5600	70.0209	0.0000	6000.0000	500.0000	0.0000	6007.0123	0.2616	0.2363	0.0670	0.0656	-0.9354	0.6269	-0.9885	0.3931	-8.8966	167.0816	298.7735	183.8288	82.6832	1.1289	0.8678	72.1610
48.6644	5993.0000	-0.2320	0.8714	0.0000	208.7730	177.1000	230.3880	1.2142	192.5600	70.0209	0.0000	6000.0000	500.0000	0.0000	6007.0123	0.2616	0.2363	0.0670	0.0656	-0.9354	0.6269	-0.9885	0.3931	-8.8966	167.0816	298.7735	183.8288	82.6832	1.1289	0.8678	72.1610
49.2194	6010.0000	-0.2310	0.8721	0.0000	209.0130	179.3100	230.3690	1.2274	194.6500	70.0376	0.0000	6000.0000	500.0000	0.0000	6004.5142	0.2604	0.2457	0.0667	0.0663	-1.0872	0.6617	-1.0653	0.3528	-5.5151	172.3968	298.8905	184.2233	82.6958	1.1712	0.8677	72.1610
49.2576	6010.0000	-0.2310	0.8721	0.0000	209.0130	179.3100	230.3690	1.2274	194.6500	70.0376	0.0000	6000.0000	500.0000	0.0000	6004.5142	0.2604	0.2457	0.0667	0.0663	-1.0872	0.6617	-1.0653	0.3528	-5.5151	172.3968	298.8905	184.2233	82.6958	1.1712	0.8677	72.1610
49.8630	5997.0000	-0.2330	0.8726	0.0000	208.9130	179.9100	230.3610	1.2324	195.2900	70.0321	0.0000	6000.0000	500.0000	0.0000	6003.5065	0.2582	0.2494	0.0662	0.0654	-0.8433	0.6086	-1.2553	0.3543	-6.5467	160.4304	298.9412	185.8754	82.7057	1.2110	0.8643	72.0276
49.9459	5997.0000	-0.2330	0.8726	0.0000	208.9130	179.9100	230.3610	1.2324	195.2900	70.0321	0.0000	6000.0000	500.0000	0.0000	6003.5065	0.2582	0.2494	0.0662	0.0654	-0.8433	0.6086	-1.2553	0.3543	-6.5467	160.4304	298.9412	185.8754	82.7057	1.2110	0.8643	72.0276
50.4559	5999.0000	-0.2330	0.8713	0.0000	209.0550	179.5000	230.3440	1.2303	194.6800	70.0344	1.0000	6000.0000	500.0000	0.0000	6002.9382	0.2602	0.2520	0.0661	0.0644	-0.9179	0.6282	-1.1639	0.4210	5.4897	170.2416	299.0641	186.1807	82.7138	1.2303	0.8674	72.0276
50.6780	5999.0000	-0.2330	0.8713	0.0000	209.0550	179.5000	230.3440	1.2303	194.6800	70.0344	1.0000	6000.0000	500.0000	0.0000	6002.9382	0.2602	0.2520	0.0661	0.0644	-0.9179	0.6282	-1.1639	0.4210	5.4897	170.2416	299.0641	186.1807	82.7138	1.2303	0.8674	72.0276
51.0393	5999.0000	-0.2330	0.8713	0.0000	209.0550	179.5000	230.3440	1.2303	194.6800	70.0344	1.0000	6000.0000	500.0000	0.0000	5988.3578	0.2335	0.3070	0.0657	0.0638	-1.3272	0.6553	-1.3037	0.4837	3.1252	173.0882	299.1318	181.7422	82.7199	1.4408	0.8655	71.8951
51.5218	6001.0000	-0.2320	0.8713	0.0000	209.0520	179.8400	230.3360	1.2320	195.0000	70.0106	1.0000	6000.0000	500.0000	0.0000	6010.1305	0.2591	0.2246	0.0642	0.0654	-1.2492	0.6946	-1.2176	0.5244	-15.9153	166.6685	299.1406	182.1192	82.7287	1.2673	0.8665	71.7614
51.6345	6001.0000	-0.2320	0.8713	0.0000	209.0520	179.8400	230.3360	1.2320	195.0000	70.0106	1.0000	6000.0000	500.0000	0.0000	6010.1305	0.2591	0.2246	0.0642	0.0654	-1.2492	0.6946	-1.2176	0.5244	-15.9153	166.6685	299.1406	182.1192	82.7287	1.2673	0.8665	71.7614
52.2260	6010.0000	-0.2330	0.8760	0.0000	209.1800	179.6900	230.3210	1.2298	194.6200	69.9722	1.0000	6000.0000	500.0000	0.0000	5991.1077	0.2464	0.2991	0.0670	0.0653	-1.0737	0.6478	-1.0905	0.3996	-3.2757	173.7931	299.0945	187.2974	82.7328	1.2073	0.8683	71.7614
52.2589	6010.0000	-0.2330	0.8760	0.0000	209.1800	179.6900	230.3210	1.2298	194.6200	69.9722	1.0000	6000.0000	500.0000	0.0000	5991.1077	0.2464	0.2991	0.0670	0.0653	-1.0737	0.6478	-1.0905	0.3996	-3.2757	173.7931	299.0945	187.2974	82.7328	1.2073	0.8683	71.7614
52.8284	6001.0000	-0.2290	0.8730	0.0000	209.2010	179.9800	230.3150	1.2320	194.9200	69.9604	1.0000	6000.0000	500.0000	0.0000	6004.6664	0.2884	0.2506	0.0650	0.0666	-1.0293	0.7250	-1.0628	0.4840	-7.3669	162.0661	299.0511	189.6650	82.7342	1.2690	0.8641	71.6307
52.9901	6001.0000	-0.2290	0.8730	0.0000	209.2010	179.9800	230.3150	1.2320	194.9200	69.9604	1.0000	6000.0000	500.0000	0.0000	6004.6664	0.2884	0.2506	0.0650	0.0666	-1.0293	0.7250	-1.0628	0.4840	-7.3669	162.0661	299.0511	189.6650	82.7342	1.2690	0.8641	71.6307
53.4119	6006.0000	-0.2310	0.8785	0.0000	208.9130	184.1400	230.3050	1.2574	199.3300	69.9823	1.0000	6000.0000	500.0000	0.0000	6013.8898	0.3416	0.2169	0.0636	0.0661	-0.9840	0.8876	-1.4076	0.4391	-7.1390	174.8667	299.0400	188.1698	82.7344	1.0907	0.8666	71.6307
53.7267	6006.0000	-0.2310	0.8785	0.0000	208.9130	184.1400	230.3050	1.2574	199.3300	69.9823	1.0000	6000.0000	500.0000	0.0000	6003.4383	0.2684	0.2582	0.0663	0.0659	-1.2557	0.7353	-0.9464	0.4025	-5.6772	170.5636	299.0760	187.3392	82.7346	1.1883	0.8732	71.5006
54.0057	6006.0000	-0.2310	0.8785	0.0000	208.9130	184.1400	230.3050	1.2574	199.3300	69.9823	1.0000	6000.0000	500.0000	0.0000	6003.4383	0.2684	0.2582	0.0663	0.0659	-1.2557	0.7353	-0.9464	0.4025	-5.6772	170.5636	299.0760	187.3392	82.7346	1.1883	0.8732	71.5006
54.4524	5997.0000	-0.2340	0.8857	0.0000	209.1020	185.1700	230.3020	1.2632	200.2900	69.9804	1.0000	6000.0000	500.0000	0.0000	6009.6036	0.2423	0.2348	0.0660	0.0669	-1.1342	0.6305	-1.2392	0.4580	4.8884	167.3569	299.1723	189.1475	82.7395	1.2499	0.8953	71.3699
54.6014	5997.0000	-0.2340	0.8857	0.0000	209.1020	185.1700	230.3020	1.2632	200.2900	69.9804	1.0000	6000.0000	500.0000	0.0000	6009.6036	0.2423	0.2348	0.0660	0.0669	-1.1342	0.6305	-1.2392	0.4580	4.8884	167.3569	299.1723	189.1475	82.7395	1.2499	0.8953	71.3699
55.1895	5995.0000	-0.2340	0.8824	0.0000	209.2490	185.3800	230.3010	1.2635	200.4300	70.0501	1.0000	6000.0000	500.0000	0.0000	5999.0052	0.1897	0.2751	0.0642	0.0669	-0.9103	0.4316	-1.4311	0.4017	-5.4187	172.0416	299.2483	190.1637	82.7424	1.3318	0.8811	71.3699
55.1959	5995.0000	-0.2340	0.8824	0.0000	209.2490	185.3800	230.3010	1.2635	200.4300	70.0501	1.0000	6000.0000	500.0000	0.0000	5999.0052	0.1897	0.2751	0.0642	0.0669	-0.9103	0.4316	-1.4311	0.4017	-5.4187	172.0416	299.2483	190.1637	82.7424	1.3318	0.8811	71.3699
55.8007	5997.0000	-0.2330	0.8827	0.0000	209.2430	185.3600	230.3030	1.2633	200.3300	69.9980	1.0000	6000.0000	500.0000	0.0000	5991.1922	0.2755	0.3052	0.0654	0.0650	-0.7710	0.6722	-1.3428	0.3567	4.3366	164.3620	299.2497	190.9143	82.7436	1.3560	0.8821	71.2429
55.9250	5997.0000	-0.2330	0.8827	0.0000	209.2430	185.3600	230.3030	1.2633	200.3300	69.9980	1.0000	6000.0000	500.0000	0.0000	5991.1922	0.2755	0.3052	0.0654	0.0650	-0.7710	0.6722	-1.3428	0.3567	4.3366	164.3620	299.2497	190.9143	82.7436	1.3560	0.8821	71.2429
56.3956	6010.0000	-0.2350	0.8853	0.0000	209.2330	185.9100	230.3080	1.2670	200.8900	70.0355	2.0000	6000.0000	500.0000	0.0000	5984.1882	0.2701	0.3319	0.0647	0.0646	-1.2516	0.7414	-1.3001	0.4923	-13.7665	172.8345	299.3575	186.9572	82.7434	1.2562	0.8768	71.2429
56.6629	6010.0000	-0.2350	0.8853	0.0000	209.2330	185.9100	230.3080	1.2670	200.8900	70.0355	2.0000	6000.0000	500.0000	0.0000	5984.1882	0.2701	0.3319	0.0647	0.0646	-1.2516	0.7414	-1.3001	0.4923	-13.7665	172.8345	299.3575	186.9572	82.7434	1.2562	0.8768	71.2429
56.9882	6010.0000	-0.2350	0.8853	0.0000	209.2330	185.9100	230.3080	1.2670	200.8900	70.0355	2.0000	6000.0000	500.0000	0.0000	5989.5905	0.3200	0.3112	0.0654	0.0635	-0.9893	0.8128	-1.2568	0.5066	-6.9414	170.4641	299.3897	192.9634	82.7413	1.2884	0.8768	71.1166
57.5104	5990.0000	-0.2340	0.8813	0.0000	209.1890	185.7400	230.3120	1.2662	200.6600	70.0213	2.0000	6000.0000	500.0000	0.0000	6000.2676	0.2609	0.2730	0.0658	0.0647	-1.0358	0.7020	-1.0623	0.4180	-13.4294	171.1430	299.3634	189.6909	82.7418	1.2874	0.8812	71.1166
57.5896	5990.0000	-0.2340	0.8813	0.0000	209.1890	185.7400	230.3120	1.2662	200.6600	70.0213	2.0000	6000.0000	500.0000	0.0000	6000.2676	0.2609	0.2730	0.0658	0.0647	-1.0358	0.7020	-1.0623	0.4180	-13.4294	171.1430	299.3634	189.6909	82.7418	1.2874	0.8812	71.1166
58.1814	6007.0000	-0.2330	0.8830	0.0000	209.1500	187.0600	230.3250	1.2742	201.8700	70.0340	2.0000	6000.0000	500.0000	0.0000	6005.0056	0.2693	0.2547	0.0668	0.0648	-0.9375	0.6740	-1.0281	0.4274	-7.2013	160.1196	299.4707	192.5669	82.7384	1.1575	0.8721	70.9889
58.2480	6007.0000	-0.2330	0.8830	0.0000	209.1500	187.0600	230.3250	1.2742	201.8700	70.0340	2.0000	6000.0000	500.0000	0.0000	6005.0056	0.2693	0.2547	0.0668	0.0648	-0.9375	0.6740	-1.0281	0.4274	-7.2013	160.1196	299.4707	192.5669	82.7384	1.1575	0.8721	70.9889
58.7883	5992.0000	-0.2340	0.8785	0.0000	209.2220	187.4300	230.3350	1.2762	202.3100	70.0514	2.0000	6000.0000	500.0000	0.0000	6009.8134	0.2884	0.2363	0.0660	0.0669	-0.8261	0.7102	-1.1739	0.4371	-6.0085	167.3900	299.5071	190.2006	82.7333	1.1166	0.8721	70.8636
58.9900	5992.0000	-0.2340	0.8785	0.0000	209.2220	187.4300	230.3350	1.2762	202.3100	70.0514	2.0000	6000.0000	500.0000	0.0000	6009.8134	0.2884	0.2363	0.0660	0.0669	-0.8261	0.7102	-1.1739	0.4371	-6.0085	167.3900	299.5071	190.2006	82.7333	1.1166	0.8721	70.8636
59.3748	5992.0000	-0.2330	0.8758	0.0000	209.3800	186.6000	230.3580	1.2718	201.3600	70.0488	2.0000	6000.0000	500.0000	0.0000	6008.3400	0.2059	0.2422	0.0644	0.0659	-0.9817	0.5064	-1.2043	0.4190	-10.5274	176.0952	299.5163	191.6148	82.7272	1.1754	0.8687	70.8636
59.7268	5992.0000	-0.2330	0.8758	0.0000	209.3800	186.6000	230.3580	1.2718	201.3600	70.0488	2.0000	6000.0000	500.0000	0.0000	5997.2240	0.2790	0.2846	0.0645	0.0643	-1.1838	0.7189	-1.3301	0.4835	-13.0299	165.9140	299.6229	191.1315	82.7209	1.2582	0.8683	70.7387
59.9759	5992.0000	-0.2330	0.8758	0.0000	209.3800	186.6000	230.3580	1.2718	201.3600	70.0488	2.0000	6000.0000	500.0000	0.0000	5997.2240	0.2790	0.2846	0.0645	0.0643	-1.1838	0.7189	-1.3301	0.4835	-13.0299	165.9140	299.6229	191.1315	82.7209	1.2582	0.8683	70.7387
60.4555	5992.0000	-0.2310	0.8758	0.0000	209.4400	186.5800	230.3700	1.2718	201.3100	70.0546	2.0000	6000.0000	500.0000	0.0000	5991.6346	0.2566	0.3057	0.0657	0.0647	-0.9839	0.6253	-1.3003	0.4690	-10.9953	157.2511	299.7271	191.4591	82.7176	1.2813	0.8898	70.7387
60.5708	5992.0000	-0.2310	0.8758	0.0000	209.4400	186.5800	230.3700	1.2718	201.3100	70.0546	2.0000	6000.0000	500.0000	0.0000	5991.6346	0.2566	0.3057	0.0657	0.0647	-0.9839	0.6253	-1.3003	0.4690	-10.9953	157.2511	299.7271	191.4591	82.7176	1.2813	0.8898	70.7387
61.1747	6005.0000	-0.2330	0.8742	0.0000	209.4830	187.0400	230.3980	1.2745	201.7600	70.0548	2.0000	6000.0000	500.0000	0.0000	5999.3776	0.2592	0.2760	0.0643	0.0662	-1.0108	0.6903	-1.1381	0.4292	-10.7822	172.0512	299.7796	189.6672	82.7108	1.3381	0.8669	70.6125
61.1892	6005.0000	-0.2330	0.8742	0.0000	209.4830	187.0400	230.3980	1.2745	201.7600	70.0548	2.0000	6000.0000	500.0000	0.0000	5999.3776	0.2592	0.2760	0.0643	0.0662	-1.0108	0.6903	-1.1381	0.4292	-10.7822	172.0512	299.7796	189.6672	82.7108	1.3381	0.8669	70.6125
61.7785	6008.0000	-0.2340	0.8738	0.0000	209.5160	186.5600	230.4100	1.2717	201.2000	70.0582	2.0000	6000.0000	500.0000	0.0000	6006.9616	0.2994	0.2472	0.0656	0.0646	-1.0701	0.7282	-1.1425	0.4805	-10.5707	157.2579	299.8433	191.3705	82.7033	1.1844	0.8667	70.4889
61.9330	6008.0000	-0.2340	0.8738	0.0000	209.5160	186.5600	230.4100	1.2717	201.2000	70.0582	2.0000	6000.0000	500.0000	0.0000	6006.9616	0.2994	0.2472	0.0656	0.0646	-1.0701	0.7282	-1.1425	0.4805	-10.5707	157.2579	299.8433	191.3705	82.7033	1.1844	0.8667	70.4889
62.6682	5998.0000	-0.2350	0.8730	0.0000	209.5890	186.6000	230.4350	1.2717	201.2100	70.0314	3.0000	6000.0000	500.0000	0.0000	6001.8815	0.2375	0.2662	0.0672	0.0668	-0.9311	0.5602	-1.1373	0.4402	-11.9889	160.4085	299.9286	189.0876	82.6872	1.1509	0.8661	70.3659
62.9777	5998.0000	-0.2350	0.8730	0.0000	209.5890	186.6000	230.4350	1.2717	201.2100	70.0314	3.0000	6000.0000	500.0000	0.0000	6001.8815	0.2375	0.2662	0.0672	0.0668	-0.9311	0.5602	-1.1373	0.4402	-11.9889	160.4085	299.9286	189.0876	82.6872	1.1509	0.8661	70.3659
63.5118	6008.0000	-0.2320	0.8719	0.0000	209.6260	186.2600	230.4480	1.2695	200.7900	70.0299	3.0000	6000.0000	500.0000	0.0000	6001.8815	0.2375	0.2662	0.0672	0.0668	-0.9311	0.5602	-1.1373	0.4402	-11.9889	160.4085	299.9286	189.0876	82.6872	1.1509	0.8661	70.3659
64.0792	5998.0000	-0.2320	0.8732	0.0000	209.6710	186.0900	230.4760	1.2685	200.5700	70.0460	3.0000	6000.0000	500.0000	0.0000	6004.3137	0.2490	0.2563	0.0654	0.0672	-0.9788	0.6662	-1.3053	0.5240	-11.0158	173.1311	300.0161	189.1562	82.6760	1.1704	0.8667	70.2417
64.2563	5998.0000	-0.2320	0.8732	0.0000	209.6710	186.0900	230.4760	1.2685	200.5700	70.0460	3.0000	6000.0000	500.0000	0.0000	6004.3137	0.2490	0.2563	0.0654	0.0672	-0.9788	0.6662	-1.3053	0.5240	-11.0158	173.1311	300.0161	189.1562	82.6760	1.1704	0.8667	70.2417
64.6663	5999.0000	-0.2320	0.8732	0.0000	209.6560	186.4900	230.4900	1.2709	201.0500	70.0838	3.0000	6000.0000	500.0000	0.0000	6010.5233	0.1994	0.2323	0.0638	0.0675	-1.2606	0.4609	-1.1363	0.3810	3.8994	165.8976	300.1263	188.9356	82.6691	1.3703	0.8733	70.1202
64.9879	5999.0000	-0.2320	0.8732	0.0000	209.6560	186.4900	230.4900	1.2709	201.0500	70.0838	3.0000	6000.0000	500.0000	0.0000	6007.5817	0.2522	0.2428	0.0675	0.0650	-1.0490	0.6583	-1.2386	0.5544	-10.3676	161.9095	300.1786	188.0298	82.6624	0.9013	0.8709	70.1202
65.2651	5999.0000	-0.2320	0.8732	0.0000	209.6560	186.4900	230.4900	1.2709	201.0500	70.0838	3.0000	6000.0000	500.0000	0.0000	6007.5817	0.2522	0.2428	0.0675	0.0650	-1.0490	0.6583	-1.2386	0.5544	-10.3676	161.9095	300.1786	188.0298	82.6624	0.9013	0.8709	70.1202
65.7293	6002.0000	-0.2330	0.8790	0.0000	209.8770	185.6100	230.5150	1.2638	200.0700	70.0490	3.0000	6000.0000	500.0000	0.0000	5990.7055	0.2960	0.3069	0.0640	0.0649	-1.2897	0.7129	-1.1124	0.5249	-8.8870	164.4599	300.2154	188.2941	82.6552	1.4457	0.8741	70.0002
65.8540	6002.0000	-0.2330	0.8790	0.0000	209.8770	185.6100	230.5150	1.2638	200.0700	70.0490	3.0000	6000.0000	500.0000	0.0000	5990.7055	0.2960	0.3069	0.0640	0.0649	-1.2897	0.7129	-1.1124	0.5249	-8.8870	164.4599	300.2154	188.2941	82.6552	1.4457	0.8741	70.0002
66.4556	5991.0000	-0.2330	0.8779	0.0000	209.9310	185.3100	230.5250	1.2622	199.7500	70.0574	3.0000	6000.0000	500.0000	0.0000	5998.2918	0.2057	0.2775	0.0662	0.0662	-1.0365	0.4855	-1.3681	0.4387	-13.7017	157.3727	300.3043	187.5844	82.6502	0.9178	0.8929	70.0002
66.4652	5991.0000	-0.2330	0.8779	0.0000	209.9310	185.3100	230.5250	1.2622	199.7500	70.0574	3.0000	6000.0000	500.0000	0.0000	5998.2918	0.2057	0.2775	0.0662	0.0662	-1.0365	0.4855	-1.3681	0.4387	-13.7017	157.3727	300.3043	187.5844	82.6502	0.9178	0.8929	70.0002
67.0596	6005.0000	-0.2330	0.8758	0.0000	209.9960	184.8700	230.5460	1.2596	199.2300	70.0201	3.0000	6000.0000	500.0000	0.0000	5999.5746	0.2687	0.2722	0.0661	0.0641	-0.8627	0.6823	-1.2460	0.5337	-14.1262	170.9301	300.3608	189.6993	82.6434	1.0544	0.8646	69.8787
67.1995	6005.0000	-0.2330	0.8758	0.0000	209.9960	184.8700	230.5460	1.2596	199.2300	70.0201	3.0000	6000.0000	500.0000	0.0000	5999.5746	0.2687	0.2722	0.0661	0.0641	-0.8627	0.6823	-1.2460	0.5337	-14.1262	170.9301	300.3608	189.6993	82.6434	1.0544	0.8646	69.8787
67.6663	6009.0000	-0.2320	0.8721	0.0000	210.1020	184.4100	230.5550	1.2564	198.6500	70.0096	3.0000	6000.0000	500.0000	0.0000	6007.5042	0.2547	0.2422	0.0650	0.0659	-1.1154	0.6498	-1.3066	0.4616	1.2908	164.2222	300.3946	185.8723	82.6339	1.1438	0.8635	69.7594
67.9366	6009.0000	-0.2320	0.8721	0.0000	210.1020	184.4100	230.5550	1.2564	198.6500	70.0096	3.0000	6000.0000	500.0000	0.0000	6007.5042	0.2547	0.2422	0.0650	0.0659	-1.1154	0.6498	-1.3066	0.4616	1.2908	164.2222	300.3946	185.8723	82.6339	1.1438	0.8635	69.7594
68.2761	6009.0000	-0.2320	0.8721	0.0000	210.1020	184.4100	230.5550	1.2564	198.6500	70.0096	3.0000	6000.0000	500.0000	0.0000	6007.3101	0.2881	0.2426	0.0660	0.0653	-1.1283	0.7337	-1.1921	0.3958	4.7154	168.6653	300.4011	190.8570	82.6238	1.1081	0.8590	69.7594
68.6643	6006.0000	-0.2310	0.8692	0.0000	210.1630	184.3100	230.5700	1.2561	198.5400	70.0383	4.0000	6000.0000	500.0000	0.0000	6004.2356	0.2905	0.2546	0.0661	0.0667	-0.9354	0.7464	-1.2267	0.5401	-3.7317	162.4749	300.4419	188.3905	82.6134	1.0619	0.8576	69.6405
68.8647	6006.0000	-0.2310	0.8692	0.0000	210.1630	184.3100	230.5700	1.2561	198.5400	70.0383	4.0000	6000.0000	500.0000	0.0000	6004.2356	0.2905	0.2546	0.0661	0.0667	-0.9354	0.7464	-1.2267	0.5401	-3.7317	162.4749	300.4419	188.3905	82.6134	1.0619	0.8576	69.6405
69.4730	5997.0000	-0.2310	0.8671	0.0000	210.1990	183.8200	230.5790	1.2535	198.0400	70.0132	4.0000	6000.0000	500.0000	0.0000	6004.4460	0.2558	0.2551	0.0666	0.0650	-0.8677	0.6197	-0.9749	0.3943	-5.8946	168.1915	300.3643	191.7566	82.6051	1.2242	0.8857	69.6405
69.5008	5997.0000	-0.2310	0.8671	0.0000	210.1990	183.8200	230.5790	1.2535	198.0400	70.0132	4.0000	6000.0000	500.0000	0.0000	6004.4460	0.2558	0.2551	0.0666	0.0650	-0.8677	0.6197	-0.9749	0.3943	-5.8946	168.1915	300.3643	191.7566	82.6051	1.2242	0.8857	69.6405
70.0834	6009.0000	-0.2320	0.8654	0.0000	210.1820	184.0200	230.5920	1.2547	198.1600	70.0329	4.0000	6000.0000	500.0000	0.0000	6006.2995	0.2790	0.2472	0.0660	0.0642	-0.9806	0.7229	-1.1779	0.3314	-6.0982	175.1346	300.4519	191.5643	82.5976	1.1416	0.8605	69.5198
70.2339	6009.0000	-0.2320	0.8654	0.0000	210.1820	184.0200	230.5920	1.2547	198.1600	70.0329	4.0000	6000.0000	500.0000	0.0000	6006.2995	0.2790	0.2472	0.0660	0.0642	-0.9806	0.7229	-1.1779	0.3314	-6.0982	175.1346	300.4519	191.5643	82.5976	1.1416	0.8605	69.5198
70.6915	6010.0000	-0.2310	0.8706	0.0000	209.9790	184.9500	230.5980	1.2617	199.3000	70.0396	4.0000	6000.0000	500.0000	0.0000	6002.7296	0.2361	0.2609	0.0660	0.0655	-1.0794	0.6020	-1.1430	0.4410	-5.3975	167.8814	300.4352	187.9539	82.5870	1.2851	0.8600	69.4025
70.9695	6010.0000	-0.2310	0.8706	0.0000	209.9790	184.9500	230.5980	1.2617	199.3000	70.0396	4.0000	6000.0000	500.0000	0.0000	6002.7296	0.2361	0.2609	0.0660	0.0655	-1.0794	0.6020	-1.1430	0.4410	-5.3975	167.8814	300.4352	187.9539	82.5870	1.2851	0.8600	69.4025
71.2900	6010.0000	-0.2310	0.8706	0.0000	209.9790	184.9500	230.5980	1.2617	199.3000	70.0396	4.0000	6000.0000	500.0000	0.0000	6003.7012	0.2746	0.2568	0.0648	0.0650	-1.0231	0.6656	-1.1893	0.4694	-6.0162	160.2260	300.4864	189.6565	82.5769	1.2084	0.8588	69.4025
71.7092	5998.0000	-0.2320	0.8661	0.0000	210.0060	185.1700	230.6090	1.2625	199.4100	70.0557	4.0000	6000.0000	500.0000	0.0000	5994.9241	0.3035	0.2900	0.0662	0.0648	-1.1306	0.8282	-1.2046	0.4778	-15.3117	163.5779	300.5119	187.4842	82.5663	1.1596	0.8568	69.2853
71.8822	5998.0000	-0.2320	0.8661	0.0000	210.0060	185.1700	230.6090	1.2625	199.4100	70.0557	4.0000	6000.0000	500.0000	0.0000	5994.9241	0.3035	0.2900	0.0662	0.0648	-1.1306	0.8282	-1.2046	0.4778	-15.3117	163.5779	300.5119	187.4842	82.5663	1.1596	0.8568	69.2853
72.4529	5992.0000	-0.2300	0.8645	0.0000	210.0730	184.1800	230.6120	1.2566	198.3400	70.0368	4.0000	6000.0000	500.0000	0.0000	6000.0677	0.2669	0.2702	0.0653	0.0674	-0.8598	0.6136	-1.1363	0.4680	-6.4615	168.7559	300.5142	188.5781	82.5582	1.2282	0.8759	69.2853
72.4861	5992.0000	-0.2300	0.8645	0.0000	210.0730	184.1800	230.6120	1.2566	198.3400	70.0368	4.0000	6000.0000	500.0000	0.0000	6000.0677	0.2669	0.2702	0.0653	0.0674	-0.8598	0.6136	-1.1363	0.4680	-6.4615	168.7559	300.5142	188.5781	82.5582	1.2282	0.8759	69.2853
73.0798	5997.0000	-0.2320	0.8621	0.0000	210.1910	183.9200	230.6180	1.2547	198.0400	70.0563	4.0000	6000.0000	500.0000	0.0000	5990.6414	0.2483	0.3054	0.0659	0.0645	-1.1421	0.6266	-1.2378	0.3461	-1.8435	157.1256	300.5837	186.3935	82.5491	1.3144	0.8531	69.1666
73.1943	5997.0000	-0.2320	0.8621	0.0000	210.1910	183.9200	230.6180	1.2547	198.0400	70.0563	4.0000	6000.0000	500.0000	0.0000	5990.6414	0.2483	0.3054	0.0659	0.0645	-1.1421	0.6266	-1.2378	0.3461	-1.8435	157.1256	300.5837	186.3935	82.5491	1.3144	0.8531	69.1666
73.6655	6007.0000	-0.2320	0.8603	0.0000	210.2740	183.3200	230.6210	1.2506	197.3400	70.0563	4.0000	6000.0000	500.0000	0.0000	6006.2593	0.2469	0.2447	0.0664	0.0647	-1.0788	0.6231	-1.0905	0.4819	-12.3083	164.9328	300.6731	187.7822	82.5387	1.0921	0.8531	69.0504
73.9267	6007.0000	-0.2320	0.8603	0.0000	210.2740	183.3200	230.6210	1.2506	197.3400	70.0563	4.0000	6000.0000	500.0000	0.0000	6006.2593	0.2469	0.2447	0.0664	0.0647	-1.0788	0.6231	-1.0905	0.4819	-12.3083	164.9328	300.6731	187.7822	82.5387	1.0921	0.8531	69.0504
74.2601	6007.0000	-0.2320	0.8603	0.0000	210.2740	183.3200	230.6210	1.2506	197.3400	70.0563	4.0000	6000.0000	500.0000	0.0000	5988.9890	0.2710	0.3097	0.0642	0.0645	-0.9717	0.6885	-1.2492	0.3833	1.0318	173.7542	300.6337	185.2710	82.5289	1.4885	0.8612	69.0504
74.6557	5998.0000	-0.2310	0.8607	0.0000	210.2480	182.6500	230.6260	1.2478	196.7500	70.0814	5.0000	6000.0000	500.0000	0.0000	6000.0805	0.2173	0.2691	0.0643	0.0651	-1.0956	0.5950	-1.4348	0.4980	0.3453	167.5564	300.5234	186.1134	82.5204	1.2856	0.8579	68.9353
74.8499	5998.0000	-0.2310	0.8607	0.0000	210.2480	182.6500	230.6260	1.2478	196.7500	70.0814	5.0000	6000.0000	500.0000	0.0000	6000.0805	0.2173	0.2691	0.0643	0.0651	-1.0956	0.5950	-1.4348	0.4980	0.3453	167.5564	300.5234	186.1134	82.5204	1.2856	0.8579	68.9353
75.4462	6008.0000	-0.2290	0.8650	0.0000	210.1010	182.6800	230.6270	1.2474	196.7400	70.0338	5.0000	6000.0000	500.0000	0.0000	6006.6276	0.2470	0.2455	0.0664	0.0641	-1.1505	0.6593	-1.1417	0.3710	-7.2044	180.5358	300.6268	188.1422	82.5129	1.0591	0.8711	68.9353
75.5388	6008.0000	-0.2290	0.8650	0.0000	210.1010	182.6800	230.6270	1.2474	196.7400	70.0338	5.0000	6000.0000	500.0000	0.0000	6006.6276	0.2470	0.2455	0.0664	0.0641	-1.1505	0.6593	-1.1417	0.3710	-7.2044	180.5358	300.6268	188.1422	82.5129	1.0591	0.8711	68.9353
76.0361	6008.0000	-0.2290	0.8650	0.0000	210.1010	182.6800	230.6270	1.2474	196.7400	70.0338	5.0000	6000.0000	500.0000	0.0000	5986.5388	0.2567	0.3215	0.0655	0.0642	-1.0471	0.6499	-1.3041	0.3670	-4.0585	176.3600	300.6267	190.3248	82.5049	1.2295	0.8561	68.8190
76.6311	5996.0000	-0.2280	0.8632	0.0000	210.3260	183.6600	230.6340	1.2523	197.6600	70.0426	5.0000	6000.0000	500.0000	0.0000	5989.9589	0.2503	0.3089	0.0653	0.0644	-0.9193	0.6139	-1.1259	0.3726	-10.5751	169.0561	300.6088	188.6567	82.4950	1.3776	0.8556	68.7053
76.7830	5996.0000	-0.2280	0.8632	0.0000	210.3260	183.6600	230.6340	1.2523	197.6600	70.0426	5.0000	6000.0000	500.0000	0.0000	5989.9589	0.2503	0.3089	0.0653	0.0644	-0.9193	0.6139	-1.1259	0.3726	-10.5751	169.0561	300.6088	188.6567	82.4950	1.3776	0.8556	68.7053
77.2172	5991.0000	-0.2300	0.8651	0.0000	210.3140	183.9100	230.6340	1.2543	197.9800	70.0035	5.0000	6000.0000	500.0000	0.0000	6009.3408	0.3143	0.2345	0.0658	0.0640	-1.1346	0.8750	-1.2590	0.4297	-9.5620	163.3678	300.6377	186.9481	82.4855	0.9839	0.8540	68.7053
77.5218	5991.0000	-0.2300	0.8651	0.0000	210.3140	183.9100	230.6340	1.2543	197.9800	70.0035	5.0000	6000.0000	500.0000	0.0000	6008.8185	0.2554	0.2378	0.0654	0.0660	-1.1180	0.6983	-1.0805	0.5255	-1.2134	164.3079	300.5883	187.4721	82.4759	1.0251	0.8614	68.5922
77.8160	5991.0000	-0.2300	0.8651	0.0000	210.3140	183.9100	230.6340	1.2543	197.9800	70.0035	5.0000	6000.0000	500.0000	0.0000	6008.8185	0.2554	0.2378	0.0654	0.0660	-1.1180	0.6983	-1.0805	0.5255	-1.2134	164.3079	300.5883	187.4721	82.4759	1.0251	0.8614	68.5922
78.2568	6005.0000	-0.2300	0.8656	0.0000	210.3490	183.8300	230.6310	1.2529	197.8300	70.0177	5.0000	6000.0000	500.0000	0.0000	5986.2631	0.2261	0.3229	0.0653	0.0652	-1.0618	0.5529	-1.1298	0.4860	-11.0073	175.0371	300.6609	189.1970	82.4698	1.3897	0.8866	68.5922
78.4164	6005.0000	-0.2300	0.8656	0.0000	210.3490	183.8300	230.6310	1.2529	197.8300	70.0177	5.0000	6000.0000	500.0000	0.0000	5986.2631	0.2261	0.3229	0.0653	0.0652	-1.0618	0.5529	-1.1298	0.4860	-11.0073	175.0371	300.6609	189.1970	82.4698	1.3897	0.8866	68.5922
78.9909	6013.0000	-0.2300	0.8694	0.0000	210.3310	184.6700	230.6300	1.2577	198.7900	70.0449	5.0000	6000.0000	500.0000	0.0000	5991.1450	0.1877	0.3036	0.0651	0.0670	-1.1467	0.5037	-1.2800	0.5121	-12.6768	163.4200	300.6772	188.2671	82.4632	1.4099	0.8613	68.4782
79.0262	6013.0000	-0.2300	0.8694	0.0000	210.3310	184.6700	230.6300	1.2577	198.7900	70.0449	5.0000	6000.0000	500.0000	0.0000	5991.1450	0.1877	0.3036	0.0651	0.0670	-1.1467	0.5037	-1.2800	0.5121	-12.6768	163.4200	300.6772	188.2671	82.4632	1.4099	0.8613	68.4782
79.6265	5996.0000	-0.2300	0.8655	0.0000	210.3600	183.7500	230.6300	1.2529	197.7800	69.9948	5.0000	6000.0000	500.0000	0.0000	6005.8880	0.3241	0.2477	0.0665	0.0641	-0.9354	0.8217	-1.3660	0.4233	5.7647	168.7656	300.6921	188.0195	82.4550	1.3733	0.8609	68.3669
79.7345	5996.0000	-0.2300	0.8655	0.0000	210.3600	183.7500	230.6300	1.2529	197.7800	69.9948	5.0000	6000.0000	500.0000	0.0000	6005.8880	0.3241	0.2477	0.0665	0.0641	-0.9354	0.8217	-1.3660	0.4233	5.7647	168.7656	300.6921	188.0195	82.4550	1.3733	0.8609	68.3669
80.2231	5993.0000	-0.2290	0.8707	0.0000	210.3010	184.1200	230.6290	1.2547	198.1800	70.0222	6.0000	6000.0000	500.0000	0.0000	5996.4454	0.3415	0.2832	0.0669	0.0638	-1.2364	0.9465	-1.2793	0.4728	-4.1339	163.2630	300.7123	190.0341	82.4471	1.1444	0.8653	68.3669
80.4653	5993.0000	-0.2290	0.8707	0.0000	210.3010	184.1200	230.6290	1.2547	198.1800	70.0222	6.0000	6000.0000	500.0000	0.0000	5996.4454	0.3415	0.2832	0.0669	0.0638	-1.2364	0.9465	-1.2793	0.4728	-4.1339	163.2630	300.7123	190.0341	82.4471	1.1444	0.8653	68.3669
80.8125	5993.0000	-0.2290	0.8707	0.0000	210.3010	184.1200	230.6290	1.2547	198.1800	70.0222	6.0000	6000.0000	500.0000	0.0000	5983.9107	0.2357	0.3177	0.0664	0.0650	-1.1598	0.5883	-1.0650	0.4600	0.2137	170.0403	300.6736	187.1939	82.4384	1.3435	0.8577	68.2565
81.2032	6002.0000	-0.2290	0.8676	0.0000	210.3700	183.8900	230.6320	1.2538	197.8900	70.0132	NOT CONNECTED	0.0000	500.0000	0.0000	6010.6836	0.2965	0.2294	0.0651	0.0641	-1.0209	0.7481	-1.2269	0.3805	-11.5542	164.6750	300.7235	188.9914	82.4310	1.1362	0.8814	68.2565
81.4262	6002.0000	-0.2290	0.8676	0.0000	210.3700	183.8900	230.6320	1.2538	197.8900	70.0132	NOT CONNECTED	0.0000	500.0000	0.0000	6010.6836	0.2965	0.2294	0.0651	0.0641	-1.0209	0.7481	-1.2269	0.3805	-11.5542	164.6750	300.7235	188.9914	82.4310	1.1362	0.8814	68.2565
81.9360	5992.0000	-0.2300	0.8695	0.0000	210.3300	184.6600	230.6330	1.2582	198.7000	70.0018	NOT CONNECTED	0.0000	500.0000	0.0000	6033.3381	0.1011	0.1017	0.0684	0.0690	-0.8837	0.2652	-0.8972	0.0505	3.3036	171.5220	309.1193	68.7860	82.4225	1.0188	0.8497	68.1445
82.0262	5992.0000	-0.2300	0.8695	0.0000	210.3300	184.6600	230.6330	1.2582	198.7000	70.0018	NOT CONNECTED	0.0000	500.0000	0.0000	6033.3381	0.1011	0.1017	0.0684	0.0690	-0.8837	0.2652	-0.8972	0.0505	3.3036	171.5220	309.1193	68.7860	82.4225	1.0188	0.8497	68.1445
82.6411	6026.0000	-0.0530	0.8645	0.0000	210.3660	183.7200	230.6380	1.2536	197.7500	69.9956	NOT CONNECTED	0.0000	500.0000	0.0000	6009.7563	0.0828	0.0721	0.0687	0.0684	-0.8544	0.1608	-0.9189	0.1945	-4.7210	168.4516	309.4405	69.5474	82.3745	0.9714	0.6403	68.0311
82.9570	6026.0000	-0.0530	0.8645	0.0000	210.3660	183.7200	230.6380	1.2536	197.7500	69.9956	NOT CONNECTED	0.0000	500.0000	0.0000	6001.5324	0.0800	0.0905	0.0692	0.0696	-0.8802	0.1397	-0.7961	0.0677	-8.2297	180.8044	309.0755	71.5825	82.3190	0.8050	0.6441	68.0311
83.2281	6026.0000	-0.0530	0.8645	0.0000	210.3660	183.7200	230.6380	1.2536	197.7500	69.9956	NOT CONNECTED	0.0000	500.0000	0.0000	6001.5324	0.0800	0.0905	0.0692	0.0696	-0.8802	0.1397	-0.7961	0.0677	-8.2297	180.8044	309.0755	71.5825	82.3190	0.8050	0.6441	68.0311
83.6866	5992.0000	-0.0550	0.6546	0.0000	217.2790	64.7000	230.7060	0.5183	73.3700	70.0181	NOT CONNECTED	0.0000	500.0000	0.0000	6006.4475	0.1015	0.0705	0.0694	0.0689	-0.9632	0.2506	-0.8986	0.1348	-8.5970	170.0314	309.0999	69.8264	82.2707	0.9210	0.6448	67.9012
83.8308	5992.0000	-0.0550	0.6546	0.0000	217.2790	64.7000	230.7060	0.5183	73.3700	70.0181	NOT CONNECTED	0.0000	500.0000	0.0000	6006.4475	0.1015	0.0705	0.0694	0.0689	-0.9632	0.2506	-0.8986	0.1348	-8.5970	170.0314	309.0999	69.8264	82.2707	0.9210	0.6448	67.9012
84.4155	6005.0000	-0.0560	0.6570	0.0000	217.0760	66.8900	230.6950	0.5327	75.7300	69.9879	NOT CONNECTED	0.0000	500.0000	0.0000	6000.3166	0.0967	0.0938	0.0698	0.0685	-0.8815	0.2727	-0.9092	0.1978	-7.2997	165.4527	308.9972	70.3276	82.2257	0.9407	0.6692	67.9012
84.4232	6005.0000	-0.0560	0.6570	0.0000	217.0760	66.8900	230.6950	0.5327	75.7300	69.9879	NOT CONNECTED	0.0000	500.0000	0.0000	6000.3166	0.0967	0.0938	0.0698	0.0685	-0.8815	0.2727	-0.9092	0.1978	-7.2997	165.4527	308.9972	70.3276	82.2257	0.9407	0.6692	67.9012
85.0206	6005.0000	-0.0560	0.6566	0.0000	217.0160	67.1200	230.7040	0.5352	76.1500	69.9802	NOT CONNECTED	0.0000	500.0000	0.0000	6006.0349	0.0951	0.0720	0.0682	0.0683	-0.9941	0.2299	-1.0023	0.1420	-9.3086	168.7662	309.0633	70.6225	82.1854	0.8637	0.6466	67.7705
85.1416	6005.0000	-0.0560	0.6566	0.0000	217.0160	67.1200	230.7040	0.5352	76.1500	69.9802	NOT CONNECTED	0.0000	500.0000	0.0000	6006.0349	0.0951	0.0720	0.0682	0.0683	-0.9941	0.2299	-1.0023	0.1420	-9.3086	168.7662	309.0633	70.6225	82.1854	0.8637	0.6466	67.7705
85.6311	6011.0000	-0.0560	0.6577	0.0000	216.9680	67.4500	230.7090	0.5372	76.4800	69.9398	NOT CONNECTED	0.0000	500.0000	0.0000	6005.0073	0.0311	0.0748	0.0689	0.0698	-0.8757	0.0624	-0.9637	-0.0230	-8.4153	179.9592	310.0295	49.0386	82.1459	1.0771	0.6471	67.6426
85.8730	6011.0000	-0.0560	0.6577	0.0000	216.9680	67.4500	230.7090	0.5372	76.4800	69.9398	NOT CONNECTED	0.0000	500.0000	0.0000	6005.0073	0.0311	0.0748	0.0689	0.0698	-0.8757	0.0624	-0.9637	-0.0230	-8.4153	179.9592	310.0295	49.0386	82.1459	1.0771	0.6471	67.6426
86.2361	6011.0000	-0.0560	0.6577	0.0000	216.9680	67.4500	230.7090	0.5372	76.4800	69.9398	NOT CONNECTED	0.0000	500.0000	0.0000	5727.3853	0.0370	-0.0000	0.0528	0.0531	-1.9907	0.1080	-1.3273	0.0433	-11.8054	122.0655	312.8212	28.3041	82.1469	1.8936	1.1390	67.6426
86.6522	5954.0000	-0.0100	0.6506	0.0000	217.2360	62.4700	230.7180	0.5168	72.8900	69.9205	NOT CONNECTED	0.0000	500.0000	0.0000	5500.1576	0.0242	-0.0000	0.0531	0.0531	-1.8013	0.0821	-1.7051	0.0235	-12.5389	119.6145	313.0323	27.5289	82.2390	1.3996	1.1190	67.5316
86.8287	5954.0000	-0.0100	0.6506	0.0000	217.2360	62.4700	230.7180	0.5168	72.8900	69.9205	NOT CONNECTED	0.0000	500.0000	0.0000	5500.1576	0.0242	-0.0000	0.0531	0.0531	-1.8013	0.0821	-1.7051	0.0235	-12.5389	119.6145	313.0323	27.5289	82.2390	1.3996	1.1190	67.5316
87.3860	5602.0000	0.0120	1.1447	0.0000	164.1940	27.3300	230.7410	0.3045	40.3500	69.9439	NOT CONNECTED	0.0000	500.0000	0.0000	5243.3915	0.0021	-0.0000	0.0533	0.0531	-1.4494	0.0403	-1.3748	0.0300	-13.4780	113.1032	312.9808	27.5655	82.3221	1.6775	1.1380	67.5316
87.4258	5602.0000	0.0120	1.1447	0.0000	164.1940	27.3300	230.7410	0.3045	40.3500	69.9439	NOT CONNECTED	0.0000	500.0000	0.0000	5243.3915	0.0021	-0.0000	0.0533	0.0531	-1.4494	0.0403	-1.3748	0.0300	-13.4780	113.1032	312.9808	27.5655	82.3221	1.6775	1.1380	67.5316
88.0170	5292.0000	0.0130	1.1227	0.0000	151.1040	25.8600	230.7420	0.2956	39.0800	69.9366	NOT CONNECTED	0.0000	500.0000	0.0000	5001.1282	0.0127	-0.0000	0.0532	0.0531	-1.6934	0.0409	-1.5806	0.0270	-10.9599	104.5781	313.0255	28.6258	82.3966	1.5111	1.1226	67.4523
88.1419	5292.0000	0.0130	1.1227	0.0000	151.1040	25.8600	230.7420	0.2956	39.0800	69.9366	NOT CONNECTED	0.0000	500.0000	0.0000	5001.1282	0.0127	-0.0000	0.0532	0.0531	-1.6934	0.0409	-1.5806	0.0270	-10.9599	104.5781	313.0255	28.6258	82.3966	1.5111	1.1226	67.4523
88.6117	4977.0000	0.0110	1.1213	0.0000	145.0610	25.8500	230.7480	0.2956	39.1000	69.9229	NOT CONNECTED	0.0000	500.0000	0.0000	4762.2708	-0.0103	-0.0000	0.0529	0.0531	-1.5839	-0.0238	-1.6889	-0.0125	-10.0976	106.6301	313.0376	27.6335	82.4616	1.4006	1.1241	67.5164
88.8765	4977.0000	0.0110	1.1213	0.0000	145.0610	25.8500	230.7480	0.2956	39.1000	69.9229	NOT CONNECTED	0.0000	500.0000	0.0000	4762.2708	-0.0103	-0.0000	0.0529	0.0531	-1.5839	-0.0238	-1.6889	-0.0125	-10.0976	106.6301	313.0376	27.6335	82.4616	1.4006	1.1241	67.5164
89.2057	4977.0000	0.0110	1.1213	0.0000	145.0610	25.8500	230.7480	0.2956	39.1000	69.9229	NOT CONNECTED	0.0000	500.0000	0.0000	4510.4608	0.0056	-0.0000	0.0529	0.0531	-1.6678	0.0111	-1.7494	0.0295	-13.7364	96.0194	313.0416	28.3287	82.5175	1.7344	1.1252	67.5164
89.6472	4679.0000	0.0100	1.1233	0.0000	133.6770	25.8000	230.7570	0.2959	39.1900	69.9439	NOT CONNECTED	0.0000	500.0000	0.0000	4299.2362	-0.0205	-0.0000	0.0530	0.0531	-1.3036	-0.0703	-1.3235	-0.0065	-9.8731	93.6538	313.0240	28.9173	82.5698	1.6203	1.1275	67.5786
89.8007	4679.0000	0.0100	1.1233	0.0000	133.6770	25.8000	230.7570	0.2959	39.1900	69.9439	NOT CONNECTED	0.0000	500.0000	0.0000	4299.2362	-0.0205	-0.0000	0.0530	0.0531	-1.3036	-0.0703	-1.3235	-0.0065	-9.8731	93.6538	313.0240	28.9173	82.5698	1.6203	1.1275	67.5786
90.3807	4381.0000	0.0060	1.1230	0.0000	128.2240	25.5200	230.7610	0.2940	38.9200	70.0143	NOT CONNECTED	0.0000	500.0000	0.0000	4058.2704	0.0139	-0.0000	0.0529	0.0531	-1.7924	0.0504	-1.8073	0.0049	-10.6505	89.2846	312.9929	27.8688	82.6186	1.7182	1.1395	67.5786
90.4060	4381.0000	0.0060	1.1230	0.0000	128.2240	25.5200	230.7610	0.2940	38.9200	70.0143	NOT CONNECTED	0.0000	500.0000	0.0000	4058.2704	0.0139	-0.0000	0.0529	0.0531	-1.7924	0.0504	-1.8073	0.0049	-10.6505	89.2846	312.9929	27.8688	82.6186	1.7182	1.1395	67.5786
91.0127	4106.0000	0.0060	1.1264	0.0000	117.5560	25.3700	230.7680	0.2930	38.7500	70.0737	NOT CONNECTED	0.0000	500.0000	0.0000	3861.8821	-0.0061	-0.0000	0.0531	0.0531	-1.4110	-0.0040	-1.5203	-0.0255	-9.7751	89.8696	313.0755	28.7291	82.6625	1.3471	1.1297	67.6378
91.1445	4106.0000	0.0060	1.1264	0.0000	117.5560	25.3700	230.7680	0.2930	38.7500	70.0737	NOT CONNECTED	0.0000	500.0000	0.0000	3861.8821	-0.0061	-0.0000	0.0531	0.0531	-1.4110	-0.0040	-1.5203	-0.0255	-9.7751	89.8696	313.0755	28.7291	82.6625	1.3471	1.1297	67.6378
91.6109	3829.0000	0.0060	1.1261	0.0000	112.3740	25.3300	230.7690	0.2928	38.7200	70.1359	NOT CONNECTED	0.0000	500.0000	0.0000	3632.0488	0.0088	-0.0000	0.0532	0.0531	-1.7806	0.0272	-1.8466	0.0135	-13.2034	78.0294	313.0984	28.6923	82.7002	1.7416	1.1312	67.6968
91.8732	3829.0000	0.0060	1.1261	0.0000	112.3740	25.3300	230.7690	0.2928	38.7200	70.1359	NOT CONNECTED	0.0000	500.0000	0.0000	3632.0488	0.0088	-0.0000	0.0532	0.0531	-1.7806	0.0272	-1.8466	0.0135	-13.2034	78.0294	313.0984	28.6923	82.7002	1.7416	1.1312	67.6968
92.2040	3829.0000	0.0060	1.1261	0.0000	112.3740	25.3300	230.7690	0.2928	38.7200	70.1359	NOT CONNECTED	0.0000	500.0000	0.0000	3412.7073	-0.0159	-0.0000	0.0530	0.0531	-1.3742	-0.0440	-1.3723	0.0221	-13.1217	72.2336	313.0551	28.3875	82.7342	1.5001	1.1320	67.6968
92.6519	3573.0000	0.0030	1.1257	0.0000	107.3860	25.2000	230.7730	0.2919	38.6600	70.2019	NOT CONNECTED	0.0000	500.0000	0.0000	3223.4340	-0.0009	-0.0000	0.0532	0.0531	-1.4455	0.0036	-1.8531	-0.0040	-11.1901	71.7675	313.0498	28.8034	82.7646	1.6325	1.1314	67.7544
92.7958	3573.0000	0.0030	1.1257	0.0000	107.3860	25.2000	230.7730	0.2919	38.6600	70.2019	NOT CONNECTED	0.0000	500.0000	0.0000	3223.4340	-0.0009	-0.0000	0.0532	0.0531	-1.4455	0.0036	-1.8531	-0.0040	-11.1901	71.7675	313.0498	28.8034	82.7646	1.6325	1.1314	67.7544
93.3742	3308.0000	0.0040	1.1265	0.0000	97.6430	25.1000	230.7750	0.2908	38.5400	70.3114	NOT CONNECTED	0.0000	500.0000	0.0000	2949.2578	-0.1087	-0.0000	0.0531	0.0533	-1.6480	-0.3092	-1.8838	-0.1550	-8.2125	54.0635	314.8609	15.6597	82.7931	1.4802	1.1527	67.7544
93.3958	3308.0000	0.0040	1.1265	0.0000	97.6430	25.1000	230.7750	0.2908	38.5400	70.3114	NOT CONNECTED	0.0000	500.0000	0.0000	2949.2578	-0.1087	-0.0000	0.0531	0.0533	-1.6480	-0.3092	-1.8838	-0.1550	-8.2125	54.0635	314.8609	15.6597	82.7931	1.4802	1.1527	67.7544
94.1422	3000.0000	0.0480	1.1363	0.0000	88.4590	14.8900	230.7870	0.2267	28.9600	70.3809	NOT CONNECTED	0.0000	500.0000	0.0000	2217.9197	-0.1372	-0.0000	0.0530	0.0532	-1.3799	-0.4235	-1.1741	-0.0042	-13.4440	52.9037	316.2585	10.6026	82.8460	1.2937	1.1507	67.8101
94.4964	3000.0000	0.0480	1.1363	0.0000	88.4590	14.8900	230.7870	0.2267	28.9600	70.3809	NOT CONNECTED	0.0000	500.0000	0.0000	2217.9197	-0.1372	-0.0000	0.0530	0.0532	-1.3799	-0.4235	-1.1741	-0.0042	-13.4440	52.9037	316.2585	10.6026	82.8460	1.2937	1.1507	67.8101
94.8752	2541.0000	0.0560	1.1418	0.0000	80.7930	11.0500	230.7900	0.1931	24.2500	70.4973	NOT CONNECTED	0.0000	500.0000	0.0000	1731.5142	-0.1474	-0.1844	0.0539	0.0534	-1.3257	-0.4921	-1.9323	-0.2739	-14.3003	33.7007	317.0068	4.4279	82.8714	1.8655	1.1537	67.8667
95.0788	2541.0000	0.0560	1.1418	0.0000	80.7930	11.0500	230.7900	0.1931	24.2500	70.4973	NOT CONNECTED	0.0000	500.0000	0.0000	1731.5142	-0.1474	-0.1844	0.0539	0.0534	-1.3257	-0.4921	-1.9323	-0.2739	-14.3003	33.7007	317.0068	4.4279	82.8714	1.8655	1.1537	67.8667
95.6469	2001.0000	0.0840	1.1434	0.0000	62.1640	5.7000	230.7910	0.1530	18.6900	70.6620	NOT CONNECTED	0.0000	500.0000	0.0000	1027.3846	-0.0623	-0.1534	0.0534	0.0531	-1.5938	-0.2108	-1.4037	-0.1702	-12.0346	20.4558	316.9944	13.8375	82.8924	1.4879	1.1436	67.9222
95.6733	2001.0000	0.0840	1.1434	0.0000	62.1640	5.7000	230.7910	0.1530	18.6900	70.6620	NOT CONNECTED	0.0000	500.0000	0.0000	1027.3846	-0.0623	-0.1534	0.0534	0.0531	-1.5938	-0.2108	-1.4037	-0.1702	-12.0346	20.4558	316.9944	13.8375	82.8924	1.4879	1.1436	67.9222
96.2662	1198.0000	0.1530	1.1426	0.0000	48.9360	1.8700	230.7920	0.1270	15.0900	70.8030	NOT CONNECTED	0.0000	500.0000	0.0000	686.1456	-0.0668	-0.0091	0.0530	0.0531	-1.5867	-0.2120	-1.5412	-0.0258	-12.1581	14.3623	313.7166	23.7808	82.9054	1.5882	1.1280	67.9222
96.3817	1198.0000	0.1530	1.1426	0.0000	48.9360	1.8700	230.7920	0.1270	15.0900	70.8030	NOT CONNECTED	0.0000	500.0000	0.0000	686.1456	-0.0668	-0.0091	0.0530	0.0531	-1.5867	-0.2120	-1.5412	-0.0258	-12.1581	14.3623	313.7166	23.7808	82.9054	1.5882	1.1280	67.9222
96.8408	683.0000	0.0410	1.1148	0.0000	24.4920	20.9000	230.7770	0.2513	32.8600	70.9454	NOT CONNECTED	0.0000	500.0000	0.0000	400.4273	0.0067	-0.0617	0.0531	0.0531	-1.5011	0.0193	-1.5178	-0.0512	-11.8967	7.7599	313.5962	27.7755	82.9127	1.5254	1.1138	67.9744
97.1468	683.0000	0.0410	1.1148	0.0000	24.4920	20.9000	230.7770	0.2513	32.8600	70.9454	NOT CONNECTED	0.0000	500.0000	0.0000	0.0000	0.0000	0.0000	0.0931	0.0531	-1.5260	0.0526	-1.5267	0.0274	-11.2275	5.3998	321.1417	0.0000	82.9091	1.5269	1.0597	67.9744
97.4363	683.0000	0.0410	1.1148	0.0000	24.4920	20.9000	230.7770	0.2513	32.8600	70.9454	NOT CONNECTED	0.0000	500.0000	0.0000	0.0000	0.0000	0.0000	0.0931	0.0531	-1.5260	0.0526	-1.5267	0.0274	-11.2275	5.3998	321.1417	0.0000	82.9091	1.5269	1.0597	67.9744
97.8755	293.0000	0.0430	1.1021	0.0000	18.8530	22.0600	230.7780	0.2571	33.7800	71.1825	NOT CONNECTED	0.0000	500.0000	0.0000	0.0000	0.0000	0.0000	0.0931	0.0531	-1.5260	0.0526	-1.5267	0.0274	-11.2275	5.3998	321.3338	0.0000	82.7412	1.5269	0.0058	68.0236
98.0298	293.0000	0.0430	1.1021	0.0000	18.8530	22.0600	230.7780	0.2571	33.7800	71.1825	NOT CONNECTED	0.0000	500.0000	0.0000	0.0000	0.0000	0.0000	0.0931	0.0531	-1.5260	0.0526	-1.5267	0.0274	-11.2275	5.3998	321.3338	0.0000	82.7412	1.5269	0.0058	68.0236
98.6233	7.0000	-0.0100	0.0000	0.0000	0.0000	-0.0100	230.7950	0.0000	1.5000	71.2309	NOT CONNECTED	0.0000	500.0000	0.0000	0.0000	0.0000	0.0000	0.0931	0.0531	-1.5260	0.0526	-1.5267	0.0274	-11.2275	5.3998	321.3419	0.0000	82.5755	1.5269	0.0054	67.9977
98.6316	7.0000	-0.0100	0.0000	0.0000	0.0000	-0.0100	230.7950	0.0000	1.5000	71.2309	NOT CONNECTED	0.0000	500.0000	0.0000	0.0000	0.0000	0.0000	0.0931	0.0531	-1.5260	0.0526	-1.5267	0.0274	-11.2275	5.3998	321.3419	0.0000	82.5755	1.5269	0.0054	67.9977
99.2260	0.0000	0.0000	0.0000	0.0000	0.0000	-0.0100	230.7850	0.0000	1.4400	71.3304	NOT CONNECTED	0.0000	500.0000	0.0000	0.0000	0.0000	0.0000	0.0931	0.0531	-1.5260	0.0526	-1.5267	0.0274	0.0000	0.0000	321.3798	0.0000	82.4194	1.5269	0.0056	67.9977
99.3642	0.0000	0.0000	0.0000	0.0000	0.0000	-0.0100	230.7850	0.0000	1.4400	71.3304	NOT CONNECTED	0.0000	500.0000	0.0000	0.0000	0.0000	0.0000	0.0931	0.0531	-1.5260	0.0526	-1.5267	0.0274	0.0000	0.0000	321.3798	0.0000	82.4194	1.5269	0.0056	67.9977
99.8163	0.0000	0.0000	0.0000	0.0000	0.0000	-0.0100	230.7800	0.0000	1.4300	71.3664	NOT CONNECTED	0.0000	500.0000	0.0000	0.0000	0.0000	0.0000	0.0931	0.0531	-1.5260	0.0526	-1.5267	0.0274	0.0000	0.0000	321.3730	0.0000	82.2783	1.5269	0.0050	67.9667
100.0941	0.0000	0.0000	0.0000	0.0000	0.0000	-0.0100	230.7800	0.0000	1.4300	71.3664	NOT CONNECTED	0.0000	500.0000	0.0000	0.0000	0.0000	0.0000	0.0931	0.0531	-1.5260	0.0526	-1.5267	0.0274	0.0000	0.0000	321.3730	0.0000	82.2783	1.5269	0.0050	67.9667
100.4213	0.0000	0.0000	0.0000	0.0000	0.0000	-0.0100	230.7800	0.0000	1.4300	71.3664	NOT CONNECTED	0.0000	500.0000	0.0000	0.0000	0.0000	0.0000	0.0931	0.0531	-1.5260	0.0526	-1.5267	0.0274	0.0000	0.0000	321.3730	0.0000	82.1506	1.5269	0.0053	67.9667
100.8219	0.0000	0.0000	0.0000	0.0000	0.0000	-0.0100	230.7680	0.0000	1.3000	71.3529	NOT CONNECTED	0.0000	500.0000	0.0000	0.0000	0.0000	0.0000	0.0931	0.0531	-1.5260	0.0526	-1.5267	0.0274	0.0000	0.0000	321.3487	0.0000	82.0346	1.5269	0.0056	67.9357
101.0060	NOT CONNECTED	NOT CONNECTED	NOT CONNECTED	NOT CONNECTED	NOT CONNECTED	NOT CONNECTED	NOT CONNECTED	NOT CONNECTED	NOT CONNECTED	NOT CONNECTED	NOT CONNECTED	0.0000	500.0000	0.0000	0.0000	0.0000	0.0000	0.0931	0.0531	-1.5260	0.0526	-1.5267	0.0274	0.0000	0.0000	321.3487	0.0000	82.0346	1.5269	0.0056	67.9357
101.6037	NOT CONNECTED	NOT CONNECTED	NOT CONNECTED	NOT CONNECTED	NOT CONNECTED	NOT CONNECTED	NOT CONNECTED	NOT CONNECTED	NOT CONNECTED	NOT CONNECTED	NOT CONNECTED	0.0000	500.0000	0.0000	0.0000	0.0000	0.0000	0.0931	0.0531	-1.5260	0.0526	-1.5267	0.0274	0.0000	0.0000	321.3000	0.0000	81.9334	1.5269	0.0053	67.9047
102.2084	NOT CONNECTED	NOT CONNECTED	NOT CONNECTED	NOT CONNECTED	NOT CONNECTED	NOT CONNECTED	NOT CONNECTED	NOT CONNECTED	NOT CONNECTED	NOT CONNECTED	NOT CONNECTED	0.0000	500.0000	0.0000	0.0000	0.0000	0.0000	0.0931	0.0531	-1.5260	0.0526	-1.5267	0.0274	0.0000	0.0000	321.3081	0.0000	81.8371	1.5269	0.0054	67.9047
