WindyBPMp40_OrcaH24_Dyno_High_Speed_Torque__170Vac_YC_B3Y03_20250404_104308
Report created on: 2025/04/04: 12:36:09


Step N. = 	0
Target Speed = 	18000

Speed Mainboard (rpm_M)	Speed TestBench (rpm_M)	Speed Error (rpm_M)	Speed Error %	Torque TestBench (Nm_M)	Torque Ref (Nm)	Torque MainBoard (Nm_M)	Torque MainBoard Error (Nm_M)	Torque MainBoard Error %	Flux Ref (V/rad/s)	Flux (V/rad/s)	Id * Iq (A^2)	Id (Apeak)	Iq (Apeak)	Id Rotor (Apeak)	Iq Rotor (Apeak)	IMotor Measured (Arms)	IMotor MainBoard (Arms)	IMotor Error (Arms)	IMotor Error %	Motor Current THD %	Vsdref (Vpeak)	Vsqref (Vpeak)	Vout MainBoard (Vrms)	Vout Measured (Vrms)	Vout Error (Vrms)	Vout Error %	Motor Power MainBoard (W)	Motor Power Measured (W)	Motor Power Error (W)	Motor Power Error %	Line Voltage (Vrms)	Line Current (Arms)	Line Power (W)	Line Power Factor	Bulk Ripple (V)	DC Bus Voltage (Vrms)	Motor Mechanical Power (W)	Motor Efficiency	Inverter Efficiency	Overall Efficiency	Temperature (deg C)	Estimated Temperature (deg C)	Motor cos-phi	Electrical Power Alpha-Beta [W]	Electrical Power Error [W]	Electrical Power Error [%]	Bus Voltage Usage [%]	Rotational Losses [W]	Kt [Nm/Arms]	
15346.9334	15346.9334	0.0000	0.0000	0.1761	0.2227	0.2061	-0.0300	-17.0190	0.0143	0.0137	-6.1443	-2.6292	2.3337	-3.7731	0.3751	2.5740	2.5673	0.0067	0.2620	0.0000	-16.8003	116.9199	145.3261	138.7670	-6.5591	-4.7267	473.5898	491.6011	18.0113	3.6638	169.7118	4.9935	536.1122	0.6326	nan	141.7475	283.0235	57.5711	91.6974	52.7913	40.4976	85.1624	0.7946	522.7300	-31.1289	-6.3321	97.8973	98.7618	0.0684	
14734.5658	14734.5658	0.0000	0.0000	0.1856	0.2602	0.2485	-0.0630	-33.9261	0.0153	0.0160	-3.3692	-1.4910	2.9139	-3.5294	0.3662	2.5676	2.5535	0.0141	0.5490	0.0000	-15.4542	124.6119	154.0367	138.8454	-15.1912	-10.9411	591.0236	477.7978	-113.2258	-23.6974	169.7386	4.9350	521.4778	0.6224	nan	141.8063	286.2845	60.0152	91.6150	54.9753	42.3078	89.3155	0.7739	503.8139	-26.0161	-5.4450	97.9125	81.4950	0.0723	
14220.5315	14220.5315	0.0000	0.0000	0.2047	0.2558	0.2302	-0.0254	-12.4097	0.0150	0.0159	-6.3979	-2.5320	2.5225	-3.4666	0.4160	2.5171	2.5111	0.0059	0.2350	0.0000	-15.8131	115.3330	142.6973	138.2279	-4.4694	-3.2334	495.2219	493.2850	-1.9369	-0.3927	169.7885	4.9302	535.9800	0.6403	nan	140.6278	304.9053	61.8113	92.0342	56.8875	43.9698	92.3260	0.8186	523.4177	-30.1327	-6.1086	98.2935	81.9889	0.0813	
14202.7576	14202.7576	0.0000	0.0000	0.2065	0.2684	0.2398	-0.0333	-16.1445	0.0151	0.0161	-6.5603	-2.5477	2.5953	-3.5152	0.4154	2.5118	2.4980	0.0138	0.5495	0.0000	-15.2283	120.5796	148.8619	138.3666	-10.4953	-7.5851	527.1307	493.4137	-33.7170	-6.8334	169.9161	4.9317	535.7875	0.6394	nan	140.7999	307.1295	62.2458	92.0913	57.3229	45.4552	94.6324	0.8197	523.3348	-29.9210	-6.0641	98.2718	79.7502	0.0822	
14248.4783	14248.4783	0.0000	0.0000	0.2042	0.2436	0.2595	-0.0553	-27.0883	0.0149	0.0146	-5.9618	-2.0605	2.9322	-3.5402	0.4126	2.5101	2.5050	0.0051	0.2025	0.0000	-18.6456	116.0357	144.0222	138.5661	-5.4561	-3.9375	571.7031	494.2856	-77.4176	-15.6625	170.0369	4.9485	536.3711	0.6374	nan	140.9574	304.7196	61.6485	92.1536	56.8113	46.8306	96.4967	0.8205	523.6268	-29.3412	-5.9361	98.3036	82.6300	0.0814	
14259.2677	14259.2677	0.0000	0.0000	0.2043	0.2453	0.2762	-0.0718	-35.1579	0.0170	0.0152	-6.0967	-2.2280	2.7445	-3.6262	0.3680	2.5068	2.4940	0.0128	0.5121	0.0000	-19.6578	115.3610	143.4254	138.6670	-4.7584	-3.4315	540.0516	494.5622	-45.4894	-9.1979	170.0908	4.9553	536.4056	0.6364	nan	141.1442	305.1164	61.6942	92.1993	56.8816	48.1590	98.1901	0.8214	527.7850	-33.2228	-6.7176	98.2449	82.2633	0.0815	
14273.2047	14273.2047	0.0000	0.0000	0.2049	0.2468	0.2599	-0.0550	-26.8437	0.0160	0.0148	-4.7821	-1.8236	2.7948	-3.7124	0.4601	2.5033	2.4913	0.0121	0.4815	0.0000	-23.6606	120.8644	150.8631	138.7131	-12.1500	-8.7591	571.1450	495.1089	-76.0361	-15.3575	170.0890	4.9631	536.7144	0.6358	nan	141.2567	306.2446	61.8538	92.2481	57.0589	49.3998	99.6514	0.8232	526.2908	-31.1819	-6.2980	98.1994	81.4938	0.0818	
14250.6793	14250.6793	0.0000	0.0000	0.2040	0.2779	0.2363	-0.0323	-15.8427	0.0150	0.0169	-6.1499	-2.3450	2.6295	-3.5471	0.4101	2.4984	2.4922	0.0062	0.2494	0.0000	-16.4996	122.3179	151.4186	138.7080	-12.7106	-9.1636	541.8540	494.3211	-47.5329	-9.6158	170.0204	4.9563	535.6289	0.6356	nan	141.1268	304.4347	61.5865	92.2880	56.8370	50.5797	100.9487	0.8235	526.4814	-32.1603	-6.5059	98.2860	82.4732	0.0817	
14205.6593	14205.6593	0.0000	0.0000	0.2057	0.2217	0.2462	-0.0406	-19.7256	0.0156	0.0134	-5.8996	-2.2034	2.6769	-3.6537	0.4062	2.4905	2.4776	0.0129	0.5178	0.0000	-22.3389	118.5221	148.0148	138.6053	-9.4094	-6.7887	548.0761	493.4900	-54.5861	-11.0612	169.9063	4.9442	534.5100	0.6363	nan	140.9609	305.9517	61.9978	92.3257	57.2399	51.6679	102.0391	0.8254	522.9583	-29.4683	-5.9714	98.3289	80.3789	0.0826	
14137.6384	14137.6384	0.0000	0.0000	0.2082	0.2297	0.2559	-0.0477	-22.8938	0.0155	0.0137	-5.9195	-2.1787	2.7302	-3.6078	0.4325	2.4835	2.4729	0.0106	0.4283	0.0000	-16.4215	122.3341	151.3416	138.5092	-12.8324	-9.2646	553.4579	492.8670	-60.5909	-12.2936	169.7897	4.9302	533.5950	0.6374	nan	140.7882	308.2378	62.5397	92.3672	57.7662	52.7647	103.0656	0.8272	523.8305	-30.9635	-6.2823	98.3813	77.6442	0.0838	
14076.7495	14076.7495	0.0000	0.0000	0.2089	0.2712	0.2374	-0.0285	-13.6565	0.0148	0.0162	-6.1666	-2.4077	2.5979	-3.4583	0.4353	2.4757	2.4660	0.0098	0.3951	0.0000	-19.1312	121.0607	150.1883	138.4978	-11.6905	-8.4409	541.0566	491.7500	-49.3066	-10.0268	169.7270	4.9157	532.1311	0.6378	nan	140.7116	307.9255	62.6185	92.4114	57.8666	53.8317	104.0361	0.8280	519.1086	-27.3586	-5.5635	98.4267	77.0983	0.0844	
14002.9527	14002.9527	0.0000	0.0000	0.2110	0.2630	0.2804	-0.0694	-32.8717	0.0157	0.0159	-6.0461	-2.0765	2.9797	-3.5053	0.3850	2.4696	2.4637	0.0059	0.2379	0.0000	-16.6176	118.8031	147.7073	138.4844	-9.2229	-6.6599	586.3566	491.8744	-94.4822	-19.2086	169.7407	4.9154	532.1467	0.6378	nan	140.6993	309.4065	62.9035	92.4321	58.1430	54.8183	104.8928	0.8304	522.8968	-31.0223	-6.3070	98.4259	75.8925	0.0854	
13979.3611	13979.3611	0.0000	0.0000	0.2118	0.2515	0.2891	-0.0774	-36.5294	0.0173	0.0152	-5.4725	-1.9754	2.8237	-3.5052	0.3906	2.4643	2.4570	0.0072	0.2938	0.0000	-17.7098	120.5451	149.4292	138.5340	-10.8952	-7.8646	566.4436	491.7800	-74.6636	-15.1823	169.7626	4.9148	531.9544	0.6376	nan	140.7562	310.0250	63.0414	92.4478	58.2804	55.8030	105.6938	0.8317	521.7816	-30.0016	-6.1006	98.4213	75.2627	0.0859	
13959.0138	13959.0138	0.0000	0.0000	0.2132	0.2525	0.2751	-0.0619	-29.0095	0.0168	0.0151	-5.7840	-2.1682	2.6942	-3.4364	0.3783	2.4590	2.4494	0.0095	0.3881	0.0000	-19.9436	119.9500	149.1695	138.6184	-10.5510	-7.6115	550.7275	491.8656	-58.8620	-11.9671	169.8324	4.9149	531.9233	0.6373	nan	140.8434	311.6851	63.3680	92.4693	58.5959	56.7410	106.5035	0.8331	522.1786	-30.3130	-6.1629	98.4203	73.7895	0.0867	
13943.2511	13943.2511	0.0000	0.0000	0.2136	0.2929	0.2589	-0.0453	-21.2240	0.0153	0.0175	-5.5759	-1.9955	2.8281	-3.4059	0.3895	2.4537	2.4429	0.0109	0.4424	0.0000	-18.7811	114.9585	142.9927	138.7934	-4.1992	-3.0255	544.2718	492.3122	-51.9596	-10.5542	169.9918	4.9171	532.2200	0.6367	nan	141.0350	311.8181	63.3373	92.5016	58.5880	57.6865	107.2500	0.8346	521.8209	-29.5087	-5.9939	98.4107	74.1975	0.0870	
13918.6555	13918.6555	0.0000	0.0000	0.2144	0.2299	0.2583	-0.0439	-20.4586	0.0152	0.0141	-5.7037	-1.9658	2.9241	-3.4685	0.4079	2.4482	2.4454	0.0028	0.1162	0.0000	-20.2340	115.6762	144.1451	138.9393	-5.2058	-3.7468	569.8529	492.5257	-77.3272	-15.7001	170.1007	4.9151	532.2543	0.6366	nan	141.1704	312.5418	63.4571	92.5358	58.7205	58.5419	107.9404	0.8360	522.1448	-29.6191	-6.0137	98.4195	73.8435	0.0876	
13909.2573	13909.2573	0.0000	0.0000	0.2162	0.2551	0.2497	-0.0335	-15.4740	0.0155	0.0155	-5.5594	-2.0620	2.7090	-3.4632	0.4156	2.4443	2.4382	0.0061	0.2502	0.0000	-21.3920	117.9480	147.0532	138.9542	-8.0990	-5.8285	544.2485	492.7780	-51.4705	-10.4450	170.0868	4.9202	532.3940	0.6362	nan	141.1718	314.9115	63.9053	92.5589	59.1501	59.4212	108.6124	0.8376	523.7274	-30.9494	-6.2806	98.4291	71.7303	0.0884	
13902.7160	13902.7160	0.0000	0.0000	0.2154	0.2584	0.2438	-0.0284	-13.1764	0.0150	0.0153	-5.6073	-1.9778	2.8599	-3.4066	0.4349	2.4391	2.4300	0.0091	0.3718	0.0000	-15.0046	126.2144	155.9031	138.9369	-16.9662	-12.2115	583.8638	491.9711	-91.8927	-18.6785	170.0334	4.9151	531.4011	0.6359	nan	141.1334	313.6633	63.7564	92.5800	59.0257	60.2964	109.3118	0.8382	512.5966	-20.6255	-4.1924	98.4437	72.3028	0.0883	
13870.4669	13870.4669	0.0000	0.0000	0.2182	0.2562	0.2543	-0.0360	-16.4993	0.0158	0.0153	-5.9815	-2.3542	2.5608	-3.4841	0.3861	2.4344	2.4288	0.0056	0.2291	0.0000	-15.3975	118.4359	146.3360	138.9580	-7.3780	-5.3095	507.4579	492.1775	-15.2804	-3.1047	170.0365	4.9162	531.5275	0.6358	nan	141.1511	317.0108	64.4098	92.5968	59.6415	61.1008	109.9648	0.8400	523.7820	-31.6045	-6.4214	98.4463	69.2694	0.0897	
13873.3131	13873.3131	0.0000	0.0000	0.2196	0.2473	0.2611	-0.0415	-18.9217	0.0155	0.0148	-5.6988	-2.1007	2.7457	-3.5153	0.4018	2.4298	2.4197	0.0101	0.4151	0.0000	-17.2974	119.3775	147.8676	139.0427	-8.8249	-6.3469	545.7082	492.1733	-53.5349	-10.8772	170.0980	4.9161	531.4044	0.6355	nan	141.2598	318.9730	64.8091	92.6175	60.0245	61.9149	110.5799	0.8411	524.9353	-32.7619	-6.6566	98.4305	67.4013	0.0904	
13861.5987	13861.5987	0.0000	0.0000	0.2194	0.2586	0.2768	-0.0574	-26.1467	0.0163	0.0161	-5.7794	-2.0400	2.8759	-3.4785	0.4370	2.4254	2.4200	0.0054	0.2229	0.0000	-18.9137	121.6070	151.0620	139.0441	-12.0179	-8.6432	585.3727	492.0267	-93.3460	-18.9717	170.0732	4.9165	531.1456	0.6352	nan	141.2500	318.5419	64.7408	92.6350	59.9726	62.7381	111.2223	0.8423	517.9124	-25.8858	-5.2610	98.4383	67.7570	0.0905	
13833.6327	13833.6327	0.0000	0.0000	0.2203	0.2881	0.2744	-0.0542	-24.5863	0.0163	0.0169	-5.5112	-1.9841	2.8239	-3.3669	0.4201	2.4213	2.4109	0.0104	0.4278	0.0000	-19.7042	115.7431	143.9504	138.9714	-4.9790	-3.5827	552.0690	491.7663	-60.3027	-12.2625	169.9621	4.9209	530.7962	0.6346	nan	141.2112	319.0669	64.8820	92.6469	60.1112	63.5295	111.8330	0.8438	520.5800	-28.8137	-5.8592	98.4139	67.0428	0.0910	
13798.0107	13798.0107	0.0000	0.0000	0.2214	0.2779	0.2734	-0.0520	-23.4813	0.0167	0.0164	-5.4131	-1.9852	2.7510	-3.3762	0.3999	2.4169	2.4077	0.0092	0.3812	0.0000	-20.4011	115.1366	143.5067	138.8181	-4.6885	-3.3775	537.8147	491.3289	-46.4859	-9.4613	169.8217	4.9213	530.2533	0.6345	nan	141.0578	319.9707	65.1235	92.6593	60.3430	64.3159	112.4487	0.8455	522.3315	-31.0026	-6.3100	98.4122	65.7913	0.0916	
13741.9172	13741.9172	0.0000	0.0000	0.2220	0.2627	0.2339	-0.0119	-5.3805	0.0148	0.0162	-5.7446	-2.2393	2.5670	-3.4802	0.4754	2.4125	2.4004	0.0121	0.4997	0.0000	-9.6550	122.3132	150.8472	138.7387	-12.1085	-8.7275	503.7493	491.1800	-12.5693	-2.5590	169.7403	4.9282	530.1075	0.6337	nan	141.0508	319.4697	65.0412	92.6567	60.2650	65.0520	113.0457	0.8473	520.3504	-29.1704	-5.9388	98.3608	66.2608	0.0920	
13690.6052	13690.6052	0.0000	0.0000	0.2238	0.2401	0.2895	-0.0657	-29.3548	0.0169	0.0151	-5.6896	-1.9909	2.9002	-3.4323	0.5015	2.4072	2.4024	0.0048	0.2008	0.0000	-16.1028	123.9122	153.2139	138.8376	-14.3763	-10.3548	586.1616	491.7289	-94.4327	-19.2042	169.8410	4.9328	530.5322	0.6332	nan	141.1654	320.8250	65.2443	92.6860	60.4723	65.8049	113.6413	0.8495	520.0999	-28.3710	-5.7697	98.3510	65.6413	0.0930	
13699.9171	13699.9171	0.0000	0.0000	0.2250	0.2443	0.2684	-0.0434	-19.3085	0.0168	0.0149	-5.4736	-2.0915	2.6105	-3.4413	0.4493	2.4026	2.3950	0.0076	0.3163	0.0000	-12.2916	120.4539	149.0387	139.0700	-9.9687	-7.1681	507.7011	492.1833	-15.5178	-3.1529	170.0491	4.9322	530.9511	0.6330	nan	141.4340	322.7969	65.5847	92.6984	60.7960	66.5742	114.2146	0.8505	524.2768	-32.0935	-6.5206	98.3285	64.2501	0.0936	
13685.8188	13685.8188	0.0000	0.0000	0.2271	0.2692	0.2744	-0.0473	-20.8398	0.0169	0.0161	-5.0425	-1.9288	2.6541	-3.4168	0.4534	2.3985	2.3950	0.0034	0.1434	0.0000	-8.4606	123.4724	151.7531	139.1318	-12.6213	-9.0715	514.4598	492.4578	-22.0020	-4.4678	170.1036	4.9343	531.1578	0.6328	nan	141.4809	325.4901	66.0950	92.7140	61.2794	67.3074	114.7837	0.8520	521.8129	-29.3552	-5.9610	98.3396	61.9239	0.0947	
13684.3380	13684.3380	0.0000	0.0000	0.2270	0.2689	0.2789	-0.0519	-22.8742	0.0164	0.0157	-5.3714	-1.9557	2.7711	-3.2729	0.3976	2.3944	2.3854	0.0090	0.3769	0.0000	-16.0160	116.2517	144.0642	139.0243	-5.0399	-3.6252	529.8368	491.6156	-38.2213	-7.7746	169.9390	4.9302	530.2033	0.6328	nan	141.3418	325.2954	66.1687	92.7221	61.3530	68.0240	115.3432	0.8527	521.8282	-30.2126	-6.1456	98.3604	61.3772	0.0948	
13619.9417	13619.9417	0.0000	0.0000	0.2267	0.2318	0.2664	-0.0396	-17.4865	0.0161	0.0147	-5.4031	-2.0109	2.7369	-3.4887	0.4429	2.3913	2.3881	0.0032	0.1336	0.0000	-16.7295	117.3572	145.4613	138.8403	-6.6210	-4.7688	529.5807	491.5900	-37.9907	-7.7281	169.7770	4.9409	530.2129	0.6321	nan	141.2718	323.3574	65.7779	92.7156	60.9863	68.7230	115.8826	0.8549	520.5828	-28.9928	-5.8978	98.2788	63.3113	0.0948	
13547.2616	13547.2616	0.0000	0.0000	0.2287	0.2387	0.2733	-0.0446	-19.5259	0.0166	0.0147	-5.2223	-1.9473	2.6884	-3.3516	0.4037	2.3880	2.3838	0.0041	0.1729	0.0000	-16.0633	114.3505	141.8174	138.7779	-3.0395	-2.1902	504.3904	491.4856	-12.9048	-2.6257	169.7440	4.9512	530.0789	0.6307	nan	141.3839	324.4013	66.0043	92.7193	61.1988	69.4063	116.4504	0.8562	526.4284	-34.9429	-7.1096	98.1568	62.2066	0.0958	
13534.4123	13534.4123	0.0000	0.0000	0.2299	0.2854	0.2825	-0.0526	-22.8886	0.0168	0.0171	-5.2858	-1.8436	2.8742	-3.2390	0.4314	2.3852	2.3795	0.0057	0.2400	0.0000	-19.0964	116.0965	144.3723	138.9789	-5.3934	-3.8807	553.9087	492.4433	-61.4654	-12.4817	169.8764	4.9559	530.9756	0.6307	nan	141.5019	325.8253	66.1650	92.7431	61.3635	70.1225	117.0056	0.8577	517.9121	-25.4688	-5.1719	98.2170	61.7240	0.0964	

Torque compensated Offset = 	0
Mean Torque Mainboard Error perc = 	-21.830492973277813


Step N. = 	1
Target Speed = 	16050

Speed Mainboard (rpm_M)	Speed TestBench (rpm_M)	Speed Error (rpm_M)	Speed Error %	Torque TestBench (Nm_M)	Torque Ref (Nm)	Torque MainBoard (Nm_M)	Torque MainBoard Error (Nm_M)	Torque MainBoard Error %	Flux Ref (V/rad/s)	Flux (V/rad/s)	Id * Iq (A^2)	Id (Apeak)	Iq (Apeak)	Id Rotor (Apeak)	Iq Rotor (Apeak)	IMotor Measured (Arms)	IMotor MainBoard (Arms)	IMotor Error (Arms)	IMotor Error %	Motor Current THD %	Vsdref (Vpeak)	Vsqref (Vpeak)	Vout MainBoard (Vrms)	Vout Measured (Vrms)	Vout Error (Vrms)	Vout Error %	Motor Power MainBoard (W)	Motor Power Measured (W)	Motor Power Error (W)	Motor Power Error %	Line Voltage (Vrms)	Line Current (Arms)	Line Power (W)	Line Power Factor	Bulk Ripple (V)	DC Bus Voltage (Vrms)	Motor Mechanical Power (W)	Motor Efficiency	Inverter Efficiency	Overall Efficiency	Temperature (deg C)	Estimated Temperature (deg C)	Motor cos-phi	Electrical Power Alpha-Beta [W]	Electrical Power Error [W]	Electrical Power Error [%]	Bus Voltage Usage [%]	Rotational Losses [W]	Kt [Nm/Arms]	
15302.8242	15302.8242	0.0000	0.0000	0.1801	0.2551	0.2428	-0.0627	-34.7925	0.0149	0.0155	-4.0812	-1.7053	2.7627	-3.2927	0.4004	2.4201	2.4073	0.0128	0.5309	0.0000	-18.6609	125.5189	155.6290	139.5590	-16.0700	-11.5149	573.4118	481.8978	-91.5140	-18.9903	169.8107	4.8686	524.4456	0.6344	nan	142.1319	288.6258	59.8939	91.8871	55.0349	46.7708	74.4754	0.8238	513.2169	-31.3191	-6.4991	98.1898	93.8862	0.0744	
15482.9724	15482.9724	0.0000	0.0000	0.1888	0.2360	0.2264	-0.0377	-19.9594	0.0152	0.0149	-5.2259	-2.1562	2.5271	-3.4472	0.4037	2.4185	2.4141	0.0043	0.1795	0.0000	-13.8127	124.7367	154.0537	139.6262	-14.4274	-10.3329	520.5382	482.0075	-38.5307	-7.9938	169.8200	4.8846	523.6125	0.6312	nan	142.1993	306.0280	63.4901	92.0542	58.4453	48.9658	79.7266	0.8241	513.8477	-31.8402	-6.6057	98.1906	75.9232	0.0780	
15006.8656	15006.8656	0.0000	0.0000	0.1926	0.2349	0.1249	0.0676	35.1175	0.0149	0.0150	-3.4897	-2.3191	1.6072	-3.2543	0.3777	2.4152	2.4073	0.0080	0.3295	0.0000	-16.8325	122.5095	151.6510	140.1450	-11.5060	-8.2101	337.5793	473.3511	135.7718	28.6831	169.9906	4.8559	514.0533	0.6227	nan	142.4657	302.6854	63.9238	92.0819	58.8632	50.9159	83.7899	0.8074	494.7652	-21.4141	-4.5239	98.3711	70.1630	0.0797	
14479.7910	14479.7910	0.0000	0.0000	0.2066	0.2777	0.2643	-0.0578	-27.9638	0.0158	0.0168	-4.7010	-1.7391	2.8492	-3.2348	0.3883	2.3835	2.3811	0.0024	0.1016	0.0000	-20.2616	113.5636	141.9361	139.3943	-2.5418	-1.8234	538.6374	481.5011	-57.1363	-11.8663	170.1662	4.8494	521.7867	0.6323	nan	142.2177	313.1981	65.0494	92.2793	60.0271	52.6378	86.8680	0.8367	513.0905	-31.5894	-6.5606	98.0150	69.8074	0.0867	
14359.5236	14359.5236	0.0000	0.0000	0.2089	0.2656	0.2363	-0.0274	-13.1331	0.0154	0.0152	-4.7751	-1.9303	2.5773	-3.5739	0.4054	2.3757	2.3723	0.0034	0.1444	0.0000	-11.9885	117.4292	144.6487	139.3731	-5.2756	-3.7852	493.3815	483.6886	-9.6929	-2.0040	170.1686	4.8480	523.6271	0.6347	nan	141.9544	314.0654	64.9322	92.3727	59.9795	54.0917	89.0811	0.8434	502.8198	-19.1313	-3.9553	98.1819	71.2548	0.0879	
14329.0072	14329.0072	0.0000	0.0000	0.2069	0.2507	0.2444	-0.0375	-18.1092	0.0155	0.0156	-4.8736	-1.8563	2.6516	-3.3419	0.4607	2.3751	2.3682	0.0069	0.2907	0.0000	-10.0792	119.3299	146.9221	139.1870	-7.7351	-5.5574	502.0896	483.3110	-18.7786	-3.8854	169.9638	4.8533	523.0880	0.6341	nan	141.8533	310.4597	64.2349	92.3956	59.3503	55.5644	90.9884	0.8441	514.8361	-31.5251	-6.5227	98.1204	74.0104	0.0871	
14279.3041	14279.3041	0.0000	0.0000	0.2097	0.2773	0.2381	-0.0284	-13.5221	0.0147	0.0172	-5.2974	-1.9817	2.7173	-3.1427	0.4243	2.3665	2.3572	0.0092	0.3905	0.0000	-8.5634	122.0757	149.9475	139.0611	-10.8864	-7.8285	521.9118	484.6937	-37.2181	-7.6787	169.8022	4.8494	524.1050	0.6365	nan	141.3365	313.6449	64.7100	92.4803	59.8440	56.8907	92.5612	0.8504	510.2397	-25.5459	-5.2705	98.3902	72.4593	0.0886	
14224.5699	14224.5699	0.0000	0.0000	0.2139	0.2967	0.2608	-0.0469	-21.9330	0.0151	0.0180	-5.0095	-1.7845	2.8508	-3.1654	0.4324	2.3630	2.3555	0.0075	0.3163	0.0000	-13.2150	119.4939	147.7712	139.2617	-8.5095	-6.1105	545.4089	485.6744	-59.7345	-12.2993	169.9912	4.8511	524.9411	0.6366	nan	141.2528	318.6075	65.6010	92.5198	60.6939	58.1243	93.9057	0.8521	516.3827	-30.7082	-6.3228	98.5904	68.3307	0.0905	
14172.0797	14172.0797	0.0000	0.0000	0.2139	0.2776	0.2545	-0.0406	-19.0051	0.0159	0.0164	-5.4986	-2.1187	2.6261	-3.3132	0.4744	2.3575	2.3524	0.0050	0.2137	0.0000	-13.1777	122.0231	151.3269	139.4719	-11.8550	-8.4999	518.5145	485.6778	-32.8367	-6.7610	170.1939	4.8430	524.7189	0.6366	nan	141.5071	317.4320	65.3586	92.5596	60.4956	59.3025	95.0507	0.8528	513.8790	-28.2013	-5.8066	98.5618	69.5606	0.0907	
14132.2237	14132.2237	0.0000	0.0000	0.2153	0.2451	0.2459	-0.0305	-14.1811	0.0156	0.0148	-5.2222	-2.0246	2.5815	-3.3200	0.4652	2.3551	2.3465	0.0086	0.3646	0.0000	-10.3985	120.0421	148.7582	139.3463	-9.4119	-6.7543	493.2886	485.5033	-7.7853	-1.6036	170.0676	4.8451	524.3544	0.6364	nan	141.4322	318.6765	65.6383	92.5907	60.7750	60.4071	96.0648	0.8541	512.8464	-27.3430	-5.6319	98.5252	67.9548	0.0914	
14039.7329	14039.7329	0.0000	0.0000	0.2180	0.2187	0.2299	-0.0119	-5.4782	0.0151	0.0138	-5.5624	-2.2099	2.5197	-3.4037	0.4868	2.3491	2.3384	0.0107	0.4568	0.0000	-14.4194	125.8493	155.5790	139.1397	-16.4393	-11.8150	521.8195	484.0925	-37.7270	-7.7934	169.8785	4.8331	522.7050	0.6366	nan	141.2138	320.5113	66.2087	92.6129	61.3178	61.4243	96.9947	0.8551	513.4182	-29.3257	-6.0579	98.5313	64.8613	0.0928	
13942.7923	13942.7923	0.0000	0.0000	0.2209	0.2520	0.2618	-0.0409	-18.5316	0.0158	0.0151	-5.1045	-1.9009	2.7743	-3.2852	0.4763	2.3462	2.3370	0.0092	0.3937	0.0000	-18.8702	123.2457	152.7559	139.0276	-13.7283	-9.8745	565.7435	484.2513	-81.4922	-16.8285	169.8047	4.8419	522.8637	0.6360	nan	141.0710	322.4967	66.5971	92.6152	61.6790	62.3576	97.7537	0.8571	508.9603	-24.7090	-5.1025	98.5516	62.9534	0.0941	
13852.3835	13852.3835	0.0000	0.0000	0.2238	0.2686	0.2761	-0.0523	-23.3763	0.0161	0.0163	-4.7891	-1.6572	2.8959	-3.2811	0.4326	2.3425	2.3307	0.0118	0.5038	0.0000	-12.1136	119.4368	147.5040	139.2482	-8.2558	-5.9288	547.8857	485.8078	-62.0779	-12.7783	170.0394	4.8546	524.3700	0.6352	nan	141.1861	324.6163	66.8199	92.6460	61.9060	63.2973	98.5491	0.8599	516.5607	-30.7529	-6.3303	98.6275	62.3739	0.0955	
13816.9367	13816.9367	0.0000	0.0000	0.2253	0.2935	0.2693	-0.0440	-19.5156	0.0160	0.0175	-5.0278	-1.8486	2.7742	-3.2528	0.4386	2.3398	2.3340	0.0058	0.2470	0.0000	-21.5135	115.9410	144.5125	139.3837	-5.1288	-3.6797	545.4577	486.3322	-59.1255	-12.1574	170.1722	4.8574	524.7789	0.6349	nan	141.4990	326.0378	67.0400	92.6737	62.1285	64.1846	99.2719	0.8610	515.8843	-29.5520	-6.0765	98.5051	61.4070	0.0963	
13744.4244	13744.4244	0.0000	0.0000	0.2260	0.2255	0.2702	-0.0442	-19.5471	0.0169	0.0141	-5.0155	-1.9087	2.6358	-3.4192	0.4338	2.3380	2.3275	0.0106	0.4520	0.0000	-16.7282	121.0192	149.7506	139.0474	-10.7032	-7.6975	527.5072	485.8211	-41.6861	-8.5805	169.8532	4.8685	524.2078	0.6339	nan	141.2819	325.2844	66.9556	92.6772	62.0526	65.0260	99.9670	0.8628	516.0778	-30.2567	-6.2279	98.4185	61.5065	0.0967	
13642.1974	13642.1974	0.0000	0.0000	0.2298	0.2433	0.2636	-0.0338	-14.7328	0.0168	0.0152	-5.0847	-1.9654	2.6033	-3.3460	0.4391	2.3351	2.3313	0.0039	0.1662	0.0000	-14.3367	117.9589	145.8317	139.0383	-6.7935	-4.8860	502.5958	486.9125	-15.6833	-3.2210	169.8942	4.8846	525.4025	0.6331	nan	141.2259	328.2224	67.4089	92.6742	62.4707	65.8579	100.6571	0.8659	513.0275	-26.1150	-5.3634	98.4510	59.6186	0.0984	
13578.2399	13578.2399	0.0000	0.0000	0.2313	0.2575	0.2464	-0.0151	-6.5093	0.0153	0.0153	-4.9748	-1.8475	2.7094	-3.2521	0.4646	2.3325	2.3230	0.0095	0.4080	0.0000	-14.9186	120.5154	148.9414	139.1973	-9.7441	-7.0002	531.3460	487.4711	-43.8749	-9.0005	170.0553	4.8941	525.8600	0.6318	nan	141.5446	328.9344	67.4776	92.6998	62.5516	66.6326	101.2857	0.8668	511.8401	-24.3689	-4.9991	98.3417	59.4263	0.0992	
13527.1593	13527.1593	0.0000	0.0000	0.2330	0.2776	0.2613	-0.0283	-12.1647	0.0159	0.0163	-5.1531	-1.9196	2.6878	-3.2035	0.4662	2.3296	2.3180	0.0116	0.4994	0.0000	-8.2209	118.3475	145.5947	139.2467	-6.3479	-4.5588	500.3899	488.0271	-12.3627	-2.5332	170.1230	4.9001	526.4700	0.6315	nan	141.6878	330.0584	67.6311	92.6980	62.6927	67.4152	101.9118	0.8686	515.9407	-27.9135	-5.7197	98.2771	58.8314	0.1000	
13490.9400	13490.9400	0.0000	0.0000	0.2333	0.2554	0.2459	-0.0125	-5.3705	0.0153	0.0159	-4.8717	-1.7697	2.7636	-3.3337	0.4906	2.3286	2.3212	0.0074	0.3186	0.0000	-12.9796	123.4048	152.2729	139.2316	-13.0414	-9.3667	548.8824	487.9911	-60.8913	-12.4779	170.1498	4.9097	526.3989	0.6301	nan	141.8004	329.6454	67.5515	92.7037	62.6227	68.1200	102.5035	0.8690	509.0329	-21.0418	-4.3119	98.1885	59.0581	0.1002	
13338.2245	13338.2245	0.0000	0.0000	0.2382	0.2808	0.2610	-0.0228	-9.5515	0.0161	0.0166	-4.6572	-1.7856	2.6584	-3.3281	0.4739	2.3263	2.3147	0.0116	0.4991	0.0000	-14.9315	120.6711	149.0607	139.1516	-9.9092	-7.1211	522.4657	488.4767	-33.9891	-6.9582	170.1580	4.9314	526.9789	0.6280	nan	142.0387	332.7446	68.1192	92.6938	63.1423	68.9089	103.1070	0.8712	512.1539	-23.6773	-4.8472	97.9675	56.3740	0.1024	
13271.3144	13271.3144	0.0000	0.0000	0.2382	0.2383	0.2877	-0.0495	-20.7643	0.0171	0.0150	-4.6468	-1.6880	2.8051	-3.3472	0.4378	2.3284	2.3227	0.0057	0.2457	0.0000	-18.5394	114.8659	142.7341	139.1256	-3.6085	-2.5937	534.1800	489.5610	-44.6190	-9.1141	170.1513	4.9575	528.1900	0.6262	nan	142.1291	331.0422	67.6203	92.6865	62.6749	69.6671	103.7301	0.8725	520.1745	-30.6135	-6.2533	97.8868	58.7167	0.1023	
13206.5668	13206.5668	0.0000	0.0000	0.2419	0.2776	0.2716	-0.0297	-12.2813	0.0168	0.0166	-4.9366	-1.8589	2.6685	-3.2365	0.4940	2.3280	2.3248	0.0032	0.1386	0.0000	-5.6941	117.6716	144.6422	139.0759	-5.5663	-4.0023	484.4952	490.2400	5.7448	1.1718	170.0954	4.9722	528.9122	0.6254	nan	142.2562	334.5289	68.2378	92.6883	63.2485	70.4062	104.3716	0.8742	511.8872	-21.6472	-4.4156	97.7644	55.6943	0.1039	
13123.2190	13123.2190	0.0000	0.0000	0.2440	0.2698	0.2664	-0.0224	-9.1998	0.0162	0.0159	-4.7241	-1.7412	2.7499	-3.3017	0.5531	2.3264	2.3188	0.0076	0.3269	0.0000	-14.6283	120.3716	148.6418	138.9200	-9.7218	-6.9981	532.7724	489.6222	-43.1501	-8.8129	170.0048	4.9732	528.1822	0.6247	nan	142.2594	335.3192	68.4856	92.6995	63.4858	71.0726	104.9940	0.8747	515.3348	-25.7126	-5.2515	97.6526	54.1975	0.1049	
13054.0278	13054.0278	0.0000	0.0000	0.2459	0.2905	0.2612	-0.0153	-6.2118	0.0162	0.0176	-5.0166	-1.9066	2.6401	-3.2531	0.5107	2.3196	2.3173	0.0023	0.0992	0.0000	-13.9587	116.6323	143.9967	138.8002	-5.1965	-3.7439	502.0962	489.7233	-12.3729	-2.5265	169.9042	4.9835	528.2444	0.6239	nan	142.1070	336.1353	68.6378	92.7077	63.6325	71.7938	105.5864	0.8782	516.7866	-27.0632	-5.5262	97.6730	53.8188	0.1060	
13016.6826	13016.6826	0.0000	0.0000	0.2470	0.2964	0.2645	-0.0175	-7.0960	0.0165	0.0176	-4.7058	-1.7590	2.7006	-3.2391	0.5266	2.3144	2.3132	0.0012	0.0517	0.0000	-8.6200	118.4934	146.3236	138.7120	-7.6116	-5.4873	503.2018	488.8378	-14.3640	-2.9384	169.8162	4.9796	527.2711	0.6235	nan	142.0305	336.6867	68.8751	92.7109	63.8547	72.4880	106.1217	0.8791	513.0815	-24.2437	-4.9595	97.6635	52.6027	0.1067	
12937.1384	12937.1384	0.0000	0.0000	0.2486	0.2958	0.2802	-0.0316	-12.7103	0.0169	0.0176	-4.7262	-1.6983	2.8224	-3.1531	0.5262	2.3142	2.3102	0.0040	0.1713	0.0000	-14.8803	122.2289	151.0961	138.6249	-12.4712	-8.9964	558.3114	489.5830	-68.7284	-14.0381	169.8217	4.9893	528.0800	0.6233	nan	142.0062	336.7971	68.7927	92.7100	63.7777	73.1902	106.6350	0.8811	514.3573	-24.7743	-5.0603	97.6189	53.0189	0.1074	

Torque compensated Offset = 	0
Mean Torque Mainboard Error perc = 	-13.48164981011841


Step N. = 	2
Target Speed = 	14000

Speed Mainboard (rpm_M)	Speed TestBench (rpm_M)	Speed Error (rpm_M)	Speed Error %	Torque TestBench (Nm_M)	Torque Ref (Nm)	Torque MainBoard (Nm_M)	Torque MainBoard Error (Nm_M)	Torque MainBoard Error %	Flux Ref (V/rad/s)	Flux (V/rad/s)	Id * Iq (A^2)	Id (Apeak)	Iq (Apeak)	Id Rotor (Apeak)	Iq Rotor (Apeak)	IMotor Measured (Arms)	IMotor MainBoard (Arms)	IMotor Error (Arms)	IMotor Error %	Motor Current THD %	Vsdref (Vpeak)	Vsqref (Vpeak)	Vout MainBoard (Vrms)	Vout Measured (Vrms)	Vout Error (Vrms)	Vout Error %	Motor Power MainBoard (W)	Motor Power Measured (W)	Motor Power Error (W)	Motor Power Error %	Line Voltage (Vrms)	Line Current (Arms)	Line Power (W)	Line Power Factor	Bulk Ripple (V)	DC Bus Voltage (Vrms)	Motor Mechanical Power (W)	Motor Efficiency	Inverter Efficiency	Overall Efficiency	Temperature (deg C)	Estimated Temperature (deg C)	Motor cos-phi	Electrical Power Alpha-Beta [W]	Electrical Power Error [W]	Electrical Power Error [%]	Bus Voltage Usage [%]	Rotational Losses [W]	Kt [Nm/Arms]	
14001.5355	14002.8889	1.3534	0.0097	0.1704	0.2214	0.2261	-0.0556	-32.6361	0.0172	0.0172	-4.6818	-2.1519	2.2378	-3.1135	0.3643	2.1763	2.1757	0.0006	0.0281	0.0000	-13.9952	126.5751	156.2146	145.3148	-10.8998	-7.5008	473.5894	390.6911	-82.8983	-21.2184	170.1300	4.0007	425.1200	0.6245	nan	146.3812	249.9360	63.9649	91.9009	58.7844	45.1050	73.8521	0.7132	427.1172	-36.4261	-9.3235	99.2710	60.8807	0.0783	
13995.1983	14003.2222	8.0239	0.0573	0.1968	0.2439	0.2443	-0.0476	-24.1715	0.0161	0.0165	-4.9464	-1.9519	2.5650	-3.2676	0.3876	2.2575	2.2469	0.0106	0.4690	0.0000	-17.5567	117.4953	145.9087	142.6232	-3.2855	-2.3036	510.4892	439.0067	-71.4825	-16.2828	170.2193	4.4211	476.7589	0.6335	nan	144.5026	288.5584	65.7310	92.0813	60.5259	47.0428	78.2719	0.7872	466.4660	-27.4593	-6.2549	98.6994	63.8861	0.0872	
13998.2525	13991.5714	-6.6811	-0.0478	0.2041	0.2397	0.2778	-0.0736	-36.0725	0.0166	0.0150	-4.4857	-1.6318	2.9072	-3.3473	0.4052	2.2786	2.2711	0.0075	0.3298	0.0000	-18.8780	124.9852	154.8741	141.8720	-13.0021	-9.1647	599.5240	451.6686	-147.8554	-32.7354	170.2213	4.5316	489.7371	0.6349	nan	143.8421	299.1104	66.2238	92.2267	61.0760	48.7872	81.7939	0.8067	479.5636	-27.8951	-6.1760	98.6304	63.7965	0.0896	
13997.1045	14000.0000	2.8955	0.0207	0.2076	0.2624	0.2434	-0.0358	-17.2453	0.0156	0.0170	-5.0773	-1.9806	2.6157	-3.2060	0.4243	2.2921	2.2806	0.0115	0.5025	0.0000	-11.7964	122.4631	151.0853	141.3514	-9.7339	-6.8863	518.0968	459.4955	-58.6013	-12.7534	170.0997	4.6023	497.5500	0.6356	nan	143.3632	304.4114	66.2497	92.3515	61.1826	50.4744	84.7734	0.8188	486.7895	-27.2940	-5.9400	98.5967	64.7092	0.0906	
13998.4857	13999.7778	1.2921	0.0092	0.2117	0.2502	0.2745	-0.0629	-29.7008	0.0168	0.0163	-5.2152	-1.8938	2.7750	-3.2033	0.4209	2.3162	2.3014	0.0148	0.6378	0.0000	-17.1171	125.4950	155.2988	140.1700	-15.1288	-10.7932	570.4319	471.7744	-98.6575	-20.9120	169.8721	4.7075	510.5911	0.6385	nan	142.2532	310.3166	65.7765	92.3977	60.7760	52.1903	87.6326	0.8390	498.9451	-27.1707	-5.7593	98.5357	68.5976	0.0914	
13999.1965	13995.3333	-3.8632	-0.0276	0.2140	0.2675	0.2689	-0.0549	-25.6665	0.0161	0.0168	-4.7396	-1.7405	2.7673	-3.2669	0.4178	2.3209	2.3082	0.0127	0.5473	0.0000	-19.9840	116.8282	145.6274	140.0053	-5.6220	-4.0156	536.0473	475.1644	-60.8828	-12.8130	169.9262	4.7402	514.0256	0.6382	nan	142.2396	313.6357	66.0061	92.4399	61.0159	53.7240	89.7974	0.8443	502.7459	-27.5815	-5.8046	98.4292	67.7720	0.0922	
13993.0809	13995.7778	2.6968	0.0193	0.2168	0.2145	0.3041	-0.0873	-40.2681	0.0182	0.0138	-4.8228	-1.7518	2.8048	-3.3185	0.4392	2.3227	2.3093	0.0134	0.5764	0.0000	-9.2429	128.4482	157.8053	140.1093	-17.6960	-12.6301	565.3480	477.8656	-87.4824	-18.3069	170.1572	4.7551	516.4878	0.6383	nan	142.2075	317.7168	66.4868	92.5221	61.5151	55.1308	91.6276	0.8478	506.9628	-29.0973	-6.0890	98.5246	65.7704	0.0933	
13986.2890	13987.4444	1.1554	0.0083	0.2192	0.2478	0.2673	-0.0481	-21.9354	0.0158	0.0157	-4.9931	-1.7709	2.8503	-3.2888	0.4442	2.3332	2.3269	0.0062	0.2676	0.0000	-12.9855	117.2732	145.0619	139.5532	-5.5087	-3.9474	534.1413	483.7444	-50.3969	-10.4181	170.2459	4.8131	522.8133	0.6380	nan	141.4736	321.1084	66.3798	92.5272	61.4193	56.4257	93.2500	0.8578	514.2822	-30.5377	-6.3128	98.6426	66.9589	0.0940	
13936.2408	13947.6667	11.4258	0.0819	0.2213	0.2421	0.2641	-0.0428	-19.3401	0.0158	0.0144	-5.0431	-1.8068	2.8059	-3.3355	0.4862	2.3329	2.3255	0.0073	0.3141	0.0000	-6.5329	122.8606	151.1046	139.4089	-11.6958	-8.3895	532.6664	484.5033	-48.1631	-9.9407	170.2242	4.8266	523.5400	0.6372	nan	141.3909	323.2774	66.7235	92.5437	61.7484	57.6774	94.6784	0.8601	514.4578	-29.9545	-6.1825	98.5982	65.1455	0.0949	
13811.1085	13821.1429	10.0344	0.0726	0.2249	0.2778	0.2639	-0.0390	-17.3436	0.0163	0.0160	-5.1661	-1.9516	2.6432	-3.3024	0.4746	2.3302	2.3207	0.0095	0.4060	0.0000	-14.3122	118.9664	146.9469	139.2899	-7.6570	-5.4972	512.3754	485.1529	-27.2226	-5.6111	170.1411	4.8391	523.9771	0.6364	nan	141.3493	325.4461	67.0812	92.5905	62.1108	58.8631	95.9284	0.8630	515.1782	-30.0254	-6.1889	98.5430	63.4445	0.0965	
13671.6319	13685.0000	13.3681	0.0977	0.2276	0.2585	0.2510	-0.0234	-10.3039	0.0156	0.0158	-5.0714	-1.9439	2.6342	-3.2739	0.4438	2.3283	2.3216	0.0067	0.2892	0.0000	-12.0140	119.7725	147.4761	139.1613	-8.3148	-5.9749	506.3159	486.1444	-20.1715	-4.1493	170.0548	4.8616	524.9678	0.6350	nan	141.3562	326.1063	67.0801	92.6046	62.1193	59.8912	96.9509	0.8662	514.3427	-28.1983	-5.8004	98.4473	63.5777	0.0977	
13533.0618	13534.5556	1.4938	0.0110	0.2312	0.2893	0.2608	-0.0296	-12.7879	0.0163	0.0174	-5.1228	-1.9277	2.6622	-3.2196	0.4895	2.3270	2.3218	0.0052	0.2248	0.0000	-16.7123	123.3090	152.5016	138.9737	-13.5279	-9.7341	540.4102	486.7244	-53.6858	-11.0300	169.9383	4.8850	525.5856	0.6331	nan	141.4124	327.7201	67.3317	92.6061	62.3533	60.9345	97.9271	0.8690	508.8936	-22.1692	-4.5548	98.2754	62.2997	0.0994	
13388.4814	13390.1111	1.6297	0.0122	0.2350	0.2750	0.2651	-0.0301	-12.8172	0.0160	0.0165	-5.0261	-1.8419	2.7354	-3.2383	0.5044	2.3275	2.3173	0.0102	0.4377	0.0000	-9.5296	115.3619	142.9169	138.8076	-4.1094	-2.9605	499.4309	486.5433	-12.8875	-2.6488	169.8490	4.9076	525.4856	0.6304	nan	141.5314	329.5172	67.7260	92.5893	62.7071	61.9002	98.8250	0.8695	512.2358	-25.6925	-5.2806	98.0755	59.9497	0.1010	
13247.5663	13249.8889	2.3226	0.0175	0.2368	0.2965	0.2659	-0.0291	-12.2969	0.0162	0.0174	-5.0616	-1.8966	2.6762	-3.2088	0.4893	2.3273	2.3211	0.0062	0.2679	0.0000	-7.5334	120.4860	148.2257	138.7481	-9.4776	-6.8308	505.8457	487.5089	-18.3368	-3.7613	169.8479	4.9338	526.4689	0.6282	nan	141.7432	328.5333	67.3901	92.5998	62.4031	62.8283	99.6733	0.8716	515.5361	-28.0272	-5.7491	97.8870	61.5982	0.1017	
13128.6484	13139.1250	10.4766	0.0797	0.2404	0.2729	0.2831	-0.0428	-17.7882	0.0174	0.0164	-4.8162	-1.7937	2.7161	-3.2668	0.4975	2.3304	2.3272	0.0032	0.1394	0.0000	-11.5887	120.2273	147.9709	138.6866	-9.2843	-6.6945	520.0519	488.7050	-31.3469	-6.4143	169.8836	4.9728	527.9950	0.6250	nan	141.9540	330.7364	67.6760	92.5586	62.6399	63.7637	100.5185	0.8730	516.1963	-27.4913	-5.6253	97.6983	60.0139	0.1031	
13063.5779	13081.2500	17.6721	0.1351	0.2450	0.2900	0.2822	-0.0372	-15.1866	0.0176	0.0174	-4.4575	-1.6665	2.7207	-3.2183	0.4907	2.3280	2.3204	0.0076	0.3273	0.0000	-9.2102	117.3131	144.6592	138.7507	-5.9084	-4.2583	502.8312	490.0225	-12.8087	-2.6139	169.9857	4.9773	529.2200	0.6255	nan	142.0076	335.6178	68.4900	92.5933	63.4172	64.6173	101.2659	0.8759	513.1572	-23.1347	-4.7212	97.7066	56.3607	0.1052	
13031.8723	13039.0000	7.1277	0.0547	0.2469	0.2891	0.2833	-0.0364	-14.7368	0.0162	0.0174	-4.3705	-1.5595	2.9457	-3.1344	0.4896	2.3197	2.3088	0.0108	0.4666	0.0000	-12.9100	120.7640	148.8851	138.8679	-10.0172	-7.2134	568.0933	490.0756	-78.0177	-15.9195	170.1106	4.9759	529.0778	0.6251	nan	142.1321	337.1129	68.7879	92.6283	63.7171	65.4701	101.9544	0.8784	513.9876	-23.9120	-4.8793	97.7034	55.3320	0.1064	
12955.7683	12981.8889	26.1206	0.2012	0.2490	0.2510	0.2991	-0.0501	-20.1218	0.0172	0.0153	-3.6845	-1.3049	2.9705	-3.3316	0.5086	2.3141	2.3081	0.0060	0.2612	0.0000	-5.5127	118.9410	146.2169	138.9339	-7.2830	-5.2421	542.4529	490.1833	-52.2695	-10.6633	170.2140	4.9782	529.1144	0.6244	nan	142.2204	338.5056	69.0571	92.6422	63.9760	66.3079	102.5883	0.8802	516.1717	-25.9884	-5.3018	97.6892	54.2286	0.1076	
12848.1216	12863.2222	15.1006	0.1174	0.2528	0.2727	0.2737	-0.0209	-8.2638	0.0160	0.0168	-4.8259	-1.6925	2.8588	-3.2702	0.5431	2.3128	2.3049	0.0079	0.3399	0.0000	-5.7181	119.1283	146.6859	138.8819	-7.8040	-5.6192	524.7868	490.7411	-34.0457	-6.9376	170.2521	4.9899	529.6956	0.6235	nan	142.2771	340.5006	69.3850	92.6459	64.2824	67.0816	103.1927	0.8821	514.4041	-23.6630	-4.8219	97.6137	52.6456	0.1093	
12677.6904	12702.0000	24.3096	0.1914	0.2565	0.3038	0.2987	-0.0422	-16.4534	0.0180	0.0184	-4.2789	-1.5767	2.7568	-3.1881	0.5275	2.3100	2.3032	0.0068	0.2956	0.0000	-12.0596	117.6743	145.4105	138.7228	-6.6877	-4.8209	514.1313	491.0200	-23.1113	-4.7068	170.2078	5.0013	530.0200	0.6226	nan	142.2824	341.1777	69.4835	92.6418	64.3707	67.8075	103.7813	0.8847	515.6850	-24.6650	-5.0232	97.4982	52.2366	0.1110	

Torque compensated Offset = 	0
Mean Torque Mainboard Error perc = 	-20.25682661270964


Step N. = 	3
Target Speed = 	12000

Speed Mainboard (rpm_M)	Speed TestBench (rpm_M)	Speed Error (rpm_M)	Speed Error %	Torque TestBench (Nm_M)	Torque Ref (Nm)	Torque MainBoard (Nm_M)	Torque MainBoard Error (Nm_M)	Torque MainBoard Error %	Flux Ref (V/rad/s)	Flux (V/rad/s)	Id * Iq (A^2)	Id (Apeak)	Iq (Apeak)	Id Rotor (Apeak)	Iq Rotor (Apeak)	IMotor Measured (Arms)	IMotor MainBoard (Arms)	IMotor Error (Arms)	IMotor Error %	Motor Current THD %	Vsdref (Vpeak)	Vsqref (Vpeak)	Vout MainBoard (Vrms)	Vout Measured (Vrms)	Vout Error (Vrms)	Vout Error %	Motor Power MainBoard (W)	Motor Power Measured (W)	Motor Power Error (W)	Motor Power Error %	Line Voltage (Vrms)	Line Current (Arms)	Line Power (W)	Line Power Factor	Bulk Ripple (V)	DC Bus Voltage (Vrms)	Motor Mechanical Power (W)	Motor Efficiency	Inverter Efficiency	Overall Efficiency	Temperature (deg C)	Estimated Temperature (deg C)	Motor cos-phi	Electrical Power Alpha-Beta [W]	Electrical Power Error [W]	Electrical Power Error [%]	Bus Voltage Usage [%]	Rotational Losses [W]	Kt [Nm/Arms]	
11996.1892	12001.0000	4.8108	0.0401	0.1589	0.1997	0.1777	-0.0188	-11.8483	0.0224	0.0216	-3.0334	-2.2818	1.3236	-2.6464	0.3991	1.9585	1.9526	0.0059	0.3001	0.0000	-13.4775	119.6167	147.8217	149.7227	1.9009	1.2696	279.9291	308.0656	28.1364	9.1333	170.1232	3.3293	338.1922	0.5970	nan	150.6279	199.6903	64.7903	91.0880	59.0167	44.0153	72.3999	0.6064	332.4824	-24.4168	-7.9258	99.3983	43.9536	0.0811	
11999.2297	11983.3333	-15.8964	-0.1327	0.1963	0.2326	0.2234	-0.0271	-13.7976	0.0197	0.0213	-4.3715	-2.2754	1.9479	-2.9215	0.4105	2.0558	2.0505	0.0053	0.2581	0.0000	-13.5504	123.3958	152.1226	146.6681	-5.4545	-3.7189	407.1007	366.1222	-40.9784	-11.1926	170.0776	3.8921	400.0744	0.6044	nan	148.5049	246.3769	67.2924	91.5130	61.5813	45.5515	76.1918	0.7010	386.1281	-20.0059	-5.4643	98.7631	48.3548	0.0955	
11999.6377	11995.3333	-4.3044	-0.0359	0.2066	0.2483	0.2423	-0.0358	-17.3188	0.0196	0.0205	-4.3400	-2.0534	2.1538	-3.0737	0.4882	2.0988	2.0910	0.0078	0.3708	0.0000	-11.7541	119.5569	147.2092	145.3848	-1.8244	-1.2549	426.3229	387.6222	-38.7006	-9.9841	169.9704	4.1077	422.2933	0.6048	nan	147.5414	259.4623	66.9381	91.7897	61.4422	47.1366	79.6539	0.7334	403.4758	-15.8536	-4.0899	98.5384	53.3136	0.0984	
12002.8739	12011.4444	8.5705	0.0714	0.2151	0.2467	0.2626	-0.0475	-22.0922	0.0193	0.0200	-4.1231	-1.8647	2.3865	-2.9719	0.4061	2.1180	2.1093	0.0087	0.4117	0.0000	-18.5035	126.2877	156.3815	144.9268	-11.4547	-7.9038	509.7362	397.6778	-112.0584	-28.1782	169.8897	4.2086	432.5122	0.6049	nan	147.2006	270.5754	68.0389	91.9460	62.5590	48.5888	82.4287	0.7480	416.7926	-19.1148	-4.8066	98.4554	50.4699	0.1016	
11996.3025	12000.7778	4.4752	0.0373	0.2181	0.2569	0.2410	-0.0229	-10.4861	0.0212	0.0199	-3.9801	-2.0869	1.9432	-2.8416	0.4569	2.1270	2.1192	0.0078	0.3667	0.0000	-19.2369	122.4081	151.7939	144.8387	-6.9552	-4.8021	418.0970	403.0922	-15.0048	-3.7224	169.8909	4.2516	437.7633	0.6061	nan	147.0780	274.1056	68.0007	92.0799	62.6150	49.9749	84.6928	0.7554	420.6777	-17.5855	-4.3627	98.4775	51.3045	0.1025	
11997.0739	11989.7500	-7.3239	-0.0611	0.2238	0.2603	0.2837	-0.0599	-26.7757	0.0194	0.0193	-4.2353	-1.7681	2.5223	-2.9606	0.4415	2.1385	2.1325	0.0060	0.2794	0.0000	-18.1156	124.0505	153.6564	144.4046	-9.2518	-6.4068	523.7300	409.4887	-114.2412	-27.8985	170.0236	4.3243	444.6000	0.6047	nan	146.8622	280.9321	68.6059	92.1027	63.1877	51.2381	86.5816	0.7656	431.0853	-21.5966	-5.2740	98.3267	49.6730	0.1046	
12001.2408	11993.3333	-7.9074	-0.0659	0.2288	0.2607	0.2710	-0.0422	-18.4413	0.0193	0.0199	-4.3712	-1.8565	2.4536	-2.9265	0.4518	2.1517	2.1436	0.0081	0.3759	0.0000	-17.5627	121.3331	150.1527	144.3361	-5.8166	-4.0299	500.1452	416.4878	-83.6574	-20.0864	170.1701	4.3784	451.8233	0.6064	nan	146.8812	287.3289	68.9879	92.1794	63.5926	52.4216	88.2052	0.7743	434.7418	-18.2540	-4.3828	98.2674	48.9525	0.1063	
11995.6488	11991.7778	-3.8711	-0.0323	0.2337	0.2635	0.2779	-0.0442	-18.9295	0.0214	0.0195	-4.0217	-1.8944	2.2650	-3.1026	0.4630	2.1620	2.1562	0.0058	0.2692	0.0000	-14.6370	122.0782	150.7546	143.9638	-6.7908	-4.7170	461.8678	422.2267	-39.6412	-9.3886	170.2638	4.4402	457.9300	0.6057	nan	146.6410	293.4327	69.4971	92.2033	64.0786	53.5560	89.6687	0.7832	445.2532	-23.0265	-5.4536	98.1743	47.4817	0.1081	
12003.4896	12001.5556	-1.9341	-0.0161	0.2401	0.2564	0.2771	-0.0370	-15.3974	0.0199	0.0170	-3.7143	-1.6986	2.4468	-3.2710	0.4554	2.1745	2.1684	0.0061	0.2801	0.0000	-16.7532	122.3916	151.4093	143.7019	-7.7074	-5.3635	489.4950	429.0133	-60.4817	-14.0979	170.2730	4.4888	464.8944	0.6083	nan	146.5224	301.7703	70.3406	92.2819	64.9116	54.6496	91.0157	0.7927	450.4749	-21.4616	-5.0025	98.0751	44.6666	0.1104	
11999.9799	12002.3333	2.3534	0.0196	0.2437	0.2806	0.2781	-0.0344	-14.1278	0.0194	0.0203	-4.0336	-1.7134	2.5195	-2.9834	0.4852	2.1914	2.1925	-0.0012	-0.0525	0.0000	-14.8720	120.5364	148.7967	142.9959	-5.8009	-4.0567	492.4165	436.6389	-55.7776	-12.7743	170.1571	4.5627	473.0756	0.6093	nan	145.9591	306.2607	70.1400	92.2979	64.7378	55.6667	92.2671	0.8045	457.7913	-21.1524	-4.8444	97.9698	46.2063	0.1112	
11992.9044	11998.7778	5.8733	0.0489	0.2480	0.2996	0.3024	-0.0544	-21.9530	0.0182	0.0216	-3.8136	-1.4541	2.7891	-2.8977	0.5504	2.2173	2.2114	0.0059	0.2660	0.0000	-6.5573	113.3767	139.4654	142.0412	2.5758	1.8134	486.3087	447.1056	-39.2031	-8.7682	169.9226	4.6533	484.3600	0.6126	nan	145.2996	311.6142	69.6966	92.3085	64.3359	56.6804	93.5664	0.8196	467.5623	-20.4568	-4.5754	97.7575	49.0048	0.1118	
11991.6033	12003.5714	11.9681	0.0997	0.2537	0.2952	0.3097	-0.0560	-22.0656	0.0194	0.0180	-4.3032	-1.6397	2.6792	-3.4505	0.5607	2.2466	2.2357	0.0109	0.4841	0.0000	-5.5083	118.9175	146.1167	141.2587	-4.8580	-3.4391	488.9701	458.1100	-30.8601	-6.7364	169.9611	4.7612	496.3971	0.6134	nan	144.8682	318.9213	69.6172	92.2870	64.2477	57.5947	94.8275	0.8334	484.9737	-26.8637	-5.8640	97.5085	50.1115	0.1129	
11998.9424	11990.3333	-8.6091	-0.0718	0.2589	0.2747	0.2733	-0.0144	-5.5509	0.0191	0.0167	-4.5465	-1.9114	2.4561	-3.3355	0.5464	2.2735	2.2687	0.0048	0.2093	0.0000	-9.2768	121.6054	149.5666	140.4830	-9.0836	-6.4660	475.7613	470.8567	-4.9047	-1.0416	170.2653	4.8678	510.1567	0.6155	nan	144.4358	325.0672	69.0371	92.2965	63.7188	58.6447	96.3013	0.8512	491.4304	-20.5737	-4.3694	97.2633	54.2257	0.1139	
11993.4988	11986.8889	-6.6099	-0.0551	0.2632	0.3023	0.3025	-0.0393	-14.9325	0.0178	0.0188	-3.5386	-1.3015	2.9532	-3.2338	0.5152	2.2920	2.2942	-0.0021	-0.0924	0.0000	-11.6971	124.3126	152.9506	139.4767	-13.4740	-9.6604	575.8615	479.2533	-96.6082	-20.1581	170.2372	4.9515	519.3578	0.6161	nan	143.5238	330.4134	68.9436	92.2781	63.6199	59.6586	97.7081	0.8655	500.7181	-21.4647	-4.4788	97.1801	55.4395	0.1148	
11997.4241	11990.1111	-7.3129	-0.0610	0.2702	0.2549	0.3188	-0.0485	-17.9633	0.0191	0.0150	-4.4326	-1.6070	2.7983	-3.5082	0.5348	2.3139	2.3104	0.0035	0.1508	0.0000	-18.4119	113.9379	141.4205	138.2447	-3.1758	-2.2972	524.2180	488.5756	-35.6425	-7.2952	170.0824	5.0325	529.4422	0.6186	nan	142.4829	339.2917	69.4452	92.2812	64.0848	60.6653	99.1318	0.8818	510.9885	-22.4130	-4.5874	97.0255	53.7537	0.1168	
11950.5403	11947.3750	-3.1653	-0.0265	0.2731	0.3055	0.2921	-0.0190	-6.9529	0.0166	0.0176	-3.6602	-1.3036	3.0139	-3.3502	0.5514	2.3178	2.3050	0.0128	0.5536	0.0000	-14.8719	120.0178	148.1517	137.6694	-10.4823	-7.6141	573.2345	491.1750	-82.0595	-16.7068	169.8878	5.0523	532.0650	0.6199	nan	141.9327	341.7134	69.5706	92.3148	64.2241	61.6892	100.4465	0.8887	512.1981	-21.0231	-4.2802	96.9963	53.2605	0.1178	
11811.4137	11812.4444	1.0308	0.0087	0.2781	0.3093	0.3108	-0.0327	-11.7456	0.0177	0.0183	-4.1848	-1.4116	3.0298	-3.1542	0.5594	2.3154	2.3096	0.0058	0.2505	0.0000	-11.3705	121.6511	149.8485	137.5659	-12.2826	-8.9285	580.5196	491.7422	-88.7773	-18.0536	169.9463	5.0641	532.6289	0.6189	nan	142.0288	344.0217	69.9598	92.3236	64.5895	62.6103	101.5639	0.8913	512.0237	-20.2815	-4.1244	96.8578	51.4138	0.1201	
11663.8168	11672.7500	8.9332	0.0765	0.2843	0.3039	0.3211	-0.0368	-12.9517	0.0187	0.0176	-3.3104	-1.2407	2.9770	-3.3159	0.5714	2.3104	2.3035	0.0070	0.3023	0.0000	-11.8141	123.1967	151.8825	137.7220	-14.1605	-10.2819	581.8513	492.6900	-89.1613	-18.0968	170.1923	5.0722	533.2525	0.6177	nan	142.2611	347.4564	70.5223	92.3934	65.1580	63.5320	102.5658	0.8940	514.1829	-21.4929	-4.3624	96.8093	49.0275	0.1230	
11588.9138	11591.1111	2.1973	0.0190	0.2874	0.3408	0.2956	-0.0081	-2.8259	0.0167	0.0198	-3.8867	-1.3323	2.9930	-3.1580	0.6249	2.3084	2.3001	0.0083	0.3591	0.0000	-0.4644	113.3822	139.5141	137.7687	-1.7454	-1.2669	513.1086	493.2311	-19.8774	-4.0300	170.2744	5.0789	533.5311	0.6169	nan	142.3162	348.9035	70.7383	92.4466	65.3952	64.3807	103.4004	0.8954	513.4245	-20.1934	-4.0941	96.8046	48.0058	0.1245	
11384.4733	11383.8889	-0.5844	-0.0051	0.2910	0.3588	0.3246	-0.0336	-11.5351	0.0178	0.0211	-3.5183	-1.1697	3.1539	-3.0019	0.5885	2.3062	2.2985	0.0077	0.3352	0.0000	-10.8447	118.7340	146.5558	137.4643	-9.0915	-6.6137	584.1768	492.9822	-91.1946	-18.4986	170.0826	5.0843	533.3367	0.6168	nan	142.1061	346.9059	70.3689	92.4336	65.0445	65.2574	104.1901	0.8978	516.4006	-23.4184	-4.7504	96.7336	49.6477	0.1262	
11155.7834	11144.5556	-11.2278	-0.1007	0.2990	0.3711	0.3378	-0.0388	-12.9913	0.0198	0.0213	-3.4683	-1.2816	2.8992	-3.0274	0.5938	2.3036	2.2982	0.0054	0.2345	0.0000	-10.1745	111.6848	138.2176	137.1517	-1.0659	-0.7772	504.4929	492.8411	-11.6518	-2.3642	169.8871	5.1010	533.2600	0.6154	nan	141.9435	348.9484	70.8034	92.4204	65.4367	66.0705	104.9325	0.9006	513.1047	-20.2636	-4.1116	96.6242	47.4091	0.1298	
11029.2881	11023.5000	-5.7881	-0.0525	0.3045	0.3653	0.3258	-0.0213	-7.0032	0.0181	0.0210	-3.0219	-1.0568	3.1572	-3.1018	0.6267	2.3006	2.2967	0.0039	0.1704	0.0000	-9.3074	117.1443	144.0765	137.1320	-6.9445	-5.0641	571.5352	493.2250	-78.3102	-15.8772	169.9295	5.1068	533.5750	0.6149	nan	141.9672	351.5084	71.2674	92.4378	65.8780	66.8916	105.6313	0.9026	512.5129	-19.2879	-3.9106	96.5942	45.2120	0.1324	
10894.2983	10901.5556	7.2572	0.0666	0.3087	0.3908	0.3258	-0.0172	-5.5585	0.0192	0.0222	-3.8669	-1.3808	2.8453	-2.9854	0.6387	2.2987	2.2935	0.0052	0.2262	0.0000	-8.5683	114.1423	140.7806	137.1720	-3.6086	-2.6307	505.6745	494.1089	-11.5656	-2.3407	170.0600	5.1153	534.4856	0.6144	nan	142.1343	352.3713	71.3145	92.4457	65.9272	67.6435	106.2972	0.9047	513.0455	-18.9366	-3.8325	96.5087	45.1431	0.1343	

Torque compensated Offset = 	0
Mean Torque Mainboard Error perc = 	-14.054090412801838


Step N. = 	4
Target Speed = 	10000

Speed Mainboard (rpm_M)	Speed TestBench (rpm_M)	Speed Error (rpm_M)	Speed Error %	Torque TestBench (Nm_M)	Torque Ref (Nm)	Torque MainBoard (Nm_M)	Torque MainBoard Error (Nm_M)	Torque MainBoard Error %	Flux Ref (V/rad/s)	Flux (V/rad/s)	Id * Iq (A^2)	Id (Apeak)	Iq (Apeak)	Id Rotor (Apeak)	Iq Rotor (Apeak)	IMotor Measured (Arms)	IMotor MainBoard (Arms)	IMotor Error (Arms)	IMotor Error %	Motor Current THD %	Vsdref (Vpeak)	Vsqref (Vpeak)	Vout MainBoard (Vrms)	Vout Measured (Vrms)	Vout Error (Vrms)	Vout Error %	Motor Power MainBoard (W)	Motor Power Measured (W)	Motor Power Error (W)	Motor Power Error %	Line Voltage (Vrms)	Line Current (Arms)	Line Power (W)	Line Power Factor	Bulk Ripple (V)	DC Bus Voltage (Vrms)	Motor Mechanical Power (W)	Motor Efficiency	Inverter Efficiency	Overall Efficiency	Temperature (deg C)	Estimated Temperature (deg C)	Motor cos-phi	Electrical Power Alpha-Beta [W]	Electrical Power Error [W]	Electrical Power Error [%]	Bus Voltage Usage [%]	Rotational Losses [W]	Kt [Nm/Arms]	
9999.2638	9992.5556	-6.7082	-0.0671	0.1549	0.1888	0.1813	-0.0264	-17.0528	0.0279	0.0268	-2.3680	-2.1119	1.1248	-2.4092	0.3832	1.6970	1.6969	0.0001	0.0046	0.0000	-12.5915	119.8897	147.9175	151.8578	3.9403	2.5947	240.5465	240.1422	-0.4042	-0.1683	170.0204	2.6230	265.3089	0.5948	nan	152.6896	162.0763	67.4820	90.5076	61.0765	42.8757	69.6996	0.5378	265.0009	-24.8587	-10.3516	99.4545	29.9034	0.0913	
9998.5187	10003.1111	4.5924	0.0459	0.2036	0.2388	0.2516	-0.0480	-23.5926	0.0255	0.0234	-3.2665	-1.9692	1.7041	-2.7410	0.4438	1.8117	1.7905	0.0212	1.1707	0.0000	-10.8926	119.8588	147.6905	148.6760	0.9855	0.6628	336.7945	302.9533	-33.8411	-11.1704	169.9712	3.2717	332.2267	0.5974	nan	150.7613	213.2302	70.3828	91.1877	64.1806	43.9807	72.8627	0.6493	319.3998	-16.4464	-5.4287	98.6168	34.6024	0.1124	
9997.9735	9998.2500	0.2765	0.0028	0.2215	0.2572	0.2921	-0.0706	-31.8528	0.0233	0.0261	-3.8707	-1.8349	2.1225	-2.4841	0.4284	1.8599	1.8273	0.0326	1.7513	0.0000	-13.1441	123.9805	152.9685	147.8055	-5.1630	-3.4931	434.6311	327.7825	-106.8486	-32.5974	170.2821	3.5418	357.9700	0.5935	nan	150.2803	231.9142	70.7525	91.5668	64.7858	45.1588	75.6221	0.6884	341.6689	-13.8864	-4.2365	98.3534	37.5195	0.1191	
9993.6707	10000.6667	6.9960	0.0700	0.2364	0.2773	0.2682	-0.0318	-13.4281	0.0247	0.0264	-3.5035	-1.9033	1.9163	-2.5934	0.4699	1.9033	1.9258	-0.0225	-1.1799	0.0000	-16.8659	123.0392	152.1591	146.7756	-5.3836	-3.6679	404.5914	347.0167	-57.5747	-16.5913	170.2073	3.7494	378.1133	0.5925	nan	149.4477	247.6210	71.3562	91.7758	65.4878	46.3088	78.0437	0.7172	366.5437	-19.5270	-5.6271	98.2120	38.0286	0.1242	
9998.7961	9995.2857	-3.5104	-0.0351	0.2491	0.2824	0.2764	-0.0273	-10.9445	0.0263	0.0256	-3.0887	-1.8178	1.7095	-2.6386	0.5281	1.9408	1.9618	-0.0211	-1.0849	0.0000	-11.0631	117.7622	144.9526	145.7863	0.8337	0.5718	333.4189	361.9529	28.5340	7.8833	169.9244	3.9100	393.8357	0.5928	nan	148.6895	260.7779	72.0474	91.9045	66.2148	47.4021	80.2331	0.7386	374.3088	-12.3560	-3.4137	98.0475	37.1112	0.1284	
9995.1458	9998.6000	3.4542	0.0345	0.2623	0.3002	0.3069	-0.0446	-16.9940	0.0243	0.0241	-3.6580	-1.7476	2.1462	-2.8050	0.5709	1.9827	1.9442	0.0385	1.9433	0.0000	-12.7868	117.1632	144.6492	144.9543	0.3051	0.2105	408.3745	379.3750	-28.9995	-7.6440	169.9909	4.0834	412.2940	0.5940	nan	148.1127	274.6411	72.3932	92.0157	66.6131	48.5209	82.2508	0.7621	394.9345	-15.5595	-4.1014	97.8676	37.5936	0.1323	
10002.8023	9999.5556	-3.2467	-0.0325	0.2762	0.3036	0.2920	-0.0158	-5.7249	0.0240	0.0249	-3.6971	-1.8053	2.0839	-2.6002	0.5966	2.0238	2.0083	0.0155	0.7657	0.0000	-5.9956	115.7924	142.5480	144.3201	1.7721	1.2279	376.1532	397.1400	20.9868	5.2845	170.2762	4.2489	431.2278	0.5960	nan	147.7627	289.2465	72.8322	92.0952	67.0749	49.6818	84.1946	0.7850	411.0929	-13.9529	-3.5133	97.6704	37.6430	0.1365	
10002.9759	9995.7500	-7.2259	-0.0723	0.2890	0.3164	0.2830	0.0060	2.0844	0.0261	0.0231	-3.5109	-1.9172	1.8492	-2.9151	0.6332	2.0755	2.0709	0.0046	0.2225	0.0000	-6.9232	115.0276	141.5171	143.2182	1.7011	1.1878	332.8831	415.8825	82.9994	19.9574	170.1665	4.4279	451.3525	0.5990	nan	146.7623	302.5107	72.7398	92.1415	67.0235	50.7441	86.0462	0.8078	429.7970	-13.9145	-3.3458	97.5851	39.1992	0.1392	
10001.4938	9994.6667	-6.8271	-0.0683	0.3026	0.3366	0.3459	-0.0434	-14.3360	0.0235	0.0243	-3.2309	-1.3951	2.5618	-2.7562	0.6353	2.1327	2.1481	-0.0154	-0.7240	0.0000	-7.0860	116.8084	144.4429	141.4014	-3.0414	-2.1509	470.9697	435.8322	-35.1375	-8.0622	169.9110	4.6120	473.0433	0.6037	nan	145.4451	316.6663	72.6585	92.1336	66.9429	51.8531	87.9618	0.8344	451.5954	-15.7632	-3.6168	97.2198	40.5318	0.1419	
9998.7493	10003.0000	4.2507	0.0425	0.3157	0.3622	0.3625	-0.0468	-14.8260	0.0231	0.0254	-3.0212	-1.2599	2.7561	-2.6873	0.6296	2.1845	2.1819	0.0026	0.1187	0.0000	-6.4480	116.7784	144.1954	140.6632	-3.5322	-2.5111	495.1065	453.6422	-41.4643	-9.1403	170.2670	4.7742	492.2667	0.6056	nan	145.2558	330.6641	72.8911	92.1538	67.1719	53.0158	90.0586	0.8524	471.8715	-18.2292	-4.0184	96.8383	40.1298	0.1445	
10002.1599	9995.3333	-6.8265	-0.0683	0.3286	0.3411	0.3589	-0.0304	-9.2382	0.0227	0.0216	-2.8490	-1.1820	2.7301	-3.0941	0.6580	2.2410	2.2256	0.0154	0.6854	0.0000	-3.3058	113.0806	139.3741	138.6464	-0.7277	-0.5248	469.6707	472.4133	2.7426	0.5806	170.1094	4.9464	512.8822	0.6095	nan	143.5446	343.9023	72.7973	92.1094	67.0532	54.1697	92.1974	0.8778	488.6049	-16.1916	-3.4274	96.5877	40.9589	0.1466	
9964.6665	9973.6250	8.9585	0.0898	0.3410	0.4177	0.3887	-0.0477	-13.9877	0.0223	0.0241	-3.4985	-1.2024	2.9993	-2.9602	0.6639	2.2975	2.2955	0.0020	0.0870	0.0000	-9.3654	112.0288	137.9053	136.1647	-1.7406	-1.2783	523.0391	494.2413	-28.7979	-5.8267	169.9053	5.1172	536.5013	0.6171	nan	141.4039	356.1537	72.0610	92.1230	66.3847	55.3655	94.4838	0.9121	513.0572	-18.8160	-3.8070	96.2950	45.6637	0.1484	
9750.9821	9765.0000	14.0179	0.1436	0.3542	0.3549	0.3738	-0.0195	-5.5111	0.0209	0.0202	-3.3872	-1.1668	3.0627	-3.2548	0.7054	2.2987	2.2913	0.0074	0.3208	0.0000	-3.8503	111.9628	137.7329	136.2457	-1.4872	-1.0915	525.8446	497.0575	-28.7871	-5.7915	170.2293	5.1429	539.3700	0.6161	nan	141.7177	362.2441	72.8778	92.1552	67.1607	56.5192	96.4915	0.9163	517.3741	-20.3166	-4.0874	96.1388	41.9117	0.1541	
9495.9075	9516.1111	20.2036	0.2123	0.3654	0.4156	0.3977	-0.0322	-8.8132	0.0228	0.0230	-3.1908	-1.1386	2.9467	-3.2923	0.7114	2.2939	2.2843	0.0096	0.4183	0.0000	-8.8541	115.6931	142.1880	136.0193	-6.1686	-4.5351	532.5466	497.6678	-34.8789	-7.0085	170.1680	5.1538	539.7522	0.6154	nan	141.5341	364.1627	73.1738	92.2030	67.4685	57.7213	98.2188	0.9209	515.5022	-17.8344	-3.5836	96.1036	40.5921	0.1593	
9201.4676	9205.8889	4.4213	0.0480	0.3804	0.4607	0.4320	-0.0515	-13.5391	0.0244	0.0258	-2.8681	-1.0036	2.9746	-3.0508	0.6942	2.2897	2.2841	0.0056	0.2429	0.0000	-9.2436	106.8128	131.4874	135.5274	4.0400	2.9809	493.5960	497.8956	4.2996	0.8636	169.9069	5.1678	539.9222	0.6149	nan	141.2533	366.7521	73.6604	92.2162	67.9268	58.8187	99.6250	0.9264	517.8901	-19.9945	-4.0158	95.9464	38.2124	0.1662	

Torque compensated Offset = 	0
Mean Torque Mainboard Error perc = 	-13.183778989380757


Step N. = 	5
Target Speed = 	8000

Speed Mainboard (rpm_M)	Speed TestBench (rpm_M)	Speed Error (rpm_M)	Speed Error %	Torque TestBench (Nm_M)	Torque Ref (Nm)	Torque MainBoard (Nm_M)	Torque MainBoard Error (Nm_M)	Torque MainBoard Error %	Flux Ref (V/rad/s)	Flux (V/rad/s)	Id * Iq (A^2)	Id (Apeak)	Iq (Apeak)	Id Rotor (Apeak)	Iq Rotor (Apeak)	IMotor Measured (Arms)	IMotor MainBoard (Arms)	IMotor Error (Arms)	IMotor Error %	Motor Current THD %	Vsdref (Vpeak)	Vsqref (Vpeak)	Vout MainBoard (Vrms)	Vout Measured (Vrms)	Vout Error (Vrms)	Vout Error %	Motor Power MainBoard (W)	Motor Power Measured (W)	Motor Power Error (W)	Motor Power Error %	Line Voltage (Vrms)	Line Current (Arms)	Line Power (W)	Line Power Factor	Bulk Ripple (V)	DC Bus Voltage (Vrms)	Motor Mechanical Power (W)	Motor Efficiency	Inverter Efficiency	Overall Efficiency	Temperature (deg C)	Estimated Temperature (deg C)	Motor cos-phi	Electrical Power Alpha-Beta [W]	Electrical Power Error [W]	Electrical Power Error [%]	Bus Voltage Usage [%]	Rotational Losses [W]	Kt [Nm/Arms]	
7996.3992	7994.0000	-2.3992	-0.0300	0.1401	0.1333	0.1318	0.0083	5.9047	0.0360	0.0367	-1.0590	-1.7200	0.6082	-1.8091	0.2827	1.3301	1.2561	0.0739	5.5592	0.0000	-10.6432	123.2515	151.6152	154.0349	2.4197	1.5709	139.5391	163.8389	24.2997	14.8315	170.0987	1.8127	183.3378	0.5943	nan	156.5568	117.2873	71.4204	89.3448	63.8153	41.5618	63.6646	0.4613	143.7335	20.1054	12.2715	98.3887	17.1119	0.1053	
7995.9104	7998.0000	2.0896	0.0261	0.2103	0.2201	0.2221	-0.0118	-5.6081	0.0345	0.0333	-1.8287	-1.6819	1.0870	-2.1000	0.4561	1.4643	1.4066	0.0577	3.9425	0.0000	-8.3838	119.5094	146.8840	151.0509	4.1668	2.7586	215.3170	232.7011	17.3841	7.4706	170.3118	2.5182	256.8367	0.5989	nan	153.7171	176.1650	75.6991	90.5985	68.5826	42.2134	65.6648	0.6073	226.7817	5.9194	2.5438	98.2657	20.7647	0.1436	
7997.6818	7995.0000	-2.6818	-0.0335	0.2421	0.2598	0.2584	-0.0163	-6.7149	0.0334	0.0338	-2.1978	-1.6824	1.3059	-2.1243	0.5105	1.5352	1.4961	0.0391	2.5447	0.0000	-11.2003	121.3219	149.4000	149.8109	0.4109	0.2743	266.1241	264.8720	-1.2521	-0.4727	170.2626	2.8757	290.1420	0.5926	nan	152.7918	202.6940	76.5273	91.2895	69.8613	42.9803	67.8081	0.6649	264.6349	0.2371	0.0895	98.0493	22.7482	0.1577	
7996.9296	7998.2222	1.2926	0.0162	0.2682	0.2872	0.2684	-0.0001	-0.0511	0.0336	0.0311	-2.3303	-1.6892	1.3715	-2.3252	0.5923	1.6031	1.5627	0.0404	2.5193	0.0000	-7.4191	118.1220	145.1071	148.1787	3.0715	2.0729	261.3619	290.5822	29.2203	10.0558	170.0166	3.1610	317.1822	0.5902	nan	151.6859	224.6547	77.3115	91.6133	70.8276	43.7730	69.7928	0.7063	290.8341	-0.2519	-0.0867	97.6881	22.8061	0.1673	
7992.7150	7997.8571	5.1421	0.0643	0.2930	0.3184	0.3411	-0.0481	-16.4168	0.0295	0.0301	-3.2588	-1.6504	1.9829	-2.4464	0.5554	1.6707	1.6304	0.0403	2.4117	0.0000	-8.4998	122.6747	150.7538	146.8067	-3.9471	-2.6887	389.4759	315.9057	-73.5702	-23.2886	169.9113	3.4304	344.0300	0.5902	nan	150.5307	245.3977	77.6801	91.8249	71.3298	44.6129	71.6317	0.7436	318.7192	-2.8135	-0.8906	97.5265	23.5253	0.1754	
7993.8624	7999.0000	5.1376	0.0642	0.3178	0.3409	0.3383	-0.0205	-6.4592	0.0301	0.0307	-2.9794	-1.5599	1.9346	-2.4346	0.6147	1.7397	1.7023	0.0374	2.1499	0.0000	-13.7999	122.3798	150.9200	145.6578	-5.2623	-3.6127	390.4289	341.0144	-49.4144	-14.4904	170.0651	3.6911	370.8233	0.5907	nan	149.6735	266.1874	78.0566	91.9613	71.7819	45.4346	73.4198	0.7770	342.6700	-1.6556	-0.4855	97.3173	23.7268	0.1827	
7993.8572	7995.8889	2.0316	0.0254	0.3419	0.3650	0.3447	-0.0029	-0.8355	0.0318	0.0314	-2.9258	-1.5569	1.8787	-2.3705	0.6885	1.8157	1.7690	0.0467	2.5711	0.0000	-8.7244	117.8709	145.3056	144.4899	-0.8157	-0.5645	351.3094	366.9344	15.6251	4.2583	170.2843	3.9557	398.6544	0.5918	nan	148.9011	286.2728	78.0194	92.0431	71.8114	46.3086	75.2759	0.8075	367.9106	-0.9762	-0.2660	97.0378	24.8181	0.1883	
8003.9975	7995.3333	-8.6642	-0.1084	0.3666	0.3773	0.4096	-0.0431	-11.7495	0.0272	0.0292	-2.6231	-1.0886	2.6942	-2.6300	0.6661	1.9090	1.8657	0.0432	2.2654	0.0000	-11.4669	125.4149	154.2760	142.9057	-11.3703	-7.9565	531.0916	395.7844	-135.3072	-34.1871	170.2463	4.2482	429.8233	0.5943	nan	147.8774	306.9051	77.5433	92.0807	71.4024	47.2616	77.2771	0.8376	400.8686	-5.0841	-1.2846	96.6386	26.9286	0.1920	
7993.7393	7999.1111	5.3719	0.0672	0.3890	0.4047	0.4157	-0.0267	-6.8753	0.0300	0.0284	-3.0394	-1.3268	2.3699	-2.7632	0.7448	2.0106	1.9647	0.0460	2.2873	0.0000	-9.6775	117.4866	144.5000	140.8637	-3.6364	-2.5815	438.3889	424.1233	-14.2656	-3.3635	169.9656	4.5293	460.7089	0.5985	nan	146.4353	325.8515	76.8307	92.0588	70.7294	48.2659	79.4810	0.8646	425.4222	-1.2989	-0.3063	96.1960	29.2927	0.1935	
7993.4409	7995.2500	1.8091	0.0226	0.4145	0.4304	0.4732	-0.0587	-14.1677	0.0296	0.0287	-2.5120	-0.9821	2.7606	-2.7541	0.7626	2.1220	2.0639	0.0581	2.7379	0.0000	-13.5252	115.2391	142.1168	138.5751	-3.5416	-2.5557	494.7881	454.9900	-39.7981	-8.7470	169.9546	4.8126	494.4912	0.6046	nan	144.8359	347.0450	76.2750	92.0117	70.1820	49.3274	82.0030	0.8933	460.2020	-5.2120	-1.1455	95.6788	30.8142	0.1953	
7990.0778	7992.4286	2.3507	0.0294	0.4389	0.4363	0.4698	-0.0310	-7.0606	0.0288	0.0267	-2.0328	-0.8383	2.8605	-3.0681	0.8260	2.2122	2.1512	0.0610	2.7594	0.0000	-4.9105	112.0509	137.4867	136.6176	-0.8691	-0.6362	489.1934	483.0686	-6.1248	-1.2679	170.2804	5.0374	525.1057	0.6122	nan	143.4621	367.3083	76.0365	91.9945	69.9495	50.4804	84.6738	0.9228	486.1912	-3.1226	-0.6464	95.2303	31.5747	0.1984	
7965.6115	7899.7273	-65.8843	-0.8340	0.4603	0.4607	0.4919	-0.0316	-6.8699	0.0274	0.0252	-2.5728	-0.8648	3.0158	-3.2108	0.8901	2.2779	2.2491	0.0289	1.2680	0.0000	-7.1611	112.8207	138.7883	134.6154	-4.1729	-3.0999	520.0754	504.5327	-15.5427	-3.0806	170.1141	5.1875	548.1382	0.6211	nan	141.6010	380.7513	75.4661	92.0448	69.4627	51.7750	87.6670	0.9499	512.2383	-7.7055	-1.5273	95.0684	34.0985	0.2021	
7737.6436	7545.5556	-192.0880	-2.5457	0.4848	0.5436	0.4822	0.0026	0.5292	0.0257	0.0294	-2.3347	-0.7473	3.2944	-2.9381	0.9849	2.2823	2.2800	0.0023	0.1021	0.0000	-3.2450	118.4092	145.1990	134.4096	-10.7894	-8.0273	595.4308	506.3478	-89.0830	-17.5932	169.9412	5.2026	549.7167	0.6218	nan	140.6281	383.0358	75.6469	92.1107	69.6788	53.1251	90.7612	0.9530	519.0656	-12.7178	-2.5117	95.5780	32.8441	0.2124	

Torque compensated Offset = 	0
Mean Torque Mainboard Error perc = 	-5.874986374624394


Step N. = 	6
Target Speed = 	5250

Speed Mainboard (rpm_M)	Speed TestBench (rpm_M)	Speed Error (rpm_M)	Speed Error %	Torque TestBench (Nm_M)	Torque Ref (Nm)	Torque MainBoard (Nm_M)	Torque MainBoard Error (Nm_M)	Torque MainBoard Error %	Flux Ref (V/rad/s)	Flux (V/rad/s)	Id * Iq (A^2)	Id (Apeak)	Iq (Apeak)	Id Rotor (Apeak)	Iq Rotor (Apeak)	IMotor Measured (Arms)	IMotor MainBoard (Arms)	IMotor Error (Arms)	IMotor Error %	Motor Current THD %	Vsdref (Vpeak)	Vsqref (Vpeak)	Vout MainBoard (Vrms)	Vout Measured (Vrms)	Vout Error (Vrms)	Vout Error %	Motor Power MainBoard (W)	Motor Power Measured (W)	Motor Power Error (W)	Motor Power Error %	Line Voltage (Vrms)	Line Current (Arms)	Line Power (W)	Line Power Factor	Bulk Ripple (V)	DC Bus Voltage (Vrms)	Motor Mechanical Power (W)	Motor Efficiency	Inverter Efficiency	Overall Efficiency	Temperature (deg C)	Estimated Temperature (deg C)	Motor cos-phi	Electrical Power Alpha-Beta [W]	Electrical Power Error [W]	Electrical Power Error [%]	Bus Voltage Usage [%]	Rotational Losses [W]	Kt [Nm/Arms]	
5248.8411	5247.1111	-1.7300	-0.0330	0.1282	0.1502	0.1752	-0.0470	-36.6272	0.0551	0.0553	-0.3306	-0.6183	0.5355	-0.7187	0.3665	0.5140	0.5075	0.0065	1.2732	0.0000	-4.8539	122.1784	149.8212	155.0464	5.2253	3.3701	102.3904	84.1178	-18.2726	-21.7227	170.3862	0.9384	95.1844	0.5947	nan	157.0830	70.4538	83.7048	88.3327	73.9406	40.7094	62.7162	0.6075	91.7154	-7.5976	-9.0321	98.7031	9.2813	0.2494	
5243.9246	5246.2222	2.2976	0.0438	0.2288	0.2725	0.2722	-0.0434	-18.9621	0.0544	0.0536	-0.4965	-0.5874	0.8397	-0.9343	0.6072	0.7234	0.7131	0.0103	1.4176	0.0000	0.4801	120.4767	147.7206	152.2876	4.5670	2.9989	151.8834	146.9456	-4.9378	-3.3603	170.3639	1.5781	163.0478	0.6065	nan	155.3550	125.6879	85.5485	90.1196	77.0951	40.7850	63.0036	0.7700	150.7375	-3.7919	-2.5805	98.0256	12.5755	0.3163	
5249.6250	5250.0000	0.3750	0.0071	0.2837	0.3085	0.2977	-0.0141	-4.9647	0.0537	0.0524	-0.5732	-0.6182	0.9174	-1.0294	0.7449	0.8331	0.8227	0.0104	1.2430	0.0000	-3.8901	119.3457	146.3665	151.5994	5.2330	3.4518	167.3424	180.3456	13.0032	7.2101	170.3386	1.9488	197.9400	0.5963	nan	155.0826	155.9544	86.4776	91.1098	78.7894	40.9216	63.5577	0.8244	185.1021	-4.7565	-2.6375	97.7540	12.8697	0.3405	
5250.5749	5249.7778	-0.7972	-0.0152	0.3327	0.3538	0.3764	-0.0437	-13.1384	0.0512	0.0519	-0.9198	-0.7223	1.2455	-1.1083	0.7707	0.9410	0.9340	0.0070	0.7444	0.0000	-2.4482	121.7413	149.1969	150.5768	1.3799	0.9164	230.5625	210.3744	-20.1880	-9.5962	170.2589	2.2768	229.4689	0.5920	nan	154.3278	182.8863	86.9339	91.6783	79.6995	41.0926	64.2712	0.8572	212.8345	-2.4600	-1.1694	97.5694	12.7781	0.3535	
5249.2316	5251.4286	2.1969	0.0418	0.3794	0.4053	0.4013	-0.0219	-5.7651	0.0505	0.0503	-0.9579	-0.7076	1.3268	-1.1853	0.8881	1.0571	1.0469	0.0103	0.9710	0.0000	1.9676	120.1530	147.4306	149.2290	1.7984	1.2051	237.3343	240.9414	3.6071	1.4971	170.1524	2.6045	261.8157	0.5908	nan	153.2310	208.6595	86.6029	92.0266	79.6977	41.3286	65.1703	0.8818	243.3540	-2.4126	-1.0013	97.3883	13.7015	0.3589	
5245.7673	5249.2222	3.4550	0.0658	0.4258	0.4639	0.4687	-0.0430	-10.0916	0.0484	0.0488	-1.1746	-0.6967	1.6626	-1.5036	0.9299	1.1773	1.1694	0.0079	0.6682	0.0000	-4.2054	120.6814	148.2266	147.7937	-0.4329	-0.2929	308.1024	271.2478	-36.8546	-13.5871	170.1068	2.9238	294.2144	0.5916	nan	152.0101	234.0481	86.2874	92.1937	79.5514	41.6279	66.2534	0.9000	276.7402	-5.4924	-2.0249	97.2262	14.1292	0.3617	
5256.7752	5247.8889	-8.8863	-0.1693	0.4727	0.4711	0.4929	-0.0202	-4.2837	0.0489	0.0515	-1.1451	-0.6525	1.7305	-1.2884	1.0556	1.3048	1.2968	0.0080	0.6121	0.0000	-10.3513	119.7004	147.2368	146.3932	-0.8436	-0.5763	324.1062	302.5522	-21.5539	-7.1240	170.1336	3.2517	327.8011	0.5925	nan	150.8436	259.7580	85.8569	92.2973	79.2435	42.0359	67.6453	0.9145	306.3465	-3.7943	-1.2541	97.0497	14.4110	0.3622	
5250.5958	5248.5556	-2.0402	-0.0389	0.5203	0.5394	0.5653	-0.0450	-8.6482	0.0440	0.0492	-1.5937	-0.7303	2.2076	-1.5925	1.0954	1.4420	1.4377	0.0043	0.2975	0.0000	-16.8770	123.7526	153.0348	144.8550	-8.1798	-5.6469	432.0153	335.0700	-96.9453	-28.9329	170.1597	3.5897	362.9300	0.5942	nan	149.5551	285.9895	85.3536	92.3234	78.8013	42.5164	69.3304	0.9261	341.3413	-6.2713	-1.8716	96.8573	14.3510	0.3608	
5248.5730	5245.4444	-3.1286	-0.0596	0.5656	0.5923	0.6181	-0.0526	-9.2963	0.0452	0.0477	-1.2143	-0.5379	2.3312	-1.8247	1.2037	1.5932	1.5946	-0.0014	-0.0875	0.0000	-5.0828	119.0085	146.0277	143.2222	-2.8055	-1.9589	426.0034	368.9944	-57.0089	-15.4498	170.1130	3.9452	399.8678	0.5958	nan	148.1346	310.6604	84.1934	92.2790	77.6928	43.1206	71.3580	0.9336	376.4663	-7.4719	-2.0249	96.6839	15.8443	0.3550	
5245.7167	5246.7778	1.0611	0.0202	0.6118	0.6484	0.6570	-0.0452	-7.3890	0.0449	0.0470	-1.0555	-0.4353	2.4522	-1.9482	1.3228	1.7679	1.7694	-0.0016	-0.0880	0.0000	0.1528	110.6651	136.6335	141.4696	4.8360	3.4184	405.1251	406.6022	1.4772	0.3633	170.0748	4.3343	440.9556	0.5982	nan	146.6840	336.1361	82.6715	92.2093	76.2308	43.8716	74.0095	0.9386	413.9771	-7.3749	-1.8138	96.4451	18.0032	0.3461	
5243.6617	5250.8571	7.1955	0.1370	0.6577	0.6914	0.6446	0.0131	1.9909	0.0447	0.0380	-1.0660	-0.4438	2.5115	-2.9383	1.4118	1.9585	1.9576	0.0009	0.0445	0.0000	-2.8390	113.7986	140.6180	139.2146	-1.4034	-1.0081	427.2368	446.0871	18.8503	4.2257	169.9761	4.7140	484.5029	0.6047	nan	144.7946	361.6567	81.0733	92.0711	74.6450	44.7287	76.9836	0.9446	453.3571	-7.2699	-1.6297	96.1463	19.8383	0.3358	
5237.1436	5244.4444	7.3009	0.1392	0.7048	0.7469	0.7205	-0.0157	-2.2286	0.0405	0.0407	0.0521	-0.0334	3.1142	-2.7757	1.4810	2.1510	2.1583	-0.0073	-0.3393	0.0000	5.6387	114.4930	140.7303	136.6800	-4.0503	-2.9633	535.4723	486.8822	-48.5901	-9.9798	169.9016	5.0705	529.6122	0.6148	nan	142.1801	387.0619	79.4992	91.9318	73.0850	45.7928	80.8544	0.9561	495.9210	-9.0388	-1.8565	96.1316	21.5915	0.3276	
5170.6015	5169.6667	-0.9348	-0.0181	0.7492	0.7562	0.7539	-0.0047	-0.6298	0.0379	0.0395	0.4037	0.1153	3.3756	-2.9743	1.4847	2.3054	2.3100	-0.0046	-0.1984	0.0000	-1.3233	110.0733	134.9576	134.1666	-0.7911	-0.5896	557.2123	522.2111	-35.0012	-6.7025	169.8884	5.3035	568.0567	0.6305	nan	139.8250	405.5997	77.6701	91.9294	71.4016	47.1102	85.3302	0.9747	530.5251	-8.3140	-1.5921	95.9532	26.3099	0.3250	
4826.5881	4838.4000	11.8119	0.2441	0.7996	0.9489	0.8385	-0.0389	-4.8648	0.0429	0.0494	0.9463	0.3046	3.3024	-2.5098	1.5527	2.3184	2.3191	-0.0007	-0.0283	0.0000	1.4636	110.0059	135.1378	134.4453	-0.6925	-0.5151	541.9043	524.0130	-17.8913	-3.4143	169.8856	5.3111	569.5490	0.6312	nan	140.0324	405.1248	77.3120	92.0049	71.1308	48.6452	89.6838	0.9706	533.9800	-9.9670	-1.9021	96.0101	27.0461	0.3449	

Torque compensated Offset = 	0
Mean Torque Mainboard Error perc = 	-8.92132389998033


