WindyBPMp50_330uF__HefeiH24_ID12__HighSpeedPower_264Vac_20250613_114719
Report created on: 2025/06/13: 13:44:40


Step N. = 	0
Target Speed = 	18000

Speed Mainboard (rpm_M)	Speed TestBench (rpm_M)	Speed Error (rpm_M)	Speed Error %	Torque TestBench (Nm_M)	Torque Ref (Nm)	Torque MainBoard (Nm_M)	Torque MainBoard Error (Nm_M)	Torque MainBoard Error %	Flux Ref (V/rad/s)	Flux (V/rad/s)	Id * Iq (A^2)	Id (Apeak)	Iq (Apeak)	Id Rotor (Apeak)	Iq Rotor (Apeak)	IMotor Measured (Arms)	IMotor MainBoard (Arms)	IMotor Error (Arms)	IMotor Error %	Motor Current THD %	Vsdref (Vpeak)	Vsqref (Vpeak)	Vout MainBoard (Vrms)	Vout Measured (Vrms)	Vout Error (Vrms)	Vout Error %	Motor Power MainBoard (W)	Motor Power Measured (W)	Motor Power Error (W)	Motor Power Error %	Line Voltage (Vrms)	Line Current (Arms)	Line Power (W)	Line Power Factor	Bulk Ripple (V)	DC Bus Voltage (Vrms)	Motor Mechanical Power (W)	Motor Efficiency	Inverter Efficiency	Overall Efficiency	Temperature (deg C)	Estimated Temperature (deg C)	Motor cos-phi	Electrical Power Alpha-Beta [W]	Electrical Power Error [W]	Electrical Power Error [%]	Bus Voltage Usage [%]	Rotational Losses [W]	Kt [Nm/Arms]	
17988.8470	17988.8470	0.0000	0.0000	0.1962	0.2231	0.2072	-0.0109	-5.5729	0.0245	0.0244	-2.9989	-2.1789	1.3726	-2.5419	0.3838	1.8277	1.7981	0.0296	1.6179	0.0000	-6.2050	215.2520	263.8277	246.0591	-17.7686	-7.2213	463.1732	421.4300	-41.7432	-9.9051	265.1554	2.3448	445.9000	0.7172	nan	240.4262	369.6391	87.7089	94.5120	82.8955	40.1518	78.1889	0.5410	459.6408	-38.2108	-9.0669	102.3429	21.2590	0.1074	
18007.1703	18007.1703	0.0000	0.0000	0.2156	0.2166	0.2196	-0.0040	-1.8537	0.0241	0.0240	-3.5756	-2.2688	1.5713	-2.6690	0.3708	1.8467	1.8036	0.0431	2.3329	0.0000	-5.4261	216.1398	264.8173	245.0210	-19.7963	-8.0794	526.6214	456.4525	-70.1689	-15.3727	265.0114	2.5209	482.6900	0.7225	nan	239.6739	406.6067	89.0800	94.5643	84.2380	40.5754	78.5542	0.5824	492.6260	-36.1735	-7.9249	102.2310	18.6233	0.1168	
17987.6884	17987.6884	0.0000	0.0000	0.2325	0.2565	0.2586	-0.0261	-11.2175	0.0247	0.0249	-3.4122	-1.9985	1.7234	-2.7377	0.3859	1.8615	1.8525	0.0090	0.4818	0.0000	-10.3649	213.2977	261.6003	243.9607	-17.6396	-7.2305	580.8173	483.2150	-97.6023	-20.1985	264.7837	2.6552	510.6250	0.7263	nan	238.9301	437.9510	90.6355	94.6320	85.7702	40.9741	78.9019	0.6143	526.9401	-43.7251	-9.0488	102.1055	13.4861	0.1249	
18003.2358	18003.2358	0.0000	0.0000	0.2477	0.2543	0.2567	-0.0090	-3.6481	0.0243	0.0238	-3.7709	-2.0982	1.7900	-2.5735	0.4590	1.8855	1.8583	0.0272	1.4408	0.0000	-7.0502	212.1930	260.1072	242.8546	-17.2527	-7.1041	592.3162	517.0667	-75.2495	-14.5531	264.6812	2.8254	546.2022	0.7304	nan	238.1594	466.9253	90.3056	94.6658	85.4885	41.3568	79.2493	0.6519	561.3902	-44.3235	-8.5721	101.9715	17.4894	0.1314	
18001.3056	18001.3056	0.0000	0.0000	0.2680	0.2744	0.2763	-0.0083	-3.0914	0.0238	0.0246	-3.8586	-2.0027	1.9369	-2.7014	0.4553	1.9092	1.8757	0.0335	1.7541	0.0000	-8.3016	212.6143	260.6701	241.9542	-18.7159	-7.7353	643.5318	555.1889	-88.3429	-15.9122	264.6829	3.0149	586.3100	0.7347	nan	237.6287	505.2051	90.9968	94.6920	86.1666	41.7646	79.6186	0.6939	599.0067	-43.8178	-7.8924	101.8203	16.4522	0.1404	
17997.6762	17997.6762	0.0000	0.0000	0.2841	0.2975	0.2988	-0.0147	-5.1588	0.0235	0.0240	-4.1781	-1.9346	2.1633	-2.7522	0.4640	1.9364	1.9066	0.0298	1.5409	0.0000	-9.7825	211.7898	259.7877	240.8166	-18.9712	-7.8779	715.7596	587.5667	-128.1929	-21.8176	264.7117	3.1739	620.4844	0.7385	nan	237.0930	535.4674	91.1310	94.6948	86.2964	42.1748	79.9962	0.7275	632.0146	-44.4480	-7.5648	101.5705	17.5473	0.1467	
18003.7078	18003.7078	0.0000	0.0000	0.3024	0.3057	0.2981	0.0043	1.4314	0.0235	0.0243	-3.8064	-1.8018	2.1151	-2.7875	0.5330	1.9655	1.9379	0.0276	1.4043	0.0000	-9.2204	211.2797	259.1670	239.8110	-19.3560	-8.0714	695.9304	622.2600	-73.6704	-11.8392	264.8370	3.3443	657.1720	0.7420	nan	236.6601	570.1280	91.6226	94.6875	86.7552	42.6425	80.4147	0.7622	665.3570	-43.0970	-6.9259	101.3314	16.4674	0.1539	
18005.8533	18005.8533	0.0000	0.0000	0.3186	0.3201	0.3276	-0.0090	-2.8275	0.0238	0.0237	-3.9047	-1.7174	2.2793	-2.7603	0.5607	1.9922	1.9671	0.0251	1.2589	0.0000	-5.0212	213.4982	261.5679	239.0121	-22.5558	-9.4371	742.9464	654.7422	-88.2042	-13.4716	264.9720	3.5036	691.5256	0.7449	nan	236.3177	600.6583	91.7403	94.6808	86.8604	43.0992	80.8313	0.7939	707.5640	-52.8217	-8.0676	101.1402	17.3765	0.1599	
18002.3057	18002.3057	0.0000	0.0000	0.3359	0.3405	0.3533	-0.0174	-5.1778	0.0240	0.0233	-4.0037	-1.6338	2.4548	-2.8465	0.6074	2.0220	2.0125	0.0095	0.4696	0.0000	-6.6310	209.4122	256.6298	238.0318	-18.5980	-7.8132	787.2861	686.0767	-101.2094	-14.7519	265.0218	3.6592	724.9789	0.7476	nan	235.8540	633.2167	92.2960	94.6340	87.3435	43.5267	81.2626	0.8230	738.6596	-52.5830	-7.6643	100.9234	14.9796	0.1661	
18007.7765	18007.7765	0.0000	0.0000	0.3526	0.3508	0.3717	-0.0191	-5.4194	0.0238	0.0236	-3.9305	-1.4910	2.6540	-2.8564	0.6424	2.0574	2.0423	0.0151	0.7354	0.0000	-4.2270	210.2268	257.5562	237.1146	-20.4416	-8.6210	847.1360	721.6186	-125.5175	-17.3939	265.0341	3.8364	762.9943	0.7504	nan	235.4213	664.8687	92.1359	94.5772	87.1396	43.9889	81.7111	0.8540	775.3438	-53.7253	-7.4451	100.7192	17.4608	0.1714	
17996.4919	17996.4919	0.0000	0.0000	0.3702	0.3845	0.4109	-0.0406	-10.9664	0.0239	0.0229	-3.3052	-1.1581	2.9078	-2.9704	0.6277	2.1012	2.0727	0.0285	1.3547	0.0000	-2.3407	208.4775	255.3586	235.6923	-19.6663	-8.3441	913.9571	758.4650	-155.4921	-20.5009	264.9500	4.0212	802.6550	0.7534	nan	234.6996	697.7689	91.9980	94.4945	86.9330	44.4453	82.1825	0.8842	815.4620	-56.9970	-7.5148	100.4230	19.6420	0.1762	
17999.6534	17999.6534	0.0000	0.0000	0.3861	0.3964	0.3897	-0.0035	-0.9182	0.0237	0.0233	-2.9770	-1.1276	2.7079	-2.9416	0.6654	2.1397	2.1334	0.0063	0.2947	0.0000	-5.4476	207.6842	254.5013	234.5325	-19.9688	-8.5143	852.1477	788.9300	-63.2177	-8.0131	264.8184	4.1758	835.5000	0.7556	nan	234.1783	727.8149	92.2532	94.4261	87.1111	44.8745	82.6639	0.9077	846.6593	-57.7293	-7.3174	100.1513	18.4696	0.1805	
18000.0776	18000.0776	0.0000	0.0000	0.4032	0.4137	0.3968	0.0064	1.5940	0.0237	0.0227	-3.2534	-1.2074	2.8001	-3.1066	0.7214	2.1898	2.1854	0.0043	0.1973	0.0000	-2.9109	210.3787	257.7813	233.2367	-24.5446	-10.5235	889.6850	824.3511	-65.3339	-7.9255	264.6773	4.3616	874.1822	0.7572	nan	233.6574	760.0592	92.2013	94.2997	86.9455	45.3898	83.2028	0.9319	883.9857	-59.6346	-7.2341	99.8200	19.5362	0.1841	
17993.7184	17993.7184	0.0000	0.0000	0.4203	0.4390	0.3768	0.0435	10.3491	0.0221	0.0228	-3.7415	-1.3344	2.8196	-3.2922	0.6615	2.2420	2.2418	0.0002	0.0100	0.0000	-5.0596	204.4445	250.5166	231.8461	-18.6705	-8.0530	874.3834	855.9822	-18.4012	-2.1497	264.5994	4.5259	908.8811	0.7590	nan	233.0850	792.0332	92.5292	94.1798	87.1438	45.9132	83.7741	0.9507	912.4628	-56.4806	-6.5983	99.4685	16.9337	0.1875	
18000.9595	18000.9595	0.0000	0.0000	0.4384	0.4491	0.4309	0.0075	1.7105	0.0219	0.0226	-1.7057	-0.5494	3.2962	-3.1338	0.6865	2.3071	2.2908	0.0163	0.7067	0.0000	0.2544	205.5925	251.8386	230.7644	-21.0742	-9.1323	1017.6074	893.8278	-123.7796	-13.8483	264.5447	4.7265	950.7467	0.7604	nan	232.6828	826.4928	92.4674	94.0133	86.9316	46.4763	84.3883	0.9693	952.7747	-58.9470	-6.5949	99.1755	17.4407	0.1900	
18001.3108	18001.3108	0.0000	0.0000	0.4554	0.4677	0.4592	-0.0037	-0.8187	0.0223	0.0224	-0.2065	-0.0727	3.5037	-3.4238	0.7739	2.3860	2.3677	0.0183	0.7674	0.0000	-1.0982	204.1709	250.3080	229.6024	-20.7055	-9.0180	1076.6289	929.2614	-147.3674	-15.8586	264.5029	4.9221	990.7457	0.7610	nan	232.3574	858.5249	92.3880	93.7942	86.6545	46.9917	85.0303	0.9793	982.9796	-53.7182	-5.7807	98.8143	17.2614	0.1909	
17992.6703	17992.6703	0.0000	0.0000	0.4723	0.5266	0.4624	0.0099	2.0990	0.0225	0.0221	2.3275	0.6538	3.3853	-3.5963	0.7661	2.6360	2.6171	0.0189	0.7169	0.0000	1.1756	189.1364	231.7642	227.4828	-4.2814	-1.8821	954.3780	982.3867	28.0086	2.8511	264.4861	5.2618	1054.7878	0.7579	nan	232.3380	889.9651	90.6027	93.1361	84.3840	47.6726	86.0430	0.9458	1035.5482	-53.1616	-5.4115	97.9103	26.9788	0.1792	
17726.9803	17726.9803	0.0000	0.0000	0.4894	0.4879	0.4953	-0.0059	-1.2115	0.0226	0.0225	5.8061	1.6322	3.5649	-3.8252	0.7654	2.7688	2.7718	-0.0029	-0.1064	0.0000	6.0214	196.1296	240.4037	227.1904	-13.2133	-5.8159	1064.1234	1000.3500	-63.7734	-6.3751	264.5898	5.3366	1077.0920	0.7628	nan	232.1870	908.4975	90.8180	92.8751	84.3473	48.5489	87.2962	0.9181	1061.8318	-61.4818	-6.1460	97.8480	19.4013	0.1768	
17179.4870	17179.4870	0.0000	0.0000	0.5076	0.4203	0.4974	0.0101	1.9926	0.0233	0.0236	4.9261	1.3520	3.7024	-3.6644	0.7575	2.7794	2.7695	0.0099	0.3560	0.0000	7.6991	191.1811	234.3666	226.9998	-7.3668	-3.2453	1081.1101	999.6700	-81.4401	-8.1467	264.7647	5.3320	1076.6122	0.7626	nan	232.4031	913.0974	91.3400	92.8533	84.8122	49.4641	88.3023	0.9148	1058.3708	-58.7008	-5.8720	97.6750	13.3052	0.1826	
16630.1946	16630.1946	0.0000	0.0000	0.5223	0.5388	0.5256	-0.0033	-0.6256	0.0238	0.0239	5.9345	1.6465	3.6129	-3.8283	0.8216	2.7800	2.7914	-0.0114	-0.4093	0.0000	7.3162	190.0925	233.0203	226.2091	-6.8112	-3.0110	1051.2408	996.9711	-54.2697	-5.4435	264.8751	5.3158	1073.7756	0.7626	nan	232.4567	909.6247	91.2388	92.8473	84.7128	50.3157	89.0867	0.9153	1057.7460	-60.7749	-6.0960	97.3124	13.8040	0.1879	

Torque compensated Offset = 	0
Mean Torque Mainboard Error perc = 	-1.9665484469994148


Step N. = 	1
Target Speed = 	16296

Speed Mainboard (rpm_M)	Speed TestBench (rpm_M)	Speed Error (rpm_M)	Speed Error %	Torque TestBench (Nm_M)	Torque Ref (Nm)	Torque MainBoard (Nm_M)	Torque MainBoard Error (Nm_M)	Torque MainBoard Error %	Flux Ref (V/rad/s)	Flux (V/rad/s)	Id * Iq (A^2)	Id (Apeak)	Iq (Apeak)	Id Rotor (Apeak)	Iq Rotor (Apeak)	IMotor Measured (Arms)	IMotor MainBoard (Arms)	IMotor Error (Arms)	IMotor Error %	Motor Current THD %	Vsdref (Vpeak)	Vsqref (Vpeak)	Vout MainBoard (Vrms)	Vout Measured (Vrms)	Vout Error (Vrms)	Vout Error %	Motor Power MainBoard (W)	Motor Power Measured (W)	Motor Power Error (W)	Motor Power Error %	Line Voltage (Vrms)	Line Current (Arms)	Line Power (W)	Line Power Factor	Bulk Ripple (V)	DC Bus Voltage (Vrms)	Motor Mechanical Power (W)	Motor Efficiency	Inverter Efficiency	Overall Efficiency	Temperature (deg C)	Estimated Temperature (deg C)	Motor cos-phi	Electrical Power Alpha-Beta [W]	Electrical Power Error [W]	Electrical Power Error [%]	Bus Voltage Usage [%]	Rotational Losses [W]	Kt [Nm/Arms]	
16293.4403	16293.4403	0.0000	0.0000	0.1930	0.2039	0.1827	0.0103	5.3431	0.0279	0.0273	-2.5941	-2.2679	1.1323	-2.4884	0.3708	1.7141	1.6836	0.0305	1.7781	0.0000	-7.8972	207.0382	253.8110	245.2296	-8.5814	-3.4993	377.4930	370.5900	-6.9030	-1.8627	264.7649	2.0969	394.0611	0.7098	nan	241.1216	329.3051	88.8640	94.0436	83.5708	41.8964	76.3023	0.5090	400.2431	-29.6531	-8.0016	101.7037	14.2411	0.1126	
16298.1136	16298.1136	0.0000	0.0000	0.2000	0.1987	0.1947	0.0053	2.6743	0.0275	0.0280	-2.3795	-2.0926	1.1460	-2.4542	0.2877	1.7254	1.6916	0.0338	1.9583	0.0000	-6.8557	205.5187	251.8941	245.0284	-6.8657	-2.8020	375.3157	377.1114	1.7957	0.4762	264.6996	2.1299	400.6257	0.7106	nan	241.0954	341.3426	90.5149	94.1306	85.2023	42.3410	76.6564	0.5150	401.4639	-24.3524	-6.4576	101.6313	8.3172	0.1159	
16298.8659	16298.8659	0.0000	0.0000	0.2183	0.2076	0.2192	-0.0008	-0.3746	0.0272	0.0278	-3.0511	-2.2220	1.3594	-2.4009	0.3740	1.7398	1.6955	0.0443	2.5458	0.0000	-11.3595	204.0608	250.3448	244.2362	-6.1086	-2.5011	452.9322	403.4500	-49.4822	-12.2648	264.6663	2.2629	428.1878	0.7149	nan	240.6642	372.6552	92.3760	94.2223	87.0386	42.7376	76.9343	0.5482	422.2835	-18.8335	-4.6681	101.4842	2.8390	0.1255	
16303.5999	16303.5999	0.0000	0.0000	0.2447	0.2293	0.2263	0.0184	7.5119	0.0274	0.0273	-2.7130	-2.0943	1.2874	-2.4843	0.3899	1.7735	1.7407	0.0328	1.8468	0.0000	-6.2291	205.2323	251.4999	242.7214	-8.7785	-3.6167	415.7415	458.6222	42.8807	9.3499	264.7930	2.5389	486.1111	0.7231	nan	239.6256	417.7225	91.0822	94.3451	85.9316	43.1578	77.2334	0.6151	477.2990	-18.6768	-4.0724	101.2921	11.8023	0.1380	
16280.9809	16280.9809	0.0000	0.0000	0.2675	0.2790	0.2580	0.0095	3.5630	0.0269	0.0263	-3.1045	-1.9821	1.5630	-2.6299	0.4808	1.7875	1.7598	0.0277	1.5488	0.0000	-8.0605	204.4280	250.6423	242.1887	-8.4536	-3.4905	502.6427	486.2075	-16.4352	-3.3803	264.9285	2.6750	514.8450	0.7265	nan	239.1354	456.0712	93.8011	94.4376	88.5837	43.5618	77.5331	0.6484	515.5218	-29.3143	-6.0292	101.2769	0.5306	0.1497	
16298.5027	16298.5027	0.0000	0.0000	0.2876	0.2753	0.2688	0.0188	6.5352	0.0271	0.0270	-3.2121	-1.9745	1.6281	-2.5855	0.4979	1.8338	1.7921	0.0417	2.2718	0.0000	-5.1350	203.0664	248.8139	240.7087	-8.1053	-3.3672	510.0563	537.5378	27.4815	5.1125	264.9719	2.9306	568.9956	0.7327	nan	238.6314	490.7916	91.3085	94.4713	86.2602	43.9757	77.8316	0.7031	551.5365	-13.9987	-2.6042	100.8706	15.5361	0.1568	
16298.2299	16298.2299	0.0000	0.0000	0.3113	0.3044	0.3554	-0.0441	-14.1743	0.0273	0.0256	-3.6276	-1.6394	2.2229	-2.6947	0.5959	1.8594	1.8349	0.0244	1.3149	0.0000	-4.4315	206.2330	252.6488	239.8983	-12.7505	-5.3150	699.2361	570.7150	-128.5211	-22.5193	265.0125	3.0945	603.8075	0.7363	nan	237.8484	531.2259	93.0812	94.5194	87.9797	44.4273	78.1784	0.7387	604.9633	-34.2483	-6.0010	100.8619	7.3429	0.1674	
16293.8963	16293.8963	0.0000	0.0000	0.3321	0.3286	0.3294	0.0027	0.8049	0.0270	0.0270	-3.7385	-1.8034	2.0835	-2.6073	0.6030	1.8972	1.8550	0.0422	2.2234	0.0000	-3.7308	205.8004	252.1277	238.6396	-13.4881	-5.6521	652.2222	611.0320	-41.1902	-6.7411	265.0142	3.2940	646.3510	0.7404	nan	237.3343	566.6597	92.7399	94.5356	87.6723	44.8590	78.5273	0.7792	638.7436	-27.7116	-4.5352	100.5501	10.8480	0.1750	
16295.8012	16295.8012	0.0000	0.0000	0.3562	0.3501	0.3676	-0.0114	-3.1907	0.0264	0.0271	-3.3937	-1.4929	2.2914	-2.6720	0.6374	1.9435	1.8976	0.0460	2.3658	0.0000	-5.4059	202.1035	247.6587	237.2442	-10.4145	-4.3898	705.1159	654.8511	-50.2648	-7.6758	264.9872	3.5125	692.9600	0.7445	nan	236.6288	607.8905	92.8289	94.5006	87.7238	45.3411	78.9076	0.8200	683.4633	-28.6122	-4.3693	100.2602	11.7113	0.1833	
16296.6054	16296.6054	0.0000	0.0000	0.3787	0.3691	0.3686	0.0101	2.6652	0.0260	0.0259	-3.4519	-1.4744	2.3486	-2.8294	0.6555	1.9831	1.9464	0.0367	1.8498	0.0000	-6.6331	200.8441	246.1884	236.1797	-10.0088	-4.2378	722.1237	690.7322	-31.3915	-4.5447	264.9579	3.6913	731.2289	0.7477	nan	236.0510	646.2241	93.5565	94.4618	88.3752	45.8057	79.2907	0.8514	718.9175	-28.1853	-4.0805	100.0546	7.7401	0.1909	
16295.8824	16295.8824	0.0000	0.0000	0.3996	0.3920	0.3601	0.0394	9.8642	0.0266	0.0260	-3.6207	-1.6278	2.2389	-2.8427	0.6781	2.0396	2.0070	0.0326	1.5971	0.0000	-5.7764	203.5049	249.3968	234.6973	-14.6995	-6.2632	697.0231	735.0800	38.0569	5.1772	264.9213	3.9136	778.8500	0.7512	nan	235.3749	681.8422	92.7575	94.3802	87.5447	46.2700	79.6981	0.8866	768.6846	-33.6046	-4.5716	99.7122	14.2755	0.1959	
16291.0883	16291.0883	0.0000	0.0000	0.4216	0.4227	0.4266	-0.0049	-1.1685	0.0259	0.0259	-2.9125	-1.1131	2.7702	-3.0420	0.7382	2.0873	2.0652	0.0221	1.0607	0.0000	-1.0414	200.8196	246.0428	233.5630	-12.4798	-5.3432	835.8255	769.9238	-65.9017	-8.5595	264.8829	4.0893	816.3663	0.7537	nan	234.7681	719.2917	93.4239	94.3111	88.1090	46.7958	80.1486	0.9118	809.6929	-39.7692	-5.1653	99.4867	9.7390	0.2020	
16296.2441	16296.2441	0.0000	0.0000	0.4437	0.4353	0.4500	-0.0062	-1.4061	0.0262	0.0265	-2.6354	-0.9559	2.9231	-2.9427	0.7669	2.1497	2.1161	0.0336	1.5611	0.0000	-2.4821	203.5509	249.3457	232.3045	-17.0412	-7.3357	896.8474	811.5375	-85.3099	-10.5121	264.8388	4.3006	861.4525	0.7563	nan	234.2416	757.2768	93.3138	94.2057	87.9070	47.2701	80.5968	0.9382	854.4953	-42.9578	-5.2934	99.1731	10.8069	0.2064	
16293.7965	16293.7965	0.0000	0.0000	0.4644	0.4596	0.4390	0.0254	5.4683	0.0256	0.0253	-2.9188	-1.0323	2.8575	-3.1113	0.7458	2.2203	2.1850	0.0353	1.5898	0.0000	-2.1072	203.8399	249.6698	230.9761	-18.6936	-8.0933	876.7687	852.1714	-24.5973	-2.8864	264.7799	4.5110	906.0243	0.7586	nan	233.6426	792.4466	92.9922	94.0562	87.4651	47.7758	81.0671	0.9594	893.0211	-40.8496	-4.7936	98.8590	13.2774	0.2092	
16292.7903	16292.7903	0.0000	0.0000	0.4884	0.4826	0.4608	0.0275	5.6376	0.0253	0.0254	-2.5545	-0.8637	2.9950	-3.1231	0.8238	2.3074	2.2570	0.0504	2.1846	0.0000	-5.3614	203.3671	249.2367	229.6515	-19.5852	-8.5282	921.4782	893.5391	-27.9391	-3.1268	264.7343	4.7297	951.7500	0.7601	nan	233.1630	833.2349	93.2512	93.8838	87.5478	48.3501	81.6305	0.9736	929.3740	-35.8349	-4.0104	98.4941	10.0284	0.2117	
16287.1173	16287.1173	0.0000	0.0000	0.5112	0.5194	0.4973	0.0139	2.7190	0.0249	0.0256	1.5727	0.3961	3.3720	-3.1998	0.8237	2.5167	2.3903	0.1264	5.0211	0.0000	-1.1384	198.8474	243.6104	227.8833	-15.7271	-6.9014	1009.1850	946.6789	-62.5061	-6.6027	264.7711	5.1190	1014.6544	0.7487	nan	232.8375	871.9328	92.1092	93.3020	85.9401	49.0339	82.3159	0.9534	980.5039	-33.8251	-3.5730	97.8725	14.7756	0.2031	
16281.6623	16281.6623	0.0000	0.0000	0.5304	0.5489	0.5117	0.0187	3.5278	0.0254	0.0236	5.3089	1.4942	3.5523	-3.7937	0.8010	2.7781	2.6783	0.0998	3.5934	0.0000	2.1500	203.0375	248.7578	225.4880	-23.2698	-10.3197	1085.8372	993.1612	-92.6759	-9.3314	264.8159	5.2950	1069.2787	0.7626	nan	232.7476	904.2968	91.0523	92.8814	84.5707	49.8643	83.3832	0.9154	1029.7741	-36.6128	-3.6865	96.8810	15.5534	0.1909	
16023.9146	16023.9146	0.0000	0.0000	0.5545	0.5177	0.5476	0.0069	1.2373	0.0257	0.0242	4.7742	1.3548	3.5095	-3.9325	0.9131	2.7936	2.7931	0.0005	0.0174	0.0000	6.6021	199.0565	244.0090	224.9290	-19.0800	-8.4827	1061.6906	990.8900	-70.8006	-7.1452	264.8317	5.2842	1067.0875	0.7625	nan	232.4772	930.4456	93.8999	92.8593	87.1948	50.7507	84.6078	0.9104	1051.9980	-61.1080	-6.1670	96.7531	-13.9455	0.1985	
15356.6367	15356.6367	0.0000	0.0000	0.5754	0.5131	0.5628	0.0126	2.1841	0.0262	0.0244	6.1112	1.7531	3.4969	-3.8975	0.9049	2.8048	2.8025	0.0024	0.0844	0.0000	7.1446	195.3391	239.6836	224.2579	-15.4257	-6.8785	1039.7989	988.1110	-51.6879	-5.2310	264.8273	5.2714	1064.4070	0.7625	nan	232.5269	925.2871	93.6421	92.8321	86.9299	51.6762	85.5682	0.9070	1043.3317	-55.2207	-5.5885	96.4438	-12.4332	0.2051	

Torque compensated Offset = 	0
Mean Torque Mainboard Error perc = 	2.0748287601977085


Step N. = 	2
Target Speed = 	13968

Speed Mainboard (rpm_M)	Speed TestBench (rpm_M)	Speed Error (rpm_M)	Speed Error %	Torque TestBench (Nm_M)	Torque Ref (Nm)	Torque MainBoard (Nm_M)	Torque MainBoard Error (Nm_M)	Torque MainBoard Error %	Flux Ref (V/rad/s)	Flux (V/rad/s)	Id * Iq (A^2)	Id (Apeak)	Iq (Apeak)	Id Rotor (Apeak)	Iq Rotor (Apeak)	IMotor Measured (Arms)	IMotor MainBoard (Arms)	IMotor Error (Arms)	IMotor Error %	Motor Current THD %	Vsdref (Vpeak)	Vsqref (Vpeak)	Vout MainBoard (Vrms)	Vout Measured (Vrms)	Vout Error (Vrms)	Vout Error %	Motor Power MainBoard (W)	Motor Power Measured (W)	Motor Power Error (W)	Motor Power Error %	Line Voltage (Vrms)	Line Current (Arms)	Line Power (W)	Line Power Factor	Bulk Ripple (V)	DC Bus Voltage (Vrms)	Motor Mechanical Power (W)	Motor Efficiency	Inverter Efficiency	Overall Efficiency	Temperature (deg C)	Estimated Temperature (deg C)	Motor cos-phi	Electrical Power Alpha-Beta [W]	Electrical Power Error [W]	Electrical Power Error [%]	Bus Voltage Usage [%]	Rotational Losses [W]	Kt [Nm/Arms]	
13963.5996	13957.1111	-6.4885	-0.0465	0.1893	0.1796	0.1800	0.0094	4.9402	0.0330	0.0329	-1.8427	-2.0133	0.9130	-2.2570	0.3366	1.5555	1.4932	0.0623	4.0057	0.0000	-6.1884	200.9880	246.3066	244.0516	-2.2550	-0.9240	293.5483	308.5144	14.9661	4.8510	264.6747	1.7844	330.5211	0.6998	nan	242.9540	276.7279	89.6703	93.3408	83.6996	41.4790	69.8008	0.4692	299.5083	9.0061	2.9192	100.4520	9.5523	0.1217	
13965.6092	13971.1111	5.5019	0.0394	0.2200	0.2147	0.2101	0.0099	4.5143	0.0321	0.0324	-2.2296	-2.0096	1.1051	-2.2471	0.3383	1.5864	1.5382	0.0482	3.0413	0.0000	-8.5232	199.8417	245.0097	242.9357	-2.0740	-0.8537	356.2740	351.2889	-4.9852	-1.4191	264.7409	2.0018	375.0122	0.7076	nan	241.6124	321.8713	91.6435	93.6736	85.8455	41.8246	70.1443	0.5262	353.3792	-2.0903	-0.5950	100.5477	6.2586	0.1387	
13968.4895	13963.7778	-4.7117	-0.0337	0.2518	0.2451	0.2212	0.0306	12.1357	0.0325	0.0317	-2.2586	-1.9922	1.1329	-2.3019	0.4192	1.6221	1.5825	0.0396	2.4437	0.0000	-8.2941	200.1489	245.3955	241.8538	-3.5418	-1.4644	364.4437	397.0511	32.6074	8.2124	264.8299	2.2324	422.6300	0.7148	nan	240.6101	368.1706	92.7263	93.9477	87.1141	42.1659	70.4489	0.5843	407.7557	-10.7046	-2.6960	100.5170	4.6354	0.1552	
13961.6557	13962.0000	0.3443	0.0025	0.2754	0.2733	0.2768	-0.0013	-0.4787	0.0316	0.0319	-2.7802	-1.9268	1.4498	-2.2983	0.4813	1.6518	1.6167	0.0351	2.1249	0.0000	-4.4553	197.2454	241.6613	241.0321	-0.6291	-0.2610	442.3002	434.1633	-8.1369	-1.8741	264.8989	2.4186	461.3344	0.7201	nan	240.2255	402.7273	92.7626	94.1101	87.2988	42.5266	70.7271	0.6296	439.9664	-5.8031	-1.3366	100.3359	6.2594	0.1668	
13968.2772	13972.1111	3.8339	0.0274	0.3029	0.2957	0.2949	0.0080	2.6316	0.0310	0.0317	-2.8897	-1.8402	1.5698	-2.3179	0.4897	1.6891	1.6543	0.0348	2.0576	0.0000	-5.1428	194.5578	238.4089	240.0414	1.6326	0.6801	471.5499	476.9644	5.4145	1.1352	264.9897	2.6320	506.1300	0.7257	nan	239.4421	443.1729	92.9154	94.2375	87.5611	42.8921	71.0056	0.6792	486.4013	-9.4368	-1.9785	100.2505	7.4259	0.1793	
13964.8997	13968.0000	3.1003	0.0222	0.3275	0.3205	0.3469	-0.0194	-5.9116	0.0303	0.0328	-3.3471	-1.7149	1.9532	-2.3671	0.5596	1.7176	1.6926	0.0249	1.4511	0.0000	-2.9357	196.0346	240.1471	239.2540	-0.8931	-0.3733	581.9648	508.2333	-73.7315	-14.5074	265.0262	2.7879	538.8867	0.7293	nan	239.0408	479.0426	94.2579	94.3117	88.8962	43.2374	71.2755	0.7141	522.5245	-14.2912	-2.8119	100.0892	1.8912	0.1907	
13964.7461	13964.6667	-0.0794	-0.0006	0.3568	0.3496	0.3770	-0.0202	-5.6674	0.0314	0.0316	-3.2912	-1.6662	1.9938	-2.4598	0.6446	1.7678	1.7260	0.0418	2.3669	0.0000	-8.5849	199.9499	245.1471	237.8396	-7.3075	-3.0725	620.4920	556.9656	-63.5264	-11.4058	264.9841	3.0312	590.3333	0.7350	nan	238.2645	521.7436	93.6756	94.3476	88.3808	43.6227	71.5483	0.7648	571.4027	-14.4371	-2.5921	99.8219	6.2568	0.2018	
13964.9985	13959.6667	-5.3319	-0.0382	0.3810	0.3746	0.3760	0.0050	1.3147	0.0301	0.0313	-3.3198	-1.6017	2.0798	-2.4428	0.6481	1.8035	1.7717	0.0319	1.7661	0.0000	-1.1270	193.6255	237.2007	236.8962	-0.3045	-0.1285	606.0907	588.8578	-17.2329	-2.9265	264.8702	3.1903	623.8122	0.7382	nan	237.6279	556.9659	94.5845	94.3966	89.2846	43.9958	71.8647	0.7957	607.4328	-18.5750	-3.1544	99.6921	1.6996	0.2113	
13966.8131	13966.2222	-0.5909	-0.0042	0.4073	0.3995	0.4019	0.0054	1.3369	0.0312	0.0307	-3.0906	-1.4676	2.1311	-2.6360	0.6961	1.8650	1.8206	0.0443	2.3766	0.0000	-7.6151	196.5357	240.9221	235.2468	-5.6753	-2.4125	644.6372	639.2156	-5.4216	-0.8482	264.6829	3.4433	677.4244	0.7433	nan	236.7895	595.7401	93.1984	94.3597	87.9417	44.4173	72.1808	0.8412	653.9906	-14.7751	-2.3114	99.3487	11.1373	0.2184	
13963.8585	13967.5556	3.6971	0.0265	0.4338	0.4282	0.4347	-0.0009	-0.2145	0.0310	0.0304	-2.9653	-1.2896	2.3306	-2.6685	0.7213	1.9032	1.8763	0.0269	1.4149	0.0000	-9.0366	198.9088	243.9143	234.3020	-9.6123	-4.1025	712.1984	668.2133	-43.9851	-6.5825	264.5492	3.5893	708.1956	0.7458	nan	236.0940	634.4776	94.9514	94.3543	89.5908	44.8418	72.5368	0.8652	688.7559	-20.5425	-3.0742	99.2410	0.0016	0.2279	
13963.3772	13975.0000	11.6228	0.0832	0.4590	0.4574	0.4398	0.0192	4.1744	0.0299	0.0305	-3.0557	-1.2747	2.4305	-2.7328	0.7823	1.9787	1.9409	0.0379	1.9149	0.0000	-2.4517	192.3596	235.6754	232.6864	-2.9891	-1.2846	704.9716	721.4925	16.5209	2.2898	264.5085	3.8563	765.3637	0.7503	nan	235.3452	671.7274	93.1026	94.2679	87.7659	45.3077	72.9048	0.9047	738.7397	-17.2472	-2.3905	98.8704	13.2316	0.2320	
13964.2349	13966.8889	2.6540	0.0190	0.4860	0.4813	0.4990	-0.0130	-2.6820	0.0297	0.0315	-2.4625	-0.8816	2.8593	-2.6218	0.8315	2.0229	1.9933	0.0296	1.4640	0.0000	-2.8723	196.3543	240.6112	231.9594	-8.6517	-3.7299	846.7068	750.4167	-96.2901	-12.8316	264.6199	4.0003	796.3767	0.7523	nan	234.9268	710.8280	94.7246	94.2289	89.2579	45.7645	73.3115	0.9233	777.6814	-27.2647	-3.6333	98.7369	1.3370	0.2402	
13969.4747	13969.7143	0.2396	0.0017	0.5117	0.5024	0.5059	0.0058	1.1287	0.0291	0.0299	-1.9769	-0.7015	2.9417	-2.8474	0.8543	2.1090	2.0669	0.0422	1.9993	0.0000	1.5229	190.9129	233.8551	230.5736	-3.2816	-1.4232	839.3089	800.8629	-38.4460	-4.8006	264.7791	4.2539	851.0786	0.7556	nan	234.4672	748.5895	93.4730	94.0998	87.9579	46.2575	73.7297	0.9508	824.4676	-23.6047	-2.9474	98.3395	10.6145	0.2426	
13969.2464	13970.7778	1.5313	0.0110	0.5377	0.5295	0.5359	0.0018	0.3295	0.0301	0.0299	-2.0754	-0.7216	2.9712	-2.8504	0.9319	2.1904	2.1511	0.0393	1.7939	0.0000	-0.1727	195.7763	239.8325	229.4667	-10.3659	-4.5174	871.5626	842.1811	-29.3815	-3.4887	264.8609	4.4649	896.0400	0.7577	nan	234.0593	786.6154	93.4025	93.9892	87.7883	46.7766	74.2011	0.9674	871.6790	-29.4979	-3.5026	98.0379	10.5368	0.2455	
13966.4718	13963.0000	-3.4718	-0.0249	0.5641	0.5552	0.5683	-0.0042	-0.7418	0.0291	0.0297	-0.6407	-0.2145	3.2765	-2.9711	0.9127	2.2785	2.2382	0.0403	1.7703	0.0000	2.6719	191.7795	235.0794	228.4019	-6.6775	-2.9236	944.2111	879.8956	-64.3156	-7.3095	264.8662	4.6619	937.5467	0.7593	nan	233.6346	824.8445	93.7438	93.8509	87.9794	47.3485	74.7401	0.9762	906.7536	-26.8580	-3.0524	97.7604	6.2180	0.2476	
13963.2845	13959.1250	-4.1595	-0.0298	0.5902	0.5879	0.6486	-0.0583	-9.8794	0.0310	0.0296	4.7784	1.3227	3.6303	-3.0591	0.9713	2.4189	2.3683	0.0506	2.0926	0.0000	2.3299	194.6329	238.4030	227.1209	-11.2822	-4.9675	1064.3528	926.9038	-137.4491	-14.8288	264.8280	4.9155	990.3300	0.7608	nan	232.9815	862.8257	93.0869	93.5954	87.1251	47.9749	75.3683	0.9741	963.9212	-37.0174	-3.9937	97.4845	8.9070	0.2440	
13951.5375	13959.3333	7.7959	0.0558	0.6169	0.6558	0.5882	0.0287	4.6507	0.0284	0.0297	3.7816	1.0308	3.4031	-3.6416	1.0180	2.7444	2.6139	0.1305	4.7557	0.0000	4.3206	193.3983	237.4065	224.1486	-13.2579	-5.9148	1001.6524	986.8267	-14.8257	-1.5024	264.7528	5.2584	1061.8511	0.7627	nan	232.8140	901.7793	91.3828	92.9350	84.9268	48.7124	76.1453	0.9263	1016.7722	-29.9456	-3.0345	96.2783	13.8255	0.2248	
13814.2152	13409.1111	-405.1041	-3.0211	0.6433	0.5361	0.6344	0.0090	1.3949	0.0284	0.0291	6.1950	1.6780	3.7185	-3.9431	0.9801	2.8530	2.8027	0.0503	1.7626	0.0000	4.9173	196.7058	241.0258	222.6606	-18.3652	-8.2481	1112.5930	987.4867	-125.1063	-12.6692	264.6932	5.2733	1064.3800	0.7626	nan	232.4632	903.3480	91.4795	92.7758	84.8708	49.6272	77.3847	0.8975	1031.2419	-43.7552	-4.4310	95.7831	6.8922	0.2255	
13214.0535	12863.7143	-350.3392	-2.7235	0.6680	0.6368	0.6714	-0.0034	-0.5100	0.0306	0.0295	5.7810	1.6205	3.5512	-3.8643	1.0906	2.8680	2.8723	-0.0043	-0.1486	0.0000	10.3664	188.3920	231.4529	222.2011	-9.2518	-4.1637	1024.5920	985.8100	-38.7820	-3.9340	264.6596	5.2667	1062.9886	0.7626	nan	232.3953	899.8247	91.2776	92.7395	84.6503	50.5358	78.5229	0.8931	1031.4792	-45.6692	-4.6327	95.6134	7.6467	0.2329	

Torque compensated Offset = 	0
Mean Torque Mainboard Error perc = 	0.6561088590893163


Step N. = 	3
Target Speed = 	11640

Speed Mainboard (rpm_M)	Speed TestBench (rpm_M)	Speed Error (rpm_M)	Speed Error %	Torque TestBench (Nm_M)	Torque Ref (Nm)	Torque MainBoard (Nm_M)	Torque MainBoard Error (Nm_M)	Torque MainBoard Error %	Flux Ref (V/rad/s)	Flux (V/rad/s)	Id * Iq (A^2)	Id (Apeak)	Iq (Apeak)	Id Rotor (Apeak)	Iq Rotor (Apeak)	IMotor Measured (Arms)	IMotor MainBoard (Arms)	IMotor Error (Arms)	IMotor Error %	Motor Current THD %	Vsdref (Vpeak)	Vsqref (Vpeak)	Vout MainBoard (Vrms)	Vout Measured (Vrms)	Vout Error (Vrms)	Vout Error %	Motor Power MainBoard (W)	Motor Power Measured (W)	Motor Power Error (W)	Motor Power Error %	Line Voltage (Vrms)	Line Current (Arms)	Line Power (W)	Line Power Factor	Bulk Ripple (V)	DC Bus Voltage (Vrms)	Motor Mechanical Power (W)	Motor Efficiency	Inverter Efficiency	Overall Efficiency	Temperature (deg C)	Estimated Temperature (deg C)	Motor cos-phi	Electrical Power Alpha-Beta [W]	Electrical Power Error [W]	Electrical Power Error [%]	Bus Voltage Usage [%]	Rotational Losses [W]	Kt [Nm/Arms]	
11637.2506	11631.3333	-5.9173	-0.0509	0.1852	0.1601	0.1765	0.0087	4.7056	0.0394	0.0393	-1.3607	-1.7764	0.7705	-1.9410	0.2834	1.3475	1.2791	0.0684	5.0745	0.0000	-7.5219	196.8124	241.2687	244.0314	2.7628	1.1321	247.7351	247.1667	-0.5684	-0.2300	265.0466	1.4674	267.4178	0.6874	nan	244.9393	225.6091	91.2535	92.4203	84.3376	40.7518	72.5645	0.4338	222.9944	24.1722	9.7797	99.6298	4.9205	0.1375	
11637.2455	11639.8889	2.6434	0.0227	0.2279	0.2218	0.2160	0.0118	5.1981	0.0391	0.0384	-1.6415	-1.7875	0.9106	-1.8665	0.4085	1.4091	1.3609	0.0483	3.4257	0.0000	-5.1847	194.8255	238.7024	241.7068	3.0044	1.2430	280.5849	306.8856	26.3006	8.5702	264.7980	1.7767	329.5800	0.7005	nan	242.5673	277.7795	90.5262	93.1124	84.2908	41.0291	72.8644	0.5202	300.4292	6.4564	2.1038	99.6454	10.8930	0.1617	
11635.0662	11639.0000	3.9338	0.0338	0.2653	0.2631	0.2773	-0.0119	-4.4958	0.0388	0.0386	-2.1565	-1.7566	1.2279	-2.1482	0.4873	1.4348	1.4000	0.0348	2.4278	0.0000	-5.2067	196.6725	241.0572	240.9289	-0.1283	-0.0533	376.8384	341.0500	-35.7884	-10.4936	264.6669	1.9521	364.7844	0.7060	nan	241.5000	323.3969	94.8251	93.4934	88.6551	41.3335	73.1438	0.5696	349.8988	-8.8488	-2.5946	99.7636	-1.2527	0.1849	
11629.4949	11640.2857	10.7908	0.0927	0.2969	0.2968	0.3028	-0.0059	-1.9913	0.0376	0.0392	-2.1709	-1.6179	1.3386	-2.0787	0.5810	1.4719	1.4292	0.0427	2.8979	0.0000	-2.7928	190.0612	232.8221	239.8810	7.0589	2.9427	388.7377	387.1986	-1.5391	-0.3975	264.7583	2.1858	412.8943	0.7135	nan	240.8881	361.8596	93.4586	93.7765	87.6421	41.6165	73.3711	0.6331	387.7715	-0.5730	-0.1480	99.5821	5.4204	0.2017	
11638.0750	11639.1111	1.0361	0.0089	0.3312	0.3246	0.3387	-0.0075	-2.2698	0.0381	0.0381	-2.5025	-1.6457	1.5211	-1.9742	0.5629	1.5118	1.4732	0.0386	2.5551	0.0000	-5.1265	190.7241	233.6947	239.0239	5.3291	2.2295	447.6395	428.8900	-18.7495	-4.3716	264.9088	2.3955	456.4144	0.7192	nan	240.2693	403.7084	94.1285	93.9694	88.4521	41.9677	73.6122	0.6852	433.4414	-4.5514	-1.0612	99.4819	4.1374	0.2191	
11636.9726	11637.2222	0.2497	0.0021	0.3648	0.3591	0.3887	-0.0239	-6.5556	0.0371	0.0375	-2.5071	-1.4474	1.7424	-2.1577	0.6140	1.5581	1.5215	0.0366	2.3461	0.0000	-3.9496	191.2776	234.3947	238.0282	3.6335	1.5265	508.3426	471.0889	-37.2537	-7.9080	265.0094	2.6067	500.5600	0.7246	nan	239.6435	444.5355	94.3636	94.1123	88.8078	42.2804	73.8566	0.7334	478.4792	-7.3903	-1.5688	99.3261	4.1747	0.2341	
11635.4313	11638.6364	3.2051	0.0275	0.3982	0.3978	0.3941	0.0041	1.0271	0.0372	0.0380	-2.5527	-1.4877	1.7220	-2.2091	0.6797	1.6067	1.5699	0.0367	2.2871	0.0000	-1.3711	191.0091	233.9991	236.9307	2.9316	1.2373	496.5031	511.5391	15.0360	2.9394	265.0015	2.8093	543.0182	0.7294	nan	238.9797	485.3022	94.8709	94.2029	89.3712	42.6449	74.1399	0.7758	524.8166	-13.2775	-2.5956	99.1427	2.4043	0.2478	
11634.6181	11633.8889	-0.7293	-0.0063	0.4300	0.4294	0.4133	0.0167	3.8875	0.0380	0.0380	-2.4925	-1.3675	1.8243	-2.2229	0.7457	1.6651	1.6274	0.0378	2.2676	0.0000	-1.7203	192.8817	236.3324	235.5222	-0.8102	-0.3440	530.6023	555.6544	25.0522	4.5086	264.8376	3.0314	589.5522	0.7343	nan	238.2521	523.8678	94.2800	94.2502	88.8591	43.0485	74.4291	0.8180	568.4569	-12.8025	-2.3040	98.8543	6.1471	0.2582	
11635.3936	11641.0000	5.6064	0.0482	0.4637	0.4619	0.4877	-0.0240	-5.1655	0.0382	0.0367	-2.7520	-1.2754	2.1573	-2.3395	0.8917	1.7253	1.6972	0.0280	1.6253	0.0000	-4.2242	195.4733	239.4867	234.1372	-5.3494	-2.2847	640.7552	597.4325	-43.3227	-7.2515	264.6308	3.2423	633.8525	0.7387	nan	237.3867	565.3309	94.6274	94.2542	89.1902	43.3993	74.7299	0.8539	617.2595	-19.8270	-3.3187	98.6312	4.5378	0.2688	
11638.8531	11636.7778	-2.0753	-0.0178	0.4966	0.4887	0.4898	0.0068	1.3626	0.0366	0.0371	-2.5756	-1.1750	2.2062	-2.3548	0.8414	1.7884	1.7525	0.0359	2.0074	0.0000	-3.2819	186.6168	228.6116	232.8687	4.2571	1.8281	621.4935	638.7878	17.2943	2.7074	264.5411	3.4501	677.8689	0.7427	nan	236.6745	605.1029	94.7274	94.2347	89.2660	43.7739	75.0600	0.8856	650.1875	-11.3998	-1.7846	98.3920	4.0242	0.2777	
11638.8407	11638.8571	0.0165	0.0001	0.5293	0.5220	0.5311	-0.0018	-0.3451	0.0357	0.0358	-2.3714	-0.9824	2.4661	-2.4944	0.8926	1.8578	1.8194	0.0384	2.0676	0.0000	-2.9348	185.3707	227.0798	231.7290	4.6492	2.0063	688.3315	681.5786	-6.7529	-0.9908	264.6144	3.6637	723.6200	0.7464	nan	236.0611	645.1027	94.6483	94.1901	89.1493	44.1690	75.4099	0.9140	698.0342	-16.4557	-2.4143	98.1649	4.4159	0.2849	
11638.0275	11643.1111	5.0836	0.0437	0.5629	0.5568	0.5438	0.0191	3.3904	0.0368	0.0365	-2.4708	-1.0073	2.4822	-2.5338	0.9233	1.9390	1.8965	0.0426	2.1954	0.0000	-5.1795	191.3494	234.4575	230.5907	-3.8668	-1.6769	721.0096	728.0533	7.0438	0.9675	264.7882	3.8951	773.5767	0.7501	nan	235.6420	686.3099	94.2666	94.1152	88.7192	44.6060	75.7962	0.9401	742.3568	-14.3035	-1.9646	97.8564	6.7597	0.2903	
11638.2103	11635.2222	-2.9880	-0.0257	0.5957	0.5908	0.5988	-0.0032	-0.5311	0.0370	0.0360	-2.0246	-0.7731	2.7253	-2.6631	1.0507	2.0147	1.9823	0.0324	1.6082	0.0000	-0.2153	190.4455	233.3595	229.6231	-3.7364	-1.6272	778.0110	767.4889	-10.5221	-1.3710	264.8941	4.0928	816.0733	0.7527	nan	235.2553	725.7827	94.5661	94.0466	88.9362	45.1256	76.2660	0.9578	791.5464	-24.0575	-3.1346	97.6060	3.8598	0.2957	
11638.1752	11637.5000	-0.6752	-0.0058	0.6293	0.6241	0.6482	-0.0190	-3.0132	0.0350	0.0367	-0.5145	-0.1934	3.1380	-2.7444	1.0755	2.1204	2.0858	0.0346	1.6337	0.0000	1.0626	185.9632	227.8173	228.3460	0.5287	0.2315	874.4893	816.0050	-58.4843	-7.1671	264.8877	4.3402	868.7475	0.7556	nan	234.6580	766.8520	93.9763	93.9289	88.2709	45.6258	76.7371	0.9730	838.9662	-22.9612	-2.8139	97.3102	7.1480	0.2968	
11631.3446	11637.6667	6.3220	0.0543	0.6619	0.6627	0.6675	-0.0056	-0.8405	0.0355	0.0362	-0.8682	-0.2839	3.1103	-2.9974	1.1084	2.2330	2.1919	0.0411	1.8417	0.0000	-1.1890	188.9925	231.4855	227.2740	-4.2115	-1.8531	882.3752	860.2600	-22.1152	-2.5708	264.8576	4.5707	917.4144	0.7578	nan	234.1290	806.6398	93.7670	93.7701	87.9254	46.1725	77.2914	0.9787	881.1951	-20.9351	-2.4336	97.0722	6.9366	0.2964	
11636.0589	11638.7778	2.7189	0.0234	0.6942	0.6931	0.6984	-0.0042	-0.6070	0.0351	0.0348	0.8860	0.2249	3.3375	-3.1774	1.1507	2.3801	2.3432	0.0368	1.5481	0.0000	1.5068	190.9626	233.9862	226.2936	-7.6926	-3.3994	956.0021	906.4344	-49.5677	-5.4684	264.8013	4.8172	968.8333	0.7595	nan	233.5538	846.1253	93.3465	93.5594	87.3345	46.7990	77.9571	0.9717	928.1349	-21.7005	-2.3940	96.8915	7.1418	0.2917	
11625.4173	11638.2000	12.7827	0.1098	0.7279	0.7428	0.7347	-0.0068	-0.9396	0.0355	0.0359	1.9334	0.5496	3.4084	-3.6831	1.2179	2.7118	2.6519	0.0599	2.2092	0.0000	-0.5524	196.6606	240.8943	223.0509	-17.8434	-7.9997	1007.8759	969.6210	-38.2549	-3.9453	264.6913	5.1649	1042.7910	0.7628	nan	232.9136	887.1267	91.4924	92.9834	85.0729	47.6060	78.8902	0.9255	995.4208	-25.7998	-2.6608	95.7657	13.2535	0.2684	
11465.1229	11246.7500	-218.3729	-1.9417	0.7637	0.8192	0.7443	0.0194	2.5432	0.0348	0.0354	7.9540	2.1537	3.7086	-4.1806	1.1232	2.9363	2.8822	0.0541	1.8427	0.0000	7.8396	193.6494	237.4496	220.7080	-16.7416	-7.5854	1105.7333	987.2912	-118.4420	-11.9967	264.5699	5.2823	1065.9938	0.7628	nan	232.3809	899.5062	91.1088	92.6170	84.3823	48.5992	80.2967	0.8796	1020.0542	-32.7629	-3.3185	94.9769	6.2912	0.2601	
11014.3097	10689.3333	-324.9763	-3.0402	0.7990	0.8001	0.7206	0.0784	9.8134	0.0342	0.0357	5.6699	1.6077	3.5087	-4.0510	1.2219	2.9611	2.9587	0.0024	0.0813	0.0000	14.3046	187.5114	230.4350	220.1421	-10.2929	-4.6756	1022.1380	986.4878	-35.6502	-3.6139	264.4684	5.2830	1065.5478	0.7626	nan	232.1895	894.3801	90.6632	92.5803	83.9363	49.6565	81.6489	0.8737	1025.2083	-38.7205	-3.9251	94.8114	8.8867	0.2698	

Torque compensated Offset = 	0
Mean Torque Mainboard Error perc = 	0.27228620199526365


Step N. = 	4
Target Speed = 	9312

Speed Mainboard (rpm_M)	Speed TestBench (rpm_M)	Speed Error (rpm_M)	Speed Error %	Torque TestBench (Nm_M)	Torque Ref (Nm)	Torque MainBoard (Nm_M)	Torque MainBoard Error (Nm_M)	Torque MainBoard Error %	Flux Ref (V/rad/s)	Flux (V/rad/s)	Id * Iq (A^2)	Id (Apeak)	Iq (Apeak)	Id Rotor (Apeak)	Iq Rotor (Apeak)	IMotor Measured (Arms)	IMotor MainBoard (Arms)	IMotor Error (Arms)	IMotor Error %	Motor Current THD %	Vsdref (Vpeak)	Vsqref (Vpeak)	Vout MainBoard (Vrms)	Vout Measured (Vrms)	Vout Error (Vrms)	Vout Error %	Motor Power MainBoard (W)	Motor Power Measured (W)	Motor Power Error (W)	Motor Power Error %	Line Voltage (Vrms)	Line Current (Arms)	Line Power (W)	Line Power Factor	Bulk Ripple (V)	DC Bus Voltage (Vrms)	Motor Mechanical Power (W)	Motor Efficiency	Inverter Efficiency	Overall Efficiency	Temperature (deg C)	Estimated Temperature (deg C)	Motor cos-phi	Electrical Power Alpha-Beta [W]	Electrical Power Error [W]	Electrical Power Error [%]	Bus Voltage Usage [%]	Rotational Losses [W]	Kt [Nm/Arms]	
9304.0073	9305.7500	1.7427	0.0187	0.1810	0.1485	0.1475	0.0335	18.5297	0.0497	0.0505	-0.6326	-1.3507	0.4700	-1.3511	0.2764	1.0210	0.9436	0.0774	7.5801	0.0000	-3.3932	193.3601	236.9787	244.3162	7.3376	3.0033	142.9989	190.5575	47.5586	24.9576	265.1413	1.1647	208.0500	0.6735	nan	246.7358	176.3848	92.5950	91.5778	84.7954	40.4117	71.4543	0.4408	153.8325	36.7250	19.2724	99.0202	4.6344	0.1773	
9307.2528	9311.0000	3.7472	0.0402	0.2423	0.2306	0.2322	0.0101	4.1681	0.0494	0.0494	-1.0350	-1.3288	0.7801	-1.4495	0.3869	1.0911	1.0448	0.0463	4.2399	0.0000	-5.3162	191.2608	234.3924	241.9210	7.5286	3.1120	234.2681	254.3611	20.0930	7.8994	265.1157	1.5006	274.6833	0.6905	nan	243.6472	236.2862	92.8933	92.6011	86.0203	40.5839	71.6335	0.5563	240.7573	13.6038	5.3482	99.2920	7.1747	0.2221	
9312.2830	9315.2500	2.9670	0.0319	0.2858	0.2704	0.2898	-0.0040	-1.4068	0.0488	0.0480	-1.2608	-1.2726	0.9913	-1.5566	0.5439	1.1446	1.1036	0.0409	3.5772	0.0000	-4.4960	194.3785	238.2300	240.6455	2.4155	1.0037	297.6586	300.0000	2.3414	0.7805	265.0917	1.7366	321.9525	0.6993	nan	242.7747	278.7479	92.9150	93.1811	86.5792	40.7642	71.8225	0.6288	289.4479	10.5521	3.5174	99.1233	9.2486	0.2497	
9307.6018	9313.2222	5.6204	0.0603	0.3309	0.3225	0.3106	0.0203	6.1262	0.0484	0.0481	-1.5077	-1.4080	1.0688	-1.6142	0.5739	1.1960	1.1533	0.0426	3.5642	0.0000	-4.3899	193.5555	237.1507	239.5592	2.4085	1.0054	320.5401	340.1611	19.6210	5.7681	265.0561	1.9428	363.6167	0.7061	nan	241.9960	322.7087	94.8714	93.5491	88.7512	40.9848	72.0130	0.6855	335.4779	4.6832	1.3768	98.9933	4.3353	0.2767	
9305.1216	9310.2222	5.1006	0.0548	0.3747	0.3706	0.3575	0.0171	4.5711	0.0478	0.0484	-1.5264	-1.2045	1.2679	-1.6359	0.6587	1.2580	1.2103	0.0477	3.7899	0.0000	-4.2867	189.0081	231.5698	238.3122	6.7425	2.8293	366.8814	385.4056	18.5242	4.8064	265.0173	2.1733	410.7033	0.7131	nan	241.1480	365.2860	94.7800	93.8403	88.9418	41.2146	72.2185	0.7422	380.3621	5.0435	1.3086	98.8243	5.5933	0.2978	
9304.9603	9309.7500	4.7897	0.0514	0.4175	0.4133	0.3860	0.0315	7.5521	0.0477	0.0479	-1.7115	-1.2974	1.3201	-1.6929	0.7524	1.3253	1.2737	0.0516	3.8942	0.0000	-4.4553	189.4358	232.1427	237.0185	4.8758	2.0572	383.2511	430.9712	47.7201	11.0727	264.9631	2.4044	458.4300	0.7196	nan	240.3909	407.0268	94.4448	94.0102	88.7877	41.4626	72.4407	0.7921	427.6472	3.3241	0.7713	98.5974	7.8047	0.3150	
9307.9148	9311.1111	3.1963	0.0343	0.4637	0.4566	0.4669	-0.0032	-0.6961	0.0466	0.0477	-1.7946	-1.1059	1.6419	-1.7650	0.8321	1.3966	1.3522	0.0444	3.1797	0.0000	-0.1787	188.8392	231.3281	235.6607	4.3326	1.8385	466.0267	475.7622	9.7355	2.0463	264.9051	2.6306	505.4889	0.7254	nan	239.5463	452.1017	95.0268	94.1193	89.4386	41.7220	72.6807	0.8346	475.5753	0.1869	0.0393	98.3781	5.7192	0.3320	
9306.6750	9313.7778	7.1028	0.0763	0.5077	0.5019	0.5032	0.0045	0.8812	0.0468	0.0482	-1.8681	-1.0489	1.7918	-1.7727	0.8615	1.4736	1.4284	0.0452	3.0706	0.0000	-4.6988	190.5110	233.4567	234.3379	0.8812	0.3760	519.5998	521.4922	1.8924	0.3629	264.8309	2.8610	553.7367	0.7308	nan	238.7820	495.1460	94.9484	94.1769	89.4195	42.0230	72.9505	0.8719	521.1769	0.3153	0.0605	98.1391	6.3485	0.3445	
9311.0225	9308.8889	-2.1336	-0.0229	0.5514	0.5437	0.5590	-0.0076	-1.3718	0.0466	0.0479	-1.9894	-0.9889	2.0207	-1.8728	0.9992	1.5550	1.5137	0.0413	2.6587	0.0000	-5.0161	187.5909	229.9642	233.0387	3.0745	1.3193	575.9948	567.1589	-8.8359	-1.5579	264.7891	3.0909	602.1433	0.7357	nan	238.0011	537.5615	94.7815	94.1900	89.2747	42.3409	73.2563	0.9036	571.0913	-3.9324	-0.6934	97.9151	7.3008	0.3546	
9305.3511	9309.7500	4.3989	0.0473	0.5953	0.5929	0.5604	0.0349	5.8614	0.0472	0.0454	-1.9548	-0.9676	2.0226	-2.1335	1.0098	1.6378	1.5979	0.0398	2.4326	0.0000	-5.8882	189.0585	231.6803	231.8810	0.2007	0.0865	582.1378	611.3475	29.2097	4.7779	264.8495	3.3118	649.1400	0.7401	nan	237.4091	580.3177	94.9244	94.1781	89.3980	42.6943	73.5831	0.9294	612.3098	-0.9623	-0.1574	97.6716	6.2613	0.3635	
9307.7792	9310.7778	2.9986	0.0322	0.6397	0.6328	0.5694	0.0703	10.9853	0.0470	0.0437	-1.8940	-0.9468	2.0013	-2.3620	1.0812	1.7285	1.6806	0.0480	2.7747	0.0000	-4.0509	189.5922	232.2772	230.7096	-1.5677	-0.6795	574.9556	656.9644	82.0088	12.4830	264.9236	3.5402	697.9611	0.7442	nan	236.8678	623.6892	94.9350	94.1262	89.3588	43.0865	73.9495	0.9511	660.4109	-3.4465	-0.5246	97.4003	5.6429	0.3701	
9307.6454	9310.4286	2.7832	0.0299	0.6829	0.6784	0.6960	-0.0131	-1.9233	0.0460	0.0468	-1.3700	-0.5517	2.5329	-2.2097	1.1741	1.8318	1.7747	0.0571	3.1177	0.0000	-6.1437	187.8374	230.1867	229.4186	-0.7682	-0.3348	718.6521	705.0971	-13.5549	-1.9224	264.9196	3.7831	749.8271	0.7482	nan	236.2459	665.7758	94.4234	94.0346	88.7906	43.4947	74.3610	0.9687	710.5867	-5.4896	-0.7786	97.1102	8.2364	0.3728	
9308.2119	9311.2222	3.0103	0.0323	0.7274	0.7233	0.7093	0.0182	2.5009	0.0454	0.0467	-1.2982	-0.5119	2.6036	-2.2102	1.2310	1.9393	1.8872	0.0521	2.6870	0.0000	-0.5609	185.4184	227.1463	228.2366	1.0902	0.4777	723.7911	751.5289	27.7378	3.6909	264.8417	4.0190	799.8856	0.7515	nan	235.5631	709.3084	94.3821	93.9546	88.6762	43.9605	74.8291	0.9803	756.5016	-4.9727	-0.6617	96.8899	7.3166	0.3751	
9306.8768	9311.4444	4.5677	0.0491	0.7714	0.7694	0.7685	0.0029	0.3807	0.0470	0.0457	-0.6923	-0.2621	2.7472	-2.5220	1.3780	2.0639	2.0111	0.0528	2.5560	0.0000	-0.2881	188.3606	230.7515	227.0250	-3.7265	-1.6415	776.2927	800.1811	23.8884	2.9854	264.7663	4.2692	852.8867	0.7545	nan	234.9623	752.2298	94.0075	93.8203	88.1981	44.4827	75.3621	0.9860	811.9861	-11.8050	-1.4753	96.6220	8.3373	0.3738	
9307.6001	9311.3333	3.7332	0.0401	0.8156	0.8148	0.7884	0.0272	3.3291	0.0454	0.0450	-0.4310	-0.1729	2.9032	-2.7485	1.3462	2.2088	2.1628	0.0460	2.0838	0.0000	-1.4629	185.1366	226.8080	225.8953	-0.9126	-0.4040	805.9743	849.6600	43.6857	5.1415	264.7112	4.5283	907.3456	0.7570	nan	234.3193	795.2321	93.5942	93.6424	87.6438	45.0417	75.9821	0.9831	857.4460	-7.7860	-0.9164	96.4050	8.9521	0.3692	
9311.2085	9311.7500	0.5415	0.0058	0.8600	0.8546	0.8189	0.0411	4.7752	0.0446	0.0447	0.0552	-0.0207	3.0586	-2.8857	1.5053	2.3938	2.3433	0.0505	2.1104	0.0000	-0.0542	187.4858	229.6728	224.9848	-4.6880	-2.0837	859.3301	901.1325	41.8024	4.6389	264.6778	4.8027	964.6800	0.7589	nan	233.7132	838.6068	93.0614	93.4126	86.9311	45.6693	76.7106	0.9660	916.3235	-15.1910	-1.6858	96.2655	8.9812	0.3593	
9301.7906	9309.7500	7.9594	0.0855	0.9038	0.8017	0.8952	0.0085	0.9453	0.0443	0.0416	3.5898	0.9646	3.3217	-3.8165	1.5652	2.7416	2.6416	0.0999	3.6453	0.0000	12.6706	184.5615	227.7334	222.4350	-5.2984	-2.3820	963.9423	961.8100	-2.1323	-0.2217	264.6503	5.1308	1035.2350	0.7624	nan	233.1083	881.0793	91.6077	92.9076	85.1106	46.4623	77.6600	0.9106	980.9774	-19.1674	-1.9928	95.4216	10.2788	0.3296	
9152.1900	8904.7778	-247.4123	-2.7784	0.9524	1.0829	0.9165	0.0360	3.7761	0.0424	0.0468	7.3999	2.0575	3.5861	-3.8151	1.4917	3.0868	2.9407	0.1461	4.7317	0.0000	-4.8999	201.5057	247.0021	219.2577	-27.7444	-12.6538	1071.8392	991.1000	-80.7392	-8.1464	264.6386	5.3141	1072.6789	0.7628	nan	232.4947	888.1612	89.6136	92.3948	82.7984	47.4830	79.1121	0.8455	1015.1592	-24.0592	-2.4275	94.3068	13.2684	0.3086	
8778.3086	8497.6667	-280.6420	-3.3026	0.9979	0.9193	1.0138	-0.0159	-1.5906	0.0473	0.0438	7.5965	2.1162	3.5779	-4.3622	1.5552	3.1168	3.1069	0.0099	0.3175	0.0000	11.3430	182.3753	224.2431	219.0920	-5.1511	-2.3511	1013.8450	991.9022	-21.9428	-2.2122	264.6153	5.3210	1073.8911	0.7627	nan	232.2496	887.9902	89.5242	92.3653	82.6893	48.6750	80.9000	0.8386	1018.3119	-26.4097	-2.6625	94.3347	12.0619	0.3202	

Torque compensated Offset = 	0
Mean Torque Mainboard Error perc = 	3.5470365057962785


Step N. = 	5
Target Speed = 	6984

Speed Mainboard (rpm_M)	Speed TestBench (rpm_M)	Speed Error (rpm_M)	Speed Error %	Torque TestBench (Nm_M)	Torque Ref (Nm)	Torque MainBoard (Nm_M)	Torque MainBoard Error (Nm_M)	Torque MainBoard Error %	Flux Ref (V/rad/s)	Flux (V/rad/s)	Id * Iq (A^2)	Id (Apeak)	Iq (Apeak)	Id Rotor (Apeak)	Iq Rotor (Apeak)	IMotor Measured (Arms)	IMotor MainBoard (Arms)	IMotor Error (Arms)	IMotor Error %	Motor Current THD %	Vsdref (Vpeak)	Vsqref (Vpeak)	Vout MainBoard (Vrms)	Vout Measured (Vrms)	Vout Error (Vrms)	Vout Error %	Motor Power MainBoard (W)	Motor Power Measured (W)	Motor Power Error (W)	Motor Power Error %	Line Voltage (Vrms)	Line Current (Arms)	Line Power (W)	Line Power Factor	Bulk Ripple (V)	DC Bus Voltage (Vrms)	Motor Mechanical Power (W)	Motor Efficiency	Inverter Efficiency	Overall Efficiency	Temperature (deg C)	Estimated Temperature (deg C)	Motor cos-phi	Electrical Power Alpha-Beta [W]	Electrical Power Error [W]	Electrical Power Error [%]	Bus Voltage Usage [%]	Rotational Losses [W]	Kt [Nm/Arms]	
6980.4445	6977.4286	-3.0160	-0.0432	0.1769	0.1973	0.2043	-0.0274	-15.5127	0.0672	0.0663	-0.2849	-0.5485	0.5229	-0.6975	0.4273	0.5302	0.5198	0.0104	1.9538	0.0000	0.6884	195.0482	238.9164	242.3940	3.4776	1.4347	152.3396	137.5800	-14.7596	-10.7280	264.8859	0.8720	151.5257	0.6556	nan	245.6196	129.2268	94.0717	90.7699	85.3831	40.5189	67.2059	0.6170	151.1546	-13.5746	-9.8667	98.6866	5.7800	0.3336	
6981.6231	6983.1111	1.4880	0.0213	0.2592	0.2752	0.2827	-0.0234	-9.0454	0.0654	0.0666	-0.4440	-0.6111	0.7289	-0.7148	0.4995	0.6453	0.6258	0.0195	3.0210	0.0000	-1.8548	188.9817	231.5109	239.7628	8.2519	3.4417	208.3965	201.1667	-7.2298	-3.5939	264.9672	1.2145	218.2378	0.6782	nan	244.0743	189.5611	94.2334	92.1768	86.8611	40.4952	67.2594	0.7507	206.0889	-4.9222	-2.4468	98.2335	7.7948	0.4017	
6983.2399	6983.1111	-0.1288	-0.0018	0.3214	0.3400	0.3400	-0.0186	-5.7783	0.0644	0.0656	-0.5884	-0.6652	0.8846	-0.7791	0.6597	0.7387	0.7212	0.0175	2.3670	0.0000	0.2583	186.8171	228.8749	238.6058	9.7309	4.0782	247.7641	251.8289	4.0648	1.6141	265.0298	1.4812	270.8356	0.6899	nan	243.1637	235.0625	93.3411	92.9820	86.7904	40.5321	67.3547	0.8249	256.8639	-5.0351	-1.9994	98.1256	11.7715	0.4352	
6983.2031	6980.5556	-2.6475	-0.0379	0.3848	0.4010	0.4166	-0.0319	-8.2810	0.0637	0.0655	-0.6415	-0.5885	1.0927	-0.8719	0.7755	0.8281	0.8102	0.0179	2.1620	0.0000	-1.7953	185.3011	226.9859	237.6016	10.6157	4.4678	305.5243	297.4956	-8.0287	-2.6988	265.0957	1.7183	318.2722	0.6987	nan	242.4719	281.2736	94.5471	93.4720	88.3750	40.6195	67.4855	0.8729	303.3393	-5.8438	-1.9643	97.9914	9.9422	0.4646	
6983.6201	6987.3333	3.7132	0.0531	0.4471	0.4622	0.4492	-0.0020	-0.4560	0.0651	0.0631	-0.6148	-0.5398	1.1454	-1.0282	0.8660	0.9232	0.9142	0.0091	0.9815	0.0000	-4.4769	189.0296	231.6366	236.3928	4.7561	2.0120	328.5284	343.2467	14.7183	4.2880	265.0240	1.9540	365.9433	0.7067	nan	241.6095	327.1565	95.3126	93.7977	89.4010	40.7273	67.6486	0.9080	351.4231	-8.1764	-2.3821	97.8408	8.2814	0.4843	
6982.0238	6982.6667	0.6429	0.0092	0.5094	0.5257	0.5199	-0.0104	-2.0460	0.0629	0.0651	-0.7737	-0.5657	1.3668	-1.0181	1.0165	1.0258	1.0126	0.0132	1.2876	0.0000	-1.5515	184.1503	225.6247	235.0607	9.4360	4.0143	378.7841	390.5544	11.7703	3.0137	264.8916	2.1967	415.5456	0.7141	nan	240.6726	372.5178	95.3817	93.9859	89.6454	40.8740	67.8393	0.9351	396.4907	-5.9363	-1.5200	97.6682	8.3905	0.4966	
6984.1015	6982.8571	-1.2443	-0.0178	0.5713	0.5855	0.6246	-0.0533	-9.3308	0.0617	0.0643	-0.7289	-0.4339	1.6773	-1.1107	1.1017	1.1320	1.1136	0.0183	1.6195	0.0000	2.3708	182.0974	223.1942	233.7410	10.5468	4.5122	457.0695	437.9371	-19.1324	-4.3687	264.7917	2.4388	465.4843	0.7208	nan	239.7922	417.7487	95.3901	94.0820	89.7449	41.0594	68.0677	0.9556	446.8975	-8.9604	-2.0460	97.4765	8.4341	0.5047	
6982.4273	6983.1111	0.6838	0.0098	0.6342	0.6510	0.6694	-0.0352	-5.5507	0.0604	0.0630	-0.8155	-0.4455	1.8323	-1.2928	1.2366	1.2440	1.2225	0.0215	1.7300	0.0000	4.5864	184.1797	225.7441	232.4983	6.7542	2.9051	503.2766	486.6400	-16.6366	-3.4187	264.7069	2.6858	516.9033	0.7271	nan	238.9312	463.7876	95.3041	94.1452	89.7242	41.2941	68.3287	0.9714	498.3069	-11.6669	-2.3974	97.3076	8.6429	0.5098	
6980.8547	6982.4444	1.5897	0.0228	0.6953	0.7154	0.7488	-0.0535	-7.6948	0.0603	0.0644	-0.6647	-0.3236	2.0650	-1.2746	1.3942	1.3575	1.3462	0.0113	0.8344	0.0000	-0.6477	188.6307	231.1323	231.3438	0.2115	0.0914	584.3353	534.5311	-49.8042	-9.3174	264.6782	2.9280	567.7389	0.7326	nan	238.1972	508.4274	95.1165	94.1509	89.5530	41.5446	68.6434	0.9827	547.4383	-12.9071	-2.4147	97.1228	9.1647	0.5122	
6983.3300	6980.6667	-2.6633	-0.0382	0.7579	0.7743	0.8285	-0.0706	-9.3201	0.0602	0.0608	-0.4417	-0.1928	2.3127	-1.5875	1.4524	1.4768	1.4622	0.0145	0.9831	0.0000	-0.2036	186.9538	228.9959	230.1461	1.1503	0.4998	648.9208	582.9300	-65.9908	-11.3205	264.6059	3.1729	619.3756	0.7377	nan	237.4074	554.0274	95.0418	94.1158	89.4493	41.8639	69.0057	0.9902	600.4296	-17.4996	-3.0020	96.9414	8.8320	0.5132	
6988.3184	6986.1250	-2.1934	-0.0314	0.8199	0.8303	0.8810	-0.0612	-7.4586	0.0601	0.0630	-0.0367	-0.0146	2.4986	-1.5156	1.5780	1.6027	1.5875	0.0152	0.9506	0.0000	2.9857	187.9235	230.2050	228.9710	-1.2340	-0.5389	703.5740	632.0725	-71.5015	-11.3122	264.5556	3.4217	672.0675	0.7424	nan	236.6775	599.8080	94.8954	94.0490	89.2482	42.2303	69.4185	0.9944	650.4287	-18.3562	-2.9041	96.7439	8.5897	0.5116	
6983.8179	6982.5000	-1.3179	-0.0189	0.8813	0.8992	0.9533	-0.0720	-8.1739	0.0592	0.0617	0.5185	0.1901	2.7080	-1.7904	1.6926	1.7358	1.7205	0.0153	0.8796	0.0000	1.5234	189.9591	232.7133	227.8237	-4.8896	-2.1462	772.0724	681.6975	-90.3749	-13.2573	264.5192	3.6734	725.6325	0.7468	nan	235.9598	644.3743	94.5250	93.9453	88.8018	42.6118	69.8858	0.9952	701.7050	-20.0075	-2.9350	96.5519	9.5101	0.5077	
6983.4790	6979.8571	-3.6219	-0.0519	0.9439	0.9624	0.9928	-0.0489	-5.1862	0.0619	0.0600	0.9574	0.3544	2.6870	-2.0287	1.7925	1.8779	1.8729	0.0050	0.2679	0.0000	-2.0886	192.8196	236.1917	226.7047	-9.4870	-4.1847	776.4334	731.7929	-44.6405	-6.1002	264.4853	3.9288	779.9529	0.7506	nan	235.2967	689.8928	94.2743	93.8253	88.4531	43.0356	70.3944	0.9924	757.0111	-25.2183	-3.4461	96.3484	9.2923	0.5026	
6985.3241	6984.7000	-0.6241	-0.0089	1.0053	1.0241	1.0253	-0.0200	-1.9886	0.0633	0.0599	1.1255	0.4078	2.6710	-2.2844	1.9391	2.0392	2.0310	0.0082	0.4024	0.0000	-1.7737	188.3435	230.6986	225.5474	-5.1512	-2.2839	754.3317	784.5450	30.2133	3.8511	264.4590	4.2004	837.6570	0.7541	nan	234.6508	735.3127	93.7247	93.6595	87.7820	43.5792	71.0413	0.9848	812.3230	-27.7780	-3.5406	96.1204	10.6980	0.4930	
6987.6478	6985.0000	-2.6478	-0.0379	1.0693	1.0841	1.0724	-0.0032	-0.2955	0.0614	0.0610	1.3872	0.4696	2.9284	-2.2161	1.9551	2.2167	2.2176	-0.0008	-0.0381	0.0000	0.8128	186.6083	228.5595	224.5213	-4.0383	-1.7986	819.0099	837.1975	18.1876	2.1724	264.4468	4.4762	895.7650	0.7567	nan	234.0759	782.1218	93.4215	93.4617	87.3133	44.1934	71.8124	0.9712	856.6545	-19.4570	-2.3241	95.9181	9.4279	0.4824	
6985.8126	6981.6667	-4.1459	-0.0594	1.1290	1.1508	1.1203	0.0087	0.7702	0.0601	0.0579	2.5561	0.7992	3.1020	-2.9695	1.9290	2.4419	2.4516	-0.0096	-0.3947	0.0000	-0.4340	189.2627	231.8898	223.5219	-8.3679	-3.7437	881.6330	893.7289	12.0959	1.3534	264.4240	4.7807	958.9722	0.7586	nan	233.4867	825.4327	92.3584	93.1965	86.0748	44.8584	72.7619	0.9453	912.6563	-18.9274	-2.1178	95.7322	12.7561	0.4623	
6985.5105	6982.7500	-2.7605	-0.0395	1.1915	1.2705	1.1506	0.0409	3.4362	0.0528	0.0579	8.0454	2.2030	3.5707	-3.2663	2.1278	2.8940	2.9028	-0.0088	-0.3031	0.0000	9.4638	192.4149	236.1029	221.1243	-14.9787	-6.7739	1067.5023	965.0450	-102.4573	-10.6168	264.3963	5.1646	1041.5750	0.7628	nan	232.8067	871.2629	90.2822	92.6525	83.6488	45.7667	74.2567	0.8707	993.7436	-28.6986	-2.9738	94.9819	15.4944	0.4117	
6757.5807	6755.5556	-2.0251	-0.0300	1.2564	1.2844	1.1574	0.0990	7.8796	0.0531	0.0600	10.3250	2.8334	3.6407	-4.4083	1.9357	3.3446	3.3595	-0.0149	-0.4469	0.0000	25.2609	168.1524	208.7638	218.9777	10.2138	4.6643	1024.4885	1010.5333	-13.9552	-1.3810	264.4023	5.4446	1098.4011	0.7630	nan	231.7903	888.8573	87.9593	92.0004	80.9229	46.9570	76.3442	0.7966	1041.4473	-30.9140	-3.0592	94.4723	16.6188	0.3757	
6437.1629	6430.0000	-7.1629	-0.1114	1.3188	1.3296	1.2422	0.0766	5.8082	0.0573	0.0621	10.5358	2.8646	3.6730	-4.2243	2.0005	3.4039	3.4202	-0.0163	-0.4780	0.0000	3.3046	194.3355	238.6394	219.2240	-19.4154	-8.8564	1080.1240	1016.7600	-63.3640	-6.2320	264.4492	5.4819	1105.9267	0.7629	nan	231.8078	887.9885	87.3353	91.9374	80.2938	48.4617	78.3778	0.7867	1039.5201	-22.7601	-2.2385	94.5714	19.3088	0.3874	

Torque compensated Offset = 	0
Mean Torque Mainboard Error perc = 	-4.117080231405164


Step N. = 	6
Target Speed = 	4190

Speed Mainboard (rpm_M)	Speed TestBench (rpm_M)	Speed Error (rpm_M)	Speed Error %	Torque TestBench (Nm_M)	Torque Ref (Nm)	Torque MainBoard (Nm_M)	Torque MainBoard Error (Nm_M)	Torque MainBoard Error %	Flux Ref (V/rad/s)	Flux (V/rad/s)	Id * Iq (A^2)	Id (Apeak)	Iq (Apeak)	Id Rotor (Apeak)	Iq Rotor (Apeak)	IMotor Measured (Arms)	IMotor MainBoard (Arms)	IMotor Error (Arms)	IMotor Error %	Motor Current THD %	Vsdref (Vpeak)	Vsqref (Vpeak)	Vout MainBoard (Vrms)	Vout Measured (Vrms)	Vout Error (Vrms)	Vout Error %	Motor Power MainBoard (W)	Motor Power Measured (W)	Motor Power Error (W)	Motor Power Error %	Line Voltage (Vrms)	Line Current (Arms)	Line Power (W)	Line Power Factor	Bulk Ripple (V)	DC Bus Voltage (Vrms)	Motor Mechanical Power (W)	Motor Efficiency	Inverter Efficiency	Overall Efficiency	Temperature (deg C)	Estimated Temperature (deg C)	Motor cos-phi	Electrical Power Alpha-Beta [W]	Electrical Power Error [W]	Electrical Power Error [%]	Bus Voltage Usage [%]	Rotational Losses [W]	Kt [Nm/Arms]	
4193.2376	4187.5556	-5.6820	-0.1357	0.1686	0.1797	0.2030	-0.0344	-20.4362	0.0876	0.0876	0.1386	0.3627	0.3847	0.3021	0.3857	0.3428	0.3637	-0.0210	-6.1197	0.0000	0.9487	156.1969	191.3050	189.3812	-1.9237	-1.0158	90.6621	78.3400	-12.3221	-15.7290	264.9667	0.5519	91.6311	0.6256	nan	247.7285	73.9168	94.9754	85.3615	81.0192	40.0611	74.3570	0.6936	86.6832	-8.3432	-10.6500	76.4473	3.3498	0.4918	
4187.2164	4193.1111	5.8947	0.1406	0.2903	0.3113	0.3128	-0.0225	-7.7539	0.0880	0.0879	0.1933	0.3188	0.6066	0.2071	0.6362	0.4911	0.4935	-0.0024	-0.4839	0.0000	0.9566	157.4239	192.8205	190.6447	-2.1759	-1.1413	143.7809	137.0289	-6.7520	-4.9274	265.0324	0.8794	153.6444	0.6592	nan	245.6626	127.4856	93.0479	89.1840	82.9829	40.0722	74.3295	0.8449	136.1245	0.9044	0.6600	77.6043	7.3394	0.5912	
4190.1071	4190.1111	0.0040	0.0001	0.3842	0.3996	0.3965	-0.0122	-3.1868	0.0892	0.0892	0.3588	0.4869	0.7392	0.2255	0.8237	0.6260	0.6272	-0.0012	-0.1945	0.0000	3.8600	159.8329	195.8133	193.6703	-2.1429	-1.1065	180.0701	181.0289	0.9588	0.5296	265.0552	1.1201	199.8944	0.6733	nan	244.6587	168.5914	93.1299	90.5616	84.3397	40.1009	74.3798	0.8621	179.9851	1.0438	0.5766	79.1594	8.8567	0.6138	
4192.2540	4189.7500	-2.5040	-0.0598	0.4798	0.4860	0.4996	-0.0199	-4.1413	0.0904	0.0901	0.4555	0.4891	0.9303	0.1564	1.0251	0.7575	0.7585	-0.0010	-0.1320	0.0000	1.6460	162.9641	199.6294	196.7593	-2.8702	-1.4587	228.5734	223.7525	-4.8209	-2.1546	264.9966	1.3501	244.7825	0.6842	nan	243.7855	210.4906	94.0728	91.4087	85.9909	40.1682	74.4922	0.8668	223.1770	0.5755	0.2572	80.7100	8.0176	0.6334	
4188.8238	4189.2500	0.4262	0.0102	0.5717	0.5920	0.5768	-0.0051	-0.8842	0.0915	0.0917	0.6956	0.6757	1.0299	0.1601	1.2343	0.8908	0.8910	-0.0002	-0.0214	0.0000	1.3419	165.7976	203.0969	200.1540	-2.9429	-1.4703	257.5742	266.9200	9.3458	3.5013	264.9605	1.5784	290.1200	0.6937	nan	242.8591	250.8251	93.9701	92.0033	86.4556	40.2658	74.6495	0.8643	266.9766	-0.0566	-0.0212	82.4157	8.8386	0.6418	
4190.1101	4189.0000	-1.1101	-0.0265	0.6643	0.6820	0.7032	-0.0390	-5.8639	0.0935	0.0930	0.9958	0.7916	1.2582	0.1122	1.4105	1.0303	1.0303	0.0000	0.0022	0.0000	0.2290	166.6120	204.0677	204.2751	0.2074	0.1015	314.6996	311.6650	-3.0346	-0.9737	264.9607	1.8131	337.3963	0.7023	nan	242.0052	291.3872	93.4937	92.3736	86.3635	40.4166	74.8626	0.8549	311.3408	0.3242	0.1040	84.4094	10.5646	0.6447	
4188.7820	4191.2222	2.4403	0.0582	0.7581	0.7812	0.7937	-0.0356	-4.6955	0.0948	0.0951	1.2265	0.8945	1.3700	0.1625	1.6153	1.1671	1.1647	0.0025	0.2104	0.0000	5.1133	169.8216	208.1001	208.3867	0.2866	0.1375	355.8575	356.1511	0.2936	0.0824	264.9548	2.0437	384.3456	0.7098	nan	241.2129	332.7377	93.4261	92.6643	86.5726	40.6104	75.1289	0.8455	356.5870	-0.4359	-0.1224	86.3912	10.9401	0.6496	
4192.5400	4190.6667	-1.8733	-0.0447	0.8507	0.8684	0.8912	-0.0406	-4.7700	0.0966	0.0959	1.6457	1.0542	1.5594	0.0538	1.8320	1.3089	1.3040	0.0049	0.3745	0.0000	3.3953	173.4297	212.7926	213.1189	0.3263	0.1531	410.5194	402.1856	-8.3338	-2.0721	264.9010	2.2805	433.0356	0.7168	nan	240.3597	373.3114	92.8206	92.8759	86.2080	40.8685	75.4545	0.8324	404.1106	-1.9251	-0.4787	88.6666	13.1698	0.6499	
4182.1561	4189.2500	7.0939	0.1693	0.9440	0.9932	0.9633	-0.0193	-2.0490	0.0987	0.0990	2.0883	1.2818	1.6335	0.0827	2.1156	1.4479	1.4447	0.0032	0.2235	0.0000	2.3982	178.4296	218.6486	218.4002	-0.2483	-0.1137	442.3676	446.7400	4.3724	0.9787	264.7580	2.5084	480.2500	0.7232	nan	239.4375	414.1301	92.7006	93.0224	86.2323	41.1391	75.8179	0.8156	451.3540	-4.6140	-1.0328	91.2139	13.3713	0.6520	
4192.9856	4187.4444	-5.5411	-0.1323	1.0368	1.0605	1.0716	-0.0348	-3.3598	0.1004	0.1010	2.2707	1.2882	1.7622	0.1276	2.2170	1.5905	1.5894	0.0011	0.0677	0.0000	-1.9415	181.9586	222.9283	223.5112	0.5829	0.2608	477.4422	492.8811	15.4389	3.1324	264.5982	2.7434	529.2122	0.7290	nan	238.5245	454.6356	92.2405	93.1349	85.9080	41.4890	76.2656	0.8005	498.3521	-5.4710	-1.1100	93.7058	14.9998	0.6519	
4189.8668	4188.0000	-1.8668	-0.0446	1.1292	1.1651	1.1650	-0.0357	-3.1621	0.1029	0.1020	2.9005	1.5482	1.8741	-0.0357	2.4073	1.7306	1.7332	-0.0026	-0.1482	0.0000	4.8297	184.1073	225.6894	227.2840	1.5946	0.7016	528.7211	539.6375	10.9164	2.0229	264.5750	2.9808	578.9725	0.7341	nan	237.7913	495.2511	91.7748	93.2061	85.5396	41.8957	76.7582	0.7921	544.7783	-5.1408	-0.9526	95.5813	16.8181	0.6525	
4186.2631	4189.1429	2.8798	0.0687	1.2231	1.2680	1.2511	-0.0280	-2.2875	0.1047	0.1025	3.5434	1.7721	2.0065	-0.2436	2.6443	1.8612	1.8676	-0.0064	-0.3427	0.0000	8.4301	187.2556	229.6740	229.0979	-0.5762	-0.2515	585.4520	584.4714	-0.9806	-0.1678	264.5681	3.2073	626.9057	0.7388	nan	237.1361	536.5754	91.8053	93.2311	85.5911	42.2942	77.2694	0.7914	592.0640	-7.5926	-1.2990	96.6103	15.9587	0.6572	
4189.3845	4190.7273	1.3428	0.0320	1.3161	1.3520	1.3819	-0.0658	-4.9987	0.0977	0.1025	3.6782	1.5654	2.3496	-0.3548	2.7737	1.9929	1.9989	-0.0060	-0.3022	0.0000	10.0542	175.3467	215.1993	229.0844	13.8851	6.0611	641.5595	630.6345	-10.9249	-1.7324	264.5567	3.4412	676.6382	0.7432	nan	236.4862	577.5691	91.5855	93.2011	85.3587	42.8133	77.8561	0.7975	635.8769	-5.2423	-0.8313	96.8701	16.3754	0.6604	
4194.7905	4189.3333	-5.4572	-0.1303	1.4081	1.4286	1.3930	0.0151	1.0735	0.1063	0.1011	4.3212	1.9599	2.2052	-0.5465	3.1073	2.1270	2.1364	-0.0094	-0.4431	0.0000	2.9494	190.5724	233.5065	228.3796	-5.1270	-2.2449	638.9162	676.9922	38.0760	5.6243	264.6303	3.6757	726.7833	0.7472	nan	235.9728	617.7469	91.2487	93.1491	84.9974	43.4288	78.5547	0.8046	685.5004	-8.5082	-1.2568	96.7822	17.3459	0.6620	
4197.4107	4187.7778	-9.6329	-0.2300	1.5012	1.5166	1.4746	0.0266	1.7732	0.1052	0.0999	4.9240	2.1247	2.3142	-0.9006	3.2936	2.2754	2.2834	-0.0080	-0.3525	0.0000	2.6974	188.4486	230.9857	227.5332	-3.4525	-1.5173	663.3864	725.4844	62.0981	8.5595	264.7901	3.9210	779.5944	0.7509	nan	235.4925	658.3504	90.7463	93.0592	84.4478	44.0576	79.2885	0.8090	737.3589	-11.8745	-1.6368	96.6201	19.0636	0.6598	
4193.3088	4189.2222	-4.0866	-0.0976	1.5950	1.6183	1.6272	-0.0322	-2.0177	0.0970	0.0997	5.3061	1.9109	2.7796	-1.0686	3.2390	2.4280	2.4382	-0.0102	-0.4204	0.0000	8.5393	176.3789	216.3145	226.8307	10.5162	4.6361	759.8479	772.4533	12.6054	1.6319	264.8656	4.1616	831.0967	0.7540	nan	234.9732	699.7173	90.5838	92.9439	84.1921	44.7675	80.1193	0.8098	779.6434	-7.1901	-0.9308	96.5347	17.8464	0.6569	
4198.2711	4188.5000	-9.7711	-0.2333	1.6870	1.6964	1.6847	0.0023	0.1387	0.1025	0.0965	6.5204	2.4278	2.6986	-1.6839	3.4369	2.6018	2.6131	-0.0112	-0.4318	0.0000	-0.9752	187.9160	230.2783	225.7587	-4.5196	-2.0019	756.1231	821.9425	65.8194	8.0078	264.8668	4.4203	885.8625	0.7566	nan	234.4249	739.9497	90.0245	92.7844	83.5287	45.5521	81.0538	0.8079	836.2570	-14.3145	-1.7416	96.3032	18.7671	0.6484	
4189.5734	4191.1111	1.5377	0.0367	1.7804	1.8152	1.8410	-0.0606	-3.4014	0.0962	0.1003	7.7297	2.4334	3.1798	-1.6904	3.4201	2.8048	2.8178	-0.0130	-0.4645	0.0000	4.4627	178.4811	218.6765	224.5747	5.8982	2.6264	867.4435	874.4400	6.9965	0.8001	264.8184	4.7018	944.5056	0.7586	nan	233.8791	781.4231	89.3627	92.5818	82.7336	46.4101	82.1597	0.8015	881.3818	-6.9418	-0.7939	96.0217	19.2953	0.6348	
4195.1551	4190.4444	-4.7107	-0.1124	1.8731	1.8936	1.9619	-0.0887	-4.7380	0.0930	0.1034	9.4087	2.6830	3.5039	-1.6412	3.6298	3.0713	3.0816	-0.0102	-0.3331	0.0000	21.9556	184.5875	228.0028	222.4770	-5.5258	-2.4838	1057.0337	931.3533	-125.6803	-13.4944	264.7262	5.0190	1009.0756	0.7595	nan	233.2959	821.9628	88.2547	92.2977	81.4570	47.4951	83.5840	0.7869	940.1227	-8.7694	-0.9416	95.3626	20.6119	0.6099	
4183.0252	4179.4444	-3.5807	-0.0857	1.9638	2.0797	1.9761	-0.0124	-0.6299	0.0962	0.0960	11.6363	3.3864	3.4368	-3.4398	4.0033	3.6131	3.6235	-0.0103	-0.2860	0.0000	10.7677	183.2596	225.6511	219.8537	-5.7975	-2.6370	1005.7586	1007.4722	1.7136	0.1701	264.6746	5.4731	1099.3856	0.7589	nan	232.5898	859.4870	85.3112	91.6396	78.1788	48.8806	85.9920	0.7322	1011.7788	-4.3066	-0.4275	94.5243	24.4525	0.5435	

Torque compensated Offset = 	0
Mean Torque Mainboard Error perc = 	-3.7695293163009453


