Time	speed	torque	motor_current	motor_current_thd	motor_voltage	motor_power	line_voltage	line_current	line_power	motor_temperature	Test_Marker	BD_Target_Speed	BD_Target_Accel	BD_Update_Cmd	Mcl_Quantities.Speed_Rot_Mech	Mcl_Quantities.Torque	Mcl_Quantities.Torque_Ref	Mcl_Quantities.Stator_Flux_Mag	Mcl_Quantities.Flux_Ref	Mcl_Quantities.Id_stator_current	Mcl_Quantities.Iq_stator_current	Mcl_Quantities.Id_rotor_current	Rotor_Curr_Iq	Flux_Controller.Out	Torque_Controller.Out	DC_Bus_RMS	Mcl_Quantities.Electrical_Power	Mcl_Quantities.Stator_Temperature	Mcl_Quantities.Is_Abs	Mcl_Quantities.IsRMS	SR_Overheating_Temp
0.7423	0.0000	-0.0000	0.0145	0.0000	0.3690	-0.0400	230.7910	0.0000	1.3200	68.3873	NOT CONNECTED	NOT CONNECTED	NOT CONNECTED	NOT CONNECTED	NOT CONNECTED	NOT CONNECTED	NOT CONNECTED	NOT CONNECTED	NOT CONNECTED	NOT CONNECTED	NOT CONNECTED	NOT CONNECTED	NOT CONNECTED	NOT CONNECTED	NOT CONNECTED	NOT CONNECTED	NOT CONNECTED	NOT CONNECTED	NOT CONNECTED	NOT CONNECTED	NOT CONNECTED
1.5138	0.0000	-0.0000	0.0146	0.0000	0.3700	-0.0400	230.8140	0.0000	1.3200	68.2875	NOT CONNECTED	NOT CONNECTED	NOT CONNECTED	NOT CONNECTED	NOT CONNECTED	NOT CONNECTED	NOT CONNECTED	NOT CONNECTED	NOT CONNECTED	NOT CONNECTED	NOT CONNECTED	NOT CONNECTED	NOT CONNECTED	NOT CONNECTED	NOT CONNECTED	NOT CONNECTED	NOT CONNECTED	NOT CONNECTED	NOT CONNECTED	NOT CONNECTED	NOT CONNECTED
1.6453	0.0000	-0.0000	0.0146	0.0000	0.3700	-0.0400	230.8140	0.0000	1.3200	68.2875	NOT CONNECTED	0.0000	500.0000	0.0000	0.0000	0.0000	0.0000	0.0931	0.0538	-1.0141	-0.6194	-1.1270	-0.3767	0.0000	0.0000	321.5109	0.0000	89.8497	1.1883	0.0056	69.1199
2.2465	0.0000	-0.0000	0.0146	0.0000	0.3690	-0.0400	230.8260	0.0000	1.3100	68.1616	NOT CONNECTED	0.0000	500.0000	0.0000	0.0000	0.0000	0.0000	0.0931	0.0538	-1.0141	-0.6194	-1.1270	-0.3767	0.0000	0.0000	321.4920	0.0000	89.8016	1.1883	0.0056	69.0868
2.2515	0.0000	-0.0000	0.0146	0.0000	0.3690	-0.0400	230.8260	0.0000	1.3100	68.1616	NOT CONNECTED	0.0000	500.0000	0.0000	0.0000	0.0000	0.0000	0.0931	0.0538	-1.0141	-0.6194	-1.1270	-0.3767	0.0000	0.0000	321.4920	0.0000	89.8016	1.1883	0.0056	69.0868
2.8416	0.0000	-0.0000	0.0146	0.0000	0.3690	-0.0400	230.8260	0.0000	1.3100	68.1616	NOT CONNECTED	0.0000	500.0000	0.0000	0.0000	0.0000	0.0000	0.0931	0.0538	-1.0141	-0.6194	-1.1270	-0.3767	0.0000	0.0000	321.5542	0.0000	89.7563	1.1883	0.0051	69.0868
3.4468	0.0000	-0.0000	0.0146	0.0000	0.3700	-0.0400	230.8940	0.0000	1.3300	67.8597	NOT CONNECTED	0.0000	500.0000	0.0000	0.0000	0.0000	0.0000	0.0931	0.0538	-1.0141	-0.6194	-1.1270	-0.3767	0.0000	0.0000	321.5542	0.0000	89.7137	1.1883	0.0055	69.0537
4.0533	0.0000	-0.0000	0.0146	0.0000	0.3700	-0.0400	230.8940	0.0000	1.3300	67.8597	NOT CONNECTED	0.0000	500.0000	0.0000	0.0000	0.0000	0.0000	0.0931	0.0538	-1.0141	-0.6194	-1.1270	-0.3767	0.0000	0.0000	321.5772	0.0000	89.6733	1.1883	0.0053	69.0537
4.5020	0.0000	-0.0000	0.0146	0.0000	0.3700	-0.0400	230.8940	0.0000	1.3300	67.8597	NOT CONNECTED	0.0000	500.0000	0.0000	0.0000	0.0000	0.0000	0.0931	0.0538	-1.0141	-0.6194	-1.1270	-0.3767	0.0000	0.0000	321.6192	0.0000	89.6334	1.1883	0.0053	69.0207
4.6580	0.0000	-0.0000	0.0146	0.0000	0.3700	-0.0400	230.8940	0.0000	1.3300	67.8597	NOT CONNECTED	0.0000	500.0000	0.0000	0.0000	0.0000	0.0000	0.0931	0.0538	-1.0141	-0.6194	-1.1270	-0.3767	0.0000	0.0000	321.6192	0.0000	89.6334	1.1883	0.0053	69.0207
5.2502	0.0000	-0.0000	0.0146	0.0000	0.3700	-0.0400	230.9030	0.0000	1.3200	67.7473	NOT CONNECTED	0.0000	500.0000	0.0000	0.0000	0.0000	0.0000	0.0931	0.0538	-1.0141	-0.6194	-1.1270	-0.3767	0.0000	0.0000	321.6124	0.0000	89.5969	1.1883	0.0054	68.9877
5.2643	0.0000	-0.0000	0.0146	0.0000	0.3700	-0.0400	230.9030	0.0000	1.3200	67.7473	NOT CONNECTED	0.0000	500.0000	0.0000	0.0000	0.0000	0.0000	0.0931	0.0538	-1.0141	-0.6194	-1.1270	-0.3767	0.0000	0.0000	321.6124	0.0000	89.5969	1.1883	0.0054	68.9877
5.8702	0.0000	-0.0000	0.0146	0.0000	0.3700	-0.0400	230.9220	0.0000	1.3300	67.6611	NOT CONNECTED	0.0000	500.0000	0.0000	0.0000	0.0000	0.0000	0.0931	0.0538	-1.0141	-0.6194	-1.1270	-0.3767	0.0000	0.0000	321.6124	0.0000	89.5621	1.1883	0.0053	68.9877
5.9923	0.0000	-0.0000	0.0146	0.0000	0.3700	-0.0400	230.9220	0.0000	1.3300	67.6611	NOT CONNECTED	0.0000	500.0000	0.0000	0.0000	0.0000	0.0000	0.0931	0.0538	-1.0141	-0.6194	-1.1270	-0.3767	0.0000	0.0000	321.6124	0.0000	89.5621	1.1883	0.0053	68.9877
6.4755	0.0000	-0.0000	0.0146	0.0000	0.3700	-0.0400	230.9330	0.0000	1.3300	67.5782	NOT CONNECTED	0.0000	500.0000	0.0000	0.0000	0.0000	0.0000	0.0931	0.0538	-1.0141	-0.6194	-1.1270	-0.3767	0.0000	0.0000	321.6179	0.0000	89.5287	1.1883	0.0055	68.9548
6.7245	0.0000	-0.0000	0.0146	0.0000	0.3700	-0.0400	230.9330	0.0000	1.3300	67.5782	NOT CONNECTED	0.0000	500.0000	0.0000	0.0000	0.0000	0.0000	0.0931	0.0538	-1.0141	-0.6194	-1.1270	-0.3767	0.0000	0.0000	321.6179	0.0000	89.5287	1.1883	0.0055	68.9548
7.0803	0.0000	-0.0000	0.0146	0.0000	0.3700	-0.0400	230.9330	0.0000	1.3300	67.5782	NOT CONNECTED	0.0000	500.0000	0.0000	0.0000	0.0000	0.0000	0.0931	0.0538	-1.0141	-0.6194	-1.1270	-0.3767	0.0000	0.0000	321.6638	0.0000	89.4967	1.1883	0.0052	68.9548
7.4916	0.0000	-0.0000	0.0146	0.0000	0.3700	-0.0400	230.9400	0.0000	1.3300	67.4164	NOT CONNECTED	0.0000	500.0000	0.0000	0.0000	0.0000	0.0000	0.0931	0.0538	-1.0141	-0.6194	-1.1270	-0.3767	0.0000	0.0000	321.6896	0.0000	89.4645	1.1883	0.0054	68.9220
7.6857	0.0000	-0.0000	0.0146	0.0000	0.3700	-0.0400	230.9400	0.0000	1.3300	67.4164	NOT CONNECTED	0.0000	500.0000	0.0000	0.0000	0.0000	0.0000	0.0931	0.0538	-1.0141	-0.6194	-1.1270	-0.3767	0.0000	0.0000	321.6896	0.0000	89.4645	1.1883	0.0054	68.9220
8.2377	0.0000	-0.0000	0.0146	0.0000	0.3700	-0.0400	230.9520	0.0000	1.3300	67.3121	NOT CONNECTED	0.0000	500.0000	0.0000	0.0000	0.0000	0.0000	0.0931	0.0538	-1.0141	-0.6194	-1.1270	-0.3767	0.0000	0.0000	321.6395	0.0000	89.4347	1.1883	0.0052	68.8892
8.3077	0.0000	-0.0000	0.0146	0.0000	0.3700	-0.0400	230.9520	0.0000	1.3300	67.3121	NOT CONNECTED	0.0000	500.0000	0.0000	0.0000	0.0000	0.0000	0.0931	0.0538	-1.0141	-0.6194	-1.1270	-0.3767	0.0000	0.0000	321.6395	0.0000	89.4347	1.1883	0.0052	68.8892
8.9133	0.0000	-0.0000	0.0146	0.0000	0.3700	-0.0400	230.9640	0.0000	1.3200	67.2503	NOT CONNECTED	0.0000	500.0000	0.0000	0.0000	0.0000	0.0000	0.0931	0.0538	-1.0141	-0.6194	-1.1270	-0.3767	0.0000	0.0000	321.6382	0.0000	89.4046	1.1883	0.0052	68.8892
8.9888	0.0000	-0.0000	0.0146	0.0000	0.3700	-0.0400	230.9640	0.0000	1.3200	67.2503	NOT CONNECTED	0.0000	500.0000	0.0000	0.0000	0.0000	0.0000	0.0931	0.0538	-1.0141	-0.6194	-1.1270	-0.3767	0.0000	0.0000	321.6382	0.0000	89.4046	1.1883	0.0052	68.8892
9.5028	0.0000	-0.0000	0.0146	0.0000	0.3700	-0.0400	230.9680	0.0000	1.3200	67.1285	NOT CONNECTED	0.0000	500.0000	0.0000	0.0000	0.0000	0.0000	0.0931	0.0538	-1.0141	-0.6194	-1.1270	-0.3767	0.0000	0.0000	321.6381	0.0000	89.3766	1.1883	0.0054	68.8565
9.7251	0.0000	-0.0000	0.0146	0.0000	0.3700	-0.0400	230.9680	0.0000	1.3200	67.1285	NOT CONNECTED	0.0000	500.0000	0.0000	0.0000	0.0000	0.0000	0.0931	0.0538	-1.0141	-0.6194	-1.1270	-0.3767	0.0000	0.0000	321.6381	0.0000	89.3766	1.1883	0.0054	68.8565
10.0928	0.0000	-0.0000	0.0146	0.0000	0.3700	-0.0400	230.9680	0.0000	1.3200	67.1285	NOT CONNECTED	0.0000	500.0000	0.0000	0.0000	0.0000	0.0000	0.0931	0.0538	-1.0141	-0.6194	-1.1270	-0.3767	0.0000	0.0000	321.6612	0.0000	89.3504	1.1883	0.0051	68.8565
10.4960	0.0000	-0.0000	0.0146	0.0000	0.3700	-0.0400	230.9690	0.0000	1.3200	66.9976	NOT CONNECTED	0.0000	500.0000	0.0000	0.0000	0.0000	0.0000	0.0931	0.0538	-1.0141	-0.6194	-1.1270	-0.3767	0.0000	0.0000	321.6815	0.0000	89.3237	1.1883	0.0052	68.8238
10.6824	0.0000	-0.0000	0.0146	0.0000	0.3700	-0.0400	230.9690	0.0000	1.3200	66.9976	NOT CONNECTED	0.0000	500.0000	0.0000	0.0000	0.0000	0.0000	0.0931	0.0538	-1.0141	-0.6194	-1.1270	-0.3767	0.0000	0.0000	321.6815	0.0000	89.3237	1.1883	0.0052	68.8238
11.2357	0.0000	-0.0000	0.0146	0.0000	0.3700	-0.0400	230.9730	0.0000	1.3300	66.9437	NOT CONNECTED	0.0000	500.0000	0.0000	0.0000	0.0000	0.0000	0.0931	0.0538	-1.0141	-0.6194	-1.1270	-0.3767	0.0000	0.0000	321.6666	0.0000	89.2977	1.1883	0.0052	68.7912
11.2883	0.0000	-0.0000	0.0146	0.0000	0.3700	-0.0400	230.9730	0.0000	1.3300	66.9437	NOT CONNECTED	0.0000	500.0000	0.0000	0.0000	0.0000	0.0000	0.0931	0.0538	-1.0141	-0.6194	-1.1270	-0.3767	0.0000	0.0000	321.6666	0.0000	89.2977	1.1883	0.0052	68.7912
11.8930	0.0000	-0.0000	0.0146	0.0000	0.3700	-0.0400	230.9750	0.0000	1.3300	66.8074	NOT CONNECTED	0.0000	500.0000	0.0000	0.0000	0.0000	0.0000	0.0931	0.0538	-1.0141	-0.6194	-1.1270	-0.3767	0.0000	0.0000	321.6436	0.0000	89.2721	1.1883	0.0053	68.7912
11.9897	0.0000	-0.0000	0.0146	0.0000	0.3700	-0.0400	230.9750	0.0000	1.3300	66.8074	NOT CONNECTED	0.0000	500.0000	0.0000	0.0000	0.0000	0.0000	0.0931	0.0538	-1.0141	-0.6194	-1.1270	-0.3767	0.0000	0.0000	321.6436	0.0000	89.2721	1.1883	0.0053	68.7912
12.4982	0.0000	-0.0000	0.0146	0.0000	0.3700	-0.0400	230.9750	0.0000	1.3200	66.7373	NOT CONNECTED	0.0000	500.0000	0.0000	0.0000	0.0000	0.0000	0.0931	0.0538	-1.0141	-0.6194	-1.1270	-0.3767	0.0000	0.0000	321.6517	0.0000	89.2472	1.1883	0.0053	68.7587
12.7266	0.0000	-0.0000	0.0146	0.0000	0.3700	-0.0400	230.9750	0.0000	1.3200	66.7373	NOT CONNECTED	0.0000	500.0000	0.0000	0.0000	0.0000	0.0000	0.0931	0.0538	-1.0141	-0.6194	-1.1270	-0.3767	0.0000	0.0000	321.6517	0.0000	89.2472	1.1883	0.0053	68.7587
13.1037	0.0000	-0.0000	0.0146	0.0000	0.3700	-0.0400	230.9750	0.0000	1.3200	66.7373	NOT CONNECTED	0.0000	500.0000	0.0000	0.0000	0.0000	0.0000	0.0931	0.0538	-1.0141	-0.6194	-1.1270	-0.3767	0.0000	0.0000	321.6842	0.0000	89.2227	1.1883	0.0050	68.7587
13.6910	0.0000	-0.0000	0.0146	0.0000	0.3700	-0.0400	230.9750	0.0000	1.3300	66.5804	NOT CONNECTED	0.0000	500.0000	0.0000	0.0000	0.0000	0.0000	0.0931	0.0538	-1.0141	-0.6194	-1.1270	-0.3767	0.0000	0.0000	321.6355	0.0000	89.1975	1.1883	0.0050	68.7262
13.7100	0.0000	-0.0000	0.0146	0.0000	0.3700	-0.0400	230.9750	0.0000	1.3300	66.5804	NOT CONNECTED	0.0000	500.0000	0.0000	0.0000	0.0000	0.0000	0.0931	0.0538	-1.0141	-0.6194	-1.1270	-0.3767	0.0000	0.0000	321.6355	0.0000	89.1975	1.1883	0.0050	68.7262
14.2994	0.0000	-0.0000	0.0146	0.0000	0.3700	-0.0400	230.9740	0.0000	1.3300	66.5325	NOT CONNECTED	0.0000	500.0000	0.0000	0.0000	0.0000	0.0000	0.0931	0.0538	-1.0141	-0.6194	-1.1270	-0.3767	0.0000	0.0000	321.6395	0.0000	89.1749	1.1883	0.0052	68.6938
14.4291	0.0000	-0.0000	0.0146	0.0000	0.3700	-0.0400	230.9740	0.0000	1.3300	66.5325	NOT CONNECTED	0.0000	500.0000	0.0000	0.0000	0.0000	0.0000	0.0931	0.0538	-1.0141	-0.6194	-1.1270	-0.3767	0.0000	0.0000	321.6395	0.0000	89.1749	1.1883	0.0052	68.6938
14.9053	0.0000	-0.0000	0.0146	0.0000	0.3700	-0.0400	230.9740	0.0000	1.3300	66.4190	NOT CONNECTED	0.0000	500.0000	0.0000	0.0000	0.0000	0.0000	0.0931	0.0538	-1.0141	-0.6194	-1.1270	-0.3767	0.0000	0.0000	321.6206	0.0000	89.1515	1.1883	0.0053	68.6938
15.1634	0.0000	-0.0000	0.0146	0.0000	0.3700	-0.0400	230.9740	0.0000	1.3300	66.4190	NOT CONNECTED	0.0000	500.0000	0.0000	0.0000	0.0000	0.0000	0.0931	0.0538	-1.0141	-0.6194	-1.1270	-0.3767	0.0000	0.0000	321.6206	0.0000	89.1515	1.1883	0.0053	68.6938
15.5105	0.0000	-0.0000	0.0146	0.0000	0.3700	-0.0400	230.9740	0.0000	1.3300	66.4190	NOT CONNECTED	6000.0000	500.0000	0.0000	0.0000	0.0000	0.0000	0.0931	0.0538	-1.0141	-0.6194	-1.1270	-0.3767	0.0000	0.0000	321.6341	0.0000	89.1284	1.1883	0.0051	68.6615
15.9108	0.0000	-0.0000	0.0146	0.0000	0.3690	-0.0400	230.9740	0.0000	1.3300	66.3210	NOT CONNECTED	6000.0000	500.0000	0.0000	0.0000	0.0000	0.0000	0.0931	0.0538	-1.0141	-0.6194	-1.1270	-0.3767	0.0000	0.0000	321.6734	0.0000	89.1048	1.1883	0.0054	68.6615
16.1161	0.0000	-0.0000	0.0146	0.0000	0.3690	-0.0400	230.9740	0.0000	1.3300	66.3210	NOT CONNECTED	6000.0000	500.0000	0.0000	0.0000	0.0000	0.0000	0.0931	0.0538	-1.0141	-0.6194	-1.1270	-0.3767	0.0000	0.0000	321.6734	0.0000	89.1048	1.1883	0.0054	68.6615
16.6524	0.0000	-0.0000	0.0146	0.0000	0.3700	-0.0400	230.9720	0.0000	1.3300	66.2346	NOT CONNECTED	6000.0000	500.0000	0.0000	0.0000	0.0000	0.0000	0.0931	0.0538	-1.0141	-0.6194	-1.1270	-0.3767	0.0000	0.0000	321.6693	0.0000	89.0811	1.1883	0.0054	68.6292
16.7383	0.0000	-0.0000	0.0146	0.0000	0.3700	-0.0400	230.9720	0.0000	1.3300	66.2346	NOT CONNECTED	6000.0000	500.0000	0.0000	0.0000	0.0000	0.0000	0.0931	0.0538	-1.0141	-0.6194	-1.1270	-0.3767	0.0000	0.0000	321.6693	0.0000	89.0811	1.1883	0.0054	68.6292
17.3433	0.0000	-0.0000	0.0146	0.0000	0.3700	-0.0400	230.9720	0.0000	1.3300	66.1389	NOT CONNECTED	6000.0000	500.0000	0.0000	0.0000	0.0000	0.0000	0.0931	0.0538	-1.0141	-0.6194	-1.1270	-0.3767	0.0000	0.0000	321.6328	0.0000	89.0591	1.1883	0.0054	68.5970
17.3981	0.0000	-0.0000	0.0146	0.0000	0.3700	-0.0400	230.9720	0.0000	1.3300	66.1389	NOT CONNECTED	6000.0000	500.0000	0.0000	0.0000	0.0000	0.0000	0.0931	0.0538	-1.0141	-0.6194	-1.1270	-0.3767	0.0000	0.0000	321.6328	0.0000	89.0591	1.1883	0.0054	68.5970
17.9487	0.0000	-0.0000	0.0146	0.0000	0.3700	-0.0400	230.9720	0.0000	1.3300	66.0584	NOT CONNECTED	6000.0000	500.0000	0.0000	0.0000	0.0000	0.0000	0.0931	0.0538	-1.0141	-0.6194	-1.1270	-0.3767	0.0000	0.0000	321.6287	0.0000	89.0371	1.1883	0.0055	68.5970
18.1449	0.0000	-0.0000	0.0146	0.0000	0.3700	-0.0400	230.9720	0.0000	1.3300	66.0584	NOT CONNECTED	6000.0000	500.0000	0.0000	0.0000	0.0000	0.0000	0.0931	0.0538	-1.0141	-0.6194	-1.1270	-0.3767	0.0000	0.0000	321.6287	0.0000	89.0371	1.1883	0.0055	68.5970
18.5542	0.0000	-0.0000	0.0145	0.0000	0.3700	-0.0400	230.9720	0.0000	1.3300	65.9815	NOT CONNECTED	6000.0000	500.0000	0.0000	0.0000	0.0000	0.0000	0.0931	0.0538	-1.0141	-0.6194	-1.1270	-0.3767	0.0000	0.0000	321.6246	0.0000	89.0151	1.1883	0.0053	68.5648
18.8876	0.0000	-0.0000	0.0145	0.0000	0.3700	-0.0400	230.9720	0.0000	1.3300	65.9815	NOT CONNECTED	6000.0000	500.0000	0.0000	0.0000	0.0000	0.0000	0.0931	0.0538	-1.0141	-0.6194	-1.1270	-0.3767	0.0000	0.0000	321.6666	0.0000	88.9937	1.1883	0.0051	68.5327
19.1600	0.0000	-0.0000	0.0145	0.0000	0.3700	-0.0400	230.9720	0.0000	1.3300	65.9815	NOT CONNECTED	6000.0000	500.0000	0.0000	0.0000	0.0000	0.0000	0.0931	0.0538	-1.0141	-0.6194	-1.1270	-0.3767	0.0000	0.0000	321.6666	0.0000	88.9937	1.1883	0.0051	68.5327
19.6380	0.0000	-0.0000	0.0145	0.0000	0.3700	-0.0400	230.9710	0.0000	1.3200	65.8832	NOT CONNECTED	6000.0000	500.0000	0.0000	0.0000	-0.0028	0.0000	0.0931	0.0538	-0.0038	-0.0071	-1.1270	-0.0000	1.5400	0.0000	316.4449	0.0013	88.9716	1.1883	0.0057	68.5327
19.7816	0.0000	-0.0000	0.0145	0.0000	0.3700	-0.0400	230.9710	0.0000	1.3200	65.8832	NOT CONNECTED	6000.0000	500.0000	0.0000	0.0000	-0.0028	0.0000	0.0931	0.0538	-0.0038	-0.0071	-1.1270	-0.0000	1.5400	0.0000	316.4449	0.0013	88.9716	1.1883	0.0057	68.5327
20.3862	16.0000	-0.0500	0.0146	0.0000	0.3700	-0.0400	230.9690	0.0000	1.3300	65.8309	NOT CONNECTED	6000.0000	500.0000	0.0000	-1.1791	-0.0137	0.0000	0.1515	0.0538	2.0269	-0.0143	2.0563	-0.1162	15.5400	0.0000	310.0785	47.4179	88.9794	2.0390	0.7353	68.5006
20.9927	0.0000	-0.0020	1.3481	0.0000	13.7910	41.4300	230.9350	0.4124	57.6400	65.8825	NOT CONNECTED	6000.0000	500.0000	0.0000	0.1274	-0.1031	0.0000	0.1676	0.0538	3.0608	-0.1012	3.0239	-0.2455	22.4699	0.0000	303.5751	102.2856	89.2591	3.0504	1.8597	68.5006
21.1216	0.0000	-0.0020	1.3481	0.0000	13.7910	41.4300	230.9350	0.4124	57.6400	65.8825	NOT CONNECTED	6000.0000	500.0000	0.0000	0.1274	-0.1031	0.0000	0.1676	0.0538	3.0608	-0.1012	3.0239	-0.2455	22.4699	0.0000	303.5751	102.2856	89.2591	3.0504	1.8597	68.5006
21.5821	0.0000	-0.0020	2.0073	0.0000	20.8210	93.4500	230.8980	0.7905	119.9500	66.1793	NOT CONNECTED	6000.0000	500.0000	0.0000	-0.1361	-0.1180	0.0000	0.1678	0.0538	2.9196	-0.1181	3.0133	-0.1976	18.9399	0.0000	303.6172	99.9779	89.8718	3.0504	2.1525	68.5200
21.8754	0.0000	-0.0020	2.0073	0.0000	20.8210	93.4500	230.8980	0.7905	119.9500	66.1793	NOT CONNECTED	6000.0000	500.0000	0.0000	-0.1361	-0.1180	0.0000	0.1678	0.0538	2.9196	-0.1181	3.0133	-0.1976	18.9399	0.0000	303.6172	99.9779	89.8718	3.0504	2.1525	68.5200
22.1882	0.0000	-0.0020	2.0073	0.0000	20.8210	93.4500	230.8980	0.7905	119.9500	66.1793	NOT CONNECTED	6000.0000	500.0000	0.0000	-1.8066	0.0035	0.0133	0.0969	0.1117	1.0076	0.0025	0.2083	-0.0151	8.2379	0.4732	317.1802	10.9591	86.6617	0.1298	0.7532	68.7361
22.6190	22.0000	-0.0090	0.6166	0.0000	6.2110	8.2100	230.9840	0.1397	16.8400	66.4496	NOT CONNECTED	6000.0000	500.0000	0.0000	84.1735	0.1924	0.2234	0.1118	0.1117	1.0303	0.2872	0.9775	0.4564	7.0845	8.3904	315.2573	16.0324	86.5874	1.0805	0.7778	68.7361
22.7934	22.0000	-0.0090	0.6166	0.0000	6.2110	8.2100	230.9840	0.1397	16.8400	66.4496	NOT CONNECTED	6000.0000	500.0000	0.0000	84.1735	0.1924	0.2234	0.1118	0.1117	1.0303	0.2872	0.9775	0.4564	7.0845	8.3904	315.2573	16.0324	86.5874	1.0805	0.7778	68.7361
23.3536	307.0000	-0.1240	0.6980	0.0000	7.9120	12.2600	230.9550	0.1725	21.6100	66.6132	NOT CONNECTED	6000.0000	500.0000	0.0000	399.5350	0.1602	0.1644	0.0935	0.0937	0.2892	0.2893	0.3238	0.2805	1.8325	18.6512	317.5086	7.4204	86.5261	0.4633	0.5443	68.7808
23.3984	307.0000	-0.1240	0.6980	0.0000	7.9120	12.2600	230.9550	0.1725	21.6100	66.6132	NOT CONNECTED	6000.0000	500.0000	0.0000	399.5350	0.1602	0.1644	0.0935	0.0937	0.2892	0.2893	0.3238	0.2805	1.8325	18.6512	317.5086	7.4204	86.5261	0.4633	0.5443	68.7808
24.0044	666.0000	-0.1130	0.2953	0.0000	26.3510	8.6300	230.9510	0.1247	14.8200	66.7025	NOT CONNECTED	6000.0000	500.0000	0.0000	705.7057	0.1348	0.1263	0.0934	0.0934	0.3201	0.2425	0.3265	0.2951	2.2396	30.4595	316.2787	12.2443	86.4060	0.4233	0.3037	68.7808
24.1017	666.0000	-0.1130	0.2953	0.0000	26.3510	8.6300	230.9510	0.1247	14.8200	66.7025	NOT CONNECTED	6000.0000	500.0000	0.0000	705.7057	0.1348	0.1263	0.0934	0.0934	0.3201	0.2425	0.3265	0.2951	2.2396	30.4595	316.2787	12.2443	86.4060	0.4233	0.3037	68.7808
24.6100	1037.0000	-0.1150	0.3039	0.0000	38.2830	12.5300	230.9440	0.1566	19.2300	66.7448	NOT CONNECTED	6000.0000	500.0000	0.0000	997.9775	0.1377	0.1804	0.0938	0.0934	0.3457	0.2416	0.2744	0.3360	1.9400	42.2717	315.1315	16.6986	86.2884	0.4145	0.3116	68.7734
24.8481	1037.0000	-0.1150	0.3039	0.0000	38.2830	12.5300	230.9440	0.1566	19.2300	66.7448	NOT CONNECTED	6000.0000	500.0000	0.0000	997.9775	0.1377	0.1804	0.0938	0.0934	0.3457	0.2416	0.2744	0.3360	1.9400	42.2717	315.1315	16.6986	86.2884	0.4145	0.3116	68.7734
25.2155	1037.0000	-0.1150	0.3039	0.0000	38.2830	12.5300	230.9440	0.1566	19.2300	66.7448	NOT CONNECTED	6000.0000	500.0000	0.0000	1302.0107	0.1262	0.1450	0.0934	0.0934	0.3312	0.2296	0.3437	0.2950	1.9247	53.9689	314.1100	21.9921	86.1910	0.4493	0.3181	68.7468
25.5983	1416.0000	-0.1170	0.3178	0.0000	62.2480	20.8600	230.9280	0.2208	28.3600	66.8069	NOT CONNECTED	6000.0000	500.0000	0.0000	1604.5495	0.1613	0.1502	0.0935	0.0936	0.4056	0.2825	0.3226	0.2771	2.1332	66.3546	313.1090	28.4115	86.0958	0.4678	0.3252	68.7468
25.8210	1416.0000	-0.1170	0.3178	0.0000	62.2480	20.8600	230.9280	0.2208	28.3600	66.8069	NOT CONNECTED	6000.0000	500.0000	0.0000	1604.5495	0.1613	0.1502	0.0935	0.0936	0.4056	0.2825	0.3226	0.2771	2.1332	66.3546	313.1090	28.4115	86.0958	0.4678	0.3252	68.7468
26.3436	1784.0000	-0.1210	0.3219	0.0000	74.1150	25.0700	230.9200	0.2508	32.9300	66.7355	NOT CONNECTED	6000.0000	500.0000	0.0000	1901.3995	0.1545	0.1749	0.0936	0.0935	0.3098	0.2942	0.3627	0.3471	2.3299	77.9675	312.1676	32.9829	86.0133	0.4937	0.3286	68.7214
26.4262	1784.0000	-0.1210	0.3219	0.0000	74.1150	25.0700	230.9200	0.2508	32.9300	66.7355	NOT CONNECTED	6000.0000	500.0000	0.0000	1901.3995	0.1545	0.1749	0.0936	0.0935	0.3098	0.2942	0.3627	0.3471	2.3299	77.9675	312.1676	32.9829	86.0133	0.4937	0.3286	68.7214
27.0320	2165.0000	-0.1250	0.3303	0.0000	98.1460	34.2600	230.8960	0.3164	42.6700	66.7140	NOT CONNECTED	6000.0000	500.0000	0.0000	2206.7819	0.1349	0.1667	0.0936	0.0935	0.4235	0.2372	0.3386	0.2901	2.1937	91.4210	311.2791	39.2810	85.9384	0.4821	0.3292	68.7214
27.0944	2165.0000	-0.1250	0.3303	0.0000	98.1460	34.2600	230.8960	0.3164	42.6700	66.7140	NOT CONNECTED	6000.0000	500.0000	0.0000	2206.7819	0.1349	0.1667	0.0936	0.0935	0.4235	0.2372	0.3386	0.2901	2.1937	91.4210	311.2791	39.2810	85.9384	0.4821	0.3292	68.7214
27.6373	2534.0000	-0.1260	0.3342	0.0000	110.3220	39.1700	230.8840	0.3507	47.9000	66.6121	NOT CONNECTED	6000.0000	500.0000	0.0000	2513.4012	0.1568	0.1694	0.0936	0.0935	0.3877	0.2828	0.2709	0.3499	1.5823	102.3430	310.3948	45.1003	85.8679	0.4635	0.3400	68.6974
27.8382	2534.0000	-0.1260	0.3342	0.0000	110.3220	39.1700	230.8840	0.3507	47.9000	66.6121	NOT CONNECTED	6000.0000	500.0000	0.0000	2513.4012	0.1568	0.1694	0.0936	0.0935	0.3877	0.2828	0.2709	0.3499	1.5823	102.3430	310.3948	45.1003	85.8679	0.4635	0.3400	68.6974
28.2432	2905.0000	-0.1300	0.3425	0.0000	134.4420	49.2800	230.8550	0.4184	58.4200	66.5495	NOT CONNECTED	6000.0000	500.0000	0.0000	2817.5096	0.1519	0.1663	0.0936	0.0935	0.3620	0.2555	0.3062	0.3932	1.9467	112.2541	309.5889	50.6087	85.8067	0.4460	0.3438	68.6749
28.5775	2905.0000	-0.1300	0.3425	0.0000	134.4420	49.2800	230.8550	0.4184	58.4200	66.5495	NOT CONNECTED	6000.0000	500.0000	0.0000	3109.8814	0.1504	0.1855	0.0936	0.0935	0.3690	0.2711	0.4052	0.3515	2.6881	126.4026	308.6752	56.9225	85.7511	0.5599	0.3499	68.6749
28.8320	2905.0000	-0.1300	0.3425	0.0000	134.4420	49.2800	230.8550	0.4184	58.4200	66.5495	NOT CONNECTED	6000.0000	500.0000	0.0000	3109.8814	0.1504	0.1855	0.0936	0.0935	0.3690	0.2711	0.4052	0.3515	2.6881	126.4026	308.6752	56.9225	85.7511	0.5599	0.3499	68.6749
29.3239	3278.0000	-0.1380	0.3481	0.0000	146.4310	54.6500	230.8390	0.4537	64.0500	66.4418	NOT CONNECTED	6000.0000	500.0000	0.0000	3408.7276	0.1742	0.1761	0.0936	0.0936	0.4387	0.3176	0.3483	0.3274	3.6793	136.4322	307.9653	63.7471	85.7025	0.4354	0.3563	68.6544
29.4385	3278.0000	-0.1380	0.3481	0.0000	146.4310	54.6500	230.8390	0.4537	64.0500	66.4418	NOT CONNECTED	6000.0000	500.0000	0.0000	3408.7276	0.1742	0.1761	0.0936	0.0936	0.4387	0.3176	0.3483	0.3274	3.6793	136.4322	307.9653	63.7471	85.7025	0.4354	0.3563	68.6544
30.0440	3645.0000	-0.1370	0.3552	0.0000	170.5510	65.9300	230.8070	0.5259	75.6500	66.3406	NOT CONNECTED	6000.0000	500.0000	0.0000	3717.5189	0.1572	0.1604	0.0935	0.0936	0.3798	0.2784	0.3252	0.3698	3.3444	148.7859	306.9936	69.9710	85.6537	0.4949	0.3505	68.6544
30.0717	3645.0000	-0.1370	0.3552	0.0000	170.5510	65.9300	230.8070	0.5259	75.6500	66.3406	NOT CONNECTED	6000.0000	500.0000	0.0000	3717.5189	0.1572	0.1604	0.0935	0.0936	0.3798	0.2784	0.3252	0.3698	3.3444	148.7859	306.9936	69.9710	85.6537	0.4949	0.3505	68.6544
30.6493	4019.0000	-0.1370	0.3604	0.0000	182.8360	72.1300	230.7910	0.5654	82.0000	66.2013	NOT CONNECTED	6000.0000	500.0000	0.0000	4017.5786	0.1589	0.1776	0.0926	0.0937	0.3935	0.2980	0.3244	0.4483	3.2109	151.8296	306.3801	78.1951	85.6113	0.5802	0.3641	68.6365
30.8107	4019.0000	-0.1370	0.3604	0.0000	182.8360	72.1300	230.7910	0.5654	82.0000	66.2013	NOT CONNECTED	6000.0000	500.0000	0.0000	4017.5786	0.1589	0.1776	0.0926	0.0937	0.3935	0.2980	0.3244	0.4483	3.2109	151.8296	306.3801	78.1951	85.6113	0.5802	0.3641	68.6365
31.2605	4391.0000	-0.1410	0.3752	0.0000	207.8390	84.1900	230.7590	0.6362	93.6500	66.0711	NOT CONNECTED	6000.0000	500.0000	0.0000	4321.2184	0.2363	0.1787	0.0936	0.0938	0.4602	0.4296	0.3033	0.3819	-8.1790	171.2453	305.5884	86.5292	85.5722	0.5178	0.3717	68.6211
31.5525	4391.0000	-0.1410	0.3752	0.0000	207.8390	84.1900	230.7590	0.6362	93.6500	66.0711	NOT CONNECTED	6000.0000	500.0000	0.0000	4321.2184	0.2363	0.1787	0.0936	0.0938	0.4602	0.4296	0.3033	0.3819	-8.1790	171.2453	305.5884	86.5292	85.5722	0.5178	0.3717	68.6211
32.3059	4763.0000	-0.1440	0.3075	0.0000	211.8960	88.4100	230.7460	0.6581	97.3300	65.9335	NOT CONNECTED	6000.0000	500.0000	0.0000	4883.8069	0.2012	0.1648	0.0835	0.0837	0.0805	0.3952	-0.1035	0.3057	-0.0545	174.7895	304.8955	96.3725	85.4969	0.3159	0.2520	68.6085
32.3704	4763.0000	-0.1440	0.3075	0.0000	211.8960	88.4100	230.7460	0.6581	97.3300	65.9335	NOT CONNECTED	6000.0000	500.0000	0.0000	4883.8069	0.2012	0.1648	0.0835	0.0837	0.0805	0.3952	-0.1035	0.3057	-0.0545	174.7895	304.8955	96.3725	85.4969	0.3159	0.2520	68.6085
32.9762	5141.0000	-0.1460	0.2850	0.0000	212.3690	97.6000	230.7180	0.7132	106.4500	65.7874	NOT CONNECTED	6000.0000	500.0000	0.0000	5172.5458	0.1897	0.2042	0.0779	0.0773	-0.3148	0.4109	-0.4011	0.3667	-0.9541	170.1819	304.2002	104.8649	85.4557	0.4758	0.3198	68.6085
33.0505	5141.0000	-0.1460	0.2850	0.0000	212.3690	97.6000	230.7180	0.7132	106.4500	65.7874	NOT CONNECTED	6000.0000	500.0000	0.0000	5172.5458	0.1897	0.2042	0.0779	0.0773	-0.3148	0.4109	-0.4011	0.3667	-0.9541	170.1819	304.2002	104.8649	85.4557	0.4758	0.3198	68.6085
33.5811	5503.0000	-0.1500	0.3569	0.0000	212.3290	103.2600	230.7040	0.7491	112.5900	65.6372	NOT CONNECTED	6000.0000	500.0000	0.0000	5477.0246	0.1658	0.2041	0.0733	0.0743	-0.4492	0.3511	-0.5927	0.3481	-12.4333	171.8275	303.4794	113.8590	85.4227	0.6142	0.3891	68.4463
33.7892	5503.0000	-0.1500	0.3569	0.0000	212.3290	103.2600	230.7040	0.7491	112.5900	65.6372	NOT CONNECTED	6000.0000	500.0000	0.0000	5477.0246	0.1658	0.2041	0.0733	0.0743	-0.4492	0.3511	-0.5927	0.3481	-12.4333	171.8275	303.4794	113.8590	85.4227	0.6142	0.3891	68.4463
34.1874	5872.0000	-0.1460	0.5369	0.0000	211.7560	117.5700	230.6720	0.8423	128.3400	65.5531	NOT CONNECTED	6000.0000	500.0000	0.0000	5777.8134	0.1828	0.1868	0.0686	0.0688	-0.5585	0.4145	-0.8011	0.3679	-9.1520	174.0057	302.6040	123.7785	85.4056	0.8461	0.4817	68.2914
34.5402	5872.0000	-0.1460	0.5369	0.0000	211.7560	117.5700	230.6720	0.8423	128.3400	65.5531	NOT CONNECTED	6000.0000	500.0000	0.0000	6012.2264	0.0747	0.1129	0.0679	0.0689	-0.7180	0.1793	-0.8326	0.1885	-4.1682	175.2277	307.9357	61.9066	85.4035	0.7145	0.5588	68.2914
34.7922	5872.0000	-0.1460	0.5369	0.0000	211.7560	117.5700	230.6720	0.8423	128.3400	65.5531	NOT CONNECTED	6000.0000	500.0000	0.0000	6012.2264	0.0747	0.1129	0.0679	0.0689	-0.7180	0.1793	-0.8326	0.1885	-4.1682	175.2277	307.9357	61.9066	85.4035	0.7145	0.5588	68.2914
35.2870	6005.0000	-0.0750	0.5937	0.0000	212.4140	109.5800	230.6660	0.8204	123.5100	65.4104	NOT CONNECTED	6000.0000	500.0000	0.0000	6002.7097	0.0753	0.0942	0.0699	0.0683	-0.7673	0.1622	-0.7123	0.1888	-7.2537	168.6124	308.0313	66.9481	85.3965	0.7146	0.4829	68.1497
35.3966	6005.0000	-0.0750	0.5937	0.0000	212.4140	109.5800	230.6660	0.8204	123.5100	65.4104	NOT CONNECTED	6000.0000	500.0000	0.0000	6002.7097	0.0753	0.0942	0.0699	0.0683	-0.7673	0.1622	-0.7123	0.1888	-7.2537	168.6124	308.0313	66.9481	85.3965	0.7146	0.4829	68.1497
36.0024	5998.0000	-0.0780	0.5020	0.0000	216.1720	64.4200	230.6590	0.5106	72.9500	65.2997	NOT CONNECTED	6000.0000	500.0000	0.0000	6004.9246	0.0814	0.0778	0.0697	0.0689	-0.7065	0.1789	-0.7042	0.1692	-12.9750	170.8854	307.9068	68.2668	85.3859	0.7514	0.5175	68.1497
36.0260	5998.0000	-0.0780	0.5020	0.0000	216.1720	64.4200	230.6590	0.5106	72.9500	65.2997	NOT CONNECTED	6000.0000	500.0000	0.0000	6004.9246	0.0814	0.0778	0.0697	0.0689	-0.7065	0.1789	-0.7042	0.1692	-12.9750	170.8854	307.9068	68.2668	85.3859	0.7514	0.5175	68.1497
36.6092	6010.0000	-0.0780	0.5001	0.0000	216.3220	64.4900	230.6420	0.5116	73.0600	65.2108	NOT CONNECTED	6000.0000	500.0000	0.0000	6002.3315	0.0615	0.0872	0.0679	0.0682	-0.7926	0.1453	-0.7956	0.1846	-17.3978	173.5840	307.8895	65.3071	85.3745	0.6860	0.4869	68.0071
36.7673	6010.0000	-0.0780	0.5001	0.0000	216.3220	64.4900	230.6420	0.5116	73.0600	65.2108	NOT CONNECTED	6000.0000	500.0000	0.0000	6002.3315	0.0615	0.0872	0.0679	0.0682	-0.7926	0.1453	-0.7956	0.1846	-17.3978	173.5840	307.8895	65.3071	85.3745	0.6860	0.4869	68.0071
37.1977	6012.0000	-0.0790	0.5011	0.0000	216.2650	64.6500	230.6220	0.5119	73.2300	65.1136	NOT CONNECTED	6000.0000	500.0000	0.0000	6007.0356	0.1092	0.0692	0.0688	0.0680	-0.6552	0.2650	-0.6428	0.1131	6.1369	175.0678	307.8787	65.8160	85.3625	0.6995	0.4876	67.8654
37.5193	6012.0000	-0.0790	0.5011	0.0000	216.2650	64.6500	230.6220	0.5119	73.2300	65.1136	NOT CONNECTED	6000.0000	500.0000	0.0000	5996.9268	0.0512	0.1076	0.0694	0.0690	-0.6571	0.0394	-0.7282	0.2157	-16.5637	170.6488	307.8070	68.4753	85.3501	0.7115	0.4883	67.8654
37.8028	6012.0000	-0.0790	0.5011	0.0000	216.2650	64.6500	230.6220	0.5119	73.2300	65.1136	NOT CONNECTED	6000.0000	500.0000	0.0000	5996.9268	0.0512	0.1076	0.0694	0.0690	-0.6571	0.0394	-0.7282	0.2157	-16.5637	170.6488	307.8070	68.4753	85.3501	0.7115	0.4883	67.8654
38.3856	5993.0000	-0.0770	0.5012	0.0000	216.2660	64.4300	230.6090	0.5112	72.9800	65.0688	NOT CONNECTED	6000.0000	500.0000	0.0000	6000.9793	0.0724	0.0898	0.0693	0.0689	-0.6022	0.1445	-0.6262	0.2000	4.4301	175.8704	307.8043	67.1954	85.3375	0.6599	0.4873	67.7251
38.4099	5993.0000	-0.0770	0.5012	0.0000	216.2660	64.4300	230.6090	0.5112	72.9800	65.0688	NOT CONNECTED	6000.0000	500.0000	0.0000	6000.9793	0.0724	0.0898	0.0693	0.0689	-0.6022	0.1445	-0.6262	0.2000	4.4301	175.8704	307.8043	67.1954	85.3375	0.6599	0.4873	67.7251
39.0154	5994.0000	-0.0780	0.5007	0.0000	216.2610	64.4300	230.5850	0.5108	72.9400	64.9613	NOT CONNECTED	6000.0000	500.0000	0.0000	6002.7896	0.0804	0.0856	0.0684	0.0686	-0.6186	0.2029	-0.6486	0.2214	-10.9938	166.6129	307.7082	67.1268	85.3257	0.7292	0.5171	67.7251
39.1334	5994.0000	-0.0780	0.5007	0.0000	216.2610	64.4300	230.5850	0.5108	72.9400	64.9613	NOT CONNECTED	6000.0000	500.0000	0.0000	6002.7896	0.0804	0.0856	0.0684	0.0686	-0.6186	0.2029	-0.6486	0.2214	-10.9938	166.6129	307.7082	67.1268	85.3257	0.7292	0.5171	67.7251
39.6208	5994.0000	-0.0780	0.5007	0.0000	216.2610	64.4300	230.5850	0.5108	72.9400	64.9613	NOT CONNECTED	6000.0000	500.0000	0.0000	6001.3080	0.1023	0.0909	0.0681	0.0691	-0.5518	0.2452	-0.7030	0.1294	6.2810	169.6960	307.7433	69.1261	85.3139	0.7737	0.4881	67.5841
40.2264	6010.0000	-0.0810	0.5018	0.0000	216.2280	64.5900	230.5650	0.5119	73.1400	64.8435	NOT CONNECTED	6000.0000	500.0000	0.0000	6005.0994	0.0636	0.0781	0.0676	0.0681	-0.7225	0.1548	-0.7172	0.2101	-5.6228	168.5229	307.5056	69.3551	85.3007	0.7216	0.4888	67.4451
40.3838	6010.0000	-0.0810	0.5018	0.0000	216.2280	64.5900	230.5650	0.5119	73.1400	64.8435	NOT CONNECTED	6000.0000	500.0000	0.0000	6005.0994	0.0636	0.0781	0.0676	0.0681	-0.7225	0.1548	-0.7172	0.2101	-5.6228	168.5229	307.5056	69.3551	85.3007	0.7216	0.4888	67.4451
40.8313	5994.0000	-0.0840	0.5111	0.0000	215.6720	68.7900	230.5430	0.5389	77.5100	64.7671	NOT CONNECTED	6000.0000	500.0000	0.0000	6004.2146	0.1131	0.0848	0.0687	0.0690	-0.6351	0.2192	-0.6078	0.1929	-9.6300	169.0154	307.1812	71.9536	85.2880	0.7397	0.4935	67.4451
41.1276	5994.0000	-0.0840	0.5111	0.0000	215.6720	68.7900	230.5430	0.5389	77.5100	64.7671	NOT CONNECTED	6000.0000	500.0000	0.0000	6004.2146	0.1131	0.0848	0.0687	0.0690	-0.6351	0.2192	-0.6078	0.1929	-9.6300	169.0154	307.1812	71.9536	85.2880	0.7397	0.4935	67.4451
41.4376	5994.0000	-0.0840	0.5111	0.0000	215.6720	68.7900	230.5430	0.5389	77.5100	64.7671	NOT CONNECTED	6000.0000	500.0000	0.0000	5998.4055	0.0972	0.1115	0.0685	0.0675	-0.7256	0.2273	-0.7262	0.2176	-10.6800	169.8292	306.8408	73.9821	85.2761	0.8205	0.5045	67.3077
42.0112	5991.0000	-0.0870	0.5185	0.0000	215.3550	73.1500	230.5270	0.5670	82.0200	64.7019	NOT CONNECTED	6000.0000	500.0000	0.0000	6000.1790	0.1084	0.1104	0.0668	0.0683	-0.7521	0.2510	-0.8703	0.1418	-3.2059	173.6257	306.2449	81.6774	85.2669	0.7210	0.5363	67.3077
42.0430	5991.0000	-0.0870	0.5185	0.0000	215.3550	73.1500	230.5270	0.5670	82.0200	64.7019	NOT CONNECTED	6000.0000	500.0000	0.0000	6000.1790	0.1084	0.1104	0.0668	0.0683	-0.7521	0.2510	-0.8703	0.1418	-3.2059	173.6257	306.2449	81.6774	85.2669	0.7210	0.5363	67.3077
42.6485	5998.0000	-0.1070	0.5304	0.0000	214.9200	79.1500	230.5200	0.6048	88.2600	64.6450	NOT CONNECTED	6000.0000	500.0000	0.0000	5996.9408	0.0955	0.1332	0.0682	0.0671	-0.7094	0.2171	-0.7067	0.1598	-6.1041	179.3027	305.5964	87.9691	85.2585	0.8255	0.5223	67.1701
42.7521	5998.0000	-0.1070	0.5304	0.0000	214.9200	79.1500	230.5200	0.6048	88.2600	64.6450	NOT CONNECTED	6000.0000	500.0000	0.0000	5996.9408	0.0955	0.1332	0.0682	0.0671	-0.7094	0.2171	-0.7067	0.1598	-6.1041	179.3027	305.5964	87.9691	85.2585	0.8255	0.5223	67.1701
43.2542	6008.0000	-0.1210	0.5505	0.0000	214.0930	89.8300	230.5060	0.6723	99.4900	64.5839	NOT CONNECTED	6000.0000	500.0000	0.0000	5994.6881	0.1451	0.1516	0.0674	0.0667	-0.8394	0.3883	-0.7975	0.2742	4.5822	164.4495	304.9304	94.9333	85.2506	0.7773	0.5378	67.0354
43.5217	6008.0000	-0.1210	0.5505	0.0000	214.0930	89.8300	230.5060	0.6723	99.4900	64.5839	NOT CONNECTED	6000.0000	500.0000	0.0000	5994.6881	0.1451	0.1516	0.0674	0.0667	-0.8394	0.3883	-0.7975	0.2742	4.5822	164.4495	304.9304	94.9333	85.2506	0.7773	0.5378	67.0354
43.8596	6008.0000	-0.1210	0.5505	0.0000	214.0930	89.8300	230.5060	0.6723	99.4900	64.5839	NOT CONNECTED	6000.0000	500.0000	0.0000	6009.0482	0.1401	0.1061	0.0670	0.0673	-0.7940	0.3056	-0.8973	0.2526	5.5137	166.0979	304.5281	99.8774	85.2443	0.7784	0.5438	67.0354
44.3705	5996.0000	-0.1300	0.5609	0.0000	213.6260	94.4200	230.5000	0.7014	104.3000	64.5402	NOT CONNECTED	6000.0000	500.0000	0.0000	5987.9318	0.1977	0.1969	0.0678	0.0669	-0.6381	0.4262	-0.8515	0.3266	-9.5678	162.5781	303.6887	111.9475	85.2387	0.9644	0.5578	66.9038
44.4655	5996.0000	-0.1300	0.5609	0.0000	213.6260	94.4200	230.5000	0.7014	104.3000	64.5402	NOT CONNECTED	6000.0000	500.0000	0.0000	5987.9318	0.1977	0.1969	0.0678	0.0669	-0.6381	0.4262	-0.8515	0.3266	-9.5678	162.5781	303.6887	111.9475	85.2387	0.9644	0.5578	66.9038
45.0708	6007.0000	-0.1490	0.5901	0.0000	212.6330	109.3100	230.4860	0.7937	119.8300	64.4765	NOT CONNECTED	6000.0000	500.0000	0.0000	6003.6674	0.1615	0.1537	0.0658	0.0681	-0.6526	0.3450	-0.9835	0.3046	-10.2223	172.4971	302.6443	122.7128	85.2386	0.9516	0.6053	66.9038
45.1161	6007.0000	-0.1490	0.5901	0.0000	212.6330	109.3100	230.4860	0.7937	119.8300	64.4765	NOT CONNECTED	6000.0000	500.0000	0.0000	6003.6674	0.1615	0.1537	0.0658	0.0681	-0.6526	0.3450	-0.9835	0.3046	-10.2223	172.4971	302.6443	122.7128	85.2386	0.9516	0.6053	66.9038
45.6762	6004.0000	-0.1690	0.6105	0.0000	211.9030	117.9800	230.4810	0.8485	129.1000	64.4418	NOT CONNECTED	6000.0000	500.0000	0.0000	5994.5156	0.2129	0.2017	0.0665	0.0661	-0.8384	0.5324	-0.9380	0.3485	-1.4312	171.2699	302.1996	128.4272	85.2403	0.8689	0.6055	66.7725
45.8702	6004.0000	-0.1690	0.6105	0.0000	211.9030	117.9800	230.4810	0.8485	129.1000	64.4418	NOT CONNECTED	6000.0000	500.0000	0.0000	5994.5156	0.2129	0.2017	0.0665	0.0661	-0.8384	0.5324	-0.9380	0.3485	-1.4312	171.2699	302.1996	128.4272	85.2403	0.8689	0.6055	66.7725
46.2819	6004.0000	-0.1690	0.6105	0.0000	211.9030	117.9800	230.4810	0.8485	129.1000	64.4418	NOT CONNECTED	6000.0000	500.0000	0.0000	5997.9759	0.2014	0.1976	0.0666	0.0671	-0.8132	0.5134	-0.8043	0.3562	-7.6219	170.1157	301.9422	131.3815	85.2420	0.9588	0.6210	66.6461
46.7217	5996.0000	-0.1810	0.6328	0.0000	211.3520	128.1100	230.4790	0.9120	139.8900	64.4059	NOT CONNECTED	6000.0000	500.0000	0.0000	5995.0104	0.2297	0.2217	0.0653	0.0648	-0.7901	0.5922	-1.0261	0.3091	-4.9729	173.2094	301.0846	147.1210	85.2448	0.9173	0.6355	66.6461
46.8875	5996.0000	-0.1810	0.6328	0.0000	211.3520	128.1100	230.4790	0.9120	139.8900	64.4059	NOT CONNECTED	6000.0000	500.0000	0.0000	5995.0104	0.2297	0.2217	0.0653	0.0648	-0.7901	0.5922	-1.0261	0.3091	-4.9729	173.2094	301.0846	147.1210	85.2448	0.9173	0.6355	66.6461
47.4933	6012.0000	-0.2010	0.6445	0.0000	210.9810	134.8700	230.4760	0.9524	146.8600	64.3387	0.0000	6000.0000	500.0000	0.0000	6001.7440	0.2701	0.2132	0.0649	0.0655	-0.9703	0.7263	-1.0797	0.4549	-4.7174	168.3023	300.2612	154.4401	85.2504	1.0028	0.6591	66.5231
47.5182	6012.0000	-0.2010	0.6445	0.0000	210.9810	134.8700	230.4760	0.9524	146.8600	64.3387	0.0000	6000.0000	500.0000	0.0000	6001.7440	0.2701	0.2132	0.0649	0.0655	-0.9703	0.7263	-1.0797	0.4549	-4.7174	168.3023	300.2612	154.4401	85.2504	1.0028	0.6591	66.5231
48.0826	6008.0000	-0.2180	0.6893	0.0000	210.0090	153.5600	230.4680	1.0662	166.7800	64.2787	0.0000	6000.0000	500.0000	0.0000	6010.4359	0.2236	0.1932	0.0651	0.0667	-0.4865	0.5278	-1.1477	0.2759	-1.0342	167.7867	299.9193	163.2678	85.2616	1.0309	0.6991	66.5231
48.2663	6008.0000	-0.2180	0.6893	0.0000	210.0090	153.5600	230.4680	1.0662	166.7800	64.2787	0.0000	6000.0000	500.0000	0.0000	6010.4359	0.2236	0.1932	0.0651	0.0667	-0.4865	0.5278	-1.1477	0.2759	-1.0342	167.7867	299.9193	163.2678	85.2616	1.0309	0.6991	66.5231
48.6883	5995.0000	-0.2240	0.7058	0.0000	209.6200	162.1700	230.4670	1.1191	175.8800	64.2811	0.0000	6000.0000	500.0000	0.0000	5996.9443	0.1611	0.2524	0.0658	0.0641	-0.7285	0.3899	-0.9877	0.4428	0.6454	167.8687	299.8147	170.2333	85.2733	0.8490	0.6973	66.4015
49.0185	5995.0000	-0.2240	0.7058	0.0000	209.6200	162.1700	230.4670	1.1191	175.8800	64.2811	0.0000	6000.0000	500.0000	0.0000	6008.3010	0.1956	0.2145	0.0681	0.0656	-0.9213	0.5334	-0.7643	0.4680	-13.4162	159.9175	299.7713	168.8584	85.2827	0.8314	0.6939	66.2854
49.2940	5995.0000	-0.2240	0.7058	0.0000	209.6200	162.1700	230.4670	1.1191	175.8800	64.2811	0.0000	6000.0000	500.0000	0.0000	6008.3010	0.1956	0.2145	0.0681	0.0656	-0.9213	0.5334	-0.7643	0.4680	-13.4162	159.9175	299.7713	168.8584	85.2827	0.8314	0.6939	66.2854
49.7685	6000.0000	-0.2280	0.7034	0.0000	209.6600	163.8500	230.4780	1.1298	177.5700	64.2945	0.0000	6000.0000	500.0000	0.0000	5984.7203	0.2538	0.3075	0.0664	0.0660	-0.9221	0.6450	-0.8861	0.5784	-7.9706	165.1541	299.7594	169.9756	85.2904	1.1207	0.7005	66.2854
49.8985	6000.0000	-0.2280	0.7034	0.0000	209.6600	163.8500	230.4780	1.1298	177.5700	64.2945	0.0000	6000.0000	500.0000	0.0000	5984.7203	0.2538	0.3075	0.0664	0.0660	-0.9221	0.6450	-0.8861	0.5784	-7.9706	165.1541	299.7594	169.9756	85.2904	1.1207	0.7005	66.2854
50.5049	6006.0000	-0.2300	0.7130	0.0000	209.7250	166.8300	230.4920	1.1484	180.6300	64.2251	1.0000	6000.0000	500.0000	0.0000	5985.1079	0.2959	0.3083	0.0638	0.0652	-0.7529	0.7335	-0.9333	0.4316	-1.4633	164.7547	299.8384	172.4855	85.2975	1.2392	0.7077	66.1715
50.5218	6006.0000	-0.2300	0.7130	0.0000	209.7250	166.8300	230.4920	1.1484	180.6300	64.2251	1.0000	6000.0000	500.0000	0.0000	5985.1079	0.2959	0.3083	0.0638	0.0652	-0.7529	0.7335	-0.9333	0.4316	-1.4633	164.7547	299.8384	172.4855	85.2975	1.2392	0.7077	66.1715
51.1104	5998.0000	-0.2350	0.7119	0.0000	209.7680	167.8800	230.4880	1.1540	181.6000	64.2104	1.0000	6000.0000	500.0000	0.0000	5990.0539	0.2538	0.2909	0.0657	0.0666	-0.7246	0.6270	-0.9286	0.4555	-12.7590	170.3110	299.9327	175.5020	85.3058	1.0298	0.7273	66.1715
51.4118	5998.0000	-0.2350	0.7119	0.0000	209.7680	167.8800	230.4880	1.1540	181.6000	64.2104	1.0000	6000.0000	500.0000	0.0000	5990.0539	0.2538	0.2909	0.0657	0.0666	-0.7246	0.6270	-0.9286	0.4555	-12.7590	170.3110	299.9327	175.5020	85.3058	1.0298	0.7273	66.1715
51.7160	5998.0000	-0.2350	0.7119	0.0000	209.7680	167.8800	230.4880	1.1540	181.6000	64.2104	1.0000	6000.0000	500.0000	0.0000	5996.5858	0.2851	0.2662	0.0637	0.0651	-0.7062	0.6730	-1.0421	0.4588	-6.8534	169.5819	300.0763	174.0036	85.3089	1.1165	0.7015	66.0569
52.1685	6011.0000	-0.2350	0.7088	0.0000	209.8540	168.0900	230.5070	1.1559	181.7800	64.2076	1.0000	6000.0000	500.0000	0.0000	6005.6957	0.2528	0.2318	0.0653	0.0673	-0.7877	0.5994	-0.9110	0.4613	-9.8877	167.2055	300.1394	171.2229	85.3095	0.9425	0.6988	65.9439
52.3216	6011.0000	-0.2350	0.7088	0.0000	209.8540	168.0900	230.5070	1.1559	181.7800	64.2076	1.0000	6000.0000	500.0000	0.0000	6005.6957	0.2528	0.2318	0.0653	0.0673	-0.7877	0.5994	-0.9110	0.4613	-9.8877	167.2055	300.1394	171.2229	85.3095	0.9425	0.6988	65.9439
52.9122	6001.0000	-0.2360	0.7089	0.0000	209.8060	168.2000	230.5140	1.1565	181.8600	64.1573	1.0000	6000.0000	500.0000	0.0000	6003.5642	0.2347	0.2398	0.0657	0.0646	-0.8579	0.5933	-0.9221	0.4260	-6.4224	174.6528	300.1949	173.3977	85.3090	0.8715	0.6964	65.9439
52.9276	6001.0000	-0.2360	0.7089	0.0000	209.8060	168.2000	230.5140	1.1565	181.8600	64.1573	1.0000	6000.0000	500.0000	0.0000	6003.5642	0.2347	0.2398	0.0657	0.0646	-0.8579	0.5933	-0.9221	0.4260	-6.4224	174.6528	300.1949	173.3977	85.3090	0.8715	0.6964	65.9439
53.5328	5989.0000	-0.2350	0.7082	0.0000	209.9580	167.8900	230.5140	1.1542	181.3800	64.1716	1.0000	6000.0000	500.0000	0.0000	5999.8072	0.2446	0.2539	0.0670	0.0662	-0.8148	0.6621	-0.7423	0.4954	-5.1463	158.3748	300.2707	171.3904	85.3073	1.0057	0.6997	65.8323
53.6552	5989.0000	-0.2350	0.7082	0.0000	209.9580	167.8900	230.5140	1.1542	181.3800	64.1716	1.0000	6000.0000	500.0000	0.0000	5999.8072	0.2446	0.2539	0.0670	0.0662	-0.8148	0.6621	-0.7423	0.4954	-5.1463	158.3748	300.2707	171.3904	85.3073	1.0057	0.6997	65.8323
54.1371	6009.0000	-0.2330	0.7054	0.0000	210.0830	167.4500	230.5300	1.1519	180.9300	64.1419	1.0000	6000.0000	500.0000	0.0000	6001.3453	0.2797	0.2478	0.0643	0.0650	-0.9379	0.7304	-0.8667	0.4350	-6.9277	161.7736	300.3895	173.1222	85.3072	1.1089	0.7189	65.7192
54.4034	6009.0000	-0.2330	0.7054	0.0000	210.0830	167.4500	230.5300	1.1519	180.9300	64.1419	1.0000	6000.0000	500.0000	0.0000	6001.3453	0.2797	0.2478	0.0643	0.0650	-0.9379	0.7304	-0.8667	0.4350	-6.9277	161.7736	300.3895	173.1222	85.3072	1.1089	0.7189	65.7192
54.7437	6009.0000	-0.2330	0.7054	0.0000	210.0830	167.4500	230.5300	1.1519	180.9300	64.1419	1.0000	6000.0000	500.0000	0.0000	5998.4358	0.2542	0.2587	0.0643	0.0655	-0.7966	0.6363	-0.8890	0.5160	-6.7418	162.9642	300.4666	170.1017	85.3037	1.1403	0.6955	65.7192
55.1385	6009.0000	-0.2340	0.7054	0.0000	210.0850	167.4400	230.5300	1.1519	180.8500	64.1450	1.0000	6000.0000	500.0000	0.0000	6003.9320	0.2314	0.2377	0.0668	0.0660	-0.8585	0.5691	-0.8813	0.5441	-15.0966	166.9512	300.5219	172.3368	85.2985	0.9136	0.6961	65.6082
55.3329	6009.0000	-0.2340	0.7054	0.0000	210.0850	167.4400	230.5300	1.1519	180.8500	64.1450	1.0000	6000.0000	500.0000	0.0000	6003.9320	0.2314	0.2377	0.0668	0.0660	-0.8585	0.5691	-0.8813	0.5441	-15.0966	166.9512	300.5219	172.3368	85.2985	0.9136	0.6961	65.6082
55.8696	6003.0000	-0.2350	0.7053	0.0000	210.1600	167.5600	230.5300	1.1521	180.8600	64.1205	1.0000	6000.0000	500.0000	0.0000	6005.0755	0.2881	0.2331	0.0651	0.0653	-0.7319	0.7145	-0.9294	0.4145	-2.5907	169.0571	300.5705	173.0730	85.2926	1.0180	0.6969	65.6082
55.9388	6003.0000	-0.2350	0.7053	0.0000	210.1600	167.5600	230.5300	1.1521	180.8600	64.1205	1.0000	6000.0000	500.0000	0.0000	6005.0755	0.2881	0.2331	0.0651	0.0653	-0.7319	0.7145	-0.9294	0.4145	-2.5907	169.0571	300.5705	173.0730	85.2926	1.0180	0.6969	65.6082
56.5431	5996.0000	-0.2350	0.7035	0.0000	210.2550	167.2300	230.5410	1.1502	180.4700	64.0994	2.0000	6000.0000	500.0000	0.0000	6001.7737	0.2563	0.2458	0.0657	0.0656	-0.7665	0.6650	-0.8655	0.5044	-8.2009	162.4589	300.6149	168.5866	85.2856	1.0362	0.6953	65.4982
56.6106	5996.0000	-0.2350	0.7035	0.0000	210.2550	167.2300	230.5410	1.1502	180.4700	64.0994	2.0000	6000.0000	500.0000	0.0000	6001.7737	0.2563	0.2458	0.0657	0.0656	-0.7665	0.6650	-0.8655	0.5044	-8.2009	162.4589	300.6149	168.5866	85.2856	1.0362	0.6953	65.4982
57.1495	6006.0000	-0.2350	0.7027	0.0000	210.2710	167.0900	230.5470	1.1495	180.2500	64.0704	2.0000	6000.0000	500.0000	0.0000	5994.5447	0.2451	0.2731	0.0654	0.0672	-0.6649	0.6290	-0.8378	0.4305	-5.7131	164.2795	300.7026	171.7680	85.2812	1.0518	0.7048	65.3868
57.4623	6006.0000	-0.2350	0.7027	0.0000	210.2710	167.0900	230.5470	1.1495	180.2500	64.0704	2.0000	6000.0000	500.0000	0.0000	5999.0816	0.1629	0.2545	0.0654	0.0674	-0.7114	0.3889	-1.0883	0.3742	-0.8429	165.7734	300.7743	171.1396	85.2733	0.9328	0.6877	65.3868
57.7396	6006.0000	-0.2350	0.7027	0.0000	210.2710	167.0900	230.5470	1.1495	180.2500	64.0704	2.0000	6000.0000	500.0000	0.0000	5999.0816	0.1629	0.2545	0.0654	0.0674	-0.7114	0.3889	-1.0883	0.3742	-0.8429	165.7734	300.7743	171.1396	85.2733	0.9328	0.6877	65.3868
58.1993	6003.0000	-0.2350	0.7096	0.0000	210.2830	167.2200	230.5490	1.1490	180.3500	64.0708	2.0000	6000.0000	500.0000	0.0000	5981.4663	0.2532	0.3211	0.0658	0.0659	-0.6121	0.5766	-1.0655	0.4096	-8.5271	165.1231	300.7813	171.3422	85.2656	1.0821	0.7001	65.2773
58.3451	6003.0000	-0.2350	0.7096	0.0000	210.2830	167.2200	230.5490	1.1490	180.3500	64.0708	2.0000	6000.0000	500.0000	0.0000	5981.4663	0.2532	0.3211	0.0658	0.0659	-0.6121	0.5766	-1.0655	0.4096	-8.5271	165.1231	300.7813	171.3422	85.2656	1.0821	0.7001	65.2773
58.9507	5993.0000	-0.2340	0.7120	0.0000	210.4450	166.7600	230.5540	1.1464	179.8600	64.0563	2.0000	6000.0000	500.0000	0.0000	6016.0330	0.1823	0.1893	0.0645	0.0670	-0.9271	0.4604	-0.8795	0.4623	-1.3225	166.2915	300.8606	171.4979	85.2577	1.0315	0.6960	65.2773
58.9527	5993.0000	-0.2340	0.7120	0.0000	210.4450	166.7600	230.5540	1.1464	179.8600	64.0563	2.0000	6000.0000	500.0000	0.0000	6016.0330	0.1823	0.1893	0.0645	0.0670	-0.9271	0.4604	-0.8795	0.4623	-1.3225	166.2915	300.8606	171.4979	85.2577	1.0315	0.6960	65.2773
59.5550	5991.0000	-0.2340	0.7118	0.0000	210.4420	166.4100	230.5610	1.1443	179.4100	64.0645	2.0000	6000.0000	500.0000	0.0000	5982.6996	0.2779	0.3155	0.0650	0.0647	-1.0338	0.7451	-0.8999	0.3928	-7.1452	173.0082	300.8995	169.0715	85.2502	1.1828	0.7003	65.1700
59.6913	5991.0000	-0.2340	0.7118	0.0000	210.4420	166.4100	230.5610	1.1443	179.4100	64.0645	2.0000	6000.0000	500.0000	0.0000	5982.6996	0.2779	0.3155	0.0650	0.0647	-1.0338	0.7451	-0.8999	0.3928	-7.1452	173.0082	300.8995	169.0715	85.2502	1.1828	0.7003	65.1700
60.1617	5987.0000	-0.2320	0.7082	0.0000	210.4470	165.8800	230.5660	1.1419	178.9000	64.0535	2.0000	6000.0000	500.0000	0.0000	6032.4674	0.2791	0.1261	0.0667	0.0664	-0.6982	0.7151	-0.9215	0.4370	-11.8492	171.2074	300.8951	169.5780	85.2457	0.8670	0.7134	65.0610
60.4303	5987.0000	-0.2320	0.7082	0.0000	210.4470	165.8800	230.5660	1.1419	178.9000	64.0535	2.0000	6000.0000	500.0000	0.0000	6032.4674	0.2791	0.1261	0.0667	0.0664	-0.6982	0.7151	-0.9215	0.4370	-11.8492	171.2074	300.8951	169.5780	85.2457	0.8670	0.7134	65.0610
60.7676	5987.0000	-0.2320	0.7082	0.0000	210.4470	165.8800	230.5660	1.1419	178.9000	64.0535	2.0000	6000.0000	500.0000	0.0000	6018.0397	0.2760	0.1811	0.0665	0.0645	-0.6720	0.7131	-0.8774	0.3524	-4.5693	166.7748	300.9480	171.6584	85.2385	0.8429	0.7016	65.0610
61.1765	6009.0000	-0.2340	0.7062	0.0000	210.4300	165.8900	230.5730	1.1426	178.8300	64.0218	2.0000	6000.0000	500.0000	0.0000	6009.9108	0.3136	0.2119	0.0657	0.0643	-0.6267	0.7595	-0.9115	0.4214	2.7831	172.0309	300.9778	172.1487	85.2306	0.8954	0.6989	64.9542
61.3566	6009.0000	-0.2340	0.7062	0.0000	210.4300	165.8900	230.5730	1.1426	178.8300	64.0218	2.0000	6000.0000	500.0000	0.0000	6009.9108	0.3136	0.2119	0.0657	0.0643	-0.6267	0.7595	-0.9115	0.4214	2.7831	172.0309	300.9778	172.1487	85.2306	0.8954	0.6989	64.9542
61.9117	5990.0000	-0.2320	0.7035	0.0000	210.5040	166.0000	230.5720	1.1438	178.9600	63.9882	2.0000	6000.0000	500.0000	0.0000	6005.5750	0.2725	0.2287	0.0663	0.0666	-0.7546	0.7024	-0.9595	0.4444	-12.5899	164.5069	301.0213	167.5894	85.2218	0.8993	0.6993	64.9542
61.9622	5990.0000	-0.2320	0.7035	0.0000	210.5040	166.0000	230.5720	1.1438	178.9600	63.9882	2.0000	6000.0000	500.0000	0.0000	6005.5750	0.2725	0.2287	0.0663	0.0666	-0.7546	0.7024	-0.9595	0.4444	-12.5899	164.5069	301.0213	167.5894	85.2218	0.8993	0.6993	64.9542
62.6600	5990.0000	-0.2320	0.7056	0.0000	210.5230	166.1100	230.5750	1.1444	179.0100	63.9542	3.0000	6000.0000	500.0000	0.0000	6000.6873	0.2470	0.2476	0.0668	0.0655	-0.7600	0.6063	-0.6871	0.3443	-9.0276	169.2497	301.0565	174.4402	85.2061	0.8027	0.7170	64.8486
63.0779	5990.0000	-0.2320	0.7056	0.0000	210.5230	166.1100	230.5750	1.1444	179.0100	63.9542	3.0000	6000.0000	500.0000	0.0000	6000.6873	0.2470	0.2476	0.0668	0.0655	-0.7600	0.6063	-0.6871	0.3443	-9.0276	169.2497	301.0565	174.4402	85.2061	0.8027	0.7170	64.8486
63.5221	5998.0000	-0.2340	0.7027	0.0000	210.5770	166.0900	230.5730	1.1450	178.9800	63.9871	3.0000	6000.0000	500.0000	0.0000	5982.1476	0.2256	0.3178	0.0641	0.0659	-0.8141	0.5860	-0.9121	0.4962	-9.3404	170.5953	301.0831	167.7197	85.1957	1.2122	0.6938	64.7416
63.6830	5998.0000	-0.2340	0.7027	0.0000	210.5770	166.0900	230.5730	1.1450	178.9800	63.9871	3.0000	6000.0000	500.0000	0.0000	5982.1476	0.2256	0.3178	0.0641	0.0659	-0.8141	0.5860	-0.9121	0.4962	-9.3404	170.5953	301.0831	167.7197	85.1957	1.2122	0.6938	64.7416
64.2754	6000.0000	-0.2340	0.7066	0.0000	210.4790	166.0500	230.5720	1.1449	178.9400	63.9689	3.0000	6000.0000	500.0000	0.0000	6001.7620	0.2266	0.2425	0.0644	0.0669	-0.7920	0.5614	-1.0333	0.4150	0.0309	169.2804	301.0711	171.1211	85.1843	1.0065	0.6919	64.6364
64.2883	6000.0000	-0.2340	0.7066	0.0000	210.4790	166.0500	230.5720	1.1449	178.9400	63.9689	3.0000	6000.0000	500.0000	0.0000	6001.7620	0.2266	0.2425	0.0644	0.0669	-0.7920	0.5614	-1.0333	0.4150	0.0309	169.2804	301.0711	171.1211	85.1843	1.0065	0.6919	64.6364
64.8790	6004.0000	-0.2360	0.7011	0.0000	210.4440	165.3700	230.5700	1.1404	178.2400	63.9613	3.0000	6000.0000	500.0000	0.0000	5987.4008	0.2595	0.2966	0.0650	0.0658	-0.6832	0.6357	-1.0037	0.3950	-5.8182	165.5236	301.1199	172.1009	85.1729	1.1186	0.6888	64.6364
65.0166	6004.0000	-0.2360	0.7011	0.0000	210.4440	165.3700	230.5700	1.1404	178.2400	63.9613	3.0000	6000.0000	500.0000	0.0000	5987.4008	0.2595	0.2966	0.0650	0.0658	-0.6832	0.6357	-1.0037	0.3950	-5.8182	165.5236	301.1199	172.1009	85.1729	1.1186	0.6888	64.6364
65.4841	5997.0000	-0.2340	0.6995	0.0000	210.4740	165.1000	230.5740	1.1383	177.8100	63.9444	3.0000	6000.0000	500.0000	0.0000	5997.9776	0.2322	0.2564	0.0655	0.0659	-0.5694	0.5540	-0.8457	0.5215	-11.8099	167.2395	301.1346	167.8733	85.1612	1.0590	0.6885	64.5323
65.7606	5997.0000	-0.2340	0.6995	0.0000	210.4740	165.1000	230.5740	1.1383	177.8100	63.9444	3.0000	6000.0000	500.0000	0.0000	5997.9776	0.2322	0.2564	0.0655	0.0659	-0.5694	0.5540	-0.8457	0.5215	-11.8099	167.2395	301.1346	167.8733	85.1612	1.0590	0.6885	64.5323
66.0891	5997.0000	-0.2340	0.6995	0.0000	210.4740	165.1000	230.5740	1.1383	177.8100	63.9444	3.0000	6000.0000	500.0000	0.0000	6011.2356	0.2280	0.2058	0.0672	0.0674	-0.7056	0.5406	-0.7539	0.5458	-9.8884	162.5862	301.1995	170.2698	85.1520	0.9809	0.7085	64.5323
66.5221	5995.0000	-0.2310	0.6993	0.0000	210.5110	164.7900	230.5740	1.1365	177.6600	63.9262	3.0000	6000.0000	500.0000	0.0000	6010.3870	0.2091	0.2090	0.0676	0.0656	-0.8925	0.5147	-0.8435	0.4545	5.9063	168.0947	301.2196	168.0071	85.1427	0.7784	0.6918	64.4264
66.6954	5995.0000	-0.2310	0.6993	0.0000	210.5110	164.7900	230.5740	1.1365	177.6600	63.9262	3.0000	6000.0000	500.0000	0.0000	6010.3870	0.2091	0.2090	0.0676	0.0656	-0.8925	0.5147	-0.8435	0.4545	5.9063	168.0947	301.2196	168.0071	85.1427	0.7784	0.6918	64.4264
67.2770	6005.0000	-0.2320	0.6993	0.0000	210.5160	164.8900	230.5740	1.1370	177.6800	63.9210	3.0000	6000.0000	500.0000	0.0000	5992.1177	0.2438	0.2784	0.0655	0.0666	-0.6564	0.5739	-1.0341	0.4394	-4.2467	167.0082	301.2140	170.5875	85.1316	1.1096	0.6913	64.3225
67.3009	6005.0000	-0.2320	0.6993	0.0000	210.5160	164.8900	230.5740	1.1370	177.6800	63.9210	3.0000	6000.0000	500.0000	0.0000	5992.1177	0.2438	0.2784	0.0655	0.0666	-0.6564	0.5739	-1.0341	0.4394	-4.2467	167.0082	301.2140	170.5875	85.1316	1.1096	0.6913	64.3225
67.9063	5993.0000	-0.2340	0.6993	0.0000	210.5270	164.7900	230.5750	1.1357	177.5100	63.9117	3.0000	6000.0000	500.0000	0.0000	6005.9294	0.2978	0.2260	0.0665	0.0648	-0.7405	0.7484	-0.7082	0.3146	0.0745	175.0382	301.2507	168.9826	85.1205	1.1280	0.6897	64.3225
68.0174	5993.0000	-0.2340	0.6993	0.0000	210.5270	164.7900	230.5750	1.1357	177.5100	63.9117	3.0000	6000.0000	500.0000	0.0000	6005.9294	0.2978	0.2260	0.0665	0.0648	-0.7405	0.7484	-0.7082	0.3146	0.0745	175.0382	301.2507	168.9826	85.1205	1.1280	0.6897	64.3225
68.5109	5988.0000	-0.2320	0.6985	0.0000	210.5400	164.6100	230.5750	1.1346	177.3600	63.8683	4.0000	6000.0000	500.0000	0.0000	6012.4829	0.2449	0.2011	0.0675	0.0668	-0.6747	0.6010	-0.6945	0.4179	-9.5198	169.4487	301.2453	170.7040	85.1088	0.8298	0.6886	64.2200
68.7600	5988.0000	-0.2320	0.6985	0.0000	210.5400	164.6100	230.5750	1.1346	177.3600	63.8683	4.0000	6000.0000	500.0000	0.0000	6012.4829	0.2449	0.2011	0.0675	0.0668	-0.6747	0.6010	-0.6945	0.4179	-9.5198	169.4487	301.2453	170.7040	85.1088	0.8298	0.6886	64.2200
69.1012	5988.0000	-0.2320	0.6985	0.0000	210.5400	164.6100	230.5750	1.1346	177.3600	63.8683	4.0000	6000.0000	500.0000	0.0000	6002.8211	0.3132	0.2377	0.0644	0.0668	-0.6808	0.7757	-0.8393	0.4231	1.3316	167.0589	301.2684	170.1743	85.0999	1.1337	0.6982	64.2200
69.6348	5992.0000	-0.2320	0.6979	0.0000	210.6110	164.5600	230.5750	1.1345	177.2800	63.8995	4.0000	6000.0000	500.0000	0.0000	6008.2683	0.2395	0.2169	0.0658	0.0649	-0.8067	0.5884	-1.0382	0.3801	-6.0620	168.3166	301.2971	166.7258	85.0885	0.9133	0.6884	64.1160
69.7060	5992.0000	-0.2320	0.6979	0.0000	210.6110	164.5600	230.5750	1.1345	177.2800	63.8995	4.0000	6000.0000	500.0000	0.0000	6008.2683	0.2395	0.2169	0.0658	0.0649	-0.8067	0.5884	-1.0382	0.3801	-6.0620	168.3166	301.2971	166.7258	85.0885	0.9133	0.6884	64.1160
70.2958	6005.0000	-0.2310	0.6981	0.0000	210.6640	164.4700	230.5770	1.1332	177.1000	63.8440	4.0000	6000.0000	500.0000	0.0000	5998.9924	0.2644	0.2518	0.0661	0.0647	-0.7384	0.6580	-1.0475	0.4244	-9.2601	172.7926	301.3506	169.3434	85.0765	1.0740	0.6878	64.0142
70.3790	6005.0000	-0.2310	0.6981	0.0000	210.6640	164.4700	230.5770	1.1332	177.1000	63.8440	4.0000	6000.0000	500.0000	0.0000	5998.9924	0.2644	0.2518	0.0661	0.0647	-0.7384	0.6580	-1.0475	0.4244	-9.2601	172.7926	301.3506	169.3434	85.0765	1.0740	0.6878	64.0142
70.9018	6010.0000	-0.2320	0.7013	0.0000	210.7030	164.4100	230.5730	1.1326	176.9900	63.8737	4.0000	6000.0000	500.0000	0.0000	6001.9486	0.2185	0.2403	0.0659	0.0669	-0.5997	0.4967	-0.9506	0.3405	-13.0672	168.0355	301.3011	170.7098	85.0651	0.9539	0.6910	64.0142
71.1218	6010.0000	-0.2320	0.7013	0.0000	210.7030	164.4100	230.5730	1.1326	176.9900	63.8737	4.0000	6000.0000	500.0000	0.0000	6001.9486	0.2185	0.2403	0.0659	0.0669	-0.5997	0.4967	-0.9506	0.3405	-13.0672	168.0355	301.3011	170.7098	85.0651	0.9539	0.6910	64.0142
71.5078	5995.0000	-0.2300	0.6965	0.0000	210.6870	164.1900	230.5700	1.1320	176.7600	63.8616	4.0000	6000.0000	500.0000	0.0000	6001.0999	0.2308	0.2437	0.0657	0.0651	-0.8829	0.5944	-1.0147	0.5688	-14.7984	176.8020	301.4115	170.6355	85.0534	0.8785	0.6834	63.9135
71.8676	5995.0000	-0.2300	0.6965	0.0000	210.6870	164.1900	230.5700	1.1320	176.7600	63.8616	4.0000	6000.0000	500.0000	0.0000	5988.8993	0.2628	0.2900	0.0637	0.0656	-0.8575	0.7148	-0.9575	0.4860	-4.0651	172.0884	301.3453	167.9839	85.0442	1.1344	0.7128	63.9135
72.1132	5995.0000	-0.2300	0.6965	0.0000	210.6870	164.1900	230.5700	1.1320	176.7600	63.8616	4.0000	6000.0000	500.0000	0.0000	5988.8993	0.2628	0.2900	0.0637	0.0656	-0.8575	0.7148	-0.9575	0.4860	-4.0651	172.0884	301.3453	167.9839	85.0442	1.1344	0.7128	63.9135
72.6204	5996.0000	-0.2320	0.6963	0.0000	210.6890	164.3300	230.5670	1.1325	176.8500	63.8418	4.0000	6000.0000	500.0000	0.0000	6009.2720	0.2690	0.2124	0.0667	0.0676	-0.4303	0.5800	-0.8303	0.3902	-9.1615	176.4333	301.3481	172.9805	85.0312	0.8224	0.6794	63.8115
72.7176	5996.0000	-0.2320	0.6963	0.0000	210.6890	164.3300	230.5670	1.1325	176.8500	63.8418	4.0000	6000.0000	500.0000	0.0000	6009.2720	0.2690	0.2124	0.0667	0.0676	-0.4303	0.5800	-0.8303	0.3902	-9.1615	176.4333	301.3481	172.9805	85.0312	0.8224	0.6794	63.8115
73.3243	6008.0000	-0.2300	0.6951	0.0000	210.6950	164.0800	230.5630	1.1309	176.5100	63.8336	4.0000	6000.0000	500.0000	0.0000	5999.6032	0.2272	0.2492	0.0657	0.0654	-0.8318	0.5766	-0.8666	0.3025	-2.7429	153.9226	301.3405	169.8374	85.0178	0.9885	0.6799	63.7113
73.3599	6008.0000	-0.2300	0.6951	0.0000	210.6950	164.0800	230.5630	1.1309	176.5100	63.8336	4.0000	6000.0000	500.0000	0.0000	5999.6032	0.2272	0.2492	0.0657	0.0654	-0.8318	0.5766	-0.8666	0.3025	-2.7429	153.9226	301.3405	169.8374	85.0178	0.9885	0.6799	63.7113
73.9137	5999.0000	-0.2290	0.6941	0.0000	210.6780	164.2500	230.5560	1.1324	176.7400	63.8165	4.0000	6000.0000	500.0000	0.0000	5998.7453	0.2680	0.2528	0.0664	0.0652	-0.8722	0.7295	-0.7986	0.4455	-4.9174	159.6236	301.3740	168.6447	85.0046	0.8567	0.6792	63.7113
74.1101	5999.0000	-0.2290	0.6941	0.0000	210.6780	164.2500	230.5560	1.1324	176.7400	63.8165	4.0000	6000.0000	500.0000	0.0000	5998.7453	0.2680	0.2528	0.0664	0.0652	-0.8722	0.7295	-0.7986	0.4455	-4.9174	159.6236	301.3740	168.6447	85.0046	0.8567	0.6792	63.7113
74.5195	5997.0000	-0.2310	0.6947	0.0000	210.7140	164.2900	230.5530	1.1331	176.7800	63.7889	5.0000	6000.0000	500.0000	0.0000	6012.0638	0.3038	0.2018	0.0660	0.0667	-0.5534	0.7669	-0.8748	0.3903	1.6945	166.8552	301.3629	169.8802	84.9926	0.9574	0.6813	63.6123
74.8450	5997.0000	-0.2310	0.6947	0.0000	210.7140	164.2900	230.5530	1.1331	176.7800	63.7889	5.0000	6000.0000	500.0000	0.0000	5993.2560	0.2069	0.2733	0.0656	0.0651	-0.8786	0.5144	-1.0384	0.4635	-7.7310	162.4205	301.4148	168.8607	84.9828	1.0519	0.7063	63.6123
75.1244	5997.0000	-0.2310	0.6947	0.0000	210.7140	164.2900	230.5530	1.1331	176.7800	63.7889	5.0000	6000.0000	500.0000	0.0000	5993.2560	0.2069	0.2733	0.0656	0.0651	-0.8786	0.5144	-1.0384	0.4635	-7.7310	162.4205	301.4148	168.8607	84.9828	1.0519	0.7063	63.6123
75.6996	6005.0000	-0.2300	0.6941	0.0000	210.7010	164.0900	230.5480	1.1321	176.5700	63.7729	5.0000	6000.0000	500.0000	0.0000	6002.4277	0.2493	0.2385	0.0659	0.0669	-0.7985	0.6264	-0.7258	0.4730	-4.2297	169.5836	301.4429	165.3997	84.9714	1.0654	0.6854	63.5114
75.7307	6005.0000	-0.2300	0.6941	0.0000	210.7010	164.0900	230.5480	1.1321	176.5700	63.7729	5.0000	6000.0000	500.0000	0.0000	6002.4277	0.2493	0.2385	0.0659	0.0669	-0.7985	0.6264	-0.7258	0.4730	-4.2297	169.5836	301.4429	165.3997	84.9714	1.0654	0.6854	63.5114
76.3362	6001.0000	-0.2300	0.6955	0.0000	210.7300	164.1300	230.5450	1.1328	176.6300	63.7820	5.0000	6000.0000	500.0000	0.0000	6005.0819	0.2479	0.2283	0.0644	0.0647	-0.8934	0.6270	-0.9106	0.4470	4.8998	170.3295	301.4206	167.1526	84.9594	1.1063	0.6840	63.4128
76.4520	6001.0000	-0.2300	0.6955	0.0000	210.7300	164.1300	230.5450	1.1328	176.6300	63.7820	5.0000	6000.0000	500.0000	0.0000	6005.0819	0.2479	0.2283	0.0644	0.0647	-0.8934	0.6270	-0.9106	0.4470	4.8998	170.3295	301.4206	167.1526	84.9594	1.1063	0.6840	63.4128
76.9412	5988.0000	-0.2300	0.6946	0.0000	210.6840	164.1800	230.5330	1.1327	176.6400	63.7414	5.0000	6000.0000	500.0000	0.0000	6004.4577	0.2635	0.2309	0.0649	0.0666	-0.7150	0.6392	-1.0283	0.5377	-10.3247	163.1008	301.4328	169.9806	84.9474	0.9602	0.6826	63.4128
77.1924	5988.0000	-0.2300	0.6946	0.0000	210.6840	164.1800	230.5330	1.1327	176.6400	63.7414	5.0000	6000.0000	500.0000	0.0000	6004.4577	0.2635	0.2309	0.0649	0.0666	-0.7150	0.6392	-1.0283	0.5377	-10.3247	163.1008	301.4328	169.9806	84.9474	0.9602	0.6826	63.4128
77.5468	5988.0000	-0.2300	0.6946	0.0000	210.6840	164.1800	230.5330	1.1327	176.6400	63.7414	5.0000	6000.0000	500.0000	0.0000	5997.5667	0.2987	0.2576	0.0653	0.0654	-0.6607	0.7194	-0.8144	0.4463	-8.3389	165.3952	301.3799	169.2681	84.9352	1.0935	0.6857	63.3155
77.9432	6002.0000	-0.2310	0.6940	0.0000	210.6390	164.1000	230.5300	1.1324	176.6100	63.7408	5.0000	6000.0000	500.0000	0.0000	5999.5338	0.2897	0.2500	0.0652	0.0661	-0.7685	0.7524	-1.0645	0.4030	-8.4449	165.9896	301.3734	169.0106	84.9272	1.0266	0.6988	63.2167
78.1522	6002.0000	-0.2310	0.6940	0.0000	210.6390	164.1000	230.5300	1.1324	176.6100	63.7408	5.0000	6000.0000	500.0000	0.0000	5999.5338	0.2897	0.2500	0.0652	0.0661	-0.7685	0.7524	-1.0645	0.4030	-8.4449	165.9896	301.3734	169.0106	84.9272	1.0266	0.6988	63.2167
78.7580	5994.0000	-0.2290	0.6960	0.0000	210.6690	164.2800	230.5180	1.1323	176.7900	63.7280	5.0000	6000.0000	500.0000	0.0000	5991.8520	0.2763	0.2792	0.0660	0.0659	-0.6432	0.6438	-1.1292	0.3026	-4.9023	179.9079	301.4586	171.5808	84.9161	0.9432	0.6894	63.2167
79.2074	5994.0000	-0.2290	0.6960	0.0000	210.6690	164.2800	230.5180	1.1323	176.7900	63.7280	5.0000	6000.0000	500.0000	0.0000	6002.4906	0.2109	0.2389	0.0674	0.0657	-0.6118	0.5059	-0.7465	0.4832	-6.5592	166.1793	301.4398	170.2212	84.9049	0.9223	0.6873	63.1201
79.3638	5994.0000	-0.2290	0.6960	0.0000	210.6690	164.2800	230.5180	1.1323	176.7900	63.7280	5.0000	6000.0000	500.0000	0.0000	6002.4906	0.2109	0.2389	0.0674	0.0657	-0.6118	0.5059	-0.7465	0.4832	-6.5592	166.1793	301.4398	170.2212	84.9049	0.9223	0.6873	63.1201
79.9579	6011.0000	-0.2290	0.6966	0.0000	210.6350	164.4400	230.5180	1.1334	176.8700	63.6924	5.0000	6000.0000	500.0000	0.0000	5987.8863	0.3036	0.2945	0.0671	0.0670	-0.6867	0.7571	-0.9379	0.3972	-6.1852	173.6234	301.4251	167.4865	84.8936	1.0268	0.6866	63.1201
79.9689	6011.0000	-0.2290	0.6966	0.0000	210.6350	164.4400	230.5180	1.1334	176.8700	63.6924	5.0000	6000.0000	500.0000	0.0000	5987.8863	0.3036	0.2945	0.0671	0.0670	-0.6867	0.7571	-0.9379	0.3972	-6.1852	173.6234	301.4251	167.4865	84.8936	1.0268	0.6866	63.1201
80.5739	5991.0000	-0.2300	0.6963	0.0000	210.6960	164.7000	230.5080	1.1349	177.1800	63.6957	6.0000	6000.0000	500.0000	0.0000	5995.1334	0.2405	0.2668	0.0659	0.0654	-0.8620	0.6357	-0.7596	0.4431	-15.3844	156.2887	301.4405	169.5847	84.8819	1.0451	0.6860	63.0248
80.6995	5991.0000	-0.2300	0.6963	0.0000	210.6960	164.7000	230.5080	1.1349	177.1800	63.6957	6.0000	6000.0000	500.0000	0.0000	5995.1334	0.2405	0.2668	0.0659	0.0654	-0.8620	0.6357	-0.7596	0.4431	-15.3844	156.2887	301.4405	169.5847	84.8819	1.0451	0.6860	63.0248
81.1792	6002.0000	-0.2310	0.6964	0.0000	210.6720	164.6000	230.5040	1.1347	177.0400	63.6965	NOT CONNECTED	6000.0000	500.0000	0.0000	6000.8068	0.2027	0.2451	0.0656	0.0675	-0.8051	0.4953	-0.9676	0.4750	-5.7787	172.8659	301.4498	167.7704	84.8737	0.9660	0.6935	62.9280
81.4480	6002.0000	-0.2310	0.6964	0.0000	210.6720	164.6000	230.5040	1.1347	177.0400	63.6965	NOT CONNECTED	6000.0000	500.0000	0.0000	6000.8068	0.2027	0.2451	0.0656	0.0675	-0.8051	0.4953	-0.9676	0.4750	-5.7787	172.8659	301.4498	167.7704	84.8737	0.9660	0.6935	62.9280
81.7856	6002.0000	-0.2310	0.6964	0.0000	210.6720	164.6000	230.5040	1.1347	177.0400	63.6965	NOT CONNECTED	6000.0000	500.0000	0.0000	6003.9856	0.2722	0.2332	0.0655	0.0646	-0.7340	0.6691	-0.9344	0.3910	-0.0731	171.8058	301.4876	170.8955	84.8630	0.9924	0.6864	62.9280
82.1894	5995.0000	-0.2290	0.6979	0.0000	210.7340	164.6000	230.4940	1.1345	177.0500	63.6915	NOT CONNECTED	0.0000	500.0000	0.0000	6002.9038	0.1951	0.2373	0.0651	0.0651	-0.8066	0.4913	-1.0388	0.4390	-3.2893	174.0837	301.4445	167.8296	84.8508	0.9193	0.6866	62.8333
82.4067	5995.0000	-0.2290	0.6979	0.0000	210.7340	164.6000	230.4940	1.1345	177.0500	63.6915	NOT CONNECTED	0.0000	500.0000	0.0000	6002.9038	0.1951	0.2373	0.0651	0.0651	-0.8066	0.4913	-1.0388	0.4390	-3.2893	174.0837	301.4445	167.8296	84.8508	0.9193	0.6866	62.8333
83.0127	6019.0000	-0.0800	0.6960	0.0000	210.7180	164.6100	230.4880	1.1347	177.0900	63.6716	NOT CONNECTED	0.0000	500.0000	0.0000	6030.7159	0.0730	0.0723	0.0675	0.0688	-0.6753	0.1700	-0.6723	0.1923	-12.1341	169.6390	309.6578	59.9572	84.8381	0.7529	0.6390	62.8333
83.1879	6019.0000	-0.0800	0.6960	0.0000	210.7180	164.6100	230.4880	1.1347	177.0900	63.6716	NOT CONNECTED	0.0000	500.0000	0.0000	6030.7159	0.0730	0.0723	0.0675	0.0688	-0.6753	0.1700	-0.6723	0.1923	-12.1341	169.6390	309.6578	59.9572	84.8381	0.7529	0.6390	62.8333
83.6181	6012.0000	-0.0780	0.4859	0.0000	217.6300	58.1100	230.5790	0.4726	66.1800	63.6176	NOT CONNECTED	0.0000	500.0000	0.0000	6011.9140	0.0945	0.0609	0.0684	0.0690	-0.6717	0.2413	-0.6893	0.1321	3.6087	172.6066	309.2681	65.1551	84.7966	0.6420	0.4716	62.7399
83.9389	6012.0000	-0.0780	0.4859	0.0000	217.6300	58.1100	230.5790	0.4726	66.1800	63.6176	NOT CONNECTED	0.0000	500.0000	0.0000	5997.6099	0.1070	0.1054	0.0684	0.0685	-0.6150	0.2803	-0.6984	0.1581	1.4740	172.0183	309.1288	67.2728	84.7529	0.8108	0.4785	62.6340
84.2242	6012.0000	-0.0780	0.4859	0.0000	217.6300	58.1100	230.5790	0.4726	66.1800	63.6176	NOT CONNECTED	0.0000	500.0000	0.0000	5997.6099	0.1070	0.1054	0.0684	0.0685	-0.6150	0.2803	-0.6984	0.1581	1.4740	172.0183	309.1288	67.2728	84.7529	0.8108	0.4785	62.6340
84.6885	5996.0000	-0.0770	0.4901	0.0000	217.1050	63.9200	230.5220	0.5093	71.9900	63.6137	NOT CONNECTED	0.0000	500.0000	0.0000	5999.4756	0.1062	0.0976	0.0693	0.0691	-0.6570	0.2669	-0.6525	0.1656	-2.5973	173.3080	309.1046	65.6193	84.7085	0.7793	0.4784	62.6340
84.8292	5996.0000	-0.0770	0.4901	0.0000	217.1050	63.9200	230.5220	0.5093	71.9900	63.6137	NOT CONNECTED	0.0000	500.0000	0.0000	5999.4756	0.1062	0.0976	0.0693	0.0691	-0.6570	0.2669	-0.6525	0.1656	-2.5973	173.3080	309.1046	65.6193	84.7085	0.7793	0.4784	62.6340
85.4333	6015.0000	-0.0780	0.4914	0.0000	217.0480	64.1000	230.5200	0.5106	72.2200	63.5757	NOT CONNECTED	0.0000	500.0000	0.0000	5995.1031	0.1050	0.1142	0.0691	0.0685	-0.6265	0.2486	-0.7332	0.1293	-7.4239	180.4798	308.9816	65.9599	84.6692	0.6948	0.4794	62.5254
85.4354	6015.0000	-0.0780	0.4914	0.0000	217.0480	64.1000	230.5200	0.5106	72.2200	63.5757	NOT CONNECTED	0.0000	500.0000	0.0000	5995.1031	0.1050	0.1142	0.0691	0.0685	-0.6265	0.2486	-0.7332	0.1293	-7.4239	180.4798	308.9816	65.9599	84.6692	0.6948	0.4794	62.5254
86.0409	5993.0000	-0.0780	0.4918	0.0000	217.0390	64.1000	230.5200	0.5106	72.2600	63.5831	NOT CONNECTED	0.0000	500.0000	0.0000	5994.7551	0.1277	0.1156	0.0690	0.0690	-0.5606	0.2954	-0.6172	0.1925	-3.2462	168.5327	309.0006	67.5940	84.6326	0.8535	0.4792	62.5254
86.1889	5993.0000	-0.0780	0.4918	0.0000	217.0390	64.1000	230.5200	0.5106	72.2600	63.5831	NOT CONNECTED	0.0000	500.0000	0.0000	5994.7551	0.1277	0.1156	0.0690	0.0690	-0.5606	0.2954	-0.6172	0.1925	-3.2462	168.5327	309.0006	67.5940	84.6326	0.8535	0.4792	62.5254
86.6623	5965.0000	-0.0400	0.4913	0.0000	217.0720	63.9900	230.5180	0.5098	72.2200	63.5288	NOT CONNECTED	0.0000	500.0000	0.0000	5999.9785	0.0163	0.0691	0.0698	0.0703	-0.6017	-0.0241	-0.5519	0.0178	-3.5778	171.1846	308.9760	34.8930	84.5970	0.5510	0.4788	62.4181
86.9280	5965.0000	-0.0400	0.4913	0.0000	217.0720	63.9900	230.5180	0.5098	72.2200	63.5288	NOT CONNECTED	0.0000	500.0000	0.0000	5999.9785	0.0163	0.0691	0.0698	0.0703	-0.6017	-0.0241	-0.5519	0.0178	-3.5778	171.1846	308.9760	34.8930	84.5970	0.5510	0.4788	62.4181
87.2669	5965.0000	-0.0400	0.4913	0.0000	217.0720	63.9900	230.5180	0.5098	72.2200	63.5288	NOT CONNECTED	0.0000	500.0000	0.0000	5745.1777	0.0155	-0.0000	0.0529	0.0531	-1.5145	0.0675	-1.4700	0.0080	-11.7627	130.5853	313.9626	21.0124	84.6031	1.4382	0.9507	62.3083
87.6778	5625.0000	-0.0010	0.9549	0.0000	163.0740	18.9100	230.5430	0.2421	31.1400	63.5438	NOT CONNECTED	0.0000	500.0000	0.0000	5461.5140	-0.0175	-0.0000	0.0531	0.0531	-1.2887	-0.0367	-1.4903	0.0246	-13.9693	122.5758	313.8922	20.8958	84.6738	1.5528	0.9474	62.3083
87.8725	5625.0000	-0.0010	0.9549	0.0000	163.0740	18.9100	230.5430	0.2421	31.1400	63.5438	NOT CONNECTED	0.0000	500.0000	0.0000	5461.5140	-0.0175	-0.0000	0.0531	0.0531	-1.2887	-0.0367	-1.4903	0.0246	-13.9693	122.5758	313.8922	20.8958	84.6738	1.5528	0.9474	62.3083
88.4241	5286.0000	-0.0020	0.9521	0.0000	156.5640	18.4700	230.5300	0.2378	30.4900	63.5779	NOT CONNECTED	0.0000	500.0000	0.0000	5193.9034	0.0080	-0.0000	0.0531	0.0531	-1.5044	0.0103	-1.5489	-0.0303	-12.2202	124.4606	313.7881	21.5659	84.7385	1.3048	0.9489	62.2301
88.4790	5286.0000	-0.0020	0.9521	0.0000	156.5640	18.4700	230.5300	0.2378	30.4900	63.5779	NOT CONNECTED	0.0000	500.0000	0.0000	5193.9034	0.0080	-0.0000	0.0531	0.0531	-1.5044	0.0103	-1.5489	-0.0303	-12.2202	124.4606	313.7881	21.5659	84.7385	1.3048	0.9489	62.2301
89.0845	4971.0000	-0.0030	0.9520	0.0000	144.0000	18.5500	230.5260	0.2394	30.7300	63.5640	NOT CONNECTED	0.0000	500.0000	0.0000	4941.0458	0.0122	-0.0000	0.0530	0.0531	-1.5771	0.0440	-1.1754	0.0121	-8.8210	107.6071	313.8112	21.3041	84.7937	1.2440	0.9506	62.2301
89.1578	4971.0000	-0.0030	0.9520	0.0000	144.0000	18.5500	230.5260	0.2394	30.7300	63.5640	NOT CONNECTED	0.0000	500.0000	0.0000	4941.0458	0.0122	-0.0000	0.0530	0.0531	-1.5771	0.0440	-1.1754	0.0121	-8.8210	107.6071	313.8112	21.3041	84.7937	1.2440	0.9506	62.2301
89.6894	4659.0000	-0.0030	0.9530	0.0000	137.9420	18.5000	230.5260	0.2388	30.6400	63.6260	NOT CONNECTED	0.0000	500.0000	0.0000	4690.3106	0.0045	-0.0000	0.0530	0.0531	-1.3303	0.0297	-1.2340	0.0272	-13.0280	100.6275	313.8883	20.5640	84.8427	1.2017	0.9528	62.2800
89.9032	4659.0000	-0.0030	0.9530	0.0000	137.9420	18.5000	230.5260	0.2388	30.6400	63.6260	NOT CONNECTED	0.0000	500.0000	0.0000	4690.3106	0.0045	-0.0000	0.0530	0.0531	-1.3303	0.0297	-1.2340	0.0272	-13.0280	100.6275	313.8883	20.5640	84.8427	1.2017	0.9528	62.2800
90.2957	4360.0000	-0.0040	0.9553	0.0000	126.3970	18.3900	230.5210	0.2380	30.5300	63.6703	NOT CONNECTED	0.0000	500.0000	0.0000	4445.0256	0.0022	-0.0000	0.0530	0.0531	-1.3749	0.0040	-1.2222	0.0203	-10.2299	94.1021	313.8179	21.5587	84.8883	1.2956	0.9593	62.3257
90.6423	4360.0000	-0.0040	0.9553	0.0000	126.3970	18.3900	230.5210	0.2380	30.5300	63.6703	NOT CONNECTED	0.0000	500.0000	0.0000	4204.1285	0.0084	-0.0000	0.0530	0.0531	-1.4448	0.0459	-1.4127	0.0228	-9.6216	88.5593	313.8382	21.1758	84.9288	1.2323	0.9658	62.3257
90.9009	4360.0000	-0.0040	0.9553	0.0000	126.3970	18.3900	230.5210	0.2380	30.5300	63.6703	NOT CONNECTED	0.0000	500.0000	0.0000	4204.1285	0.0084	-0.0000	0.0530	0.0531	-1.4448	0.0459	-1.4127	0.0228	-9.6216	88.5593	313.8382	21.1758	84.9288	1.2323	0.9658	62.3257
91.3893	4069.0000	-0.0030	0.9564	0.0000	120.9100	18.3300	230.5190	0.2372	30.4600	63.7256	NOT CONNECTED	0.0000	500.0000	0.0000	3972.7067	0.0071	-0.0000	0.0531	0.0531	-1.4771	0.0101	-1.2947	0.0250	-11.5460	84.5275	313.8327	21.6790	84.9638	1.1610	0.9571	62.3708
91.5066	4069.0000	-0.0030	0.9564	0.0000	120.9100	18.3300	230.5190	0.2372	30.4600	63.7256	NOT CONNECTED	0.0000	500.0000	0.0000	3972.7067	0.0071	-0.0000	0.0531	0.0531	-1.4771	0.0101	-1.2947	0.0250	-11.5460	84.5275	313.8327	21.6790	84.9638	1.1610	0.9571	62.3708
92.0963	3784.0000	-0.0040	0.9552	0.0000	110.0840	18.0100	230.5190	0.2349	30.1700	63.7861	NOT CONNECTED	0.0000	500.0000	0.0000	3740.1064	0.0082	-0.0000	0.0532	0.0531	-1.5213	0.0207	-1.5719	-0.0127	-10.5481	85.9317	313.8828	21.6410	84.9937	1.5219	0.9576	62.3708
92.1390	3784.0000	-0.0040	0.9552	0.0000	110.0840	18.0100	230.5190	0.2349	30.1700	63.7861	NOT CONNECTED	0.0000	500.0000	0.0000	3740.1064	0.0082	-0.0000	0.0532	0.0531	-1.5213	0.0207	-1.5719	-0.0127	-10.5481	85.9317	313.8828	21.6410	84.9937	1.5219	0.9576	62.3708
92.7014	3511.0000	-0.0050	0.9544	0.0000	104.7870	17.9700	230.5180	0.2344	30.1300	63.8527	NOT CONNECTED	0.0000	500.0000	0.0000	3531.1331	-0.0009	-0.0000	0.0530	0.0531	-1.5238	-0.0114	-1.1888	-0.0047	-10.1868	78.2195	313.9099	21.2453	85.0189	1.1264	0.9620	62.4150
92.8822	3511.0000	-0.0050	0.9544	0.0000	104.7870	17.9700	230.5180	0.2344	30.1300	63.8527	NOT CONNECTED	0.0000	500.0000	0.0000	3531.1331	-0.0009	-0.0000	0.0530	0.0531	-1.5238	-0.0114	-1.1888	-0.0047	-10.1868	78.2195	313.9099	21.2453	85.0189	1.1264	0.9620	62.4150
93.6208	3245.0000	-0.0040	0.9557	0.0000	94.5680	17.9500	230.5180	0.2333	30.0000	63.9208	NOT CONNECTED	0.0000	500.0000	0.0000	3136.6190	0.0007	-0.0000	0.0531	0.0531	-1.5653	0.0152	-1.3859	-0.0014	-11.2459	68.5018	313.9058	21.2971	85.0617	1.2956	0.9611	62.4565
93.8172	3245.0000	-0.0040	0.9557	0.0000	94.5680	17.9500	230.5180	0.2333	30.0000	63.9208	NOT CONNECTED	0.0000	500.0000	0.0000	3136.6190	0.0007	-0.0000	0.0531	0.0531	-1.5653	0.0152	-1.3859	-0.0014	-11.2459	68.5018	313.9058	21.2971	85.0617	1.2956	0.9611	62.4565
94.3630	2996.0000	-0.0080	0.9553	0.0000	89.7570	17.9300	230.5190	0.2332	29.9600	63.9863	NOT CONNECTED	0.0000	500.0000	0.0000	2909.6291	-0.0023	-0.0000	0.0530	0.0531	-1.2066	0.0214	-1.4760	0.0145	-10.1159	60.5108	313.8544	21.0323	85.0805	1.5359	0.9616	62.4975
94.4226	2996.0000	-0.0080	0.9553	0.0000	89.7570	17.9300	230.5190	0.2332	29.9600	63.9863	NOT CONNECTED	0.0000	500.0000	0.0000	2909.6291	-0.0023	-0.0000	0.0530	0.0531	-1.2066	0.0214	-1.4760	0.0145	-10.1159	60.5108	313.8544	21.0323	85.0805	1.5359	0.9616	62.4975
95.0273	2748.0000	-0.0060	0.9554	0.0000	80.3970	17.8900	230.5220	0.2320	29.8300	64.0791	NOT CONNECTED	0.0000	500.0000	0.0000	2736.3875	0.0135	-0.0000	0.0530	0.0531	-1.5642	0.0543	-1.3605	0.0086	-11.0820	59.6968	313.9099	20.9103	85.0962	1.3247	0.9641	62.4975
95.0942	2748.0000	-0.0060	0.9554	0.0000	80.3970	17.8900	230.5220	0.2320	29.8300	64.0791	NOT CONNECTED	0.0000	500.0000	0.0000	2736.3875	0.0135	-0.0000	0.0530	0.0531	-1.5642	0.0543	-1.3605	0.0086	-11.0820	59.6968	313.9099	20.9103	85.0962	1.3247	0.9641	62.4975
95.6330	2512.0000	-0.0020	0.9562	0.0000	75.8360	17.8400	230.5260	0.2311	29.7500	64.1443	NOT CONNECTED	0.0000	500.0000	0.0000	2535.0765	-0.0058	-0.0000	0.0529	0.0531	-1.2752	-0.0140	-1.1891	0.0294	-11.6632	52.3991	313.9261	21.8366	85.1100	1.1896	0.9636	62.5377
95.8401	2512.0000	-0.0020	0.9562	0.0000	75.8360	17.8400	230.5260	0.2311	29.7500	64.1443	NOT CONNECTED	0.0000	500.0000	0.0000	2535.0765	-0.0058	-0.0000	0.0529	0.0531	-1.2752	-0.0140	-1.1891	0.0294	-11.6632	52.3991	313.9261	21.8366	85.1100	1.1896	0.9636	62.5377
96.2382	2269.0000	0.0000	0.9555	0.0000	67.0610	17.7500	230.5290	0.2294	29.4400	64.2295	NOT CONNECTED	0.0000	500.0000	0.0000	2318.5656	0.0136	-0.0000	0.0530	0.0531	-1.5250	0.0507	-1.3961	-0.0064	-10.5451	51.6108	313.9911	21.4866	85.1222	1.4787	0.9648	62.5766
96.5809	2269.0000	0.0000	0.9555	0.0000	67.0610	17.7500	230.5290	0.2294	29.4400	64.2295	NOT CONNECTED	0.0000	500.0000	0.0000	2044.7321	-0.0094	-0.1244	0.0533	0.0531	-1.0986	-0.0145	-1.6537	-0.2381	-12.1237	43.0707	315.7822	10.1049	85.1334	1.6510	0.9745	62.5766
96.8435	2269.0000	0.0000	0.9555	0.0000	67.0610	17.7500	230.5290	0.2294	29.4400	64.2295	NOT CONNECTED	0.0000	500.0000	0.0000	2044.7321	-0.0094	-0.1244	0.0533	0.0531	-1.0986	-0.0145	-1.6537	-0.2381	-12.1237	43.0707	315.7822	10.1049	85.1334	1.6510	0.9745	62.5766
97.3217	1861.0000	0.0440	0.9670	0.0000	62.2940	8.6800	230.5390	0.1653	20.3300	64.3012	NOT CONNECTED	0.0000	500.0000	0.0000	1672.1555	-0.1311	-0.1276	0.0536	0.0534	-1.5315	-0.3993	-1.6272	-0.0134	-10.1293	37.2718	316.3138	8.0849	85.1451	1.5129	0.9753	62.6150
97.4497	1861.0000	0.0440	0.9670	0.0000	62.2940	8.6800	230.5390	0.1653	20.3300	64.3012	NOT CONNECTED	0.0000	500.0000	0.0000	1672.1555	-0.1311	-0.1276	0.0536	0.0534	-1.5315	-0.3993	-1.6272	-0.0134	-10.1293	37.2718	316.3138	8.0849	85.1451	1.5129	0.9753	62.6150
98.0552	1311.0000	0.0850	0.9625	0.0000	44.3680	3.8000	230.5430	0.1274	15.1600	64.3790	NOT CONNECTED	0.0000	500.0000	0.0000	1170.3946	-0.1560	-0.1980	0.0539	0.0535	-1.3675	-0.5209	-1.5829	-0.2979	-9.3622	17.3715	317.4625	3.6552	85.1544	1.5920	0.9781	62.6150
98.0633	1311.0000	0.0850	0.9625	0.0000	44.3680	3.8000	230.5430	0.1274	15.1600	64.3790	NOT CONNECTED	0.0000	500.0000	0.0000	1170.3946	-0.1560	-0.1980	0.0539	0.0535	-1.3675	-0.5209	-1.5829	-0.2979	-9.3622	17.3715	317.4625	3.6552	85.1544	1.5920	0.9781	62.6150
98.6454	435.0000	0.1650	0.9632	0.0000	29.5410	0.8300	230.5460	0.1021	11.6800	64.5003	NOT CONNECTED	0.0000	500.0000	0.0000	428.2910	-0.2005	-0.2000	0.0538	0.0538	-1.0122	-0.6219	-1.2206	-0.3388	-9.4227	2.3328	316.2259	11.8390	85.1621	1.2894	0.9657	62.6537
98.8064	435.0000	0.1650	0.9632	0.0000	29.5410	0.8300	230.5460	0.1021	11.6800	64.5003	NOT CONNECTED	0.0000	500.0000	0.0000	428.2910	-0.2005	-0.2000	0.0538	0.0538	-1.0122	-0.6219	-1.2206	-0.3388	-9.4227	2.3328	316.2259	11.8390	85.1621	1.2894	0.9657	62.6537
99.2349	9.0000	-0.0530	0.0201	0.0000	0.9650	-0.0400	230.5570	0.0000	1.5200	64.6578	NOT CONNECTED	0.0000	500.0000	0.0000	0.0000	0.0000	0.0000	0.0931	0.0538	-1.1624	-0.6094	-1.2642	-0.3527	-9.1802	-0.7576	320.9969	0.0000	85.1219	1.3125	0.3750	62.6914
99.5558	9.0000	-0.0530	0.0201	0.0000	0.9650	-0.0400	230.5570	0.0000	1.5200	64.6578	NOT CONNECTED	0.0000	500.0000	0.0000	0.0000	0.0000	0.0000	0.0931	0.0538	-1.1624	-0.6094	-1.2642	-0.3527	-9.1802	-0.7576	321.0118	0.0000	84.9856	1.3125	0.0059	62.6914
99.8248	9.0000	-0.0530	0.0201	0.0000	0.9650	-0.0400	230.5570	0.0000	1.5200	64.6578	NOT CONNECTED	0.0000	500.0000	0.0000	0.0000	0.0000	0.0000	0.0931	0.0538	-1.1624	-0.6094	-1.2642	-0.3527	-9.1802	-0.7576	321.0118	0.0000	84.9856	1.3125	0.0059	62.6914
100.3004	0.0000	-0.0560	0.0146	0.0000	0.6760	-0.0400	230.5560	0.0000	1.4300	64.7268	NOT CONNECTED	0.0000	500.0000	0.0000	0.0000	0.0000	0.0000	0.0931	0.0538	-1.1624	-0.6094	-1.2642	-0.3527	-9.1802	-0.7576	321.0334	0.0000	84.8650	1.3125	0.0060	62.6837
100.4305	NOT CONNECTED	NOT CONNECTED	NOT CONNECTED	NOT CONNECTED	NOT CONNECTED	NOT CONNECTED	NOT CONNECTED	NOT CONNECTED	NOT CONNECTED	NOT CONNECTED	NOT CONNECTED	0.0000	500.0000	0.0000	0.0000	0.0000	0.0000	0.0931	0.0538	-1.1624	-0.6094	-1.2642	-0.3527	-9.1802	-0.7576	321.0334	0.0000	84.8650	1.3125	0.0060	62.6837
101.0350	NOT CONNECTED	NOT CONNECTED	NOT CONNECTED	NOT CONNECTED	NOT CONNECTED	NOT CONNECTED	NOT CONNECTED	NOT CONNECTED	NOT CONNECTED	NOT CONNECTED	NOT CONNECTED	0.0000	500.0000	0.0000	0.0000	0.0000	0.0000	0.0931	0.0538	-1.1624	-0.6094	-1.2642	-0.3527	0.0000	0.0000	321.0713	0.0000	84.7460	1.3125	0.0055	62.6837
101.6417	NOT CONNECTED	NOT CONNECTED	NOT CONNECTED	NOT CONNECTED	NOT CONNECTED	NOT CONNECTED	NOT CONNECTED	NOT CONNECTED	NOT CONNECTED	NOT CONNECTED	NOT CONNECTED	0.0000	500.0000	0.0000	0.0000	0.0000	0.0000	0.0931	0.0538	-1.1624	-0.6094	-1.2642	-0.3527	0.0000	0.0000	321.1160	0.0000	84.6425	1.3125	0.0053	62.6617
102.2481	NOT CONNECTED	NOT CONNECTED	NOT CONNECTED	NOT CONNECTED	NOT CONNECTED	NOT CONNECTED	NOT CONNECTED	NOT CONNECTED	NOT CONNECTED	NOT CONNECTED	NOT CONNECTED	0.0000	500.0000	0.0000	0.0000	0.0000	0.0000	0.0931	0.0538	-1.1624	-0.6094	-1.2642	-0.3527	0.0000	0.0000	321.1133	0.0000	84.5483	1.3125	0.0053	62.6397
