WindyBPMp40_220uF__HefeiH24_ID12__HighSpeedPower_230Vac_20250611_093604
Report created on: 2025/06/11: 11:16:19


Step N. = 	0
Target Speed = 	18000

Speed Mainboard (rpm_M)	Speed TestBench (rpm_M)	Speed Error (rpm_M)	Speed Error %	Torque TestBench (Nm_M)	Torque Ref (Nm)	Torque MainBoard (Nm_M)	Torque MainBoard Error (Nm_M)	Torque MainBoard Error %	Flux Ref (V/rad/s)	Flux (V/rad/s)	Id * Iq (A^2)	Id (Apeak)	Iq (Apeak)	Id Rotor (Apeak)	Iq Rotor (Apeak)	IMotor Measured (Arms)	IMotor MainBoard (Arms)	IMotor Error (Arms)	IMotor Error %	Motor Current THD %	Vsdref (Vpeak)	Vsqref (Vpeak)	Vout MainBoard (Vrms)	Vout Measured (Vrms)	Vout Error (Vrms)	Vout Error %	Motor Power MainBoard (W)	Motor Power Measured (W)	Motor Power Error (W)	Motor Power Error %	Line Voltage (Vrms)	Line Current (Arms)	Line Power (W)	Line Power Factor	Bulk Ripple (V)	DC Bus Voltage (Vrms)	Motor Mechanical Power (W)	Motor Efficiency	Inverter Efficiency	Overall Efficiency	Temperature (deg C)	Estimated Temperature (deg C)	Motor cos-phi	Electrical Power Alpha-Beta [W]	Electrical Power Error [W]	Electrical Power Error [%]	Bus Voltage Usage [%]	Rotational Losses [W]	Kt [Nm/Arms]	
17994.7145	17994.7145	0.0000	0.0000	0.2003	0.2255	0.1957	0.0046	2.2814	0.0217	0.0211	-3.5928	-2.5058	1.4381	-2.8897	0.3077	2.0540	2.0215	0.0325	1.5809	0.0000	-11.8520	190.4477	233.8239	212.4632	-21.3606	-10.0538	456.4366	441.7850	-14.6516	-3.3165	230.4872	3.4813	469.5550	0.5852	nan	208.6245	377.3513	85.4159	94.0859	80.3643	40.0423	67.2283	0.5845	477.9079	-36.1229	-8.1766	101.8400	25.8896	0.0975	
18002.9763	18002.9763	0.0000	0.0000	0.2093	0.2266	0.2026	0.0068	3.2383	0.0215	0.0203	-4.0146	-2.5734	1.5620	-2.8567	0.3128	2.0703	2.0468	0.0235	1.1333	0.0000	-8.6723	187.7288	230.1920	211.7606	-18.4314	-8.7039	472.9394	460.0789	-12.8605	-2.7953	230.6316	3.6155	488.7644	0.5861	nan	208.0428	394.6482	85.7792	94.1310	80.7448	40.4553	67.5778	0.6059	502.6923	-42.6134	-9.2622	101.7870	26.2088	0.1011	
18003.6903	18003.6903	0.0000	0.0000	0.2231	0.2376	0.2462	-0.0231	-10.3638	0.0199	0.0205	-4.9736	-2.2651	2.2021	-2.9403	0.3420	2.0885	2.0474	0.0411	1.9670	0.0000	-6.2453	183.8742	225.3917	210.6971	-14.6945	-6.9743	628.6443	486.7311	-141.9132	-29.1564	230.7410	3.7896	516.7367	0.5909	nan	207.3219	420.6409	86.4222	94.1932	81.4038	40.8574	67.9349	0.6386	520.5682	-33.8371	-6.9519	101.6280	26.1094	0.1068	
18005.2013	18005.2013	0.0000	0.0000	0.2353	0.2474	0.2184	0.0168	7.1506	0.0211	0.0197	-4.0389	-2.3778	1.7077	-3.1168	0.3372	2.1027	2.0685	0.0342	1.6271	0.0000	-9.2637	183.8193	225.4605	209.6223	-15.8383	-7.5556	504.2089	509.0650	4.8561	0.9539	230.7835	3.9450	540.1900	0.5933	nan	206.6655	443.5629	87.1338	94.2381	82.1132	41.2184	68.2785	0.6668	549.5100	-40.4450	-7.9450	101.4307	24.9170	0.1119	
18001.0186	18001.0186	0.0000	0.0000	0.2501	0.2691	0.3273	-0.0772	-30.8643	0.0207	0.0205	-4.2733	-1.5770	2.7444	-2.9730	0.4155	2.1247	2.1047	0.0200	0.9407	0.0000	-3.3731	183.8187	225.1763	208.0721	-17.1041	-8.2203	765.1006	538.3262	-226.7744	-42.1258	230.7545	4.1364	570.8825	0.5981	nan	206.0130	471.5018	87.5889	94.2972	82.5939	41.5988	68.6267	0.7030	573.5008	-35.1746	-6.5341	100.9995	25.3205	0.1177	
18007.8885	18007.8885	0.0000	0.0000	0.2640	0.2726	0.3414	-0.0774	-29.3321	0.0225	0.0200	-4.2635	-1.6701	2.5748	-3.0096	0.5856	2.1491	2.1167	0.0324	1.5060	0.0000	-14.0958	189.3169	232.5669	206.5993	-25.9677	-12.5691	765.0191	563.6950	-201.3241	-35.7151	230.6538	4.3141	597.6700	0.6006	nan	205.0952	497.8466	88.3186	94.3154	83.2981	41.9969	68.9909	0.7330	612.4994	-48.8044	-8.6580	100.7334	23.3204	0.1228	
17995.0243	17995.0243	0.0000	0.0000	0.2771	0.3045	0.2480	0.0291	10.5048	0.0202	0.0195	-4.1536	-2.1025	1.9640	-2.8903	0.3960	2.1759	2.1393	0.0366	1.6807	0.0000	-10.6629	180.8809	221.9272	205.0073	-16.9199	-8.2533	566.3129	590.6178	24.3049	4.1152	230.5002	4.5025	626.0722	0.6033	nan	204.0921	522.1952	88.4143	94.3370	83.4074	42.3848	69.3856	0.7644	626.8037	-36.1859	-6.1268	100.4486	24.7590	0.1274	
18004.2070	18004.2070	0.0000	0.0000	0.2900	0.3047	0.2649	0.0251	8.6640	0.0190	0.0203	-4.7850	-2.1301	2.2496	-2.9464	0.4449	2.1963	2.1678	0.0284	1.2952	0.0000	-9.6074	167.3155	205.2582	203.7635	-1.4947	-0.7336	594.7682	611.7500	16.9818	2.7759	230.4010	4.6508	648.4125	0.6051	nan	203.3866	546.7649	89.3774	94.3458	84.3238	42.8059	69.7803	0.7892	645.2633	-33.5133	-5.4783	100.1854	20.4237	0.1320	
17999.8553	17999.8553	0.0000	0.0000	0.3028	0.3251	0.3520	-0.0492	-16.2583	0.0226	0.0212	-4.2860	-1.6753	2.5922	-3.1323	0.6266	2.2284	2.2111	0.0173	0.7756	0.0000	-8.6577	189.2581	232.0617	202.1421	-29.9196	-14.8013	757.9104	640.0767	-117.8338	-18.4093	230.3488	4.8358	678.5356	0.6091	nan	202.5302	570.7187	89.1651	94.3321	84.1113	43.1896	70.1933	0.8204	698.1584	-58.0817	-9.0742	99.8085	23.4135	0.1359	
18001.2960	18001.2960	0.0000	0.0000	0.3174	0.3426	0.3052	0.0123	3.8678	0.0215	0.0184	-4.4799	-1.9519	2.3005	-3.1970	0.6572	2.2721	2.2437	0.0284	1.2511	0.0000	-10.0108	188.2305	230.8934	200.1630	-30.7304	-15.3527	678.6490	670.8889	-7.7601	-1.1567	230.3264	5.0412	711.3233	0.6126	nan	201.5909	598.4114	89.1970	94.3156	84.1267	43.6435	70.6604	0.8517	728.9608	-58.0719	-8.6560	99.2917	24.6256	0.1397	
18000.0848	18000.0848	0.0000	0.0000	0.3297	0.3568	0.2989	0.0308	9.3513	0.0204	0.0186	-4.6843	-1.9855	2.3598	-3.2156	0.5449	2.3054	2.2865	0.0188	0.8175	0.0000	-6.7671	181.5520	222.5210	198.5559	-23.9652	-12.0697	662.7628	692.8500	30.0872	4.3425	230.3220	5.1924	734.8914	0.6145	nan	200.8078	621.4998	89.7019	94.2792	84.5703	44.0632	71.1161	0.8739	745.5266	-52.6766	-7.6029	98.8787	22.0051	0.1430	
18002.0376	18002.0376	0.0000	0.0000	0.3422	0.3677	0.3147	0.0275	8.0488	0.0203	0.0189	-4.5752	-1.8674	2.4526	-3.2128	0.5915	2.3470	2.3299	0.0171	0.7285	0.0000	-9.6811	180.1059	220.9980	196.8514	-24.1466	-12.2664	689.4288	721.0189	31.5901	4.3813	230.3209	5.3833	765.1878	0.6171	nan	199.6401	645.1467	89.4780	94.2277	84.3131	44.5382	71.6333	0.9010	776.3751	-55.3562	-7.6775	98.6032	24.6339	0.1458	
17998.3283	17998.3283	0.0000	0.0000	0.3559	0.3874	0.3487	0.0072	2.0155	0.0184	0.0198	-3.2635	-1.1326	3.1424	-3.2675	0.5502	2.3941	2.3822	0.0119	0.4957	0.0000	-6.3820	163.2711	200.1463	195.2187	-4.9276	-2.5242	788.3198	746.0233	-42.2965	-5.6696	230.3214	5.5403	792.3011	0.6209	nan	198.5473	670.7733	89.9132	94.1591	84.6613	45.0146	72.1727	0.9216	791.9414	-45.9181	-6.1551	98.3235	21.8314	0.1487	
17996.4500	17996.4500	0.0000	0.0000	0.3699	0.3909	0.4051	-0.0352	-9.5207	0.0215	0.0188	-1.5818	-0.6384	3.1298	-3.3136	0.7199	2.4362	2.4337	0.0025	0.1024	0.0000	-5.7723	183.8170	225.2624	193.9244	-31.3379	-16.1599	870.8861	771.1411	-99.7450	-12.9347	230.3131	5.7107	819.4122	0.6230	nan	197.3601	697.0869	90.3969	94.1091	85.0717	45.5381	72.7462	0.9424	830.4245	-59.2834	-7.6877	98.2592	18.6272	0.1518	
18001.0471	18001.0471	0.0000	0.0000	0.3813	0.4212	0.3626	0.0187	4.9069	0.0180	0.0199	-2.0991	-0.7057	3.2904	-3.5044	0.5967	2.4872	2.4808	0.0065	0.2594	0.0000	0.3484	169.3791	207.5161	192.7766	-14.7396	-7.6459	841.8851	798.7844	-43.1007	-5.3958	230.3253	5.8972	849.5278	0.6254	nan	195.7738	718.8383	89.9910	94.0269	84.6157	46.0602	73.3447	0.9618	844.5497	-45.7653	-5.7294	98.4692	22.0512	0.1533	
17804.1819	17804.1819	0.0000	0.0000	0.3916	0.4383	0.3776	0.0139	3.5586	0.0186	0.0196	-1.7460	-0.5931	3.3937	-3.7503	0.6348	2.6188	2.6055	0.0133	0.5087	0.0000	-0.3104	176.4833	216.1926	189.4974	-26.6952	-14.0873	902.7037	818.1878	-84.5159	-10.3297	230.3780	6.0577	873.3956	0.6258	nan	194.2263	730.0236	89.2243	93.6790	83.5844	46.6386	74.0477	0.9519	876.1616	-57.9738	-7.0856	97.5653	23.8360	0.1495	
17364.3645	17364.3645	0.0000	0.0000	0.4105	0.3551	0.3543	0.0562	13.6990	0.0177	0.0191	2.2274	0.5765	3.4398	-3.7820	0.6235	2.6443	2.6365	0.0078	0.2938	0.0000	0.3351	169.7436	207.9318	189.0178	-18.9140	-10.0065	883.0383	826.2575	-56.7808	-6.8720	230.4404	6.1145	882.3788	0.6262	nan	194.1134	746.4357	90.3474	93.6401	84.6015	47.2589	74.7908	0.9544	874.9912	-48.7337	-5.8981	97.3750	14.0762	0.1552	
17074.2457	17074.2457	0.0000	0.0000	0.4204	0.4946	0.3704	0.0500	11.8987	0.0184	0.0207	1.1895	0.2865	3.4719	-3.5646	0.6132	2.6498	2.6483	0.0015	0.0552	0.0000	7.2597	172.1612	211.1915	188.6982	-22.4932	-11.9202	898.7902	831.5375	-67.2527	-8.0878	230.4939	6.1556	888.1350	0.6260	nan	194.0316	751.6333	90.3910	93.6273	84.6307	47.8865	75.4104	0.9602	866.5647	-35.0272	-4.2123	97.2515	13.7217	0.1586	
16666.4216	16666.4216	0.0000	0.0000	0.4335	0.4682	0.4588	-0.0253	-5.8382	0.0206	0.0196	2.1847	0.5685	3.7211	-3.8264	0.7093	2.6759	2.6755	0.0004	0.0161	0.0000	4.3495	152.6969	187.1706	188.3535	1.1829	0.6280	858.4189	838.1775	-20.2414	-2.4149	230.5850	6.1990	895.6550	0.6266	nan	193.8285	756.5807	90.2651	93.5826	84.4724	48.4645	75.9773	0.9601	891.2390	-53.0615	-6.3306	97.1755	13.9481	0.1620	
16316.1963	16316.1963	0.0000	0.0000	0.4449	0.4688	0.4744	-0.0295	-6.6290	0.0215	0.0199	4.6769	1.2566	3.7337	-3.5462	0.7024	2.6966	2.6968	-0.0002	-0.0084	0.0000	-0.4754	166.1113	203.4978	188.1144	-15.3833	-8.1777	932.9166	842.7911	-90.1255	-10.6937	230.7166	6.2367	900.7933	0.6260	nan	193.9709	760.1460	90.1943	93.5610	84.3868	49.0196	76.5391	0.9592	888.8598	-46.0687	-5.4662	96.9808	13.7974	0.1650	

Torque compensated Offset = 	0
Mean Torque Mainboard Error perc = 	-0.981020977067914


Step N. = 	1
Target Speed = 	16296

Speed Mainboard (rpm_M)	Speed TestBench (rpm_M)	Speed Error (rpm_M)	Speed Error %	Torque TestBench (Nm_M)	Torque Ref (Nm)	Torque MainBoard (Nm_M)	Torque MainBoard Error (Nm_M)	Torque MainBoard Error %	Flux Ref (V/rad/s)	Flux (V/rad/s)	Id * Iq (A^2)	Id (Apeak)	Iq (Apeak)	Id Rotor (Apeak)	Iq Rotor (Apeak)	IMotor Measured (Arms)	IMotor MainBoard (Arms)	IMotor Error (Arms)	IMotor Error %	Motor Current THD %	Vsdref (Vpeak)	Vsqref (Vpeak)	Vout MainBoard (Vrms)	Vout Measured (Vrms)	Vout Error (Vrms)	Vout Error %	Motor Power MainBoard (W)	Motor Power Measured (W)	Motor Power Error (W)	Motor Power Error %	Line Voltage (Vrms)	Line Current (Arms)	Line Power (W)	Line Power Factor	Bulk Ripple (V)	DC Bus Voltage (Vrms)	Motor Mechanical Power (W)	Motor Efficiency	Inverter Efficiency	Overall Efficiency	Temperature (deg C)	Estimated Temperature (deg C)	Motor cos-phi	Electrical Power Alpha-Beta [W]	Electrical Power Error [W]	Electrical Power Error [%]	Bus Voltage Usage [%]	Rotational Losses [W]	Kt [Nm/Arms]	
16296.8736	16296.8736	0.0000	0.0000	0.1870	0.1960	0.2091	-0.0221	-11.8132	0.0240	0.0232	-3.1924	-2.2000	1.4476	-2.8184	0.3145	1.8928	1.8679	0.0248	1.3126	0.0000	-6.0838	181.5361	222.5381	214.7548	-7.7833	-3.6243	414.2039	372.2489	-41.9550	-11.2707	230.4613	3.0181	397.4478	0.5714	nan	211.5544	319.1353	85.7320	93.6599	80.2965	41.9224	73.1889	0.5287	397.3603	-25.1114	-6.7459	101.5128	20.1349	0.0988	
16311.4384	16311.4384	0.0000	0.0000	0.1937	0.1831	0.1711	0.0226	11.6843	0.0249	0.0234	-2.5920	-2.3502	1.1106	-2.6458	0.3182	1.9036	1.8650	0.0386	2.0255	0.0000	-10.6480	183.4033	225.0771	214.2483	-10.8289	-5.0544	344.8689	384.0443	39.1754	10.2008	230.4126	3.1062	409.7314	0.5725	nan	211.1926	330.8893	86.1581	93.7307	80.7567	42.3647	73.5334	0.5437	410.3910	-26.3467	-6.8603	101.4469	19.7380	0.1018	
16287.0887	16287.0887	0.0000	0.0000	0.2105	0.2269	0.2029	0.0076	3.6129	0.0233	0.0247	-3.4903	-2.3329	1.4912	-2.7418	0.3265	1.9197	1.8862	0.0335	1.7465	0.0000	-7.4168	182.3574	223.5943	213.4856	-10.1087	-4.7351	433.1919	404.7200	-28.4719	-7.0350	230.5259	3.2524	431.3188	0.5753	nan	210.6091	359.0245	88.7107	93.8331	83.2400	42.8006	73.8374	0.5702	430.6637	-25.9437	-6.4103	101.3658	11.6522	0.1097	
16292.0640	16292.0640	0.0000	0.0000	0.2260	0.2415	0.2407	-0.0147	-6.4874	0.0234	0.0231	-3.6835	-2.1399	1.7206	-2.9337	0.4284	1.9481	1.9188	0.0292	1.5014	0.0000	-8.4489	179.7399	220.4066	211.9331	-8.4735	-3.9982	491.4297	442.4156	-49.0141	-11.0787	230.7029	3.5102	470.8744	0.5815	nan	209.5354	385.5804	87.1542	93.9560	81.8865	43.2250	74.1397	0.6187	470.7407	-28.3251	-6.4024	101.1443	21.7177	0.1160	
16298.9178	16298.9178	0.0000	0.0000	0.2478	0.2503	0.2517	-0.0039	-1.5747	0.0224	0.0233	-4.0572	-2.1632	1.8778	-2.6720	0.4389	1.9739	1.9515	0.0224	1.1326	0.0000	-2.7253	175.6226	215.2447	210.5510	-4.6937	-2.2293	500.4914	475.1944	-25.2970	-5.3235	230.8042	3.7381	505.1744	0.5855	nan	208.6423	422.9114	88.9979	94.0654	83.7161	43.6648	74.4646	0.6601	504.5777	-29.3833	-6.1834	100.9148	16.1662	0.1255	
16293.4220	16293.4220	0.0000	0.0000	0.2640	0.2735	0.2532	0.0108	4.0919	0.0230	0.0220	-3.7033	-2.0825	1.7818	-2.9697	0.4100	1.9992	1.9775	0.0217	1.0857	0.0000	-15.9245	178.5456	219.5572	209.2290	-10.3282	-4.9363	527.1780	503.5525	-23.6255	-4.6918	230.7775	3.9349	534.9175	0.5891	nan	207.6218	450.4495	89.4540	94.1365	84.2088	44.0673	74.7801	0.6950	531.0090	-27.4565	-5.4526	100.7741	15.9927	0.1321	
16286.8797	16286.8797	0.0000	0.0000	0.2821	0.2985	0.2683	0.0138	4.8959	0.0230	0.0226	-3.8930	-2.0355	1.9102	-2.9291	0.4178	2.0297	1.9952	0.0345	1.6999	0.0000	-7.8914	180.1783	220.9624	207.6376	-13.3248	-6.4174	541.1611	533.4289	-7.7322	-1.4495	230.6338	4.1419	566.2722	0.5928	nan	206.5002	481.1572	90.2001	94.2001	84.9686	44.4961	75.1070	0.7308	558.5926	-25.1637	-4.7174	100.5508	13.9565	0.1390	
16295.3033	16295.3033	0.0000	0.0000	0.2969	0.3049	0.3047	-0.0078	-2.6437	0.0213	0.0204	-4.2533	-1.8454	2.3074	-3.0847	0.4844	2.0623	2.0427	0.0196	0.9480	0.0000	-7.2377	171.1396	209.8185	205.9217	-3.8968	-1.8924	612.3720	563.2300	-49.1420	-8.7250	230.4313	4.3478	597.6256	0.5965	nan	205.3738	506.6234	89.9506	94.2446	84.7736	44.9481	75.4819	0.7657	589.6146	-26.3846	-4.6845	100.2668	16.9806	0.1440	
16294.7543	16294.7543	0.0000	0.0000	0.3156	0.3231	0.3598	-0.0442	-14.0166	0.0241	0.0217	-4.0616	-1.6093	2.5631	-2.9938	0.5551	2.0972	2.0791	0.0181	0.8607	0.0000	-9.4664	182.0078	223.3022	204.3393	-18.9628	-9.2801	723.4993	593.5600	-129.9393	-21.8915	230.4612	4.5511	629.6778	0.6003	nan	204.4544	538.4584	90.7175	94.2641	85.5140	45.4166	75.8520	0.7997	633.9243	-40.3643	-6.8004	99.9437	14.0458	0.1505	
16299.2837	16299.2837	0.0000	0.0000	0.3323	0.3345	0.3088	0.0235	7.0691	0.0232	0.0222	-4.4334	-2.0025	2.2278	-2.9244	0.6409	2.1344	2.1079	0.0265	1.2408	0.0000	-10.3115	179.3701	220.1334	203.0820	-17.0514	-8.3963	629.1711	623.8350	-5.3361	-0.8554	230.7663	4.7499	661.7225	0.6037	nan	203.8617	567.1033	90.9065	94.2744	85.7016	45.8365	76.2258	0.8309	664.7162	-40.8812	-6.5532	99.6175	14.1351	0.1557	
16296.6789	16296.6789	0.0000	0.0000	0.3495	0.3552	0.3256	0.0240	6.8527	0.0221	0.0221	-3.8156	-1.6403	2.4377	-3.1478	0.5694	2.1768	2.1704	0.0064	0.2945	0.0000	-5.3553	176.5934	216.4981	201.2939	-15.2042	-7.5532	657.4195	651.9227	-5.4968	-0.8432	230.6398	4.9400	691.6018	0.6070	nan	202.7143	596.5287	91.5038	94.2627	86.2540	46.3044	76.6429	0.8590	687.1054	-35.1826	-5.3967	99.2993	11.0071	0.1606	
16296.8985	16296.8985	0.0000	0.0000	0.3658	0.3786	0.4333	-0.0675	-18.4581	0.0235	0.0206	-1.8404	-0.6239	3.1837	-3.2495	0.6533	2.2453	2.2257	0.0196	0.8739	0.0000	-9.5763	177.2664	217.5411	198.4960	-19.0451	-9.5947	855.4243	689.3500	-166.0743	-24.0914	230.3686	5.1943	731.8511	0.6116	nan	201.2414	624.2405	90.5553	94.1927	85.2964	46.7994	77.1179	0.8930	736.4506	-47.1006	-6.8326	98.6358	17.7933	0.1629	
16296.1797	16296.1797	0.0000	0.0000	0.3846	0.4008	0.3640	0.0207	5.3699	0.0191	0.0231	-3.5265	-1.1309	3.1141	-3.2683	0.5855	2.3137	2.3014	0.0124	0.5340	0.0000	-2.0193	166.8709	204.4440	196.4878	-7.9562	-4.0492	783.2985	721.9037	-61.3948	-8.5046	230.6803	5.4083	767.0150	0.6148	nan	200.4292	656.3751	90.9227	94.1186	85.5752	47.3217	77.6565	0.9168	748.4261	-26.5223	-3.6739	98.0335	15.1809	0.1662	
16297.4681	16297.4681	0.0000	0.0000	0.4010	0.4183	0.3821	0.0189	4.7049	0.0205	0.0218	-2.6308	-0.9461	3.0270	-3.3112	0.6242	2.3828	2.3706	0.0123	0.5143	0.0000	-8.3316	164.9431	202.2812	194.4680	-7.8132	-4.0177	764.4792	746.7043	-17.7749	-2.3805	230.7263	5.5782	794.2114	0.6171	nan	199.1499	684.3734	91.6525	94.0183	86.1702	47.8246	78.1618	0.9303	783.6930	-36.9887	-4.9536	97.6491	8.8242	0.1683	
16294.3937	16294.3937	0.0000	0.0000	0.4164	0.4761	0.4155	0.0010	0.2318	0.0215	0.0221	0.1609	-0.0349	3.1899	-3.1838	0.6683	2.4912	2.4787	0.0125	0.5007	0.0000	-1.1303	171.3838	210.3004	190.8589	-19.4415	-10.1863	841.6234	788.5178	-53.1057	-6.7349	230.4003	5.8929	840.8722	0.6193	nan	196.5540	710.5975	90.1181	93.7738	84.5071	48.3984	78.8033	0.9575	831.6871	-43.1693	-5.4747	97.1026	19.3067	0.1672	
16294.1223	16294.1223	0.0000	0.0000	0.4342	0.5209	0.4378	-0.0036	-0.8343	0.0205	0.0230	2.4663	0.6890	3.6363	-3.6235	0.6683	2.6011	2.5947	0.0064	0.2444	0.0000	2.7838	158.0128	193.7260	188.9587	-4.7674	-2.5230	867.6454	824.1289	-43.5165	-5.2803	230.5017	6.1210	880.4889	0.6241	nan	194.5925	740.9205	89.9033	93.5990	84.1486	49.0455	79.5442	0.9681	867.5772	-43.4483	-5.2720	97.1048	19.1469	0.1669	
16009.3794	16009.3794	0.0000	0.0000	0.4499	0.3943	0.4617	-0.0118	-2.6244	0.0210	0.0192	3.6999	1.0294	3.6270	-3.7714	0.7369	2.6895	2.6853	0.0042	0.1554	0.0000	-3.2724	160.1261	196.2516	187.6878	-8.5638	-4.5628	864.7425	832.0644	-32.6781	-3.9273	230.7788	6.1747	890.4656	0.6249	nan	194.1813	754.2315	90.6463	93.4415	84.7014	49.7612	80.3590	0.9517	881.7888	-49.7244	-5.9760	96.6560	9.1494	0.1673	
15382.7310	15382.7310	0.0000	0.0000	0.4680	0.5568	0.4989	-0.0309	-6.6122	0.0228	0.0228	3.4247	0.9300	3.6648	-3.6160	0.7823	2.7108	2.7111	-0.0003	-0.0112	0.0000	3.5950	160.1978	196.2739	186.7962	-9.4777	-5.0738	887.2990	831.9750	-55.3240	-6.6497	230.6033	6.1853	890.7875	0.6245	nan	193.8651	753.8799	90.6135	93.3977	84.6310	50.4791	81.0981	0.9486	873.0662	-41.0912	-4.9390	96.3537	8.1250	0.1726	
14837.1108	14837.1108	0.0000	0.0000	0.4870	0.4315	0.4974	-0.0104	-2.1315	0.0229	0.0207	3.3269	0.9313	3.5976	-3.6352	0.7966	2.7313	2.7244	0.0070	0.2547	0.0000	2.2461	165.8868	203.5182	186.1128	-17.4054	-9.3521	900.5571	830.6289	-69.9282	-8.4187	230.3632	6.1828	889.6456	0.6246	nan	193.6577	756.6694	91.0961	93.3663	85.0531	51.2019	81.7182	0.9434	866.7013	-36.0724	-4.3428	96.1040	2.7269	0.1783	

Torque compensated Offset = 	0
Mean Torque Mainboard Error perc = 	-0.9833032984689712


Step N. = 	2
Target Speed = 	13968

Speed Mainboard (rpm_M)	Speed TestBench (rpm_M)	Speed Error (rpm_M)	Speed Error %	Torque TestBench (Nm_M)	Torque Ref (Nm)	Torque MainBoard (Nm_M)	Torque MainBoard Error (Nm_M)	Torque MainBoard Error %	Flux Ref (V/rad/s)	Flux (V/rad/s)	Id * Iq (A^2)	Id (Apeak)	Iq (Apeak)	Id Rotor (Apeak)	Iq Rotor (Apeak)	IMotor Measured (Arms)	IMotor MainBoard (Arms)	IMotor Error (Arms)	IMotor Error %	Motor Current THD %	Vsdref (Vpeak)	Vsqref (Vpeak)	Vout MainBoard (Vrms)	Vout Measured (Vrms)	Vout Error (Vrms)	Vout Error %	Motor Power MainBoard (W)	Motor Power Measured (W)	Motor Power Error (W)	Motor Power Error %	Line Voltage (Vrms)	Line Current (Arms)	Line Power (W)	Line Power Factor	Bulk Ripple (V)	DC Bus Voltage (Vrms)	Motor Mechanical Power (W)	Motor Efficiency	Inverter Efficiency	Overall Efficiency	Temperature (deg C)	Estimated Temperature (deg C)	Motor cos-phi	Electrical Power Alpha-Beta [W]	Electrical Power Error [W]	Electrical Power Error [%]	Bus Voltage Usage [%]	Rotational Losses [W]	Kt [Nm/Arms]	
13959.5259	13960.5000	0.9741	0.0070	0.1910	0.1825	0.1686	0.0224	11.7032	0.0293	0.0286	-2.0729	-2.1827	0.9516	-2.4680	0.3541	1.7302	1.6699	0.0603	3.4830	0.0000	-9.0386	178.8467	219.3463	214.8058	-4.5405	-2.1138	284.5800	315.7350	31.1550	9.8674	230.8520	2.5901	339.9475	0.5685	nan	214.5639	279.2309	88.4035	92.8763	82.1067	41.4732	68.9421	0.4905	301.1652	14.5698	4.6146	100.1130	8.9968	0.1104	
13961.5362	13966.1111	4.5749	0.0328	0.2182	0.2169	0.2141	0.0042	1.9030	0.0281	0.0288	-2.6585	-2.1467	1.2493	-2.4322	0.3663	1.7565	1.7213	0.0352	2.0067	0.0000	-6.3572	174.9145	214.4747	213.5488	-0.9259	-0.4336	347.9892	348.3478	0.3586	0.1029	230.8150	2.8336	373.7822	0.5715	nan	212.7903	319.1559	91.6240	93.1952	85.3890	41.8628	69.3169	0.5362	357.7138	-9.3661	-2.6887	100.3565	0.7958	0.1242	
13967.4075	13966.4444	-0.9631	-0.0069	0.2416	0.2311	0.2158	0.0257	10.6486	0.0277	0.0284	-2.8751	-2.2077	1.3041	-2.4550	0.3494	1.7942	1.7454	0.0489	2.7237	0.0000	-7.9809	176.0366	215.9055	211.6604	-4.2451	-2.0056	370.5083	391.7822	21.2739	5.4300	230.6812	3.1481	419.1556	0.5772	nan	211.6394	353.2907	90.1742	93.4693	84.2852	42.2766	69.6359	0.5956	388.9331	2.8492	0.7272	100.0104	8.8140	0.1346	
13968.1864	13964.5455	-3.6410	-0.0261	0.2627	0.2574	0.2654	-0.0026	-0.9984	0.0268	0.0268	-3.2601	-1.9984	1.6296	-2.6427	0.4246	1.8271	1.7797	0.0474	2.5946	0.0000	-5.4508	172.0571	210.8909	210.1806	-0.7103	-0.3380	435.3868	425.1818	-10.2050	-2.4001	230.5374	3.3933	453.7982	0.5801	nan	210.1986	384.2026	90.3625	93.6940	84.6642	42.7051	69.9641	0.6392	431.6445	-6.4626	-1.5200	99.9917	10.1510	0.1438	
13964.2669	13964.7778	0.5109	0.0037	0.2836	0.2797	0.2692	0.0144	5.0696	0.0268	0.0272	-3.3822	-2.0331	1.6557	-2.6632	0.4672	1.8578	1.8126	0.0453	2.4357	0.0000	-9.8776	172.8157	212.0054	208.8197	-3.1857	-1.5256	458.3240	455.8978	-2.4262	-0.5322	230.4536	3.6167	485.8044	0.5829	nan	209.3390	414.6685	90.9558	93.8438	85.3564	43.1222	70.2753	0.6785	456.2795	-0.3817	-0.0837	99.7522	9.3030	0.1526	
13966.2478	13967.7778	1.5300	0.0110	0.3049	0.3019	0.3523	-0.0474	-15.5360	0.0264	0.0269	-3.5915	-1.5940	2.2923	-2.5735	0.5107	1.8909	1.8589	0.0320	1.6942	0.0000	-8.6144	178.9732	219.5426	207.4210	-12.1216	-5.8440	635.7877	486.9556	-148.8321	-30.5638	230.4001	3.8366	518.3244	0.5864	nan	207.9807	445.9616	91.5814	93.9480	86.0389	43.5327	70.5673	0.7168	503.8034	-16.8478	-3.4598	99.7312	7.8657	0.1612	
13965.9421	13966.7500	0.8079	0.0058	0.3255	0.3181	0.3228	0.0027	0.8335	0.0274	0.0283	-3.4482	-1.8059	1.9152	-2.4463	0.6140	1.9210	1.8910	0.0300	1.5635	0.0000	-10.6479	176.4192	216.4779	206.2280	-10.2499	-4.9702	535.1981	513.4250	-21.7731	-4.2408	230.3872	4.0219	546.1175	0.5894	nan	207.1991	476.0732	92.7247	94.0136	87.1739	43.9384	70.8602	0.7482	529.0059	-15.5809	-3.0347	99.5316	3.1053	0.1694	
13969.3782	13972.8889	3.5107	0.0251	0.3466	0.3371	0.3408	0.0058	1.6619	0.0265	0.0261	-3.5020	-1.6305	2.1667	-2.7267	0.5727	1.9779	1.9310	0.0469	2.3709	0.0000	-3.1868	173.5661	212.7551	204.1100	-8.6451	-4.2355	570.9207	558.2256	-12.6952	-2.2742	230.3897	4.3255	593.4478	0.5955	nan	205.9053	507.0936	90.8400	94.0648	85.4485	44.3374	71.1580	0.7983	563.8969	-5.6713	-1.0160	99.1288	14.7706	0.1752	
13968.9088	13960.0000	-8.9088	-0.0638	0.3681	0.3606	0.3393	0.0288	7.8346	0.0254	0.0270	-3.6645	-1.7061	2.1900	-2.7658	0.5649	2.0069	1.9794	0.0276	1.3731	0.0000	-5.7665	171.6768	210.5116	203.1409	-7.3708	-3.6284	577.3822	579.3157	1.9335	0.3338	230.4254	4.4716	615.5743	0.5974	nan	204.7998	538.1837	92.8999	94.1098	87.4279	44.7772	71.5120	0.8204	598.4390	-19.1233	-3.3010	99.1901	3.6288	0.1834	
13965.1103	13976.0000	10.8897	0.0779	0.3876	0.3820	0.3613	0.0263	6.7738	0.0253	0.0257	-3.7099	-1.5982	2.3600	-2.8008	0.6418	2.0678	2.0166	0.0512	2.4742	0.0000	-3.1930	170.7372	209.2988	201.0878	-8.2110	-4.0833	609.8396	618.6300	8.7904	1.4209	230.4268	4.7353	657.3900	0.6025	nan	204.0315	567.2119	91.6915	94.1040	86.2853	45.2042	71.8326	0.8590	622.7075	-4.0775	-0.6591	98.5576	11.5386	0.1874	
13965.7369	13969.0000	3.2631	0.0234	0.4082	0.4107	0.3906	0.0176	4.3172	0.0247	0.0258	-3.5054	-1.3641	2.5927	-2.9820	0.6808	2.1275	2.0968	0.0306	1.4405	0.0000	-9.7554	165.7652	203.3948	199.1860	-4.2088	-2.1130	662.2590	652.0233	-10.2356	-1.5698	230.3809	4.9627	692.9389	0.6061	nan	202.6409	597.1608	91.5860	94.0954	86.1781	45.6804	72.2335	0.8883	668.1248	-16.1014	-2.4695	98.2954	12.5682	0.1919	
13965.6592	13964.2500	-1.4092	-0.0101	0.4310	0.4291	0.4232	0.0078	1.8052	0.0250	0.0268	-2.3506	-0.9002	2.8800	-3.0707	0.6559	2.1811	2.1522	0.0289	1.3273	0.0000	-0.6963	171.4759	210.2180	197.6547	-12.5632	-6.3562	743.6329	677.8950	-65.7379	-9.6974	230.3555	5.1372	720.5275	0.6089	nan	201.8210	630.2650	92.9739	94.0832	87.4727	46.1362	72.6501	0.9078	697.9072	-20.0122	-2.9521	97.9358	3.0948	0.1976	
13967.0455	13965.0000	-2.0455	-0.0146	0.4519	0.4518	0.4710	-0.0191	-4.2281	0.0267	0.0259	0.0766	-0.2395	2.9927	-2.9947	0.7707	2.3055	2.2371	0.0683	2.9643	0.0000	-6.6636	174.7436	214.2285	194.4609	-19.7676	-10.1654	794.2081	723.9222	-70.2859	-9.7090	230.4159	5.4387	770.6100	0.6149	nan	200.5431	660.8468	91.2873	93.9415	85.7566	46.6584	73.0938	0.9323	740.3847	-16.4625	-2.2741	96.9682	13.2161	0.1960	
13960.3368	13963.5000	3.1632	0.0227	0.4722	0.5006	0.4541	0.0182	3.8538	0.0255	0.0260	-1.9261	-0.7404	2.9595	-3.3455	0.7424	2.4151	2.3468	0.0683	2.8273	0.0000	-7.3796	173.8960	213.2222	191.2955	-21.9267	-11.4622	776.8530	754.9762	-21.8767	-2.8977	230.5771	5.6724	805.3725	0.6158	nan	199.0428	690.5497	91.4667	93.7425	85.7432	47.2347	73.6918	0.9435	777.8613	-22.8850	-3.0312	96.1100	9.5889	0.1955	
13955.0395	13966.7143	11.6748	0.0836	0.4930	0.5375	0.4962	-0.0032	-0.6403	0.0253	0.0245	-0.5648	-0.2560	3.2509	-3.4987	0.8394	2.5669	2.4621	0.1048	4.0819	0.0000	-0.7244	175.9540	215.6027	188.1959	-27.4068	-14.5629	859.6675	797.4586	-62.2089	-7.8009	230.7489	5.9151	852.6043	0.6247	nan	197.5232	721.0573	90.4194	93.5321	84.5712	47.8438	74.3324	0.9531	811.2946	-13.8360	-1.7350	95.2805	14.3039	0.1921	
13911.2394	13814.7500	-96.4894	-0.6985	0.5145	0.5706	0.5246	-0.0101	-1.9581	0.0243	0.0253	3.3946	0.9098	3.6201	-3.5995	0.8363	2.7594	2.6608	0.0986	3.5724	0.0000	3.0978	166.2417	203.6670	185.5007	-18.1663	-9.7931	908.7081	826.3908	-82.3172	-9.9611	230.7748	6.1361	886.7983	0.6262	nan	194.8034	744.3112	90.0676	93.1881	83.9324	48.6214	75.2411	0.9321	848.8458	-22.4550	-2.7172	95.2271	10.1027	0.1865	
13606.5904	13280.2222	-326.3681	-2.4576	0.5359	0.5122	0.4694	0.0665	12.4139	0.0234	0.0240	4.8536	1.3746	3.5092	-3.8384	0.7752	2.7650	2.7505	0.0144	0.5224	0.0000	8.4270	146.2609	179.5494	185.0979	5.5484	2.9976	786.7418	824.2900	37.5482	4.5552	230.6336	6.1291	884.2411	0.6255	nan	193.9869	745.2520	90.4115	93.2200	84.2817	49.5342	76.3197	0.9299	856.4935	-32.2035	-3.9068	95.4177	6.5114	0.1938	
13018.7332	12739.5556	-279.1776	-2.1914	0.5571	0.6237	0.5481	0.0091	1.6260	0.0251	0.0264	5.4834	1.5048	3.6383	-3.6922	0.8619	2.7932	2.7726	0.0207	0.7402	0.0000	3.5566	163.5357	200.4370	184.6708	-15.7662	-8.5375	902.1426	823.8578	-78.2848	-9.5022	230.5168	6.1376	884.2544	0.6250	nan	193.9148	743.2261	90.2129	93.1698	84.0512	50.3344	77.0652	0.9221	855.4594	-31.6016	-3.8358	95.2330	6.3825	0.1994	

Torque compensated Offset = 	0
Mean Torque Mainboard Error perc = 	2.615744427464808


Step N. = 	3
Target Speed = 	11640

Speed Mainboard (rpm_M)	Speed TestBench (rpm_M)	Speed Error (rpm_M)	Speed Error %	Torque TestBench (Nm_M)	Torque Ref (Nm)	Torque MainBoard (Nm_M)	Torque MainBoard Error (Nm_M)	Torque MainBoard Error %	Flux Ref (V/rad/s)	Flux (V/rad/s)	Id * Iq (A^2)	Id (Apeak)	Iq (Apeak)	Id Rotor (Apeak)	Iq Rotor (Apeak)	IMotor Measured (Arms)	IMotor MainBoard (Arms)	IMotor Error (Arms)	IMotor Error %	Motor Current THD %	Vsdref (Vpeak)	Vsqref (Vpeak)	Vout MainBoard (Vrms)	Vout Measured (Vrms)	Vout Error (Vrms)	Vout Error %	Motor Power MainBoard (W)	Motor Power Measured (W)	Motor Power Error (W)	Motor Power Error %	Line Voltage (Vrms)	Line Current (Arms)	Line Power (W)	Line Power Factor	Bulk Ripple (V)	DC Bus Voltage (Vrms)	Motor Mechanical Power (W)	Motor Efficiency	Inverter Efficiency	Overall Efficiency	Temperature (deg C)	Estimated Temperature (deg C)	Motor cos-phi	Electrical Power Alpha-Beta [W]	Electrical Power Error [W]	Electrical Power Error [%]	Bus Voltage Usage [%]	Rotational Losses [W]	Kt [Nm/Arms]	
11635.7462	11632.5000	-3.2462	-0.0279	0.1837	0.1568	0.1261	0.0577	31.3780	0.0357	0.0341	-1.0613	-1.9709	0.5393	-2.1771	0.3428	1.5264	1.4531	0.0733	4.8037	0.0000	-5.5191	177.0472	216.9720	215.1675	-1.8045	-0.8386	159.5492	252.5700	93.0208	36.8297	230.8698	2.1124	274.7825	0.5633	nan	216.6279	223.8357	88.5777	91.9094	81.4127	41.1701	66.2407	0.4439	224.8305	27.7395	10.9829	99.3260	7.3501	0.1204	
11637.1549	11639.6000	2.4451	0.0210	0.2223	0.2169	0.2058	0.0165	7.4064	0.0346	0.0333	-1.9085	-1.9043	1.0015	-2.1741	0.4412	1.5707	1.5349	0.0358	2.2794	0.0000	-11.5657	170.6028	209.4368	213.3271	3.8903	1.8237	289.0917	302.0570	12.9653	4.2923	230.8168	2.4955	326.1950	0.5663	nan	214.3315	270.9602	89.7215	92.5988	83.0802	41.4588	66.6034	0.5204	296.3639	5.6931	1.8848	99.5315	8.4269	0.1415	
11642.6713	11635.4444	-7.2269	-0.0621	0.2534	0.2426	0.2545	-0.0011	-0.4188	0.0333	0.0341	-2.2384	-1.8285	1.2283	-2.1644	0.4122	1.6037	1.5641	0.0396	2.4677	0.0000	-5.1509	170.7080	209.1962	211.9663	2.7701	1.3069	328.2053	336.3656	8.1603	2.4260	230.6648	2.7661	361.6956	0.5669	nan	213.1730	308.8121	91.8086	92.9969	85.3792	41.7735	66.9208	0.5713	340.2052	-3.8397	-1.1415	99.4342	3.8931	0.1580	
11634.1683	11643.3333	9.1650	0.0787	0.2799	0.2750	0.2527	0.0271	9.6976	0.0345	0.0330	-2.2155	-1.8523	1.2000	-2.3303	0.5393	1.6416	1.5972	0.0444	2.7031	0.0000	-6.3606	171.2337	209.9197	210.4079	0.4882	0.2320	323.7513	370.7344	46.9831	12.6730	230.4891	3.0293	397.4400	0.5692	nan	212.3191	341.2652	92.0517	93.2805	85.8663	42.0878	67.1887	0.6197	370.5783	0.1561	0.0421	99.1001	4.6453	0.1705	
11644.6109	11638.5000	-6.1109	-0.0525	0.3073	0.2907	0.3069	0.0004	0.1255	0.0322	0.0342	-2.8523	-1.8090	1.5921	-2.1789	0.4963	1.6842	1.6483	0.0358	2.1274	0.0000	-6.8229	165.3287	202.6859	208.8010	6.1151	2.9287	411.1636	406.9025	-4.2611	-1.0472	230.4142	3.3000	435.2450	0.5724	nan	211.0852	374.4704	92.0305	93.4881	86.0374	42.3958	67.4474	0.6681	405.2699	1.6326	0.4012	98.9183	6.2723	0.1824	
11635.8762	11639.7500	3.8738	0.0333	0.3340	0.3292	0.3569	-0.0229	-6.8705	0.0318	0.0342	-3.1939	-1.6753	1.9406	-2.2805	0.5387	1.7250	1.6889	0.0361	2.0933	0.0000	-6.4225	170.0333	208.4109	207.4603	-0.9506	-0.4582	513.1300	439.5850	-73.5450	-16.7306	230.4670	3.5406	469.3775	0.5752	nan	210.0313	407.1169	92.6137	93.6528	86.7353	42.7230	67.7207	0.7092	440.9737	-1.3887	-0.3159	98.7763	4.9886	0.1936	
11630.4949	11640.3333	9.8385	0.0845	0.3608	0.3619	0.3490	0.0118	3.2703	0.0320	0.0334	-3.0428	-1.6565	1.8550	-2.3640	0.5851	1.7726	1.7382	0.0345	1.9437	0.0000	-2.5416	162.4478	199.2380	206.0174	6.7794	3.2907	455.6610	474.8167	19.1557	4.0343	230.5730	3.7965	506.4378	0.5785	nan	209.1184	439.7784	92.6209	93.7562	86.8378	43.0660	67.9969	0.7507	476.2498	-1.4331	-0.3018	98.5175	5.9792	0.2035	
11649.0376	11641.5714	-7.4662	-0.0641	0.3871	0.3644	0.3666	0.0205	5.3068	0.0333	0.0332	-2.9421	-1.6416	1.8098	-2.4707	0.7066	1.8244	1.7742	0.0503	2.7543	0.0000	-7.3255	168.7502	206.8887	204.5149	-2.3738	-1.1607	472.9978	510.0143	37.0165	7.2579	230.6300	4.0484	543.4400	0.5820	nan	208.0406	471.9669	92.5403	93.8492	86.8483	43.4254	68.2879	0.7892	513.7851	-3.7708	-0.7394	98.3057	7.2217	0.2122	
11641.7274	11638.4444	-3.2830	-0.0282	0.4150	0.4011	0.3749	0.0401	9.6591	0.0327	0.0323	-3.0681	-1.6131	1.9238	-2.4990	0.6639	1.8798	1.8371	0.0427	2.2727	0.0000	-8.9072	166.1002	203.7831	202.9606	-0.8225	-0.4053	497.5444	544.8878	47.3434	8.6887	230.6534	4.2959	580.2778	0.5856	nan	207.0402	505.7914	92.8249	93.9012	87.1637	43.7594	68.5985	0.8245	547.0578	-2.1701	-0.3983	98.0300	6.3260	0.2208	
11640.5805	11638.8889	-1.6916	-0.0145	0.4427	0.4285	0.4370	0.0057	1.2802	0.0340	0.0324	-3.0385	-1.4374	2.1259	-2.5766	0.8416	1.9405	1.9013	0.0393	2.0231	0.0000	-7.1010	172.7377	211.7622	201.4702	-10.2919	-5.1084	565.3249	580.0633	14.7385	2.5408	230.7066	4.5387	617.5722	0.5898	nan	205.9723	539.5313	93.0124	93.9264	87.3632	44.1616	68.9456	0.8566	592.3730	-12.3096	-2.1221	97.8146	5.5558	0.2281	
11632.0717	11637.2500	5.1783	0.0445	0.4702	0.4682	0.5028	-0.0325	-6.9208	0.0303	0.0338	-2.3058	-0.8829	2.7860	-2.4991	0.7637	2.0075	1.9657	0.0418	2.0833	0.0000	-0.1214	162.5744	199.3138	199.9285	0.6147	0.3075	680.6101	616.1075	-64.5026	-10.4694	230.7657	4.7822	655.7650	0.5942	nan	204.7285	573.0701	93.0147	93.9525	87.3896	44.5899	69.3202	0.8863	623.6873	-7.5798	-1.2303	97.6560	5.5409	0.2342	
11638.8746	11641.0000	2.1254	0.0183	0.4970	0.4871	0.4436	0.0534	10.7440	0.0324	0.0283	-3.0496	-1.4153	2.2330	-2.9595	0.7855	2.0802	2.0433	0.0370	1.7771	0.0000	-6.3919	169.4882	207.7551	198.3218	-9.4333	-4.7566	580.3716	651.7600	71.3884	10.9532	230.7933	5.0160	693.7575	0.5993	nan	203.5791	605.8641	92.9580	93.9464	87.3307	45.0038	69.7301	0.9121	660.2483	-8.4883	-1.3024	97.4181	5.5675	0.2389	
11638.5565	11639.2222	0.6657	0.0057	0.5237	0.5155	0.4925	0.0312	5.9524	0.0326	0.0306	-2.8334	-1.1745	2.4866	-3.0461	0.9600	2.1686	2.1245	0.0441	2.0317	0.0000	-6.4307	170.6760	209.2209	196.4487	-12.7722	-6.5016	647.0928	687.5244	40.4317	5.8808	230.6259	5.2493	732.0611	0.6047	nan	202.3213	638.2745	92.8366	93.9163	87.1887	45.4972	70.1808	0.9317	698.0557	-10.5313	-1.5318	97.0979	5.3367	0.2415	
11637.1343	11641.5000	4.3657	0.0375	0.5505	0.5452	0.5192	0.0313	5.6902	0.0279	0.0329	-1.0388	-0.4116	3.1334	-2.7293	0.8605	2.3073	2.2369	0.0704	3.0502	0.0000	6.3333	160.7413	197.3342	193.6744	-3.6598	-1.8897	752.9257	727.4840	-25.4417	-3.4972	230.3821	5.5075	775.5220	0.6112	nan	200.7427	671.1119	92.2513	93.8057	86.5370	46.0375	70.7328	0.9399	732.1229	-4.6389	-0.6377	96.4796	6.5570	0.2386	
11624.4927	11638.8889	14.3962	0.1237	0.5768	0.6197	0.5596	0.0172	2.9780	0.0283	0.0297	2.1874	0.5284	3.3736	-3.1879	0.9398	2.5352	2.4417	0.0935	3.6870	0.0000	-1.3125	167.1046	204.8209	187.8749	-16.9460	-9.0198	849.7500	772.2278	-77.5223	-10.0388	230.5196	5.8165	826.5667	0.6165	nan	198.0905	702.9891	91.0344	93.4260	85.0498	46.6797	71.4317	0.9361	779.9950	-7.7673	-1.0058	94.8483	8.9419	0.2275	
11612.6814	11630.7500	18.0686	0.1554	0.6054	0.6279	0.6275	-0.0222	-3.6592	0.0289	0.0284	2.5514	0.7008	3.5312	-3.7175	0.9797	2.7667	2.6506	0.1162	4.1987	0.0000	0.0773	165.2651	202.4639	184.3963	-18.0677	-9.7983	877.6618	818.5963	-59.0656	-7.2155	230.7429	6.0903	879.0675	0.6255	nan	195.5531	737.3255	90.0719	93.1210	83.8759	47.4488	72.3972	0.9264	828.4106	-9.8144	-1.1989	94.2989	9.2414	0.2188	
11545.6608	11193.5000	-352.1608	-3.1461	0.6322	0.6691	0.6568	-0.0245	-3.8781	0.0317	0.0285	6.4480	1.7784	3.6119	-3.6908	0.8265	2.8533	2.7867	0.0666	2.3351	0.0000	3.5328	170.4012	208.7685	183.8510	-24.9175	-13.5531	933.0771	822.4975	-110.5796	-13.4444	230.7632	6.1251	884.3675	0.6257	nan	194.2699	741.0914	90.1024	93.0040	83.7989	48.2897	73.4942	0.9052	837.9119	-15.4144	-1.8741	94.6372	4.5437	0.2216	
10975.9183	10647.5556	-328.3628	-3.0839	0.6613	0.6497	0.6620	-0.0006	-0.0933	0.0301	0.0295	6.9489	1.9325	3.6015	-3.9603	1.0048	2.8777	2.8669	0.0107	0.3734	0.0000	4.5470	155.3792	190.4822	183.4680	-7.0142	-3.8231	850.4019	820.6978	-29.7041	-3.6194	230.5579	6.1280	882.7278	0.6248	nan	194.0312	737.3847	89.8483	92.9729	83.5347	49.1708	74.5116	0.8975	852.1251	-31.4273	-3.8293	94.5559	4.8627	0.2298	

Torque compensated Offset = 	0
Mean Torque Mainboard Error perc = 	3.9804266785064564


Step N. = 	4
Target Speed = 	9312

Speed Mainboard (rpm_M)	Speed TestBench (rpm_M)	Speed Error (rpm_M)	Speed Error %	Torque TestBench (Nm_M)	Torque Ref (Nm)	Torque MainBoard (Nm_M)	Torque MainBoard Error (Nm_M)	Torque MainBoard Error %	Flux Ref (V/rad/s)	Flux (V/rad/s)	Id * Iq (A^2)	Id (Apeak)	Iq (Apeak)	Id Rotor (Apeak)	Iq Rotor (Apeak)	IMotor Measured (Arms)	IMotor MainBoard (Arms)	IMotor Error (Arms)	IMotor Error %	Motor Current THD %	Vsdref (Vpeak)	Vsqref (Vpeak)	Vout MainBoard (Vrms)	Vout Measured (Vrms)	Vout Error (Vrms)	Vout Error %	Motor Power MainBoard (W)	Motor Power Measured (W)	Motor Power Error (W)	Motor Power Error %	Line Voltage (Vrms)	Line Current (Arms)	Line Power (W)	Line Power Factor	Bulk Ripple (V)	DC Bus Voltage (Vrms)	Motor Mechanical Power (W)	Motor Efficiency	Inverter Efficiency	Overall Efficiency	Temperature (deg C)	Estimated Temperature (deg C)	Motor cos-phi	Electrical Power Alpha-Beta [W]	Electrical Power Error [W]	Electrical Power Error [%]	Bus Voltage Usage [%]	Rotational Losses [W]	Kt [Nm/Arms]	
9303.6183	9312.0909	8.4726	0.0910	0.1853	0.1533	0.1575	0.0277	14.9644	0.0437	0.0442	-1.0124	-1.5995	0.6341	-1.7076	0.2724	1.2399	1.1763	0.0636	5.1278	0.0000	-6.8575	170.0088	208.4021	214.9701	6.5680	3.0553	178.2767	198.3982	20.1215	10.1420	230.8662	1.6762	218.1918	0.5637	nan	217.0966	180.6723	91.0657	90.9108	82.7884	40.5361	73.0850	0.4296	164.5091	33.8891	17.0814	99.0218	3.6531	0.1494	
9311.9302	9308.0000	-3.9302	-0.0422	0.2315	0.2147	0.2120	0.0195	8.4408	0.0427	0.0438	-1.2649	-1.5876	0.7992	-1.7250	0.3759	1.2929	1.2388	0.0541	4.1814	0.0000	0.3237	168.1431	205.9844	213.3773	7.3928	3.4647	200.3273	249.9225	49.5952	19.8442	230.8638	2.0829	271.7500	0.5651	nan	215.2534	225.6499	90.2965	91.9663	83.0419	40.7699	73.3446	0.5230	235.2483	14.6742	5.8715	99.1286	8.9565	0.1791	
9309.3308	9308.4444	-0.8864	-0.0095	0.2686	0.2574	0.2520	0.0166	6.1758	0.0429	0.0426	-1.5102	-1.5441	0.9780	-1.8456	0.4376	1.3264	1.2874	0.0390	2.9377	0.0000	-2.4840	170.3201	208.8144	212.5516	3.7371	1.7582	255.3595	279.0222	23.6627	8.4806	230.8641	2.3228	301.6333	0.5625	nan	214.5742	261.7821	93.8219	92.5035	86.7885	40.9979	73.5712	0.5714	274.8191	4.2031	1.5064	99.0576	1.1055	0.2025	
9304.7090	9307.0000	2.2910	0.0246	0.3034	0.2938	0.2967	0.0067	2.2118	0.0424	0.0415	-1.7348	-1.4992	1.1579	-1.8766	0.5339	1.3786	1.3288	0.0498	3.6109	0.0000	-6.8995	170.3021	208.8317	210.9534	2.1218	1.0058	312.3930	318.8700	6.4770	2.0312	230.8568	2.6306	343.2044	0.5652	nan	213.8964	295.7453	92.7485	92.9095	86.1721	41.2671	73.7756	0.6331	307.0026	11.8674	3.7217	98.6249	5.6764	0.2201	
9310.2262	9309.3333	-0.8929	-0.0096	0.3394	0.3262	0.3128	0.0266	7.8404	0.0439	0.0419	-1.7376	-1.4806	1.1759	-1.8947	0.6791	1.4319	1.3786	0.0532	3.7185	0.0000	-7.5648	170.1612	208.6704	209.3770	0.7066	0.3375	316.5597	356.1378	39.5781	11.1131	230.8306	2.9187	382.0978	0.5671	nan	212.7266	330.9156	92.9174	93.2059	86.6045	41.5198	73.9951	0.6858	353.6433	2.4945	0.7004	98.4258	6.3792	0.2371	
9307.5481	9311.2500	3.7019	0.0398	0.3738	0.3659	0.3977	-0.0239	-6.4020	0.0394	0.0401	-2.4777	-1.4624	1.7002	-2.0894	0.6589	1.4871	1.4338	0.0533	3.5850	0.0000	0.3334	163.2376	200.1762	207.7965	7.6203	3.6672	414.7008	391.1375	-23.5633	-6.0243	230.7735	3.1892	418.6275	0.5688	nan	211.5839	364.4331	93.1728	93.4332	87.0543	41.7934	74.2267	0.7308	385.2957	5.8418	1.4935	98.2103	6.3581	0.2513	
9314.3597	9312.5556	-1.8042	-0.0194	0.4086	0.3911	0.3685	0.0400	9.7984	0.0426	0.0420	-2.0212	-1.4320	1.4143	-1.9859	0.7884	1.5472	1.4925	0.0547	3.5335	0.0000	-5.4516	168.1936	206.1613	206.1190	-0.0423	-0.0205	366.8555	426.9378	60.0823	14.0728	230.7230	3.4594	456.2478	0.5716	nan	210.4893	398.4267	93.3224	93.5758	87.3271	42.0907	74.4785	0.7729	422.8909	4.0469	0.9479	97.9243	6.4607	0.2641	
9308.3649	9309.8889	1.5240	0.0164	0.4446	0.4350	0.4299	0.0146	3.2937	0.0411	0.0388	-2.3484	-1.3431	1.7517	-2.3706	0.7691	1.6110	1.5704	0.0406	2.5200	0.0000	-5.3431	161.5340	197.9854	204.4514	6.4661	3.1626	431.9481	462.4978	30.5497	6.6054	230.7211	3.7242	493.7278	0.5746	nan	209.2923	433.4101	93.7105	93.6746	87.7830	42.3847	74.7559	0.8107	457.0489	5.4489	1.1782	97.6877	5.1527	0.2760	
9319.5403	9310.7778	-8.7625	-0.0941	0.4803	0.4537	0.4778	0.0025	0.5179	0.0400	0.0398	-2.3321	-1.1871	2.0282	-2.2451	0.7565	1.6817	1.6306	0.0511	3.0388	0.0000	-3.4706	166.5267	204.1493	202.7680	-1.3813	-0.6812	512.2984	499.1967	-13.1018	-2.6246	230.7641	3.9939	532.5500	0.5778	nan	208.2051	468.3359	93.8179	93.7370	87.9421	42.7287	75.0614	0.8452	496.2360	2.9606	0.5931	97.3891	4.7437	0.2856	
9308.7912	9310.0000	1.2088	0.0130	0.5152	0.5086	0.5594	-0.0442	-8.5725	0.0361	0.0389	-2.3026	-0.8906	2.6317	-2.3758	0.9253	1.7578	1.7248	0.0330	1.8778	0.0000	-1.1820	163.6343	200.5445	201.0662	0.5218	0.2595	647.7115	536.2011	-111.5104	-20.7964	230.7830	4.2617	571.7300	0.5813	nan	206.9294	502.3114	93.6798	93.7857	87.8582	43.0932	75.4221	0.8759	539.0513	-2.8501	-0.5315	97.1670	5.3114	0.2931	
9305.8990	9310.0000	4.1010	0.0440	0.5493	0.5419	0.5402	0.0090	1.6432	0.0409	0.0356	-2.3762	-1.0794	2.2189	-2.7125	0.9242	1.8389	1.7860	0.0529	2.8794	0.0000	-8.4012	162.8706	199.8144	199.3980	-0.4164	-0.2088	554.6780	572.4525	17.7745	3.1050	230.7682	4.5206	610.3275	0.5850	nan	205.9143	535.4865	93.5425	93.7943	87.7376	43.4807	75.7842	0.9013	571.1853	1.2672	0.2214	96.8359	5.6413	0.2987	
9305.1630	9312.8889	7.7259	0.0830	0.5849	0.5776	0.5813	0.0036	0.6176	0.0398	0.0392	-2.0035	-0.8651	2.4415	-2.4319	1.0258	1.9310	1.8788	0.0522	2.7054	0.0000	-4.9614	162.3181	198.9170	197.6889	-1.2281	-0.6212	600.9258	610.3500	9.4242	1.5441	230.7276	4.7845	650.7533	0.5895	nan	204.7253	570.4091	93.4560	93.7913	87.6536	43.8852	76.1854	0.9231	607.4048	2.9452	0.4825	96.5637	5.3446	0.3029	
9306.8482	9310.7778	3.9296	0.0422	0.6203	0.6113	0.6152	0.0051	0.8247	0.0372	0.0359	-2.0391	-0.7501	2.7586	-2.9118	1.0026	2.0339	1.9824	0.0514	2.5295	0.0000	-5.4832	157.9866	193.6293	196.0341	2.4048	1.2267	659.7439	648.2222	-11.5217	-1.7774	230.7076	5.0411	691.1978	0.5943	nan	203.5183	604.8390	93.3075	93.7825	87.5060	44.3466	76.6503	0.9387	641.2525	6.9697	1.0752	96.3234	4.9333	0.3050	
9309.8352	9311.7778	1.9425	0.0209	0.6547	0.6422	0.6876	-0.0329	-5.0321	0.0344	0.0409	0.7275	0.1819	3.3321	-2.5904	1.0793	2.1580	2.0945	0.0635	2.9408	0.0000	8.7953	151.5054	186.4858	194.5042	8.0184	4.1225	756.5886	688.8778	-67.7108	-9.8291	230.7329	5.3074	734.9222	0.6001	nan	202.3515	638.3831	92.6700	93.7348	86.8641	44.8448	77.1842	0.9476	689.8648	-0.9871	-0.1433	96.1227	7.1233	0.3034	
9298.8760	9304.5000	5.6240	0.0604	0.6907	0.6969	0.6611	0.0297	4.2973	0.0370	0.0392	0.0016	-0.1117	2.9974	-2.9410	1.0926	2.3586	2.2315	0.1272	5.3909	0.0000	1.3614	161.1218	197.5394	190.5267	-7.0127	-3.6807	724.4186	731.0650	6.6464	0.9091	230.7545	5.5837	781.8750	0.6068	nan	200.8370	673.0415	92.0663	93.5018	86.0838	45.3865	77.8218	0.9393	732.4788	-1.4138	-0.1934	94.8675	6.0993	0.2929	
9290.4303	9312.0000	21.5697	0.2316	0.7237	0.6074	0.6709	0.0528	7.2957	0.0352	0.0346	2.6446	0.7187	3.1867	-3.5762	1.2665	2.6136	2.4298	0.1838	7.0340	0.0000	-1.8466	158.8014	194.5741	186.0273	-8.5468	-4.5944	762.1261	778.7867	16.6606	2.1393	230.7393	5.8587	835.3467	0.6179	nan	198.2401	705.6836	90.6141	93.2293	84.4789	46.0533	78.5741	0.9248	766.7904	11.9962	1.5404	93.8424	9.1775	0.2769	
9260.4626	9150.2727	-110.1899	-1.2042	0.7605	0.7245	0.7290	0.0314	4.1324	0.0342	0.0357	4.9090	1.3854	3.4570	-3.6430	1.2374	2.9445	2.7549	0.1896	6.4386	0.0000	4.9680	152.8402	187.5154	182.6684	-4.8471	-2.6535	800.9788	818.8636	17.8848	2.1841	230.7019	6.1019	882.3027	0.6268	nan	195.4272	728.6754	88.9862	92.8098	82.5879	46.9036	79.7194	0.8790	822.5562	-3.6925	-0.4509	93.4754	8.7799	0.2583	
9000.4466	8694.4444	-306.0021	-3.5195	0.8007	0.8066	0.7747	0.0259	3.2399	0.0355	0.0345	7.9216	2.1300	3.6940	-3.9624	1.2993	2.9709	2.9400	0.0309	1.0399	0.0000	-3.9372	172.8192	211.7967	182.5880	-29.2087	-15.9971	945.6446	820.6711	-124.9735	-15.2282	230.6758	6.1148	883.9922	0.6267	nan	194.0794	728.9905	88.8288	92.8369	82.4659	47.9258	81.3343	0.8735	846.9324	-26.2613	-3.2000	94.0790	8.4707	0.2695	

Torque compensated Offset = 	0
Mean Torque Mainboard Error perc = 	3.0715149912278634


Step N. = 	5
Target Speed = 	6984

Speed Mainboard (rpm_M)	Speed TestBench (rpm_M)	Speed Error (rpm_M)	Speed Error %	Torque TestBench (Nm_M)	Torque Ref (Nm)	Torque MainBoard (Nm_M)	Torque MainBoard Error (Nm_M)	Torque MainBoard Error %	Flux Ref (V/rad/s)	Flux (V/rad/s)	Id * Iq (A^2)	Id (Apeak)	Iq (Apeak)	Id Rotor (Apeak)	Iq Rotor (Apeak)	IMotor Measured (Arms)	IMotor MainBoard (Arms)	IMotor Error (Arms)	IMotor Error %	Motor Current THD %	Vsdref (Vpeak)	Vsqref (Vpeak)	Vout MainBoard (Vrms)	Vout Measured (Vrms)	Vout Error (Vrms)	Vout Error %	Motor Power MainBoard (W)	Motor Power Measured (W)	Motor Power Error (W)	Motor Power Error %	Line Voltage (Vrms)	Line Current (Arms)	Line Power (W)	Line Power Factor	Bulk Ripple (V)	DC Bus Voltage (Vrms)	Motor Mechanical Power (W)	Motor Efficiency	Inverter Efficiency	Overall Efficiency	Temperature (deg C)	Estimated Temperature (deg C)	Motor cos-phi	Electrical Power Alpha-Beta [W]	Electrical Power Error [W]	Electrical Power Error [%]	Bus Voltage Usage [%]	Rotational Losses [W]	Kt [Nm/Arms]	
6979.5315	6979.8182	0.2867	0.0041	0.1785	0.1506	0.1446	0.0339	18.9933	0.0592	0.0582	-0.3662	-0.9381	0.3926	-1.0429	0.3283	0.7808	0.7220	0.0588	7.5285	0.0000	-5.2304	171.0139	209.6033	214.1446	4.5413	2.1207	108.0418	141.1273	33.0855	23.4437	230.8645	1.2007	156.9255	0.5659	nan	217.1566	130.4433	92.4975	89.8982	83.1505	40.2431	69.9666	0.4867	119.8316	21.2956	15.0897	98.6143	5.1103	0.2286	
6974.2214	6984.3333	10.1119	0.1448	0.2482	0.2532	0.2550	-0.0067	-2.7170	0.0572	0.0587	-0.7627	-1.0077	0.7538	-1.0320	0.4395	0.8607	0.8287	0.0320	3.7177	0.0000	-4.1104	169.2935	207.4593	212.6961	5.2368	2.4621	197.5679	195.0144	-2.5534	-1.3093	230.8782	1.6285	213.3211	0.5674	nan	215.4495	181.5494	93.1012	91.4168	85.1096	40.3481	70.0535	0.6150	190.0220	4.9924	2.5600	98.7222	6.6891	0.2884	
6977.7917	6982.7778	4.9861	0.0714	0.3001	0.3018	0.2915	0.0086	2.8731	0.0576	0.0566	-0.8372	-0.9692	0.8518	-1.2145	0.5477	0.9264	0.8905	0.0359	3.8703	0.0000	-3.7575	165.7485	203.1217	211.7063	8.5846	4.0550	216.3047	234.6878	18.3831	7.8330	230.8754	1.9528	254.4111	0.5643	nan	215.1000	219.4520	93.5097	92.2470	86.2598	40.4488	70.1670	0.6909	229.7187	4.9691	2.1173	98.4225	7.3830	0.3240	
6978.9180	6985.0000	6.0820	0.0871	0.3527	0.3523	0.3483	0.0043	1.2307	0.0561	0.0561	-1.0232	-0.9867	1.0371	-1.3105	0.6580	0.9953	0.9675	0.0278	2.7930	0.0000	-0.1341	166.4822	204.0136	210.4714	6.4578	3.0683	258.7308	271.5411	12.8103	4.7176	230.8614	2.2497	292.6733	0.5635	nan	214.3783	257.9649	95.0002	92.7795	88.1407	40.5955	70.3024	0.7484	268.6186	2.9225	1.0763	98.1777	4.5062	0.3543	
6979.0165	6985.6250	6.6085	0.0946	0.4025	0.4067	0.3833	0.0192	4.7818	0.0557	0.0548	-1.1029	-1.0442	1.0904	-1.4097	0.8042	1.0751	1.0444	0.0307	2.8575	0.0000	-2.0315	169.8109	208.0627	208.9376	0.8749	0.4187	282.1287	310.9413	28.8126	9.2662	230.8478	2.5593	333.8700	0.5651	nan	213.2895	294.4419	94.6943	93.1324	88.1909	40.7432	70.4635	0.7992	313.7598	-2.8186	-0.9065	97.9597	5.9099	0.3744	
6977.7749	6984.7143	6.9394	0.0994	0.4539	0.4608	0.4938	-0.0399	-8.7933	0.0577	0.0560	-0.9375	-0.6587	1.4148	-1.2935	0.9946	1.1638	1.1317	0.0320	2.7503	0.0000	-6.3428	174.0279	213.3183	207.1884	-6.1298	-2.9586	375.3288	351.6314	-23.6974	-6.7393	230.8243	2.8735	376.6071	0.5678	nan	212.1064	331.9685	94.4079	93.3682	88.1470	40.9429	70.6435	0.8420	361.1389	-9.5075	-2.7038	97.6814	7.2447	0.3900	
6980.7610	6983.7778	3.0167	0.0432	0.5062	0.5040	0.4440	0.0622	12.2832	0.0585	0.0562	-1.0410	-0.8333	1.2495	-1.4179	1.0541	1.2541	1.2158	0.0382	3.0478	0.0000	-0.6170	169.6795	207.8971	205.4533	-2.4437	-1.1894	318.9985	390.8044	71.8059	18.3739	230.8136	3.1732	417.7344	0.5704	nan	211.0450	370.2204	94.7328	93.5533	88.6257	41.1444	70.8603	0.8757	395.5114	-4.7069	-1.2044	97.3507	6.1522	0.4037	
6970.5641	6982.8889	12.3248	0.1765	0.5566	0.5704	0.5577	-0.0011	-0.2027	0.0536	0.0530	-1.4839	-0.8519	1.7438	-1.8099	0.9902	1.3512	1.3144	0.0368	2.7238	0.0000	-5.3733	157.2591	192.7376	203.6123	10.8748	5.3409	418.1880	430.5933	12.4053	2.8810	230.7741	3.4746	459.6989	0.5733	nan	209.6892	406.9792	94.5161	93.6686	88.5318	41.3841	71.1206	0.9036	429.4750	1.1184	0.2597	97.1021	6.8431	0.4119	
6979.2363	6981.5556	2.3193	0.0332	0.6074	0.6109	0.5544	0.0531	8.7341	0.0562	0.0541	-1.1850	-0.7306	1.6304	-1.6803	1.2209	1.4550	1.4207	0.0344	2.3609	0.0000	0.4045	164.7538	201.8129	201.6238	-0.1891	-0.0938	400.7156	470.5989	69.8833	14.8499	230.6559	3.7751	502.1189	0.5767	nan	208.2316	444.1067	94.3708	93.7226	88.4467	41.6915	71.4194	0.9261	477.4076	-6.8087	-1.4468	96.8267	7.0214	0.4175	
6982.1058	6983.8889	1.7831	0.0255	0.6590	0.6559	0.6056	0.0534	8.1076	0.0552	0.0552	-1.2451	-0.6859	1.8145	-1.6358	1.2033	1.5652	1.5372	0.0280	1.7890	0.0000	-6.1330	165.9667	203.4525	199.5358	-3.9167	-1.9629	456.0913	510.6100	54.5187	10.6772	230.4616	4.0761	544.6789	0.5798	nan	206.6774	481.9600	94.3891	93.7451	88.4852	42.0020	71.7630	0.9439	514.3502	-3.7402	-0.7325	96.5446	6.0908	0.4210	
6978.5684	6983.7500	5.1816	0.0742	0.7095	0.7162	0.8452	-0.1357	-19.1264	0.0482	0.0541	0.1715	0.0552	3.0610	-1.8097	1.3117	1.6848	1.6675	0.0173	1.0280	0.0000	-1.6656	171.4194	209.9673	197.5443	-12.4230	-6.2887	786.9760	552.0575	-234.9185	-42.5533	230.3938	4.3834	588.9625	0.5832	nan	205.1938	518.8834	93.9908	93.7339	88.1012	42.3552	72.1483	0.9577	567.3717	-15.3142	-2.7740	96.2721	6.9982	0.4211	
6979.7015	6980.6250	0.9235	0.0132	0.7609	0.7626	0.7989	-0.0381	-5.0028	0.0522	0.0546	-0.3005	-0.1664	2.5865	-1.8853	1.3768	1.8123	1.7795	0.0328	1.8084	0.0000	-4.7566	162.9110	199.6469	195.7978	-3.8491	-1.9659	637.0946	593.9725	-43.1221	-7.2599	230.4536	4.6862	633.9312	0.5870	nan	204.0453	556.2072	93.6419	93.6967	87.7394	42.7337	72.5956	0.9664	598.8678	-4.8953	-0.8242	95.9583	7.4326	0.4198	
6982.0589	6982.5556	0.4967	0.0071	0.8131	0.8140	0.8154	-0.0023	-0.2824	0.0506	0.0511	-0.7834	-0.2925	2.6849	-2.4615	1.3582	1.9504	1.9303	0.0202	1.0343	0.0000	-5.2233	157.4203	192.9128	194.1757	1.2629	0.6504	636.4998	636.0189	-0.4809	-0.0756	230.5469	4.9850	679.2033	0.5910	nan	202.7519	594.5562	93.4809	93.6419	87.5373	43.1946	73.1230	0.9696	637.1980	-1.1791	-0.1854	95.7701	6.2638	0.4169	
6981.5268	6980.8889	-0.6379	-0.0091	0.8628	0.8667	1.0096	-0.1469	-17.0207	0.0555	0.0488	2.6385	0.8232	3.1318	-2.6182	1.5386	2.1093	2.0896	0.0196	0.9313	0.0000	-3.2405	174.0442	213.2603	192.6547	-20.6056	-10.6956	814.1280	679.6878	-134.4402	-19.7797	230.6674	5.2842	726.3567	0.5959	nan	201.5506	630.7224	92.7960	93.5749	86.8338	43.6978	73.7442	0.9657	705.1825	-25.4947	-3.7509	95.5862	7.7186	0.4090	
6984.8391	6981.0000	-3.8391	-0.0550	0.9133	0.9139	1.0129	-0.0996	-10.9093	0.0490	0.0499	7.4766	2.0240	3.6715	-2.5912	1.4871	2.3235	2.3001	0.0234	1.0066	0.0000	2.2712	164.1125	201.4186	190.8667	-10.5518	-5.5284	907.5539	726.4288	-181.1251	-24.9336	230.7625	5.5888	777.3712	0.6028	nan	200.5825	667.6299	91.9057	93.4468	85.8830	44.3378	74.5211	0.9457	742.8084	-16.3796	-2.2548	95.1565	8.6183	0.3930	
6958.4493	6978.0000	19.5507	0.2802	0.9625	1.1164	1.1216	-0.1591	-16.5247	0.0558	0.0489	6.7533	1.9290	3.4351	-3.2896	1.5650	2.7560	2.7410	0.0150	0.5439	0.0000	-3.1899	177.0079	216.8596	184.3005	-32.5591	-17.6663	901.4696	784.7625	-116.7071	-14.8717	230.7935	5.9098	844.0150	0.6188	nan	196.3746	703.3316	89.6242	92.9797	83.3324	45.0764	75.5603	0.8920	805.0947	-20.3322	-2.5909	93.8518	10.6256	0.3492	
6836.2857	6771.5556	-64.7302	-0.9559	1.0178	1.0688	0.9825	0.0353	3.4709	0.0434	0.0504	8.7034	2.3571	3.6992	-3.9066	1.7269	3.1355	3.0344	0.1011	3.2245	0.0000	13.4032	135.2178	166.5915	181.8230	15.2315	8.3771	800.2493	825.2511	25.0018	3.0296	230.7580	6.1497	891.6089	0.6283	nan	194.2413	721.7209	87.4547	92.5575	80.9459	46.1459	77.1960	0.8357	855.2165	-29.9654	-3.6311	93.6084	11.4905	0.3246	
6514.0148	6410.7778	-103.2370	-1.6104	1.0729	1.1361	0.9450	0.1278	11.9163	0.0432	0.0509	8.5067	2.3742	3.5979	-4.0061	1.6834	3.1751	3.1567	0.0183	0.5777	0.0000	11.3693	131.8576	163.0298	181.7180	18.6882	10.2842	749.2052	827.0589	77.8537	9.4133	230.6993	6.1678	893.7156	0.6281	nan	193.8547	720.2617	87.0871	92.5416	80.5918	47.3901	79.0882	0.8276	855.4776	-28.4187	-3.4361	93.7393	11.9593	0.3379	

Torque compensated Offset = 	0
Mean Torque Mainboard Error perc = 	-0.45491053481905896


Step N. = 	6
Target Speed = 	4190

Speed Mainboard (rpm_M)	Speed TestBench (rpm_M)	Speed Error (rpm_M)	Speed Error %	Torque TestBench (Nm_M)	Torque Ref (Nm)	Torque MainBoard (Nm_M)	Torque MainBoard Error (Nm_M)	Torque MainBoard Error %	Flux Ref (V/rad/s)	Flux (V/rad/s)	Id * Iq (A^2)	Id (Apeak)	Iq (Apeak)	Id Rotor (Apeak)	Iq Rotor (Apeak)	IMotor Measured (Arms)	IMotor MainBoard (Arms)	IMotor Error (Arms)	IMotor Error %	Motor Current THD %	Vsdref (Vpeak)	Vsqref (Vpeak)	Vout MainBoard (Vrms)	Vout Measured (Vrms)	Vout Error (Vrms)	Vout Error %	Motor Power MainBoard (W)	Motor Power Measured (W)	Motor Power Error (W)	Motor Power Error %	Line Voltage (Vrms)	Line Current (Arms)	Line Power (W)	Line Power Factor	Bulk Ripple (V)	DC Bus Voltage (Vrms)	Motor Mechanical Power (W)	Motor Efficiency	Inverter Efficiency	Overall Efficiency	Temperature (deg C)	Estimated Temperature (deg C)	Motor cos-phi	Electrical Power Alpha-Beta [W]	Electrical Power Error [W]	Electrical Power Error [%]	Bus Voltage Usage [%]	Rotational Losses [W]	Kt [Nm/Arms]	
4187.2388	4187.7273	0.4885	0.0117	0.1778	0.2004	0.2210	-0.0432	-24.2917	0.0877	0.0877	0.1165	0.2625	0.4398	0.2871	0.3791	0.3530	0.3566	-0.0036	-1.0074	0.0000	0.5296	152.8286	187.2250	189.9428	2.7178	1.4309	101.1081	85.6291	-15.4790	-18.0768	230.6844	0.7544	98.7709	0.5674	nan	216.0988	77.9831	91.1622	86.6203	78.9588	40.5404	65.5451	0.7350	87.5639	-1.9348	-2.2595	87.8963	6.5052	0.5037	
4194.1186	4190.0000	-4.1186	-0.0983	0.2900	0.2945	0.3194	-0.0294	-10.1501	0.0882	0.0880	0.2646	0.4462	0.5967	0.2403	0.6563	0.4911	0.4856	0.0055	1.1265	0.0000	1.7335	155.3025	190.2190	191.2203	1.0014	0.5237	140.2308	138.5367	-1.6941	-1.2229	230.4963	1.1711	154.8400	0.5737	nan	215.2989	127.2449	91.8583	89.4697	82.1845	40.4603	65.4975	0.8517	138.0260	0.5106	0.3686	88.8163	9.0848	0.5905	
4182.6388	4191.3333	8.6946	0.2074	0.3849	0.4249	0.4068	-0.0219	-5.6806	0.0892	0.0892	0.3388	0.4336	0.7801	0.1819	0.8821	0.6261	0.6153	0.0108	1.7289	0.0000	-0.5701	155.9834	191.1721	194.2943	3.1223	1.6070	182.1373	182.2867	0.1494	0.0819	230.7489	1.5237	200.8222	0.5712	nan	215.2109	168.9337	92.6754	90.7700	84.1212	40.4332	65.5303	0.8651	181.5982	0.6884	0.3777	90.2810	9.7656	0.6147	
4196.8534	4191.4444	-5.4090	-0.1290	0.4794	0.4846	0.5171	-0.0376	-7.8525	0.0903	0.0900	0.3712	0.3918	0.9451	0.1144	0.9807	0.7610	0.7513	0.0096	1.2668	0.0000	1.7334	160.7011	196.8779	197.5341	0.6562	0.3322	228.5514	225.7433	-2.8081	-1.2439	230.8882	1.8759	246.1300	0.5683	nan	214.7379	210.4409	93.2215	91.7171	85.4999	40.4792	65.6260	0.8670	226.0294	-0.2860	-0.1267	91.9885	10.0025	0.6300	
4189.9062	4186.6250	-3.2812	-0.0784	0.5716	0.5959	0.5732	-0.0016	-0.2785	0.0912	0.0921	0.7258	0.6940	1.0521	0.1177	1.2691	0.8926	0.8848	0.0078	0.8794	0.0000	4.0995	161.5469	197.9322	200.3286	2.3964	1.1962	259.2461	269.2912	10.0452	3.7302	230.6814	2.2242	291.6113	0.5684	nan	213.6048	250.6132	93.0642	92.3459	85.9409	40.5146	65.7765	0.8695	270.7832	-1.4919	-0.5540	93.7847	11.3846	0.6404	
4188.1771	4190.0000	1.8229	0.0435	0.6650	0.6960	0.6653	-0.0003	-0.0496	0.0923	0.0908	0.8058	0.6722	1.2018	0.1470	1.4627	1.0252	1.0169	0.0083	0.8062	0.0000	-2.0276	161.7973	198.1820	202.2370	4.0550	2.0051	289.6346	313.3050	23.6704	7.5551	230.4497	2.5738	337.7075	0.5694	nan	212.2548	291.7858	93.1317	92.7741	86.4020	40.6425	65.9653	0.8725	314.0648	-0.7598	-0.2425	95.2803	11.8945	0.6487	
4192.9347	4190.5000	-2.4347	-0.0581	0.7576	0.7752	0.8101	-0.0525	-6.9259	0.0896	0.0926	0.8640	0.5647	1.5318	-0.0120	1.5590	1.1562	1.1511	0.0051	0.4385	0.0000	6.7881	153.4152	188.1781	202.8332	14.6552	7.2252	357.7212	356.6125	-1.1087	-0.3109	230.7271	2.9058	383.3325	0.5718	nan	211.4256	332.4673	93.2293	93.0296	86.7308	40.8024	66.2021	0.8779	357.1347	-0.5222	-0.1464	95.9360	11.8943	0.6553	
4187.4333	4189.3750	1.9417	0.0463	0.8504	0.8769	0.9104	-0.0600	-7.0547	0.0880	0.0914	0.9278	0.5393	1.7188	-0.1022	1.6678	1.2896	1.2888	0.0008	0.0595	0.0000	4.2905	154.8938	189.9896	202.4218	12.4321	6.1417	402.6481	400.1300	-2.5181	-0.6293	230.8082	3.2331	429.2575	0.5752	nan	210.1266	373.0683	93.2370	93.2144	86.9103	41.0231	66.4955	0.8850	400.0727	0.0573	0.0143	96.3332	11.8082	0.6594	
4199.8070	4188.8889	-10.9181	-0.2606	0.9440	0.9400	0.9948	-0.0508	-5.3803	0.0828	0.0894	1.4962	0.7633	1.9610	-0.3656	1.9102	1.4295	1.4323	-0.0027	-0.1920	0.0000	20.3914	147.9462	182.9297	200.6962	17.7666	8.8525	458.5985	444.6356	-13.9630	-3.1403	230.5143	3.5703	476.4711	0.5789	nan	208.3894	414.0945	93.1312	93.3185	86.9087	41.2494	66.8446	0.8948	446.6998	-2.0642	-0.4643	96.3083	11.7804	0.6604	
4198.1899	4191.0000	-7.1899	-0.1716	1.0377	1.0363	1.1249	-0.0871	-8.3934	0.0819	0.0848	2.0111	0.8372	2.3886	-0.8053	2.0955	1.5788	1.5808	-0.0019	-0.1229	0.0000	0.9988	175.2167	214.7095	198.7723	-15.9372	-8.0178	628.1916	489.4550	-138.7366	-28.3451	230.4117	3.9030	524.2700	0.5830	nan	206.7863	455.4482	93.0521	93.3593	86.8728	41.5792	67.2502	0.9005	493.6807	-4.2257	-0.8634	96.1245	11.0917	0.6573	
4184.0589	4189.2222	5.1634	0.1233	1.1297	1.1688	1.3668	-0.2372	-20.9951	0.0879	0.0855	3.1030	1.1449	2.7225	-1.0190	2.2380	1.7422	1.7452	-0.0029	-0.1692	0.0000	8.3836	166.7999	204.9281	196.7721	-8.1560	-4.1449	698.0887	535.2711	-162.8176	-30.4178	230.5020	4.2378	573.5133	0.5871	nan	205.3194	495.5783	92.5846	93.3319	86.4110	41.9587	67.7383	0.9015	544.5121	-9.2410	-1.7264	95.8371	11.7474	0.6484	
4196.5682	4188.7778	-7.7904	-0.1860	1.2228	1.2311	1.2353	-0.0125	-1.0234	0.0815	0.0916	3.0042	1.2012	2.4863	-0.6752	2.2300	1.9250	1.9250	-0.0001	-0.0037	0.0000	6.8447	154.7655	190.0326	194.2833	4.2508	2.1879	592.0106	582.2511	-9.7595	-1.6762	230.5952	4.5840	624.3100	0.5906	nan	203.8498	536.3688	92.1198	93.2631	85.9138	42.4287	68.3355	0.8989	584.1865	-1.9354	-0.3324	95.3071	11.7020	0.6352	
4179.4541	4190.5000	11.0459	0.2636	1.3163	1.3813	1.2647	0.0516	3.9187	0.0940	0.0846	2.5368	1.1409	2.2408	-1.2578	2.9134	2.1414	2.1402	0.0012	0.0562	0.0000	-12.1180	172.5653	211.8903	191.2200	-20.6703	-10.8097	560.1826	631.5625	71.3799	11.3021	230.6455	4.9536	678.0900	0.5935	nan	202.3368	577.6075	91.4569	93.1385	85.1816	42.9579	69.0886	0.8905	634.3140	-2.7515	-0.4357	94.5058	11.5682	0.6147	
4200.8900	4188.8571	-12.0329	-0.2873	1.4074	1.4329	1.4125	-0.0051	-0.3595	0.0855	0.0855	2.7389	0.9989	2.7302	-1.6339	2.7393	2.4386	2.4429	-0.0043	-0.1743	0.0000	-0.6958	174.7359	214.5823	186.7690	-27.8133	-14.8918	710.9520	685.1757	-25.7763	-3.7620	230.6331	5.3643	737.4657	0.5961	nan	200.8231	617.3772	90.1050	92.9095	83.7161	43.5646	70.0136	0.8685	681.3041	3.8717	0.5651	93.0018	12.6934	0.5771	
4199.6129	4184.5556	-15.0573	-0.3598	1.4998	1.3299	1.2525	0.2473	16.4864	0.0620	0.0747	9.2152	2.7903	3.3337	-3.6932	2.6822	2.8818	2.8996	-0.0178	-0.6171	0.0000	38.7233	110.3241	143.6055	182.1708	38.5653	21.1699	707.8519	748.2200	40.3681	5.3952	230.5322	5.7940	808.6167	0.6054	nan	198.1746	657.2113	87.8395	92.5315	81.2797	44.4611	71.4910	0.8231	762.6994	-14.4794	-1.9352	91.9274	13.7778	0.5204	
4150.3283	4164.4444	14.1162	0.3390	1.5960	1.6797	1.7073	-0.1113	-6.9709	0.0749	0.0717	13.8523	3.6065	3.8384	-3.2353	2.8215	3.3115	3.3046	0.0068	0.2066	0.0000	15.4225	156.8608	195.5054	180.3368	-15.1687	-8.4113	1011.5326	812.0344	-199.4982	-24.5677	230.4231	6.1861	881.3467	0.6183	nan	194.1542	696.0134	85.7124	92.1356	78.9717	45.6853	73.7068	0.7851	829.7157	-17.6813	-2.1774	92.8833	13.5485	0.4820	

Torque compensated Offset = 	0
Mean Torque Mainboard Error perc = 	-5.312575878142987


