sBPM_OrcaH34_Dyno_Curves_Low_Speed_Static_Curve_680rpm__230Vac_50C_20240805_115519
Report created on: 2024/08/05: 12:10:49


Step N. = 	0
Target Speed = 	680

Speed Mainboard (rpm_M)	Speed TestBench (rpm_M)	Speed Error (rpm_M)	Speed Error %	Torque TestBench (Nm_M)	Torque Ref (Nm)	Torque MainBoard (Nm_M)	Torque MainBoard Error (Nm_M)	Torque MainBoard Error %	Flux Ref (V/rad/s)	Flux (V/rad/s)	Id * Iq (A^2)	Id (Apeak)	Iq (Apeak)	Id Rotor (Apeak)	Iq Rotor (Apeak)	IMotor Measured (Arms)	IMotor MainBoard (Arms)	IMotor Error (Arms)	IMotor Error %	Motor Current THD %	Vsdref (Vpeak)	Vsqref (Vpeak)	Vout MainBoard (Vrms)	Vout Measured (Vrms)	Vout Error (Vrms)	Vout Error %	Motor Power MainBoard (W)	Motor Power Measured (W)	Motor Power Error (W)	Motor Power Error %	Line Voltage (Vrms)	Line Current (Arms)	Line Power (W)	Line Power Factor	Bulk Ripple (V)	DC Bus Voltage (Vrms)	Motor Mechanical Power (W)	Motor Efficiency	Inverter Efficiency	Overall Efficiency	Temperature (deg C)	Estimated Temperature (deg C)	Motor cos-phi	Electrical Power Alpha-Beta [W]	Electrical Power Error [W]	Electrical Power Error [%]	Bus Voltage Usage [%]	Rotational Losses [W]	Kt [Nm/Arms]	
668.1308	667.4000	-0.7308	-0.1095	3.0998	3.2448	3.3225	-0.2227	-7.1837	0.1453	0.1456	16.2235	4.2594	3.8086	-3.2772	4.6332	4.0488	4.0592	-0.0104	-0.2579	0.0000	26.6796	68.2459	89.7806	89.6406	-0.1400	-0.1562	560.6346	565.2320	4.5974	0.8134	230.0616	4.5569	637.4840	0.6081	nan	201.5629	216.6449	38.3300	88.6655	33.9853	50.7987	81.8312	0.8991	573.0941	-7.8621	-1.3910	44.4728	49.9840	0.7656	
683.2856	677.8462	-5.4394	-0.8025	2.9999	3.1322	3.1604	-0.1605	-5.3503	0.1463	0.1422	15.7500	4.3419	3.6281	-3.1539	4.5941	3.9074	3.9188	-0.0114	-0.2917	0.0000	31.5201	69.6288	93.6621	91.2165	-2.4456	-2.6811	583.8142	559.5254	-24.2889	-4.3410	230.2831	4.5335	626.9792	0.6006	nan	202.3697	212.9462	38.0592	89.2412	33.9644	61.6461	101.2347	0.9064	568.3192	-8.7939	-1.5717	45.0742	57.4572	0.7678	
684.8749	679.6154	-5.2595	-0.7739	2.8992	3.0143	3.0808	-0.1816	-6.2643	0.1412	0.1404	14.2629	3.8887	3.6627	-2.9530	4.4276	3.7752	3.7863	-0.0111	-0.2950	0.0000	31.0365	68.1172	91.7789	91.6592	-0.1196	-0.1305	556.9276	546.4392	-10.4884	-1.9194	230.5801	4.4431	610.3115	0.5957	nan	203.3463	206.3303	37.7597	89.5344	33.8078	72.0239	117.5956	0.9117	551.2435	-4.8043	-0.8792	45.0754	60.3867	0.7680	
675.3638	681.2500	5.8862	0.8640	2.7994	2.9581	2.9221	-0.1227	-4.3816	0.1378	0.1386	13.1225	3.7114	3.5366	-2.8111	4.3294	3.6437	3.6540	-0.0104	-0.2854	0.0000	30.6911	68.4467	92.0012	91.3183	-0.6829	-0.7478	535.1458	527.9608	-7.1849	-1.3609	230.6794	4.3139	588.3958	0.5913	nan	204.3498	199.7112	37.8271	89.7288	33.9418	81.6032	131.3773	0.9161	532.2976	-4.3368	-0.8214	44.6873	59.2231	0.7683	
687.6528	680.9091	-6.7437	-0.9904	2.6989	2.7274	2.8088	-0.1099	-4.0724	0.1360	0.1360	12.6084	3.6714	3.4339	-2.3991	4.2053	3.5140	3.5247	-0.0107	-0.3049	0.0000	29.7902	68.0341	91.0884	90.4722	-0.6162	-0.6811	515.6087	506.1891	-9.4196	-1.8609	230.3965	4.1656	563.6136	0.5873	nan	204.9582	192.4447	38.0185	89.8114	34.1449	89.8073	142.4014	0.9193	512.8979	-6.7088	-1.3253	44.1418	56.7897	0.7680	
688.3977	679.4000	-8.9977	-1.3244	2.5992	2.5901	2.6854	-0.0862	-3.3153	0.1327	0.1320	11.6773	3.4432	3.3941	-2.5192	4.1158	3.3846	3.3948	-0.0101	-0.2998	0.0000	28.7491	67.6434	90.1327	89.1571	-0.9756	-1.0943	494.1251	481.5520	-12.5731	-2.6109	229.9883	3.9967	535.8760	0.5830	nan	205.4268	184.9242	38.4017	89.8626	34.5088	96.4015	150.5828	0.9213	486.0599	-4.5079	-0.9361	43.4009	53.2204	0.7679	
675.6620	680.6667	5.0046	0.7353	2.4993	2.5613	2.5259	-0.0266	-1.0658	0.1308	0.1306	10.6009	3.3081	3.2033	-2.3497	3.9829	3.2585	3.2694	-0.0109	-0.3347	0.0000	27.6297	66.0278	87.7126	87.5882	-0.1244	-0.1421	454.5279	456.1550	1.6271	0.3567	229.8619	3.8194	507.5850	0.5782	nan	206.3207	178.1446	39.0535	89.8677	35.0965	101.8511	156.8717	0.9228	459.8669	-3.7119	-0.8137	42.4524	48.5620	0.7670	
670.2366	680.0000	9.7634	1.4358	2.4002	2.4808	2.4140	-0.0138	-0.5739	0.1272	0.1291	9.8141	3.1137	3.1560	-2.1099	3.8673	3.1334	3.1430	-0.0096	-0.3050	0.0000	26.2244	65.2850	86.2178	85.7990	-0.4188	-0.4881	432.2109	430.0636	-2.1473	-0.4993	229.9112	3.6300	478.5836	0.5734	nan	207.3777	170.9156	39.7420	89.8617	35.7128	106.3105	161.4965	0.9236	434.6237	-4.5601	-1.0603	41.3733	44.0636	0.7660	
672.0933	680.9091	8.8158	1.2947	2.2999	2.3484	2.2743	0.0256	1.1143	0.1262	0.1261	9.1633	3.0533	3.0008	-1.9569	3.7838	3.0100	3.0192	-0.0092	-0.3045	0.0000	25.9412	63.7181	84.2946	83.8207	-0.4739	-0.5654	405.7144	403.8191	-1.8953	-0.4694	230.0714	3.4391	449.5436	0.5681	nan	208.5929	163.9943	40.6108	89.8287	36.4802	109.5800	164.3608	0.9241	406.6398	-2.8207	-0.6985	40.1839	39.3777	0.7641	
680.0193	678.6364	-1.3829	-0.2038	2.1997	2.1722	2.1756	0.0241	1.0952	0.1234	0.1233	8.4539	2.8593	2.9597	-1.7530	3.6225	2.8853	2.8954	-0.0100	-0.3482	0.0000	24.1506	61.5278	81.0081	81.6654	0.6573	0.8049	376.8785	377.2255	0.3470	0.0920	230.2969	3.2418	420.2945	0.5630	nan	209.8349	156.3271	41.4413	89.7527	37.1947	112.1157	165.9028	0.9243	379.4523	-2.2268	-0.5903	38.9189	35.3066	0.7624	
673.7290	680.4167	6.6877	0.9829	2.1008	2.1125	2.0638	0.0369	1.7576	0.1215	0.1213	7.6535	2.7152	2.8202	-1.6819	3.5661	2.7602	2.7684	-0.0082	-0.2954	0.0000	23.2287	61.1802	80.1828	79.3831	-0.7998	-1.0075	353.7260	350.7800	-2.9460	-0.8398	230.4344	3.0459	391.3158	0.5575	nan	211.0669	149.6849	42.6720	89.6412	38.2517	113.8792	166.2500	0.9243	353.6719	-2.8919	-0.8244	37.6104	30.3543	0.7611	
681.4688	678.5455	-2.9234	-0.4308	2.0005	1.9465	1.9461	0.0543	2.7156	0.1183	0.1187	6.8112	2.4998	2.7282	-1.4775	3.4349	2.6359	2.6449	-0.0090	-0.3406	0.0000	22.2338	59.1663	77.4312	77.0153	-0.4160	-0.5401	325.4643	324.9182	-0.5462	-0.1681	230.6245	2.8520	362.9418	0.5518	nan	212.2942	142.1464	43.7484	89.5235	39.1651	114.9556	165.4984	0.9241	327.2935	-2.3754	-0.7311	36.2776	26.5729	0.7589	
686.8064	680.6154	-6.1910	-0.9096	1.9003	1.8036	1.8655	0.0348	1.8317	0.1174	0.1161	6.3689	2.4024	2.6509	-1.3833	3.3182	2.5138	2.5222	-0.0085	-0.3372	0.0000	20.8911	57.7263	75.1946	74.6403	-0.5543	-0.7426	305.0152	300.1908	-4.8244	-1.6071	230.7233	2.6637	335.9115	0.5466	nan	213.3614	135.4422	45.1187	89.3660	40.3208	115.3819	163.9022	0.9237	301.6136	-1.4228	-0.4740	34.9830	22.5091	0.7560	
678.8690	680.6667	1.7976	0.2641	1.8005	1.7673	1.7726	0.0279	1.5506	0.1158	0.1153	5.7514	2.2443	2.5620	-1.1781	3.1668	2.3906	2.3984	-0.0078	-0.3261	0.0000	19.0200	55.7489	72.1625	72.1988	0.0362	0.0502	278.1750	275.9950	-2.1800	-0.7899	230.7283	2.4788	309.4800	0.5411	nan	214.3889	128.3381	46.5002	89.1802	41.4690	115.2411	161.4037	0.9232	277.1728	-1.1778	-0.4268	33.6765	19.0631	0.7531	
681.5754	680.8889	-0.6865	-0.1008	1.6996	1.6487	1.6403	0.0592	3.4846	0.1129	0.1134	4.9555	2.0546	2.4144	-1.0041	3.0557	2.2659	2.2747	-0.0087	-0.3854	0.0000	17.7513	54.5514	70.2716	69.7282	-0.5434	-0.7793	252.2027	252.5478	0.3451	0.1366	230.6952	2.2971	283.7456	0.5355	nan	215.2090	121.1826	47.9840	89.0050	42.7082	114.6752	158.4877	0.9228	254.0071	-1.4593	-0.5778	32.4002	16.0296	0.7500	
682.6413	680.8333	-1.8080	-0.2656	1.5997	1.5446	1.5609	0.0388	2.4251	0.1121	0.1116	4.5301	1.9488	2.3272	-0.8576	2.8702	2.1413	2.1486	-0.0073	-0.3409	0.0000	15.7882	52.0571	66.6313	67.2414	0.6101	0.9074	227.8942	230.0517	2.1575	0.9378	230.5873	2.1213	259.1925	0.5299	nan	216.0773	114.0510	49.5763	88.7571	44.0024	113.6860	155.0663	0.9225	231.0908	-1.0391	-0.4517	31.1192	13.3032	0.7470	
683.9574	679.8889	-4.0685	-0.5984	1.4997	1.4414	1.4635	0.0362	2.4135	0.1098	0.1095	3.8689	1.7457	2.2181	-0.7257	2.7604	2.0173	2.0235	-0.0062	-0.3077	0.0000	14.5459	51.3547	65.3725	64.7612	-0.6113	-0.9440	208.9791	208.6733	-0.3057	-0.1465	230.5088	1.9509	235.7556	0.5243	nan	216.8217	106.7729	51.1675	88.5126	45.2897	112.2849	151.0142	0.9222	209.6352	-0.9618	-0.4609	29.8684	11.1353	0.7434	
685.3941	680.3077	-5.0864	-0.7477	1.4007	1.3354	1.3684	0.0322	2.3020	0.1081	0.1081	3.3850	1.6100	2.1038	-0.5696	2.6298	1.8906	1.8970	-0.0065	-0.3420	0.0000	13.3790	49.7124	63.0573	62.2660	-0.7913	-1.2709	189.1713	188.0046	-1.1667	-0.6206	230.3478	1.7841	213.1831	0.5187	nan	217.4380	99.7876	53.0773	88.1893	46.8084	110.7097	146.9637	0.9221	189.4389	-1.4342	-0.7629	28.6362	8.8706	0.7409	
681.3786	679.9167	-1.4619	-0.2150	1.2992	1.2727	1.2685	0.0308	2.3680	0.1066	0.1068	2.9481	1.4901	1.9799	-0.4942	2.4406	1.7613	1.7676	-0.0063	-0.3579	0.0000	11.7913	47.4849	59.9288	59.7331	-0.1957	-0.3276	167.3564	168.0075	0.6511	0.3876	230.0458	1.6202	191.2942	0.5132	nan	217.9157	92.5076	55.0616	87.8268	48.3588	108.7267	142.2853	0.9220	169.7663	-1.7588	-1.0469	27.4111	7.0403	0.7377	
678.7907	678.1111	-0.6796	-0.1002	1.2003	1.1994	1.1928	0.0075	0.6277	0.1051	0.1055	2.4274	1.2841	1.8895	-0.3020	2.2967	1.6313	1.6372	-0.0060	-0.3649	0.0000	10.7157	45.8705	57.6956	57.2219	-0.4737	-0.8278	150.5991	149.0756	-1.5235	-1.0220	229.9630	1.4623	170.5389	0.5071	nan	218.5931	85.2374	57.1774	87.4144	49.9813	106.6342	137.7053	0.9220	150.3298	-1.2543	-0.8414	26.1774	5.4850	0.7358	
680.8500	679.3333	-1.5167	-0.2233	1.1002	1.0926	1.1070	-0.0067	-0.6132	0.1043	0.1042	2.1902	1.2392	1.7677	-0.2370	2.1162	1.5049	1.5115	-0.0066	-0.4366	0.0000	9.1061	44.0598	55.1073	54.7996	-0.3077	-0.5616	133.7014	131.8042	-1.8973	-1.4394	230.0011	1.3156	151.5858	0.5010	nan	219.2846	78.2713	59.3846	86.9502	51.6350	104.3947	133.0331	0.9227	133.9476	-2.1434	-1.6262	24.9902	4.2063	0.7311	
683.2507	679.6364	-3.6143	-0.5318	1.0006	0.9872	1.0121	-0.0115	-1.1475	0.1028	0.1025	1.7319	1.0579	1.6388	-0.1699	1.9398	1.3799	1.3851	-0.0052	-0.3771	0.0000	7.8820	42.4014	52.8238	52.4280	-0.3958	-0.7549	116.6705	115.7727	-0.8978	-0.7755	229.9984	1.1777	133.9400	0.4945	nan	219.8812	71.2166	61.5141	86.4362	53.1705	102.0121	128.3732	0.9239	117.7682	-1.9955	-1.7236	23.8438	3.3882	0.7252	
676.4195	679.3846	2.9651	0.4364	0.8995	0.9500	0.9153	-0.0158	-1.7564	0.1013	0.1016	1.3893	0.9232	1.5065	-0.0918	1.7587	1.2445	1.2498	-0.0053	-0.4269	0.0000	6.6614	40.8471	50.6912	49.9317	-0.7595	-1.5211	101.5010	99.6700	-1.8310	-1.8371	229.9695	1.0377	116.2500	0.4871	nan	220.4545	63.9920	64.2039	85.7376	55.0469	99.6129	123.8398	0.9261	102.1452	-2.4752	-2.4834	22.6494	2.4395	0.7228	
680.9961	679.2727	-1.7234	-0.2537	0.8002	0.8098	0.8099	-0.0098	-1.2192	0.0998	0.0996	1.0474	0.7744	1.3548	-0.0175	1.5999	1.1058	1.1114	-0.0055	-0.4986	0.0000	5.8612	39.4754	48.8804	47.4233	-1.4571	-3.0726	86.9544	84.2764	-2.6780	-3.1777	229.9560	0.8993	99.2073	0.4797	nan	221.0060	56.9196	67.5392	84.9498	57.3744	97.0044	119.1331	0.9278	86.7682	-2.4919	-2.9568	21.4579	1.3242	0.7236	
686.7563	680.1818	-6.5745	-0.9666	0.7002	0.6625	0.7110	-0.0108	-1.5480	0.0985	0.0982	0.7709	0.6413	1.2034	-0.0024	1.3538	0.9661	0.9702	-0.0042	-0.4341	0.0000	4.4622	37.3707	46.0996	44.9677	-1.1318	-2.5170	71.6570	69.9973	-1.6597	-2.3712	230.0403	0.7693	83.4164	0.4713	nan	221.6488	49.8729	71.2499	83.9132	59.7880	94.5390	114.8243	0.9303	72.4604	-2.4631	-3.5189	20.2878	0.4102	0.7248	
677.0369	680.7273	3.6903	0.5421	0.6005	0.6365	0.6158	-0.0153	-2.5498	0.0973	0.0974	0.5212	0.4926	1.0606	0.1174	1.1645	0.8275	0.8317	-0.0043	-0.5159	0.0000	3.6636	35.6210	43.8581	42.6209	-1.2372	-2.9027	59.3576	56.8555	-2.5022	-4.4010	230.0579	0.6432	68.8818	0.4655	nan	222.1762	42.8038	75.2856	82.5406	62.1413	92.0367	110.5488	0.9308	58.8543	-1.9989	-3.5157	19.1834	-0.2984	0.7256	
682.7636	679.6364	-3.1272	-0.4601	0.5001	0.4979	0.5047	-0.0046	-0.9288	0.0960	0.0960	0.3746	0.4266	0.8787	0.1316	1.0095	0.7063	0.7102	-0.0039	-0.5464	0.0000	3.0965	34.3387	42.2288	40.6293	-1.5995	-3.9368	47.1945	46.1545	-1.0400	-2.2532	229.9674	0.5417	57.0573	0.4580	nan	222.3222	35.5922	77.1153	80.8916	62.3799	89.5595	106.5297	0.9286	47.8682	-1.7137	-3.7129	18.2749	0.1898	0.7080	
677.9122	680.8182	2.9060	0.4268	0.4001	0.4295	0.4230	-0.0229	-5.7161	0.0952	0.0953	0.2911	0.3932	0.7396	0.1099	0.7902	0.5740	0.5766	-0.0025	-0.4393	0.0000	2.2778	32.3923	39.7710	38.5696	-1.2013	-3.1147	37.2497	35.1918	-2.0579	-5.8476	229.9672	0.4366	44.9109	0.4473	nan	222.8484	28.5244	81.0541	78.3594	63.5137	87.2071	102.8890	0.9177	36.9297	-1.7379	-4.9384	17.3076	-0.1328	0.6970	
682.5884	678.3333	-4.2551	-0.6273	0.2997	0.2833	0.2991	0.0006	0.2028	0.0943	0.0941	0.1693	0.3196	0.5305	0.2771	0.6021	0.4532	0.4559	-0.0026	-0.5846	0.0000	2.3013	30.9070	37.9583	36.8619	-1.0964	-2.9743	25.6854	24.9967	-0.6888	-2.7554	230.0244	0.3387	33.7300	0.4329	nan	223.4797	21.2867	85.1581	74.1082	63.1090	84.9852	99.5012	0.8638	25.8152	-0.8185	-3.2745	16.4945	-0.4988	0.6612	



