Time	speed	torque	motor_current	motor_current_thd	motor_voltage	motor_power	line_voltage	line_current	line_power	motor_temperature	Test_Marker	BD_Target_Speed	BD_Target_Accel	BD_Update_Cmd	Mcl_Quantities.Speed_Rot_Mech	Mcl_Quantities.Torque	Mcl_Quantities.Torque_Ref	Mcl_Quantities.Stator_Flux_Mag	Mcl_Quantities.Flux_Ref	Mcl_Quantities.Id_stator_current	Mcl_Quantities.Iq_stator_current	Mcl_Quantities.Id_rotor_current	Rotor_Curr_Iq	Flux_Controller.Out	Torque_Controller.Out	DC_Bus_RMS	Mcl_Quantities.Electrical_Power	Mcl_Quantities.Stator_Temperature	Mcl_Quantities.Is_Abs	Mcl_Quantities.IsRMS	SR_Overheating_Temp
0.7389	0.0000	-0.0130	0.0000	0.0000	0.0000	-0.0100	230.6340	0.0000	1.2900	76.1561	NOT CONNECTED	NOT CONNECTED	NOT CONNECTED	NOT CONNECTED	NOT CONNECTED	NOT CONNECTED	NOT CONNECTED	NOT CONNECTED	NOT CONNECTED	NOT CONNECTED	NOT CONNECTED	NOT CONNECTED	NOT CONNECTED	NOT CONNECTED	NOT CONNECTED	NOT CONNECTED	NOT CONNECTED	NOT CONNECTED	NOT CONNECTED	NOT CONNECTED	NOT CONNECTED
1.4730	0.0000	-0.0140	0.0000	0.0000	0.0000	-0.0100	230.6260	0.0000	1.3000	75.9728	NOT CONNECTED	NOT CONNECTED	NOT CONNECTED	NOT CONNECTED	NOT CONNECTED	NOT CONNECTED	NOT CONNECTED	NOT CONNECTED	NOT CONNECTED	NOT CONNECTED	NOT CONNECTED	NOT CONNECTED	NOT CONNECTED	NOT CONNECTED	NOT CONNECTED	NOT CONNECTED	NOT CONNECTED	NOT CONNECTED	NOT CONNECTED	NOT CONNECTED	NOT CONNECTED
1.5367	0.0000	-0.0140	0.0000	0.0000	0.0000	-0.0100	230.6260	0.0000	1.3000	75.9728	NOT CONNECTED	0.0000	500.0000	0.0000	0.0000	0.0000	0.0000	0.0931	0.0531	-1.5959	0.1483	-1.6010	0.0754	0.0000	0.0000	321.2242	0.0000	84.3048	1.6028	0.0160	91.2368
2.1441	0.0000	-0.0140	0.0000	0.0000	0.0000	-0.0000	230.6210	0.0000	1.3300	75.7436	NOT CONNECTED	0.0000	500.0000	0.0000	0.0000	0.0000	0.0000	0.0931	0.0531	-1.5959	0.1483	-1.6010	0.0754	0.0000	0.0000	321.2459	0.0000	84.2242	1.6028	0.0052	91.1491
2.2028	0.0000	-0.0140	0.0000	0.0000	0.0000	-0.0000	230.6210	0.0000	1.3300	75.7436	NOT CONNECTED	0.0000	500.0000	0.0000	0.0000	0.0000	0.0000	0.0931	0.0531	-1.5959	0.1483	-1.6010	0.0754	0.0000	0.0000	321.2459	0.0000	84.2242	1.6028	0.0052	91.1491
2.7478	0.0000	-0.0140	0.0000	0.0000	0.0000	-0.0100	230.6130	0.0000	1.2900	75.5272	NOT CONNECTED	0.0000	500.0000	0.0000	0.0000	0.0000	0.0000	0.0931	0.0531	-1.5959	0.1483	-1.6010	0.0754	0.0000	0.0000	321.1931	0.0000	84.1496	1.6028	0.0054	91.0617
2.9238	0.0000	-0.0140	0.0000	0.0000	0.0000	-0.0100	230.6130	0.0000	1.2900	75.5272	NOT CONNECTED	0.0000	500.0000	0.0000	0.0000	0.0000	0.0000	0.0931	0.0531	-1.5959	0.1483	-1.6010	0.0754	0.0000	0.0000	321.1931	0.0000	84.1496	1.6028	0.0054	91.0617
3.3394	0.0000	-0.0130	0.0000	0.0000	0.0000	-0.0100	230.6080	0.0000	1.2900	75.3016	NOT CONNECTED	0.0000	500.0000	0.0000	0.0000	0.0000	0.0000	0.0931	0.0531	-1.5959	0.1483	-1.6010	0.0754	0.0000	0.0000	321.2039	0.0000	84.0805	1.6028	0.0051	91.0617
3.6451	0.0000	-0.0130	0.0000	0.0000	0.0000	-0.0100	230.6080	0.0000	1.2900	75.3016	NOT CONNECTED	0.0000	500.0000	0.0000	0.0000	0.0000	0.0000	0.0931	0.0531	-1.5959	0.1483	-1.6010	0.0754	0.0000	0.0000	321.1823	0.0000	84.0163	1.6028	0.0051	90.9745
3.9256	0.0000	-0.0130	0.0000	0.0000	0.0000	-0.0100	230.6080	0.0000	1.2900	75.3016	NOT CONNECTED	0.0000	500.0000	0.0000	0.0000	0.0000	0.0000	0.0931	0.0531	-1.5959	0.1483	-1.6010	0.0754	0.0000	0.0000	321.1823	0.0000	84.0163	1.6028	0.0051	90.9745
4.3703	0.0000	-0.0130	0.0000	0.0000	0.0000	-0.0100	230.6010	0.0000	1.2900	75.0986	NOT CONNECTED	0.0000	500.0000	0.0000	0.0000	0.0000	0.0000	0.0931	0.0531	-1.5959	0.1483	-1.6010	0.0754	0.0000	0.0000	321.1931	0.0000	83.9590	1.6028	0.0051	90.9745
4.5175	0.0000	-0.0130	0.0000	0.0000	0.0000	-0.0100	230.6010	0.0000	1.2900	75.0986	NOT CONNECTED	0.0000	500.0000	0.0000	0.0000	0.0000	0.0000	0.0931	0.0531	-1.5959	0.1483	-1.6010	0.0754	0.0000	0.0000	321.1931	0.0000	83.9590	1.6028	0.0051	90.9745
5.0892	0.0000	-0.0130	0.0000	0.0000	0.0000	-0.0100	230.5980	0.0000	1.2900	74.8390	NOT CONNECTED	0.0000	500.0000	0.0000	0.0000	0.0000	0.0000	0.0931	0.0531	-1.5959	0.1483	-1.6010	0.0754	0.0000	0.0000	321.1999	0.0000	83.9029	1.6028	0.0054	90.8876
5.1254	0.0000	-0.0130	0.0000	0.0000	0.0000	-0.0100	230.5980	0.0000	1.2900	74.8390	NOT CONNECTED	0.0000	500.0000	0.0000	0.0000	0.0000	0.0000	0.0931	0.0531	-1.5959	0.1483	-1.6010	0.0754	0.0000	0.0000	321.1999	0.0000	83.9029	1.6028	0.0054	90.8876
5.7242	0.0000	-0.0130	0.0000	0.0000	0.0000	-0.0100	230.5900	0.0000	1.2900	74.6104	NOT CONNECTED	0.0000	500.0000	0.0000	0.0000	0.0000	0.0000	0.0931	0.0531	-1.5959	0.1483	-1.6010	0.0754	0.0000	0.0000	321.1633	0.0000	83.8503	1.6028	0.0054	90.8010
5.8302	0.0000	-0.0130	0.0000	0.0000	0.0000	-0.0100	230.5900	0.0000	1.2900	74.6104	NOT CONNECTED	0.0000	500.0000	0.0000	0.0000	0.0000	0.0000	0.0931	0.0531	-1.5959	0.1483	-1.6010	0.0754	0.0000	0.0000	321.1633	0.0000	83.8503	1.6028	0.0054	90.8010
6.3193	0.0000	-0.0130	0.0000	0.0000	0.0000	-0.0100	230.5860	0.0000	1.2900	74.4070	NOT CONNECTED	0.0000	500.0000	0.0000	0.0000	0.0000	0.0000	0.0931	0.0531	-1.5959	0.1483	-1.6010	0.0754	0.0000	0.0000	321.1688	0.0000	83.8009	1.6028	0.0053	90.8010
6.5681	0.0000	-0.0130	0.0000	0.0000	0.0000	-0.0100	230.5860	0.0000	1.2900	74.4070	NOT CONNECTED	0.0000	500.0000	0.0000	0.0000	0.0000	0.0000	0.0931	0.0531	-1.5959	0.1483	-1.6010	0.0754	0.0000	0.0000	321.1688	0.0000	83.8009	1.6028	0.0053	90.8010
6.9253	0.0000	-0.0130	0.0000	0.0000	0.0000	-0.0100	230.5860	0.0000	1.2900	74.4070	NOT CONNECTED	0.0000	500.0000	0.0000	0.0000	0.0000	0.0000	0.0931	0.0531	-1.5959	0.1483	-1.6010	0.0754	0.0000	0.0000	321.1390	0.0000	83.7542	1.6028	0.0052	90.7146
7.3098	0.0000	-0.0130	0.0000	0.0000	0.0000	-0.0100	230.5820	0.0000	1.2800	74.1607	NOT CONNECTED	0.0000	500.0000	0.0000	0.0000	0.0000	0.0000	0.0931	0.0531	-1.5959	0.1483	-1.6010	0.0754	0.0000	0.0000	321.1755	0.0000	83.7081	1.6028	0.0052	90.7146
7.5255	0.0000	-0.0130	0.0000	0.0000	0.0000	-0.0100	230.5820	0.0000	1.2800	74.1607	NOT CONNECTED	0.0000	500.0000	0.0000	0.0000	0.0000	0.0000	0.0931	0.0531	-1.5959	0.1483	-1.6010	0.0754	0.0000	0.0000	321.1755	0.0000	83.7081	1.6028	0.0052	90.7146
8.1338	0.0000	-0.0130	0.0000	0.0000	0.0000	-0.0100	230.5820	0.0000	1.2800	74.1607	NOT CONNECTED	0.0000	500.0000	0.0000	0.0000	0.0000	0.0000	0.0931	0.0531	-1.5959	0.1483	-1.6010	0.0754	0.0000	0.0000	321.1674	0.0000	83.6663	1.6028	0.0050	90.6285
8.7266	0.0000	-0.0130	0.0000	0.0000	0.0000	-0.0100	230.5690	0.0000	1.2900	73.4594	NOT CONNECTED	0.0000	500.0000	0.0000	0.0000	0.0000	0.0000	0.0931	0.0531	-1.5959	0.1483	-1.6010	0.0754	0.0000	0.0000	321.1255	0.0000	83.6265	1.6028	0.0051	90.5427
9.3252	0.0000	-0.0130	0.0000	0.0000	0.0000	-0.0100	230.5690	0.0000	1.2900	73.4594	NOT CONNECTED	0.0000	500.0000	0.0000	0.0000	0.0000	0.0000	0.0931	0.0531	-1.5959	0.1483	-1.6010	0.0754	0.0000	0.0000	321.1552	0.0000	83.5900	1.6028	0.0050	90.5427
9.5798	0.0000	-0.0130	0.0000	0.0000	0.0000	-0.0100	230.5690	0.0000	1.2900	73.4594	NOT CONNECTED	0.0000	500.0000	0.0000	0.0000	0.0000	0.0000	0.0931	0.0531	-1.5959	0.1483	-1.6010	0.0754	0.0000	0.0000	321.1552	0.0000	83.5900	1.6028	0.0050	90.5427
9.9224	0.0000	-0.0130	0.0000	0.0000	0.0000	-0.0100	230.5690	0.0000	1.2900	73.4594	NOT CONNECTED	0.0000	500.0000	0.0000	0.0000	0.0000	0.0000	0.0931	0.0531	-1.5959	0.1483	-1.6010	0.0754	0.0000	0.0000	321.1146	0.0000	83.5535	1.6028	0.0051	90.4571
10.3115	0.0000	-0.0130	0.0000	0.0000	0.0000	-0.0100	230.5680	0.0000	1.2900	73.2477	NOT CONNECTED	0.0000	500.0000	0.0000	0.0000	0.0000	0.0000	0.0931	0.0531	-1.5959	0.1483	-1.6010	0.0754	0.0000	0.0000	321.1106	0.0000	83.5184	1.6028	0.0051	90.4571
10.5047	0.0000	-0.0130	0.0000	0.0000	0.0000	-0.0100	230.5680	0.0000	1.2900	73.2477	NOT CONNECTED	0.0000	500.0000	0.0000	0.0000	0.0000	0.0000	0.0931	0.0531	-1.5959	0.1483	-1.6010	0.0754	0.0000	0.0000	321.1106	0.0000	83.5184	1.6028	0.0051	90.4571
11.0438	0.0000	-0.0130	0.0000	0.0000	0.0000	-0.0100	230.5670	0.0000	1.2900	73.0462	NOT CONNECTED	0.0000	500.0000	0.0000	0.0000	0.0000	0.0000	0.0931	0.0531	-1.5959	0.1483	-1.6010	0.0754	0.0000	0.0000	321.1390	0.0000	83.4846	1.6028	0.0052	90.3718
11.1132	0.0000	-0.0130	0.0000	0.0000	0.0000	-0.0100	230.5670	0.0000	1.2900	73.0462	NOT CONNECTED	0.0000	500.0000	0.0000	0.0000	0.0000	0.0000	0.0931	0.0531	-1.5959	0.1483	-1.6010	0.0754	0.0000	0.0000	321.1390	0.0000	83.4846	1.6028	0.0052	90.3718
11.7056	0.0000	-0.0130	0.0000	0.0000	0.0000	-0.0100	230.5660	0.0000	1.2900	72.8452	NOT CONNECTED	0.0000	500.0000	0.0000	0.0000	0.0000	0.0000	0.0931	0.0531	-1.5959	0.1483	-1.6010	0.0754	0.0000	0.0000	321.1078	0.0000	83.4520	1.6028	0.0054	90.2867
11.7690	0.0000	-0.0130	0.0000	0.0000	0.0000	-0.0100	230.5660	0.0000	1.2900	72.8452	NOT CONNECTED	0.0000	500.0000	0.0000	0.0000	0.0000	0.0000	0.0931	0.0531	-1.5959	0.1483	-1.6010	0.0754	0.0000	0.0000	321.1078	0.0000	83.4520	1.6028	0.0054	90.2867
12.3092	0.0000	-0.0130	0.0000	0.0000	0.0000	-0.0100	230.5670	0.0000	1.2900	72.6194	NOT CONNECTED	0.0000	500.0000	0.0000	0.0000	0.0000	0.0000	0.0931	0.0531	-1.5959	0.1483	-1.6010	0.0754	0.0000	0.0000	321.1214	0.0000	83.4204	1.6028	0.0053	90.2867
12.4952	0.0000	-0.0130	0.0000	0.0000	0.0000	-0.0100	230.5670	0.0000	1.2900	72.6194	NOT CONNECTED	0.0000	500.0000	0.0000	0.0000	0.0000	0.0000	0.0931	0.0531	-1.5959	0.1483	-1.6010	0.0754	0.0000	0.0000	321.1214	0.0000	83.4204	1.6028	0.0053	90.2867
12.8942	0.0000	-0.0130	0.0000	0.0000	0.0000	-0.0100	230.5680	0.0000	1.3000	72.3999	NOT CONNECTED	0.0000	500.0000	0.0000	0.0000	0.0000	0.0000	0.0931	0.0531	-1.5959	0.1483	-1.6010	0.0754	0.0000	0.0000	321.1214	0.0000	83.3911	1.6028	0.0050	90.2019
13.2290	0.0000	-0.0130	0.0000	0.0000	0.0000	-0.0100	230.5680	0.0000	1.3000	72.3999	NOT CONNECTED	0.0000	500.0000	0.0000	0.0000	0.0000	0.0000	0.0931	0.0531	-1.5959	0.1483	-1.6010	0.0754	0.0000	0.0000	321.1349	0.0000	83.3614	1.6028	0.0053	90.2019
13.4842	0.0000	-0.0130	0.0000	0.0000	0.0000	-0.0100	230.5680	0.0000	1.3000	72.3999	NOT CONNECTED	0.0000	500.0000	0.0000	0.0000	0.0000	0.0000	0.0931	0.0531	-1.5959	0.1483	-1.6010	0.0754	0.0000	0.0000	321.1349	0.0000	83.3614	1.6028	0.0053	90.2019
14.0816	0.0000	-0.0130	0.0000	0.0000	0.0000	-0.0100	230.5740	0.0000	1.2900	72.1282	NOT CONNECTED	0.0000	500.0000	0.0000	0.0000	0.0000	0.0000	0.0931	0.0531	-1.5959	0.1483	-1.6010	0.0754	0.0000	0.0000	321.1241	0.0000	83.3336	1.6028	0.0050	90.1173
14.2176	0.0000	-0.0130	0.0000	0.0000	0.0000	-0.0100	230.5740	0.0000	1.2900	72.1282	NOT CONNECTED	0.0000	500.0000	0.0000	0.0000	0.0000	0.0000	0.0931	0.0531	-1.5959	0.1483	-1.6010	0.0754	0.0000	0.0000	321.1241	0.0000	83.3336	1.6028	0.0050	90.1173
14.6815	0.0000	-0.0140	0.0000	0.0000	0.0000	-0.0100	230.5810	0.0000	1.2900	71.9275	NOT CONNECTED	0.0000	500.0000	0.0000	0.0000	0.0000	0.0000	0.0931	0.0531	-1.5959	0.1483	-1.6010	0.0754	0.0000	0.0000	321.1376	0.0000	83.3041	1.6028	0.0051	90.0330
14.9526	0.0000	-0.0140	0.0000	0.0000	0.0000	-0.0100	230.5810	0.0000	1.2900	71.9275	NOT CONNECTED	0.0000	500.0000	0.0000	0.0000	0.0000	0.0000	0.0931	0.0531	-1.5959	0.1483	-1.6010	0.0754	0.0000	0.0000	321.1376	0.0000	83.3041	1.6028	0.0051	90.0330
15.2890	0.0000	-0.0140	0.0000	0.0000	0.0000	-0.0100	230.5810	0.0000	1.2900	71.9275	NOT CONNECTED	12000.0000	500.0000	0.0000	0.0000	0.0000	0.0000	0.0931	0.0531	-1.5959	0.1483	-1.6010	0.0754	0.0000	0.0000	321.1539	0.0000	83.2765	1.6028	0.0049	90.0330
15.6740	0.0000	-0.0140	0.0000	0.0000	0.0000	-0.0100	230.5840	0.0000	1.2900	71.7351	NOT CONNECTED	12000.0000	500.0000	0.0000	0.0000	0.0000	0.0000	0.0931	0.0531	-1.5959	0.1483	-1.6010	0.0754	0.0000	0.0000	321.1376	0.0000	83.2494	1.6028	0.0051	89.9489
15.8831	0.0000	-0.0140	0.0000	0.0000	0.0000	-0.0100	230.5840	0.0000	1.2900	71.7351	NOT CONNECTED	12000.0000	500.0000	0.0000	0.0000	0.0000	0.0000	0.0931	0.0531	-1.5959	0.1483	-1.6010	0.0754	0.0000	0.0000	321.1376	0.0000	83.2494	1.6028	0.0051	89.9489
16.4063	0.0000	-0.0130	0.0000	0.0000	0.0000	-0.0100	230.5920	0.0000	1.3100	71.5180	NOT CONNECTED	12000.0000	500.0000	0.0000	0.0000	0.0000	0.0000	0.0931	0.0531	-1.5959	0.1483	-1.6010	0.0754	0.0000	0.0000	321.1525	0.0000	83.2230	1.6028	0.0051	89.9489
16.4979	0.0000	-0.0130	0.0000	0.0000	0.0000	-0.0100	230.5920	0.0000	1.3100	71.5180	NOT CONNECTED	12000.0000	500.0000	0.0000	0.0000	0.0000	0.0000	0.0931	0.0531	-1.5959	0.1483	-1.6010	0.0754	0.0000	0.0000	321.1525	0.0000	83.2230	1.6028	0.0051	89.9489
17.0917	0.0000	-0.0140	0.0000	0.0000	0.0000	-0.0100	230.5960	0.0000	1.3000	71.3492	NOT CONNECTED	12000.0000	500.0000	0.0000	0.0000	0.0000	0.0000	0.0931	0.0531	-1.5959	0.1483	-1.6010	0.0754	0.0000	0.0000	321.1755	0.0000	83.1970	1.6028	0.0051	89.8651
17.1317	0.0000	-0.0140	0.0000	0.0000	0.0000	-0.0100	230.5960	0.0000	1.3000	71.3492	NOT CONNECTED	12000.0000	500.0000	0.0000	0.0000	0.0000	0.0000	0.0931	0.0531	-1.5959	0.1483	-1.6010	0.0754	0.0000	0.0000	321.1755	0.0000	83.1970	1.6028	0.0051	89.8651
17.6754	0.0000	-0.0140	0.0000	0.0000	0.0000	-0.0100	230.6080	0.0000	1.2900	71.1451	NOT CONNECTED	12000.0000	500.0000	0.0000	0.0000	0.0000	0.0000	0.0931	0.0531	-1.5959	0.1483	-1.6010	0.0754	0.0000	0.0000	321.1525	0.0000	83.1714	1.6028	0.0050	89.7816
17.8528	0.0000	-0.0140	0.0000	0.0000	0.0000	-0.0100	230.6080	0.0000	1.2900	71.1451	NOT CONNECTED	12000.0000	500.0000	0.0000	0.0000	0.0000	0.0000	0.0931	0.0531	-1.5959	0.1483	-1.6010	0.0754	0.0000	0.0000	321.1525	0.0000	83.1714	1.6028	0.0050	89.7816
18.2894	0.0000	-0.0140	0.0000	0.0000	0.0000	-0.0100	230.6140	0.0000	1.2900	70.9392	NOT CONNECTED	12000.0000	500.0000	0.0000	0.0000	0.0000	0.0000	0.0931	0.0531	-1.5959	0.1483	-1.6010	0.0754	0.0000	0.0000	321.1755	0.0000	83.1464	1.6028	0.0051	89.7816
18.5766	0.0000	-0.0140	0.0000	0.0000	0.0000	-0.0100	230.6140	0.0000	1.2900	70.9392	NOT CONNECTED	12000.0000	500.0000	0.0000	0.0000	0.0000	0.0000	0.0931	0.0531	-1.5959	0.1483	-1.6010	0.0754	0.0000	0.0000	321.1755	0.0000	83.1464	1.6028	0.0051	89.7816
18.8767	0.0000	-0.0140	0.0000	0.0000	0.0000	-0.0100	230.6140	0.0000	1.2900	70.9392	NOT CONNECTED	12000.0000	500.0000	0.0000	0.0000	0.0000	0.0000	0.0931	0.0531	-1.5959	0.1483	-1.6010	0.0754	0.0000	0.0000	321.1647	0.0000	83.1215	1.6028	0.0051	89.6982
19.3125	0.0000	-0.0130	0.0000	0.0000	0.0000	-0.0100	230.6270	0.0000	1.3000	70.7603	NOT CONNECTED	12000.0000	500.0000	0.0000	0.0000	0.0000	0.0000	0.0931	0.0531	-1.5959	0.1483	-1.6010	0.0754	0.0000	0.0000	321.1647	0.0000	83.1215	1.6028	0.0051	89.6982
20.0391	45.0000	-0.0580	0.0000	0.0000	0.0000	-0.0100	230.6350	0.0000	1.3000	70.6005	NOT CONNECTED	12000.0000	500.0000	0.0000	1.0804	-0.0440	0.0000	0.1532	0.0531	2.0384	-0.0454	2.0257	-0.0828	15.3650	0.0000	310.4504	46.5916	83.0890	2.0270	1.1480	89.6152
20.6115	0.0000	-0.0120	0.9185	0.0000	9.3800	19.4400	230.6200	0.2158	26.5700	70.4613	NOT CONNECTED	12000.0000	500.0000	0.0000	0.1849	-0.0640	0.0000	0.1707	0.0531	3.0257	-0.0618	3.0311	-0.1388	22.2249	0.0000	305.7892	100.9520	83.3384	3.0263	1.5208	89.5341
20.7691	0.0000	-0.0120	0.9185	0.0000	9.3800	19.4400	230.6200	0.2158	26.5700	70.4613	NOT CONNECTED	12000.0000	500.0000	0.0000	0.1849	-0.0640	0.0000	0.1707	0.0531	3.0257	-0.0618	3.0311	-0.1388	22.2249	0.0000	305.7892	100.9520	83.3384	3.0263	1.5208	89.5341
21.4981	0.0000	-0.0120	2.0032	0.0000	20.6270	93.3000	230.5850	0.7848	118.0800	70.4220	NOT CONNECTED	12000.0000	500.0000	0.0000	0.0119	-0.0020	0.0000	0.1408	0.0531	0.9472	-0.0013	0.9833	-0.0138	8.4999	0.0000	316.4330	12.3762	84.2826	0.9793	1.4299	89.6139
21.7427	0.0000	-0.0120	2.0032	0.0000	20.6270	93.3000	230.5850	0.7848	118.0800	70.4220	NOT CONNECTED	12000.0000	500.0000	0.0000	0.0119	-0.0020	0.0000	0.1408	0.0531	0.9472	-0.0013	0.9833	-0.0138	8.4999	0.0000	316.4330	12.3762	84.2826	0.9793	1.4299	89.6139
22.2310	0.0000	-0.0130	1.7485	0.0000	17.8860	70.6400	230.6300	0.6636	95.8500	70.3629	NOT CONNECTED	12000.0000	500.0000	0.0000	63.5995	0.1775	0.1387	0.1117	0.1117	1.0324	0.2621	1.0097	0.3886	8.3697	6.4767	315.8336	15.0912	82.7621	1.0443	0.7299	89.6139
22.3257	0.0000	-0.0130	1.7485	0.0000	17.8860	70.6400	230.6300	0.6636	95.8500	70.3629	NOT CONNECTED	12000.0000	500.0000	0.0000	63.5995	0.1775	0.1387	0.1117	0.1117	1.0324	0.2621	1.0097	0.3886	8.3697	6.4767	315.8336	15.0912	82.7621	1.0443	0.7299	89.6139
22.9332	261.0000	-0.1280	0.7311	0.0000	10.6320	12.1000	230.6770	0.1636	20.3800	70.2724	NOT CONNECTED	12000.0000	500.0000	0.0000	376.5116	0.1125	0.1570	0.0937	0.0933	0.1304	0.1967	0.0708	0.2284	0.9622	17.4961	317.8319	5.3730	82.6960	0.2828	0.5358	89.7537
22.9652	261.0000	-0.1280	0.7311	0.0000	10.6320	12.1000	230.6770	0.1636	20.3800	70.2724	NOT CONNECTED	12000.0000	500.0000	0.0000	376.5116	0.1125	0.1570	0.0937	0.0933	0.1304	0.1967	0.0708	0.2284	0.9622	17.4961	317.8319	5.3730	82.6960	0.2828	0.5358	89.7537
23.5153	627.0000	-0.1110	0.2235	0.0000	18.4590	5.3600	230.6890	0.0987	11.3500	70.1054	NOT CONNECTED	12000.0000	500.0000	0.0000	672.1496	0.1225	0.1534	0.0937	0.0934	0.1709	0.2255	0.0397	0.2312	0.9775	29.1784	316.7401	10.8931	82.5775	0.2549	0.1979	89.7537
23.6878	627.0000	-0.1110	0.2235	0.0000	18.4590	5.3600	230.6890	0.0987	11.3500	70.1054	NOT CONNECTED	12000.0000	500.0000	0.0000	672.1496	0.1225	0.1534	0.0937	0.0934	0.1709	0.2255	0.0397	0.2312	0.9775	29.1784	316.7401	10.8931	82.5775	0.2549	0.1979	89.7537
24.1106	991.0000	-0.1120	0.1944	0.0000	42.2870	12.6300	230.7030	0.1528	18.7300	69.8959	NOT CONNECTED	12000.0000	500.0000	0.0000	964.2040	0.1226	0.1685	0.0936	0.0934	0.1393	0.2113	0.0981	0.2862	0.8514	40.7789	315.6185	14.9494	82.4545	0.2972	0.1990	89.7050
24.4166	991.0000	-0.1120	0.1944	0.0000	42.2870	12.6300	230.7030	0.1528	18.7300	69.8959	NOT CONNECTED	12000.0000	500.0000	0.0000	1267.2458	0.1571	0.1272	0.0934	0.0936	0.0539	0.2885	0.1061	0.2578	0.6457	52.3017	314.6783	19.7684	82.3476	0.2495	0.2022	89.6247
24.6990	991.0000	-0.1120	0.1944	0.0000	42.2870	12.6300	230.7030	0.1528	18.7300	69.8959	NOT CONNECTED	12000.0000	500.0000	0.0000	1267.2458	0.1571	0.1272	0.0934	0.0936	0.0539	0.2885	0.1061	0.2578	0.6457	52.3017	314.6783	19.7684	82.3476	0.2495	0.2022	89.6247
25.1441	1358.0000	-0.1130	0.1972	0.0000	54.4530	16.7400	230.7090	0.1847	23.1700	69.7120	NOT CONNECTED	12000.0000	500.0000	0.0000	1560.3732	0.1470	0.1443	0.0935	0.0935	0.1471	0.2674	0.0779	0.2223	0.3108	63.7731	313.6961	25.7460	82.2464	0.2621	0.2051	89.6247
25.2952	1358.0000	-0.1130	0.1972	0.0000	54.4530	16.7400	230.7090	0.1847	23.1700	69.7120	NOT CONNECTED	12000.0000	500.0000	0.0000	1560.3732	0.1470	0.1443	0.0935	0.0935	0.1471	0.2674	0.0779	0.2223	0.3108	63.7731	313.6961	25.7460	82.2464	0.2621	0.2051	89.6247
25.8727	1714.0000	-0.1160	0.2040	0.0000	78.5410	25.4400	230.7210	0.2501	32.5900	69.5077	NOT CONNECTED	12000.0000	500.0000	0.0000	1853.4312	0.1609	0.1572	0.0935	0.0936	0.1092	0.2783	0.0301	0.2744	0.7421	76.6416	312.8575	30.9488	82.1544	0.2697	0.2086	89.5450
25.8831	1714.0000	-0.1160	0.2040	0.0000	78.5410	25.4400	230.7210	0.2501	32.5900	69.5077	NOT CONNECTED	12000.0000	500.0000	0.0000	1853.4312	0.1609	0.1572	0.0935	0.0936	0.1092	0.2783	0.0301	0.2744	0.7421	76.6416	312.8575	30.9488	82.1544	0.2697	0.2086	89.5450
26.4755	2079.0000	-0.1190	0.2073	0.0000	90.4510	29.9900	230.7280	0.2831	37.4300	69.3095	NOT CONNECTED	12000.0000	500.0000	0.0000	2154.3773	0.1705	0.1478	0.0934	0.0936	0.1461	0.3001	0.1032	0.2838	0.8742	88.2719	311.9676	36.5221	82.0709	0.2786	0.2122	89.5450
26.6015	2079.0000	-0.1190	0.2073	0.0000	90.4510	29.9900	230.7280	0.2831	37.4300	69.3095	NOT CONNECTED	12000.0000	500.0000	0.0000	2154.3773	0.1705	0.1478	0.0934	0.0936	0.1461	0.3001	0.1032	0.2838	0.8742	88.2719	311.9676	36.5221	82.0709	0.2786	0.2122	89.5450
27.0819	2447.0000	-0.1200	0.2153	0.0000	114.5900	39.8300	230.7400	0.3512	47.7500	69.1414	NOT CONNECTED	12000.0000	500.0000	0.0000	2449.8821	0.1815	0.1594	0.0936	0.0937	0.1091	0.3408	0.1274	0.2890	0.1514	99.8118	311.2104	42.0219	81.9979	0.3360	0.2163	89.4666
27.3414	2447.0000	-0.1200	0.2153	0.0000	114.5900	39.8300	230.7400	0.3512	47.7500	69.1414	NOT CONNECTED	12000.0000	500.0000	0.0000	2449.8821	0.1815	0.1594	0.0936	0.0937	0.1091	0.3408	0.1274	0.2890	0.1514	99.8118	311.2104	42.0219	81.9979	0.3360	0.2163	89.4666
27.6804	2447.0000	-0.1200	0.2153	0.0000	114.5900	39.8300	230.7400	0.3512	47.7500	69.1414	NOT CONNECTED	12000.0000	500.0000	0.0000	2748.8569	0.1581	0.1697	0.0936	0.0935	0.1071	0.2777	0.0959	0.2941	1.1962	112.7416	310.3979	48.2514	81.9253	0.3418	0.2207	89.3898
28.0631	2809.0000	-0.1250	0.2193	0.0000	126.7800	44.9800	230.7450	0.3855	53.0100	68.8938	NOT CONNECTED	12000.0000	500.0000	0.0000	3042.2017	0.1589	0.1839	0.0934	0.0936	0.0804	0.2948	0.0522	0.2949	-0.3841	123.5089	309.6949	54.2013	81.8643	0.3387	0.2261	89.3898
28.2690	2809.0000	-0.1250	0.2193	0.0000	126.7800	44.9800	230.7450	0.3855	53.0100	68.8938	NOT CONNECTED	12000.0000	500.0000	0.0000	3042.2017	0.1589	0.1839	0.0934	0.0936	0.0804	0.2948	0.0522	0.2949	-0.3841	123.5089	309.6949	54.2013	81.8643	0.3387	0.2261	89.3898
28.8401	3176.0000	-0.1280	0.2280	0.0000	150.9620	55.7100	230.7550	0.4561	64.0800	68.6056	NOT CONNECTED	12000.0000	500.0000	0.0000	3338.7841	0.1708	0.1789	0.0936	0.0936	0.0937	0.2992	0.0827	0.3115	1.1833	135.1495	309.0098	60.6695	81.8061	0.3142	0.2301	89.3150
28.8627	3176.0000	-0.1280	0.2280	0.0000	150.9620	55.7100	230.7550	0.4561	64.0800	68.6056	NOT CONNECTED	12000.0000	500.0000	0.0000	3338.7841	0.1708	0.1789	0.0936	0.0936	0.0937	0.2992	0.0827	0.3115	1.1833	135.1495	309.0098	60.6695	81.8061	0.3142	0.2301	89.3150
29.4654	3563.0000	-0.1330	0.2324	0.0000	162.9140	61.4700	230.7570	0.4928	69.9300	68.3492	NOT CONNECTED	12000.0000	500.0000	0.0000	3637.1233	0.1660	0.1832	0.0937	0.0937	0.1108	0.3084	0.0200	0.2941	-1.5450	145.8583	308.0933	68.4574	81.7524	0.3322	0.2361	89.3150
29.5714	3563.0000	-0.1330	0.2324	0.0000	162.9140	61.4700	230.7570	0.4928	69.9300	68.3492	NOT CONNECTED	12000.0000	500.0000	0.0000	3637.1233	0.1660	0.1832	0.0937	0.0937	0.1108	0.3084	0.0200	0.2941	-1.5450	145.8583	308.0933	68.4574	81.7524	0.3322	0.2361	89.3150
30.0553	3931.0000	-0.1350	0.2414	0.0000	187.1930	73.3200	230.7630	0.5680	82.1000	68.0685	NOT CONNECTED	12000.0000	500.0000	0.0000	3935.1163	0.1733	0.1965	0.0936	0.0936	0.1074	0.3086	0.0495	0.3091	12.3163	156.7767	307.4704	75.5151	81.7031	0.3453	0.2397	89.2426
30.3320	3931.0000	-0.1350	0.2414	0.0000	187.1930	73.3200	230.7630	0.5680	82.1000	68.0685	NOT CONNECTED	12000.0000	500.0000	0.0000	3935.1163	0.1733	0.1965	0.0936	0.0936	0.1074	0.3086	0.0495	0.3091	12.3163	156.7767	307.4704	75.5151	81.7031	0.3453	0.2397	89.2426
30.6542	3931.0000	-0.1350	0.2414	0.0000	187.1930	73.3200	230.7630	0.5680	82.1000	68.0685	NOT CONNECTED	12000.0000	500.0000	0.0000	4236.1610	0.2095	0.1684	0.0944	0.0938	0.1765	0.3746	0.1785	0.3515	-5.2036	164.3315	306.7693	84.3831	81.6591	0.3959	0.2396	89.1730
31.0726	4310.0000	-0.1370	0.2461	0.0000	199.4390	79.4800	230.7670	0.6039	87.8800	67.8129	NOT CONNECTED	12000.0000	500.0000	0.0000	4531.8692	0.1917	0.1823	0.0884	0.0888	-0.1194	0.3421	-0.1954	0.4058	-0.5174	161.7971	306.2451	92.2762	81.6164	0.3753	0.2422	89.1730
31.2553	4310.0000	-0.1370	0.2461	0.0000	199.4390	79.4800	230.7670	0.6039	87.8800	67.8129	NOT CONNECTED	12000.0000	500.0000	0.0000	4531.8692	0.1917	0.1823	0.0884	0.0888	-0.1194	0.3421	-0.1954	0.4058	-0.5174	161.7971	306.2451	92.2762	81.6164	0.3753	0.2422	89.1730
31.8417	4678.0000	-0.1400	0.2581	0.0000	212.9430	91.2100	230.7700	0.6738	99.4000	67.5666	NOT CONNECTED	12000.0000	500.0000	0.0000	4825.4652	0.1779	0.2005	0.0838	0.0835	-0.2943	0.3839	-0.3463	0.3815	-2.9262	165.9594	305.5134	98.4809	81.5771	0.5355	0.2924	89.1063
31.8485	4678.0000	-0.1400	0.2581	0.0000	212.9430	91.2100	230.7700	0.6738	99.4000	67.5666	NOT CONNECTED	12000.0000	500.0000	0.0000	4825.4652	0.1779	0.2005	0.0838	0.0835	-0.2943	0.3839	-0.3463	0.3815	-2.9262	165.9594	305.5134	98.4809	81.5771	0.5355	0.2924	89.1063
32.5689	5056.0000	-0.1400	0.3355	0.0000	212.9200	96.8700	230.7690	0.7111	105.5600	67.3276	NOT CONNECTED	12000.0000	500.0000	0.0000	5380.0442	0.1871	0.1875	0.0743	0.0757	-0.6309	0.4114	-0.8170	0.3151	-11.0590	169.8547	304.2341	116.6773	81.5354	0.7682	0.5079	88.8140
32.9435	5056.0000	-0.1400	0.3355	0.0000	212.9200	96.8700	230.7690	0.7111	105.5600	67.3276	NOT CONNECTED	12000.0000	500.0000	0.0000	5380.0442	0.1871	0.1875	0.0743	0.0757	-0.6309	0.4114	-0.8170	0.3151	-11.0590	169.8547	304.2341	116.6773	81.5354	0.7682	0.5079	88.8140
33.3329	5429.0000	-0.1500	0.5514	0.0000	212.4390	111.6900	230.7680	0.8083	121.9700	67.1166	NOT CONNECTED	12000.0000	500.0000	0.0000	5673.0335	0.1901	0.1866	0.0699	0.0704	-0.8657	0.4612	-0.9908	0.3066	-9.9784	166.7266	303.3011	126.7303	81.5424	1.0532	0.6437	88.8140
33.5344	5429.0000	-0.1500	0.5514	0.0000	212.4390	111.6900	230.7680	0.8083	121.9700	67.1166	NOT CONNECTED	12000.0000	500.0000	0.0000	5673.0335	0.1901	0.1866	0.0699	0.0704	-0.8657	0.4612	-0.9908	0.3066	-9.9784	166.7266	303.3011	126.7303	81.5424	1.0532	0.6437	88.8140
34.0587	5805.0000	-0.1470	0.6563	0.0000	212.2310	119.7300	230.7670	0.8604	130.8000	66.8990	NOT CONNECTED	12000.0000	500.0000	0.0000	5970.2104	0.2040	0.1872	0.0675	0.0653	-1.2348	0.5544	-0.9429	0.3467	-9.9899	163.6200	302.6175	138.9552	81.5690	1.2107	0.7669	88.5335
34.1263	5805.0000	-0.1470	0.6563	0.0000	212.2310	119.7300	230.7670	0.8604	130.8000	66.8990	NOT CONNECTED	12000.0000	500.0000	0.0000	5970.2104	0.2040	0.1872	0.0675	0.0653	-1.2348	0.5544	-0.9429	0.3467	-9.9899	163.6200	302.6175	138.9552	81.5690	1.2107	0.7669	88.5335
34.7154	6178.0000	-0.1500	0.7540	0.0000	211.9110	127.6500	230.7640	0.9128	139.8100	66.7578	NOT CONNECTED	12000.0000	500.0000	0.0000	6259.8099	0.2027	0.2144	0.0630	0.0626	-1.1008	0.5322	-1.3071	0.3478	-3.6789	163.4402	301.7937	149.2673	81.6147	1.4207	0.8623	88.2748
34.8414	6178.0000	-0.1500	0.7540	0.0000	211.9110	127.6500	230.7640	0.9128	139.8100	66.7578	NOT CONNECTED	12000.0000	500.0000	0.0000	6259.8099	0.2027	0.2144	0.0630	0.0626	-1.1008	0.5322	-1.3071	0.3478	-3.6789	163.4402	301.7937	149.2673	81.6147	1.4207	0.8623	88.2748
35.3052	6557.0000	-0.1540	0.9320	0.0000	211.4910	146.4900	230.7570	1.0319	160.2600	66.6233	NOT CONNECTED	12000.0000	500.0000	0.0000	6549.1435	0.2280	0.2400	0.0601	0.0590	-1.4678	0.6804	-1.4430	0.2794	6.0963	171.3565	300.9876	165.0845	81.6827	1.5663	0.9430	88.2748
35.5778	6557.0000	-0.1540	0.9320	0.0000	211.4910	146.4900	230.7570	1.0319	160.2600	66.6233	NOT CONNECTED	12000.0000	500.0000	0.0000	6549.1435	0.2280	0.2400	0.0601	0.0590	-1.4678	0.6804	-1.4430	0.2794	6.0963	171.3565	300.9876	165.0845	81.6827	1.5663	0.9430	88.2748
35.9005	6557.0000	-0.1540	0.9320	0.0000	211.4910	146.4900	230.7570	1.0319	160.2600	66.6233	NOT CONNECTED	12000.0000	500.0000	0.0000	6850.0717	0.1989	0.2043	0.0582	0.0562	-1.5215	0.6062	-1.5091	0.2817	-12.5616	174.0707	300.2799	176.1465	81.7658	1.5117	1.0631	88.0430
36.3399	6929.0000	-0.1580	1.0854	0.0000	210.7740	165.4500	230.7510	1.1511	181.1300	66.4977	NOT CONNECTED	12000.0000	500.0000	0.0000	7146.2765	0.2338	0.2065	0.0562	0.0553	-1.4960	0.7283	-1.5406	0.3023	-15.2603	169.4654	299.3922	188.3925	81.8760	1.7011	1.1704	88.0430
36.4954	6929.0000	-0.1580	1.0854	0.0000	210.7740	165.4500	230.7510	1.1511	181.1300	66.4977	NOT CONNECTED	12000.0000	500.0000	0.0000	7146.2765	0.2338	0.2065	0.0562	0.0553	-1.4960	0.7283	-1.5406	0.3023	-15.2603	169.4654	299.3922	188.3925	81.8760	1.7011	1.1704	88.0430
37.0790	7305.0000	-0.1610	1.1584	0.0000	210.3620	176.8000	230.7440	1.2210	193.4400	66.4257	NOT CONNECTED	12000.0000	500.0000	0.0000	7442.5401	0.1874	0.2128	0.0510	0.0523	-1.6696	0.5933	-1.8495	0.3384	-18.7444	163.0444	298.6905	202.0541	82.0035	1.8593	1.2082	87.8348
37.1025	7305.0000	-0.1610	1.1584	0.0000	210.3620	176.8000	230.7440	1.2210	193.4400	66.4257	NOT CONNECTED	12000.0000	500.0000	0.0000	7442.5401	0.1874	0.2128	0.0510	0.0523	-1.6696	0.5933	-1.8495	0.3384	-18.7444	163.0444	298.6905	202.0541	82.0035	1.8593	1.2082	87.8348
37.6763	7688.0000	-0.1640	1.2875	0.0000	209.7070	198.6300	230.7360	1.3548	217.0800	66.3406	NOT CONNECTED	12000.0000	500.0000	0.0000	7733.6655	0.2106	0.2177	0.0495	0.0506	-1.7777	0.7074	-1.9090	0.3066	-5.1293	167.2895	298.2286	213.7842	82.1363	1.9933	1.2988	87.6556
37.8467	7688.0000	-0.1640	1.2875	0.0000	209.7070	198.6300	230.7360	1.3548	217.0800	66.3406	NOT CONNECTED	12000.0000	500.0000	0.0000	7733.6655	0.2106	0.2177	0.0495	0.0506	-1.7777	0.7074	-1.9090	0.3066	-5.1293	167.2895	298.2286	213.7842	82.1363	1.9933	1.2988	87.6556
38.2770	8057.0000	-0.1650	1.3419	0.0000	209.6510	207.5900	230.7320	1.4096	226.8000	66.3494	NOT CONNECTED	12000.0000	500.0000	0.0000	8029.6045	0.2228	0.2231	0.0484	0.0472	-1.9375	0.7655	-2.0112	0.3427	-6.3167	165.9875	297.5631	227.2853	82.2862	2.0593	1.3559	87.6556
38.5852	8057.0000	-0.1650	1.3419	0.0000	209.6510	207.5900	230.7320	1.4096	226.8000	66.3494	NOT CONNECTED	12000.0000	500.0000	0.0000	8340.2335	0.2290	0.2210	0.0473	0.0456	-1.9761	0.8381	-2.0772	0.3270	0.1504	168.1302	297.0010	245.8953	82.4548	1.9785	1.4074	87.5085
38.8824	8057.0000	-0.1650	1.3419	0.0000	209.6510	207.5900	230.7320	1.4096	226.8000	66.3494	NOT CONNECTED	12000.0000	500.0000	0.0000	8340.2335	0.2290	0.2210	0.0473	0.0456	-1.9761	0.8381	-2.0772	0.3270	0.1504	168.1302	297.0010	245.8953	82.4548	1.9785	1.4074	87.5085
39.4777	8684.0000	-0.1650	1.4992	0.0000	208.8030	240.2700	230.7150	1.6073	262.1600	66.3497	NOT CONNECTED	12000.0000	500.0000	0.0000	8639.7984	0.2182	0.2148	0.0442	0.0445	-2.0513	0.8372	-2.1757	0.3331	-22.9720	166.9477	296.3650	254.9399	82.6244	2.1821	1.5189	87.5085
39.8601	8684.0000	-0.1650	1.4992	0.0000	208.8030	240.2700	230.7150	1.6073	262.1600	66.3497	NOT CONNECTED	12000.0000	500.0000	0.0000	8935.0828	0.2177	0.2308	0.0440	0.0438	-2.0932	0.8960	-2.2261	0.3333	-20.7243	169.5107	295.5940	275.2240	82.8124	2.1164	1.5358	87.3814
40.0828	8684.0000	-0.1650	1.4992	0.0000	208.8030	240.2700	230.7150	1.6073	262.1600	66.3497	NOT CONNECTED	12000.0000	500.0000	0.0000	8935.0828	0.2177	0.2308	0.0440	0.0438	-2.0932	0.8960	-2.2261	0.3333	-20.7243	169.5107	295.5940	275.2240	82.8124	2.1164	1.5358	87.3814
40.6079	9053.0000	-0.1670	1.5507	0.0000	208.3200	256.8700	230.7050	1.7063	280.0100	66.4310	NOT CONNECTED	12000.0000	500.0000	0.0000	9239.2668	0.2380	0.2291	0.0434	0.0408	-2.1439	0.9425	-2.2019	0.3626	-21.1819	164.4677	295.0211	290.8779	83.0011	2.3182	1.5841	87.2831
40.6761	9053.0000	-0.1670	1.5507	0.0000	208.3200	256.8700	230.7050	1.7063	280.0100	66.4310	NOT CONNECTED	12000.0000	500.0000	0.0000	9239.2668	0.2380	0.2291	0.0434	0.0408	-2.1439	0.9425	-2.2019	0.3626	-21.1819	164.4677	295.0211	290.8779	83.0011	2.3182	1.5841	87.2831
41.2771	9422.0000	-0.1700	1.6374	0.0000	208.0100	281.0200	230.6940	1.8493	305.7900	66.4323	NOT CONNECTED	12000.0000	500.0000	0.0000	9542.4814	0.2377	0.2245	0.0397	0.0410	-2.2726	0.9762	-2.3899	0.3492	-15.0392	164.5385	294.7284	302.9138	83.1965	2.5048	1.6468	87.2831
41.3331	9422.0000	-0.1700	1.6374	0.0000	208.0100	281.0200	230.6940	1.8493	305.7900	66.4323	NOT CONNECTED	12000.0000	500.0000	0.0000	9542.4814	0.2377	0.2245	0.0397	0.0410	-2.2726	0.9762	-2.3899	0.3492	-15.0392	164.5385	294.7284	302.9138	83.1965	2.5048	1.6468	87.2831
41.8742	9810.0000	-0.1720	1.6747	0.0000	208.0480	289.5900	230.6910	1.9000	314.9200	66.5230	NOT CONNECTED	12000.0000	500.0000	0.0000	9832.3017	0.2349	0.2421	0.0387	0.0371	-2.1986	1.0484	-2.3648	0.3604	0.1747	161.9050	294.1677	320.3555	83.3973	2.3806	1.6843	87.2180
42.0628	9810.0000	-0.1720	1.6747	0.0000	208.0480	289.5900	230.6910	1.9000	314.9200	66.5230	NOT CONNECTED	12000.0000	500.0000	0.0000	9832.3017	0.2349	0.2421	0.0387	0.0371	-2.1986	1.0484	-2.3648	0.3604	0.1747	161.9050	294.1677	320.3555	83.3973	2.3806	1.6843	87.2180
42.4827	10156.0000	-0.1760	1.7147	0.0000	207.8480	303.5100	230.6810	1.9816	329.7500	66.6635	NOT CONNECTED	12000.0000	500.0000	0.0000	10134.4323	0.2271	0.2434	0.0374	0.0382	-2.2070	1.0325	-2.4954	0.3460	-18.0598	166.3978	293.7474	341.6356	83.6082	2.4813	1.7604	87.2180
42.8475	10156.0000	-0.1760	1.7147	0.0000	207.8480	303.5100	230.6810	1.9816	329.7500	66.6635	NOT CONNECTED	12000.0000	500.0000	0.0000	10433.0203	0.2581	0.2551	0.0348	0.0369	-2.1996	1.1291	-2.5174	0.3891	-33.8893	159.9161	293.1622	356.4803	83.8264	2.6938	1.7831	87.1693
43.0751	10156.0000	-0.1760	1.7147	0.0000	207.8480	303.5100	230.6810	1.9816	329.7500	66.6635	NOT CONNECTED	12000.0000	500.0000	0.0000	10433.0203	0.2581	0.2551	0.0348	0.0369	-2.1996	1.1291	-2.5174	0.3891	-33.8893	159.9161	293.1622	356.4803	83.8264	2.6938	1.7831	87.1693
43.5884	10553.0000	-0.1820	1.7910	0.0000	207.3460	330.8600	230.6670	2.1423	359.0200	66.8054	NOT CONNECTED	12000.0000	500.0000	0.0000	10720.5565	0.2308	0.2722	0.0328	0.0357	-2.3725	1.1265	-2.7591	0.3885	-18.9484	168.2035	292.7249	372.0024	84.0401	2.4692	1.8191	87.1476
43.6657	10553.0000	-0.1820	1.7910	0.0000	207.3460	330.8600	230.6670	2.1423	359.0200	66.8054	NOT CONNECTED	12000.0000	500.0000	0.0000	10720.5565	0.2308	0.2722	0.0328	0.0357	-2.3725	1.1265	-2.7591	0.3885	-18.9484	168.2035	292.7249	372.0024	84.0401	2.4692	1.8191	87.1476
44.2699	10935.0000	-0.1890	1.8596	0.0000	207.0620	357.9400	230.6520	2.2992	387.7800	66.9627	NOT CONNECTED	12000.0000	500.0000	0.0000	11037.9494	0.2765	0.2517	0.0348	0.0319	-2.3268	1.4772	-2.4410	0.3624	-14.8022	164.5038	292.3662	390.0175	84.2566	2.4902	1.8497	87.1476
44.3359	10935.0000	-0.1890	1.8596	0.0000	207.0620	357.9400	230.6520	2.2992	387.7800	66.9627	NOT CONNECTED	12000.0000	500.0000	0.0000	11037.9494	0.2765	0.2517	0.0348	0.0319	-2.3268	1.4772	-2.4410	0.3624	-14.8022	164.5038	292.3662	390.0175	84.2566	2.4902	1.8497	87.1476
44.8761	11307.0000	-0.1970	1.8888	0.0000	206.9240	369.1200	230.6470	2.3638	399.5600	67.1201	NOT CONNECTED	12000.0000	500.0000	0.0000	11335.1969	0.2522	0.2698	0.0319	0.0333	-2.2739	1.2576	-3.0282	0.3770	-14.5574	164.8004	291.9394	400.9798	84.4731	2.6112	1.8983	87.1598
45.0717	11307.0000	-0.1970	1.8888	0.0000	206.9240	369.1200	230.6470	2.3638	399.5600	67.1201	NOT CONNECTED	12000.0000	500.0000	0.0000	11335.1969	0.2522	0.2698	0.0319	0.0333	-2.2739	1.2576	-3.0282	0.3770	-14.5574	164.8004	291.9394	400.9798	84.4731	2.6112	1.8983	87.1598
45.4730	11688.0000	-0.1990	1.9521	0.0000	206.4720	396.9600	230.6310	2.5249	429.1700	67.3694	NOT CONNECTED	12000.0000	500.0000	0.0000	11634.1801	0.3199	0.2789	0.0315	0.0299	-2.3633	1.9047	-2.9024	0.3678	-24.6135	169.4256	291.4414	432.8378	84.7026	2.5461	1.9801	87.1598
45.8390	11688.0000	-0.1990	1.9521	0.0000	206.4720	396.9600	230.6310	2.5249	429.1700	67.3694	NOT CONNECTED	12000.0000	500.0000	0.0000	11942.0295	0.3012	0.2798	0.0295	0.0293	-2.2546	1.6572	-2.7999	0.3627	-22.4297	170.4836	290.8715	452.2424	84.9372	3.0106	1.9628	87.1838
46.0632	11688.0000	-0.1990	1.9521	0.0000	206.4720	396.9600	230.6310	2.5249	429.1700	67.3694	NOT CONNECTED	12000.0000	500.0000	0.0000	11942.0295	0.3012	0.2798	0.0295	0.0293	-2.2546	1.6572	-2.7999	0.3627	-22.4297	170.4836	290.8715	452.2424	84.9372	3.0106	1.9628	87.1838
46.5665	12022.0000	-0.1770	1.9841	0.0000	206.2090	417.0500	230.6180	2.6396	450.4900	67.5558	NOT CONNECTED	12000.0000	500.0000	0.0000	12017.3503	0.1392	0.1880	0.0327	0.0321	-2.3188	0.5973	-2.7053	0.2765	-14.7232	161.1585	296.6404	301.8092	85.1524	2.4614	1.8908	87.2342
46.6617	12022.0000	-0.1770	1.9841	0.0000	206.2090	417.0500	230.6180	2.6396	450.4900	67.5558	NOT CONNECTED	12000.0000	500.0000	0.0000	12017.3503	0.1392	0.1880	0.0327	0.0321	-2.3188	0.5973	-2.7053	0.2765	-14.7232	161.1585	296.6404	301.8092	85.1524	2.4614	1.8908	87.2342
47.2560	12005.0000	-0.1140	1.9042	0.0000	210.4920	287.9500	230.7160	1.8935	311.7300	67.8218	NOT CONNECTED	12000.0000	500.0000	0.0000	12032.0391	0.2435	0.1430	0.0312	0.0312	-2.0982	1.2452	-2.7726	0.1785	-20.8579	172.0173	295.6472	318.5330	85.2936	2.0848	1.8811	87.2342
47.3320	12005.0000	-0.1140	1.9042	0.0000	210.4920	287.9500	230.7160	1.8935	311.7300	67.8218	NOT CONNECTED	12000.0000	500.0000	0.0000	12032.0391	0.2435	0.1430	0.0312	0.0312	-2.0982	1.2452	-2.7726	0.1785	-20.8579	172.0173	295.6472	318.5330	85.2936	2.0848	1.8811	87.2342
47.8463	12003.0000	-0.1250	1.9443	0.0000	209.6140	306.7500	230.6740	2.0041	332.0000	68.0020	NOT CONNECTED	12000.0000	500.0000	0.0000	12024.2453	0.1508	0.1542	0.0309	0.0320	-2.5366	0.7083	-2.7999	0.3158	-6.3453	166.8961	295.6774	320.2816	85.4450	2.4762	1.9347	87.2946
48.0624	12003.0000	-0.1250	1.9443	0.0000	209.6140	306.7500	230.6740	2.0041	332.0000	68.0020	NOT CONNECTED	12000.0000	500.0000	0.0000	12024.2453	0.1508	0.1542	0.0309	0.0320	-2.5366	0.7083	-2.7999	0.3158	-6.3453	166.8961	295.6774	320.2816	85.4450	2.4762	1.9347	87.2946
48.4264	12003.0000	-0.1250	1.9443	0.0000	209.6140	306.7500	230.6740	2.0041	332.0000	68.0020	NOT CONNECTED	12000.0000	500.0000	0.0000	11968.5815	0.0927	0.2269	0.0292	0.0327	-2.4806	0.3415	-2.6862	0.2177	-32.8023	178.5411	295.7144	319.1151	85.5794	3.2247	1.9647	87.2946
48.8327	12031.0000	-0.1240	1.9226	0.0000	209.5110	304.0800	230.6750	1.9888	328.9900	68.2419	NOT CONNECTED	12000.0000	500.0000	0.0000	12046.9727	0.1563	0.1241	0.0322	0.0303	-3.2942	1.0035	-2.4360	0.2145	-23.7238	176.3995	295.6682	336.5116	85.7216	1.8655	1.9100	87.3336
49.0115	12031.0000	-0.1240	1.9226	0.0000	209.5110	304.0800	230.6750	1.9888	328.9900	68.2419	NOT CONNECTED	12000.0000	500.0000	0.0000	12046.9727	0.1563	0.1241	0.0322	0.0303	-3.2942	1.0035	-2.4360	0.2145	-23.7238	176.3995	295.6682	336.5116	85.7216	1.8655	1.9100	87.3336
49.5719	11973.0000	-0.1240	1.9180	0.0000	209.7740	303.0100	230.6840	1.9809	327.5600	68.4536	NOT CONNECTED	12000.0000	500.0000	0.0000	11989.0265	0.1463	0.1988	0.0301	0.0310	-2.2898	0.6211	-2.0823	0.2978	-18.4731	171.5257	295.8258	334.6880	85.8493	3.1962	1.9528	87.3685
49.6059	11973.0000	-0.1240	1.9180	0.0000	209.7740	303.0100	230.6840	1.9809	327.5600	68.4536	NOT CONNECTED	12000.0000	500.0000	0.0000	11989.0265	0.1463	0.1988	0.0301	0.0310	-2.2898	0.6211	-2.0823	0.2978	-18.4731	171.5257	295.8258	334.6880	85.8493	3.1962	1.9528	87.3685
50.2097	12024.0000	-0.1210	1.9481	0.0000	209.6080	305.3300	230.6810	1.9957	330.3500	68.7208	NOT CONNECTED	12000.0000	500.0000	0.0000	12018.5661	0.1710	0.1595	0.0336	0.0304	-2.9201	0.9642	-2.9333	0.2300	-30.5400	172.8215	295.8920	327.6171	85.9829	3.1995	1.9399	87.3685
50.4157	12024.0000	-0.1210	1.9481	0.0000	209.6080	305.3300	230.6810	1.9957	330.3500	68.7208	NOT CONNECTED	12000.0000	500.0000	0.0000	12018.5661	0.1710	0.1595	0.0336	0.0304	-2.9201	0.9642	-2.9333	0.2300	-30.5400	172.8215	295.8920	327.6171	85.9829	3.1995	1.9399	87.3685
50.7998	12019.0000	-0.1230	1.9203	0.0000	209.7590	301.4600	230.6840	1.9728	326.0300	68.9504	NOT CONNECTED	12000.0000	500.0000	0.0000	11997.3669	0.1670	0.1864	0.0324	0.0307	-2.7312	0.8480	-2.6265	0.1687	-20.8303	164.6820	296.0516	317.5120	86.0963	2.5152	1.9373	87.4312
51.1461	12019.0000	-0.1230	1.9203	0.0000	209.7590	301.4600	230.6840	1.9728	326.0300	68.9504	NOT CONNECTED	12000.0000	500.0000	0.0000	11976.1375	0.1770	0.2131	0.0321	0.0303	-3.1362	1.1145	-2.9167	0.3383	-16.5955	165.2908	296.1041	321.3431	86.2057	2.2468	1.9726	87.4312
51.3804	12019.0000	-0.1230	1.9203	0.0000	209.7590	301.4600	230.6840	1.9728	326.0300	68.9504	NOT CONNECTED	12000.0000	500.0000	0.0000	11976.1375	0.1770	0.2131	0.0321	0.0303	-3.1362	1.1145	-2.9167	0.3383	-16.5955	165.2908	296.1041	321.3431	86.2057	2.2468	1.9726	87.4312
51.9816	11985.0000	-0.1220	1.9224	0.0000	210.0630	300.0400	230.6830	1.9653	324.4900	69.2354	NOT CONNECTED	12000.0000	500.0000	0.0000	12003.1079	0.2228	0.1789	0.0303	0.0315	-2.8352	1.3474	-2.3174	0.3443	-23.7686	161.4087	295.9795	326.8308	86.2887	2.6416	1.8533	87.4779
51.9852	11985.0000	-0.1220	1.9224	0.0000	210.0630	300.0400	230.6830	1.9653	324.4900	69.2354	NOT CONNECTED	12000.0000	500.0000	0.0000	12003.1079	0.2228	0.1789	0.0303	0.0315	-2.8352	1.3474	-2.3174	0.3443	-23.7686	161.4087	295.9795	326.8308	86.2887	2.6416	1.8533	87.4779
52.5852	12009.0000	-0.1260	1.9167	0.0000	210.0790	302.2400	230.6820	1.9777	326.7700	69.4411	NOT CONNECTED	12000.0000	500.0000	0.0000	11964.0959	0.1691	0.2321	0.0295	0.0322	-3.1354	1.0799	-3.1320	0.2275	-26.3295	173.1865	295.6788	322.4279	86.3549	3.4095	1.9287	87.5213
52.7212	12009.0000	-0.1260	1.9167	0.0000	210.0790	302.2400	230.6820	1.9777	326.7700	69.4411	NOT CONNECTED	12000.0000	500.0000	0.0000	11964.0959	0.1691	0.2321	0.0295	0.0322	-3.1354	1.0799	-3.1320	0.2275	-26.3295	173.1865	295.6788	322.4279	86.3549	3.4095	1.9287	87.5213
53.1755	11978.0000	-0.1290	1.9378	0.0000	209.7470	309.3200	230.6780	2.0177	334.0300	69.6517	NOT CONNECTED	12000.0000	500.0000	0.0000	12032.9017	0.1435	0.1447	0.0310	0.0321	-3.1837	0.9501	-2.8679	0.3892	-10.0420	163.7598	295.6924	335.2599	86.4359	3.2160	1.9050	87.5213
53.4515	11978.0000	-0.1290	1.9378	0.0000	209.7470	309.3200	230.6780	2.0177	334.0300	69.6517	NOT CONNECTED	12000.0000	500.0000	0.0000	12032.9017	0.1435	0.1447	0.0310	0.0321	-3.1837	0.9501	-2.8679	0.3892	-10.0420	163.7598	295.6924	335.2599	86.4359	3.2160	1.9050	87.5213
53.7555	11978.0000	-0.1290	1.9378	0.0000	209.7470	309.3200	230.6780	2.0177	334.0300	69.6517	NOT CONNECTED	12000.0000	500.0000	0.0000	12014.7287	0.1876	0.1701	0.0303	0.0323	-2.9793	1.2025	-2.3663	0.2194	-19.3950	166.1418	295.7122	322.9509	86.5144	2.3504	1.9318	87.5718
54.3217	12025.0000	-0.1320	1.9325	0.0000	209.8690	309.1000	230.6780	2.0181	334.0500	69.9265	NOT CONNECTED	12000.0000	500.0000	0.0000	11963.7672	0.2585	0.2396	0.0298	0.0313	-2.6044	1.5278	-2.9855	0.2923	-18.4599	167.7234	295.4077	343.0052	86.5902	2.2763	1.9757	87.5718
54.3625	12025.0000	-0.1320	1.9325	0.0000	209.8690	309.1000	230.6780	2.0181	334.0500	69.9265	NOT CONNECTED	12000.0000	500.0000	0.0000	11963.7672	0.2585	0.2396	0.0298	0.0313	-2.6044	1.5278	-2.9855	0.2923	-18.4599	167.7234	295.4077	343.0052	86.5902	2.2763	1.9757	87.5718
54.9611	11992.0000	-0.1400	1.9429	0.0000	209.4230	319.1900	230.6710	2.0750	344.4000	70.1384	NOT CONNECTED	12000.0000	500.0000	0.0000	11979.6812	0.2143	0.2230	0.0319	0.0321	-1.9826	1.0119	-2.3449	0.3975	-14.2796	160.0811	295.3716	352.7391	86.6912	3.2322	1.9326	87.6144
55.0591	11992.0000	-0.1400	1.9429	0.0000	209.4230	319.1900	230.6710	2.0750	344.4000	70.1384	NOT CONNECTED	12000.0000	500.0000	0.0000	11979.6812	0.2143	0.2230	0.0319	0.0321	-1.9826	1.0119	-2.3449	0.3975	-14.2796	160.0811	295.3716	352.7391	86.6912	3.2322	1.9326	87.6144
55.5512	11975.0000	-0.1500	1.9323	0.0000	209.6290	321.6100	230.6690	2.0896	347.1300	70.3695	NOT CONNECTED	12000.0000	500.0000	0.0000	11998.5489	0.1467	0.2046	0.0330	0.0317	-2.5174	0.7207	-2.1260	0.3687	-25.7829	172.5005	294.9323	343.8998	86.7597	3.1032	1.9234	87.6612
55.8421	11975.0000	-0.1500	1.9323	0.0000	209.6290	321.6100	230.6690	2.0896	347.1300	70.3695	NOT CONNECTED	12000.0000	500.0000	0.0000	11998.5489	0.1467	0.2046	0.0330	0.0317	-2.5174	0.7207	-2.1260	0.3687	-25.7829	172.5005	294.9323	343.8998	86.7597	3.1032	1.9234	87.6612
56.1559	11975.0000	-0.1500	1.9323	0.0000	209.6290	321.6100	230.6690	2.0896	347.1300	70.3695	NOT CONNECTED	12000.0000	500.0000	0.0000	11994.5075	0.2373	0.2133	0.0332	0.0297	-2.8451	1.4403	-2.1452	0.2165	-30.4624	179.7585	295.0009	350.7953	86.8239	2.9080	1.9360	87.6612
56.6922	11982.0000	-0.1570	1.9456	0.0000	209.1940	333.2800	230.6650	2.1554	359.3000	70.6063	NOT CONNECTED	12000.0000	500.0000	0.0000	12021.9582	0.1315	0.1802	0.0313	0.0326	-2.3636	0.5157	-3.2480	0.3977	-20.7351	163.1779	294.6995	370.0822	86.8947	2.4990	1.9393	87.7138
56.7461	11982.0000	-0.1570	1.9456	0.0000	209.1940	333.2800	230.6650	2.1554	359.3000	70.6063	NOT CONNECTED	12000.0000	500.0000	0.0000	12021.9582	0.1315	0.1802	0.0313	0.0326	-2.3636	0.5157	-3.2480	0.3977	-20.7351	163.1779	294.6995	370.0822	86.8947	2.4990	1.9393	87.7138
57.3311	12026.0000	-0.1620	1.9513	0.0000	208.7840	342.6700	230.6590	2.2108	369.1600	70.7895	NOT CONNECTED	12000.0000	500.0000	0.0000	12015.7125	0.2712	0.1957	0.0326	0.0300	-2.4021	1.5293	-2.9216	0.3387	-20.5775	161.6889	294.4716	367.0849	86.9704	3.1553	1.9610	87.7138
57.4271	12026.0000	-0.1620	1.9513	0.0000	208.7840	342.6700	230.6590	2.2108	369.1600	70.7895	NOT CONNECTED	12000.0000	500.0000	0.0000	12015.7125	0.2712	0.1957	0.0326	0.0300	-2.4021	1.5293	-2.9216	0.3387	-20.5775	161.6889	294.4716	367.0849	86.9704	3.1553	1.9610	87.7138
57.9195	11983.0000	-0.1650	1.9548	0.0000	208.6380	351.6100	230.6540	2.2615	378.6500	71.0635	NOT CONNECTED	12000.0000	500.0000	0.0000	11972.6253	0.2815	0.2586	0.0310	0.0303	-2.4608	1.6059	-2.3522	0.3742	-11.1644	158.9178	294.0058	387.9160	87.0481	3.3822	1.9329	87.7576
58.2663	11983.0000	-0.1650	1.9548	0.0000	208.6380	351.6100	230.6540	2.2615	378.6500	71.0635	NOT CONNECTED	12000.0000	500.0000	0.0000	12002.3060	0.2173	0.2298	0.0307	0.0305	-2.8367	1.2556	-3.2711	0.4259	-19.0164	157.0507	293.6215	390.5662	87.1160	2.8343	1.9459	87.7576
58.5143	11983.0000	-0.1650	1.9548	0.0000	208.6380	351.6100	230.6540	2.2615	378.6500	71.0635	NOT CONNECTED	12000.0000	500.0000	0.0000	12002.3060	0.2173	0.2298	0.0307	0.0305	-2.8367	1.2556	-3.2711	0.4259	-19.0164	157.0507	293.6215	390.5662	87.1160	2.8343	1.9459	87.7576
59.0004	11976.0000	-0.1790	1.9663	0.0000	208.1440	371.6800	230.6440	2.3774	400.0600	71.2639	NOT CONNECTED	12000.0000	500.0000	0.0000	11998.2214	0.2000	0.2457	0.0299	0.0309	-2.4168	1.0340	-3.1047	0.4344	-17.1396	154.9420	293.2221	409.0862	87.1838	2.5637	1.9627	87.8033
59.1043	11976.0000	-0.1790	1.9663	0.0000	208.1440	371.6800	230.6440	2.3774	400.0600	71.2639	NOT CONNECTED	12000.0000	500.0000	0.0000	11998.2214	0.2000	0.2457	0.0299	0.0309	-2.4168	1.0340	-3.1047	0.4344	-17.1396	154.9420	293.2221	409.0862	87.1838	2.5637	1.9627	87.8033
59.6946	12020.0000	-0.2040	1.9731	0.0000	207.7490	383.5400	230.6360	2.4453	412.5100	71.4620	0.0000	12000.0000	500.0000	0.0000	11995.0437	0.2857	0.2598	0.0291	0.0304	-2.5853	1.6641	-2.6129	0.3722	-13.7275	160.6820	292.7448	422.6577	87.2572	3.1699	1.9668	87.8628
59.7306	12020.0000	-0.2040	1.9731	0.0000	207.7490	383.5400	230.6360	2.4453	412.5100	71.4620	0.0000	12000.0000	500.0000	0.0000	11995.0437	0.2857	0.2598	0.0291	0.0304	-2.5853	1.6641	-2.6129	0.3722	-13.7275	160.6820	292.7448	422.6577	87.2572	3.1699	1.9668	87.8628
60.2853	11988.0000	-0.2090	1.9834	0.0000	207.3760	402.0900	230.6300	2.5514	432.2300	71.7028	0.0000	12000.0000	500.0000	0.0000	11999.5433	0.2495	0.2598	0.0303	0.0311	-2.1745	1.2465	-2.4850	0.3603	-26.6541	161.0245	292.7098	427.2018	87.3342	2.8453	1.9989	87.8628
60.4513	11988.0000	-0.2090	1.9834	0.0000	207.3760	402.0900	230.6300	2.5514	432.2300	71.7028	0.0000	12000.0000	500.0000	0.0000	11999.5433	0.2495	0.2598	0.0303	0.0311	-2.1745	1.2465	-2.4850	0.3603	-26.6541	161.0245	292.7098	427.2018	87.3342	2.8453	1.9989	87.8628
60.8666	11986.0000	-0.2190	1.9863	0.0000	207.3920	406.2700	230.6300	2.5761	436.7200	71.8931	0.0000	12000.0000	500.0000	0.0000	11991.2133	0.2287	0.2759	0.0283	0.0314	-2.3093	1.0903	-3.4201	0.4241	-11.5113	161.1317	292.3739	440.3099	87.4221	2.5271	1.9703	87.9130
61.1817	11986.0000	-0.2190	1.9863	0.0000	207.3920	406.2700	230.6300	2.5761	436.7200	71.8931	0.0000	12000.0000	500.0000	0.0000	11980.4155	0.2744	0.2960	0.0307	0.0312	-2.2051	1.4214	-2.7775	0.3701	-28.9382	162.5703	292.3410	442.2093	87.5019	2.5542	2.0018	87.9130
61.4606	11986.0000	-0.2190	1.9863	0.0000	207.3920	406.2700	230.6300	2.5761	436.7200	71.8931	0.0000	12000.0000	500.0000	0.0000	11980.4155	0.2744	0.2960	0.0307	0.0312	-2.2051	1.4214	-2.7775	0.3701	-28.9382	162.5703	292.3410	442.2093	87.5019	2.5542	2.0018	87.9130
61.9079	11977.0000	-0.2200	2.0088	0.0000	206.8030	422.1000	230.6200	2.6671	453.5400	72.1403	0.0000	12000.0000	500.0000	0.0000	11997.5465	0.2658	0.2751	0.0304	0.0290	-2.2890	1.4666	-3.3486	0.3965	-18.3244	173.2111	292.3452	451.2058	87.5678	2.4289	1.9834	87.9696
62.0508	11977.0000	-0.2200	2.0088	0.0000	206.8030	422.1000	230.6200	2.6671	453.5400	72.1403	0.0000	12000.0000	500.0000	0.0000	11997.5465	0.2658	0.2751	0.0304	0.0290	-2.2890	1.4666	-3.3486	0.3965	-18.3244	173.2111	292.3452	451.2058	87.5678	2.4289	1.9834	87.9696
62.6369	12023.0000	-0.2200	1.9988	0.0000	207.1480	419.8800	230.6240	2.6523	450.9400	72.3619	1.0000	12000.0000	500.0000	0.0000	12003.6686	0.3166	0.2739	0.0322	0.0287	-2.5783	1.9169	-2.7565	0.4253	-9.7453	169.0146	292.0614	460.9284	87.6991	2.8555	2.0127	88.0385
63.1581	11981.0000	-0.2200	2.0155	0.0000	206.7310	429.8400	230.6160	2.7111	461.5200	72.5955	1.0000	12000.0000	500.0000	0.0000	12003.6686	0.3166	0.2739	0.0322	0.0287	-2.5783	1.9169	-2.7565	0.4253	-9.7453	169.0146	292.0614	460.9284	87.6991	2.8555	2.0127	88.0385
63.4736	11981.0000	-0.2200	2.0155	0.0000	206.7310	429.8400	230.6160	2.7111	461.5200	72.5955	1.0000	12000.0000	500.0000	0.0000	12018.8820	0.2337	0.2574	0.0304	0.0317	-2.6999	1.2562	-2.4627	0.3498	-28.9071	169.1198	292.0250	457.8509	87.7912	3.0906	2.0162	88.0938
63.7576	11981.0000	-0.2200	2.0155	0.0000	206.7310	429.8400	230.6160	2.7111	461.5200	72.5955	1.0000	12000.0000	500.0000	0.0000	12018.8820	0.2337	0.2574	0.0304	0.0317	-2.6999	1.2562	-2.4627	0.3498	-28.9071	169.1198	292.0250	457.8509	87.7912	3.0906	2.0162	88.0938
64.2096	11994.0000	-0.2220	2.0118	0.0000	206.6070	432.9600	230.6160	2.7262	464.5700	72.7724	1.0000	12000.0000	500.0000	0.0000	11972.6381	0.2324	0.3212	0.0291	0.0316	-2.2708	1.0885	-3.0029	0.4073	-27.0746	160.8232	291.9207	466.6878	87.8715	2.5978	2.0188	88.0938
64.3541	11994.0000	-0.2220	2.0118	0.0000	206.6070	432.9600	230.6160	2.7262	464.5700	72.7724	1.0000	12000.0000	500.0000	0.0000	11972.6381	0.2324	0.3212	0.0291	0.0316	-2.2708	1.0885	-3.0029	0.4073	-27.0746	160.8232	291.9207	466.6878	87.8715	2.5978	2.0188	88.0938
64.9402	11986.0000	-0.2260	2.0204	0.0000	206.3990	441.9200	230.6110	2.7804	474.2800	72.9960	1.0000	12000.0000	500.0000	0.0000	11998.1503	0.2476	0.2918	0.0288	0.0319	-2.2542	1.1624	-3.3683	0.4363	-22.2437	169.2998	291.7448	468.8667	87.9477	3.0881	1.9827	88.1598
64.9444	11986.0000	-0.2260	2.0204	0.0000	206.3990	441.9200	230.6110	2.7804	474.2800	72.9960	1.0000	12000.0000	500.0000	0.0000	11998.1503	0.2476	0.2918	0.0288	0.0319	-2.2542	1.1624	-3.3683	0.4363	-22.2437	169.2998	291.7448	468.8667	87.9477	3.0881	1.9827	88.1598
65.5344	11995.0000	-0.2260	2.0199	0.0000	206.5250	446.2200	230.6090	2.8026	478.6600	73.2127	1.0000	12000.0000	500.0000	0.0000	12022.1681	0.3118	0.2646	0.0287	0.0292	-1.9071	1.7145	-2.5396	0.2902	-19.8446	151.0571	291.6182	479.0335	88.0096	2.6039	2.0042	88.1598
65.6704	11995.0000	-0.2260	2.0199	0.0000	206.5250	446.2200	230.6090	2.8026	478.6600	73.2127	1.0000	12000.0000	500.0000	0.0000	12022.1681	0.3118	0.2646	0.0287	0.0292	-1.9071	1.7145	-2.5396	0.2902	-19.8446	151.0571	291.6182	479.0335	88.0096	2.6039	2.0042	88.1598
66.1225	11988.0000	-0.2290	2.0297	0.0000	206.4010	449.9500	230.6090	2.8257	482.5900	73.4332	1.0000	12000.0000	500.0000	0.0000	11997.4404	0.2672	0.2956	0.0293	0.0300	-2.2412	1.4543	-2.5463	0.4527	-10.7726	160.7408	291.8689	464.8401	88.0858	3.1473	2.0250	88.2311
66.3986	11988.0000	-0.2290	2.0297	0.0000	206.4010	449.9500	230.6090	2.8257	482.5900	73.4332	1.0000	12000.0000	500.0000	0.0000	11997.4404	0.2672	0.2956	0.0293	0.0300	-2.2412	1.4543	-2.5463	0.4527	-10.7726	160.7408	291.8689	464.8401	88.0858	3.1473	2.0250	88.2311
66.7083	11988.0000	-0.2290	2.0297	0.0000	206.4010	449.9500	230.6090	2.8257	482.5900	73.4332	1.0000	12000.0000	500.0000	0.0000	11993.7568	0.2638	0.3006	0.0324	0.0299	-2.2924	1.3952	-2.4265	0.4214	-17.1144	147.6601	291.9272	470.7916	88.1723	3.1122	2.0337	88.2930
67.1331	12000.0000	-0.2300	2.0206	0.0000	206.4870	447.8300	230.6100	2.8118	479.9600	73.6542	1.0000	12000.0000	500.0000	0.0000	11995.5240	0.2585	0.2987	0.0296	0.0321	-2.6950	1.4086	-2.5201	0.4445	-7.3677	169.1088	291.9361	472.2923	88.2445	3.2521	2.0224	88.2930
67.3228	12000.0000	-0.2300	2.0206	0.0000	206.4870	447.8300	230.6100	2.8118	479.9600	73.6542	1.0000	12000.0000	500.0000	0.0000	11995.5240	0.2585	0.2987	0.0296	0.0321	-2.6950	1.4086	-2.5201	0.4445	-7.3677	169.1088	291.9361	472.2923	88.2445	3.2521	2.0224	88.2930
67.8709	12022.0000	-0.2310	2.0305	0.0000	206.5370	450.7000	230.6080	2.8282	483.0600	73.8739	1.0000	12000.0000	500.0000	0.0000	11983.5291	0.2888	0.3162	0.0312	0.0291	-2.1201	1.5577	-2.5454	0.4257	-17.3801	166.4277	291.7950	477.4152	88.3095	3.1828	1.9831	88.3540
67.9193	12022.0000	-0.2310	2.0305	0.0000	206.5370	450.7000	230.6080	2.8282	483.0600	73.8739	1.0000	12000.0000	500.0000	0.0000	11983.5291	0.2888	0.3162	0.0312	0.0291	-2.1201	1.5577	-2.5454	0.4257	-17.3801	166.4277	291.7950	477.4152	88.3095	3.1828	1.9831	88.3540
68.5094	11994.0000	-0.2380	2.0225	0.0000	206.6080	452.4600	230.6060	2.8381	484.8500	74.0449	2.0000	12000.0000	500.0000	0.0000	11981.3947	0.3319	0.3194	0.0315	0.0289	-2.4512	1.9647	-3.0044	0.4382	-26.3972	160.8005	291.8587	473.4464	88.3559	3.2100	2.0064	88.3540
68.6054	11994.0000	-0.2380	2.0225	0.0000	206.6080	452.4600	230.6060	2.8381	484.8500	74.0449	2.0000	12000.0000	500.0000	0.0000	11981.3947	0.3319	0.3194	0.0315	0.0289	-2.4512	1.9647	-3.0044	0.4382	-26.3972	160.8005	291.8587	473.4464	88.3559	3.2100	2.0064	88.3540
69.1233	11994.0000	-0.2340	2.0238	0.0000	206.6510	452.5200	230.6080	2.8380	484.8600	74.2784	2.0000	12000.0000	500.0000	0.0000	11984.6936	0.3020	0.3152	0.0310	0.0314	-2.5259	1.6933	-2.8111	0.3867	-22.7970	167.4682	291.8337	475.0970	88.4097	2.5598	1.9980	88.4248
69.4731	11994.0000	-0.2340	2.0238	0.0000	206.6510	452.5200	230.6080	2.8380	484.8600	74.2784	2.0000	12000.0000	500.0000	0.0000	11974.7456	0.2427	0.3263	0.0296	0.0320	-2.7165	1.3421	-2.9514	0.4713	-14.3164	171.5025	291.9907	473.5865	88.4826	2.6173	2.0255	88.4824
69.7132	11994.0000	-0.2340	2.0238	0.0000	206.6510	452.5200	230.6080	2.8380	484.8600	74.2784	2.0000	12000.0000	500.0000	0.0000	11974.7456	0.2427	0.3263	0.0296	0.0320	-2.7165	1.3421	-2.9514	0.4713	-14.3164	171.5025	291.9907	473.5865	88.4826	2.6173	2.0255	88.4824
70.2038	11987.0000	-0.2330	2.0169	0.0000	206.7870	450.0800	230.6090	2.8238	482.2000	74.4895	2.0000	12000.0000	500.0000	0.0000	12001.4993	0.2406	0.2931	0.0285	0.0321	-2.3307	1.2489	-2.6921	0.4281	-7.5350	168.6828	291.9612	479.2386	88.5457	3.3307	2.0257	88.4824
70.2959	11987.0000	-0.2330	2.0169	0.0000	206.7870	450.0800	230.6090	2.8238	482.2000	74.4895	2.0000	12000.0000	500.0000	0.0000	12001.4993	0.2406	0.2931	0.0285	0.0321	-2.3307	1.2489	-2.6921	0.4281	-7.5350	168.6828	291.9612	479.2386	88.5457	3.3307	2.0257	88.4824
70.8942	12004.0000	-0.2320	2.0206	0.0000	206.6990	450.8800	230.6070	2.8286	482.9900	74.7048	2.0000	12000.0000	500.0000	0.0000	11981.0345	0.3053	0.3198	0.0280	0.0303	-2.2653	1.6521	-2.9136	0.4567	-10.2996	162.9425	291.9084	473.3014	88.6089	2.7033	2.0211	88.5428
70.9396	12004.0000	-0.2320	2.0206	0.0000	206.6990	450.8800	230.6070	2.8286	482.9900	74.7048	2.0000	12000.0000	500.0000	0.0000	11981.0345	0.3053	0.3198	0.0280	0.0303	-2.2653	1.6521	-2.9136	0.4567	-10.2996	162.9425	291.9084	473.3014	88.6089	2.7033	2.0211	88.5428
71.4841	11983.0000	-0.2330	2.0227	0.0000	206.6030	452.6000	230.6050	2.8381	484.7800	74.8535	2.0000	12000.0000	500.0000	0.0000	11997.3564	0.2755	0.2979	0.0311	0.0308	-2.4408	1.4080	-2.6496	0.4627	-19.4178	161.4505	292.0816	472.7682	88.6685	2.9611	2.0143	88.5428
71.6701	11983.0000	-0.2330	2.0227	0.0000	206.6030	452.6000	230.6050	2.8381	484.7800	74.8535	2.0000	12000.0000	500.0000	0.0000	11997.3564	0.2755	0.2979	0.0311	0.0308	-2.4408	1.4080	-2.6496	0.4627	-19.4178	161.4505	292.0816	472.7682	88.6685	2.9611	2.0143	88.5428
72.0688	11988.0000	-0.2360	2.0129	0.0000	206.6690	449.4800	230.6060	2.8207	481.3000	75.0289	2.0000	12000.0000	500.0000	0.0000	11986.8944	0.3047	0.3108	0.0282	0.0307	-2.2465	1.6343	-3.0465	0.4564	-18.3961	161.2196	292.1491	468.4622	88.7212	2.7992	2.0095	88.6139
72.4014	11988.0000	-0.2360	2.0129	0.0000	206.6690	449.4800	230.6060	2.8207	481.3000	75.0289	2.0000	12000.0000	500.0000	0.0000	11995.4424	0.3021	0.2985	0.0306	0.0306	-2.5996	1.7404	-2.5505	0.4445	-25.7589	156.0860	292.2422	468.0180	88.7817	2.9797	2.0400	88.6746
72.6617	11988.0000	-0.2360	2.0129	0.0000	206.6690	449.4800	230.6060	2.8207	481.3000	75.0289	2.0000	12000.0000	500.0000	0.0000	11995.4424	0.3021	0.2985	0.0306	0.0306	-2.5996	1.7404	-2.5505	0.4445	-25.7589	156.0860	292.2422	468.0180	88.7817	2.9797	2.0400	88.6746
73.1382	11976.0000	-0.2360	2.0283	0.0000	206.6370	449.9300	230.6060	2.8240	481.8500	75.2149	2.0000	12000.0000	500.0000	0.0000	12005.2237	0.2727	0.2869	0.0299	0.0315	-2.2404	1.2785	-3.2002	0.4134	-7.8444	167.3223	292.1333	472.2895	88.8394	2.5700	2.0048	88.6746
73.2529	11976.0000	-0.2360	2.0283	0.0000	206.6370	449.9300	230.6060	2.8240	481.8500	75.2149	2.0000	12000.0000	500.0000	0.0000	12005.2237	0.2727	0.2869	0.0299	0.0315	-2.2404	1.2785	-3.2002	0.4134	-7.8444	167.3223	292.1333	472.2895	88.8394	2.5700	2.0048	88.6746
73.8377	11988.0000	-0.2340	2.0166	0.0000	206.7670	449.2800	230.6060	2.8195	481.0100	75.3564	2.0000	12000.0000	500.0000	0.0000	11997.8985	0.2990	0.2950	0.0329	0.0313	-2.6755	1.6887	-3.0423	0.3902	-20.1415	168.8589	292.3483	466.1009	88.8825	2.5460	2.0136	88.7364
73.8637	11988.0000	-0.2340	2.0166	0.0000	206.7670	449.2800	230.6060	2.8195	481.0100	75.3564	2.0000	12000.0000	500.0000	0.0000	11997.8985	0.2990	0.2950	0.0329	0.0313	-2.6755	1.6887	-3.0423	0.3902	-20.1415	168.8589	292.3483	466.1009	88.8825	2.5460	2.0136	88.7364
74.4260	11976.0000	-0.2340	2.0205	0.0000	206.6750	447.6200	230.6090	2.8088	479.0500	75.5565	3.0000	12000.0000	500.0000	0.0000	12007.9933	0.2562	0.2815	0.0289	0.0317	-2.0677	1.2283	-2.5445	0.4003	-25.0169	162.4025	292.3770	468.3786	88.9328	3.3379	2.0160	88.7364
74.6020	11976.0000	-0.2340	2.0205	0.0000	206.6750	447.6200	230.6090	2.8088	479.0500	75.5565	3.0000	12000.0000	500.0000	0.0000	12007.9933	0.2562	0.2815	0.0289	0.0317	-2.0677	1.2283	-2.5445	0.4003	-25.0169	162.4025	292.3770	468.3786	88.9328	3.3379	2.0160	88.7364
75.0216	11976.0000	-0.2340	2.0205	0.0000	206.6750	447.6200	230.6090	2.8088	479.0500	75.5565	3.0000	12000.0000	500.0000	0.0000	12026.0859	0.2888	0.2582	0.0294	0.0316	-2.1753	1.4514	-2.6833	0.3262	-5.9754	175.8589	292.1661	477.4567	88.9829	3.2538	2.0135	88.8035
75.4454	11994.0000	-0.2350	2.0190	0.0000	206.5620	448.1000	230.6060	2.8128	479.5400	75.7491	3.0000	12000.0000	500.0000	0.0000	12018.9018	0.2954	0.2676	0.0321	0.0287	-2.0959	1.6116	-2.8639	0.4215	-19.7832	167.7095	292.2641	477.6347	89.0482	2.5451	2.0101	88.8624
75.6213	11994.0000	-0.2350	2.0190	0.0000	206.5620	448.1000	230.6060	2.8128	479.5400	75.7491	3.0000	12000.0000	500.0000	0.0000	12018.9018	0.2954	0.2676	0.0321	0.0287	-2.0959	1.6116	-2.8639	0.4215	-19.7832	167.7095	292.2641	477.6347	89.0482	2.5451	2.0101	88.8624
76.1854	11987.0000	-0.2330	2.0167	0.0000	206.7180	447.0500	230.6080	2.8056	478.3400	75.8843	3.0000	12000.0000	500.0000	0.0000	11979.6007	0.2887	0.3182	0.0306	0.0322	-2.6865	1.6119	-2.9230	0.3963	-27.9433	169.5611	292.2100	474.3135	89.0753	3.1974	1.9667	88.8624
76.2295	11987.0000	-0.2330	2.0167	0.0000	206.7180	447.0500	230.6080	2.8056	478.3400	75.8843	3.0000	12000.0000	500.0000	0.0000	11979.6007	0.2887	0.3182	0.0306	0.0322	-2.6865	1.6119	-2.9230	0.3963	-27.9433	169.5611	292.2100	474.3135	89.0753	3.1974	1.9667	88.8624
76.8157	11993.0000	-0.2310	2.0189	0.0000	206.6690	447.5500	230.6080	2.8102	478.9900	76.0600	3.0000	12000.0000	500.0000	0.0000	12018.8703	0.3137	0.2666	0.0303	0.0314	-2.4998	1.7509	-2.7875	0.3883	-27.6553	165.7688	292.3431	470.1039	89.1042	2.5653	1.9859	88.9243
76.9117	11993.0000	-0.2310	2.0189	0.0000	206.6690	447.5500	230.6080	2.8102	478.9900	76.0600	3.0000	12000.0000	500.0000	0.0000	12018.8703	0.3137	0.2666	0.0303	0.0314	-2.4998	1.7509	-2.7875	0.3883	-27.6553	165.7688	292.3431	470.1039	89.1042	2.5653	1.9859	88.9243
77.4047	11993.0000	-0.2310	2.0189	0.0000	206.6690	447.5500	230.6080	2.8102	478.9900	76.0600	3.0000	12000.0000	500.0000	0.0000	11999.1306	0.2928	0.2927	0.0291	0.0319	-2.4608	1.5661	-3.3438	0.4103	-12.4165	173.3951	292.3338	472.7648	89.1469	2.7183	1.9956	88.9243
77.9977	11990.0000	-0.2300	2.0191	0.0000	206.7580	447.3300	230.6080	2.8085	478.8100	76.3610	3.0000	12000.0000	500.0000	0.0000	11981.4926	0.2900	0.3158	0.0316	0.0318	-2.2178	1.5352	-2.6546	0.3720	-17.1200	173.2633	292.3737	468.7633	89.1761	3.0449	1.9641	88.9890
78.1537	11990.0000	-0.2300	2.0191	0.0000	206.7580	447.3300	230.6080	2.8085	478.8100	76.3610	3.0000	12000.0000	500.0000	0.0000	11981.4926	0.2900	0.3158	0.0316	0.0318	-2.2178	1.5352	-2.6546	0.3720	-17.1200	173.2633	292.3737	468.7633	89.1761	3.0449	1.9641	88.9890
78.5850	12028.0000	-0.2300	2.0140	0.0000	206.7700	447.3500	230.6090	2.8075	478.5600	76.5279	3.0000	12000.0000	500.0000	0.0000	12019.3844	0.2424	0.2669	0.0285	0.0324	-2.4252	1.1668	-3.0027	0.4297	-17.8423	169.1615	292.4198	467.5240	89.2303	2.7836	2.0555	89.0395
78.8830	12028.0000	-0.2300	2.0140	0.0000	206.7700	447.3500	230.6090	2.8075	478.5600	76.5279	3.0000	12000.0000	500.0000	0.0000	11974.7328	0.2867	0.3239	0.0274	0.0316	-2.7657	1.6639	-3.0152	0.3731	-26.8881	165.8936	292.4319	471.5740	89.2854	2.5131	2.0043	89.0395
79.1753	12028.0000	-0.2300	2.0140	0.0000	206.7700	447.3500	230.6090	2.8075	478.5600	76.5279	3.0000	12000.0000	500.0000	0.0000	11974.7328	0.2867	0.3239	0.0274	0.0316	-2.7657	1.6639	-3.0152	0.3731	-26.8881	165.8936	292.4319	471.5740	89.2854	2.5131	2.0043	89.0395
79.6213	12021.0000	-0.2300	2.0179	0.0000	206.7920	446.3700	230.6090	2.8014	477.5800	76.6848	3.0000	12000.0000	500.0000	0.0000	12015.6880	0.2994	0.2721	0.0312	0.0319	-2.4505	1.5675	-3.0263	0.4076	-14.1123	173.8403	292.3568	471.8170	89.3344	2.9321	2.0169	89.0915
79.7714	12021.0000	-0.2300	2.0179	0.0000	206.7920	446.3700	230.6090	2.8014	477.5800	76.6848	3.0000	12000.0000	500.0000	0.0000	12015.6880	0.2994	0.2721	0.0312	0.0319	-2.4505	1.5675	-3.0263	0.4076	-14.1123	173.8403	292.3568	471.8170	89.3344	2.9321	2.0169	89.0915
80.3527	11997.0000	-0.2310	2.0204	0.0000	206.7670	450.0900	230.6050	2.8224	481.4800	76.8577	4.0000	12000.0000	500.0000	0.0000	11996.6570	0.3240	0.2970	0.0307	0.0295	-2.3371	1.8070	-2.4699	0.3918	-14.3684	150.6664	292.3784	467.3183	89.3864	2.9902	2.0104	89.0915
80.3767	11997.0000	-0.2310	2.0204	0.0000	206.7670	450.0900	230.6050	2.8224	481.4800	76.8577	4.0000	12000.0000	500.0000	0.0000	11996.6570	0.3240	0.2970	0.0307	0.0295	-2.3371	1.8070	-2.4699	0.3918	-14.3684	150.6664	292.3784	467.3183	89.3864	2.9902	2.0104	89.0915
80.9667	11992.0000	-0.2310	2.0193	0.0000	206.7540	448.3100	230.6070	2.8128	479.5700	77.0088	4.0000	12000.0000	500.0000	0.0000	11979.7534	0.3288	0.3177	0.0306	0.0291	-2.8140	1.9552	-3.0032	0.4228	-17.1366	158.3084	292.4294	470.4740	89.4355	2.7359	2.0124	89.1603
81.1928	11992.0000	-0.2310	2.0193	0.0000	206.7540	448.3100	230.6070	2.8128	479.5700	77.0088	4.0000	12000.0000	500.0000	0.0000	11979.7534	0.3288	0.3177	0.0306	0.0291	-2.8140	1.9552	-3.0032	0.4228	-17.1366	158.3084	292.4294	470.4740	89.4355	2.7359	2.0124	89.1603
81.5553	11992.0000	-0.2310	2.0193	0.0000	206.7540	448.3100	230.6070	2.8128	479.5700	77.0088	4.0000	12000.0000	500.0000	0.0000	12027.1141	0.2556	0.2566	0.0328	0.0301	-2.2543	1.3343	-2.5661	0.4433	-12.3395	162.5427	292.3752	470.3000	89.4903	2.8928	2.0341	89.1603
81.9360	12010.0000	-0.2320	2.0163	0.0000	206.8720	446.9200	230.6080	2.8059	478.0800	77.1764	4.0000	12000.0000	500.0000	0.0000	12009.1963	0.2341	0.2791	0.0308	0.0322	-2.3860	1.2439	-2.4988	0.3738	-22.4399	171.2799	292.4414	472.1466	89.5247	2.7261	1.9634	89.2162
82.1602	12010.0000	-0.2320	2.0163	0.0000	206.8720	446.9200	230.6080	2.8059	478.0800	77.1764	4.0000	12000.0000	500.0000	0.0000	12009.1963	0.2341	0.2791	0.0308	0.0322	-2.3860	1.2439	-2.4988	0.3738	-22.4399	171.2799	292.4414	472.1466	89.5247	2.7261	1.9634	89.2162
82.6662	12031.0000	-0.2300	2.0155	0.0000	206.7760	447.3100	230.6070	2.8086	478.5100	77.3189	4.0000	12000.0000	500.0000	0.0000	11985.0736	0.2487	0.3091	0.0310	0.0322	-2.5246	1.3256	-2.5290	0.3963	-14.0792	165.8753	292.5904	465.0434	89.5597	3.0105	1.9918	89.2734
82.7502	12031.0000	-0.2300	2.0155	0.0000	206.7760	447.3100	230.6070	2.8086	478.5100	77.3189	4.0000	12000.0000	500.0000	0.0000	11985.0736	0.2487	0.3091	0.0310	0.0322	-2.5246	1.3256	-2.5290	0.3963	-14.0792	165.8753	292.5904	465.0434	89.5597	3.0105	1.9918	89.2734
83.3406	12030.0000	-0.2300	2.0076	0.0000	207.0800	443.8700	230.6090	2.7867	474.7100	77.4770	4.0000	12000.0000	500.0000	0.0000	11988.8260	0.2934	0.3038	0.0302	0.0322	-2.0037	1.5091	-2.5467	0.4475	-14.4539	172.9696	292.5085	470.0357	89.5978	3.2222	1.9880	89.2734
83.3966	12030.0000	-0.2300	2.0076	0.0000	207.0800	443.8700	230.6090	2.7867	474.7100	77.4770	4.0000	12000.0000	500.0000	0.0000	11988.8260	0.2934	0.3038	0.0302	0.0322	-2.0037	1.5091	-2.5467	0.4475	-14.4539	172.9696	292.5085	470.0357	89.5978	3.2222	1.9880	89.2734
83.9291	11982.0000	-0.2290	2.0071	0.0000	207.0840	444.3400	230.6060	2.7902	475.1900	77.6275	4.0000	12000.0000	500.0000	0.0000	11974.1010	0.3169	0.3268	0.0306	0.0312	-2.8424	1.7375	-2.8330	0.3879	-17.0734	177.2762	292.1939	481.8746	89.6350	3.1215	1.9934	89.3344
84.1251	11982.0000	-0.2290	2.0071	0.0000	207.0840	444.3400	230.6060	2.7902	475.1900	77.6275	4.0000	12000.0000	500.0000	0.0000	11974.1010	0.3169	0.3268	0.0306	0.0312	-2.8424	1.7375	-2.8330	0.3879	-17.0734	177.2762	292.1939	481.8746	89.6350	3.1215	1.9934	89.3344
84.5127	11973.0000	-0.2310	2.0172	0.0000	206.9230	448.1800	230.6050	2.8122	479.3800	77.7343	4.0000	12000.0000	500.0000	0.0000	12023.0365	0.2701	0.2629	0.0302	0.0310	-2.2052	1.4578	-2.6946	0.4332	-15.5975	166.2802	292.4182	478.5405	89.6888	2.5288	2.0292	89.3344
84.8604	11973.0000	-0.2310	2.0172	0.0000	206.9230	448.1800	230.6050	2.8122	479.3800	77.7343	4.0000	12000.0000	500.0000	0.0000	11979.4585	0.2766	0.3189	0.0309	0.0312	-2.0556	1.4375	-2.9527	0.3543	-23.1567	178.8317	292.5267	474.4480	89.7437	3.1881	2.0122	89.3849
85.1095	11973.0000	-0.2310	2.0172	0.0000	206.9230	448.1800	230.6050	2.8122	479.3800	77.7343	4.0000	12000.0000	500.0000	0.0000	11979.4585	0.2766	0.3189	0.0309	0.0312	-2.0556	1.4375	-2.9527	0.3543	-23.1567	178.8317	292.5267	474.4480	89.7437	3.1881	2.0122	89.3849
85.5956	11980.0000	-0.2300	2.0185	0.0000	206.9480	448.1500	230.6030	2.8116	479.2400	77.8644	4.0000	12000.0000	500.0000	0.0000	11984.3649	0.3244	0.3116	0.0305	0.0306	-2.2777	1.7460	-3.3031	0.4460	-8.5896	171.2844	292.4779	477.0274	89.7933	3.0694	2.0108	89.4411
85.6942	11980.0000	-0.2300	2.0185	0.0000	206.9480	448.1500	230.6030	2.8116	479.2400	77.8644	4.0000	12000.0000	500.0000	0.0000	11984.3649	0.3244	0.3116	0.0305	0.0306	-2.2777	1.7460	-3.3031	0.4460	-8.5896	171.2844	292.4779	477.0274	89.7933	3.0694	2.0108	89.4411
86.3042	12027.0000	-0.2290	2.0176	0.0000	206.7940	446.9500	230.5990	2.8058	478.0300	78.0281	5.0000	12000.0000	500.0000	0.0000	11992.3743	0.3275	0.3024	0.0286	0.0302	-2.3169	1.8271	-3.2980	0.4692	-23.6911	150.6144	292.3790	471.4126	89.8423	3.0816	2.0108	89.4411
86.3302	12027.0000	-0.2290	2.0176	0.0000	206.7940	446.9500	230.5990	2.8058	478.0300	78.0281	5.0000	12000.0000	500.0000	0.0000	11992.3743	0.3275	0.3024	0.0286	0.0302	-2.3169	1.8271	-3.2980	0.4692	-23.6911	150.6144	292.3790	471.4126	89.8423	3.0816	2.0108	89.4411
86.9113	11988.0000	-0.2290	2.0185	0.0000	206.7840	450.9900	230.5940	2.8280	482.2900	78.1810	5.0000	12000.0000	500.0000	0.0000	11993.4747	0.2630	0.3014	0.0301	0.0320	-2.5965	1.3926	-3.3317	0.4523	-6.5150	173.3806	292.3313	478.9616	89.8900	2.9842	2.0090	89.5064
87.1803	11988.0000	-0.2290	2.0185	0.0000	206.7840	450.9900	230.5940	2.8280	482.2900	78.1810	5.0000	12000.0000	500.0000	0.0000	11993.4747	0.2630	0.3014	0.0301	0.0320	-2.5965	1.3926	-3.3317	0.4523	-6.5150	173.3806	292.3313	478.9616	89.8900	2.9842	2.0090	89.5064
87.4944	11988.0000	-0.2290	2.0185	0.0000	206.7840	450.9900	230.5940	2.8280	482.2900	78.1810	5.0000	12000.0000	500.0000	0.0000	12018.5265	0.2777	0.2678	0.0287	0.0317	-2.1256	1.3875	-2.7723	0.3954	-29.6542	170.8696	292.3451	478.2802	89.9481	2.9730	2.0550	89.5064
87.9104	11976.0000	-0.2300	2.0100	0.0000	206.8650	446.3600	230.5960	2.8021	477.2700	78.3216	5.0000	12000.0000	500.0000	0.0000	11983.8019	0.2828	0.3123	0.0297	0.0310	-2.7578	1.5868	-3.0699	0.3721	-23.8237	173.8573	292.3943	475.1433	89.9899	2.8372	1.9945	89.5608
88.0896	11976.0000	-0.2300	2.0100	0.0000	206.8650	446.3600	230.5960	2.8021	477.2700	78.3216	5.0000	12000.0000	500.0000	0.0000	11983.8019	0.2828	0.3123	0.0297	0.0310	-2.7578	1.5868	-3.0699	0.3721	-23.8237	173.8573	292.3943	475.1433	89.9899	2.8372	1.9945	89.5608
88.6446	12040.0000	-0.2290	2.0132	0.0000	206.9020	446.3200	230.5920	2.8026	477.3900	78.4636	5.0000	12000.0000	500.0000	0.0000	12013.2739	0.2893	0.2746	0.0326	0.0295	-2.5366	1.6822	-2.6202	0.4669	-14.0528	161.1668	292.4407	469.9234	90.0200	2.5189	1.9682	89.6155
88.6886	12040.0000	-0.2290	2.0132	0.0000	206.9020	446.3200	230.5920	2.8026	477.3900	78.4636	5.0000	12000.0000	500.0000	0.0000	12013.2739	0.2893	0.2746	0.0326	0.0295	-2.5366	1.6822	-2.6202	0.4669	-14.0528	161.1668	292.4407	469.9234	90.0200	2.5189	1.9682	89.6155
89.2934	12036.0000	-0.2320	2.0090	0.0000	206.9140	447.0000	230.5860	2.8057	477.8500	78.5752	5.0000	12000.0000	500.0000	0.0000	12020.8578	0.2954	0.2642	0.0322	0.0319	-2.1467	1.4582	-2.7190	0.4720	-8.9470	161.0780	292.4927	472.7896	90.0393	2.2188	1.9674	89.6155
89.3694	12036.0000	-0.2320	2.0090	0.0000	206.9140	447.0000	230.5860	2.8057	477.8500	78.5752	5.0000	12000.0000	500.0000	0.0000	12020.8578	0.2954	0.2642	0.0322	0.0319	-2.1467	1.4582	-2.7190	0.4720	-8.9470	161.0780	292.4927	472.7896	90.0393	2.2188	1.9674	89.6155
89.8912	12029.0000	-0.2290	2.0149	0.0000	206.8870	446.5300	230.5840	2.8029	477.5600	78.7131	5.0000	12000.0000	500.0000	0.0000	11985.6366	0.3264	0.3000	0.0300	0.0304	-2.4056	1.8883	-2.3642	0.4569	-14.0211	167.4861	292.4737	465.8184	90.0714	2.8795	1.9914	89.6748
90.0953	12029.0000	-0.2290	2.0149	0.0000	206.8870	446.5300	230.5840	2.8029	477.5600	78.7131	5.0000	12000.0000	500.0000	0.0000	11985.6366	0.3264	0.3000	0.0300	0.0304	-2.4056	1.8883	-2.3642	0.4569	-14.0211	167.4861	292.4737	465.8184	90.0714	2.8795	1.9914	89.6748
90.4774	12004.0000	-0.2300	2.0225	0.0000	206.7580	451.5200	230.5720	2.8314	482.8100	78.8578	5.0000	12000.0000	500.0000	0.0000	12020.9138	0.3123	0.2662	0.0323	0.0304	-2.2105	1.6857	-2.6705	0.4536	-18.3850	160.2762	292.3328	473.3171	90.1205	2.9276	2.0418	89.6748
90.8438	12004.0000	-0.2300	2.0225	0.0000	206.7580	451.5200	230.5720	2.8314	482.8100	78.8578	5.0000	12000.0000	500.0000	0.0000	11996.5253	0.3125	0.2973	0.0285	0.0304	-2.5920	1.8096	-2.5108	0.4458	-12.3782	164.9055	292.4185	467.6027	90.1776	3.1683	2.0082	89.7202
91.0726	12004.0000	-0.2300	2.0225	0.0000	206.7580	451.5200	230.5720	2.8314	482.8100	78.8578	5.0000	12000.0000	500.0000	0.0000	11996.5253	0.3125	0.2973	0.0285	0.0304	-2.5920	1.8096	-2.5108	0.4458	-12.3782	164.9055	292.4185	467.6027	90.1776	3.1683	2.0082	89.7202
91.5787	11980.0000	-0.2290	2.0152	0.0000	206.9120	448.3700	230.5720	2.8124	479.3100	78.9800	5.0000	12000.0000	500.0000	0.0000	12012.1898	0.2814	0.2769	0.0291	0.0312	-2.1327	1.4167	-3.0842	0.4051	-13.2159	161.8835	292.5097	467.8179	90.2289	2.6584	2.0105	89.7713
91.6726	11980.0000	-0.2290	2.0152	0.0000	206.9120	448.3700	230.5720	2.8124	479.3100	78.9800	5.0000	12000.0000	500.0000	0.0000	12012.1898	0.2814	0.2769	0.0291	0.0312	-2.1327	1.4167	-3.0842	0.4051	-13.2159	161.8835	292.5097	467.8179	90.2289	2.6584	2.0105	89.7713
92.2800	11989.0000	-0.2300	2.0117	0.0000	206.7910	447.3200	230.5670	2.8072	478.3100	79.0894	6.0000	12000.0000	500.0000	0.0000	11996.0043	0.3404	0.2974	0.0301	0.0284	-2.3719	2.0420	-3.1838	0.4234	-14.8939	170.4310	292.4738	469.3728	90.2763	2.5696	2.0071	89.7713
92.3360	11989.0000	-0.2300	2.0117	0.0000	206.7910	447.3200	230.5670	2.8072	478.3100	79.0894	6.0000	12000.0000	500.0000	0.0000	11996.0043	0.3404	0.2974	0.0301	0.0284	-2.3719	2.0420	-3.1838	0.4234	-14.8939	170.4310	292.4738	469.3728	90.2763	2.5696	2.0071	89.7713
93.0709	12025.0000	-0.2320	2.0127	0.0000	206.8050	447.5500	230.5630	2.8078	478.3800	79.2228	NOT CONNECTED	12000.0000	500.0000	0.0000	11982.7271	0.3039	0.3134	0.0286	0.0307	-2.2521	1.6058	-3.1687	0.4491	-13.9691	159.5672	292.4395	466.2132	90.3637	2.8654	2.0272	89.8310
93.3929	12025.0000	-0.2320	2.0127	0.0000	206.8050	447.5500	230.5630	2.8078	478.3800	79.2228	NOT CONNECTED	12000.0000	500.0000	0.0000	11982.7271	0.3039	0.3134	0.0286	0.0307	-2.2521	1.6058	-3.1687	0.4491	-13.9691	159.5672	292.4395	466.2132	90.3637	2.8654	2.0272	89.8310
93.8389	11992.0000	-0.2320	2.0075	0.0000	207.0990	445.6000	230.5560	2.7977	476.4300	79.3154	NOT CONNECTED	0.0000	500.0000	0.0000	12017.2699	0.2770	0.2682	0.0290	0.0320	-2.3513	1.3467	-2.7648	0.3945	-16.0586	172.6095	292.4602	470.0752	90.4165	2.6820	2.0000	89.8821
93.9976	11992.0000	-0.2320	2.0075	0.0000	207.0990	445.6000	230.5560	2.7977	476.4300	79.3154	NOT CONNECTED	0.0000	500.0000	0.0000	12017.2699	0.2770	0.2682	0.0290	0.0320	-2.3513	1.3467	-2.7648	0.3945	-16.0586	172.6095	292.4602	470.0752	90.4165	2.6820	2.0000	89.8821
94.6058	12076.0000	-0.1550	1.9779	0.0000	207.8150	423.3100	230.5680	2.6804	453.9000	79.5002	NOT CONNECTED	0.0000	500.0000	0.0000	12055.6186	0.1821	0.1779	0.0326	0.0315	-2.2504	0.8619	-2.9814	0.2383	-23.5045	166.0504	297.7994	309.4706	90.4518	2.9888	1.9372	89.9324
94.8418	12076.0000	-0.1550	1.9779	0.0000	207.8150	423.3100	230.5680	2.6804	453.9000	79.5002	NOT CONNECTED	0.0000	500.0000	0.0000	12055.6186	0.1821	0.1779	0.0326	0.0315	-2.2504	0.8619	-2.9814	0.2383	-23.5045	166.0504	297.7994	309.4706	90.4518	2.9888	1.9372	89.9324
95.2059	12002.0000	-0.1100	1.8629	0.0000	212.4110	265.3600	230.6810	1.7611	285.9600	79.5939	NOT CONNECTED	0.0000	500.0000	0.0000	12013.0547	0.1650	0.1592	0.0333	0.0331	-2.2858	0.8025	-2.7134	0.2439	-16.2176	176.9086	298.3391	304.5716	90.4188	2.8347	1.8411	89.9324
95.5666	12002.0000	-0.1100	1.8629	0.0000	212.4110	265.3600	230.6810	1.7611	285.9600	79.5939	NOT CONNECTED	0.0000	500.0000	0.0000	12001.9224	0.1536	0.1729	0.0312	0.0323	-3.1006	0.9893	-3.3409	0.2917	-7.7026	166.8629	297.5188	322.7100	90.3695	2.0850	1.8668	89.9771
95.8105	12002.0000	-0.1100	1.8629	0.0000	212.4110	265.3600	230.6810	1.7611	285.9600	79.5939	NOT CONNECTED	0.0000	500.0000	0.0000	12001.9224	0.1536	0.1729	0.0312	0.0323	-3.1006	0.9893	-3.3409	0.2917	-7.7026	166.8629	297.5188	322.7100	90.3695	2.0850	1.8668	89.9771
96.3326	11984.0000	-0.1150	1.9011	0.0000	211.2910	292.4200	230.6010	1.9197	314.6000	79.6683	NOT CONNECTED	0.0000	500.0000	0.0000	11979.5471	0.1438	0.2039	0.0334	0.0310	-3.0883	0.8883	-3.0652	0.2296	-15.7139	170.6072	297.4530	316.5804	90.3534	2.4607	1.9224	89.9771
96.4166	11984.0000	-0.1150	1.9011	0.0000	211.2910	292.4200	230.6010	1.9197	314.6000	79.6683	NOT CONNECTED	0.0000	500.0000	0.0000	11979.5471	0.1438	0.2039	0.0334	0.0310	-3.0883	0.8883	-3.0652	0.2296	-15.7139	170.6072	297.4530	316.5804	90.3534	2.4607	1.9224	89.9771
96.9991	11994.0000	-0.1170	1.8971	0.0000	211.4490	293.8800	230.6020	1.9277	315.9800	79.7537	NOT CONNECTED	0.0000	500.0000	0.0000	11997.0848	0.2238	0.1797	0.0325	0.0311	-2.5842	1.3566	-2.3390	0.2277	-28.7773	170.2126	297.7178	301.1568	90.3533	2.5991	1.8603	89.9843
97.0551	11994.0000	-0.1170	1.8971	0.0000	211.4490	293.8800	230.6020	1.9277	315.9800	79.7537	NOT CONNECTED	0.0000	500.0000	0.0000	11997.0848	0.2238	0.1797	0.0325	0.0311	-2.5842	1.3566	-2.3390	0.2277	-28.7773	170.2126	297.7178	301.1568	90.3533	2.5991	1.8603	89.9843
97.5958	12008.0000	-0.1160	1.8921	0.0000	211.4020	290.4500	230.6030	1.9074	312.4100	79.8052	NOT CONNECTED	0.0000	500.0000	0.0000	12013.6749	0.1010	0.1563	0.0339	0.0330	-2.4414	0.3952	-3.0311	0.2058	-32.0928	181.4142	297.8481	306.2155	90.3420	2.4928	1.8895	90.0046
97.8418	12008.0000	-0.1160	1.8921	0.0000	211.4020	290.4500	230.6030	1.9074	312.4100	79.8052	NOT CONNECTED	0.0000	500.0000	0.0000	12013.6749	0.1010	0.1563	0.0339	0.0330	-2.4414	0.3952	-3.0311	0.2058	-32.0928	181.4142	297.8481	306.2155	90.3420	2.4928	1.8895	90.0046
98.1995	12008.0000	-0.1160	1.8921	0.0000	211.4020	290.4500	230.6030	1.9074	312.4100	79.8052	NOT CONNECTED	0.0000	500.0000	0.0000	12002.1894	0.1165	0.1665	0.0317	0.0315	-3.2249	0.8095	-1.9984	0.3011	-14.3676	158.6891	297.9794	285.8064	90.3426	3.1749	1.8731	90.0046
98.5751	11977.0000	-0.1030	1.8978	0.0000	211.2580	288.0100	230.5910	1.8929	309.7700	79.9148	NOT CONNECTED	0.0000	500.0000	0.0000	11723.6814	0.0809	0.0527	0.0339	0.0351	-2.3349	0.3715	-2.4330	0.0866	-26.7180	173.7771	304.9573	151.4045	90.3182	2.7035	1.7486	90.0284
98.8091	11977.0000	-0.1030	1.8978	0.0000	211.2580	288.0100	230.5910	1.8929	309.7700	79.9148	NOT CONNECTED	0.0000	500.0000	0.0000	11723.6814	0.0809	0.0527	0.0339	0.0351	-2.3349	0.3715	-2.4330	0.0866	-26.7180	173.7771	304.9573	151.4045	90.3182	2.7035	1.7486	90.0284
99.3356	11580.0000	-0.0420	1.7451	0.0000	217.2590	136.0800	230.6760	0.9958	151.6800	79.9506	NOT CONNECTED	0.0000	500.0000	0.0000	11401.8858	0.0613	0.0600	0.0362	0.0351	-2.4564	0.2780	-2.4056	0.1619	-25.8378	167.7696	304.5016	156.4053	90.2464	2.4415	1.7694	90.0284
99.3896	11580.0000	-0.0420	1.7451	0.0000	217.2590	136.0800	230.6760	0.9958	151.6800	79.9506	NOT CONNECTED	0.0000	500.0000	0.0000	11401.8858	0.0613	0.0600	0.0362	0.0351	-2.4564	0.2780	-2.4056	0.1619	-25.8378	167.7696	304.5016	156.4053	90.2464	2.4415	1.7694	90.0284
99.9961	11216.0000	-0.0460	1.7298	0.0000	216.5580	141.7700	230.6360	1.0312	157.6500	79.9972	NOT CONNECTED	0.0000	500.0000	0.0000	11105.5848	0.1023	0.0520	0.0363	0.0358	-2.4927	0.4849	-2.1815	-0.0116	-16.4966	184.8190	304.9119	143.1240	90.1825	2.6776	1.6809	90.0168
100.0616	11216.0000	-0.0460	1.7298	0.0000	216.5580	141.7700	230.6360	1.0312	157.6500	79.9972	NOT CONNECTED	0.0000	500.0000	0.0000	11105.5848	0.1023	0.0520	0.0363	0.0358	-2.4927	0.4849	-2.1815	-0.0116	-16.4966	184.8190	304.9119	143.1240	90.1825	2.6776	1.6809	90.0168
100.5915	10830.0000	-0.0390	1.6781	0.0000	216.8200	126.9600	230.6330	0.9410	142.4000	80.0307	NOT CONNECTED	0.0000	500.0000	0.0000	10770.8150	0.1243	0.0932	0.0351	0.0378	-2.3368	0.5352	-2.3223	0.2002	-21.3300	164.4146	305.3258	141.8785	90.0999	2.5579	1.6583	89.9753
100.8423	10830.0000	-0.0390	1.6781	0.0000	216.8200	126.9600	230.6330	0.9410	142.4000	80.0307	NOT CONNECTED	0.0000	500.0000	0.0000	10770.8150	0.1243	0.0932	0.0351	0.0378	-2.3368	0.5352	-2.3223	0.2002	-21.3300	164.4146	305.3258	141.8785	90.0999	2.5579	1.6583	89.9753
101.1960	10830.0000	-0.0390	1.6781	0.0000	216.8200	126.9600	230.6330	0.9410	142.4000	80.0307	NOT CONNECTED	0.0000	500.0000	0.0000	10473.9336	0.0035	0.0866	0.0394	0.0381	-2.1153	-0.1015	-2.5896	0.0659	-34.8574	181.3872	306.0703	125.2059	90.0131	2.8448	1.6223	89.9753
101.5720	10428.0000	-0.0370	1.6603	0.0000	216.2610	121.7100	230.6290	0.9090	137.0300	80.0008	NOT CONNECTED	0.0000	500.0000	0.0000	10202.0071	0.0068	0.0441	0.0404	0.0399	-2.3751	0.0919	-1.8582	0.1216	10.2711	165.7439	306.4555	119.5622	89.9217	2.6152	1.5881	89.9267
101.7859	10428.0000	-0.0370	1.6603	0.0000	216.2610	121.7100	230.6290	0.9090	137.0300	80.0008	NOT CONNECTED	0.0000	500.0000	0.0000	10202.0071	0.0068	0.0441	0.0404	0.0399	-2.3751	0.0919	-1.8582	0.1216	10.2711	165.7439	306.4555	119.5622	89.9217	2.6152	1.5881	89.9267
102.3374	10054.0000	-0.0290	1.5837	0.0000	217.0530	106.7100	230.6250	0.8155	121.4100	80.0541	NOT CONNECTED	0.0000	500.0000	0.0000	9870.2856	0.0340	0.0855	0.0406	0.0416	-2.6227	0.2729	-2.0479	0.1725	-21.5961	167.2497	307.0679	107.3571	89.8267	2.3593	1.5921	89.9267
102.3760	10054.0000	-0.0290	1.5837	0.0000	217.0530	106.7100	230.6250	0.8155	121.4100	80.0541	NOT CONNECTED	0.0000	500.0000	0.0000	9870.2856	0.0340	0.0855	0.0406	0.0416	-2.6227	0.2729	-2.0479	0.1725	-21.5961	167.2497	307.0679	107.3571	89.8267	2.3593	1.5921	89.9267
102.9862	9673.0000	-0.0220	1.5598	0.0000	216.5550	98.3900	230.6250	0.7634	112.7300	80.0322	NOT CONNECTED	0.0000	500.0000	0.0000	9604.1293	0.1008	0.0372	0.0427	0.0421	-2.4133	0.4788	-2.4638	-0.0006	-17.4816	178.4406	307.6522	100.9771	89.7342	2.3112	1.5006	89.8470
103.0622	9673.0000	-0.0220	1.5598	0.0000	216.5550	98.3900	230.6250	0.7634	112.7300	80.0322	NOT CONNECTED	0.0000	500.0000	0.0000	9604.1293	0.1008	0.0372	0.0427	0.0421	-2.4133	0.4788	-2.4638	-0.0006	-17.4816	178.4406	307.6522	100.9771	89.7342	2.3112	1.5006	89.8470
103.5707	9314.0000	-0.0150	1.4642	0.0000	217.7700	83.7000	230.6200	0.6696	97.3400	80.0360	NOT CONNECTED	0.0000	500.0000	0.0000	9299.6306	0.0668	0.0368	0.0434	0.0449	-1.8523	0.2120	-2.2006	-0.0058	-9.6610	183.1817	308.3678	89.8095	89.6158	2.0289	1.4426	89.7517
103.8392	9314.0000	-0.0150	1.4642	0.0000	217.7700	83.7000	230.6200	0.6696	97.3400	80.0360	NOT CONNECTED	0.0000	500.0000	0.0000	9299.6306	0.0668	0.0368	0.0434	0.0449	-1.8523	0.2120	-2.2006	-0.0058	-9.6610	183.1817	308.3678	89.8095	89.6158	2.0289	1.4426	89.7517
104.1836	9314.0000	-0.0150	1.4642	0.0000	217.7700	83.7000	230.6200	0.6696	97.3400	80.0360	NOT CONNECTED	0.0000	500.0000	0.0000	8998.2787	0.0529	0.0396	0.0448	0.0461	-1.9394	0.2169	-2.0820	0.0798	-11.2682	174.5064	308.9739	81.1574	89.4809	1.9664	1.3875	89.7517
104.5696	8946.0000	-0.0130	1.4085	0.0000	218.6820	77.6000	230.6180	0.6292	90.8100	79.9736	NOT CONNECTED	0.0000	500.0000	0.0000	8691.8655	0.0376	0.0446	0.0474	0.0477	-1.9858	0.1448	-1.8995	0.0463	-21.8460	168.6734	309.5535	74.6897	89.3361	1.9472	1.3129	89.6376
104.7682	8946.0000	-0.0130	1.4085	0.0000	218.6820	77.6000	230.6180	0.6292	90.8100	79.9736	NOT CONNECTED	0.0000	500.0000	0.0000	8691.8655	0.0376	0.0446	0.0474	0.0477	-1.9858	0.1448	-1.8995	0.0463	-21.8460	168.6734	309.5535	74.6897	89.3361	1.9472	1.3129	89.6376
105.3321	8571.0000	-0.0110	1.3127	0.0000	219.5590	64.3600	230.6170	0.5422	76.8300	79.9934	NOT CONNECTED	0.0000	500.0000	0.0000	8403.5139	0.0154	0.0331	0.0496	0.0491	-1.8184	0.0186	-1.8137	0.0265	-18.0143	179.0464	310.3004	66.8105	89.1920	1.8250	1.3056	89.6376
105.3634	8571.0000	-0.0110	1.3127	0.0000	219.5590	64.3600	230.6170	0.5422	76.8300	79.9934	NOT CONNECTED	0.0000	500.0000	0.0000	8403.5139	0.0154	0.0331	0.0496	0.0491	-1.8184	0.0186	-1.8137	0.0265	-18.0143	179.0464	310.3004	66.8105	89.1920	1.8250	1.3056	89.6376
105.9533	8186.0000	-0.0060	1.2619	0.0000	219.9170	57.4100	230.6180	0.4955	69.4300	79.9028	NOT CONNECTED	0.0000	500.0000	0.0000	8103.6051	0.0302	0.0311	0.0518	0.0515	-1.6509	0.0946	-1.6827	0.0599	-17.0710	173.1602	310.8598	60.1777	89.0433	1.6832	1.2120	89.4898
106.0693	8186.0000	-0.0060	1.2619	0.0000	219.9170	57.4100	230.6180	0.4955	69.4300	79.9028	NOT CONNECTED	0.0000	500.0000	0.0000	8103.6051	0.0302	0.0311	0.0518	0.0515	-1.6509	0.0946	-1.6827	0.0599	-17.0710	173.1602	310.8598	60.1777	89.0433	1.6832	1.2120	89.4898
106.5439	7825.0000	-0.0090	1.1551	0.0000	220.3320	47.6500	230.6200	0.4286	59.0000	79.8338	NOT CONNECTED	0.0000	500.0000	0.0000	7820.5522	0.0204	0.0203	0.0530	0.0531	-1.7308	0.0533	-1.6487	0.0708	-18.9458	165.9300	311.2571	54.3684	88.8784	1.6200	1.1326	89.4898
106.8402	7825.0000	-0.0090	1.1551	0.0000	220.3320	47.6500	230.6200	0.4286	59.0000	79.8338	NOT CONNECTED	0.0000	500.0000	0.0000	7527.6568	0.0429	0.0156	0.0521	0.0531	-1.6852	0.1459	-1.6166	0.0160	-6.3975	168.0696	311.5045	50.8751	88.7202	1.6744	1.1267	89.3226
107.1248	7825.0000	-0.0090	1.1551	0.0000	220.3320	47.6500	230.6200	0.4286	59.0000	79.8338	NOT CONNECTED	0.0000	500.0000	0.0000	7527.6568	0.0429	0.0156	0.0521	0.0531	-1.6852	0.1459	-1.6166	0.0160	-6.3975	168.0696	311.5045	50.8751	88.7202	1.6744	1.1267	89.3226
107.5654	7436.0000	-0.0070	1.1445	0.0000	214.9280	45.6700	230.6180	0.4184	57.4600	79.7002	NOT CONNECTED	0.0000	500.0000	0.0000	7236.2791	-0.0069	0.0132	0.0523	0.0531	-1.6218	-0.0002	-1.8887	0.0828	-7.4524	155.7059	311.4965	48.6232	88.5772	1.6309	1.1255	89.1391
107.7094	7436.0000	-0.0070	1.1445	0.0000	214.9280	45.6700	230.6180	0.4184	57.4600	79.7002	NOT CONNECTED	0.0000	500.0000	0.0000	7236.2791	-0.0069	0.0132	0.0523	0.0531	-1.6218	-0.0002	-1.8887	0.0828	-7.4524	155.7059	311.4965	48.6232	88.5772	1.6309	1.1255	89.1391
108.3032	7077.0000	-0.0010	1.1441	0.0000	208.0380	44.0700	230.6160	0.4110	56.2500	79.6287	NOT CONNECTED	0.0000	500.0000	0.0000	6929.7032	0.0394	0.0272	0.0533	0.0531	-1.7685	0.1650	-1.6387	0.0735	-13.1052	152.1237	311.8683	42.3461	88.4452	1.7640	1.1374	89.1391
108.3320	7077.0000	-0.0010	1.1441	0.0000	208.0380	44.0700	230.6160	0.4110	56.2500	79.6287	NOT CONNECTED	0.0000	500.0000	0.0000	6929.7032	0.0394	0.0272	0.0533	0.0531	-1.7685	0.1650	-1.6387	0.0735	-13.1052	152.1237	311.8683	42.3461	88.4452	1.7640	1.1374	89.1391
108.8863	6688.0000	-0.0000	1.1410	0.0000	194.2220	38.3900	230.6150	0.3781	51.2900	79.5498	NOT CONNECTED	0.0000	500.0000	0.0000	6643.2488	0.0161	0.0081	0.0531	0.0531	-1.6485	0.0400	-1.7381	-0.0147	-13.8147	152.9653	312.4522	37.8736	88.3351	1.6999	1.1311	88.9421
109.0623	6688.0000	-0.0000	1.1410	0.0000	194.2220	38.3900	230.6150	0.3781	51.2900	79.5498	NOT CONNECTED	0.0000	500.0000	0.0000	6643.2488	0.0161	0.0081	0.0531	0.0531	-1.6485	0.0400	-1.7381	-0.0147	-13.8147	152.9653	312.4522	37.8736	88.3351	1.6999	1.1311	88.9421
109.4861	6322.0000	0.0000	1.1384	0.0000	179.9770	32.1100	230.6140	0.3382	45.2300	79.4308	NOT CONNECTED	0.0000	500.0000	0.0000	6343.1057	-0.0039	0.0221	0.0530	0.0531	-1.6136	-0.0093	-1.6497	0.0328	-12.7206	139.9939	312.6632	36.2080	88.2336	1.6835	1.1324	88.9421
109.8383	6322.0000	0.0000	1.1384	0.0000	179.9770	32.1100	230.6140	0.3382	45.2300	79.4308	NOT CONNECTED	0.0000	500.0000	0.0000	6055.3597	0.0124	-0.0000	0.0533	0.0531	-1.6492	0.0583	-1.6077	-0.0043	-11.9219	135.9359	312.7362	34.4438	88.1396	1.6577	1.1344	88.7443
110.0762	6322.0000	0.0000	1.1384	0.0000	179.9770	32.1100	230.6140	0.3382	45.2300	79.4308	NOT CONNECTED	0.0000	500.0000	0.0000	6055.3597	0.0124	-0.0000	0.0533	0.0531	-1.6492	0.0583	-1.6077	-0.0043	-11.9219	135.9359	312.7362	34.4438	88.1396	1.6577	1.1344	88.7443
110.5619	5934.0000	0.0020	1.1390	0.0000	173.0360	30.5900	230.6120	0.3289	43.8400	79.3256	NOT CONNECTED	0.0000	500.0000	0.0000	5759.6113	0.0034	-0.0000	0.0530	0.0531	-1.7053	0.0179	-1.5794	-0.0158	-12.9765	131.0212	313.1758	31.7662	88.0560	1.5612	1.1367	88.5468
110.6707	5934.0000	0.0020	1.1390	0.0000	173.0360	30.5900	230.6120	0.3289	43.8400	79.3256	NOT CONNECTED	0.0000	500.0000	0.0000	5759.6113	0.0034	-0.0000	0.0530	0.0531	-1.7053	0.0179	-1.5794	-0.0158	-12.9765	131.0212	313.1758	31.7662	88.0560	1.5612	1.1367	88.5468
111.2763	5580.0000	0.0010	1.1394	0.0000	165.9700	28.5400	230.6120	0.3157	41.8500	79.2424	NOT CONNECTED	0.0000	500.0000	0.0000	5483.6946	0.0111	-0.0000	0.0532	0.0531	-1.7104	0.0319	-1.5080	0.0042	-11.8329	121.0879	313.1756	30.2215	87.9853	1.5916	1.1480	88.5468
111.3353	5580.0000	0.0010	1.1394	0.0000	165.9700	28.5400	230.6120	0.3157	41.8500	79.2424	NOT CONNECTED	0.0000	500.0000	0.0000	5483.6946	0.0111	-0.0000	0.0532	0.0531	-1.7104	0.0319	-1.5080	0.0042	-11.8329	121.0879	313.1756	30.2215	87.9853	1.5916	1.1480	88.5468
111.8729	5214.0000	0.0070	1.1401	0.0000	152.7800	26.6200	230.6100	0.3035	40.0600	79.1280	NOT CONNECTED	0.0000	500.0000	0.0000	5205.7701	-0.0048	-0.0000	0.0531	0.0531	-1.4605	0.0114	-1.5033	0.0176	-10.1881	110.5874	313.1649	29.0106	87.9200	1.4028	1.1390	88.3436
112.0669	5214.0000	0.0070	1.1401	0.0000	152.7800	26.6200	230.6100	0.3035	40.0600	79.1280	NOT CONNECTED	0.0000	500.0000	0.0000	5205.7701	-0.0048	-0.0000	0.0531	0.0531	-1.4605	0.0114	-1.5033	0.0176	-10.1881	110.5874	313.1649	29.0106	87.9200	1.4028	1.1390	88.3436
112.4710	4883.0000	0.0060	1.1386	0.0000	139.6780	26.5500	230.6050	0.3036	40.1200	79.0202	NOT CONNECTED	0.0000	500.0000	0.0000	4903.6903	0.0152	-0.0000	0.0529	0.0531	-1.7741	0.0493	-1.5587	0.0101	-11.8347	107.9139	313.1716	29.9978	87.8611	1.5831	1.1400	88.3436
112.8370	4883.0000	0.0060	1.1386	0.0000	139.6780	26.5500	230.6050	0.3036	40.1200	79.0202	NOT CONNECTED	0.0000	500.0000	0.0000	4652.9571	-0.0102	-0.0000	0.0530	0.0531	-1.5263	-0.0208	-1.4534	-0.0010	-12.4278	105.5493	313.1378	29.4504	87.8102	1.5328	1.1428	88.3671
113.0617	4883.0000	0.0060	1.1386	0.0000	139.6780	26.5500	230.6050	0.3036	40.1200	79.0202	NOT CONNECTED	0.0000	500.0000	0.0000	4652.9571	-0.0102	-0.0000	0.0530	0.0531	-1.5263	-0.0208	-1.4534	-0.0010	-12.4278	105.5493	313.1378	29.4504	87.8102	1.5328	1.1428	88.3671
113.5670	4548.0000	0.0010	1.1401	0.0000	133.4350	26.3900	230.6050	0.3030	40.0200	78.9549	NOT CONNECTED	0.0000	500.0000	0.0000	4389.7951	-0.0038	-0.0000	0.0530	0.0531	-1.5088	-0.0070	-1.3348	0.0147	-11.1509	95.3992	313.1743	30.2364	87.7632	1.8112	1.1448	88.3903
113.6611	4548.0000	0.0010	1.1401	0.0000	133.4350	26.3900	230.6050	0.3030	40.0200	78.9549	NOT CONNECTED	0.0000	500.0000	0.0000	4389.7951	-0.0038	-0.0000	0.0530	0.0531	-1.5088	-0.0070	-1.3348	0.0147	-11.1509	95.3992	313.1743	30.2364	87.7632	1.8112	1.1448	88.3903
114.2515	4230.0000	0.0000	1.1418	0.0000	127.2720	26.3300	230.6030	0.3024	39.9400	78.8909	NOT CONNECTED	0.0000	500.0000	0.0000	4120.6005	0.0034	-0.0000	0.0531	0.0531	-1.6668	-0.0042	-1.5205	-0.0003	-10.3494	90.9750	313.1446	30.1296	87.7220	1.8513	1.1579	88.3903
114.3375	4230.0000	0.0000	1.1418	0.0000	127.2720	26.3300	230.6030	0.3024	39.9400	78.8909	NOT CONNECTED	0.0000	500.0000	0.0000	4120.6005	0.0034	-0.0000	0.0531	0.0531	-1.6668	-0.0042	-1.5205	-0.0003	-10.3494	90.9750	313.1446	30.1296	87.7220	1.8513	1.1579	88.3903
114.8366	3905.0000	0.0000	1.1417	0.0000	115.2490	26.0200	230.6040	0.3001	39.6500	78.8428	NOT CONNECTED	0.0000	500.0000	0.0000	3889.3701	0.0068	-0.0000	0.0532	0.0531	-1.7335	0.0231	-1.8165	0.0159	-13.2739	84.4172	313.1987	30.0284	87.6872	1.6020	1.1480	88.4095
115.0627	3905.0000	0.0000	1.1417	0.0000	115.2490	26.0200	230.6040	0.3001	39.6500	78.8428	NOT CONNECTED	0.0000	500.0000	0.0000	3889.3701	0.0068	-0.0000	0.0532	0.0531	-1.7335	0.0231	-1.8165	0.0159	-13.2739	84.4172	313.1987	30.0284	87.6872	1.6020	1.1480	88.4095
115.4257	3905.0000	0.0000	1.1417	0.0000	115.2490	26.0200	230.6040	0.3001	39.6500	78.8428	NOT CONNECTED	0.0000	500.0000	0.0000	3632.4329	0.0034	-0.0000	0.0531	0.0531	-1.7299	-0.0064	-1.5742	0.0042	-13.1678	78.6903	313.2122	29.4548	87.6544	1.7895	1.1482	88.4095
116.0245	3400.0000	0.0000	1.1423	0.0000	98.1210	25.9300	230.6010	0.2992	39.4900	78.8120	NOT CONNECTED	0.0000	500.0000	0.0000	3422.0112	-0.0024	-0.0000	0.0531	0.0531	-1.7870	-0.0275	-1.4635	0.0047	-12.3309	74.7414	313.1445	29.5671	87.6236	1.4245	1.1503	88.4279
116.3306	3400.0000	0.0000	1.1423	0.0000	98.1210	25.9300	230.6010	0.2992	39.4900	78.8120	NOT CONNECTED	0.0000	500.0000	0.0000	3156.1407	0.0101	-0.1019	0.0538	0.0531	-1.8856	0.0644	-1.7504	0.0228	-10.0083	66.7942	313.6194	23.2825	87.5971	1.8485	1.1514	88.4454
116.6148	3400.0000	0.0000	1.1423	0.0000	98.1210	25.9300	230.6010	0.2992	39.4900	78.8120	NOT CONNECTED	0.0000	500.0000	0.0000	3156.1407	0.0101	-0.1019	0.0538	0.0531	-1.8856	0.0644	-1.7504	0.0228	-10.0083	66.7942	313.6194	23.2825	87.5971	1.8485	1.1514	88.4454
117.0608	3071.0000	0.0330	1.1419	0.0000	92.6870	25.5400	230.6000	0.2971	39.2500	78.8339	NOT CONNECTED	0.0000	500.0000	0.0000	2789.6381	-0.0323	-0.1214	0.0532	0.0533	-1.8611	-0.2044	-1.8945	-0.2748	-8.8776	73.5799	315.3873	15.4903	87.5743	1.9011	1.1654	88.4454
117.2151	3071.0000	0.0330	1.1419	0.0000	92.6870	25.5400	230.6000	0.2971	39.2500	78.8339	NOT CONNECTED	0.0000	500.0000	0.0000	2789.6381	-0.0323	-0.1214	0.0532	0.0533	-1.8611	-0.2044	-1.8945	-0.2748	-8.8776	73.5799	315.3873	15.4903	87.5743	1.9011	1.1654	88.4454
117.8020	2587.0000	0.0560	1.1572	0.0000	77.8280	9.2300	230.6040	0.1827	22.7100	78.8804	NOT CONNECTED	0.0000	500.0000	0.0000	2357.4529	-0.0939	-0.0868	0.0531	0.0534	-1.8896	-0.3356	-1.3486	0.0184	-14.9020	52.3643	316.0934	10.1987	87.5577	1.4812	1.1676	88.4606
117.8380	2587.0000	0.0560	1.1572	0.0000	77.8280	9.2300	230.6040	0.1827	22.7100	78.8804	NOT CONNECTED	0.0000	500.0000	0.0000	2357.4529	-0.0939	-0.0868	0.0531	0.0534	-1.8896	-0.3356	-1.3486	0.0184	-14.9020	52.3643	316.0934	10.1987	87.5577	1.4812	1.1676	88.4606
118.3938	1960.0000	0.0870	1.1565	0.0000	67.4830	6.3700	230.6000	0.1606	19.6000	78.9817	NOT CONNECTED	0.0000	500.0000	0.0000	1905.4316	-0.0566	-0.0447	0.0531	0.0531	-1.4973	-0.1935	-1.6578	-0.0333	-11.3955	40.4568	314.7975	21.6970	87.5413	1.7077	1.1577	88.4606
118.5698	1960.0000	0.0870	1.1565	0.0000	67.4830	6.3700	230.6000	0.1606	19.6000	78.9817	NOT CONNECTED	0.0000	500.0000	0.0000	1905.4316	-0.0566	-0.0447	0.0531	0.0531	-1.4973	-0.1935	-1.6578	-0.0333	-11.3955	40.4568	314.7975	21.6970	87.5413	1.7077	1.1577	88.4606
118.9741	1583.0000	0.0310	1.1362	0.0000	47.8800	19.6700	230.5850	0.2500	32.4400	79.0820	NOT CONNECTED	0.0000	500.0000	0.0000	1599.2633	-0.0392	-0.0077	0.0531	0.0531	-1.6704	-0.1108	-1.5996	-0.0111	-11.7932	34.9936	314.0779	22.8647	87.5213	1.6009	1.1489	88.4762
119.3302	1583.0000	0.0310	1.1362	0.0000	47.8800	19.6700	230.5850	0.2500	32.4400	79.0820	NOT CONNECTED	0.0000	500.0000	0.0000	1315.8067	0.0020	-0.0361	0.0532	0.0531	-1.6129	-0.0031	-1.7015	-0.0624	-11.5020	27.2599	313.9290	25.2382	87.5018	1.6231	1.1494	88.4762
119.5442	1583.0000	0.0310	1.1362	0.0000	47.8800	19.6700	230.5850	0.2500	32.4400	79.0820	NOT CONNECTED	0.0000	500.0000	0.0000	1315.8067	0.0020	-0.0361	0.0532	0.0531	-1.6129	-0.0031	-1.7015	-0.0624	-11.5020	27.2599	313.9290	25.2382	87.5018	1.6231	1.1494	88.4762
120.0553	1201.0000	0.0320	1.1350	0.0000	41.1160	20.4600	230.5870	0.2550	33.1700	79.1603	NOT CONNECTED	0.0000	500.0000	0.0000	1030.5272	-0.0102	-0.0484	0.0531	0.0531	-1.5965	-0.0383	-1.6079	-0.0219	-11.4716	21.1263	313.8249	26.7103	87.4832	1.6013	1.1471	88.4898
120.1252	1201.0000	0.0320	1.1350	0.0000	41.1160	20.4600	230.5870	0.2550	33.1700	79.1603	NOT CONNECTED	0.0000	500.0000	0.0000	1030.5272	-0.0102	-0.0484	0.0531	0.0531	-1.5965	-0.0383	-1.6079	-0.0219	-11.4716	21.1263	313.8249	26.7103	87.4832	1.6013	1.1471	88.4898
120.7227	837.0000	0.0350	1.1338	0.0000	34.6390	21.3200	230.5880	0.2588	33.7500	79.1837	NOT CONNECTED	0.0000	500.0000	0.0000	734.6030	-0.0087	-0.0261	0.0532	0.0531	-1.5972	-0.0317	-1.7392	-0.0483	-11.9587	13.3707	313.6937	28.3845	87.4647	1.7419	1.1453	88.5014
120.8288	837.0000	0.0350	1.1338	0.0000	34.6390	21.3200	230.5880	0.2588	33.7500	79.1837	NOT CONNECTED	0.0000	500.0000	0.0000	734.6030	-0.0087	-0.0261	0.0532	0.0531	-1.5972	-0.0317	-1.7392	-0.0483	-11.9587	13.3707	313.6937	28.3845	87.4647	1.7419	1.1453	88.5014
121.3128	443.0000	0.0340	1.1271	0.0000	22.4410	23.3800	230.5860	0.2703	35.4800	79.2065	NOT CONNECTED	0.0000	500.0000	0.0000	430.9245	0.0366	0.0048	0.0529	0.0531	-1.7066	0.1229	-1.5138	-0.0453	-11.5902	8.2442	313.5909	29.0216	87.4456	1.5432	1.1345	88.5014
121.5588	443.0000	0.0340	1.1271	0.0000	22.4410	23.3800	230.5860	0.2703	35.4800	79.2065	NOT CONNECTED	0.0000	500.0000	0.0000	430.9245	0.0366	0.0048	0.0529	0.0531	-1.7066	0.1229	-1.5138	-0.0453	-11.5902	8.2442	313.5909	29.0216	87.4456	1.5432	1.1345	88.5014
121.9070	443.0000	0.0340	1.1271	0.0000	22.4410	23.3800	230.5860	0.2703	35.4800	79.2065	NOT CONNECTED	0.0000	500.0000	0.0000	0.0000	0.0000	0.0000	0.0931	0.0531	-1.7018	0.0907	-1.7036	0.0449	-12.3853	5.2011	320.3434	0.0000	87.4262	1.7042	0.7905	88.5124
122.3218	25.0000	0.0210	1.1116	0.0000	17.2900	24.0000	230.5830	0.2724	35.8700	79.3403	NOT CONNECTED	0.0000	500.0000	0.0000	0.0000	0.0000	0.0000	0.0931	0.0531	-1.7018	0.0907	-1.7036	0.0449	-12.3853	5.2011	321.1322	0.0000	87.2553	1.7042	0.0057	88.5124
122.4982	25.0000	0.0210	1.1116	0.0000	17.2900	24.0000	230.5830	0.2724	35.8700	79.3403	NOT CONNECTED	0.0000	500.0000	0.0000	0.0000	0.0000	0.0000	0.0931	0.0531	-1.7018	0.0907	-1.7036	0.0449	-12.3853	5.2011	321.1322	0.0000	87.2553	1.7042	0.0057	88.5124
123.0447	0.0000	-0.0140	0.0000	0.0000	0.0000	-0.0000	230.5990	0.0000	1.4400	79.4182	NOT CONNECTED	0.0000	500.0000	0.0000	0.0000	0.0000	0.0000	0.0931	0.0531	-1.7018	0.0907	-1.7036	0.0449	-12.3853	5.2011	321.1322	0.0000	87.2553	1.7042	0.0057	88.5124
123.5967	0.0000	-0.0140	0.0000	0.0000	0.0000	-0.0100	230.5880	0.0000	1.4100	79.4232	NOT CONNECTED	0.0000	500.0000	0.0000	0.0000	0.0000	0.0000	0.0931	0.0531	-1.7018	0.0907	-1.7036	0.0449	0.0000	0.0000	321.1633	0.0000	86.8943	1.7042	0.0058	88.4413
123.7816	0.0000	-0.0140	0.0000	0.0000	0.0000	-0.0100	230.5880	0.0000	1.4100	79.4232	NOT CONNECTED	0.0000	500.0000	0.0000	0.0000	0.0000	0.0000	0.0931	0.0531	-1.7018	0.0907	-1.7036	0.0449	0.0000	0.0000	321.1633	0.0000	86.8943	1.7042	0.0058	88.4413
124.1882	NOT CONNECTED	NOT CONNECTED	NOT CONNECTED	NOT CONNECTED	NOT CONNECTED	NOT CONNECTED	NOT CONNECTED	NOT CONNECTED	NOT CONNECTED	NOT CONNECTED	NOT CONNECTED	0.0000	500.0000	0.0000	0.0000	0.0000	0.0000	0.0931	0.0531	-1.7018	0.0907	-1.7036	0.0449	0.0000	0.0000	321.1593	0.0000	86.7306	1.7042	0.0052	88.4413
