WindyBPMp40_OrcaH24__YC105__Dyno_High_Speed_Torque__264Vac_40C_20250206_093210
Report created on: 2025/02/06: 10:44:23


Step N. = 	0
Target Speed = 	5250

Speed Mainboard (rpm_M)	Speed TestBench (rpm_M)	Speed Error (rpm_M)	Speed Error %	Torque TestBench (Nm_M)	Torque Ref (Nm)	Torque MainBoard (Nm_M)	Torque MainBoard Error (Nm_M)	Torque MainBoard Error %	Flux Ref (V/rad/s)	Flux (V/rad/s)	Id * Iq (A^2)	Id (Apeak)	Iq (Apeak)	Id Rotor (Apeak)	Iq Rotor (Apeak)	IMotor Measured (Arms)	IMotor MainBoard (Arms)	IMotor Error (Arms)	IMotor Error %	Motor Current THD %	Vsdref (Vpeak)	Vsqref (Vpeak)	Vout MainBoard (Vrms)	Vout Measured (Vrms)	Vout Error (Vrms)	Vout Error %	Motor Power MainBoard (W)	Motor Power Measured (W)	Motor Power Error (W)	Motor Power Error %	Line Voltage (Vrms)	Line Current (Arms)	Line Power (W)	Line Power Factor	Bulk Ripple (V)	DC Bus Voltage (Vrms)	Motor Mechanical Power (W)	Motor Efficiency	Inverter Efficiency	Overall Efficiency	Temperature (deg C)	Estimated Temperature (deg C)	Motor cos-phi	Electrical Power Alpha-Beta [W]	Electrical Power Error [W]	Electrical Power Error [%]	Bus Voltage Usage [%]	Rotational Losses [W]	Kt [Nm/Arms]	
5250.0008	5249.4444	-0.5563	-0.0106	0.1663	0.2126	0.2162	-0.0499	-29.9968	0.0711	0.0711	-0.0248	-0.0461	0.5081	-0.1556	0.5167	0.3506	0.3589	-0.0083	-2.3721	0.0000	-0.0877	159.4977	195.3452	194.8570	-0.4882	-0.2505	121.5412	117.6211	-3.9201	-3.3328	264.6479	0.9373	132.7489	0.5346	nan	250.9163	91.4401	77.6769	88.5544	68.7894	32.4217	23.3276	0.9939	123.3393	-5.7181	-4.8615	77.6584	24.2065	0.4745	
5248.8813	5251.4444	2.5631	0.0488	0.2751	0.3166	0.3078	-0.0327	-11.8878	0.0716	0.0716	0.0218	0.0308	0.7125	-0.2013	0.7046	0.5241	0.5180	0.0061	1.1600	0.0000	-0.5202	161.9424	198.3420	196.9902	-1.3518	-0.6862	173.0404	178.2767	5.2363	2.9372	264.6926	1.3423	196.9844	0.5545	nan	249.4210	151.2922	84.8690	90.5021	76.8077	31.3456	22.9342	0.9969	178.0190	0.2577	0.1446	78.9790	22.5895	0.5249	
5251.7260	5251.7778	0.0518	0.0010	0.3589	0.3919	0.4029	-0.0440	-12.2688	0.0723	0.0722	0.0675	0.0723	0.9326	-0.2955	0.8921	0.6632	0.6560	0.0073	1.0954	0.0000	1.2303	166.9468	204.4767	199.8631	-4.6136	-2.3084	233.6931	228.1756	-5.5176	-2.4181	264.6868	1.6824	249.6278	0.5606	nan	248.4549	197.3764	86.5024	91.4062	79.0685	30.6057	22.8743	0.9938	226.7773	1.3983	0.6128	80.4424	23.7824	0.5411	
5245.5900	5250.8571	5.2671	0.1003	0.4390	0.4926	0.4846	-0.0456	-10.3967	0.0729	0.0731	0.1860	0.1619	1.1232	-0.2638	1.1044	0.7913	0.7850	0.0063	0.7931	0.0000	1.5057	168.5885	206.4894	202.6173	-3.8721	-1.9110	284.5166	274.5243	-9.9923	-3.6399	264.6484	2.0024	298.2971	0.5629	nan	247.5398	241.3924	87.9312	92.0304	80.9235	30.1733	23.1056	0.9886	273.8173	0.7070	0.2575	81.8524	23.1609	0.5548	
5251.3629	5249.1111	-2.2518	-0.0429	0.5204	0.5580	0.5766	-0.0561	-10.7841	0.0736	0.0734	0.3528	0.2648	1.3226	-0.3696	1.1968	0.9314	0.9228	0.0086	0.9280	0.0000	1.2242	168.2733	206.1054	205.2920	-0.8134	-0.3962	334.2815	325.4644	-8.8170	-2.7091	264.5592	2.3442	351.9844	0.5676	nan	246.2207	286.0808	87.8992	92.4656	81.2765	30.0282	23.5919	0.9827	324.5214	0.9431	0.2898	83.3772	25.5762	0.5588	
5250.9231	5251.0000	0.0769	0.0015	0.5990	0.6357	0.6294	-0.0304	-5.0683	0.0739	0.0739	0.5074	0.3577	1.4101	-0.3835	1.4400	1.0510	1.0465	0.0045	0.4305	0.0000	0.0679	171.9536	210.6556	207.6079	-3.0477	-1.4680	364.1702	369.5489	5.3786	1.4555	264.4041	2.6420	398.3533	0.5702	nan	244.9278	329.3799	89.1308	92.7691	82.6857	30.1562	24.3498	0.9778	371.0656	-1.5167	-0.4104	84.7629	22.5785	0.5699	
5261.9091	5250.5556	-11.3535	-0.2162	0.6793	0.6884	0.7353	-0.0560	-8.2423	0.0746	0.0738	0.6373	0.3856	1.6558	-0.5196	1.6445	1.2014	1.1975	0.0039	0.3218	0.0000	3.7294	175.7212	215.3658	211.4311	-3.9347	-1.8610	439.4672	425.7767	-13.6905	-3.2154	264.2850	3.0120	457.7256	0.5750	nan	243.3146	373.5227	87.7273	93.0201	81.6040	30.5202	25.3835	0.9677	425.0859	0.6908	0.1622	86.8962	29.2363	0.5654	
5251.9464	5248.0000	-3.9464	-0.0752	0.7598	0.7977	0.7987	-0.0390	-5.1267	0.0758	0.0753	0.9848	0.5624	1.7531	-0.5172	1.7679	1.3179	1.3161	0.0019	0.1411	0.0000	5.2145	180.2061	221.3467	215.2211	-6.1255	-2.8462	477.2275	470.9078	-6.3197	-1.3420	264.2549	3.3101	505.1433	0.5775	nan	242.0844	417.5510	88.6694	93.2226	82.6599	31.1932	26.6572	0.9585	471.6518	-0.7440	-0.1580	88.9033	25.5838	0.5765	
5248.2910	5248.5000	0.2090	0.0040	0.8397	0.9007	0.9322	-0.0924	-11.0046	0.0767	0.0756	1.3359	0.6510	2.0403	-0.7480	1.9397	1.4611	1.4552	0.0059	0.4049	0.0000	3.2788	184.2934	226.0061	219.2393	-6.7668	-3.0865	566.1815	526.5225	-39.6590	-7.5322	264.2942	3.6670	563.7950	0.5817	nan	240.5389	461.5448	87.6591	93.3890	81.8639	32.0954	28.2243	0.9490	527.8680	-1.3455	-0.2555	91.1450	30.7232	0.5747	
5240.0359	5246.7500	6.7141	0.1280	0.9200	1.0102	0.9662	-0.0462	-5.0184	0.0768	0.0767	1.2904	0.6283	2.0691	-0.9798	2.1052	1.5954	1.5910	0.0045	0.2815	0.0000	3.5903	178.4116	218.8478	222.1630	3.3152	1.4923	557.6291	577.4112	19.7821	3.4260	264.3994	3.9983	617.6012	0.5842	nan	239.3099	505.4831	87.5430	93.4926	81.8462	33.2131	29.9479	0.9405	577.1688	0.2425	0.0420	92.8349	30.9049	0.5766	
5252.9787	5252.8889	-0.0898	-0.0017	1.0004	1.0444	1.0786	-0.0782	-7.8170	0.0758	0.0753	1.8204	0.7683	2.4202	-1.1440	2.2415	1.7372	1.7346	0.0026	0.1503	0.0000	0.2667	178.0862	218.1570	224.2504	6.0935	2.7173	649.6031	629.2900	-20.3131	-3.2279	264.5209	4.3335	672.4933	0.5867	nan	238.0925	550.3257	87.4519	93.5757	81.8337	34.6525	32.0538	0.9326	631.8982	-2.6082	-0.4145	94.1863	30.0522	0.5759	
5248.7415	5247.5000	-1.2415	-0.0237	1.0797	1.1388	1.1718	-0.0921	-8.5269	0.0775	0.0786	2.6125	1.0497	2.5149	-0.9395	2.3580	1.8935	1.8893	0.0042	0.2216	0.0000	7.1608	181.7236	222.9261	225.4803	2.5542	1.1328	697.1143	684.6975	-12.4168	-1.8135	264.5942	4.6857	731.4150	0.5899	nan	236.6881	593.3409	86.6574	93.6127	81.1223	36.4683	34.5905	0.9259	691.4618	-6.7643	-0.9879	95.2647	32.8384	0.5702	
5206.9224	5209.1000	2.1776	0.0418	1.1600	1.2211	1.1883	-0.0283	-2.4430	0.0790	0.0778	3.0408	1.2268	2.5097	-1.3082	2.5465	2.0412	2.0372	0.0041	0.1991	0.0000	-0.0330	177.1891	217.7976	225.5416	7.7440	3.4335	659.9963	734.4870	74.4907	10.1419	264.5589	4.9752	784.1540	0.5958	nan	234.7081	632.7737	86.1518	93.6662	80.6951	38.5932	37.4441	0.9211	739.0791	-4.5921	-0.6252	96.0945	33.1521	0.5683	

Torque compensated Offset = 	0
Mean Torque Mainboard Error perc = 	-9.890888612235404


Step N. = 	1
Target Speed = 	8000

Speed Mainboard (rpm_M)	Speed TestBench (rpm_M)	Speed Error (rpm_M)	Speed Error %	Torque TestBench (Nm_M)	Torque Ref (Nm)	Torque MainBoard (Nm_M)	Torque MainBoard Error (Nm_M)	Torque MainBoard Error %	Flux Ref (V/rad/s)	Flux (V/rad/s)	Id * Iq (A^2)	Id (Apeak)	Iq (Apeak)	Id Rotor (Apeak)	Iq Rotor (Apeak)	IMotor Measured (Arms)	IMotor MainBoard (Arms)	IMotor Error (Arms)	IMotor Error %	Motor Current THD %	Vsdref (Vpeak)	Vsqref (Vpeak)	Vout MainBoard (Vrms)	Vout Measured (Vrms)	Vout Error (Vrms)	Vout Error %	Motor Power MainBoard (W)	Motor Power Measured (W)	Motor Power Error (W)	Motor Power Error %	Line Voltage (Vrms)	Line Current (Arms)	Line Power (W)	Line Power Factor	Bulk Ripple (V)	DC Bus Voltage (Vrms)	Motor Mechanical Power (W)	Motor Efficiency	Inverter Efficiency	Overall Efficiency	Temperature (deg C)	Estimated Temperature (deg C)	Motor cos-phi	Electrical Power Alpha-Beta [W]	Electrical Power Error [W]	Electrical Power Error [%]	Bus Voltage Usage [%]	Rotational Losses [W]	Kt [Nm/Arms]	
7993.2684	7991.1111	-2.1573	-0.0270	0.1736	0.2228	0.2270	-0.0534	-30.7814	0.0590	0.0593	-0.4625	-0.7105	0.6488	-0.8607	0.4669	0.6306	0.6053	0.0253	4.0153	0.0000	2.0214	196.8195	241.1586	247.9681	6.8095	2.7461	189.2740	180.1567	-9.1173	-5.0608	264.6230	1.3860	196.1356	0.5345	nan	250.5426	145.2395	80.6367	91.8356	74.0527	34.3054	41.1284	0.6644	193.8909	-13.7342	-7.6235	98.9723	28.4816	0.2752	
8000.3285	7997.1111	-3.2174	-0.0402	0.2452	0.2827	0.2765	-0.0312	-12.7365	0.0575	0.0574	-0.5627	-0.7015	0.7968	-0.8787	0.6035	0.7533	0.7312	0.0222	2.9430	0.0000	-2.2620	197.2456	241.6620	245.6477	3.9857	1.6225	238.8300	245.9689	7.1389	2.9024	264.3869	1.8306	265.0022	0.5476	nan	248.9687	205.3624	83.4897	92.8174	77.4931	34.0000	41.3698	0.7674	249.8025	-3.8337	-1.5586	98.6661	31.4318	0.3255	
8000.2114	8000.0000	-0.2114	-0.0026	0.2957	0.3340	0.3313	-0.0355	-12.0156	0.0574	0.0568	-0.5915	-0.6096	0.9520	-0.9744	0.7116	0.8443	0.8277	0.0166	1.9707	0.0000	-9.0077	196.3563	240.7464	244.2275	3.4811	1.4253	288.8395	291.7550	2.9155	0.9993	264.3483	2.1483	312.7375	0.5507	nan	248.0232	247.7670	84.9233	93.2906	79.2254	33.9458	41.7663	0.8169	296.8890	-5.1340	-1.7597	98.4696	32.4667	0.3503	
7997.3695	7998.7500	1.3805	0.0173	0.3411	0.3885	0.4045	-0.0634	-18.5803	0.0557	0.0565	-0.9079	-0.7439	1.2202	-1.0867	0.7910	0.9382	0.9136	0.0246	2.6234	0.0000	-4.7953	197.9831	242.6264	242.8915	0.2651	0.1091	369.3066	337.5525	-31.7541	-9.4072	264.5459	2.4625	360.5425	0.5535	nan	247.1907	285.7360	84.6507	93.6234	79.2530	34.0641	42.3250	0.8552	344.4628	-6.9103	-2.0472	98.2608	37.5846	0.3636	
7997.9400	7997.7778	-0.1622	-0.0020	0.3897	0.4340	0.4498	-0.0601	-15.4218	0.0560	0.0556	-0.8939	-0.6683	1.3425	-1.2001	0.8631	1.0221	1.0018	0.0204	1.9934	0.0000	1.0176	195.8952	240.0165	241.5741	1.5576	0.6448	393.8216	376.3522	-17.4694	-4.6418	264.6532	2.7257	400.9544	0.5558	nan	246.1864	326.3560	86.7200	93.8638	81.3986	34.3695	42.9897	0.8800	385.8279	-9.4756	-2.5178	98.1265	33.0825	0.3812	
7998.9119	7998.0909	-0.8210	-0.0103	0.4384	0.4746	0.4809	-0.0425	-9.6968	0.0561	0.0564	-0.9795	-0.6820	1.4382	-1.1791	1.0120	1.1106	1.0908	0.0197	1.7775	0.0000	-5.2542	189.5435	232.4928	240.1773	7.6845	3.1995	414.0939	416.1118	2.0179	0.4849	264.6562	2.9929	442.5245	0.5587	nan	245.1690	367.1549	88.2363	94.0312	82.9696	34.8215	43.8293	0.9007	425.4428	-9.3310	-2.2424	97.9640	28.9544	0.3947	
7998.3951	7999.8889	1.4938	0.0187	0.4876	0.5213	0.5166	-0.0291	-5.9620	0.0558	0.0554	-0.8944	-0.5731	1.5504	-1.3169	1.0343	1.2102	1.1933	0.0168	1.3914	0.0000	-7.8293	192.7923	236.4764	238.4196	1.9432	0.8150	454.9602	458.8244	3.8642	0.8422	264.5523	3.2753	487.3289	0.5624	nan	243.8945	408.4478	89.0206	94.1509	83.8137	35.4400	44.8334	0.9181	467.0141	-8.1897	-1.7849	97.7552	26.5696	0.4029	
7996.3335	7997.7500	1.4165	0.0177	0.5348	0.5744	0.5559	-0.0212	-3.9581	0.0543	0.0582	-1.0998	-0.6290	1.7227	-1.1567	1.1822	1.3234	1.3061	0.0173	1.3106	0.0000	-6.2298	188.6332	231.3754	236.3294	4.9540	2.0962	493.7101	505.8988	12.1886	2.4093	264.3540	3.5831	536.9700	0.5669	nan	242.2750	447.8650	88.5285	94.2136	83.4059	36.1968	45.9490	0.9339	515.3679	-9.4691	-1.8717	97.5459	29.4777	0.4041	
7998.1557	7999.7778	1.6221	0.0203	0.5838	0.6206	0.5930	-0.0092	-1.5835	0.0548	0.0542	-1.2261	-0.6619	1.8269	-1.4870	1.2260	1.4371	1.4132	0.0239	1.6642	0.0000	-2.9013	189.8394	232.6941	234.4401	1.7460	0.7447	521.6689	552.2089	30.5400	5.5305	264.2737	3.8827	585.9689	0.5711	nan	240.9265	489.0508	88.5627	94.2386	83.4602	37.0955	47.3515	0.9463	560.1343	-7.9254	-1.4352	97.3077	29.3700	0.4062	
8001.6794	7997.9000	-3.7794	-0.0473	0.6323	0.6681	0.6602	-0.0279	-4.4091	0.0532	0.0546	-0.9729	-0.4663	2.0678	-1.6049	1.3074	1.5596	1.5476	0.0120	0.7721	0.0000	4.3996	189.2420	232.0129	232.6486	0.6357	0.2732	584.3386	601.3410	17.0024	2.8274	264.4108	4.1982	638.0190	0.5748	nan	239.7267	529.5754	88.0658	94.2513	83.0032	38.2589	49.0482	0.9568	612.8593	-11.5183	-1.9154	97.0474	31.7922	0.4054	
8001.0698	7996.6667	-4.4031	-0.0551	0.6791	0.7191	0.7226	-0.0435	-6.4024	0.0517	0.0535	-1.0924	-0.4756	2.3622	-1.7939	1.3562	1.6883	1.6761	0.0123	0.7258	0.0000	-2.0472	192.3881	235.7257	230.8968	-4.8289	-2.0914	684.2521	651.2156	-33.0365	-5.0731	264.5613	4.5178	690.9800	0.5781	nan	238.3946	568.6939	87.3279	94.2452	82.3024	39.6300	51.0293	0.9645	664.8021	-13.5866	-2.0863	96.8549	35.4339	0.4022	
7998.2442	7996.1429	-2.1014	-0.0263	0.7280	0.7694	0.7533	-0.0253	-3.4774	0.0517	0.0487	-1.1487	-0.4633	2.4413	-2.4102	1.5604	1.8167	1.8017	0.0150	0.8250	0.0000	3.0188	175.4622	215.3208	229.1957	13.8749	6.0537	630.6858	699.1186	68.4328	9.7884	264.6190	4.8295	741.8800	0.5805	nan	237.1286	609.5938	87.1947	94.2361	82.1689	41.1648	53.2266	0.9694	710.3832	-11.2647	-1.6113	96.6546	34.6855	0.4007	
8004.0894	8002.1111	-1.9783	-0.0247	0.7752	0.8095	0.7960	-0.0208	-2.6839	0.0526	0.0545	-0.7636	-0.3274	2.4800	-1.8188	1.5594	1.9568	1.9497	0.0070	0.3596	0.0000	-2.6709	180.9894	221.9278	227.3039	5.3761	2.3652	671.0920	748.1878	77.0958	10.3043	264.5402	5.1491	794.3022	0.5831	nan	235.6058	649.6200	86.8260	94.1943	81.7852	42.8429	55.7744	0.9712	762.2265	-14.0388	-1.8764	96.4764	34.5419	0.3962	
7994.2372	7996.4444	2.2073	0.0276	0.8233	0.8821	0.8431	-0.0198	-2.4019	0.0505	0.0517	0.0292	0.0002	2.7880	-2.2696	1.6257	2.1136	2.1010	0.0126	0.5941	0.0000	0.4327	179.3321	220.2447	224.7732	4.5285	2.0147	746.4419	801.4467	55.0047	6.8632	264.3664	5.4716	851.5633	0.5887	nan	233.6823	689.4475	86.0255	94.1147	80.9627	45.0651	58.9506	0.9740	818.5883	-17.1417	-2.1388	96.1875	36.6745	0.3895	
7992.5650	7992.5556	-0.0094	-0.0001	0.8708	0.9345	0.9151	-0.0443	-5.0882	0.0470	0.0491	0.3888	0.1210	3.2681	-2.7190	1.6694	2.2589	2.2534	0.0055	0.2433	0.0000	2.9157	183.8606	225.7284	221.9712	-3.7571	-1.6926	904.1595	853.7656	-50.3939	-5.9025	264.2398	5.7610	907.7089	0.5963	nan	231.2530	728.8223	85.3657	94.0572	80.2926	47.5229	62.5122	0.9831	871.4580	-17.6925	-2.0723	95.9863	38.1195	0.3855	
7599.4011	7593.8889	-5.5122	-0.0726	0.9261	0.9762	1.0230	-0.0969	-10.4621	0.0534	0.0509	1.0360	0.3203	3.2617	-2.7573	1.7670	2.2885	2.2831	0.0054	0.2354	0.0000	-3.2600	179.1733	219.7364	221.3610	1.6246	0.7339	877.6902	862.5944	-15.0958	-1.7500	264.2691	5.7933	916.6456	0.5987	nan	231.0663	736.4695	85.3785	94.1034	80.3440	50.2910	65.9991	0.9831	879.7316	-17.1371	-1.9867	95.7998	36.0962	0.4047	

Torque compensated Offset = 	0
Mean Torque Mainboard Error perc = 	-9.103822411314766


Step N. = 	2
Target Speed = 	10000

Speed Mainboard (rpm_M)	Speed TestBench (rpm_M)	Speed Error (rpm_M)	Speed Error %	Torque TestBench (Nm_M)	Torque Ref (Nm)	Torque MainBoard (Nm_M)	Torque MainBoard Error (Nm_M)	Torque MainBoard Error %	Flux Ref (V/rad/s)	Flux (V/rad/s)	Id * Iq (A^2)	Id (Apeak)	Iq (Apeak)	Id Rotor (Apeak)	Iq Rotor (Apeak)	IMotor Measured (Arms)	IMotor MainBoard (Arms)	IMotor Error (Arms)	IMotor Error %	Motor Current THD %	Vsdref (Vpeak)	Vsqref (Vpeak)	Vout MainBoard (Vrms)	Vout Measured (Vrms)	Vout Error (Vrms)	Vout Error %	Motor Power MainBoard (W)	Motor Power Measured (W)	Motor Power Error (W)	Motor Power Error %	Line Voltage (Vrms)	Line Current (Arms)	Line Power (W)	Line Power Factor	Bulk Ripple (V)	DC Bus Voltage (Vrms)	Motor Mechanical Power (W)	Motor Efficiency	Inverter Efficiency	Overall Efficiency	Temperature (deg C)	Estimated Temperature (deg C)	Motor cos-phi	Electrical Power Alpha-Beta [W]	Electrical Power Error [W]	Electrical Power Error [%]	Bus Voltage Usage [%]	Rotational Losses [W]	Kt [Nm/Arms]	
9998.5591	9995.1111	-3.4480	-0.0345	0.1728	0.2325	0.2345	-0.0617	-35.7136	0.0464	0.0457	-1.1553	-1.3109	0.8656	-1.5370	0.4538	1.0636	1.0524	0.0111	1.0480	0.0000	-9.3570	198.3984	243.8767	248.3507	4.4740	1.8015	271.6100	242.7578	-28.8522	-11.8852	264.4679	1.8086	262.9056	0.5493	nan	248.5126	180.8451	74.5608	92.3186	68.8321	39.4856	35.5198	0.5300	274.1618	-31.4041	-12.9364	99.9348	43.2359	0.1624	
9996.3685	10003.4444	7.0760	0.0707	0.2284	0.2854	0.2888	-0.0603	-26.4020	0.0460	0.0453	-1.3288	-1.2456	1.0539	-1.5559	0.5805	1.1486	1.1182	0.0304	2.6426	0.0000	-3.5593	195.3331	239.8993	246.6490	6.7497	2.7366	313.9636	311.0200	-2.9436	-0.9464	264.6040	2.2817	333.8144	0.5529	nan	247.8040	239.3098	76.9556	93.1697	71.6988	40.0672	36.4726	0.6338	324.3814	-13.3614	-4.2960	99.5340	49.8813	0.1989	
10002.2972	10003.6667	1.3695	0.0137	0.2667	0.3093	0.3097	-0.0430	-16.1244	0.0455	0.0449	-1.4820	-1.2942	1.1473	-1.6533	0.6570	1.1955	1.1593	0.0362	3.0262	0.0000	-2.3858	193.1603	236.9282	245.7414	8.8132	3.5864	336.0749	348.5222	12.4473	3.5714	264.6834	2.5528	372.3067	0.5510	nan	247.3518	279.3559	80.1745	93.6116	75.0526	40.7421	37.3776	0.6849	360.3594	-11.8372	-3.3964	99.3490	45.4577	0.2231	
10000.1733	10004.1429	3.9696	0.0397	0.2979	0.3549	0.3380	-0.0401	-13.4711	0.0458	0.0428	-1.5677	-1.2681	1.2471	-1.8775	0.7223	1.2755	1.2559	0.0196	1.5332	0.0000	1.4627	191.4501	235.2770	244.0791	8.8021	3.6063	351.2116	398.0614	46.8499	11.7695	264.6999	2.8893	423.9329	0.5543	nan	245.9688	312.0459	78.3913	93.8973	73.6074	41.3924	38.2491	0.7382	399.5065	-1.4451	-0.3630	99.2317	58.9612	0.2335	
10001.9479	9998.7778	-3.1701	-0.0317	0.3298	0.3818	0.3779	-0.0481	-14.5794	0.0448	0.0444	-1.6645	-1.1922	1.3900	-1.7207	0.7483	1.3302	1.3102	0.0199	1.4985	0.0000	-6.4308	193.8542	238.3066	242.7800	4.4734	1.8426	419.4342	430.7878	11.3536	2.6355	264.6701	3.1178	457.7511	0.5547	nan	245.1224	345.3004	80.1564	94.1095	75.4347	42.1809	39.2629	0.7702	442.4205	-11.6327	-2.7003	99.0444	55.9747	0.2479	
9994.3324	9997.3333	3.0009	0.0300	0.3643	0.4228	0.3758	-0.0115	-3.1599	0.0453	0.0422	-1.6813	-1.1974	1.3977	-1.9719	0.8560	1.3973	1.3567	0.0406	2.9085	0.0000	-16.9949	192.7533	237.0655	241.1382	4.0727	1.6889	433.2932	469.2222	35.9290	7.6571	264.5452	3.3790	497.6900	0.5568	nan	244.0392	381.4271	81.2893	94.2800	76.6396	43.0721	40.2861	0.8040	472.3438	-3.1216	-0.6653	98.8113	55.1190	0.2607	
10001.4236	9999.0000	-2.4236	-0.0242	0.3973	0.4515	0.4458	-0.0485	-12.2090	0.0442	0.0433	-1.8243	-1.0984	1.6686	-1.9270	0.8982	1.4731	1.4686	0.0045	0.3052	0.0000	-10.3363	190.9459	234.9352	239.4292	4.4940	1.8770	494.7969	509.2244	14.4276	2.8332	264.3843	3.6406	539.6089	0.5606	nan	242.6331	416.0448	81.7035	94.3691	77.1029	43.9883	41.4445	0.8336	521.6199	-12.3955	-2.4342	98.6795	56.7379	0.2697	
10001.4406	9996.9000	-4.5406	-0.0454	0.4310	0.4789	0.4884	-0.0574	-13.3122	0.0422	0.0431	-2.3921	-1.2355	1.9493	-2.0567	0.9152	1.5387	1.5427	-0.0040	-0.2573	0.0000	-11.1206	192.9446	236.8870	238.0176	1.1306	0.4750	586.3429	543.6780	-42.6649	-7.8475	264.2996	3.8710	575.6800	0.5627	nan	241.6765	451.2024	82.9911	94.4409	78.3775	45.0557	42.7708	0.8571	560.2028	-16.5248	-3.0394	98.4860	52.5559	0.2801	
10002.3237	9998.5000	-3.8237	-0.0382	0.4637	0.5159	0.5386	-0.0748	-16.1312	0.0409	0.0431	-2.4890	-1.1111	2.2691	-2.0340	0.9779	1.6313	1.6357	-0.0044	-0.2690	0.0000	-12.3388	194.3046	238.5467	236.1207	-2.4259	-1.0274	686.8112	589.7975	-97.0137	-16.4487	264.2867	4.1669	624.3325	0.5669	nan	240.3606	485.5655	82.3275	94.4685	77.7735	46.1992	44.1983	0.8841	607.2490	-17.4515	-2.9589	98.2361	59.1731	0.2843	
10000.8850	9998.5714	-2.3136	-0.0231	0.4960	0.5513	0.5854	-0.0894	-18.0324	0.0414	0.0451	-1.9572	-0.8355	2.3706	-1.9146	1.0144	1.7118	1.6774	0.0345	2.0126	0.0000	-6.8694	196.2354	240.7121	234.5061	-6.2059	-2.6464	710.7965	627.5029	-83.2936	-13.2738	264.3143	4.4098	664.0986	0.5698	nan	239.1740	519.3358	82.7633	94.4895	78.2026	47.4489	45.7341	0.9025	643.5668	-16.0640	-2.5600	98.0483	58.3183	0.2897	
9995.6908	10003.9000	8.2092	0.0821	0.5299	0.5873	0.5979	-0.0680	-12.8262	0.0411	0.0400	-1.9185	-0.8122	2.4696	-2.4293	1.0806	1.7947	1.7589	0.0359	1.9984	0.0000	-9.0960	190.4679	233.8104	232.7836	-1.0268	-0.4411	718.5905	664.9310	-53.6595	-8.0699	264.3686	4.6470	703.8360	0.5729	nan	238.1764	555.1262	83.4862	94.4724	78.8715	48.7852	47.3083	0.9189	677.1002	-12.1692	-1.8301	97.7358	54.7406	0.2953	
10003.3052	9996.7500	-6.5552	-0.0656	0.5633	0.6142	0.6284	-0.0652	-11.5710	0.0422	0.0419	-1.7687	-0.7439	2.4975	-2.3058	1.1364	1.8972	1.9246	-0.0274	-1.4457	0.0000	-9.1742	190.6049	233.7570	231.1365	-2.6205	-1.1337	725.7665	709.7800	-15.9865	-2.2523	264.4235	4.9316	751.4500	0.5763	nan	237.1197	589.6419	83.0739	94.4547	78.4672	50.2939	49.2827	0.9345	728.7276	-18.9476	-2.6695	97.4767	58.2655	0.2969	
9997.2775	9998.2222	0.9448	0.0094	0.5962	0.6520	0.6366	-0.0404	-6.7728	0.0411	0.0399	-1.8867	-0.7370	2.5781	-2.5554	1.2175	1.9929	1.9474	0.0454	2.2797	0.0000	0.5150	184.6599	226.2659	229.5420	3.2761	1.4272	710.3870	747.9189	37.5319	5.0182	264.4649	5.1763	792.1300	0.5786	nan	236.0553	624.2514	83.4651	94.4187	78.8067	51.9334	51.2984	0.9440	764.3792	-16.4603	-2.2008	97.2408	54.9871	0.2992	
10001.0168	10002.7000	1.6832	0.0168	0.6276	0.6901	0.6791	-0.0515	-8.2008	0.0391	0.0387	-1.3234	-0.5095	2.9460	-2.8158	1.2367	2.1160	2.1005	0.0155	0.7333	0.0000	-7.5818	189.7932	232.8272	227.3498	-5.4774	-2.4092	851.3528	796.1500	-55.2028	-6.9337	264.5255	5.4657	843.6760	0.5835	nan	234.6484	657.3991	82.5722	94.3668	77.9207	53.8740	53.8254	0.9555	812.4264	-16.2764	-2.0444	96.8896	60.7733	0.2966	
9998.0960	10000.3333	2.2373	0.0224	0.6613	0.7336	0.7227	-0.0614	-9.2794	0.0388	0.0397	-1.2212	-0.4111	3.1393	-2.8014	1.3390	2.2292	2.2280	0.0013	0.0574	0.0000	-5.3817	184.5037	226.2345	224.8759	-1.3586	-0.6042	872.0178	841.4556	-30.5622	-3.6321	264.5613	5.7197	892.3711	0.5897	nan	232.8032	692.5698	82.3064	94.2943	77.6102	56.0617	56.6800	0.9691	858.3260	-16.8704	-2.0049	96.5948	61.6569	0.2967	
9906.5238	9913.1429	6.6191	0.0668	0.6947	0.7631	0.7727	-0.0780	-11.2260	0.0409	0.0395	-1.0160	-0.3234	3.1365	-2.9424	1.3721	2.3053	2.2949	0.0104	0.4504	0.0000	-2.5719	175.5201	215.1803	223.0617	7.8814	3.5333	825.1158	875.5386	50.4228	5.7591	264.6010	5.8860	928.4186	0.5961	nan	231.2365	721.1851	82.3705	94.3043	77.6789	58.2725	59.4701	0.9830	897.4910	-21.9524	-2.5073	96.4648	60.3320	0.3014	
9460.5825	9474.2222	13.6397	0.1440	0.7331	0.8510	0.7938	-0.0607	-8.2821	0.0419	0.0433	-0.6848	-0.2252	3.1327	-2.7492	1.4208	2.3054	2.2934	0.0120	0.5211	0.0000	5.5826	178.6767	219.6483	222.8157	3.1673	1.4215	835.5818	876.7811	41.1993	4.6989	264.6240	5.8986	929.5511	0.5955	nan	231.1238	727.3400	82.9557	94.3231	78.2464	60.7500	62.1249	0.9854	898.6876	-21.9065	-2.4985	96.4053	54.5798	0.3180	
9176.5375	9177.3333	0.7959	0.0087	0.7656	0.8168	0.7973	-0.0318	-4.1481	0.0418	0.0424	-0.4008	-0.1367	3.2205	-2.8959	1.4945	2.3064	2.2957	0.0107	0.4622	0.0000	-5.3574	179.7836	220.8109	222.6840	1.8731	0.8412	872.4136	877.1922	4.7786	0.5448	264.5952	5.9041	929.8967	0.5953	nan	231.1791	735.7349	83.8738	94.3322	79.1201	63.0192	64.2591	0.9861	897.7329	-20.5406	-2.3416	96.3253	45.7596	0.3319	

Torque compensated Offset = 	0
Mean Torque Mainboard Error perc = 	-13.413427805293544


Step N. = 	3
Target Speed = 	12000

Speed Mainboard (rpm_M)	Speed TestBench (rpm_M)	Speed Error (rpm_M)	Speed Error %	Torque TestBench (Nm_M)	Torque Ref (Nm)	Torque MainBoard (Nm_M)	Torque MainBoard Error (Nm_M)	Torque MainBoard Error %	Flux Ref (V/rad/s)	Flux (V/rad/s)	Id * Iq (A^2)	Id (Apeak)	Iq (Apeak)	Id Rotor (Apeak)	Iq Rotor (Apeak)	IMotor Measured (Arms)	IMotor MainBoard (Arms)	IMotor Error (Arms)	IMotor Error %	Motor Current THD %	Vsdref (Vpeak)	Vsqref (Vpeak)	Vout MainBoard (Vrms)	Vout Measured (Vrms)	Vout Error (Vrms)	Vout Error %	Motor Power MainBoard (W)	Motor Power Measured (W)	Motor Power Error (W)	Motor Power Error %	Line Voltage (Vrms)	Line Current (Arms)	Line Power (W)	Line Power Factor	Bulk Ripple (V)	DC Bus Voltage (Vrms)	Motor Mechanical Power (W)	Motor Efficiency	Inverter Efficiency	Overall Efficiency	Temperature (deg C)	Estimated Temperature (deg C)	Motor cos-phi	Electrical Power Alpha-Beta [W]	Electrical Power Error [W]	Electrical Power Error [%]	Bus Voltage Usage [%]	Rotational Losses [W]	Kt [Nm/Arms]	
12011.1872	11988.2222	-22.9650	-0.1916	0.1812	0.2134	0.2611	-0.0799	-44.0845	0.0383	0.0376	-1.9208	-1.5984	1.1961	-2.1927	0.6289	1.3772	1.3342	0.0430	3.1204	0.0000	-11.6262	191.8984	235.5699	247.4716	11.9016	4.8093	372.1861	315.1778	-57.0083	-18.0877	264.5974	2.3067	338.8311	0.5551	nan	247.4073	227.5108	72.1817	93.0150	67.1398	42.8509	44.7329	0.5338	335.9448	-20.7671	-6.5890	100.0259	55.9512	0.1316	
12011.7215	12007.5000	-4.2215	-0.0352	0.2221	0.2550	0.2402	-0.0181	-8.1391	0.0377	0.0374	-1.8688	-1.7345	1.0468	-1.7206	0.5658	1.4271	1.3835	0.0437	3.0595	0.0000	-3.4651	196.7676	241.0483	246.0752	5.0270	2.0429	318.8357	372.7925	53.9568	14.4737	264.7381	2.7063	398.3338	0.5560	nan	246.5128	279.3050	74.9231	93.5879	70.1188	44.2164	46.3527	0.6129	387.1291	-14.3366	-3.8457	99.8226	59.2541	0.1556	
12002.3272	11994.5000	-7.8272	-0.0653	0.2462	0.2917	0.2835	-0.0372	-15.1223	0.0376	0.0367	-1.8527	-1.4929	1.2094	-1.8220	0.6419	1.4761	1.4280	0.0481	3.2579	0.0000	0.4197	198.0647	242.6672	245.0733	2.4060	0.9818	358.4123	407.3600	48.9477	12.0158	264.7450	2.9504	433.8200	0.5554	nan	245.9319	309.3058	75.9304	93.9006	71.2990	45.4896	47.7094	0.6502	427.7197	-20.3597	-4.9980	99.6509	61.2561	0.1668	
12015.0832	11993.1429	-21.9403	-0.1829	0.2699	0.2940	0.3460	-0.0762	-28.2340	0.0364	0.0381	-2.7332	-1.6199	1.6480	-1.7278	0.6043	1.4897	1.4331	0.0566	3.7974	0.0000	-11.2459	197.9653	242.9765	244.4180	1.4415	0.5898	518.1007	430.9800	-87.1207	-20.2146	264.6583	3.1171	457.9586	0.5551	nan	245.2311	338.9191	78.6412	94.1088	74.0082	46.5978	48.7653	0.6834	451.8780	-20.8980	-4.8489	99.6684	54.4301	0.1812	
11992.0215	11991.9091	-0.1124	-0.0009	0.2945	0.3512	0.3492	-0.0546	-18.5468	0.0362	0.0360	-2.1594	-1.3793	1.5519	-2.1180	0.6331	1.5451	1.5124	0.0327	2.1135	0.0000	-15.1742	197.1102	242.1983	242.6554	0.4570	0.1883	492.3343	469.8145	-22.5197	-4.7933	264.5212	3.3745	498.3991	0.5583	nan	244.1261	369.8876	78.7320	94.2645	74.2162	47.7228	49.8620	0.7235	491.3992	-21.5846	-4.5943	99.3976	59.2762	0.1906	
11993.6298	12020.6667	27.0369	0.2249	0.3233	0.3729	0.3602	-0.0368	-11.3879	0.0367	0.0357	-2.6360	-1.5521	1.6857	-2.1312	0.7301	1.5960	1.5712	0.0248	1.5531	0.0000	-11.7802	192.2488	236.1006	241.3001	5.1995	2.1548	509.0160	503.6600	-5.3560	-1.0634	264.3814	3.5973	533.5933	0.5611	nan	243.0837	407.0182	80.8124	94.3903	76.2791	48.9191	51.0676	0.7551	523.2061	-19.5461	-3.8808	99.2662	53.0757	0.2026	
11994.8339	11990.1111	-4.7228	-0.0394	0.3439	0.4001	0.4080	-0.0641	-18.6362	0.0370	0.0365	-2.6301	-1.4184	1.8503	-2.2521	0.7199	1.6512	1.6293	0.0219	1.3274	0.0000	-4.2444	194.7514	238.9202	239.6923	0.7722	0.3222	547.4750	542.5933	-4.8817	-0.8997	264.3436	3.8540	574.5589	0.5640	nan	241.9345	431.7868	79.5809	94.4365	75.1535	50.0521	52.2629	0.7915	563.3642	-20.7708	-3.8281	99.0732	63.9788	0.2083	
11993.3802	11994.2500	0.8698	0.0073	0.3668	0.4204	0.3939	-0.0272	-7.4108	0.0359	0.0365	-2.3601	-1.3051	1.8116	-2.2120	0.7680	1.6896	1.6500	0.0396	2.3427	0.0000	-11.9693	196.5200	241.1449	238.8405	-2.3044	-0.9648	559.3506	568.8575	9.5069	1.6712	264.5180	4.0210	601.8650	0.5659	nan	241.3545	460.6497	80.9787	94.5158	76.5377	51.2499	53.4717	0.8139	588.1877	-19.3302	-3.3981	98.9584	58.9639	0.2171	
11990.2416	11988.2222	-2.0194	-0.0168	0.3917	0.4617	0.4453	-0.0536	-13.6865	0.0350	0.0351	-3.0073	-1.3871	2.2021	-2.5114	0.8638	1.7834	1.7633	0.0201	1.1281	0.0000	-3.7745	193.8119	237.6005	236.8274	-0.7730	-0.3264	650.8581	623.8211	-27.0370	-4.3341	264.7023	4.3644	659.9567	0.5713	nan	240.0486	491.6997	78.8264	94.5248	74.5107	52.4137	54.8025	0.8527	641.5826	-17.7614	-2.8472	98.6581	77.0232	0.2196	
12001.9107	12010.4444	8.5338	0.0711	0.4158	0.4612	0.4641	-0.0484	-11.6294	0.0345	0.0351	-3.0960	-1.3695	2.2740	-2.4632	0.8702	1.8183	1.7913	0.0270	1.4827	0.0000	-0.5316	189.9860	233.0184	236.0276	3.0092	1.2749	649.3261	643.2378	-6.0883	-0.9465	264.6243	4.4916	680.0911	0.5722	nan	239.3633	522.9369	81.2985	94.5812	76.8931	53.7368	56.2708	0.8653	661.6085	-18.3707	-2.8560	98.6064	62.7522	0.2287	
11999.0630	11985.2222	-13.8408	-0.1155	0.4390	0.4870	0.4790	-0.0400	-9.1079	0.0341	0.0344	-2.6831	-1.1727	2.3254	-2.5393	0.9107	1.8770	1.8701	0.0070	0.3708	0.0000	-3.1709	192.9629	236.5754	234.5706	-2.0048	-0.8547	680.5568	674.1978	-6.3590	-0.9432	264.3807	4.6925	712.7589	0.5745	nan	238.0878	550.9847	81.7262	94.5900	77.3048	55.0963	57.7112	0.8841	695.2939	-21.0961	-3.1291	98.5227	61.5839	0.2339	
12003.0823	11991.8889	-11.1934	-0.0933	0.4632	0.5070	0.5206	-0.0574	-12.3972	0.0334	0.0342	-2.5312	-0.9800	2.7266	-2.6726	0.8600	1.9563	1.9431	0.0132	0.6761	0.0000	-6.3836	197.9728	242.8758	232.8697	-10.0062	-4.2969	827.6255	712.6267	-114.9988	-16.1373	264.3353	4.9341	753.4944	0.5777	nan	237.0583	581.7112	81.6364	94.5766	77.2091	56.5456	59.4617	0.9031	737.4324	-24.8057	-3.4809	98.2332	63.6241	0.2368	
11997.1539	12010.3333	13.1795	0.1097	0.4869	0.5368	0.5103	-0.0234	-4.8077	0.0342	0.0336	-2.6277	-1.0869	2.5285	-2.7401	1.0232	2.0228	2.0087	0.0142	0.6997	0.0000	-6.1641	191.6339	235.1259	231.7604	-3.3655	-1.4521	737.8347	745.7000	7.8653	1.0548	264.4927	5.1354	788.5889	0.5806	nan	236.3549	612.3713	82.1202	94.5613	77.6539	58.1698	61.3613	0.9183	768.6459	-22.9459	-3.0771	98.0561	60.9632	0.2407	
11999.8717	11983.2222	-16.6495	-0.1389	0.5119	0.5545	0.5469	-0.0350	-6.8427	0.0323	0.0341	-2.1421	-0.8134	2.8594	-2.7486	0.9987	2.1135	2.0969	0.0166	0.7853	0.0000	-13.5439	196.8525	241.6766	229.8787	-11.7979	-5.1322	865.2696	786.2133	-79.0562	-10.0553	264.6086	5.3798	831.7356	0.5843	nan	235.2003	642.3596	81.7030	94.5268	77.2313	59.8625	63.4536	0.9343	810.9330	-24.7197	-3.1441	97.7374	64.3817	0.2422	
11989.7213	12007.2222	17.5009	0.1458	0.5343	0.5771	0.5666	-0.0323	-6.0412	0.0346	0.0314	-1.6362	-0.6821	2.7151	-3.1515	1.0689	2.1887	2.1830	0.0057	0.2582	0.0000	-6.0226	190.5494	233.9167	227.9076	-6.0091	-2.6366	781.4800	818.3044	36.8245	4.5001	264.6689	5.5689	866.0989	0.5876	nan	234.0825	671.8717	82.1052	94.4816	77.5743	61.6778	65.7511	0.9471	848.1394	-29.8349	-3.6459	97.3623	60.6595	0.2441	
11866.4717	11869.4444	2.9727	0.0250	0.5607	0.5847	0.6338	-0.0731	-13.0370	0.0343	0.0313	-1.2630	-0.4367	3.0729	-3.0425	1.1137	2.2805	2.2646	0.0158	0.6935	0.0000	-2.7312	187.1134	229.4101	224.7700	-4.6401	-2.0644	859.7650	864.5056	4.7405	0.5484	264.6713	5.8093	915.4878	0.5954	nan	231.6066	696.8815	80.6102	94.4311	76.1212	63.6519	68.1858	0.9737	895.6206	-31.1151	-3.5992	97.0482	73.8593	0.2459	
11555.8104	11561.1429	5.3325	0.0461	0.5904	0.6680	0.6369	-0.0465	-7.8765	0.0338	0.0347	-1.1525	-0.3969	3.1963	-2.9270	1.0913	2.2830	2.2711	0.0119	0.5199	0.0000	-7.5839	178.0515	218.5138	224.4411	5.9274	2.6410	866.8879	866.5886	-0.2993	-0.0345	264.6077	5.8268	917.6586	0.5952	nan	231.5590	714.8251	82.4874	94.4347	77.8968	65.6525	70.4164	0.9764	893.4037	-26.8152	-3.0943	96.9261	57.1350	0.2586	
11264.0978	11290.3333	26.2355	0.2324	0.6060	0.6472	0.6610	-0.0550	-9.0726	0.0328	0.0339	-0.5690	-0.1873	3.4501	-3.0249	1.1744	2.2849	2.2697	0.0152	0.6660	0.0000	-6.9242	190.0457	233.0226	224.0461	-8.9765	-4.0066	991.2614	867.8289	-123.4325	-14.2231	264.4590	5.8428	918.9100	0.5947	nan	231.3719	716.4728	82.5595	94.4411	77.9701	67.6281	72.3978	0.9787	894.8094	-26.9806	-3.1090	96.8337	55.9205	0.2652	

Torque compensated Offset = 	0
Mean Torque Mainboard Error perc = 	-13.67002882456854


Step N. = 	4
Target Speed = 	14000

Speed Mainboard (rpm_M)	Speed TestBench (rpm_M)	Speed Error (rpm_M)	Speed Error %	Torque TestBench (Nm_M)	Torque Ref (Nm)	Torque MainBoard (Nm_M)	Torque MainBoard Error (Nm_M)	Torque MainBoard Error %	Flux Ref (V/rad/s)	Flux (V/rad/s)	Id * Iq (A^2)	Id (Apeak)	Iq (Apeak)	Id Rotor (Apeak)	Iq Rotor (Apeak)	IMotor Measured (Arms)	IMotor MainBoard (Arms)	IMotor Error (Arms)	IMotor Error %	Motor Current THD %	Vsdref (Vpeak)	Vsqref (Vpeak)	Vout MainBoard (Vrms)	Vout Measured (Vrms)	Vout Error (Vrms)	Vout Error %	Motor Power MainBoard (W)	Motor Power Measured (W)	Motor Power Error (W)	Motor Power Error %	Line Voltage (Vrms)	Line Current (Arms)	Line Power (W)	Line Power Factor	Bulk Ripple (V)	DC Bus Voltage (Vrms)	Motor Mechanical Power (W)	Motor Efficiency	Inverter Efficiency	Overall Efficiency	Temperature (deg C)	Estimated Temperature (deg C)	Motor cos-phi	Electrical Power Alpha-Beta [W]	Electrical Power Error [W]	Electrical Power Error [%]	Bus Voltage Usage [%]	Rotational Losses [W]	Kt [Nm/Arms]	
14002.0391	13996.4444	-5.5947	-0.0400	0.1846	0.2373	0.2420	-0.0574	-31.1237	0.0324	0.0328	-2.2950	-1.8964	1.2289	-2.0339	0.4328	1.5638	1.5181	0.0457	2.9228	0.0000	-16.4097	206.0258	253.2587	247.3543	-5.9044	-2.3870	426.2646	388.9700	-37.2946	-9.5880	264.4966	2.7868	414.7722	0.5626	nan	245.1622	270.4997	69.4996	93.7772	65.1756	45.1776	50.1563	0.5805	419.7641	-30.7941	-7.9168	100.8941	77.2190	0.1180	
13997.2266	14000.1111	2.8845	0.0206	0.2141	0.2743	0.2656	-0.0515	-24.0568	0.0315	0.0311	-2.7395	-1.8764	1.4451	-2.4111	0.5503	1.6152	1.5781	0.0371	2.2963	0.0000	-2.8730	200.7535	246.3833	245.6678	-0.7156	-0.2913	445.0099	437.2211	-7.7888	-1.7814	264.4070	3.1110	464.7211	0.5649	nan	243.9594	313.9047	71.8100	94.0821	67.5602	46.8247	52.0875	0.6361	466.7257	-29.5046	-6.7482	100.7004	79.0370	0.1326	
13991.7514	13998.1111	6.3597	0.0454	0.2329	0.3049	0.2820	-0.0491	-21.0875	0.0313	0.0303	-2.7937	-1.8546	1.5078	-2.3633	0.5483	1.6598	1.6311	0.0287	1.7296	0.0000	-3.0757	204.0988	250.2282	244.3779	-5.8504	-2.3940	470.2794	476.8744	6.5951	1.3830	264.4740	3.3751	505.8178	0.5667	nan	243.1606	341.3864	71.5869	94.2777	67.4905	48.4222	53.7762	0.6788	503.5601	-26.6857	-5.5960	100.5006	88.4536	0.1403	
13993.5542	14003.0000	9.4458	0.0675	0.2532	0.3165	0.3050	-0.0518	-20.4357	0.0312	0.0310	-2.9074	-1.7735	1.6366	-2.4565	0.6034	1.6882	1.6518	0.0364	2.1558	0.0000	-14.1867	205.4048	252.2272	243.8048	-8.4225	-3.4546	541.8550	504.0900	-37.7650	-7.4917	264.6789	3.5524	533.8475	0.5678	nan	242.8841	371.3634	73.6746	94.4259	69.5680	49.9571	55.2900	0.7071	524.2781	-20.1881	-4.0049	100.3791	83.7970	0.1500	
14005.5092	14000.6667	-4.8426	-0.0346	0.2706	0.3205	0.3261	-0.0556	-20.5358	0.0304	0.0303	-3.2884	-1.8191	1.8058	-2.4207	0.6207	1.7212	1.6783	0.0430	2.4955	0.0000	-6.6400	204.9665	251.3621	242.8606	-8.5015	-3.5006	575.2917	531.8544	-43.4373	-8.1671	264.7830	3.7282	562.6756	0.5700	nan	241.9342	396.6738	74.5915	94.5222	70.5055	51.3129	56.5883	0.7346	560.8700	-29.0156	-5.4555	100.3829	84.0629	0.1572	
14002.2645	14006.5556	4.2911	0.0306	0.2894	0.3508	0.3569	-0.0675	-23.3091	0.0304	0.0291	-3.1596	-1.6003	1.9858	-2.5572	0.6602	1.7810	1.7476	0.0335	1.8803	0.0000	-17.7829	205.3891	252.6689	240.9978	-11.6712	-4.8428	653.4858	576.1344	-77.3514	-13.4259	264.7192	4.0022	609.0133	0.5748	nan	240.7311	424.5463	73.6888	94.6013	69.7106	52.7266	57.9585	0.7750	603.9530	-27.8185	-4.8285	100.1108	96.5740	0.1625	
13996.0077	14010.3333	14.3256	0.1023	0.3071	0.3719	0.3694	-0.0623	-20.2929	0.0311	0.0321	-3.2051	-1.6481	1.9769	-2.3008	0.6830	1.8112	1.7709	0.0403	2.2251	0.0000	-13.8297	205.7723	252.9589	240.1087	-12.8502	-5.3518	641.6575	598.6722	-42.9853	-7.1801	264.5870	4.1426	632.4533	0.5770	nan	239.9179	450.5816	75.2652	94.6587	71.2451	54.1425	59.3096	0.7948	627.1479	-28.4757	-4.7565	100.0795	90.9036	0.1696	
14005.2528	13995.5000	-9.7528	-0.0697	0.3254	0.3749	0.3768	-0.0514	-15.8125	0.0307	0.0313	-3.1422	-1.5337	2.0679	-2.4358	0.7270	1.8471	1.8158	0.0313	1.6966	0.0000	-22.0564	203.4845	250.7923	238.8819	-11.9104	-4.9859	683.7859	622.5175	-61.2684	-9.8420	264.4290	4.2947	657.3625	0.5788	nan	239.0644	476.8713	76.6040	94.6993	72.5434	55.5815	60.6281	0.8146	649.9515	-27.4340	-4.4069	99.9236	85.8635	0.1762	
14002.3557	13998.3333	-4.0223	-0.0287	0.3430	0.4051	0.4039	-0.0609	-17.7467	0.0290	0.0290	-3.4728	-1.5163	2.3121	-2.7562	0.7865	1.9161	1.8800	0.0361	1.8856	0.0000	-2.3135	201.4790	247.0014	236.9841	-10.0173	-4.2270	702.0247	667.0400	-34.9847	-5.2448	264.3684	4.5643	704.3756	0.5837	nan	237.8425	502.8043	75.3787	94.6995	71.3832	56.9540	61.9938	0.8481	695.7133	-28.6733	-4.2986	99.6391	99.5830	0.1790	
14000.7329	13993.7143	-7.0186	-0.0502	0.3614	0.4205	0.4075	-0.0461	-12.7485	0.0291	0.0290	-3.5855	-1.4907	2.4303	-2.7068	0.7431	1.9514	1.9270	0.0244	1.2479	0.0000	-5.6806	207.8546	255.1933	236.2261	-18.9671	-8.0292	771.4576	689.5343	-81.9233	-11.8810	264.4560	4.7078	727.9471	0.5847	nan	237.2851	529.6441	76.8118	94.7232	72.7586	58.3103	63.4188	0.8636	716.9061	-27.3718	-3.9696	99.5538	92.5145	0.1852	
14002.5292	14005.8000	3.2708	0.0234	0.3791	0.4327	0.4069	-0.0278	-7.3443	0.0297	0.0309	-3.4095	-1.5126	2.2548	-2.5492	0.8573	1.9907	1.9613	0.0294	1.4775	0.0000	-14.7841	197.9602	243.2790	235.2985	-7.9805	-3.3916	700.5394	713.1250	12.5856	1.7648	264.6011	4.8503	752.7050	0.5865	nan	236.8615	556.0198	77.9694	94.7416	73.8695	59.8332	64.9013	0.8790	744.7062	-31.5812	-4.4286	99.3401	86.6056	0.1904	
14003.1097	13998.6667	-4.4431	-0.0317	0.3976	0.4586	0.4735	-0.0760	-19.1124	0.0300	0.0274	-2.9582	-1.1632	2.6517	-2.9292	0.8587	2.0740	2.0503	0.0237	1.1432	0.0000	0.3735	200.2730	246.5101	233.3659	-13.1442	-5.6324	794.5864	759.3700	-35.2164	-4.6376	264.7110	5.1266	801.8833	0.5909	nan	235.7822	582.7918	76.7467	94.6983	72.6778	61.4130	66.6009	0.9058	794.6064	-35.2364	-4.6402	98.9752	99.6261	0.1917	
13997.2431	14002.7500	5.5069	0.0393	0.4161	0.4739	0.4555	-0.0394	-9.4716	0.0283	0.0285	-3.4520	-1.3005	2.7239	-2.8603	0.9350	2.1189	2.0935	0.0253	1.1963	0.0000	-15.8998	198.3110	243.8124	232.2684	-11.5440	-4.9701	842.7470	782.5813	-60.1657	-7.6881	264.7362	5.2737	826.5050	0.5920	nan	235.1602	610.1911	77.9720	94.6856	73.8283	63.1155	68.4941	0.9181	812.6474	-30.0662	-3.8419	98.7703	91.5943	0.1964	
14000.6056	14005.1111	4.5055	0.0322	0.4339	0.4973	0.4999	-0.0660	-15.2153	0.0280	0.0308	-2.5481	-0.8677	3.0136	-2.6076	0.8651	2.1690	2.1516	0.0174	0.8009	0.0000	-1.3306	200.9987	246.3264	230.9322	-15.3941	-6.6661	910.8645	807.9089	-102.9556	-12.7435	264.7310	5.4281	853.5456	0.5940	nan	234.3474	636.3462	78.7646	94.6533	74.5533	64.7548	70.2904	0.9312	842.8580	-34.9491	-4.3259	98.5427	86.4145	0.2000	
13908.7319	13909.0000	0.2681	0.0019	0.4525	0.5134	0.5477	-0.0952	-21.0351	0.0287	0.0277	-1.5927	-0.5245	3.3151	-3.0162	0.9051	2.2413	2.2234	0.0179	0.8005	0.0000	-5.7377	201.0153	246.3614	228.0485	-18.3129	-8.0303	1006.5739	849.9725	-156.6014	-18.4243	264.7165	5.6525	898.3250	0.6004	nan	231.7020	659.0844	77.5418	94.6175	73.3681	66.5827	72.3360	0.9601	883.6162	-33.6437	-3.9582	98.4232	99.3899	0.2019	
13605.0067	13629.2222	24.2155	0.1777	0.4708	0.5307	0.5107	-0.0399	-8.4701	0.0277	0.0285	-2.4720	-0.8047	3.1055	-3.0385	0.9742	2.2438	2.2316	0.0122	0.5452	0.0000	-9.7115	195.6246	239.9903	227.5999	-12.3904	-5.4439	924.8298	852.1700	-72.6598	-8.5264	264.7187	5.6815	900.5756	0.5988	nan	231.7502	671.8918	78.8447	94.6250	74.6069	68.4051	74.2466	0.9634	884.2934	-32.1234	-3.7696	98.2092	87.9986	0.2098	
13371.5323	13362.0000	-9.5323	-0.0713	0.4868	0.5986	0.5302	-0.0435	-8.9295	0.0286	0.0318	-1.6810	-0.5814	3.1109	-2.8100	0.9627	2.2456	2.2299	0.0157	0.7001	0.0000	-9.2888	194.9053	239.0072	227.1263	-11.8809	-5.2309	918.1439	853.5633	-64.5805	-7.5660	264.7233	5.7056	902.1367	0.5973	nan	231.7931	681.1130	79.7965	94.6158	75.5001	70.1936	75.8667	0.9662	888.5195	-34.9562	-4.0953	97.9867	79.4532	0.2168	
12855.3844	12873.5000	18.1156	0.1407	0.5022	0.5528	0.5730	-0.0708	-14.0899	0.0313	0.0294	-2.1010	-0.6971	3.0541	-3.1631	1.0004	2.2532	2.2418	0.0114	0.5064	0.0000	-6.5085	183.3680	224.7620	226.3782	1.6163	0.7140	844.7204	857.1575	12.4371	1.4510	264.7188	5.7506	906.3125	0.5954	nan	231.9064	677.0299	78.9854	94.5764	74.7016	71.8427	77.3036	0.9702	890.6178	-33.4603	-3.9036	97.6162	85.9775	0.2229	

Torque compensated Offset = 	0
Mean Torque Mainboard Error perc = 	-17.26763052376368


Step N. = 	5
Target Speed = 	16050

Speed Mainboard (rpm_M)	Speed TestBench (rpm_M)	Speed Error (rpm_M)	Speed Error %	Torque TestBench (Nm_M)	Torque Ref (Nm)	Torque MainBoard (Nm_M)	Torque MainBoard Error (Nm_M)	Torque MainBoard Error %	Flux Ref (V/rad/s)	Flux (V/rad/s)	Id * Iq (A^2)	Id (Apeak)	Iq (Apeak)	Id Rotor (Apeak)	Iq Rotor (Apeak)	IMotor Measured (Arms)	IMotor MainBoard (Arms)	IMotor Error (Arms)	IMotor Error %	Motor Current THD %	Vsdref (Vpeak)	Vsqref (Vpeak)	Vout MainBoard (Vrms)	Vout Measured (Vrms)	Vout Error (Vrms)	Vout Error %	Motor Power MainBoard (W)	Motor Power Measured (W)	Motor Power Error (W)	Motor Power Error %	Line Voltage (Vrms)	Line Current (Arms)	Line Power (W)	Line Power Factor	Bulk Ripple (V)	DC Bus Voltage (Vrms)	Motor Mechanical Power (W)	Motor Efficiency	Inverter Efficiency	Overall Efficiency	Temperature (deg C)	Estimated Temperature (deg C)	Motor cos-phi	Electrical Power Alpha-Beta [W]	Electrical Power Error [W]	Electrical Power Error [%]	Bus Voltage Usage [%]	Rotational Losses [W]	Kt [Nm/Arms]	
16054.1107	16054.1107	0.0000	0.0000	0.1944	0.2555	0.2594	-0.0650	-33.4637	0.0278	0.0274	-3.2106	-2.0164	1.5880	-2.4185	0.5513	1.7739	1.7233	0.0506	2.8514	0.0000	-12.1900	203.4733	249.8363	246.2389	-3.5975	-1.4610	519.5590	497.4013	-22.1578	-4.4547	264.8066	3.4910	527.1550	0.5703	nan	243.3036	326.7806	65.6963	94.3556	61.9881	48.2205	53.5325	0.6574	529.6398	-32.2386	-6.4814	101.2064	116.9364	0.1096	
16047.5723	16047.5723	0.0000	0.0000	0.2116	0.2750	0.2523	-0.0407	-19.2484	0.0270	0.0272	-3.1629	-2.0126	1.5594	-2.6319	0.5138	1.7932	1.7588	0.0344	1.9211	0.0000	-8.7858	206.6755	253.9258	245.6483	-8.2775	-3.3696	507.5738	516.2322	8.6584	1.6772	264.8183	3.6219	546.3133	0.5696	nan	242.8555	355.5186	68.8676	94.4938	65.0756	50.2197	55.6600	0.6766	543.8454	-27.6132	-5.3490	101.1500	105.4517	0.1180	
16050.9831	16050.9831	0.0000	0.0000	0.2221	0.2862	0.2953	-0.0732	-32.9504	0.0266	0.0275	-3.5708	-1.9383	1.8506	-2.5298	0.5269	1.8289	1.7903	0.0386	2.1106	0.0000	-19.3607	206.2858	253.8053	244.3334	-9.4719	-3.8766	630.3091	548.3711	-81.9380	-14.9421	264.7902	3.8268	579.7711	0.5722	nan	241.9782	373.3365	68.0837	94.5839	64.3962	52.0764	57.4824	0.7085	582.3699	-33.9987	-6.2000	100.9733	117.1629	0.1214	
16050.2956	16050.2956	0.0000	0.0000	0.2422	0.3060	0.2887	-0.0465	-19.1931	0.0281	0.0258	-3.1479	-1.8959	1.6618	-2.7122	0.5875	1.8677	1.8414	0.0263	1.4058	0.0000	-16.2772	206.0924	253.3068	242.9425	-10.3643	-4.2661	559.4487	581.6580	22.2093	3.8183	264.7082	4.0382	614.3910	0.5748	nan	241.0799	407.0855	69.9873	94.6723	66.2586	53.8873	59.2458	0.7401	614.8224	-33.1644	-5.7017	100.7726	113.8210	0.1297	
16052.6465	16052.6465	0.0000	0.0000	0.2559	0.3113	0.3022	-0.0463	-18.0874	0.0269	0.0269	-3.4971	-1.8695	1.8778	-2.6028	0.5814	1.8868	1.8466	0.0402	2.1313	0.0000	-9.3025	207.7213	254.7495	242.1512	-12.5983	-5.2026	609.1749	596.4633	-12.7116	-2.1312	264.5214	4.1382	629.6667	0.5752	nan	240.5091	430.1568	72.1176	94.7269	68.3147	55.6710	60.8588	0.7537	629.4294	-32.9661	-5.5269	100.6828	103.9066	0.1356	
16049.2418	16049.2418	0.0000	0.0000	0.2681	0.3257	0.3257	-0.0576	-21.4709	0.0259	0.0262	-3.5482	-1.7167	2.1102	-2.7862	0.6056	1.9108	1.8811	0.0297	1.5540	0.0000	-14.0161	206.6363	253.8103	241.2101	-12.6001	-5.2237	692.1296	615.8563	-76.2734	-12.3849	264.4091	4.2621	649.9225	0.5767	nan	239.8974	450.6301	73.1700	94.7584	69.3348	57.2593	62.2381	0.7715	650.0532	-34.1970	-5.5528	100.5472	100.8647	0.1403	
16047.5621	16047.5621	0.0000	0.0000	0.2814	0.3476	0.3624	-0.0810	-28.7683	0.0258	0.0260	-3.7394	-1.6118	2.4117	-2.7063	0.6290	1.9633	1.9191	0.0442	2.2489	0.0000	-12.7957	205.5130	252.3293	239.5233	-12.8059	-5.3464	776.6666	655.4078	-121.2588	-18.5013	264.3931	4.5011	691.5422	0.5811	nan	238.8094	472.9668	72.1637	94.7748	68.3930	58.7275	63.5408	0.8047	691.5690	-36.1613	-5.5174	100.2989	114.1395	0.1434	
16050.5032	16050.5032	0.0000	0.0000	0.2958	0.3584	0.3603	-0.0645	-21.8026	0.0251	0.0262	-4.0544	-1.6759	2.4208	-2.7796	0.6788	1.9986	1.9679	0.0307	1.5337	0.0000	-9.8979	201.7001	247.5272	238.4676	-9.0597	-3.7991	756.3572	681.1200	-75.2372	-11.0461	264.3904	4.6577	718.4233	0.5834	nan	238.0980	497.1448	72.9898	94.8076	69.1998	60.2604	65.0123	0.8251	714.8384	-33.7184	-4.9504	100.1552	112.8097	0.1480	
16053.5480	16053.5480	0.0000	0.0000	0.3121	0.3622	0.3542	-0.0421	-13.4970	0.0250	0.0264	-4.1399	-1.7179	2.4295	-2.7673	0.7015	2.0217	1.9846	0.0371	1.8327	0.0000	-2.2280	200.4018	245.5809	237.7946	-7.7864	-3.2744	735.3306	697.4311	-37.8995	-5.4342	264.4111	4.7582	735.4078	0.5845	nan	237.7468	524.6975	75.2332	94.8360	71.3482	61.7814	66.4142	0.8376	730.0693	-32.6382	-4.6798	100.0201	99.5220	0.1544	
16047.8564	16047.8564	0.0000	0.0000	0.3246	0.3812	0.3735	-0.0489	-15.0687	0.0251	0.0271	-3.7476	-1.5251	2.5132	-2.6990	0.7191	2.0544	2.0231	0.0313	1.5222	0.0000	-6.6884	200.9449	246.3450	236.9283	-9.4167	-3.9745	774.2313	720.2222	-54.0091	-7.4990	264.4862	4.8941	759.4122	0.5867	nan	237.1923	545.4242	75.7298	94.8394	71.8218	63.2684	67.7826	0.8543	753.1165	-32.8943	-4.5672	99.8887	98.8053	0.1580	
16054.3425	16054.3425	0.0000	0.0000	0.3385	0.3913	0.4123	-0.0738	-21.7908	0.0249	0.0244	-2.8702	-1.1647	2.8369	-2.9464	0.7452	2.1225	2.0837	0.0387	1.8243	0.0000	-11.7874	200.6135	246.6106	235.0775	-11.5331	-4.9061	876.3206	762.0750	-114.2456	-14.9914	264.6298	5.1411	803.9925	0.5910	nan	236.2480	569.0886	74.6760	94.7864	70.7827	64.7477	69.2662	0.8818	800.7261	-38.6511	-5.0718	99.5045	111.4546	0.1595	
16049.4799	16049.4799	0.0000	0.0000	0.3532	0.3970	0.4345	-0.0813	-23.0138	0.0247	0.0244	-2.7521	-1.0017	3.0312	-3.0541	0.8104	2.1685	2.1421	0.0264	1.2192	0.0000	-2.3040	194.1882	238.0310	233.7939	-4.2371	-1.8123	889.4290	788.5189	-100.9101	-12.7974	264.7563	5.3036	832.0678	0.5926	nan	235.6432	593.6584	75.2879	94.7662	71.3475	66.3692	70.9772	0.8980	829.0313	-40.5124	-5.1378	99.2152	109.2732	0.1629	
16051.7842	16051.7842	0.0000	0.0000	0.3680	0.4280	0.4581	-0.0901	-24.4848	0.0256	0.0251	-2.7760	-0.9786	3.0228	-3.0854	0.7728	2.2007	2.1693	0.0314	1.4267	0.0000	-3.9415	198.7500	243.8898	232.6348	-11.2551	-4.8381	905.3862	807.6656	-97.7206	-12.0991	264.7588	5.4200	852.3844	0.5940	nan	234.9060	618.5854	76.5893	94.7537	72.5712	68.0486	72.7406	0.9108	856.8738	-49.2083	-6.0927	99.0332	100.4239	0.1672	
16040.1422	16040.1422	0.0000	0.0000	0.3831	0.4309	0.4133	-0.0302	-7.8873	0.0244	0.0242	-3.7912	-1.3575	2.8021	-3.2969	0.8351	2.2312	2.2101	0.0211	0.9456	0.0000	0.9101	194.2729	238.0171	231.0684	-6.9486	-3.0072	812.9677	828.7189	15.7512	1.9007	264.6464	5.5406	874.5900	0.5965	nan	233.4163	643.5187	77.6527	94.7551	73.5799	69.7211	74.4418	0.9280	871.9955	-43.2766	-5.2221	98.9941	93.5422	0.1717	
15786.7077	15786.7077	0.0000	0.0000	0.3889	0.4800	0.4268	-0.0379	-9.7403	0.0245	0.0265	-2.9577	-1.0192	2.9609	-2.9416	0.7894	2.2438	2.2216	0.0222	0.9877	0.0000	-8.4063	198.9540	243.9486	229.9119	-14.0367	-6.1052	897.9124	837.9300	-59.9824	-7.1584	264.4891	5.6113	884.5433	0.5960	nan	232.7956	642.8818	76.7227	94.7302	72.6796	71.3728	76.0827	0.9378	879.5779	-41.6479	-4.9703	98.7613	101.8336	0.1733	
15117.5798	15117.5798	0.0000	0.0000	0.4153	0.4737	0.4917	-0.0765	-18.4154	0.0261	0.0258	-1.3229	-0.4903	3.2313	-3.3238	0.8349	2.2449	2.2234	0.0216	0.9607	0.0000	-5.9765	193.2823	236.9134	228.8600	-8.0534	-3.5189	944.4739	840.8900	-103.5839	-12.3184	264.3760	5.6550	888.2300	0.5941	nan	232.6243	657.3809	78.1768	94.6703	74.0102	73.0308	77.5534	0.9449	880.1996	-39.3096	-4.6748	98.3818	89.6706	0.1850	
14982.2218	14982.2218	0.0000	0.0000	0.4219	0.4839	0.4674	-0.0455	-10.7819	0.0266	0.0273	-2.6257	-0.9394	2.9155	-2.9702	0.8767	2.2438	2.2313	0.0124	0.5536	0.0000	-10.6299	189.1905	232.7462	228.7398	-4.0065	-1.7516	839.5507	841.9550	2.4043	0.2856	264.4087	5.6662	889.2700	0.5936	nan	232.6628	661.8804	78.6122	94.6793	74.4295	74.5089	78.7929	0.9471	882.2397	-40.2847	-4.7847	98.3139	85.8670	0.1880	
14696.1699	14696.1699	0.0000	0.0000	0.4360	0.4655	0.4861	-0.0501	-11.4815	0.0261	0.0255	-1.6575	-0.5607	3.1346	-3.1739	0.8271	2.2422	2.2244	0.0178	0.7945	0.0000	-1.1088	196.9140	241.4131	228.5780	-12.8351	-5.6152	925.8083	844.4550	-81.3533	-9.6338	264.5650	5.6793	891.9050	0.5936	nan	232.7605	670.9894	79.4584	94.6799	75.2312	75.9574	79.9034	0.9513	881.1242	-36.6692	-4.3424	98.2031	78.9336	0.1945	

Torque compensated Offset = 	0
Mean Torque Mainboard Error perc = 	-19.50812705999959


Step N. = 	6
Target Speed = 	18000

Speed Mainboard (rpm_M)	Speed TestBench (rpm_M)	Speed Error (rpm_M)	Speed Error %	Torque TestBench (Nm_M)	Torque Ref (Nm)	Torque MainBoard (Nm_M)	Torque MainBoard Error (Nm_M)	Torque MainBoard Error %	Flux Ref (V/rad/s)	Flux (V/rad/s)	Id * Iq (A^2)	Id (Apeak)	Iq (Apeak)	Id Rotor (Apeak)	Iq Rotor (Apeak)	IMotor Measured (Arms)	IMotor MainBoard (Arms)	IMotor Error (Arms)	IMotor Error %	Motor Current THD %	Vsdref (Vpeak)	Vsqref (Vpeak)	Vout MainBoard (Vrms)	Vout Measured (Vrms)	Vout Error (Vrms)	Vout Error %	Motor Power MainBoard (W)	Motor Power Measured (W)	Motor Power Error (W)	Motor Power Error %	Line Voltage (Vrms)	Line Current (Arms)	Line Power (W)	Line Power Factor	Bulk Ripple (V)	DC Bus Voltage (Vrms)	Motor Mechanical Power (W)	Motor Efficiency	Inverter Efficiency	Overall Efficiency	Temperature (deg C)	Estimated Temperature (deg C)	Motor cos-phi	Electrical Power Alpha-Beta [W]	Electrical Power Error [W]	Electrical Power Error [%]	Bus Voltage Usage [%]	Rotational Losses [W]	Kt [Nm/Arms]	
17997.8459	17997.8459	0.0000	0.0000	0.1985	0.2522	0.2547	-0.0562	-28.3267	0.0224	0.0211	-3.5156	-1.9672	1.9314	-2.8779	0.5348	2.0278	1.9713	0.0564	2.7821	0.0000	-9.2872	215.3058	263.9690	236.3484	-27.6206	-11.6864	658.0830	576.1538	-81.9292	-14.2200	264.7676	3.9997	610.0050	0.5760	nan	241.1073	374.1188	64.9345	94.4506	61.3309	50.9616	59.4301	0.6941	618.0315	-41.8777	-7.2685	98.0268	131.1797	0.0979	
17992.4245	17992.4245	0.0000	0.0000	0.2062	0.2923	0.4161	-0.2099	-101.7624	0.0234	0.0227	-3.2719	-1.1019	3.1110	-2.9276	0.4941	2.0276	1.9862	0.0414	2.0396	0.0000	-10.7281	222.2338	272.5566	236.1427	-36.4139	-15.4203	1053.9845	589.8550	-464.1295	-78.6854	264.7985	4.0594	623.9600	0.5805	nan	240.0102	388.6102	65.8865	94.5342	62.2858	53.5047	62.2231	0.7113	659.6658	-69.8108	-11.8352	98.3895	129.7435	0.1017	
17991.9102	17991.9102	0.0000	0.0000	0.2198	0.3933	0.2356	-0.0159	-7.2209	0.0223	0.0233	-3.7175	-2.0606	1.9336	-2.8356	0.4925	2.0466	2.0134	0.0332	1.6223	0.0000	0.0614	189.0347	231.7229	235.9847	4.2618	1.8060	530.8300	610.9600	80.1300	13.1154	264.8073	4.1905	645.8250	0.5820	nan	240.1638	414.0326	67.7677	94.6016	64.1094	55.7850	64.4770	0.7303	654.8427	-43.8827	-7.1826	98.2603	123.4761	0.1074	
17991.4905	17991.4905	0.0000	0.0000	0.2276	0.4058	0.2750	-0.0474	-20.8127	0.0228	0.0232	-3.5278	-1.7712	2.1211	-2.7673	0.5411	2.0604	2.0116	0.0488	2.3687	0.0000	-16.5310	207.9092	255.6900	235.5827	-20.1073	-8.5351	705.2806	631.4010	-73.8796	-11.7009	264.8139	4.3219	666.8530	0.5827	nan	239.5214	428.8129	67.9181	94.6837	64.3068	57.9113	66.4583	0.7510	648.8603	-17.4593	-2.7652	98.3567	127.5814	0.1105	
17988.0410	17988.0410	0.0000	0.0000	0.2380	0.3581	0.3315	-0.0935	-39.3011	0.0224	0.0201	-3.4966	-1.5298	2.6152	-3.1640	0.3699	2.0702	2.0157	0.0546	2.6351	0.0000	-22.9692	216.3451	266.5579	235.4290	-31.1289	-13.2222	916.5820	648.6375	-267.9445	-41.3088	264.8160	4.4145	684.2875	0.5854	nan	239.1777	448.3197	69.1159	94.7905	65.5156	59.8832	68.1816	0.7684	714.5572	-65.9197	-10.1628	98.4328	124.0613	0.1150	
17992.9641	17992.9641	0.0000	0.0000	0.2496	0.3766	0.3350	-0.0854	-34.2262	0.0224	0.0222	-4.2743	-1.7398	2.4837	-2.8530	0.6205	2.0914	2.0350	0.0564	2.6974	0.0000	-13.9667	211.7335	260.3283	235.1627	-25.1656	-10.7013	826.7105	668.1100	-158.6005	-23.7387	264.8059	4.5434	704.9040	0.5859	nan	237.8742	470.3007	70.3912	94.7806	66.7169	61.5774	69.6342	0.7843	718.7730	-50.6630	-7.5830	98.8603	119.5181	0.1193	
17991.0009	17991.0009	0.0000	0.0000	0.2596	0.3833	0.2795	-0.0200	-7.6931	0.0201	0.0211	-3.3264	-1.6790	2.2457	-2.9385	0.5791	2.1017	2.0540	0.0476	2.2671	0.0000	-23.0875	189.3872	236.8343	234.9656	-1.8687	-0.7953	740.3762	686.0389	-54.3374	-7.9204	264.7852	4.6384	723.0933	0.5888	nan	237.7497	489.0052	71.2813	94.8759	67.6290	63.2566	71.0044	0.8021	760.2519	-74.2130	-10.8176	98.8300	117.5027	0.1235	
17990.7130	17990.7130	0.0000	0.0000	0.2691	0.4023	0.3828	-0.1137	-42.2490	0.0224	0.0235	-3.7043	-1.3095	2.8760	-2.9039	0.6424	2.1159	2.0744	0.0415	1.9613	0.0000	-18.0108	204.6022	251.8103	234.6794	-17.1309	-7.2997	921.4812	707.1662	-214.3150	-30.3062	264.7585	4.7658	745.9425	0.5912	nan	236.2523	507.0272	71.7005	94.8015	67.9733	64.8257	72.2875	0.8222	730.8178	-23.6516	-3.3446	99.3345	119.0857	0.1272	
17990.7301	17990.7301	0.0000	0.0000	0.2810	0.3897	0.3328	-0.0518	-18.4275	0.0231	0.0233	-3.1235	-1.4832	2.3960	-2.9236	0.5788	2.1340	2.0813	0.0527	2.4709	0.0000	-8.6905	216.1552	265.0190	234.3938	-30.6252	-13.0657	796.0434	727.7200	-68.3234	-9.3887	264.7495	4.8760	766.4100	0.5937	nan	235.9563	529.3996	72.7479	94.9516	69.0753	66.3086	73.4932	0.8400	751.6281	-23.9081	-3.2853	99.3379	115.4519	0.1317	
17990.4596	17990.4596	0.0000	0.0000	0.2916	0.3909	0.3455	-0.0539	-18.4975	0.0222	0.0228	-4.2859	-1.7243	2.5574	-2.9092	0.6810	2.1448	2.1002	0.0446	2.0797	0.0000	-7.2162	206.8684	253.6381	234.2339	-19.4042	-8.2841	813.8783	742.3457	-71.5326	-9.6360	264.7750	4.9570	781.1957	0.5952	nan	235.3793	549.3082	73.9952	95.0273	70.3153	67.7847	74.6959	0.8531	795.5355	-53.1898	-7.1651	99.5147	108.9019	0.1359	
17988.3562	17988.3562	0.0000	0.0000	0.2990	0.3416	0.3055	-0.0065	-2.1787	0.0231	0.0202	-3.2837	-1.8052	1.9802	-3.1907	0.6386	2.1636	2.1247	0.0389	1.7968	0.0000	-11.6359	212.1268	260.2930	233.9960	-26.2970	-11.2382	657.0161	759.8550	102.8389	13.5340	264.7936	5.0664	800.0612	0.5964	nan	234.9480	563.2372	74.1250	94.9745	70.3997	69.1290	75.8343	0.8665	811.0508	-51.1958	-6.7376	99.5960	110.6057	0.1382	
17988.5227	17988.5227	0.0000	0.0000	0.3095	0.3865	0.3883	-0.0788	-25.4579	0.0223	0.0221	-3.1926	-1.1768	2.9090	-3.1287	0.5913	2.1808	2.1329	0.0479	2.1959	0.0000	-6.7581	205.3840	251.7148	233.9352	-17.7795	-7.6002	918.6101	781.7600	-136.8501	-17.5054	264.7708	5.1913	823.0600	0.5988	nan	234.0832	583.0229	74.5793	94.9822	70.8372	70.5036	77.0151	0.8847	838.0782	-56.3182	-7.2040	99.9380	110.9394	0.1419	
17986.9678	17986.9678	0.0000	0.0000	0.3191	0.3670	0.3412	-0.0221	-6.9258	0.0207	0.0211	-3.6576	-1.3596	2.7109	-3.1485	0.7447	2.1924	2.1609	0.0315	1.4361	0.0000	-2.0773	205.9861	252.3676	233.7719	-18.5957	-7.9546	842.4357	796.5011	-45.9346	-5.7670	264.7299	5.2724	837.5589	0.6001	nan	233.3075	601.0748	75.4647	95.0979	71.7652	71.8054	78.1533	0.8972	853.7739	-57.2728	-7.1905	100.2005	106.2970	0.1456	
17978.2894	17978.2894	0.0000	0.0000	0.3290	0.3888	0.4095	-0.0805	-24.4548	0.0237	0.0218	-3.5182	-1.2239	2.8727	-3.1512	0.6654	2.2179	2.1800	0.0378	1.7060	0.0000	-14.3116	208.5120	256.1493	233.4281	-22.7212	-9.7337	925.2459	823.4400	-101.8059	-12.3635	264.7436	5.4281	866.7933	0.6032	nan	231.9388	619.4018	75.2213	94.9984	71.4591	73.2258	79.3920	0.9183	873.3805	-49.9405	-6.0649	100.6422	112.3876	0.1483	
17851.8353	17851.8353	0.0000	0.0000	0.3354	0.3845	0.3546	-0.0192	-5.7226	0.0209	0.0220	-4.0164	-1.4440	2.7927	-3.0884	0.7621	2.2170	2.1950	0.0220	0.9912	0.0000	-3.9128	206.4167	253.0366	233.2671	-19.7695	-8.4751	872.3658	826.0422	-46.3236	-5.6079	264.7827	5.4526	869.4856	0.6022	nan	231.9623	627.0814	75.9141	95.0036	72.1211	74.5536	80.5835	0.9222	875.3654	-49.3232	-5.9710	100.5626	106.9754	0.1513	
17354.5164	17354.5164	0.0000	0.0000	0.3502	0.3895	0.4243	-0.0741	-21.1496	0.0233	0.0223	-2.8448	-0.9545	3.0391	-3.1133	0.7340	2.2165	2.1901	0.0264	1.1921	0.0000	-9.1817	206.3003	253.0335	232.6459	-20.3876	-8.7634	954.5941	830.3430	-124.2511	-14.9638	264.7611	5.4866	874.1670	0.6018	nan	232.3165	636.4275	76.6465	94.9868	72.8040	75.9196	81.6758	0.9297	877.2743	-46.9313	-5.6520	100.1418	101.5434	0.1580	
17095.3241	17095.3241	0.0000	0.0000	0.3597	0.4150	0.4110	-0.0513	-14.2593	0.0240	0.0238	-3.5485	-1.2504	2.8428	-2.9711	0.7610	2.2185	2.1934	0.0251	1.1309	0.0000	-0.2142	203.7245	249.6898	232.1517	-17.5381	-7.5546	868.0460	830.7522	-37.2938	-4.4892	264.6542	5.5172	874.9200	0.5992	nan	232.5323	643.8815	77.5058	94.9518	73.5932	77.2131	82.7167	0.9313	873.5752	-42.8230	-5.1547	99.8363	93.9369	0.1621	
16894.4656	16894.4656	0.0000	0.0000	0.3717	0.4147	0.3932	-0.0216	-5.7997	0.0213	0.0234	-3.5929	-1.1833	3.0452	-3.0429	0.8003	2.2150	2.1920	0.0231	1.0407	0.0000	1.6683	195.6649	239.8537	231.7170	-8.1367	-3.5115	891.2848	832.1689	-59.1159	-7.1038	264.5224	5.5297	876.3511	0.5991	nan	232.4926	657.5588	79.0176	94.9584	75.0339	78.4187	83.5918	0.9361	875.6885	-43.5196	-5.2297	99.6664	81.5949	0.1678	
16681.7921	16681.7921	0.0000	0.0000	0.3792	0.4561	0.4459	-0.0667	-17.5930	0.0228	0.0253	-1.2686	-0.3764	3.4177	-2.9044	0.7930	2.2150	2.1858	0.0292	1.3198	0.0000	-10.0614	208.9979	256.3357	231.3258	-25.0099	-10.8115	1078.6025	833.2800	-245.3225	-29.4406	264.4349	5.5453	877.7578	0.5986	nan	232.5443	662.4609	79.5005	94.9328	75.4720	79.5501	84.3947	0.9389	867.7238	-34.4438	-4.1335	99.4760	77.4545	0.1712	

Torque compensated Offset = 	0
Mean Torque Mainboard Error perc = 	-23.266230458008728


