Time	speed	torque	motor_current	motor_current_thd	motor_voltage	motor_power	line_voltage	line_current	line_power	motor_temperature	Test_Marker	BD_Target_Speed	BD_Target_Accel	BD_Update_Cmd	Mcl_Quantities.Speed_Rot_Mech	Mcl_Quantities.Torque	Mcl_Quantities.Torque_Ref	Mcl_Quantities.Stator_Flux_Mag	Mcl_Quantities.Flux_Ref	Mcl_Quantities.Id_stator_current	Mcl_Quantities.Iq_stator_current	Mcl_Quantities.Id_rotor_current	Rotor_Curr_Iq	Flux_Controller.Out	Torque_Controller.Out	DC_Bus_RMS	Mcl_Quantities.Electrical_Power	Mcl_Quantities.Stator_Temperature	Mcl_Quantities.Is_Abs	Mcl_Quantities.IsRMS	SR_Overheating_Temp
0.7343	0.0000	-0.0130	0.0080	0.0000	0.6930	-0.0300	230.5100	0.0000	1.6400	57.2366	NOT CONNECTED	NOT CONNECTED	NOT CONNECTED	NOT CONNECTED	NOT CONNECTED	NOT CONNECTED	NOT CONNECTED	NOT CONNECTED	NOT CONNECTED	NOT CONNECTED	NOT CONNECTED	NOT CONNECTED	NOT CONNECTED	NOT CONNECTED	NOT CONNECTED	NOT CONNECTED	NOT CONNECTED	NOT CONNECTED	NOT CONNECTED	NOT CONNECTED	NOT CONNECTED
1.4635	0.0000	-0.0130	0.0080	0.0000	0.6930	-0.0300	230.4960	0.0000	1.6400	57.1878	NOT CONNECTED	NOT CONNECTED	NOT CONNECTED	NOT CONNECTED	NOT CONNECTED	NOT CONNECTED	NOT CONNECTED	NOT CONNECTED	NOT CONNECTED	NOT CONNECTED	NOT CONNECTED	NOT CONNECTED	NOT CONNECTED	NOT CONNECTED	NOT CONNECTED	NOT CONNECTED	NOT CONNECTED	NOT CONNECTED	NOT CONNECTED	NOT CONNECTED	NOT CONNECTED
1.5145	0.0000	-0.0130	0.0080	0.0000	0.6930	-0.0300	230.4960	0.0000	1.6400	57.1878	NOT CONNECTED	0.0000	500.0000	0.0000	0.0000	0.0000	0.0000	0.0672	0.0348	-1.5084	0.2571	-1.5254	0.1214	0.0000	0.0000	321.3609	0.0000	71.7267	1.5302	0.0049	91.3226
2.1205	0.0000	-0.0130	0.0080	0.0000	0.6930	-0.0300	230.4880	0.0000	1.6400	57.1757	NOT CONNECTED	0.0000	500.0000	0.0000	0.0000	0.0000	0.0000	0.0672	0.0348	-1.5084	0.2571	-1.5254	0.1214	0.0000	0.0000	321.3730	0.0000	71.5257	1.5302	0.0048	91.3226
2.1937	0.0000	-0.0130	0.0080	0.0000	0.6930	-0.0300	230.4880	0.0000	1.6400	57.1757	NOT CONNECTED	0.0000	500.0000	0.0000	0.0000	0.0000	0.0000	0.0672	0.0348	-1.5084	0.2571	-1.5254	0.1214	0.0000	0.0000	321.3730	0.0000	71.5257	1.5302	0.0048	91.3226
2.7252	0.0000	-0.0130	0.0080	0.0000	0.6940	-0.0300	230.4750	0.0000	1.6400	57.1413	NOT CONNECTED	0.0000	500.0000	0.0000	0.0000	0.0000	0.0000	0.0672	0.0348	-1.5084	0.2571	-1.5254	0.1214	0.0000	0.0000	321.3514	0.0000	71.3313	1.5302	0.0049	91.2006
2.9259	0.0000	-0.0130	0.0080	0.0000	0.6940	-0.0300	230.4750	0.0000	1.6400	57.1413	NOT CONNECTED	0.0000	500.0000	0.0000	0.0000	0.0000	0.0000	0.0672	0.0348	-1.5084	0.2571	-1.5254	0.1214	0.0000	0.0000	321.3514	0.0000	71.3313	1.5302	0.0049	91.2006
3.3312	0.0000	-0.0130	0.0080	0.0000	0.6940	-0.0300	230.4690	0.0000	1.6500	57.0877	NOT CONNECTED	0.0000	500.0000	0.0000	0.0000	0.0000	0.0000	0.0672	0.0348	-1.5084	0.2571	-1.5254	0.1214	0.0000	0.0000	321.3568	0.0000	71.1434	1.5302	0.0048	91.2006
3.6553	0.0000	-0.0130	0.0080	0.0000	0.6940	-0.0300	230.4690	0.0000	1.6500	57.0877	NOT CONNECTED	0.0000	500.0000	0.0000	0.0000	0.0000	0.0000	0.0672	0.0348	-1.5084	0.2571	-1.5254	0.1214	0.0000	0.0000	321.3514	0.0000	70.9617	1.5302	0.0047	91.0790
3.9374	0.0000	-0.0130	0.0080	0.0000	0.6940	-0.0300	230.4690	0.0000	1.6500	57.0877	NOT CONNECTED	0.0000	500.0000	0.0000	0.0000	0.0000	0.0000	0.0672	0.0348	-1.5084	0.2571	-1.5254	0.1214	0.0000	0.0000	321.3514	0.0000	70.9617	1.5302	0.0047	91.0790
4.4259	0.0000	-0.0130	0.0080	0.0000	0.6940	-0.0300	230.4640	0.0000	1.6500	57.0820	NOT CONNECTED	0.0000	500.0000	0.0000	0.0000	0.0000	0.0000	0.0672	0.0348	-1.5084	0.2571	-1.5254	0.1214	0.0000	0.0000	321.3243	0.0000	70.7861	1.5302	0.0048	90.9581
4.5430	0.0000	-0.0130	0.0080	0.0000	0.6940	-0.0300	230.4640	0.0000	1.6500	57.0820	NOT CONNECTED	0.0000	500.0000	0.0000	0.0000	0.0000	0.0000	0.0672	0.0348	-1.5084	0.2571	-1.5254	0.1214	0.0000	0.0000	321.3243	0.0000	70.7861	1.5302	0.0048	90.9581
5.1487	0.0000	-0.0130	0.0079	0.0000	0.6940	-0.0300	230.4520	0.0000	1.6400	57.0435	NOT CONNECTED	0.0000	500.0000	0.0000	0.0000	0.0000	0.0000	0.0672	0.0348	-1.5084	0.2571	-1.5254	0.1214	0.0000	0.0000	321.3217	0.0000	70.6092	1.5302	0.0047	90.9581
5.1595	0.0000	-0.0130	0.0079	0.0000	0.6940	-0.0300	230.4520	0.0000	1.6400	57.0435	NOT CONNECTED	0.0000	500.0000	0.0000	0.0000	0.0000	0.0000	0.0672	0.0348	-1.5084	0.2571	-1.5254	0.1214	0.0000	0.0000	321.3217	0.0000	70.6092	1.5302	0.0047	90.9581
5.7540	0.0000	-0.0130	0.0079	0.0000	0.6940	-0.0300	230.4450	0.0000	1.6400	57.0446	NOT CONNECTED	0.0000	500.0000	0.0000	0.0000	0.0000	0.0000	0.0672	0.0348	-1.5084	0.2571	-1.5254	0.1214	0.0000	0.0000	321.2932	0.0000	70.4451	1.5302	0.0047	90.8376
5.9193	0.0000	-0.0130	0.0079	0.0000	0.6940	-0.0300	230.4450	0.0000	1.6400	57.0446	NOT CONNECTED	0.0000	500.0000	0.0000	0.0000	0.0000	0.0000	0.0672	0.0348	-1.5084	0.2571	-1.5254	0.1214	0.0000	0.0000	321.2932	0.0000	70.4451	1.5302	0.0047	90.8376
6.3593	0.0000	-0.0130	0.0079	0.0000	0.6940	-0.0300	230.4410	0.0000	1.6400	56.9390	NOT CONNECTED	0.0000	500.0000	0.0000	0.0000	0.0000	0.0000	0.0672	0.0348	-1.5084	0.2571	-1.5254	0.1214	0.0000	0.0000	321.3243	0.0000	70.2864	1.5302	0.0049	90.8376
6.6617	0.0000	-0.0130	0.0079	0.0000	0.6940	-0.0300	230.4410	0.0000	1.6400	56.9390	NOT CONNECTED	0.0000	500.0000	0.0000	0.0000	0.0000	0.0000	0.0672	0.0348	-1.5084	0.2571	-1.5254	0.1214	0.0000	0.0000	321.3243	0.0000	70.2864	1.5302	0.0049	90.8376
6.9651	0.0000	-0.0130	0.0079	0.0000	0.6940	-0.0300	230.4410	0.0000	1.6400	56.9390	NOT CONNECTED	0.0000	500.0000	0.0000	0.0000	0.0000	0.0000	0.0672	0.0348	-1.5084	0.2571	-1.5254	0.1214	0.0000	0.0000	321.2905	0.0000	70.1328	1.5302	0.0046	90.7176
7.4215	0.0000	-0.0130	0.0079	0.0000	0.6940	-0.0300	230.4390	0.0000	1.6400	56.8940	NOT CONNECTED	0.0000	500.0000	0.0000	0.0000	0.0000	0.0000	0.0672	0.0348	-1.5084	0.2571	-1.5254	0.1214	0.0000	0.0000	321.2892	0.0000	69.9782	1.5302	0.0047	90.5982
7.5863	0.0000	-0.0130	0.0079	0.0000	0.6940	-0.0300	230.4390	0.0000	1.6400	56.8940	NOT CONNECTED	0.0000	500.0000	0.0000	0.0000	0.0000	0.0000	0.0672	0.0348	-1.5084	0.2571	-1.5254	0.1214	0.0000	0.0000	321.2892	0.0000	69.9782	1.5302	0.0047	90.5982
8.1573	0.0000	-0.0130	0.0079	0.0000	0.6940	-0.0300	230.4380	0.0000	1.6400	56.8876	NOT CONNECTED	0.0000	500.0000	0.0000	0.0000	0.0000	0.0000	0.0672	0.0348	-1.5084	0.2571	-1.5254	0.1214	0.0000	0.0000	321.2824	0.0000	69.8287	1.5302	0.0045	90.5982
8.2073	0.0000	-0.0130	0.0079	0.0000	0.6940	-0.0300	230.4380	0.0000	1.6400	56.8876	NOT CONNECTED	0.0000	500.0000	0.0000	0.0000	0.0000	0.0000	0.0672	0.0348	-1.5084	0.2571	-1.5254	0.1214	0.0000	0.0000	321.2824	0.0000	69.8287	1.5302	0.0045	90.5982
8.8131	0.0000	-0.0130	0.0079	0.0000	0.6930	-0.0300	230.4380	0.0000	1.6400	56.8786	NOT CONNECTED	0.0000	500.0000	0.0000	0.0000	0.0000	0.0000	0.0672	0.0348	-1.5084	0.2571	-1.5254	0.1214	0.0000	0.0000	321.2702	0.0000	69.6900	1.5302	0.0047	90.4793
8.9127	0.0000	-0.0130	0.0079	0.0000	0.6930	-0.0300	230.4380	0.0000	1.6400	56.8786	NOT CONNECTED	0.0000	500.0000	0.0000	0.0000	0.0000	0.0000	0.0672	0.0348	-1.5084	0.2571	-1.5254	0.1214	0.0000	0.0000	321.2702	0.0000	69.6900	1.5302	0.0047	90.4793
9.4185	0.0000	-0.0130	0.0079	0.0000	0.6930	-0.0300	230.4430	0.0000	1.6400	56.7955	NOT CONNECTED	0.0000	500.0000	0.0000	0.0000	0.0000	0.0000	0.0672	0.0348	-1.5084	0.2571	-1.5254	0.1214	0.0000	0.0000	321.3230	0.0000	69.5502	1.5302	0.0049	90.3609
9.6552	0.0000	-0.0130	0.0079	0.0000	0.6930	-0.0300	230.4430	0.0000	1.6400	56.7955	NOT CONNECTED	0.0000	500.0000	0.0000	0.0000	0.0000	0.0000	0.0672	0.0348	-1.5084	0.2571	-1.5254	0.1214	0.0000	0.0000	321.3230	0.0000	69.5502	1.5302	0.0049	90.3609
10.0246	0.0000	-0.0130	0.0079	0.0000	0.6930	-0.0300	230.4430	0.0000	1.6400	56.7955	NOT CONNECTED	0.0000	500.0000	0.0000	0.0000	0.0000	0.0000	0.0672	0.0348	-1.5084	0.2571	-1.5254	0.1214	0.0000	0.0000	321.2946	0.0000	69.4204	1.5302	0.0049	90.3609
10.4245	0.0000	-0.0130	0.0079	0.0000	0.6930	-0.0300	230.4540	0.0000	1.6400	56.7413	NOT CONNECTED	0.0000	500.0000	0.0000	0.0000	0.0000	0.0000	0.0672	0.0348	-1.5084	0.2571	-1.5254	0.1214	0.0000	0.0000	321.3067	0.0000	69.2947	1.5302	0.0048	90.2430
10.6300	0.0000	-0.0130	0.0079	0.0000	0.6930	-0.0300	230.4540	0.0000	1.6400	56.7413	NOT CONNECTED	0.0000	500.0000	0.0000	0.0000	0.0000	0.0000	0.0672	0.0348	-1.5084	0.2571	-1.5254	0.1214	0.0000	0.0000	321.3067	0.0000	69.2947	1.5302	0.0048	90.2430
11.1645	0.0000	-0.0130	0.0079	0.0000	0.6920	-0.0300	230.4610	0.0000	1.6500	56.7289	NOT CONNECTED	0.0000	500.0000	0.0000	0.0000	0.0000	0.0000	0.0672	0.0348	-1.5084	0.2571	-1.5254	0.1214	0.0000	0.0000	321.2986	0.0000	69.1681	1.5302	0.0047	90.2430
11.2515	0.0000	-0.0130	0.0079	0.0000	0.6920	-0.0300	230.4610	0.0000	1.6500	56.7289	NOT CONNECTED	0.0000	500.0000	0.0000	0.0000	0.0000	0.0000	0.0672	0.0348	-1.5084	0.2571	-1.5254	0.1214	0.0000	0.0000	321.2986	0.0000	69.1681	1.5302	0.0047	90.2430
11.8409	0.0000	-0.0130	0.0079	0.0000	0.6930	-0.0300	230.4830	0.0000	1.6400	56.6887	NOT CONNECTED	0.0000	500.0000	0.0000	0.0000	0.0000	0.0000	0.0672	0.0348	-1.5084	0.2571	-1.5254	0.1214	0.0000	0.0000	321.3257	0.0000	69.0504	1.5302	0.0046	90.1256
11.9185	0.0000	-0.0130	0.0079	0.0000	0.6930	-0.0300	230.4830	0.0000	1.6400	56.6887	NOT CONNECTED	0.0000	500.0000	0.0000	0.0000	0.0000	0.0000	0.0672	0.0348	-1.5084	0.2571	-1.5254	0.1214	0.0000	0.0000	321.3257	0.0000	69.0504	1.5302	0.0046	90.1256
12.4463	0.0000	-0.0130	0.0079	0.0000	0.6930	-0.0300	230.4970	0.0000	1.6400	56.6544	NOT CONNECTED	0.0000	500.0000	0.0000	0.0000	0.0000	0.0000	0.0672	0.0348	-1.5084	0.2571	-1.5254	0.1214	0.0000	0.0000	321.3825	0.0000	68.9412	1.5302	0.0045	90.0087
12.6556	0.0000	-0.0130	0.0079	0.0000	0.6930	-0.0300	230.4970	0.0000	1.6400	56.6544	NOT CONNECTED	0.0000	500.0000	0.0000	0.0000	0.0000	0.0000	0.0672	0.0348	-1.5084	0.2571	-1.5254	0.1214	0.0000	0.0000	321.3825	0.0000	68.9412	1.5302	0.0045	90.0087
13.0521	0.0000	-0.0130	0.0079	0.0000	0.6930	-0.0300	230.5120	0.0000	1.6400	56.6076	NOT CONNECTED	0.0000	500.0000	0.0000	0.0000	0.0000	0.0000	0.0672	0.0348	-1.5084	0.2571	-1.5254	0.1214	0.0000	0.0000	321.3771	0.0000	68.8261	1.5302	0.0048	90.0087
13.4175	0.0000	-0.0130	0.0079	0.0000	0.6930	-0.0300	230.5120	0.0000	1.6400	56.6076	NOT CONNECTED	0.0000	500.0000	0.0000	0.0000	0.0000	0.0000	0.0672	0.0348	-1.5084	0.2571	-1.5254	0.1214	0.0000	0.0000	321.4095	0.0000	68.7192	1.5302	0.0045	89.8924
13.6573	0.0000	-0.0130	0.0079	0.0000	0.6930	-0.0300	230.5120	0.0000	1.6400	56.6076	NOT CONNECTED	0.0000	500.0000	0.0000	0.0000	0.0000	0.0000	0.0672	0.0348	-1.5084	0.2571	-1.5254	0.1214	0.0000	0.0000	321.4095	0.0000	68.7192	1.5302	0.0045	89.8924
14.2634	0.0000	-0.0130	0.0079	0.0000	0.6930	-0.0300	230.5710	0.0000	1.6500	56.5388	NOT CONNECTED	0.0000	500.0000	0.0000	0.0000	0.0000	0.0000	0.0672	0.0348	-1.5084	0.2571	-1.5254	0.1214	0.0000	0.0000	321.4230	0.0000	68.6156	1.5302	0.0045	89.8924
14.4269	0.0000	-0.0130	0.0079	0.0000	0.6930	-0.0300	230.5710	0.0000	1.6500	56.5388	NOT CONNECTED	0.0000	500.0000	0.0000	0.0000	0.0000	0.0000	0.0672	0.0348	-1.5084	0.2571	-1.5254	0.1214	0.0000	0.0000	321.4230	0.0000	68.6156	1.5302	0.0045	89.8924
14.8680	0.0000	-0.0130	0.0079	0.0000	0.6930	-0.0300	230.5940	0.0000	1.6500	56.4962	NOT CONNECTED	0.0000	500.0000	0.0000	0.0000	0.0000	0.0000	0.0672	0.0348	-1.5084	0.2571	-1.5254	0.1214	0.0000	0.0000	321.4555	0.0000	68.5112	1.5302	0.0046	89.7765
15.1649	0.0000	-0.0130	0.0079	0.0000	0.6930	-0.0300	230.5940	0.0000	1.6500	56.4962	NOT CONNECTED	0.0000	500.0000	0.0000	0.0000	0.0000	0.0000	0.0672	0.0348	-1.5084	0.2571	-1.5254	0.1214	0.0000	0.0000	321.4555	0.0000	68.5112	1.5302	0.0046	89.7765
15.4895	0.0000	-0.0130	0.0079	0.0000	0.6930	-0.0300	230.5940	0.0000	1.6500	56.4962	NOT CONNECTED	10000.0000	500.0000	0.0000	0.0000	0.0000	0.0000	0.0672	0.0348	-1.5084	0.2571	-1.5254	0.1214	0.0000	0.0000	321.5583	0.0000	68.4140	1.5302	0.0046	89.6611
15.9205	0.0000	-0.0130	0.0079	0.0000	0.6930	-0.0300	230.6410	0.0000	1.6500	56.4476	NOT CONNECTED	10000.0000	500.0000	0.0000	0.0000	0.0000	0.0000	0.0672	0.0348	-1.5084	0.2571	-1.5254	0.1214	0.0000	0.0000	321.5651	0.0000	68.3161	1.5302	0.0045	89.6611
16.0953	0.0000	-0.0130	0.0079	0.0000	0.6930	-0.0300	230.6410	0.0000	1.6500	56.4476	NOT CONNECTED	10000.0000	500.0000	0.0000	0.0000	0.0000	0.0000	0.0672	0.0348	-1.5084	0.2571	-1.5254	0.1214	0.0000	0.0000	321.5651	0.0000	68.3161	1.5302	0.0045	89.6611
16.6536	0.0000	-0.0130	0.0079	0.0000	0.6930	-0.0300	230.6670	0.0000	1.6600	56.4100	NOT CONNECTED	10000.0000	500.0000	0.0000	0.0000	0.0000	0.0000	0.0672	0.0348	-1.5084	0.2571	-1.5254	0.1214	0.0000	0.0000	321.6002	0.0000	68.2249	1.5302	0.0052	89.5462
16.7165	0.0000	-0.0130	0.0079	0.0000	0.6930	-0.0300	230.6670	0.0000	1.6600	56.4100	NOT CONNECTED	10000.0000	500.0000	0.0000	0.0000	0.0000	0.0000	0.0672	0.0348	-1.5084	0.2571	-1.5254	0.1214	0.0000	0.0000	321.6002	0.0000	68.2249	1.5302	0.0052	89.5462
17.3074	0.0000	-0.0130	0.0079	0.0000	0.6930	-0.0300	230.6920	0.0000	1.6500	56.3332	NOT CONNECTED	10000.0000	500.0000	0.0000	0.0000	0.0000	0.0000	0.0672	0.0348	-1.5084	0.2571	-1.5254	0.1214	0.0000	0.0000	321.6273	0.0000	68.1366	1.5302	0.0046	89.5462
17.4159	0.0000	-0.0130	0.0079	0.0000	0.6930	-0.0300	230.6920	0.0000	1.6500	56.3332	NOT CONNECTED	10000.0000	500.0000	0.0000	0.0000	0.0000	0.0000	0.0672	0.0348	-1.5084	0.2571	-1.5254	0.1214	0.0000	0.0000	321.6273	0.0000	68.1366	1.5302	0.0046	89.5462
17.9128	0.0000	-0.0130	0.0079	0.0000	0.6930	-0.0300	230.7340	0.0000	1.6600	56.3009	NOT CONNECTED	10000.0000	500.0000	0.0000	0.0000	0.0000	0.0000	0.0672	0.0348	-1.5084	0.2571	-1.5254	0.1214	0.0000	0.0000	321.6558	0.0000	68.0509	1.5302	0.0046	89.4318
18.1549	0.0000	-0.0130	0.0079	0.0000	0.6930	-0.0300	230.7340	0.0000	1.6600	56.3009	NOT CONNECTED	10000.0000	500.0000	0.0000	0.0000	0.0000	0.0000	0.0672	0.0348	-1.5084	0.2571	-1.5254	0.1214	0.0000	0.0000	321.6558	0.0000	68.0509	1.5302	0.0046	89.4318
18.5184	0.0000	-0.0130	0.0079	0.0000	0.6930	-0.0300	230.7340	0.0000	1.6600	56.3009	NOT CONNECTED	10000.0000	500.0000	0.0000	0.0000	0.0000	0.0000	0.0672	0.0348	-1.5084	0.2571	-1.5254	0.1214	0.0000	0.0000	321.7126	0.0000	67.9678	1.5302	0.0048	89.3178
18.8829	0.0000	-0.0130	0.0079	0.0000	0.6930	-0.0300	230.7540	0.0000	1.6600	56.2477	NOT CONNECTED	10000.0000	500.0000	0.0000	0.0000	0.0000	0.0000	0.0672	0.0348	-1.5084	0.2571	-1.5254	0.1214	0.0000	0.0000	321.7303	0.0000	67.8839	1.5302	0.0047	89.3178
19.1238	0.0000	-0.0130	0.0079	0.0000	0.6930	-0.0300	230.7540	0.0000	1.6600	56.2477	NOT CONNECTED	10000.0000	500.0000	0.0000	0.0000	0.0000	0.0000	0.0672	0.0348	-1.5084	0.2571	-1.5254	0.1214	0.0000	0.0000	321.7303	0.0000	67.8839	1.5302	0.0047	89.3178
19.6112	0.0000	-0.0130	0.0079	0.0000	0.6930	-0.0300	230.7910	0.0000	1.6500	56.2490	NOT CONNECTED	10000.0000	500.0000	0.0000	0.0000	-0.0018	0.0000	0.0672	0.0348	0.0041	-0.0046	-1.5254	-0.0076	1.7500	0.0000	318.8363	0.0005	67.8059	1.5302	0.0050	89.2044
19.7454	0.0000	-0.0130	0.0079	0.0000	0.6930	-0.0300	230.7910	0.0000	1.6500	56.2490	NOT CONNECTED	10000.0000	500.0000	0.0000	0.0000	-0.0018	0.0000	0.0672	0.0348	0.0041	-0.0046	-1.5254	-0.0076	1.7500	0.0000	318.8363	0.0005	67.8059	1.5302	0.0050	89.2044
20.3495	25.0000	-0.0790	0.0079	0.0000	0.6940	-0.0300	230.8070	0.0000	1.6500	56.1980	NOT CONNECTED	10000.0000	500.0000	0.0000	-5.3118	0.0845	0.0000	0.1221	0.0348	2.0599	0.1158	2.0517	0.0981	14.0700	0.0000	314.7882	43.2426	67.7606	2.0353	1.3854	89.2044
20.9557	0.0000	-0.0140	1.3651	0.0000	12.9060	40.6200	230.8030	0.5030	54.7200	56.1533	NOT CONNECTED	10000.0000	500.0000	0.0000	-0.1818	0.0415	0.0000	0.1368	0.0348	3.0259	0.0508	3.0120	0.1147	20.2299	0.0000	310.1485	92.1092	68.1441	2.9902	1.7338	89.0914
21.0842	0.0000	-0.0140	1.3651	0.0000	12.9060	40.6200	230.8030	0.5030	54.7200	56.1533	NOT CONNECTED	10000.0000	500.0000	0.0000	-0.1818	0.0415	0.0000	0.1368	0.0348	3.0259	0.0508	3.0120	0.1147	20.2299	0.0000	310.1485	92.1092	68.1441	2.9902	1.7338	89.0914
21.5611	0.0000	-0.0140	2.0212	0.0000	19.2050	88.8100	230.7890	0.9264	111.2800	56.1282	NOT CONNECTED	10000.0000	500.0000	0.0000	-0.3392	0.0378	0.0000	0.1366	0.0348	2.6607	0.0466	3.0158	0.0895	14.9499	0.0000	310.3619	78.1605	68.9419	3.0344	2.1454	89.1130
21.8152	0.0000	-0.0140	2.0212	0.0000	19.2050	88.8100	230.7890	0.9264	111.2800	56.1282	NOT CONNECTED	10000.0000	500.0000	0.0000	-0.3392	0.0378	0.0000	0.1366	0.0348	2.6607	0.0466	3.0158	0.0895	14.9499	0.0000	310.3619	78.1605	68.9419	3.0344	2.1454	89.1130
22.1668	0.0000	-0.0140	2.0212	0.0000	19.2050	88.8100	230.7890	0.9264	111.2800	56.1282	NOT CONNECTED	10000.0000	500.0000	0.0000	1.5228	0.0202	0.0142	0.0805	0.0806	0.9123	0.0412	0.9024	0.0577	7.0769	0.5516	319.3289	9.8863	71.3329	0.8873	0.6837	89.1130
22.5531	0.0000	-0.0360	0.6589	0.0000	6.4560	9.5800	230.8700	0.1900	17.1900	56.1408	NOT CONNECTED	10000.0000	500.0000	0.0000	148.7588	0.2421	0.2336	0.0807	0.0806	0.9408	0.4993	0.8197	0.5073	6.0205	9.7303	318.6242	15.1769	71.2827	1.0109	0.6633	89.4147
22.7558	0.0000	-0.0360	0.6589	0.0000	6.4560	9.5800	230.8700	0.1900	17.1900	56.1408	NOT CONNECTED	10000.0000	500.0000	0.0000	148.7588	0.2421	0.2336	0.0807	0.0806	0.9408	0.4993	0.8197	0.5073	6.0205	9.7303	318.6242	15.1769	71.2827	1.0109	0.6633	89.4147
23.3002	301.0000	-0.1130	0.6250	0.0000	7.3840	8.6300	230.8560	0.1776	15.9500	56.1681	NOT CONNECTED	10000.0000	500.0000	0.0000	467.7929	0.1295	0.1681	0.0709	0.0709	0.2190	0.3060	0.1843	0.3572	1.3155	16.9172	319.4154	7.2170	71.2237	0.4016	0.3732	89.4147
23.3616	301.0000	-0.1130	0.6250	0.0000	7.3840	8.6300	230.8560	0.1776	15.9500	56.1681	NOT CONNECTED	10000.0000	500.0000	0.0000	467.7929	0.1295	0.1681	0.0709	0.0709	0.2190	0.3060	0.1843	0.3572	1.3155	16.9172	319.4154	7.2170	71.2237	0.4016	0.3732	89.4147
23.9666	662.0000	-0.1080	0.2769	0.0000	20.1130	7.6900	230.8530	0.1572	13.8300	56.1632	NOT CONNECTED	10000.0000	500.0000	0.0000	771.1433	0.1251	0.1492	0.0710	0.0708	0.2434	0.2965	0.2150	0.3234	1.9772	25.8341	318.7837	11.9568	71.1082	0.4081	0.2935	89.3457
24.0349	662.0000	-0.1080	0.2769	0.0000	20.1130	7.6900	230.8530	0.1572	13.8300	56.1632	NOT CONNECTED	10000.0000	500.0000	0.0000	771.1433	0.1251	0.1492	0.0710	0.0708	0.2434	0.2965	0.2150	0.3234	1.9772	25.8341	318.7837	11.9568	71.1082	0.4081	0.2935	89.3457
24.5731	1033.0000	-0.1080	0.2956	0.0000	29.2620	11.3400	230.8480	0.1962	17.9700	56.1645	NOT CONNECTED	10000.0000	500.0000	0.0000	1071.5746	0.1266	0.1578	0.0708	0.0708	0.2762	0.2957	0.2933	0.3731	1.8164	34.9276	318.0792	16.3349	70.9998	0.4851	0.3052	89.2553
24.7633	1033.0000	-0.1080	0.2956	0.0000	29.2620	11.3400	230.8480	0.1962	17.9700	56.1645	NOT CONNECTED	10000.0000	500.0000	0.0000	1071.5746	0.1266	0.1578	0.0708	0.0708	0.2762	0.2957	0.2933	0.3731	1.8164	34.9276	318.0792	16.3349	70.9998	0.4851	0.3052	89.2553
25.1629	1397.0000	-0.1080	0.3149	0.0000	47.4180	18.7100	230.8360	0.2688	26.2800	56.1907	NOT CONNECTED	10000.0000	500.0000	0.0000	1377.8867	0.1069	0.1337	0.0707	0.0708	0.3371	0.2485	0.3456	0.3171	1.7981	43.5305	317.4181	21.1088	70.8941	0.5075	0.3140	89.2553
25.4980	1397.0000	-0.1080	0.3149	0.0000	47.4180	18.7100	230.8360	0.2688	26.2800	56.1907	NOT CONNECTED	10000.0000	500.0000	0.0000	1683.9040	0.1313	0.1093	0.0707	0.0709	0.2827	0.3192	0.3515	0.3297	2.1295	52.6126	316.8328	25.3647	70.7984	0.4609	0.3237	89.1606
25.7687	1397.0000	-0.1080	0.3149	0.0000	47.4180	18.7100	230.8360	0.2688	26.2800	56.1907	NOT CONNECTED	10000.0000	500.0000	0.0000	1683.9040	0.1313	0.1093	0.0707	0.0709	0.2827	0.3192	0.3515	0.3297	2.1295	52.6126	316.8328	25.3647	70.7984	0.4609	0.3237	89.1606
26.2424	1774.0000	-0.1080	0.3219	0.0000	56.4210	22.5800	230.8260	0.3056	30.5700	56.1914	NOT CONNECTED	10000.0000	500.0000	0.0000	1977.3362	0.1568	0.1441	0.0709	0.0709	0.3598	0.3603	0.2417	0.3095	2.1652	61.5225	316.2273	30.6647	70.7074	0.4059	0.3270	89.1606
26.3734	1774.0000	-0.1080	0.3219	0.0000	56.4210	22.5800	230.8260	0.3056	30.5700	56.1914	NOT CONNECTED	10000.0000	500.0000	0.0000	1977.3362	0.1568	0.1441	0.0709	0.0709	0.3598	0.3603	0.2417	0.3095	2.1652	61.5225	316.2273	30.6647	70.7074	0.4059	0.3270	89.1606
26.9792	2140.0000	-0.1100	0.3332	0.0000	74.6370	30.6700	230.8050	0.3780	39.3800	56.1634	NOT CONNECTED	10000.0000	500.0000	0.0000	2284.1270	0.1351	0.1402	0.0709	0.0709	0.3463	0.3186	0.2206	0.3605	1.8894	70.6263	315.5803	35.1872	70.6208	0.4120	0.3379	89.0714
26.9796	2140.0000	-0.1100	0.3332	0.0000	74.6370	30.6700	230.8050	0.3780	39.3800	56.1634	NOT CONNECTED	10000.0000	500.0000	0.0000	2284.1270	0.1351	0.1402	0.0709	0.0709	0.3463	0.3186	0.2206	0.3605	1.8894	70.6263	315.5803	35.1872	70.6208	0.4120	0.3379	89.0714
27.5853	2507.0000	-0.1110	0.3387	0.0000	83.8710	34.9900	230.7920	0.4155	44.1100	56.1271	NOT CONNECTED	10000.0000	500.0000	0.0000	2585.4362	0.1423	0.1489	0.0709	0.0708	0.2782	0.3259	0.3719	0.3304	2.0492	79.6177	315.0414	40.7672	70.5383	0.5505	0.3429	88.9875
27.7168	2507.0000	-0.1110	0.3387	0.0000	83.8710	34.9900	230.7920	0.4155	44.1100	56.1271	NOT CONNECTED	10000.0000	500.0000	0.0000	2585.4362	0.1423	0.1489	0.0709	0.0708	0.2782	0.3259	0.3719	0.3304	2.0492	79.6177	315.0414	40.7672	70.5383	0.5505	0.3429	88.9875
28.1909	2876.0000	-0.1110	0.3487	0.0000	102.1140	43.8800	230.7610	0.4898	53.6300	56.1060	NOT CONNECTED	10000.0000	500.0000	0.0000	2891.3529	0.1231	0.1368	0.0709	0.0708	0.3748	0.2831	0.2529	0.4187	1.7102	88.5441	314.3123	46.1596	70.4562	0.4599	0.3485	88.9875
28.4671	2876.0000	-0.1110	0.3487	0.0000	102.1140	43.8800	230.7610	0.4898	53.6300	56.1060	NOT CONNECTED	10000.0000	500.0000	0.0000	2891.3529	0.1231	0.1368	0.0709	0.0708	0.3748	0.2831	0.2529	0.4187	1.7102	88.5441	314.3123	46.1596	70.4562	0.4599	0.3485	88.9875
28.7963	2876.0000	-0.1110	0.3487	0.0000	102.1140	43.8800	230.7610	0.4898	53.6300	56.1060	NOT CONNECTED	10000.0000	500.0000	0.0000	3197.2460	0.1469	0.1273	0.0709	0.0709	0.2959	0.3455	0.2486	0.3670	1.7994	97.1777	313.8401	51.2766	70.3809	0.5048	0.3562	88.9085
29.2027	3248.0000	-0.1110	0.3528	0.0000	111.1650	48.5300	230.7460	0.5276	58.5400	56.0867	NOT CONNECTED	10000.0000	500.0000	0.0000	3477.0429	0.1363	0.1827	0.0710	0.0709	0.2743	0.3349	0.3343	0.3720	3.5348	105.9038	313.1619	56.5768	70.3113	0.4876	0.3569	88.8350
29.3860	3248.0000	-0.1110	0.3528	0.0000	111.1650	48.5300	230.7460	0.5276	58.5400	56.0867	NOT CONNECTED	10000.0000	500.0000	0.0000	3477.0429	0.1363	0.1827	0.0710	0.0709	0.2743	0.3349	0.3343	0.3720	3.5348	105.9038	313.1619	56.5768	70.3113	0.4876	0.3569	88.8350
29.9383	3615.0000	-0.1120	0.3636	0.0000	129.4740	58.2800	230.7120	0.6064	68.8900	56.0710	NOT CONNECTED	10000.0000	500.0000	0.0000	3785.6343	0.1259	0.1375	0.0708	0.0708	0.3288	0.3007	0.3403	0.4313	2.9971	116.1442	312.6620	62.6987	70.2423	0.6056	0.3671	88.8350
29.9909	3615.0000	-0.1120	0.3636	0.0000	129.4740	58.2800	230.7120	0.6064	68.8900	56.0710	NOT CONNECTED	10000.0000	500.0000	0.0000	3785.6343	0.1259	0.1375	0.0708	0.0708	0.3288	0.3007	0.3403	0.4313	2.9971	116.1442	312.6620	62.6987	70.2423	0.6056	0.3671	88.8350
30.5963	3989.0000	-0.1160	0.3686	0.0000	138.7400	63.4200	230.6950	0.6483	74.2800	56.0435	NOT CONNECTED	10000.0000	500.0000	0.0000	4085.2537	0.1821	0.1470	0.0709	0.0710	0.4265	0.4103	0.2598	0.3316	2.4707	125.3831	312.1367	69.4082	70.1764	0.4351	0.3760	88.7665
30.6848	3989.0000	-0.1160	0.3686	0.0000	138.7400	63.4200	230.6950	0.6483	74.2800	56.0435	NOT CONNECTED	10000.0000	500.0000	0.0000	4085.2537	0.1821	0.1470	0.0709	0.0710	0.4265	0.4103	0.2598	0.3316	2.4707	125.3831	312.1367	69.4082	70.1764	0.4351	0.3760	88.7665
31.2021	4363.0000	-0.1210	0.3784	0.0000	157.1340	74.0100	230.6660	0.7342	85.3900	56.0092	NOT CONNECTED	10000.0000	500.0000	0.0000	4387.0360	0.1623	0.1547	0.0709	0.0709	0.3025	0.3937	0.4326	0.4379	2.2092	134.0731	311.4885	74.7912	70.1112	0.5233	0.3821	88.7665
31.4460	4363.0000	-0.1210	0.3784	0.0000	157.1340	74.0100	230.6660	0.7342	85.3900	56.0092	NOT CONNECTED	10000.0000	500.0000	0.0000	4387.0360	0.1623	0.1547	0.0709	0.0709	0.3025	0.3937	0.4326	0.4379	2.2092	134.0731	311.4885	74.7912	70.1112	0.5233	0.3821	88.7665
32.1958	4743.0000	-0.1240	0.3869	0.0000	166.2700	79.5800	230.6510	0.7783	91.2200	55.9568	NOT CONNECTED	10000.0000	500.0000	0.0000	4946.7880	0.1914	0.1567	0.0710	0.0710	0.3444	0.4508	0.2319	0.3678	0.9299	150.3920	310.5132	87.1612	70.0030	0.5021	0.3754	88.7031
32.3173	4743.0000	-0.1240	0.3869	0.0000	166.2700	79.5800	230.6510	0.7783	91.2200	55.9568	NOT CONNECTED	10000.0000	500.0000	0.0000	4946.7880	0.1914	0.1567	0.0710	0.0710	0.3444	0.4508	0.2319	0.3678	0.9299	150.3920	310.5132	87.1612	70.0030	0.5021	0.3754	88.7031
32.9231	5111.0000	-0.1270	0.3942	0.0000	184.6980	91.1400	230.6210	0.8644	103.0700	55.8906	NOT CONNECTED	10000.0000	500.0000	0.0000	5247.1741	0.1586	0.1655	0.0712	0.0709	0.4489	0.3880	0.4536	0.4604	7.3173	156.1470	310.0929	95.3717	69.9454	0.6080	0.3964	88.6465
32.9418	5111.0000	-0.1270	0.3942	0.0000	184.6980	91.1400	230.6210	0.8644	103.0700	55.8906	NOT CONNECTED	10000.0000	500.0000	0.0000	5247.1741	0.1586	0.1655	0.0712	0.0709	0.4489	0.3880	0.4536	0.4604	7.3173	156.1470	310.0929	95.3717	69.9454	0.6080	0.3964	88.6465
33.5289	5485.0000	-0.1320	0.3986	0.0000	194.0620	97.1000	230.6070	0.9086	109.2200	55.8210	NOT CONNECTED	10000.0000	500.0000	0.0000	5548.4712	0.1784	0.1797	0.0716	0.0710	0.4530	0.4008	0.3204	0.3931	6.8996	164.5154	309.3537	105.9186	69.8913	0.5085	0.3912	88.4140
33.6878	5485.0000	-0.1320	0.3986	0.0000	194.0620	97.1000	230.6070	0.9086	109.2200	55.8210	NOT CONNECTED	10000.0000	500.0000	0.0000	5548.4712	0.1784	0.1797	0.0716	0.0710	0.4530	0.4008	0.3204	0.3931	6.8996	164.5154	309.3537	105.9186	69.8913	0.5085	0.3912	88.4140
34.1345	5855.0000	-0.1350	0.4067	0.0000	212.3510	109.7400	230.5840	0.9958	121.6500	55.7466	NOT CONNECTED	10000.0000	500.0000	0.0000	5852.3095	0.1492	0.1833	0.0707	0.0696	0.2599	0.3405	0.4148	0.5657	1.7172	166.0343	308.9354	111.7874	69.8391	0.5666	0.3956	88.4140
34.4449	5855.0000	-0.1350	0.4067	0.0000	212.3510	109.7400	230.5840	0.9958	121.6500	55.7466	NOT CONNECTED	10000.0000	500.0000	0.0000	6161.5245	0.1428	0.1617	0.0659	0.0671	0.0194	0.3914	0.0867	0.5900	-0.4503	171.5419	308.9259	114.8165	69.7838	0.6247	0.3461	88.1877
34.7402	5855.0000	-0.1350	0.4067	0.0000	212.3510	109.7400	230.5840	0.9958	121.6500	55.7466	NOT CONNECTED	10000.0000	500.0000	0.0000	6161.5245	0.1428	0.1617	0.0659	0.0671	0.0194	0.3914	0.0867	0.5900	-0.4503	171.5419	308.9259	114.8165	69.7838	0.6247	0.3461	88.1877
35.1853	6239.0000	-0.1360	0.3651	0.0000	214.5930	114.1300	230.5740	1.0247	125.7000	55.7024	NOT CONNECTED	10000.0000	500.0000	0.0000	6454.6566	0.1620	0.1671	0.0625	0.0641	-0.1623	0.4397	-0.2306	0.4874	0.5919	173.9064	308.6723	125.2466	69.7271	0.4641	0.3320	88.1877
35.3289	6239.0000	-0.1360	0.3651	0.0000	214.5930	114.1300	230.5740	1.0247	125.7000	55.7024	NOT CONNECTED	10000.0000	500.0000	0.0000	6454.6566	0.1620	0.1671	0.0625	0.0641	-0.1623	0.4397	-0.2306	0.4874	0.5919	173.9064	308.6723	125.2466	69.7271	0.4641	0.3320	88.1877
35.9346	6607.0000	-0.1370	0.3472	0.0000	212.7630	123.2300	230.5540	1.0905	134.7700	55.6154	NOT CONNECTED	10000.0000	500.0000	0.0000	6747.4954	0.1549	0.1749	0.0597	0.0598	-0.3332	0.4433	-0.4127	0.4337	0.9746	169.9895	308.2337	129.3632	69.6689	0.5864	0.3610	87.9671
35.9372	6607.0000	-0.1370	0.3472	0.0000	212.7630	123.2300	230.5540	1.0905	134.7700	55.6154	NOT CONNECTED	10000.0000	500.0000	0.0000	6747.4954	0.1549	0.1749	0.0597	0.0598	-0.3332	0.4433	-0.4127	0.4337	0.9746	169.9895	308.2337	129.3632	69.6689	0.5864	0.3610	87.9671
36.5398	6976.0000	-0.1400	0.3890	0.0000	213.1870	128.5900	230.5440	1.1333	140.6100	55.4958	NOT CONNECTED	10000.0000	500.0000	0.0000	7052.7996	0.1572	0.1757	0.0588	0.0582	-0.3399	0.4446	-0.4219	0.3455	-5.1142	174.1620	307.8281	140.6702	69.6185	0.5313	0.4127	87.7501
36.6846	6976.0000	-0.1400	0.3890	0.0000	213.1870	128.5900	230.5440	1.1333	140.6100	55.4958	NOT CONNECTED	10000.0000	500.0000	0.0000	7052.7996	0.1572	0.1757	0.0588	0.0582	-0.3399	0.4446	-0.4219	0.3455	-5.1142	174.1620	307.8281	140.6702	69.6185	0.5313	0.4127	87.7501
37.1460	7353.0000	-0.1450	0.5078	0.0000	214.0260	141.6100	230.5240	1.2303	154.5800	55.4145	NOT CONNECTED	10000.0000	500.0000	0.0000	7355.2623	0.2148	0.1791	0.0542	0.0535	-0.5192	0.6386	-0.7330	0.3523	9.3766	177.0054	307.2761	150.2745	69.5789	0.7306	0.4708	87.7501
37.4452	7353.0000	-0.1450	0.5078	0.0000	214.0260	141.6100	230.5240	1.2303	154.5800	55.4145	NOT CONNECTED	10000.0000	500.0000	0.0000	7355.2623	0.2148	0.1791	0.0542	0.0535	-0.5192	0.6386	-0.7330	0.3523	9.3766	177.0054	307.2761	150.2745	69.5789	0.7306	0.4708	87.7501
37.7520	7353.0000	-0.1450	0.5078	0.0000	214.0260	141.6100	230.5240	1.2303	154.5800	55.4145	NOT CONNECTED	10000.0000	500.0000	0.0000	7661.8173	0.1436	0.1722	0.0530	0.0533	-0.6544	0.4594	-0.6713	0.3989	-8.0284	172.4939	306.8833	153.7025	69.5583	0.7480	0.5728	87.5466
38.3576	7985.0000	-0.1510	0.6327	0.0000	214.6430	155.0800	230.5090	1.3359	169.1300	55.2852	NOT CONNECTED	10000.0000	500.0000	0.0000	7947.1946	0.1889	0.2009	0.0521	0.0497	-0.9149	0.6726	-0.8314	0.3792	4.7629	174.0863	306.3336	166.1683	69.5602	1.0709	0.6706	87.5466
38.6991	7985.0000	-0.1510	0.6327	0.0000	214.6430	155.0800	230.5090	1.3359	169.1300	55.2852	NOT CONNECTED	10000.0000	500.0000	0.0000	8265.2268	0.1746	0.1835	0.0503	0.0488	-0.8103	0.5484	-1.0329	0.4540	-5.1521	169.4566	305.9167	176.7330	69.5775	0.9185	0.6911	87.3584
38.9632	7985.0000	-0.1510	0.6327	0.0000	214.6430	155.0800	230.5090	1.3359	169.1300	55.2852	NOT CONNECTED	10000.0000	500.0000	0.0000	8265.2268	0.1746	0.1835	0.0503	0.0488	-0.8103	0.5484	-1.0329	0.4540	-5.1521	169.4566	305.9167	176.7330	69.5775	0.9185	0.6911	87.3584
39.4437	8350.0000	-0.1550	0.7613	0.0000	214.7080	170.4100	230.4940	1.4508	185.6300	55.2340	NOT CONNECTED	10000.0000	500.0000	0.0000	8573.5734	0.1738	0.1759	0.0467	0.0484	-1.0876	0.6602	-0.9796	0.3075	4.6299	176.6531	305.5060	187.4312	69.6130	0.9919	0.7847	87.1939
39.5687	8350.0000	-0.1550	0.7613	0.0000	214.7080	170.4100	230.4940	1.4508	185.6300	55.2340	NOT CONNECTED	10000.0000	500.0000	0.0000	8573.5734	0.1738	0.1759	0.0467	0.0484	-1.0876	0.6602	-0.9796	0.3075	4.6299	176.6531	305.5060	187.4312	69.6130	0.9919	0.7847	87.1939
40.1742	8710.0000	-0.1550	0.8155	0.0000	214.8520	178.5000	230.4840	1.5108	194.3700	55.1454	NOT CONNECTED	10000.0000	500.0000	0.0000	8861.4803	0.2291	0.1960	0.0436	0.0443	-1.2669	0.8989	-1.4175	0.4206	-11.6066	167.9739	304.9563	192.9613	69.6694	1.5132	0.8445	87.1939
40.1795	8710.0000	-0.1550	0.8155	0.0000	214.8520	178.5000	230.4840	1.5108	194.3700	55.1454	NOT CONNECTED	10000.0000	500.0000	0.0000	8861.4803	0.2291	0.1960	0.0436	0.0443	-1.2669	0.8989	-1.4175	0.4206	-11.6066	167.9739	304.9563	192.9613	69.6694	1.5132	0.8445	87.1939
40.7638	9112.0000	-0.1590	0.9384	0.0000	214.5190	195.5200	230.4700	1.6455	212.7400	55.0315	NOT CONNECTED	10000.0000	500.0000	0.0000	9157.7236	0.1659	0.1974	0.0450	0.0429	-1.3595	0.6552	-1.3086	0.5331	-4.7678	162.8180	304.4508	209.0530	69.7444	1.1588	0.9081	87.0578
40.9323	9112.0000	-0.1590	0.9384	0.0000	214.5190	195.5200	230.4700	1.6455	212.7400	55.0315	NOT CONNECTED	10000.0000	500.0000	0.0000	9157.7236	0.1659	0.1974	0.0450	0.0429	-1.3595	0.6552	-1.3086	0.5331	-4.7678	162.8180	304.4508	209.0530	69.7444	1.1588	0.9081	87.0578
41.3531	9483.0000	-0.1630	0.9918	0.0000	214.5060	204.2800	230.4610	1.7079	222.1100	54.9587	NOT CONNECTED	10000.0000	500.0000	0.0000	9470.9578	0.2266	0.1755	0.0437	0.0417	-1.3863	0.9525	-1.1855	0.3373	-14.1438	171.7242	304.0327	215.1709	69.8557	1.2028	1.0172	87.0578
41.6717	9483.0000	-0.1630	0.9918	0.0000	214.5060	204.2800	230.4610	1.7079	222.1100	54.9587	NOT CONNECTED	10000.0000	500.0000	0.0000	9758.3203	0.1981	0.1873	0.0402	0.0421	-1.4608	0.8800	-1.7883	0.3141	-14.8790	176.6907	303.6305	231.0620	69.9843	1.3814	1.0399	86.9391
41.9585	9483.0000	-0.1630	0.9918	0.0000	214.5060	204.2800	230.4610	1.7079	222.1100	54.9587	NOT CONNECTED	10000.0000	500.0000	0.0000	9758.3203	0.1981	0.1873	0.0402	0.0421	-1.4608	0.8800	-1.7883	0.3141	-14.8790	176.6907	303.6305	231.0620	69.9843	1.3814	1.0399	86.9391
42.4460	9839.0000	-0.1650	1.0988	0.0000	214.1370	222.5500	230.4470	1.8453	241.7200	54.8524	NOT CONNECTED	10000.0000	500.0000	0.0000	10058.0146	0.1864	0.1151	0.0406	0.0399	-1.6343	0.8461	-1.3973	0.4577	-21.6245	164.7696	307.8150	170.4788	70.1293	1.9436	1.0968	86.8540
42.5646	9839.0000	-0.1650	1.0988	0.0000	214.1370	222.5500	230.4470	1.8453	241.7200	54.8524	NOT CONNECTED	10000.0000	500.0000	0.0000	10058.0146	0.1864	0.1151	0.0406	0.0399	-1.6343	0.8461	-1.3973	0.4577	-21.6245	164.7696	307.8150	170.4788	70.1293	1.9436	1.0968	86.8540
43.1695	10035.0000	-0.0750	1.1459	0.0000	214.0990	228.2900	230.4400	1.8987	248.5200	54.7997	NOT CONNECTED	10000.0000	500.0000	0.0000	10038.9114	0.0954	0.0670	0.0412	0.0420	-0.9635	0.2211	-1.5297	0.5082	-3.0417	166.1689	310.0376	140.1393	70.2569	1.0119	0.9880	86.8540
43.1837	10035.0000	-0.0750	1.1459	0.0000	214.0990	228.2900	230.4400	1.8987	248.5200	54.7997	NOT CONNECTED	10000.0000	500.0000	0.0000	10038.9114	0.0954	0.0670	0.0412	0.0420	-0.9635	0.2211	-1.5297	0.5082	-3.0417	166.1689	310.0376	140.1393	70.2569	1.0119	0.9880	86.8540
43.7597	10002.0000	-0.0920	1.0287	0.0000	218.9910	133.4800	230.4610	1.2191	146.9400	54.7163	NOT CONNECTED	10000.0000	500.0000	0.0000	9976.9202	0.0926	0.1427	0.0397	0.0421	-0.8859	0.1756	-1.7750	0.1896	-0.8030	175.1180	309.4883	147.1426	70.3581	1.6539	1.0069	86.7930
43.9328	10002.0000	-0.0920	1.0287	0.0000	218.9910	133.4800	230.4610	1.2191	146.9400	54.7163	NOT CONNECTED	10000.0000	500.0000	0.0000	9976.9202	0.0926	0.1427	0.0397	0.0421	-0.8859	0.1756	-1.7750	0.1896	-0.8030	175.1180	309.4883	147.1426	70.3581	1.6539	1.0069	86.7930
44.3650	9998.0000	-0.0920	1.0408	0.0000	218.7560	136.6100	230.4490	1.2436	150.4400	54.6371	NOT CONNECTED	10000.0000	500.0000	0.0000	10001.6234	0.1841	0.1117	0.0399	0.0403	-1.4496	0.8419	-1.1288	0.2072	-8.2999	176.9031	309.4317	148.1370	70.4742	1.3412	1.0690	86.7930
44.6713	9998.0000	-0.0920	1.0408	0.0000	218.7560	136.6100	230.4490	1.2436	150.4400	54.6371	NOT CONNECTED	10000.0000	500.0000	0.0000	9963.5136	0.1988	0.1617	0.0396	0.0413	-1.4625	0.8864	-1.2135	0.1170	-6.1199	174.2321	309.0651	150.6909	70.5711	1.8715	1.0003	86.7047
44.9707	9998.0000	-0.0920	1.0408	0.0000	218.7560	136.6100	230.4490	1.2436	150.4400	54.6371	NOT CONNECTED	10000.0000	500.0000	0.0000	9963.5136	0.1988	0.1617	0.0396	0.0413	-1.4625	0.8864	-1.2135	0.1170	-6.1199	174.2321	309.0651	150.6909	70.5711	1.8715	1.0003	86.7047
45.4457	9994.0000	-0.0930	1.0587	0.0000	218.7370	137.2700	230.4450	1.2495	151.4900	54.5897	NOT CONNECTED	10000.0000	500.0000	0.0000	9987.1852	0.0425	0.1309	0.0400	0.0398	-1.3635	0.1356	-1.9774	0.1105	-26.6853	184.8139	309.1528	151.5434	70.6685	0.9172	1.0077	86.6261
45.5761	9994.0000	-0.0930	1.0587	0.0000	218.7370	137.2700	230.4450	1.2495	151.4900	54.5897	NOT CONNECTED	10000.0000	500.0000	0.0000	9987.1852	0.0425	0.1309	0.0400	0.0398	-1.3635	0.1356	-1.9774	0.1105	-26.6853	184.8139	309.1528	151.5434	70.6685	0.9172	1.0077	86.6261
46.1819	10003.0000	-0.0940	1.0568	0.0000	218.6620	137.8500	230.4410	1.2538	152.0900	54.5109	NOT CONNECTED	10000.0000	500.0000	0.0000	10011.8115	0.1199	0.0988	0.0397	0.0410	-1.9277	0.7432	-0.9751	0.4031	-17.0084	171.3373	309.0767	148.5419	70.7577	1.9064	0.9979	86.6261
46.3205	10003.0000	-0.0940	1.0568	0.0000	218.6620	137.8500	230.4410	1.2538	152.0900	54.5109	NOT CONNECTED	10000.0000	500.0000	0.0000	10011.8115	0.1199	0.0988	0.0397	0.0410	-1.9277	0.7432	-0.9751	0.4031	-17.0084	171.3373	309.0767	148.5419	70.7577	1.9064	0.9979	86.6261
46.7874	9999.0000	-0.0910	1.0563	0.0000	218.7010	137.2100	230.4320	1.2509	151.5300	54.4321	NOT CONNECTED	10000.0000	500.0000	0.0000	9975.9865	0.0390	0.1454	0.0415	0.0396	-1.4469	0.0918	-1.8433	-0.0276	-25.4326	187.1799	309.2333	140.9901	70.8437	1.0624	1.0078	86.5574
47.0651	9999.0000	-0.0910	1.0563	0.0000	218.7010	137.2100	230.4320	1.2509	151.5300	54.4321	NOT CONNECTED	10000.0000	500.0000	0.0000	9975.9865	0.0390	0.1454	0.0415	0.0396	-1.4469	0.0918	-1.8433	-0.0276	-25.4326	187.1799	309.2333	140.9901	70.8437	1.0624	1.0078	86.5574
47.3930	9999.0000	-0.0910	1.0563	0.0000	218.7010	137.2100	230.4320	1.2509	151.5300	54.4321	NOT CONNECTED	10000.0000	500.0000	0.0000	9966.1271	0.0397	0.1583	0.0380	0.0409	-1.0672	-0.0297	-1.5288	0.2343	-1.9385	177.0633	309.1478	139.8608	70.9462	2.1123	1.0784	86.4714
47.9384	10004.0000	-0.0900	1.0582	0.0000	218.6940	137.4000	230.4220	1.2532	151.6400	54.3673	NOT CONNECTED	10000.0000	500.0000	0.0000	9984.3666	0.1775	0.1355	0.0414	0.0407	-1.5466	0.7610	-1.6410	0.4577	1.8914	167.1402	309.0304	142.2702	71.0465	1.0433	1.0293	86.4714
47.9827	10004.0000	-0.0900	1.0582	0.0000	218.6940	137.4000	230.4220	1.2532	151.6400	54.3673	NOT CONNECTED	10000.0000	500.0000	0.0000	9984.3666	0.1775	0.1355	0.0414	0.0407	-1.5466	0.7610	-1.6410	0.4577	1.8914	167.1402	309.0304	142.2702	71.0465	1.0433	1.0293	86.4714
48.5884	9997.0000	-0.0950	1.0404	0.0000	218.6890	140.0700	230.4170	1.2717	154.3400	54.3275	NOT CONNECTED	10000.0000	500.0000	0.0000	9974.7031	0.1477	0.1520	0.0415	0.0412	-0.8976	0.3940	-0.9209	0.1507	-25.3803	176.2215	308.5597	167.0455	71.1348	1.3442	1.0304	86.3946
48.6825	9997.0000	-0.0950	1.0404	0.0000	218.6890	140.0700	230.4170	1.2717	154.3400	54.3275	NOT CONNECTED	10000.0000	500.0000	0.0000	9974.7031	0.1477	0.1520	0.0415	0.0412	-0.8976	0.3940	-0.9209	0.1507	-25.3803	176.2215	308.5597	167.0455	71.1348	1.3442	1.0304	86.3946
49.1924	9986.0000	-0.1010	1.0829	0.0000	217.8690	148.4100	230.4080	1.3338	163.0300	54.2697	NOT CONNECTED	10000.0000	500.0000	0.0000	10034.4375	0.0375	0.0784	0.0432	0.0405	-1.2644	0.0593	-1.2120	0.1806	5.1018	173.9486	308.4398	148.8076	71.2166	1.0368	1.0354	86.3946
49.4419	9986.0000	-0.1010	1.0829	0.0000	217.8690	148.4100	230.4080	1.3338	163.0300	54.2697	NOT CONNECTED	10000.0000	500.0000	0.0000	10034.4375	0.0375	0.0784	0.0432	0.0405	-1.2644	0.0593	-1.2120	0.1806	5.1018	173.9486	308.4398	148.8076	71.2166	1.0368	1.0354	86.3946
49.7990	9986.0000	-0.1010	1.0829	0.0000	217.8690	148.4100	230.4080	1.3338	163.0300	54.2697	NOT CONNECTED	10000.0000	500.0000	0.0000	9987.8940	0.0621	0.1431	0.0413	0.0416	-1.0468	0.0874	-1.8437	0.1982	-5.1241	181.5085	308.2030	162.8973	71.3038	1.3243	1.0598	86.3244
50.3074	9998.0000	-0.1090	1.0653	0.0000	218.1080	153.6700	230.4020	1.3698	168.4100	54.2240	NOT CONNECTED	10000.0000	500.0000	0.0000	10031.3647	0.1871	0.0941	0.0427	0.0394	-1.7404	0.9395	-1.3878	0.1078	9.3360	176.8535	307.3208	176.9366	71.4063	1.0359	1.0770	86.2474
50.4048	9998.0000	-0.1090	1.0653	0.0000	218.1080	153.6700	230.4020	1.3698	168.4100	54.2240	NOT CONNECTED	10000.0000	500.0000	0.0000	10031.3647	0.1871	0.0941	0.0427	0.0394	-1.7404	0.9395	-1.3878	0.1078	9.3360	176.8535	307.3208	176.9366	71.4063	1.0359	1.0770	86.2474
51.0095	9988.0000	-0.1190	1.0893	0.0000	217.2820	169.0900	230.3900	1.4844	184.7500	54.1575	NOT CONNECTED	10000.0000	500.0000	0.0000	10013.9960	0.0859	0.1280	0.0404	0.0409	-1.2700	0.2938	-1.6983	0.3785	-10.1996	172.0971	306.9003	178.7568	71.4937	1.1701	1.0531	86.2474
51.0555	9988.0000	-0.1190	1.0893	0.0000	217.2820	169.0900	230.3900	1.4844	184.7500	54.1575	NOT CONNECTED	10000.0000	500.0000	0.0000	10013.9960	0.0859	0.1280	0.0404	0.0409	-1.2700	0.2938	-1.6983	0.3785	-10.1996	172.0971	306.9003	178.7568	71.4937	1.1701	1.0531	86.2474
51.6159	9996.0000	-0.1370	1.0972	0.0000	216.8330	180.3700	230.3820	1.5656	196.6100	54.1175	NOT CONNECTED	10000.0000	500.0000	0.0000	9980.6877	0.2157	0.1817	0.0377	0.0385	-1.5278	0.9800	-1.7136	0.3834	-13.1651	173.6852	306.4061	188.7457	71.5789	1.5512	1.0592	86.1790
51.7915	9996.0000	-0.1370	1.0972	0.0000	216.8330	180.3700	230.3820	1.5656	196.6100	54.1175	NOT CONNECTED	10000.0000	500.0000	0.0000	9980.6877	0.2157	0.1817	0.0377	0.0385	-1.5278	0.9800	-1.7136	0.3834	-13.1651	173.6852	306.4061	188.7457	71.5789	1.5512	1.0592	86.1790
52.2209	9995.0000	-0.1460	1.0891	0.0000	216.4650	192.2800	230.3760	1.6556	209.0900	54.0716	NOT CONNECTED	10000.0000	500.0000	0.0000	9966.3346	0.0793	0.2085	0.0372	0.0403	-1.3208	0.2781	-1.8186	0.2216	-34.5735	173.8748	305.6935	204.8204	71.6673	1.9626	1.0537	86.1790
52.6493	9995.0000	-0.1460	1.0891	0.0000	216.4650	192.2800	230.3760	1.6556	209.0900	54.0716	NOT CONNECTED	10000.0000	500.0000	0.0000	10012.7429	0.2090	0.1595	0.0414	0.0379	-1.5492	0.9085	-1.1784	0.4815	-6.8897	174.8059	305.1061	230.8084	71.7520	1.6852	1.0795	86.1196
52.8274	9995.0000	-0.1460	1.0891	0.0000	216.4650	192.2800	230.3760	1.6556	209.0900	54.0716	NOT CONNECTED	10000.0000	500.0000	0.0000	10012.7429	0.2090	0.1595	0.0414	0.0379	-1.5492	0.9085	-1.1784	0.4815	-6.8897	174.8059	305.1061	230.8084	71.7520	1.6852	1.0795	86.1196
53.4328	9993.0000	-0.1650	1.1321	0.0000	215.2030	219.2900	230.3600	1.8496	237.3200	54.0584	NOT CONNECTED	10000.0000	500.0000	0.0000	10005.4597	0.2107	0.1826	0.0400	0.0400	-1.4632	0.9368	-1.8739	0.3923	1.5346	170.3755	304.0198	232.3365	71.8607	1.1391	1.1148	86.0506
53.4449	9993.0000	-0.1650	1.1321	0.0000	215.2030	219.2900	230.3600	1.8496	237.3200	54.0584	NOT CONNECTED	10000.0000	500.0000	0.0000	10005.4597	0.2107	0.1826	0.0400	0.0400	-1.4632	0.9368	-1.8739	0.3923	1.5346	170.3755	304.0198	232.3365	71.8607	1.1391	1.1148	86.0506
54.0221	9995.0000	-0.1830	1.1418	0.0000	214.8760	229.0500	230.3560	1.9231	247.9400	54.0228	NOT CONNECTED	10000.0000	500.0000	0.0000	10010.3019	0.1729	0.1864	0.0396	0.0391	-1.7033	0.7939	-1.2475	0.4118	5.2209	167.6824	303.7747	242.0045	71.9588	1.8073	1.1053	86.0506
54.3025	9995.0000	-0.1830	1.1418	0.0000	214.8760	229.0500	230.3560	1.9231	247.9400	54.0228	NOT CONNECTED	10000.0000	500.0000	0.0000	10010.3019	0.1729	0.1864	0.0396	0.0391	-1.7033	0.7939	-1.2475	0.4118	5.2209	167.6824	303.7747	242.0045	71.9588	1.8073	1.1053	86.0506
54.6275	9995.0000	-0.1830	1.1418	0.0000	214.8760	229.0500	230.3560	1.9231	247.9400	54.0228	NOT CONNECTED	10000.0000	500.0000	0.0000	9979.0989	0.2641	0.2436	0.0406	0.0398	-1.0158	0.9615	-1.5393	0.3525	0.9218	178.7686	302.7505	288.4336	72.0560	1.5012	1.1417	85.9944
55.0430	9989.0000	-0.2060	1.1743	0.0000	213.5860	254.9000	230.3450	2.1120	275.2500	53.9753	NOT CONNECTED	10000.0000	500.0000	0.0000	9996.2624	0.2517	0.2360	0.0398	0.0386	-1.5183	1.1014	-1.6223	0.7071	-6.5221	160.3414	302.0621	269.1043	72.1712	1.5110	1.1663	85.9944
55.2334	9989.0000	-0.2060	1.1743	0.0000	213.5860	254.9000	230.3450	2.1120	275.2500	53.9753	NOT CONNECTED	10000.0000	500.0000	0.0000	9996.2624	0.2517	0.2360	0.0398	0.0386	-1.5183	1.1014	-1.6223	0.7071	-6.5221	160.3414	302.0621	269.1043	72.1712	1.5110	1.1663	85.9944
55.7884	9998.0000	-0.2170	1.1924	0.0000	213.1280	268.8000	230.3400	2.2146	290.1100	53.9280	0.0000	10000.0000	500.0000	0.0000	9989.7719	0.2432	0.2544	0.0366	0.0407	-1.2477	1.0013	-1.9736	0.5443	-7.7740	170.6530	301.8198	306.7755	72.2867	1.9844	1.1796	85.9523
55.8379	9998.0000	-0.2170	1.1924	0.0000	213.1280	268.8000	230.3400	2.2146	290.1100	53.9280	0.0000	10000.0000	500.0000	0.0000	9989.7719	0.2432	0.2544	0.0366	0.0407	-1.2477	1.0013	-1.9736	0.5443	-7.7740	170.6530	301.8198	306.7755	72.2867	1.9844	1.1796	85.9523
56.4434	9994.0000	-0.2260	1.2271	0.0000	212.3350	286.7600	230.3380	2.3487	308.6300	53.9042	0.0000	10000.0000	500.0000	0.0000	9978.3225	0.2302	0.2757	0.0406	0.0382	-1.1752	0.8884	-1.3814	0.6088	3.8256	163.6573	301.4761	290.0688	72.4309	1.6889	1.1953	85.9056
56.5310	9994.0000	-0.2260	1.2271	0.0000	212.3350	286.7600	230.3380	2.3487	308.6300	53.9042	0.0000	10000.0000	500.0000	0.0000	9978.3225	0.2302	0.2757	0.0406	0.0382	-1.1752	0.8884	-1.3814	0.6088	3.8256	163.6573	301.4761	290.0688	72.4309	1.6889	1.1953	85.9056
57.0490	9997.0000	-0.2300	1.2326	0.0000	212.2550	290.2800	230.3370	2.3798	312.2800	53.8684	0.0000	10000.0000	500.0000	0.0000	9991.1567	0.2147	0.2632	0.0393	0.0405	-1.5489	1.0205	-1.9100	0.5703	-14.3049	169.7543	301.5926	310.8930	72.5468	1.4708	1.1738	85.9056
57.2735	9997.0000	-0.2300	1.2326	0.0000	212.2550	290.2800	230.3370	2.3798	312.2800	53.8684	0.0000	10000.0000	500.0000	0.0000	9991.1567	0.2147	0.2632	0.0393	0.0405	-1.5489	1.0205	-1.9100	0.5703	-14.3049	169.7543	301.5926	310.8930	72.5468	1.4708	1.1738	85.9056
57.6386	9997.0000	-0.2300	1.2326	0.0000	212.2550	290.2800	230.3370	2.3798	312.2800	53.8684	0.0000	10000.0000	500.0000	0.0000	10014.6290	0.2017	0.2344	0.0393	0.0403	-1.2875	0.7772	-1.6426	0.6353	-27.2496	166.9686	301.4996	304.0485	72.6650	1.6487	1.2235	85.8678
58.0185	10009.0000	-0.2310	1.2378	0.0000	212.3470	294.0200	230.3390	2.4137	316.0600	53.8443	0.0000	10000.0000	500.0000	0.0000	9982.2124	0.2495	0.2792	0.0395	0.0378	-1.2283	1.0259	-1.4457	0.4555	7.4699	172.8472	301.6161	294.7319	72.7932	1.9006	1.2067	85.8678
58.2438	10009.0000	-0.2310	1.2378	0.0000	212.3470	294.0200	230.3390	2.4137	316.0600	53.8443	0.0000	10000.0000	500.0000	0.0000	9982.2124	0.2495	0.2792	0.0395	0.0378	-1.2283	1.0259	-1.4457	0.4555	7.4699	172.8472	301.6161	294.7319	72.7932	1.9006	1.2067	85.8678
58.7596	9996.0000	-0.2340	1.2288	0.0000	212.4480	295.0500	230.3410	2.4255	317.1900	53.7988	1.0000	10000.0000	500.0000	0.0000	9999.4319	0.3037	0.2566	0.0398	0.0369	-1.6063	1.4285	-1.8652	0.5930	-7.8504	163.9974	301.8687	312.4702	72.9059	1.5639	1.2033	85.8469
58.8345	9996.0000	-0.2340	1.2288	0.0000	212.4480	295.0500	230.3410	2.4255	317.1900	53.7988	1.0000	10000.0000	500.0000	0.0000	9999.4319	0.3037	0.2566	0.0398	0.0369	-1.6063	1.4285	-1.8652	0.5930	-7.8504	163.9974	301.8687	312.4702	72.9059	1.5639	1.2033	85.8469
59.4236	9995.0000	-0.2340	1.2414	0.0000	211.9640	296.1800	230.3470	2.4419	318.1200	53.8061	1.0000	10000.0000	500.0000	0.0000	9987.0057	0.2892	0.2727	0.0405	0.0373	-1.5556	1.3239	-1.5651	0.6254	0.5696	158.9430	301.9523	314.4629	73.0388	1.8220	1.2742	85.8100
59.6102	9995.0000	-0.2340	1.2414	0.0000	211.9640	296.1800	230.3470	2.4419	318.1200	53.8061	1.0000	10000.0000	500.0000	0.0000	9987.0057	0.2892	0.2727	0.0405	0.0373	-1.5556	1.3239	-1.5651	0.6254	0.5696	158.9430	301.9523	314.4629	73.0388	1.8220	1.2742	85.8100
60.0287	9993.0000	-0.2330	1.2318	0.0000	212.3210	295.9400	230.3500	2.4441	317.7400	53.7669	1.0000	10000.0000	500.0000	0.0000	9994.9347	0.2251	0.2622	0.0392	0.0403	-1.2664	0.9252	-1.6431	0.5908	-14.5868	169.8056	302.0552	313.8075	73.1408	1.7983	1.1798	85.8100
60.3425	9993.0000	-0.2330	1.2318	0.0000	212.3210	295.9400	230.3500	2.4441	317.7400	53.7669	1.0000	10000.0000	500.0000	0.0000	10000.5673	0.2866	0.2548	0.0380	0.0368	-1.3935	1.3547	-1.7546	0.4648	-5.9868	171.4737	302.1420	315.8537	73.2296	1.9080	1.1790	85.7809
60.6349	9993.0000	-0.2330	1.2318	0.0000	212.3210	295.9400	230.3500	2.4441	317.7400	53.7669	1.0000	10000.0000	500.0000	0.0000	10000.5673	0.2866	0.2548	0.0380	0.0368	-1.3935	1.3547	-1.7546	0.4648	-5.9868	171.4737	302.1420	315.8537	73.2296	1.9080	1.1790	85.7809
61.0862	10003.0000	-0.2330	1.2259	0.0000	212.6050	295.5900	230.3580	2.4452	317.1900	53.7681	1.0000	10000.0000	500.0000	0.0000	9996.0106	0.2214	0.2610	0.0410	0.0396	-1.4892	0.9726	-1.5777	0.5279	-5.1024	170.3758	302.1979	310.3589	73.3156	1.6456	1.1835	85.7809
61.2408	10003.0000	-0.2330	1.2259	0.0000	212.6050	295.5900	230.3580	2.4452	317.1900	53.7681	1.0000	10000.0000	500.0000	0.0000	9996.0106	0.2214	0.2610	0.0410	0.0396	-1.4892	0.9726	-1.5777	0.5279	-5.1024	170.3758	302.1979	310.3589	73.3156	1.6456	1.1835	85.7809
61.8211	10000.0000	-0.2340	1.2272	0.0000	212.5880	296.0400	230.3610	2.4519	317.5600	53.7645	1.0000	10000.0000	500.0000	0.0000	9982.9270	0.3232	0.2782	0.0389	0.0357	-1.5230	1.5415	-1.4376	0.5181	-18.0143	173.8800	302.2607	298.5463	73.4001	2.0286	1.1918	85.7569
61.8457	10000.0000	-0.2340	1.2272	0.0000	212.5880	296.0400	230.3610	2.4519	317.5600	53.7645	1.0000	10000.0000	500.0000	0.0000	9982.9270	0.3232	0.2782	0.0389	0.0357	-1.5230	1.5415	-1.4376	0.5181	-18.0143	173.8800	302.2607	298.5463	73.4001	2.0286	1.1918	85.7569
62.5687	10002.0000	-0.2330	1.2408	0.0000	212.2570	296.9900	230.3720	2.4660	318.4200	53.7276	1.0000	10000.0000	500.0000	0.0000	9980.5408	0.2877	0.2816	0.0403	0.0364	-1.1592	1.2424	-1.3351	0.4973	3.1700	176.3775	302.2647	302.7115	73.5777	1.8011	1.2015	85.7140
62.9456	9998.0000	-0.2330	1.2444	0.0000	212.3180	296.8100	230.3780	2.4661	318.1100	53.7172	1.0000	10000.0000	500.0000	0.0000	9980.5408	0.2877	0.2816	0.0403	0.0364	-1.1592	1.2424	-1.3351	0.4973	3.1700	176.3775	302.2647	302.7115	73.5777	1.8011	1.2015	85.7140
63.3030	9998.0000	-0.2330	1.2444	0.0000	212.3180	296.8100	230.3780	2.4661	318.1100	53.7172	1.0000	10000.0000	500.0000	0.0000	10003.7403	0.2065	0.2518	0.0386	0.0395	-1.2002	0.8532	-1.3725	0.5018	-6.8626	170.9197	302.3763	293.6688	73.6661	1.8515	1.1966	85.6810
63.5509	9998.0000	-0.2330	1.2444	0.0000	212.3180	296.8100	230.3780	2.4661	318.1100	53.7172	1.0000	10000.0000	500.0000	0.0000	10003.7403	0.2065	0.2518	0.0386	0.0395	-1.2002	0.8532	-1.3725	0.5018	-6.8626	170.9197	302.3763	293.6688	73.6661	1.8515	1.1966	85.6810
64.0394	10004.0000	-0.2330	1.2450	0.0000	212.3670	297.6400	230.3930	2.4752	318.8700	53.6973	1.0000	10000.0000	500.0000	0.0000	9998.4469	0.2781	0.2588	0.0393	0.0393	-1.0096	1.0646	-1.3039	0.4476	-1.6379	177.2812	302.3666	304.2578	73.7421	1.9062	1.1915	85.6810
64.1573	10004.0000	-0.2330	1.2450	0.0000	212.3670	297.6400	230.3930	2.4752	318.8700	53.6973	1.0000	10000.0000	500.0000	0.0000	9998.4469	0.2781	0.2588	0.0393	0.0393	-1.0096	1.0646	-1.3039	0.4476	-1.6379	177.2812	302.3666	304.2578	73.7421	1.9062	1.1915	85.6810
64.7623	10002.0000	-0.2330	1.2434	0.0000	212.4430	297.4600	230.4000	2.4740	318.6500	53.6973	1.0000	10000.0000	500.0000	0.0000	10010.2005	0.3127	0.2435	0.0371	0.0384	-1.3625	1.4005	-1.6285	0.6278	2.3985	164.4287	302.5017	299.9904	73.8201	2.1308	1.1869	85.6522
64.7663	10002.0000	-0.2330	1.2434	0.0000	212.4430	297.4600	230.4000	2.4740	318.6500	53.6973	1.0000	10000.0000	500.0000	0.0000	10010.2005	0.3127	0.2435	0.0371	0.0384	-1.3625	1.4005	-1.6285	0.6278	2.3985	164.4287	302.5017	299.9904	73.8201	2.1308	1.1869	85.6522
65.3684	9997.0000	-0.2330	1.2405	0.0000	212.5320	297.4900	230.4200	2.4791	318.6200	53.6896	2.0000	10000.0000	500.0000	0.0000	10011.9945	0.2264	0.2410	0.0392	0.0410	-1.5134	1.0225	-1.4381	0.5321	-12.7754	172.0718	302.5825	319.5573	73.9182	1.9506	1.2851	85.6522
65.4984	9997.0000	-0.2330	1.2405	0.0000	212.5320	297.4900	230.4200	2.4791	318.6200	53.6896	2.0000	10000.0000	500.0000	0.0000	10011.9945	0.2264	0.2410	0.0392	0.0410	-1.5134	1.0225	-1.4381	0.5321	-12.7754	172.0718	302.5825	319.5573	73.9182	1.9506	1.2851	85.6522
65.9735	10003.0000	-0.2320	1.2421	0.0000	212.5150	297.6700	230.4300	2.4813	318.7200	53.6958	2.0000	10000.0000	500.0000	0.0000	10008.7236	0.2298	0.2456	0.0381	0.0376	-1.5078	1.0151	-2.0274	0.4442	-5.7744	172.1605	302.3727	313.3666	74.0057	1.5839	1.2067	85.6113
66.3816	10003.0000	-0.2320	1.2421	0.0000	212.5150	297.6700	230.4300	2.4813	318.7200	53.6958	2.0000	10000.0000	500.0000	0.0000	9991.4481	0.1910	0.2677	0.0383	0.0398	-1.1443	0.7519	-2.0664	0.4952	-13.2231	175.1261	302.6392	313.3643	74.0854	1.9822	1.2052	85.5838
66.5793	10003.0000	-0.2320	1.2421	0.0000	212.5150	297.6700	230.4300	2.4813	318.7200	53.6958	2.0000	10000.0000	500.0000	0.0000	9991.4481	0.1910	0.2677	0.0383	0.0398	-1.1443	0.7519	-2.0664	0.4952	-13.2231	175.1261	302.6392	313.3643	74.0854	1.9822	1.2052	85.5838
67.1328	10001.0000	-0.2350	1.2400	0.0000	212.5930	297.8000	230.4560	2.4865	318.8000	53.6978	2.0000	10000.0000	500.0000	0.0000	9984.4552	0.3190	0.2768	0.0400	0.0360	-1.7876	1.5820	-1.6438	0.3992	-8.4779	179.2617	302.7477	314.6907	74.1588	1.4562	1.2021	85.5838
67.1848	10001.0000	-0.2350	1.2400	0.0000	212.5930	297.8000	230.4560	2.4865	318.8000	53.6978	2.0000	10000.0000	500.0000	0.0000	9984.4552	0.3190	0.2768	0.0400	0.0360	-1.7876	1.5820	-1.6438	0.3992	-8.4779	179.2617	302.7477	314.6907	74.1588	1.4562	1.2021	85.5838
67.7902	10000.0000	-0.2350	1.2406	0.0000	212.6690	297.3500	230.4720	2.4836	318.2100	53.6887	2.0000	10000.0000	500.0000	0.0000	10015.6046	0.1979	0.2358	0.0366	0.0396	-1.2050	0.7491	-2.0723	0.6101	6.0533	166.6774	302.8881	299.1443	74.2276	1.6513	1.1957	85.5665
67.8839	10000.0000	-0.2350	1.2406	0.0000	212.6690	297.3500	230.4720	2.4836	318.2100	53.6887	2.0000	10000.0000	500.0000	0.0000	10015.6046	0.1979	0.2358	0.0366	0.0396	-1.2050	0.7491	-2.0723	0.6101	6.0533	166.6774	302.8881	299.1443	74.2276	1.6513	1.1957	85.5665
68.3959	9995.0000	-0.2330	1.2351	0.0000	212.7990	296.6800	230.5040	2.4820	317.5000	53.6640	2.0000	10000.0000	500.0000	0.0000	10012.2195	0.3255	0.2401	0.0383	0.0360	-1.4983	1.5330	-1.4488	0.5055	-13.4295	175.2234	302.9819	299.1782	74.3031	1.8591	1.2394	85.5289
68.6271	9995.0000	-0.2330	1.2351	0.0000	212.7990	296.6800	230.5040	2.4820	317.5000	53.6640	2.0000	10000.0000	500.0000	0.0000	10012.2195	0.3255	0.2401	0.0383	0.0360	-1.4983	1.5330	-1.4488	0.5055	-13.4295	175.2234	302.9819	299.1782	74.3031	1.8591	1.2394	85.5289
69.0009	9995.0000	-0.2330	1.2351	0.0000	212.7990	296.6800	230.5040	2.4820	317.5000	53.6640	2.0000	10000.0000	500.0000	0.0000	10011.7987	0.2761	0.2406	0.0401	0.0397	-1.0242	1.0602	-1.7663	0.5321	-24.6976	166.8341	302.9748	291.4277	74.3693	1.4190	1.1963	85.5289
69.3826	10005.0000	-0.2330	1.2345	0.0000	212.7430	296.2800	230.5200	2.4797	317.0700	53.6573	2.0000	10000.0000	500.0000	0.0000	10000.2397	0.2706	0.2552	0.0371	0.0402	-1.3409	1.0806	-1.7265	0.4980	-15.1445	176.3256	302.9781	303.4004	74.4321	1.8359	1.1962	85.4959
69.6063	10005.0000	-0.2330	1.2345	0.0000	212.7430	296.2800	230.5200	2.4797	317.0700	53.6573	2.0000	10000.0000	500.0000	0.0000	10000.2397	0.2706	0.2552	0.0371	0.0402	-1.3409	1.0806	-1.7265	0.4980	-15.1445	176.3256	302.9781	303.4004	74.4321	1.8359	1.1962	85.4959
70.1199	10006.0000	-0.2330	1.2193	0.0000	213.3130	295.2500	230.5540	2.4739	315.8300	53.6474	2.0000	10000.0000	500.0000	0.0000	10003.4116	0.2613	0.2513	0.0403	0.0383	-1.5045	1.1624	-1.5726	0.5790	0.1947	163.1237	302.9435	290.1099	74.4900	1.6087	1.1964	85.4959
70.2120	10006.0000	-0.2330	1.2193	0.0000	213.3130	295.2500	230.5540	2.4739	315.8300	53.6474	2.0000	10000.0000	500.0000	0.0000	10003.4116	0.2613	0.2513	0.0403	0.0383	-1.5045	1.1624	-1.5726	0.5790	0.1947	163.1237	302.9435	290.1099	74.4900	1.6087	1.1964	85.4959
70.8175	9996.0000	-0.2320	1.2193	0.0000	213.3670	295.2300	230.5720	2.4745	315.7500	53.6383	2.0000	10000.0000	500.0000	0.0000	9984.5508	0.2181	0.2761	0.0406	0.0406	-1.5146	0.9853	-1.4699	0.6010	-4.1626	167.4167	303.2347	311.0402	74.5457	1.6898	1.1978	85.4664
70.8639	9996.0000	-0.2320	1.2193	0.0000	213.3670	295.2300	230.5720	2.4745	315.7500	53.6383	2.0000	10000.0000	500.0000	0.0000	9984.5508	0.2181	0.2761	0.0406	0.0406	-1.5146	0.9853	-1.4699	0.6010	-4.1626	167.4167	303.2347	311.0402	74.5457	1.6898	1.1978	85.4664
71.4230	9993.0000	-0.2320	1.2346	0.0000	212.8740	296.5000	230.6090	2.4845	317.1400	53.6529	2.0000	10000.0000	500.0000	0.0000	9990.5692	0.3055	0.2682	0.0360	0.0375	-1.6323	1.4211	-2.1686	0.6410	4.5847	166.1227	303.3138	312.5832	74.6232	1.6804	1.2581	85.4279
71.6021	9993.0000	-0.2320	1.2346	0.0000	212.8740	296.5000	230.6090	2.4845	317.1400	53.6529	2.0000	10000.0000	500.0000	0.0000	9990.5692	0.3055	0.2682	0.0360	0.0375	-1.6323	1.4211	-2.1686	0.6410	4.5847	166.1227	303.3138	312.5832	74.6232	1.6804	1.2581	85.4279
72.0290	10005.0000	-0.2320	1.2330	0.0000	212.9570	296.2000	230.6260	2.4852	316.7200	53.6779	2.0000	10000.0000	500.0000	0.0000	9983.3804	0.2532	0.2776	0.0385	0.0402	-1.5142	1.1079	-1.7172	0.6134	-19.4138	167.6458	303.4301	309.7331	74.6841	1.8583	1.1920	85.4279
72.3389	10005.0000	-0.2320	1.2330	0.0000	212.9570	296.2000	230.6260	2.4852	316.7200	53.6779	2.0000	10000.0000	500.0000	0.0000	10004.1156	0.2392	0.2505	0.0374	0.0405	-1.4930	1.0787	-1.7142	0.6060	-19.3791	168.4403	303.4143	313.1067	74.7305	2.1915	1.1871	85.4005
72.6188	10005.0000	-0.2320	1.2330	0.0000	212.9570	296.2000	230.6260	2.4852	316.7200	53.6779	2.0000	10000.0000	500.0000	0.0000	10004.1156	0.2392	0.2505	0.0374	0.0405	-1.4930	1.0787	-1.7142	0.6060	-19.3791	168.4403	303.4143	313.1067	74.7305	2.1915	1.1871	85.4005
73.0728	10002.0000	-0.2310	1.2300	0.0000	213.0590	295.9900	230.6580	2.4829	316.4900	53.6626	3.0000	10000.0000	500.0000	0.0000	9997.7766	0.2832	0.2590	0.0393	0.0374	-1.6137	1.3763	-1.3721	0.5782	-1.0653	172.2735	303.3560	310.7546	74.7751	1.8559	1.1855	85.4005
73.2234	10002.0000	-0.2310	1.2300	0.0000	213.0590	295.9900	230.6580	2.4829	316.4900	53.6626	3.0000	10000.0000	500.0000	0.0000	9997.7766	0.2832	0.2590	0.0393	0.0374	-1.6137	1.3763	-1.3721	0.5782	-1.0653	172.2735	303.3560	310.7546	74.7751	1.8559	1.1855	85.4005
73.8300	9998.0000	-0.2330	1.2339	0.0000	213.0270	296.4800	230.6850	2.4877	317.0100	53.6549	3.0000	10000.0000	500.0000	0.0000	10016.2434	0.2742	0.2349	0.0406	0.0401	-1.0956	1.0555	-1.3892	0.6283	3.7715	165.6228	303.3609	294.0469	74.8224	1.7624	1.2002	85.3807
73.9483	9998.0000	-0.2330	1.2339	0.0000	213.0270	296.4800	230.6850	2.4877	317.0100	53.6549	3.0000	10000.0000	500.0000	0.0000	10016.2434	0.2742	0.2349	0.0406	0.0401	-1.0956	1.0555	-1.3892	0.6283	3.7715	165.6228	303.3609	294.0469	74.8224	1.7624	1.2002	85.3807
74.4351	9997.0000	-0.2320	1.2344	0.0000	213.0510	296.1300	230.6980	2.4879	316.5800	53.6686	3.0000	10000.0000	500.0000	0.0000	9998.4026	0.3283	0.2576	0.0420	0.0373	-1.2549	1.4633	-1.4529	0.4708	1.5107	177.2538	303.3016	300.4878	74.8813	1.5993	1.2068	85.3414
74.6865	9997.0000	-0.2320	1.2344	0.0000	213.0510	296.1300	230.6980	2.4879	316.5800	53.6686	3.0000	10000.0000	500.0000	0.0000	9998.4026	0.3283	0.2576	0.0420	0.0373	-1.2549	1.4633	-1.4529	0.4708	1.5107	177.2538	303.3016	300.4878	74.8813	1.5993	1.2068	85.3414
75.0412	9997.0000	-0.2320	1.2344	0.0000	213.0510	296.1300	230.6980	2.4879	316.5800	53.6686	3.0000	10000.0000	500.0000	0.0000	10006.1544	0.2457	0.2476	0.0366	0.0395	-1.4077	1.0614	-1.6951	0.5361	2.7714	166.6929	303.3953	288.8089	74.9292	1.8863	1.1956	85.3414
75.4447	10005.0000	-0.2330	1.2171	0.0000	213.5700	295.0500	230.7210	2.4786	315.3600	53.6768	3.0000	10000.0000	500.0000	0.0000	9993.4298	0.2273	0.2641	0.0418	0.0394	-1.3534	0.9356	-1.4522	0.5372	3.0211	167.7706	303.4874	289.9434	74.9742	1.5414	1.1928	85.3078
75.6308	10005.0000	-0.2330	1.2171	0.0000	213.5700	295.0500	230.7210	2.4786	315.3600	53.6768	3.0000	10000.0000	500.0000	0.0000	9993.4298	0.2273	0.2641	0.0418	0.0394	-1.3534	0.9356	-1.4522	0.5372	3.0211	167.7706	303.4874	289.9434	74.9742	1.5414	1.1928	85.3078
76.1845	10002.0000	-0.2330	1.2165	0.0000	213.6120	294.8600	230.7290	2.4783	315.1000	53.6454	3.0000	10000.0000	500.0000	0.0000	9992.9251	0.3030	0.2647	0.0388	0.0380	-1.4152	1.3747	-1.7126	0.4791	-0.0406	177.0267	303.4861	300.2888	75.0171	1.8401	1.1944	85.3078
76.2358	10002.0000	-0.2330	1.2165	0.0000	213.6120	294.8600	230.7290	2.4783	315.1000	53.6454	3.0000	10000.0000	500.0000	0.0000	9992.9251	0.3030	0.2647	0.0388	0.0380	-1.4152	1.3747	-1.7126	0.4791	-0.0406	177.0267	303.4861	300.2888	75.0171	1.8401	1.1944	85.3078
76.8409	9997.0000	-0.2320	1.2153	0.0000	213.6680	294.1600	230.7470	2.4739	314.3700	53.6622	3.0000	10000.0000	500.0000	0.0000	9991.4213	0.2486	0.2665	0.0404	0.0389	-1.4472	1.0536	-1.5331	0.6529	-13.1178	165.3190	303.4818	308.5821	75.0597	1.7102	1.1972	85.2780
77.4462	9997.0000	-0.2320	1.2153	0.0000	213.6680	294.1600	230.7470	2.4739	314.3700	53.6622	3.0000	10000.0000	500.0000	0.0000	10006.5624	0.2372	0.2468	0.0399	0.0411	-1.2412	0.9904	-1.6177	0.5640	-10.0735	172.9754	303.5496	320.1343	75.1188	1.6469	1.1791	85.2407
77.4470	9997.0000	-0.2320	1.2153	0.0000	213.6680	294.1600	230.7470	2.4739	314.3700	53.6622	3.0000	10000.0000	500.0000	0.0000	10006.5624	0.2372	0.2468	0.0399	0.0411	-1.2412	0.9904	-1.6177	0.5640	-10.0735	172.9754	303.5496	320.1343	75.1188	1.6469	1.1791	85.2407
78.0520	10003.0000	-0.2320	1.2151	0.0000	213.7010	294.2700	230.7510	2.4751	314.4600	53.6670	3.0000	10000.0000	500.0000	0.0000	9996.0712	0.2721	0.2605	0.0377	0.0378	-1.5207	1.1961	-1.8431	0.6220	2.3499	162.0633	303.5793	311.3903	75.1482	1.7199	1.1692	85.2407
78.1989	10003.0000	-0.2320	1.2151	0.0000	213.7010	294.2700	230.7510	2.4751	314.4600	53.6670	3.0000	10000.0000	500.0000	0.0000	9996.0712	0.2721	0.2605	0.0377	0.0378	-1.5207	1.1961	-1.8431	0.6220	2.3499	162.0633	303.5793	311.3903	75.1482	1.7199	1.1692	85.2407
78.6585	10000.0000	-0.2320	1.2145	0.0000	213.6240	294.2900	230.7570	2.4758	314.4800	53.6620	3.0000	10000.0000	500.0000	0.0000	10000.7806	0.2294	0.2543	0.0389	0.0405	-1.4311	0.9578	-1.7272	0.5490	-14.6139	173.1465	303.5532	310.5551	75.1738	1.7312	1.1671	85.2110
78.9439	10000.0000	-0.2320	1.2145	0.0000	213.6240	294.2900	230.7570	2.4758	314.4800	53.6620	3.0000	10000.0000	500.0000	0.0000	10000.7806	0.2294	0.2543	0.0389	0.0405	-1.4311	0.9578	-1.7272	0.5490	-14.6139	173.1465	303.5532	310.5551	75.1738	1.7312	1.1671	85.2110
79.2474	10000.0000	-0.2320	1.2145	0.0000	213.6240	294.2900	230.7570	2.4758	314.4800	53.6620	3.0000	10000.0000	500.0000	0.0000	9997.2544	0.2097	0.2590	0.0363	0.0404	-1.4622	0.9026	-1.8200	0.5118	-3.7265	173.4458	303.6959	312.7495	75.1974	2.0216	1.1685	85.2110
79.6781	9996.0000	-0.2310	1.2146	0.0000	213.7010	294.2400	230.7590	2.4785	314.4000	53.6675	4.0000	10000.0000	500.0000	0.0000	9993.0883	0.1954	0.2645	0.0372	0.0407	-1.2329	0.7556	-1.7241	0.5016	-21.2491	173.5461	303.6926	298.1967	75.2202	1.7546	1.1679	85.1862
79.8374	9996.0000	-0.2310	1.2146	0.0000	213.7010	294.2400	230.7590	2.4785	314.4000	53.6675	4.0000	10000.0000	500.0000	0.0000	9993.0883	0.1954	0.2645	0.0372	0.0407	-1.2329	0.7556	-1.7241	0.5016	-21.2491	173.5461	303.6926	298.1967	75.2202	1.7546	1.1679	85.1862
80.4431	10000.0000	-0.2310	1.2149	0.0000	213.7010	294.6400	230.7610	2.4794	314.7800	53.6774	4.0000	10000.0000	500.0000	0.0000	10010.5013	0.2493	0.2418	0.0400	0.0381	-1.5599	1.1233	-1.5931	0.6418	-11.4150	160.2687	303.5699	291.2924	75.2623	1.6632	1.2243	85.1428
80.5368	10000.0000	-0.2310	1.2149	0.0000	213.7010	294.6400	230.7610	2.4794	314.7800	53.6774	4.0000	10000.0000	500.0000	0.0000	10010.5013	0.2493	0.2418	0.0400	0.0381	-1.5599	1.1233	-1.5931	0.6418	-11.4150	160.2687	303.5699	291.2924	75.2623	1.6632	1.2243	85.1428
81.0485	10003.0000	-0.2310	1.2145	0.0000	213.6630	294.4900	230.7620	2.4798	314.6300	53.6766	4.0000	10000.0000	500.0000	0.0000	10000.2794	0.2195	0.2550	0.0387	0.0403	-1.4399	0.9498	-1.6144	0.5150	6.0390	171.5183	303.5633	292.7422	75.3014	1.6759	1.1973	85.1428
81.2775	10003.0000	-0.2310	1.2145	0.0000	213.6630	294.4900	230.7620	2.4798	314.6300	53.6766	4.0000	10000.0000	500.0000	0.0000	10000.2794	0.2195	0.2550	0.0387	0.0403	-1.4399	0.9498	-1.6144	0.5150	6.0390	171.5183	303.5633	292.7422	75.3014	1.6759	1.1973	85.1428
81.6533	9997.0000	-0.2310	1.2141	0.0000	213.7380	294.2800	230.7630	2.4798	314.4200	53.6478	4.0000	10000.0000	500.0000	0.0000	10001.0044	0.2800	0.2539	0.0420	0.0370	-1.5433	1.2937	-1.5806	0.4867	10.4690	174.8625	303.5581	295.4351	75.3401	1.3950	1.1954	85.1078
82.0163	9997.0000	-0.2310	1.2141	0.0000	213.7380	294.2800	230.7630	2.4798	314.4200	53.6478	4.0000	10000.0000	500.0000	0.0000	10009.3822	0.2415	0.2432	0.0374	0.0405	-1.1436	0.9177	-1.7794	0.6073	-23.5245	168.8999	303.6795	293.3897	75.3745	1.8110	1.1959	85.1078
82.2585	9997.0000	-0.2310	1.2141	0.0000	213.7380	294.2800	230.7630	2.4798	314.4200	53.6478	4.0000	10000.0000	500.0000	0.0000	10009.3822	0.2415	0.2432	0.0374	0.0405	-1.1436	0.9177	-1.7794	0.6073	-23.5245	168.8999	303.6795	293.3897	75.3745	1.8110	1.1959	85.1078
82.7546	10000.0000	-0.2300	1.2143	0.0000	213.7700	294.4200	230.7620	2.4812	314.4800	53.6662	4.0000	10000.0000	500.0000	0.0000	10008.0661	0.2983	0.2449	0.0411	0.0367	-1.3301	1.4206	-1.3405	0.4350	-1.6359	179.4743	303.7584	319.2310	75.4098	1.9973	1.1972	85.0795
82.8645	10000.0000	-0.2300	1.2143	0.0000	213.7700	294.4200	230.7620	2.4812	314.4800	53.6662	4.0000	10000.0000	500.0000	0.0000	10008.0661	0.2983	0.2449	0.0411	0.0367	-1.3301	1.4206	-1.3405	0.4350	-1.6359	179.4743	303.7584	319.2310	75.4098	1.9973	1.1972	85.0795
83.4698	10007.0000	-0.2310	1.2138	0.0000	213.7570	294.2400	230.7600	2.4819	314.2700	53.6808	4.0000	10000.0000	500.0000	0.0000	10003.8499	0.2358	0.2502	0.0376	0.0397	-1.4304	0.9679	-1.7871	0.5426	-9.1323	168.6460	303.7033	307.6724	75.4578	1.7861	1.2202	85.0434
83.4850	10007.0000	-0.2310	1.2138	0.0000	213.7570	294.2400	230.7600	2.4819	314.2700	53.6808	4.0000	10000.0000	500.0000	0.0000	10003.8499	0.2358	0.2502	0.0376	0.0397	-1.4304	0.9679	-1.7871	0.5426	-9.1323	168.6460	303.7033	307.6724	75.4578	1.7861	1.2202	85.0434
84.0751	9996.0000	-0.2320	1.2132	0.0000	213.8270	293.7300	230.7590	2.4766	313.6900	53.6785	4.0000	10000.0000	500.0000	0.0000	10004.6787	0.3068	0.2493	0.0412	0.0389	-1.1675	1.2571	-1.5443	0.5772	-13.3477	175.2007	303.7221	320.6473	75.4801	1.7533	1.1653	85.0434
84.2297	9996.0000	-0.2320	1.2132	0.0000	213.8270	293.7300	230.7590	2.4766	313.6900	53.6785	4.0000	10000.0000	500.0000	0.0000	10004.6787	0.3068	0.2493	0.0412	0.0389	-1.1675	1.2571	-1.5443	0.5772	-13.3477	175.2007	303.7221	320.6473	75.4801	1.7533	1.1653	85.0434
84.6806	10008.0000	-0.2310	1.2148	0.0000	213.7440	294.3300	230.7560	2.4807	314.3700	53.6500	4.0000	10000.0000	500.0000	0.0000	10012.1670	0.2346	0.2394	0.0413	0.0391	-1.4643	1.0106	-1.3152	0.5534	-10.1316	166.6836	303.6032	309.7477	75.4966	1.7422	1.1647	85.0142
84.9762	10008.0000	-0.2310	1.2148	0.0000	213.7440	294.3300	230.7560	2.4807	314.3700	53.6500	4.0000	10000.0000	500.0000	0.0000	10012.1670	0.2346	0.2394	0.0413	0.0391	-1.4643	1.0106	-1.3152	0.5534	-10.1316	166.6836	303.6032	309.7477	75.4966	1.7422	1.1647	85.0142
85.2862	10008.0000	-0.2310	1.2148	0.0000	213.7440	294.3300	230.7560	2.4807	314.3700	53.6500	4.0000	10000.0000	500.0000	0.0000	10000.9753	0.2734	0.2540	0.0391	0.0408	-1.1204	1.0990	-1.7779	0.4507	-4.7281	177.4230	303.6404	321.0951	75.5123	1.7706	1.1648	85.0142
85.7185	9997.0000	-0.2300	1.2139	0.0000	213.7570	294.2000	230.7540	2.4823	314.1600	53.6777	4.0000	10000.0000	500.0000	0.0000	10006.5309	0.2637	0.2469	0.0397	0.0376	-1.5538	1.1976	-1.4384	0.6457	6.0865	160.0697	303.6783	291.9539	75.5274	1.7762	1.1826	84.9900
85.8921	9997.0000	-0.2300	1.2139	0.0000	213.7570	294.2000	230.7540	2.4823	314.1600	53.6777	4.0000	10000.0000	500.0000	0.0000	10006.5309	0.2637	0.2469	0.0397	0.0376	-1.5538	1.1976	-1.4384	0.6457	6.0865	160.0697	303.6783	291.9539	75.5274	1.7762	1.1826	84.9900
86.4570	10021.0000	-0.2320	1.2130	0.0000	213.7970	293.8900	230.7480	2.4815	313.8300	53.6768	4.0000	10000.0000	500.0000	0.0000	10012.6310	0.2390	0.2387	0.0417	0.0405	-1.1015	0.9014	-1.3345	0.5454	5.9769	170.7518	303.7438	295.3456	75.5642	1.4607	1.2095	84.9471
86.4981	10021.0000	-0.2320	1.2130	0.0000	213.7970	293.8900	230.7480	2.4815	313.8300	53.6768	4.0000	10000.0000	500.0000	0.0000	10012.6310	0.2390	0.2387	0.0417	0.0405	-1.1015	0.9014	-1.3345	0.5454	5.9769	170.7518	303.7438	295.3456	75.5642	1.4607	1.2095	84.9471
87.0877	9992.0000	-0.2310	1.2131	0.0000	213.8200	293.6700	230.7460	2.4778	313.6300	53.6480	5.0000	10000.0000	500.0000	0.0000	9997.2684	0.2126	0.2586	0.0377	0.0403	-1.3252	0.8563	-1.8879	0.5319	-25.1005	170.6573	303.7159	294.9106	75.5996	1.8837	1.2055	84.9471
87.2020	9992.0000	-0.2310	1.2131	0.0000	213.8200	293.6700	230.7460	2.4778	313.6300	53.6480	5.0000	10000.0000	500.0000	0.0000	9997.2684	0.2126	0.2586	0.0377	0.0403	-1.3252	0.8563	-1.8879	0.5319	-25.1005	170.6573	303.7159	294.9106	75.5996	1.8837	1.2055	84.9471
87.6775	9992.0000	-0.2320	1.2133	0.0000	213.7930	293.8100	230.7380	2.4808	313.8000	53.6903	5.0000	10000.0000	500.0000	0.0000	9993.5767	0.2203	0.2636	0.0354	0.0408	-1.1694	0.8403	-2.0322	0.4821	6.8153	173.1270	303.6624	297.5370	75.6328	2.0500	1.2011	84.9135
88.0801	9992.0000	-0.2320	1.2133	0.0000	213.7930	293.8100	230.7380	2.4808	313.8000	53.6903	5.0000	10000.0000	500.0000	0.0000	9999.2687	0.2645	0.2560	0.0413	0.0375	-1.5940	1.2167	-1.3630	0.5189	-18.9019	170.5315	303.6666	293.6612	75.6627	1.6626	1.2034	84.9135
88.2829	9992.0000	-0.2320	1.2133	0.0000	213.7930	293.8100	230.7380	2.4808	313.8000	53.6903	5.0000	10000.0000	500.0000	0.0000	9999.2687	0.2645	0.2560	0.0413	0.0375	-1.5940	1.2167	-1.3630	0.5189	-18.9019	170.5315	303.6666	293.6612	75.6627	1.6626	1.2034	84.9135
88.8239	10002.0000	-0.2310	1.2129	0.0000	213.7970	293.4400	230.7330	2.4777	313.3800	53.6836	5.0000	10000.0000	500.0000	0.0000	9978.3668	0.2200	0.2832	0.0375	0.0400	-1.4815	0.9475	-1.7447	0.5167	-10.4382	170.8832	303.7001	309.3632	75.6965	2.1157	1.2058	84.8872
88.8884	10002.0000	-0.2310	1.2129	0.0000	213.7970	293.4400	230.7330	2.4777	313.3800	53.6836	5.0000	10000.0000	500.0000	0.0000	9978.3668	0.2200	0.2832	0.0375	0.0400	-1.4815	0.9475	-1.7447	0.5167	-10.4382	170.8832	303.7001	309.3632	75.6965	2.1157	1.2058	84.8872
89.4943	9993.0000	-0.2310	1.2138	0.0000	213.7880	293.5300	230.7220	2.4776	313.4400	53.6659	5.0000	10000.0000	500.0000	0.0000	9987.4067	0.3014	0.2711	0.0376	0.0364	-1.4943	1.3763	-1.6836	0.5376	-15.0603	175.4714	303.7355	309.8584	75.7404	1.7269	1.1654	84.8539
89.5730	9993.0000	-0.2310	1.2138	0.0000	213.7880	293.5300	230.7220	2.4776	313.4400	53.6659	5.0000	10000.0000	500.0000	0.0000	9987.4067	0.3014	0.2711	0.0376	0.0364	-1.4943	1.3763	-1.6836	0.5376	-15.0603	175.4714	303.7355	309.8584	75.7404	1.7269	1.1654	84.8539
90.0997	9995.0000	-0.2290	1.2126	0.0000	213.9320	293.0000	230.7140	2.4764	312.8500	53.7124	5.0000	10000.0000	500.0000	0.0000	9987.6165	0.2571	0.2705	0.0382	0.0395	-1.4231	1.0683	-1.6872	0.5253	-12.4176	168.8152	303.6502	302.6546	75.7487	1.6699	1.1575	84.8539
90.3249	9995.0000	-0.2290	1.2126	0.0000	213.9320	293.0000	230.7140	2.4764	312.8500	53.7124	5.0000	10000.0000	500.0000	0.0000	9987.6165	0.2571	0.2705	0.0382	0.0395	-1.4231	1.0683	-1.6872	0.5253	-12.4176	168.8152	303.6502	302.6546	75.7487	1.6699	1.1575	84.8539
90.7041	10004.0000	-0.2300	1.2122	0.0000	214.0280	293.2900	230.6980	2.4795	313.0900	53.6750	5.0000	10000.0000	500.0000	0.0000	9980.2237	0.2708	0.2805	0.0398	0.0400	-1.0914	1.0999	-1.6261	0.4389	-7.1188	177.9313	303.6450	316.1000	75.7561	1.7877	1.1582	84.8253
91.0711	10004.0000	-0.2300	1.2122	0.0000	214.0280	293.2900	230.6980	2.4795	313.0900	53.6750	5.0000	10000.0000	500.0000	0.0000	10006.4458	0.2309	0.2463	0.0378	0.0392	-1.4587	0.9718	-1.8040	0.6811	-10.3487	163.2927	303.6685	306.1139	75.7637	1.7990	1.1561	84.8253
91.3107	10004.0000	-0.2300	1.2122	0.0000	214.0280	293.2900	230.6980	2.4795	313.0900	53.6750	5.0000	10000.0000	500.0000	0.0000	10006.4458	0.2309	0.2463	0.0378	0.0392	-1.4587	0.9718	-1.8040	0.6811	-10.3487	163.2927	303.6685	306.1139	75.7637	1.7990	1.1561	84.8253
91.8226	10001.0000	-0.2290	1.2116	0.0000	213.9950	292.9400	230.6900	2.4748	312.7800	53.7033	5.0000	10000.0000	500.0000	0.0000	9989.9759	0.2321	0.2678	0.0383	0.0415	-1.2253	0.7272	-1.7638	0.4960	2.0371	173.6785	303.5885	306.1534	75.7715	1.7519	1.1594	84.7981
91.9163	10001.0000	-0.2290	1.2116	0.0000	213.9950	292.9400	230.6900	2.4748	312.7800	53.7033	5.0000	10000.0000	500.0000	0.0000	9989.9759	0.2321	0.2678	0.0383	0.0415	-1.2253	0.7272	-1.7638	0.4960	2.0371	173.6785	303.5885	306.1534	75.7715	1.7519	1.1594	84.7981
92.5222	10007.0000	-0.2300	1.2129	0.0000	213.9260	293.3900	230.6680	2.4817	313.1900	53.6732	5.0000	10000.0000	500.0000	0.0000	9991.4889	0.2680	0.2658	0.0387	0.0383	-1.5179	1.2015	-1.7054	0.6096	16.4590	160.7799	303.4764	294.1340	75.8091	1.6501	1.2089	84.7550
92.5649	10007.0000	-0.2300	1.2129	0.0000	213.9260	293.3900	230.6680	2.4817	313.1900	53.6732	5.0000	10000.0000	500.0000	0.0000	9991.4889	0.2680	0.2658	0.0387	0.0383	-1.5179	1.2015	-1.7054	0.6096	16.4590	160.7799	303.4764	294.1340	75.8091	1.6501	1.2089	84.7550
93.2939	9994.0000	-0.2310	1.2141	0.0000	213.9200	293.3500	230.6560	2.4809	313.2200	53.6788	5.0000	10000.0000	500.0000	0.0000	10005.9563	0.2482	0.2470	0.0374	0.0405	-1.4403	1.0485	-1.9178	0.4944	-26.4404	173.3732	303.5494	297.2960	75.8708	1.6991	1.2080	84.7232
93.6374	9994.0000	-0.2310	1.2141	0.0000	213.9200	293.3500	230.6560	2.4809	313.2200	53.6788	5.0000	10000.0000	500.0000	0.0000	10005.9563	0.2482	0.2470	0.0374	0.0405	-1.4403	1.0485	-1.9178	0.4944	-26.4404	173.3732	303.5494	297.2960	75.8708	1.6991	1.2080	84.7232
94.0384	9996.0000	-0.2280	1.2099	0.0000	214.0790	293.0700	230.6330	2.4784	312.8200	53.6949	6.0000	10000.0000	500.0000	0.0000	10010.6108	0.2469	0.2412	0.0390	0.0373	-1.4684	1.0730	-1.5731	0.4818	-24.7174	174.5548	303.6525	296.4446	75.9019	1.4258	1.2096	84.7232
94.2429	9996.0000	-0.2280	1.2099	0.0000	214.0790	293.0700	230.6330	2.4784	312.8200	53.6949	6.0000	10000.0000	500.0000	0.0000	10010.6108	0.2469	0.2412	0.0390	0.0373	-1.4684	1.0730	-1.5731	0.4818	-24.7174	174.5548	303.6525	296.4446	75.9019	1.4258	1.2096	84.7232
94.7793	10002.0000	-0.2300	1.2137	0.0000	213.7690	293.4200	230.6190	2.4817	313.2900	53.7086	NOT CONNECTED	10000.0000	500.0000	0.0000	10004.2730	0.2621	0.2495	0.0393	0.0404	-1.3208	1.1822	-1.7248	0.6285	-11.2556	169.2729	303.6308	307.9351	75.9314	1.5734	1.2140	84.6997
94.8485	10002.0000	-0.2300	1.2137	0.0000	213.7690	293.4200	230.6190	2.4817	313.2900	53.7086	NOT CONNECTED	10000.0000	500.0000	0.0000	10004.2730	0.2621	0.2495	0.0393	0.0404	-1.3208	1.1822	-1.7248	0.6285	-11.2556	169.2729	303.6308	307.9351	75.9314	1.5734	1.2140	84.6997
95.4699	10067.0000	-0.1280	1.2129	0.0000	213.7710	293.0500	230.5930	2.4775	312.8300	53.7159	NOT CONNECTED	0.0000	500.0000	0.0000	10033.8698	0.1850	0.1730	0.0398	0.0408	-1.5037	0.8622	-1.4505	0.1466	12.7299	174.0245	311.8019	148.0729	75.9685	1.3922	1.1854	84.6683
95.7602	10067.0000	-0.1280	1.2129	0.0000	213.7710	293.0500	230.5930	2.4775	312.8300	53.7159	NOT CONNECTED	0.0000	500.0000	0.0000	10033.8698	0.1850	0.1730	0.0398	0.0408	-1.5037	0.8622	-1.4505	0.1466	12.7299	174.0245	311.8019	148.0729	75.9685	1.3922	1.1854	84.6683
96.0756	10067.0000	-0.1280	1.2129	0.0000	213.7710	293.0500	230.5930	2.4775	312.8300	53.7159	NOT CONNECTED	0.0000	500.0000	0.0000	10038.7761	0.1940	0.0660	0.0415	0.0412	-1.0795	0.8349	-1.4556	0.1116	-2.0137	180.4293	313.2425	132.8037	75.9182	1.0535	0.9617	84.6683
96.5138	9990.0000	-0.0780	1.0037	0.0000	221.9800	117.3100	230.6390	1.1734	128.9200	53.7121	NOT CONNECTED	0.0000	500.0000	0.0000	10028.1008	-0.0130	0.0749	0.0407	0.0413	-1.0348	-0.1697	-1.8995	0.4608	-9.1153	169.6877	312.2514	146.6973	75.8384	0.8160	1.0035	84.6240
96.6973	9990.0000	-0.0780	1.0037	0.0000	221.9800	117.3100	230.6390	1.1734	128.9200	53.7121	NOT CONNECTED	0.0000	500.0000	0.0000	10028.1008	-0.0130	0.0749	0.0407	0.0413	-1.0348	-0.1697	-1.8995	0.4608	-9.1153	169.6877	312.2514	146.6973	75.8384	0.8160	1.0035	84.6240
97.2558	9993.0000	-0.0910	1.0454	0.0000	220.8280	134.6600	230.5940	1.3130	147.3400	53.6595	NOT CONNECTED	0.0000	500.0000	0.0000	10041.5749	0.2180	0.0582	0.0423	0.0404	-0.8602	0.7964	-1.2162	0.4735	-7.6072	167.8683	312.1807	145.1035	75.7857	1.9038	1.0366	84.6240
97.3017	9993.0000	-0.0910	1.0454	0.0000	220.8280	134.6600	230.5940	1.3130	147.3400	53.6595	NOT CONNECTED	0.0000	500.0000	0.0000	10041.5749	0.2180	0.0582	0.0423	0.0404	-0.8602	0.7964	-1.2162	0.4735	-7.6072	167.8683	312.1807	145.1035	75.7857	1.9038	1.0366	84.6240
97.9084	9999.0000	-0.0880	1.0409	0.0000	220.4190	136.2600	230.5720	1.3202	148.7900	53.6682	NOT CONNECTED	0.0000	500.0000	0.0000	9967.4968	0.1849	0.1542	0.0409	0.0414	-1.7841	0.9524	-2.0220	0.4460	-12.2202	168.3483	312.1220	136.8901	75.7315	0.8453	1.0601	84.5610
97.9895	9999.0000	-0.0880	1.0409	0.0000	220.4190	136.2600	230.5720	1.3202	148.7900	53.6682	NOT CONNECTED	0.0000	500.0000	0.0000	9967.4968	0.1849	0.1542	0.0409	0.0414	-1.7841	0.9524	-2.0220	0.4460	-12.2202	168.3483	312.1220	136.8901	75.7315	0.8453	1.0601	84.5610
98.5129	10005.0000	-0.0880	1.0816	0.0000	219.6580	137.6300	230.5610	1.3306	150.4900	53.6584	NOT CONNECTED	0.0000	500.0000	0.0000	10012.8863	0.1039	0.0953	0.0415	0.0398	-1.9177	0.6292	-1.8269	0.2082	-15.7935	184.1548	312.1290	143.7245	75.7036	1.4892	1.0478	84.4924
98.7300	10005.0000	-0.0880	1.0816	0.0000	219.6580	137.6300	230.5610	1.3306	150.4900	53.6584	NOT CONNECTED	0.0000	500.0000	0.0000	10012.8863	0.1039	0.0953	0.0415	0.0398	-1.9177	0.6292	-1.8269	0.2082	-15.7935	184.1548	312.1290	143.7245	75.7036	1.4892	1.0478	84.4924
99.1033	9997.0000	-0.0890	1.0242	0.0000	220.7450	135.1500	230.5360	1.3076	147.6100	53.6834	NOT CONNECTED	0.0000	500.0000	0.0000	10047.2413	0.0420	0.0511	0.0420	0.0402	-1.5922	0.1482	-1.0216	0.0232	-5.2003	191.7659	312.2109	143.4361	75.6529	1.7715	0.9877	84.4924
99.4729	9997.0000	-0.0890	1.0242	0.0000	220.7450	135.1500	230.5360	1.3076	147.6100	53.6834	NOT CONNECTED	0.0000	500.0000	0.0000	9999.2046	0.0932	0.1037	0.0408	0.0408	-1.6904	0.5722	-1.7850	-0.1253	-7.6400	191.8237	312.5694	122.7223	75.5875	1.0835	0.9803	84.4311
99.7250	9997.0000	-0.0890	1.0242	0.0000	220.7450	135.1500	230.5360	1.3076	147.6100	53.6834	NOT CONNECTED	0.0000	500.0000	0.0000	9999.2046	0.0932	0.1037	0.0408	0.0408	-1.6904	0.5722	-1.7850	-0.1253	-7.6400	191.8237	312.5694	122.7223	75.5875	1.0835	0.9803	84.4311
100.2128	9937.0000	-0.0310	1.0202	0.0000	220.7520	135.5100	230.5210	1.3086	147.9000	53.6659	NOT CONNECTED	0.0000	500.0000	0.0000	9738.4594	0.0210	-0.0000	0.0348	0.0348	-1.7902	0.1102	-1.5738	-0.0203	-14.0169	147.5099	317.5753	34.9625	75.5242	1.6344	1.1237	84.4311
100.3303	9937.0000	-0.0310	1.0202	0.0000	220.7520	135.5100	230.5210	1.3086	147.9000	53.6659	NOT CONNECTED	0.0000	500.0000	0.0000	9738.4594	0.0210	-0.0000	0.0348	0.0348	-1.7902	0.1102	-1.5738	-0.0203	-14.0169	147.5099	317.5753	34.9625	75.5242	1.6344	1.1237	84.4311
100.9359	9552.0000	0.0010	1.1870	0.0000	180.9180	31.1500	230.5410	0.4713	44.6200	53.6622	NOT CONNECTED	0.0000	500.0000	0.0000	9401.9761	0.0299	0.0042	0.0348	0.0348	-1.6090	0.1212	-1.5900	0.0755	-9.8049	138.7194	317.4143	38.4996	75.5426	1.8124	1.1580	84.3592
100.9492	9552.0000	0.0010	1.1870	0.0000	180.9180	31.1500	230.5410	0.4713	44.6200	53.6622	NOT CONNECTED	0.0000	500.0000	0.0000	9401.9761	0.0299	0.0042	0.0348	0.0348	-1.6090	0.1212	-1.5900	0.0755	-9.8049	138.7194	317.4143	38.4996	75.5426	1.8124	1.1580	84.3592
101.5410	9164.0000	0.0010	1.1878	0.0000	175.7990	33.0300	230.5150	0.4893	46.6500	53.6293	NOT CONNECTED	0.0000	500.0000	0.0000	9082.1131	0.0113	0.0164	0.0349	0.0348	-1.7825	0.0941	-1.7742	0.0105	-12.8216	136.7568	317.2738	37.4657	75.5830	1.6361	1.1615	84.2958
101.6828	9164.0000	0.0010	1.1878	0.0000	175.7990	33.0300	230.5150	0.4893	46.6500	53.6293	NOT CONNECTED	0.0000	500.0000	0.0000	9082.1131	0.0113	0.0164	0.0349	0.0348	-1.7825	0.0941	-1.7742	0.0105	-12.8216	136.7568	317.2738	37.4657	75.5830	1.6361	1.1615	84.2958
102.1474	8793.0000	0.0010	1.1890	0.0000	166.1990	32.8200	230.4900	0.4874	46.6700	53.6396	NOT CONNECTED	0.0000	500.0000	0.0000	8778.4980	0.0306	0.0136	0.0348	0.0349	-1.7263	0.1678	-1.8527	-0.0108	-10.4036	130.3302	317.3452	36.7803	75.6061	1.8397	1.1637	84.2958
102.4453	8793.0000	0.0010	1.1890	0.0000	166.1990	32.8200	230.4900	0.4874	46.6700	53.6396	NOT CONNECTED	0.0000	500.0000	0.0000	8778.4980	0.0306	0.0136	0.0348	0.0349	-1.7263	0.1678	-1.8527	-0.0108	-10.4036	130.3302	317.3452	36.7803	75.6061	1.8397	1.1637	84.2958
102.7521	8793.0000	0.0010	1.1890	0.0000	166.1990	32.8200	230.4900	0.4874	46.6700	53.6396	NOT CONNECTED	0.0000	500.0000	0.0000	8483.5394	0.0266	0.0029	0.0349	0.0348	-1.7965	0.1476	-1.7365	-0.0352	-11.4486	128.6217	317.4234	34.5018	75.6300	1.7221	1.1653	84.2461
103.1803	8414.0000	0.0010	1.1891	0.0000	161.5150	30.8200	230.4810	0.4697	44.7300	53.6317	NOT CONNECTED	0.0000	500.0000	0.0000	8176.0641	-0.0154	0.0153	0.0347	0.0348	-1.7439	-0.0706	-1.6621	0.0462	-11.2514	119.3481	317.5558	32.0334	75.6552	1.8443	1.1689	84.2461
103.3576	8414.0000	0.0010	1.1891	0.0000	161.5150	30.8200	230.4810	0.4697	44.7300	53.6317	NOT CONNECTED	0.0000	500.0000	0.0000	8176.0641	-0.0154	0.0153	0.0347	0.0348	-1.7439	-0.0706	-1.6621	0.0462	-11.2514	119.3481	317.5558	32.0334	75.6552	1.8443	1.1689	84.2461
103.9325	8056.0000	0.0010	1.1905	0.0000	152.1350	27.2800	230.4620	0.4377	41.3100	53.6125	NOT CONNECTED	0.0000	500.0000	0.0000	7889.9297	-0.0160	-0.0000	0.0348	0.0348	-1.6904	-0.0515	-1.5607	0.0423	-12.8768	115.4355	317.6990	30.1203	75.6827	1.5666	1.1728	84.1958
103.9636	8056.0000	0.0010	1.1905	0.0000	152.1350	27.2800	230.4620	0.4377	41.3100	53.6125	NOT CONNECTED	0.0000	500.0000	0.0000	7889.9297	-0.0160	-0.0000	0.0348	0.0348	-1.6904	-0.0515	-1.5607	0.0423	-12.8768	115.4355	317.6990	30.1203	75.6827	1.5666	1.1728	84.1958
104.5686	7677.0000	0.0000	1.1914	0.0000	147.4240	25.5100	230.4540	0.4219	39.5900	53.6460	NOT CONNECTED	0.0000	500.0000	0.0000	7605.9664	-0.0033	-0.0000	0.0350	0.0348	-1.7141	0.0147	-1.7155	0.0061	-8.7865	109.7389	317.7218	28.5171	75.7219	1.6047	1.1754	84.1316
104.6790	7677.0000	0.0000	1.1914	0.0000	147.4240	25.5100	230.4540	0.4219	39.5900	53.6460	NOT CONNECTED	0.0000	500.0000	0.0000	7605.9664	-0.0033	-0.0000	0.0350	0.0348	-1.7141	0.0147	-1.7155	0.0061	-8.7865	109.7389	317.7218	28.5171	75.7219	1.6047	1.1754	84.1316
105.1587	7321.0000	0.0020	1.1924	0.0000	138.2480	23.7900	230.4420	0.4067	38.0300	53.6662	NOT CONNECTED	0.0000	500.0000	0.0000	7301.4059	0.0119	-0.0000	0.0347	0.0348	-1.8106	0.0681	-1.5765	0.0213	-10.5545	106.0002	317.7029	28.5390	75.7511	1.7812	1.1781	84.1316
105.4459	7321.0000	0.0020	1.1924	0.0000	138.2480	23.7900	230.4420	0.4067	38.0300	53.6662	NOT CONNECTED	0.0000	500.0000	0.0000	7301.4059	0.0119	-0.0000	0.0347	0.0348	-1.8106	0.0681	-1.5765	0.0213	-10.5545	106.0002	317.7029	28.5390	75.7511	1.7812	1.1781	84.1316
105.7642	7321.0000	0.0020	1.1924	0.0000	138.2480	23.7900	230.4420	0.4067	38.0300	53.6662	NOT CONNECTED	0.0000	500.0000	0.0000	7036.7417	0.0169	-0.0000	0.0350	0.0348	-1.8634	0.0741	-1.6367	0.0486	-12.0079	101.0510	317.6093	28.9409	75.7792	1.6116	1.1800	84.0679
106.1945	6963.0000	0.0060	1.1941	0.0000	133.8660	23.6600	230.4380	0.4043	37.7900	53.6500	NOT CONNECTED	0.0000	500.0000	0.0000	6744.8423	-0.0122	-0.0000	0.0348	0.0348	-1.6657	-0.0248	-1.8850	-0.0237	-9.7663	99.9385	317.6323	28.4373	75.8112	1.7122	1.1819	84.0679
106.3688	6963.0000	0.0060	1.1941	0.0000	133.8660	23.6600	230.4380	0.4043	37.7900	53.6500	NOT CONNECTED	0.0000	500.0000	0.0000	6744.8423	-0.0122	-0.0000	0.0348	0.0348	-1.6657	-0.0248	-1.8850	-0.0237	-9.7663	99.9385	317.6323	28.4373	75.8112	1.7122	1.1819	84.0679
106.9361	6617.0000	-0.0000	1.1942	0.0000	125.2330	23.4500	230.4310	0.4017	37.6900	53.6544	NOT CONNECTED	0.0000	500.0000	0.0000	6491.7015	0.0157	-0.0000	0.0349	0.0348	-1.7866	0.1134	-1.7894	0.0060	-9.3318	93.2466	317.6524	28.2980	75.8433	1.6485	1.1886	84.0031
106.9756	6617.0000	-0.0000	1.1942	0.0000	125.2330	23.4500	230.4310	0.4017	37.6900	53.6544	NOT CONNECTED	0.0000	500.0000	0.0000	6491.7015	0.0157	-0.0000	0.0349	0.0348	-1.7866	0.1134	-1.7894	0.0060	-9.3318	93.2466	317.6524	28.2980	75.8433	1.6485	1.1886	84.0031
107.5806	6296.0000	0.0000	1.1950	0.0000	121.0260	23.3900	230.4290	0.4007	37.6200	53.7084	NOT CONNECTED	0.0000	500.0000	0.0000	6201.9126	-0.0006	-0.0000	0.0347	0.0348	-1.8140	0.0312	-1.6414	0.0578	-11.7692	87.1198	317.6156	28.1981	75.8843	1.7920	1.1926	83.9284
107.6737	6296.0000	0.0000	1.1950	0.0000	121.0260	23.3900	230.4290	0.4007	37.6200	53.7084	NOT CONNECTED	0.0000	500.0000	0.0000	6201.9126	-0.0006	-0.0000	0.0347	0.0348	-1.8140	0.0312	-1.6414	0.0578	-11.7692	87.1198	317.6156	28.1981	75.8843	1.7920	1.1926	83.9284
108.1863	5978.0000	0.0000	1.1958	0.0000	112.9820	23.3300	230.4310	0.3995	37.6200	53.7006	NOT CONNECTED	0.0000	500.0000	0.0000	5940.8719	-0.0226	-0.0000	0.0347	0.0348	-1.4520	-0.1770	-1.8250	-0.0335	-11.8177	90.4687	317.6616	29.5162	75.9160	1.9277	1.1891	83.9284
108.4428	5978.0000	0.0000	1.1958	0.0000	112.9820	23.3300	230.4310	0.3995	37.6200	53.7006	NOT CONNECTED	0.0000	500.0000	0.0000	5940.8719	-0.0226	-0.0000	0.0347	0.0348	-1.4520	-0.1770	-1.8250	-0.0335	-11.8177	90.4687	317.6616	29.5162	75.9160	1.9277	1.1891	83.9284
108.7909	5978.0000	0.0000	1.1958	0.0000	112.9820	23.3300	230.4310	0.3995	37.6200	53.7006	NOT CONNECTED	0.0000	500.0000	0.0000	5712.2087	-0.0090	-0.0000	0.0349	0.0348	-1.5169	-0.0995	-1.6256	0.0520	-10.3781	76.9503	317.5506	29.6601	75.9515	1.6003	1.1886	83.8531
109.1784	5659.0000	0.0000	1.1994	0.0000	109.1590	23.3300	230.4330	0.3986	37.5500	53.6953	NOT CONNECTED	0.0000	500.0000	0.0000	5488.6983	0.0322	-0.0000	0.0350	0.0348	-1.8249	0.1031	-2.0110	0.1086	-12.9599	68.8732	317.3200	30.1694	75.9973	1.7785	1.2420	83.8531
109.3964	5659.0000	0.0000	1.1994	0.0000	109.1590	23.3300	230.4330	0.3986	37.5500	53.6953	NOT CONNECTED	0.0000	500.0000	0.0000	5488.6983	0.0322	-0.0000	0.0350	0.0348	-1.8249	0.1031	-2.0110	0.1086	-12.9599	68.8732	317.3200	30.1694	75.9973	1.7785	1.2420	83.8531
109.9286	5368.0000	0.0000	1.2487	0.0000	102.8870	26.1000	230.4420	0.4254	40.5300	53.7316	NOT CONNECTED	0.0000	500.0000	0.0000	5242.9986	-0.0490	-0.0000	0.0348	0.0348	-1.0198	-0.2934	-1.0601	0.1064	-11.8723	66.5445	317.3591	29.9922	76.0606	1.8869	1.2536	83.7767
110.0030	5368.0000	0.0000	1.2487	0.0000	102.8870	26.1000	230.4420	0.4254	40.5300	53.7316	NOT CONNECTED	0.0000	500.0000	0.0000	5242.9986	-0.0490	-0.0000	0.0348	0.0348	-1.0198	-0.2934	-1.0601	0.1064	-11.8723	66.5445	317.3591	29.9922	76.0606	1.8869	1.2536	83.7767
110.6086	5080.0000	0.0000	1.2515	0.0000	99.1570	26.2800	230.4480	0.4266	40.8200	53.7453	NOT CONNECTED	0.0000	500.0000	0.0000	5034.5332	0.0363	-0.0000	0.0351	0.0348	-2.2188	0.1732	-1.7819	0.0718	-12.4418	65.4890	317.3201	30.0127	76.1320	1.0165	1.2517	83.7041
110.6713	5080.0000	0.0000	1.2515	0.0000	99.1570	26.2800	230.4480	0.4266	40.8200	53.7453	NOT CONNECTED	0.0000	500.0000	0.0000	5034.5332	0.0363	-0.0000	0.0351	0.0348	-2.2188	0.1732	-1.7819	0.0718	-12.4418	65.4890	317.3201	30.0127	76.1320	1.0165	1.2517	83.7041
111.2129	4753.0000	0.0280	1.2733	0.0000	92.0300	15.8400	230.4690	0.3349	30.2600	53.7574	NOT CONNECTED	0.0000	500.0000	0.0000	4746.1479	-0.0969	-0.0000	0.0350	0.0348	-0.8778	-0.3900	-1.9146	-0.2206	-19.1783	87.0928	318.1392	19.0145	76.2000	0.9898	1.2726	83.7041
111.4429	4753.0000	0.0280	1.2733	0.0000	92.0300	15.8400	230.4690	0.3349	30.2600	53.7574	NOT CONNECTED	0.0000	500.0000	0.0000	4746.1479	-0.0969	-0.0000	0.0350	0.0348	-0.8778	-0.3900	-1.9146	-0.2206	-19.1783	87.0928	318.1392	19.0145	76.2000	0.9898	1.2726	83.7041
111.8197	4356.0000	0.0360	1.2740	0.0000	87.3920	15.0700	230.4780	0.3210	29.2700	53.8092	NOT CONNECTED	0.0000	500.0000	0.0000	4448.8191	-0.0574	-0.0000	0.0348	0.0348	-1.2959	-0.2337	-1.3278	-0.2066	-6.6458	54.5958	317.9142	10.9835	76.2739	1.0476	1.2811	83.8040
112.1895	4356.0000	0.0360	1.2740	0.0000	87.3920	15.0700	230.4780	0.3210	29.2700	53.8092	NOT CONNECTED	0.0000	500.0000	0.0000	4066.4954	-0.0273	-0.0000	0.0351	0.0348	-1.5023	-0.0177	-2.5276	-0.1025	-12.9107	67.0125	318.6522	9.7438	76.3538	2.0698	1.3002	83.9051
112.4253	4356.0000	0.0360	1.2740	0.0000	87.3920	15.0700	230.4780	0.3210	29.2700	53.8092	NOT CONNECTED	0.0000	500.0000	0.0000	4066.4954	-0.0273	-0.0000	0.0351	0.0348	-1.5023	-0.0177	-2.5276	-0.1025	-12.9107	67.0125	318.6522	9.7438	76.3538	2.0698	1.3002	83.9051
112.9439	3922.0000	0.0490	1.2885	0.0000	77.4210	10.4700	230.5020	0.2778	24.7100	53.8202	NOT CONNECTED	0.0000	500.0000	0.0000	3683.9976	-0.0400	-0.0803	0.0347	0.0348	-1.2577	-0.1589	-0.8756	-0.0682	-13.2175	60.6859	318.9646	6.2134	76.4350	1.8560	1.2962	83.9051
113.0304	3922.0000	0.0490	1.2885	0.0000	77.4210	10.4700	230.5020	0.2778	24.7100	53.8202	NOT CONNECTED	0.0000	500.0000	0.0000	3683.9976	-0.0400	-0.0803	0.0347	0.0348	-1.2577	-0.1589	-0.8756	-0.0682	-13.2175	60.6859	318.9646	6.2134	76.4350	1.8560	1.2962	83.9051
113.6361	3453.0000	0.0540	1.2854	0.0000	71.5270	6.6300	230.5170	0.2416	20.8200	53.8679	NOT CONNECTED	0.0000	500.0000	0.0000	3287.5706	-0.0874	-0.1722	0.0358	0.0354	-2.4829	-0.6193	-2.4828	-0.2327	-12.3967	33.8870	318.9603	9.0987	76.5212	2.5710	1.2989	84.0020
113.6857	3453.0000	0.0540	1.2854	0.0000	71.5270	6.6300	230.5170	0.2416	20.8200	53.8679	NOT CONNECTED	0.0000	500.0000	0.0000	3287.5706	-0.0874	-0.1722	0.0358	0.0354	-2.4829	-0.6193	-2.4828	-0.2327	-12.3967	33.8870	318.9603	9.0987	76.5212	2.5710	1.2989	84.0020
114.2409	2952.0000	0.0640	1.2991	0.0000	59.4950	7.1000	230.5400	0.2434	21.2900	53.9115	NOT CONNECTED	0.0000	500.0000	0.0000	2926.0877	-0.0095	-0.0000	0.0350	0.0348	-1.6100	-0.0033	-2.0304	-0.3252	-16.1370	29.1471	319.2103	7.8407	76.6031	1.0016	1.3023	84.0020
114.4394	2952.0000	0.0640	1.2991	0.0000	59.4950	7.1000	230.5400	0.2434	21.2900	53.9115	NOT CONNECTED	0.0000	500.0000	0.0000	2926.0877	-0.0095	-0.0000	0.0350	0.0348	-1.6100	-0.0033	-2.0304	-0.3252	-16.1370	29.1471	319.2103	7.8407	76.6031	1.0016	1.3023	84.0020
114.8463	2952.0000	0.0640	1.2991	0.0000	59.4950	7.1000	230.5400	0.2434	21.2900	53.9115	NOT CONNECTED	0.0000	500.0000	0.0000	2524.7631	-0.0699	-0.0000	0.0351	0.0351	-2.2829	-0.2433	-2.4011	-0.1506	-12.8005	36.3925	317.9021	21.4921	76.6849	1.6247	1.2962	84.0948
115.4521	2216.0000	0.0420	1.2910	0.0000	47.9930	18.7500	230.5590	0.3455	32.2700	53.9753	NOT CONNECTED	0.0000	500.0000	0.0000	2246.9744	-0.0415	-0.0000	0.0348	0.0349	-2.3175	-0.1249	-1.4554	0.0220	-13.3251	29.6794	317.7453	23.9747	76.7625	0.8928	1.2987	84.1850
115.6884	2216.0000	0.0420	1.2910	0.0000	47.9930	18.7500	230.5590	0.3455	32.2700	53.9753	NOT CONNECTED	0.0000	500.0000	0.0000	2246.9744	-0.0415	-0.0000	0.0348	0.0349	-2.3175	-0.1249	-1.4554	0.0220	-13.3251	29.6794	317.7453	23.9747	76.7625	0.8928	1.2987	84.1850
116.4392	1838.0000	0.0380	1.2926	0.0000	38.7680	21.7300	230.5890	0.3689	34.9600	54.0197	NOT CONNECTED	0.0000	500.0000	0.0000	1655.3199	0.0141	-0.0000	0.0347	0.0348	-1.1568	0.0169	-1.2011	-0.0721	-10.0301	-8.6839	317.8948	28.0874	76.9124	1.0006	1.2892	84.2690
116.6316	1838.0000	0.0380	1.2926	0.0000	38.7680	21.7300	230.5890	0.3689	34.9600	54.0197	NOT CONNECTED	0.0000	500.0000	0.0000	1655.3199	0.0141	-0.0000	0.0347	0.0348	-1.1568	0.0169	-1.2011	-0.0721	-10.0301	-8.6839	317.8948	28.0874	76.9124	1.0006	1.2892	84.2690
117.1757	1463.0000	0.0370	1.2882	0.0000	34.3360	22.5200	230.6030	0.3742	35.6900	54.0480	NOT CONNECTED	0.0000	500.0000	0.0000	1346.6780	-0.1502	-0.0000	0.0347	0.0355	-1.7609	-0.7157	-1.3426	-0.0654	-7.4198	21.8410	317.5915	22.9702	76.9828	1.1344	1.2936	84.2690
117.2370	1463.0000	0.0370	1.2882	0.0000	34.3360	22.5200	230.6030	0.3742	35.6900	54.0480	NOT CONNECTED	0.0000	500.0000	0.0000	1346.6780	-0.1502	-0.0000	0.0347	0.0355	-1.7609	-0.7157	-1.3426	-0.0654	-7.4198	21.8410	317.5915	22.9702	76.9828	1.1344	1.2936	84.2690
117.8416	1081.0000	0.0440	1.2779	0.0000	25.5200	24.3800	230.6310	0.3877	37.2300	54.1087	NOT CONNECTED	0.0000	500.0000	0.0000	929.9928	-0.1373	0.0517	0.0352	0.0356	-1.3921	-0.6471	-2.1693	-0.3697	-9.8350	8.3551	317.6619	21.7741	77.0516	2.2983	1.2892	84.3493
117.9333	1081.0000	0.0440	1.2779	0.0000	25.5200	24.3800	230.6310	0.3877	37.2300	54.1087	NOT CONNECTED	0.0000	500.0000	0.0000	929.9928	-0.1373	0.0517	0.0352	0.0356	-1.3921	-0.6471	-2.1693	-0.3697	-9.8350	8.3551	317.6619	21.7741	77.0516	2.2983	1.2892	84.3493
118.4480	677.0000	0.0460	1.2262	0.0000	20.4440	22.6300	230.6490	0.3721	35.1300	54.1593	NOT CONNECTED	0.0000	500.0000	0.0000	614.7904	-0.0529	0.1286	0.0355	0.0351	-1.2678	-0.2712	-1.8708	-0.1481	-12.1775	7.3299	317.5887	27.1672	77.0927	2.0075	1.2145	84.4232
118.6773	677.0000	0.0460	1.2262	0.0000	20.4440	22.6300	230.6490	0.3721	35.1300	54.1593	NOT CONNECTED	0.0000	500.0000	0.0000	614.7904	-0.0529	0.1286	0.0355	0.0351	-1.2678	-0.2712	-1.8708	-0.1481	-12.1775	7.3299	317.5887	27.1672	77.0927	2.0075	1.2145	84.4232
119.0531	677.0000	0.0460	1.2262	0.0000	20.4440	22.6300	230.6490	0.3721	35.1300	54.1593	NOT CONNECTED	0.0000	500.0000	0.0000	324.3310	-0.0645	0.0611	0.0357	0.0349	-1.8220	-0.2958	-2.0246	-0.1056	-8.9679	3.1180	317.6140	23.5648	77.1100	2.0457	1.1867	84.4232
119.4399	294.0000	0.0470	1.1849	0.0000	14.1020	23.9800	230.6790	0.3793	36.1400	54.1831	NOT CONNECTED	0.0000	500.0000	0.0000	0.0000	0.0000	0.0000	0.0672	0.0352	-1.9845	0.2081	-1.9935	0.0865	-12.8193	4.2445	321.6910	0.0000	77.0854	1.9954	0.0706	84.4777
119.6586	294.0000	0.0470	1.1849	0.0000	14.1020	23.9800	230.6790	0.3793	36.1400	54.1831	NOT CONNECTED	0.0000	500.0000	0.0000	0.0000	0.0000	0.0000	0.0672	0.0352	-1.9845	0.2081	-1.9935	0.0865	-12.8193	4.2445	321.6910	0.0000	77.0854	1.9954	0.0706	84.4777
120.1852	9.0000	0.0030	0.3211	0.0000	3.3550	0.5800	230.7140	0.0962	3.9100	54.2235	NOT CONNECTED	0.0000	500.0000	0.0000	0.0000	0.0000	0.0000	0.0672	0.0352	-1.9845	0.2081	-1.9935	0.0865	-12.8193	4.2445	321.6964	0.0000	76.7917	1.9954	0.0053	84.4777
120.2651	9.0000	0.0030	0.3211	0.0000	3.3550	0.5800	230.7140	0.0962	3.9100	54.2235	NOT CONNECTED	0.0000	500.0000	0.0000	0.0000	0.0000	0.0000	0.0672	0.0352	-1.9845	0.2081	-1.9935	0.0865	-12.8193	4.2445	321.6964	0.0000	76.7917	1.9954	0.0053	84.4777
120.8706	0.0000	-0.0060	0.0080	0.0000	0.6970	-0.0300	230.7320	0.0309	1.7700	54.2390	NOT CONNECTED	0.0000	500.0000	0.0000	0.0000	0.0000	0.0000	0.0672	0.0352	-1.9845	0.2081	-1.9935	0.0865	-12.8193	4.2445	321.7316	0.0000	76.5072	1.9954	0.0056	84.4684
120.9281	0.0000	-0.0060	0.0080	0.0000	0.6970	-0.0300	230.7320	0.0309	1.7700	54.2390	NOT CONNECTED	0.0000	500.0000	0.0000	0.0000	0.0000	0.0000	0.0672	0.0352	-1.9845	0.2081	-1.9935	0.0865	-12.8193	4.2445	321.7316	0.0000	76.5072	1.9954	0.0056	84.4684
121.4765	0.0000	-0.0000	0.0080	0.0000	0.6970	-0.0300	230.7430	0.0309	1.7700	54.2533	NOT CONNECTED	0.0000	500.0000	0.0000	0.0000	0.0000	0.0000	0.0672	0.0352	-1.9845	0.2081	-1.9935	0.0865	0.0000	0.0000	321.7343	0.0000	76.2350	1.9954	0.0047	84.3745
121.6751	0.0000	-0.0000	0.0080	0.0000	0.6970	-0.0300	230.7430	0.0309	1.7700	54.2533	NOT CONNECTED	0.0000	500.0000	0.0000	0.0000	0.0000	0.0000	0.0672	0.0352	-1.9845	0.2081	-1.9935	0.0865	0.0000	0.0000	321.7343	0.0000	76.2350	1.9954	0.0047	84.3745
122.0820	0.0000	-0.0010	0.0080	0.0000	0.6970	-0.0300	230.7690	0.0000	1.6500	54.2321	NOT CONNECTED	0.0000	500.0000	0.0000	0.0000	0.0000	0.0000	0.0672	0.0352	-1.9845	0.2081	-1.9935	0.0865	0.0000	0.0000	321.7830	0.0000	75.9740	1.9954	0.0047	84.3745
122.4202	0.0000	-0.0010	0.0080	0.0000	0.6970	-0.0300	230.7690	0.0000	1.6500	54.2321	NOT CONNECTED	0.0000	500.0000	0.0000	0.0000	0.0000	0.0000	0.0672	0.0352	-1.9845	0.2081	-1.9935	0.0865	0.0000	0.0000	321.7952	0.0000	75.7231	1.9954	0.0048	84.2809
122.6865	NOT CONNECTED	NOT CONNECTED	NOT CONNECTED	NOT CONNECTED	NOT CONNECTED	NOT CONNECTED	NOT CONNECTED	NOT CONNECTED	NOT CONNECTED	NOT CONNECTED	NOT CONNECTED	0.0000	500.0000	0.0000	0.0000	0.0000	0.0000	0.0672	0.0352	-1.9845	0.2081	-1.9935	0.0865	0.0000	0.0000	321.7952	0.0000	75.7231	1.9954	0.0048	84.2809
123.2927	NOT CONNECTED	NOT CONNECTED	NOT CONNECTED	NOT CONNECTED	NOT CONNECTED	NOT CONNECTED	NOT CONNECTED	NOT CONNECTED	NOT CONNECTED	NOT CONNECTED	NOT CONNECTED	0.0000	500.0000	0.0000	0.0000	0.0000	0.0000	0.0672	0.0352	-1.9845	0.2081	-1.9935	0.0865	0.0000	0.0000	321.8344	0.0000	75.4719	1.9954	0.0049	84.2809
123.8989	NOT CONNECTED	NOT CONNECTED	NOT CONNECTED	NOT CONNECTED	NOT CONNECTED	NOT CONNECTED	NOT CONNECTED	NOT CONNECTED	NOT CONNECTED	NOT CONNECTED	NOT CONNECTED	0.0000	500.0000	0.0000	0.0000	0.0000	0.0000	0.0672	0.0352	-1.9845	0.2081	-1.9935	0.0865	0.0000	0.0000	321.8452	0.0000	75.2397	1.9954	0.0046	84.1877
