WindyBPMp50_OrcaH34_Dyno_High_Speed_Power__18000rpm__264Vac_40C_20240917_134028
Report created on: 2024/09/17: 13:45:09


Step N. = 	0
Target Speed = 	18000

Speed Mainboard (rpm_M)	Speed TestBench (rpm_M)	Speed Error (rpm_M)	Speed Error %	Torque TestBench (Nm_M)	Torque Ref (Nm)	Torque MainBoard (Nm_M)	Torque MainBoard Error (Nm_M)	Torque MainBoard Error %	Flux Ref (V/rad/s)	Flux (V/rad/s)	Id * Iq (A^2)	Id (Apeak)	Iq (Apeak)	Id Rotor (Apeak)	Iq Rotor (Apeak)	IMotor Measured (Arms)	IMotor MainBoard (Arms)	IMotor Error (Arms)	IMotor Error %	Motor Current THD %	Vsdref (Vpeak)	Vsqref (Vpeak)	Vout MainBoard (Vrms)	Vout Measured (Vrms)	Vout Error (Vrms)	Vout Error %	Motor Power MainBoard (W)	Motor Power Measured (W)	Motor Power Error (W)	Motor Power Error %	Line Voltage (Vrms)	Line Current (Arms)	Line Power (W)	Line Power Factor	Bulk Ripple (V)	DC Bus Voltage (Vrms)	Motor Mechanical Power (W)	Motor Efficiency	Inverter Efficiency	Overall Efficiency	Temperature (deg C)	Estimated Temperature (deg C)	Motor cos-phi	Electrical Power Alpha-Beta [W]	Electrical Power Error [W]	Electrical Power Error [%]	Bus Voltage Usage [%]	Rotational Losses [W]	Kt [Nm/Arms]	
17959.5089	17959.5089	0.0000	0.0000	0.2184	0.2762	0.2266	-0.0081	-3.7306	0.0238	0.0218	-2.5966	-1.9180	1.3471	-3.3866	0.4158	2.2412	2.2327	0.0085	0.3801	0.0000	-5.1303	217.0768	266.4055	239.9994	-26.4060	-11.0025	452.8978	558.2311	105.3333	18.8691	264.1130	3.0221	590.6456	0.7400	nan	235.9124	410.8317	73.6086	94.5131	69.5706	43.8982	55.1507	0.5995	612.7907	-54.5596	-9.7737	101.7323	58.2086	0.0975	
18020.2460	18020.2460	0.0000	0.0000	0.2336	0.2608	0.2160	0.0176	7.5210	0.0236	0.0232	-2.5033	-2.0331	1.2421	-3.6358	0.4045	2.2223	2.1895	0.0329	1.4782	0.0000	-22.7040	211.8838	261.2076	239.0487	-22.1589	-9.2696	458.4694	606.9000	148.4306	24.4572	264.0459	3.2624	641.6543	0.7449	nan	235.0333	440.7687	72.6297	94.5840	68.6962	45.5515	56.0479	0.6596	658.5038	-51.6038	-8.5029	101.7084	77.8915	0.1051	
18022.4830	18022.4830	0.0000	0.0000	0.2483	0.2688	0.2305	0.0178	7.1871	0.0231	0.0229	-3.8742	-2.3504	1.5219	-2.7129	0.3807	2.2267	2.1950	0.0318	1.4261	0.0000	-24.7429	211.1488	260.4527	238.8554	-21.5972	-9.0420	575.1407	625.4778	50.3371	8.0478	264.1694	3.3534	661.0933	0.7463	nan	235.0327	468.6839	74.9334	94.6127	70.8967	46.9783	57.0332	0.6790	676.0046	-50.5268	-8.0781	101.6265	67.7368	0.1115	
18004.0575	18004.0575	0.0000	0.0000	0.2614	0.2900	0.2858	-0.0243	-9.3017	0.0223	0.0234	-4.7575	-2.2086	2.1464	-2.9180	0.3844	2.1662	2.1638	0.0024	0.1109	0.0000	-15.9861	208.2494	255.8761	238.8444	-17.0316	-7.1308	729.5241	631.0267	-98.4974	-15.6091	264.3457	3.3730	666.0589	0.7470	nan	234.9910	492.9224	78.1149	94.7404	74.0064	48.4204	57.9245	0.7042	685.0547	-54.0280	-8.5619	101.6398	53.3753	0.1207	
18010.7684	18010.7684	0.0000	0.0000	0.2747	0.2995	0.2820	-0.0073	-2.6713	0.0220	0.0231	-4.8185	-2.2781	2.1406	-2.6938	0.4202	2.1826	2.1791	0.0034	0.1571	0.0000	-10.4729	212.4572	260.6961	238.3853	-22.3108	-9.3591	721.5049	664.6278	-56.8772	-8.5577	264.5371	3.5384	701.4822	0.7494	nan	234.7356	518.0448	77.9467	94.7462	73.8516	49.7077	58.8218	0.7375	715.1543	-50.5265	-7.6022	101.5548	60.1577	0.1258	
17980.9761	17980.9761	0.0000	0.0000	0.2893	0.3453	0.3052	-0.0159	-5.4901	0.0216	0.0227	-4.5160	-1.9791	2.2897	-2.9957	0.4688	2.2014	2.1957	0.0057	0.2594	0.0000	-13.4489	204.7050	251.3402	237.1664	-14.1737	-5.9763	747.6836	711.3800	-36.3036	-5.1033	264.7873	3.7666	751.1386	0.7531	nan	234.2289	544.7125	76.5712	94.7069	72.5183	50.8327	59.8302	0.7867	764.3095	-52.9295	-7.4404	101.2542	78.3804	0.1314	
18000.9964	18000.9964	0.0000	0.0000	0.3035	0.3419	0.3482	-0.0447	-14.7225	0.0212	0.0227	-5.1647	-1.8630	2.7700	-3.1660	0.4711	2.2120	2.1991	0.0129	0.5846	0.0000	-7.2950	203.0324	249.0766	236.4967	-12.5798	-5.3192	862.9643	729.0875	-133.8768	-18.3622	264.9362	3.8546	769.8350	0.7538	nan	234.0904	572.1178	78.4716	94.7070	74.3181	51.8711	60.7854	0.8046	783.0244	-53.9369	-7.3979	101.0279	67.4905	0.1372	
17997.0359	17997.0359	0.0000	0.0000	0.3152	0.3522	0.3450	-0.0297	-9.4332	0.0218	0.0230	-4.7080	-1.7701	2.6558	-3.0584	0.5018	2.2282	2.2200	0.0082	0.3690	0.0000	-17.7514	204.0991	251.1482	236.1888	-14.9594	-6.3337	856.2786	746.9556	-109.3230	-14.6358	264.9800	3.9434	788.7989	0.7549	nan	233.9036	594.0807	79.5334	94.6953	75.3144	52.9228	61.8300	0.8195	802.6928	-55.7373	-7.4619	100.9770	61.7370	0.1415	
17994.1304	17994.1304	0.0000	0.0000	0.3311	0.3751	0.3381	-0.0070	-2.1093	0.0227	0.0217	-4.7935	-1.9754	2.4528	-3.2850	0.4854	2.2649	2.2557	0.0091	0.4038	0.0000	-14.5881	210.6391	258.6374	234.7476	-23.8899	-10.1768	817.4275	786.3089	-31.1186	-3.9576	264.9799	4.1442	831.1811	0.7569	nan	233.3577	623.9268	79.3491	94.6014	75.0654	53.9496	62.9047	0.8539	851.6419	-65.3330	-8.3088	100.5956	67.8697	0.1462	
17999.3924	17999.3924	0.0000	0.0000	0.3435	0.3944	0.3830	-0.0395	-11.5090	0.0221	0.0214	-4.9608	-1.7128	2.9291	-3.3295	0.5538	2.3174	2.3056	0.0119	0.5125	0.0000	-13.1448	210.9437	258.9706	233.1273	-25.8433	-11.0855	957.0866	832.2975	-124.7891	-14.9933	264.8975	4.3857	881.0550	0.7584	nan	232.7510	647.4605	77.7936	94.4660	73.4885	54.9459	64.1004	0.8894	895.0786	-62.7811	-7.5431	100.1617	85.5299	0.1482	
18003.0974	18003.0974	0.0000	0.0000	0.3578	0.4036	0.3873	-0.0295	-8.2445	0.0221	0.0208	-4.5406	-1.5843	2.9317	-3.3508	0.5393	2.3450	2.3588	-0.0138	-0.5866	0.0000	-13.2609	211.1439	259.1622	232.1686	-26.9937	-11.6268	960.5781	853.4978	-107.0803	-12.5461	264.7016	4.5006	903.9978	0.7588	nan	232.4092	674.5115	79.0293	94.4137	74.6145	55.9487	65.3126	0.9051	915.2898	-61.7920	-7.2399	99.8965	76.9362	0.1526	
17996.6795	17996.6795	0.0000	0.0000	0.3747	0.4190	0.4162	-0.0415	-11.0845	0.0207	0.0213	-2.8866	-0.9018	3.3487	-3.2827	0.5830	2.3741	2.3646	0.0096	0.4030	0.0000	-5.9813	202.0621	247.7038	231.0030	-16.7008	-7.2297	1023.0148	873.0078	-150.0070	-17.1828	264.4513	4.6123	925.3733	0.7587	nan	231.8754	706.1011	80.8842	94.3413	76.3073	57.0587	66.5244	0.9190	935.8930	-62.8852	-7.2033	99.6238	61.8881	0.1578	
17992.9112	17992.9112	0.0000	0.0000	0.3878	0.4588	0.4416	-0.0538	-13.8695	0.0217	0.0202	-2.3772	-0.7782	3.3453	-3.6229	0.5531	2.5225	2.5362	-0.0137	-0.5428	0.0000	-8.7665	219.2212	268.9720	230.3891	-38.5829	-16.7468	1114.5456	936.2411	-178.3045	-19.0447	264.1208	5.4435	1002.8689	0.6976	nan	233.2501	730.6552	78.0468	93.3578	72.8634	58.2149	68.1080	0.9301	992.5879	-56.3468	-6.0184	98.7735	86.5460	0.1537	
18001.1373	18001.1373	0.0000	0.0000	0.4012	0.4094	0.4327	-0.0315	-7.8503	0.0206	0.0192	-2.3182	-0.7306	3.4277	-3.9051	0.6490	2.6055	2.6227	-0.0173	-0.6636	0.0000	3.5443	212.9344	261.1545	229.0199	-32.1347	-14.0314	1087.2360	968.2556	-118.9805	-12.2881	263.9081	5.6433	1039.9222	0.6983	nan	232.4015	756.3339	78.1132	93.1085	72.7300	59.4493	69.9557	0.9369	1028.2219	-59.9663	-6.1932	98.5449	84.3632	0.1540	
17998.2629	17998.2629	0.0000	0.0000	0.4146	0.5095	0.4190	-0.0045	-1.0735	0.0191	0.0219	5.5122	1.4107	3.8345	-3.7690	0.6386	2.6308	2.6628	-0.0320	-1.2158	0.0000	-3.5537	213.1724	261.3559	228.2482	-33.1077	-14.5051	1219.2898	991.2144	-228.0754	-23.0097	263.8947	5.5694	1061.9789	0.7226	nan	231.5903	781.3431	78.8291	93.3364	73.5762	60.7821	71.5964	0.9530	1070.1007	-78.8863	-7.9586	98.5570	79.2062	0.1576	
17885.6594	17885.6594	0.0000	0.0000	0.4305	0.4625	0.4686	-0.0381	-8.8453	0.0203	0.0202	-0.1162	-0.0554	3.8241	-3.8899	0.6210	2.7115	2.7440	-0.0324	-1.1965	0.0000	0.9114	189.6201	232.9791	227.9882	-4.9908	-2.1891	1102.2983	1031.9125	-70.3858	-6.8209	264.0275	5.5335	1103.8250	0.7555	nan	230.7686	806.3203	78.1460	93.4853	73.0553	62.1496	73.2363	0.9637	1096.8420	-64.9295	-6.2922	98.7952	86.1176	0.1588	
17487.2342	17487.2342	0.0000	0.0000	0.4463	0.4922	0.4861	-0.0398	-8.9109	0.0214	0.0208	3.6827	0.9620	3.8391	-3.8316	0.6951	2.7329	2.7628	-0.0299	-1.0953	0.0000	9.5162	215.6709	264.4550	228.1756	-36.2794	-15.8998	1256.7300	1042.1256	-214.6045	-20.5930	264.3856	5.5800	1115.4667	0.7561	nan	231.0518	817.3421	78.4308	93.4251	73.2740	63.5948	74.7654	0.9649	1098.8488	-56.7233	-5.4430	98.7552	82.3800	0.1633	
17081.5302	17081.5302	0.0000	0.0000	0.4620	0.5224	0.4956	-0.0336	-7.2689	0.0212	0.0221	2.7451	0.6698	3.9376	-3.6649	0.6570	2.7467	2.7952	-0.0485	-1.7656	0.0000	9.2380	200.1183	245.5225	227.9277	-17.5948	-7.7195	1194.0840	1045.3814	-148.7026	-14.2247	264.6766	5.6006	1119.5600	0.7553	nan	231.2746	826.4051	79.0531	93.3744	73.8153	65.1193	76.2375	0.9641	1108.1450	-62.7636	-6.0039	98.5529	74.3641	0.1682	
16838.2754	16838.2754	0.0000	0.0000	0.4722	0.5204	0.5062	-0.0340	-7.1922	0.0224	0.0224	1.6180	0.4530	3.6375	-3.9131	0.6158	2.7697	2.8091	-0.0394	-1.4241	0.0000	10.7393	202.4749	248.5561	228.2383	-20.3177	-8.9020	1112.4512	1053.7900	-58.6612	-5.5667	264.8341	5.6413	1129.4856	0.7560	nan	231.3529	832.6601	79.0162	93.2983	73.7208	66.6333	77.6317	0.9625	1128.9926	-75.2026	-7.1364	98.6537	73.3210	0.1705	
16475.5992	16475.5992	0.0000	0.0000	0.4862	0.5372	0.4922	-0.0059	-1.2206	0.0213	0.0230	1.7511	0.4428	3.7870	-4.0834	0.7182	2.7903	2.8353	-0.0449	-1.6106	0.0000	16.3308	204.4406	251.9150	227.9805	-23.9345	-10.4985	1181.5905	1061.1425	-120.4480	-11.3508	264.8720	5.6821	1138.0900	0.7562	nan	231.2516	838.9297	79.0596	93.2390	73.7144	68.1325	78.9869	0.9631	1115.8523	-54.7098	-5.1557	98.5855	71.4129	0.1743	

Torque compensated Offset = 	0
Mean Torque Mainboard Error perc = 	-5.990989225149409


