Time	speed	torque	motor_current	motor_current_thd	motor_voltage	motor_power	line_voltage	line_current	line_power	motor_temperature	Test_Marker	BD_Target_Speed	BD_Target_Accel	BD_Update_Cmd	Mcl_Quantities.Speed_Rot_Mech	Mcl_Quantities.Torque	Mcl_Quantities.Torque_Ref	Mcl_Quantities.Stator_Flux_Mag	Mcl_Quantities.Flux_Ref	Mcl_Quantities.Id_stator_current	Mcl_Quantities.Iq_stator_current	Mcl_Quantities.Id_rotor_current	Rotor_Curr_Iq	Flux_Controller.Out	Torque_Controller.Out	DC_Bus_RMS	Mcl_Quantities.Electrical_Power	Mcl_Quantities.Stator_Temperature	Mcl_Quantities.Is_Abs	Mcl_Quantities.IsRMS	SR_Overheating_Temp
0.7350	0.0000	-0.0410	0.0065	0.0000	0.0000	-0.0200	230.5980	0.0000	1.2800	79.7969	NOT CONNECTED	NOT CONNECTED	NOT CONNECTED	NOT CONNECTED	NOT CONNECTED	NOT CONNECTED	NOT CONNECTED	NOT CONNECTED	NOT CONNECTED	NOT CONNECTED	NOT CONNECTED	NOT CONNECTED	NOT CONNECTED	NOT CONNECTED	NOT CONNECTED	NOT CONNECTED	NOT CONNECTED	NOT CONNECTED	NOT CONNECTED	NOT CONNECTED	NOT CONNECTED
1.4782	0.0000	-0.0410	0.0065	0.0000	0.0000	-0.0200	230.5260	0.0000	1.2900	79.6487	NOT CONNECTED	NOT CONNECTED	NOT CONNECTED	NOT CONNECTED	NOT CONNECTED	NOT CONNECTED	NOT CONNECTED	NOT CONNECTED	NOT CONNECTED	NOT CONNECTED	NOT CONNECTED	NOT CONNECTED	NOT CONNECTED	NOT CONNECTED	NOT CONNECTED	NOT CONNECTED	NOT CONNECTED	NOT CONNECTED	NOT CONNECTED	NOT CONNECTED	NOT CONNECTED
1.5427	0.0000	-0.0410	0.0065	0.0000	0.0000	-0.0200	230.5260	0.0000	1.2900	79.6487	NOT CONNECTED	0.0000	500.0000	0.0000	0.0000	0.0000	0.0000	0.0931	0.0532	-1.7175	0.2758	-1.7342	0.1355	0.0000	0.0000	321.0267	0.0000	90.9331	1.7395	0.0052	81.4188
2.1468	0.0000	-0.0400	0.0065	0.0000	0.0000	-0.0200	230.4980	0.0000	1.2900	79.4996	NOT CONNECTED	0.0000	500.0000	0.0000	0.0000	0.0000	0.0000	0.0931	0.0532	-1.7175	0.2758	-1.7342	0.1355	0.0000	0.0000	321.0253	0.0000	90.8516	1.7395	0.0053	81.3585
2.2219	0.0000	-0.0400	0.0065	0.0000	0.0000	-0.0200	230.4980	0.0000	1.2900	79.4996	NOT CONNECTED	0.0000	500.0000	0.0000	0.0000	0.0000	0.0000	0.0931	0.0532	-1.7175	0.2758	-1.7342	0.1355	0.0000	0.0000	321.0253	0.0000	90.8516	1.7395	0.0053	81.3585
2.7364	0.0000	-0.0400	0.0065	0.0000	0.0000	-0.0200	230.4980	0.0000	1.2900	79.4996	NOT CONNECTED	0.0000	500.0000	0.0000	0.0000	0.0000	0.0000	0.0931	0.0532	-1.7175	0.2758	-1.7342	0.1355	0.0000	0.0000	320.9888	0.0000	90.7762	1.7395	0.0056	81.2983
3.3418	0.0000	-0.0400	0.0065	0.0000	0.0000	-0.0200	230.4980	0.0000	1.2900	79.4996	NOT CONNECTED	0.0000	500.0000	0.0000	0.0000	0.0000	0.0000	0.0931	0.0532	-1.7175	0.2758	-1.7342	0.1355	0.0000	0.0000	320.9929	0.0000	90.7062	1.7395	0.0051	81.2983
3.9476	0.0000	-0.0410	0.0065	0.0000	0.0000	-0.0200	230.5020	0.0000	1.3000	78.9999	NOT CONNECTED	0.0000	500.0000	0.0000	0.0000	0.0000	0.0000	0.0931	0.0532	-1.7175	0.2758	-1.7342	0.1355	0.0000	0.0000	321.0105	0.0000	90.6411	1.7395	0.0052	81.2382
4.4885	0.0000	-0.0410	0.0065	0.0000	0.0000	-0.0200	230.5020	0.0000	1.3000	78.9999	NOT CONNECTED	0.0000	500.0000	0.0000	0.0000	0.0000	0.0000	0.0931	0.0532	-1.7175	0.2758	-1.7342	0.1355	0.0000	0.0000	321.0659	0.0000	90.5804	1.7395	0.0053	81.2382
4.5375	0.0000	-0.0410	0.0065	0.0000	0.0000	-0.0200	230.5020	0.0000	1.3000	78.9999	NOT CONNECTED	0.0000	500.0000	0.0000	0.0000	0.0000	0.0000	0.0931	0.0532	-1.7175	0.2758	-1.7342	0.1355	0.0000	0.0000	321.0659	0.0000	90.5804	1.7395	0.0053	81.2382
5.1269	0.0000	-0.0410	0.0065	0.0000	0.0000	-0.0200	230.5280	0.0000	1.2900	78.8344	NOT CONNECTED	0.0000	500.0000	0.0000	0.0000	0.0000	0.0000	0.0931	0.0532	-1.7175	0.2758	-1.7342	0.1355	0.0000	0.0000	321.1755	0.0000	90.5257	1.7395	0.0055	81.1784
5.2202	0.0000	-0.0410	0.0065	0.0000	0.0000	-0.0200	230.5280	0.0000	1.2900	78.8344	NOT CONNECTED	0.0000	500.0000	0.0000	0.0000	0.0000	0.0000	0.0931	0.0532	-1.7175	0.2758	-1.7342	0.1355	0.0000	0.0000	321.1755	0.0000	90.5257	1.7395	0.0055	81.1784
5.7318	0.0000	-0.0410	0.0065	0.0000	0.0000	-0.0200	230.6010	0.0000	1.2800	78.6571	NOT CONNECTED	0.0000	500.0000	0.0000	0.0000	0.0000	0.0000	0.0931	0.0532	-1.7175	0.2758	-1.7342	0.1355	0.0000	0.0000	321.2039	0.0000	90.4721	1.7395	0.0052	81.1186
5.9558	0.0000	-0.0410	0.0065	0.0000	0.0000	-0.0200	230.6010	0.0000	1.2800	78.6571	NOT CONNECTED	0.0000	500.0000	0.0000	0.0000	0.0000	0.0000	0.0931	0.0532	-1.7175	0.2758	-1.7342	0.1355	0.0000	0.0000	321.2039	0.0000	90.4721	1.7395	0.0052	81.1186
6.3380	0.0000	-0.0410	0.0065	0.0000	0.0000	-0.0200	230.6440	0.0000	1.2800	78.5285	NOT CONNECTED	0.0000	500.0000	0.0000	0.0000	0.0000	0.0000	0.0931	0.0532	-1.7175	0.2758	-1.7342	0.1355	0.0000	0.0000	321.2621	0.0000	90.4216	1.7395	0.0051	81.1186
6.6996	0.0000	-0.0410	0.0065	0.0000	0.0000	-0.0200	230.6440	0.0000	1.2800	78.5285	NOT CONNECTED	0.0000	500.0000	0.0000	0.0000	0.0000	0.0000	0.0931	0.0532	-1.7175	0.2758	-1.7342	0.1355	0.0000	0.0000	321.3216	0.0000	90.3719	1.7395	0.0053	81.0590
6.9433	0.0000	-0.0410	0.0065	0.0000	0.0000	-0.0200	230.6440	0.0000	1.2800	78.5285	NOT CONNECTED	0.0000	500.0000	0.0000	0.0000	0.0000	0.0000	0.0931	0.0532	-1.7175	0.2758	-1.7342	0.1355	0.0000	0.0000	321.3216	0.0000	90.3719	1.7395	0.0053	81.0590
7.4503	0.0000	-0.0410	0.0065	0.0000	0.0000	-0.0200	230.7330	0.0000	1.2900	78.3983	NOT CONNECTED	0.0000	500.0000	0.0000	0.0000	0.0000	0.0000	0.0931	0.0532	-1.7175	0.2758	-1.7342	0.1355	0.0000	0.0000	321.4109	0.0000	90.3248	1.7395	0.0054	81.0590
7.5648	0.0000	-0.0410	0.0065	0.0000	0.0000	-0.0200	230.7330	0.0000	1.2900	78.3983	NOT CONNECTED	0.0000	500.0000	0.0000	0.0000	0.0000	0.0000	0.0931	0.0532	-1.7175	0.2758	-1.7342	0.1355	0.0000	0.0000	321.4109	0.0000	90.3248	1.7395	0.0054	81.0590
8.1855	0.0000	-0.0410	0.0065	0.0000	0.0000	-0.0200	230.7770	0.0000	1.3000	78.1988	NOT CONNECTED	0.0000	500.0000	0.0000	0.0000	0.0000	0.0000	0.0931	0.0532	-1.7175	0.2758	-1.7342	0.1355	0.0000	0.0000	321.5367	0.0000	90.2818	1.7395	0.0054	80.9996
8.1899	0.0000	-0.0410	0.0065	0.0000	0.0000	-0.0200	230.7770	0.0000	1.3000	78.1988	NOT CONNECTED	0.0000	500.0000	0.0000	0.0000	0.0000	0.0000	0.0931	0.0532	-1.7175	0.2758	-1.7342	0.1355	0.0000	0.0000	321.5367	0.0000	90.2818	1.7395	0.0054	80.9996
8.7924	0.0000	-0.0410	0.0065	0.0000	0.0000	-0.0200	230.8140	0.0000	1.3100	78.0783	NOT CONNECTED	0.0000	500.0000	0.0000	0.0000	0.0000	0.0000	0.0931	0.0532	-1.7175	0.2758	-1.7342	0.1355	0.0000	0.0000	321.5664	0.0000	90.2391	1.7395	0.0056	80.9403
8.9532	0.0000	-0.0410	0.0065	0.0000	0.0000	-0.0200	230.8140	0.0000	1.3100	78.0783	NOT CONNECTED	0.0000	500.0000	0.0000	0.0000	0.0000	0.0000	0.0931	0.0532	-1.7175	0.2758	-1.7342	0.1355	0.0000	0.0000	321.5664	0.0000	90.2391	1.7395	0.0056	80.9403
9.3969	0.0000	-0.0410	0.0065	0.0000	0.0000	-0.0200	230.8730	0.0000	1.3100	77.9302	NOT CONNECTED	0.0000	500.0000	0.0000	0.0000	0.0000	0.0000	0.0931	0.0532	-1.7175	0.2758	-1.7342	0.1355	0.0000	0.0000	321.6084	0.0000	90.1999	1.7395	0.0051	80.9403
9.6922	0.0000	-0.0410	0.0065	0.0000	0.0000	-0.0200	230.8730	0.0000	1.3100	77.9302	NOT CONNECTED	0.0000	500.0000	0.0000	0.0000	0.0000	0.0000	0.0931	0.0532	-1.7175	0.2758	-1.7342	0.1355	0.0000	0.0000	321.6084	0.0000	90.1999	1.7395	0.0051	80.9403
10.0028	0.0000	-0.0410	0.0065	0.0000	0.0000	-0.0200	230.8730	0.0000	1.3100	77.9302	NOT CONNECTED	0.0000	500.0000	0.0000	0.0000	0.0000	0.0000	0.0931	0.0532	-1.7175	0.2758	-1.7342	0.1355	0.0000	0.0000	321.6043	0.0000	90.1623	1.7395	0.0054	80.8811
10.4478	0.0000	-0.0410	0.0065	0.0000	0.0000	-0.0200	230.8930	0.0000	1.3200	77.7538	NOT CONNECTED	0.0000	500.0000	0.0000	0.0000	0.0000	0.0000	0.0931	0.0532	-1.7175	0.2758	-1.7342	0.1355	0.0000	0.0000	321.6043	0.0000	90.1262	1.7395	0.0054	80.8811
10.6079	0.0000	-0.0410	0.0065	0.0000	0.0000	-0.0200	230.8930	0.0000	1.3200	77.7538	NOT CONNECTED	0.0000	500.0000	0.0000	0.0000	0.0000	0.0000	0.0931	0.0532	-1.7175	0.2758	-1.7342	0.1355	0.0000	0.0000	321.6043	0.0000	90.1262	1.7395	0.0054	80.8811
11.1908	0.0000	-0.0410	0.0065	0.0000	0.0000	-0.0200	230.9050	0.0000	1.3200	77.6296	NOT CONNECTED	0.0000	500.0000	0.0000	0.0000	0.0000	0.0000	0.0931	0.0532	-1.7175	0.2758	-1.7342	0.1355	0.0000	0.0000	321.5813	0.0000	90.0899	1.7395	0.0054	80.8221
11.2140	0.0000	-0.0410	0.0065	0.0000	0.0000	-0.0200	230.9050	0.0000	1.3200	77.6296	NOT CONNECTED	0.0000	500.0000	0.0000	0.0000	0.0000	0.0000	0.0931	0.0532	-1.7175	0.2758	-1.7342	0.1355	0.0000	0.0000	321.5813	0.0000	90.0899	1.7395	0.0054	80.8221
11.8043	0.0000	-0.0410	0.0065	0.0000	0.0000	-0.0200	230.8860	0.0000	1.3000	77.4781	NOT CONNECTED	0.0000	500.0000	0.0000	0.0000	0.0000	0.0000	0.0931	0.0532	-1.7175	0.2758	-1.7342	0.1355	0.0000	0.0000	321.5718	0.0000	90.0576	1.7395	0.0054	80.7633
11.9577	0.0000	-0.0410	0.0065	0.0000	0.0000	-0.0200	230.8860	0.0000	1.3000	77.4781	NOT CONNECTED	0.0000	500.0000	0.0000	0.0000	0.0000	0.0000	0.0931	0.0532	-1.7175	0.2758	-1.7342	0.1355	0.0000	0.0000	321.5718	0.0000	90.0576	1.7395	0.0054	80.7633
12.4094	0.0000	-0.0410	0.0065	0.0000	0.0000	-0.0200	230.8650	0.0000	1.3100	77.3295	NOT CONNECTED	0.0000	500.0000	0.0000	0.0000	0.0000	0.0000	0.0931	0.0532	-1.7175	0.2758	-1.7342	0.1355	0.0000	0.0000	321.5448	0.0000	90.0249	1.7395	0.0053	80.7633
12.6904	0.0000	-0.0410	0.0065	0.0000	0.0000	-0.0200	230.8650	0.0000	1.3100	77.3295	NOT CONNECTED	0.0000	500.0000	0.0000	0.0000	0.0000	0.0000	0.0931	0.0532	-1.7175	0.2758	-1.7342	0.1355	0.0000	0.0000	321.5448	0.0000	90.0249	1.7395	0.0053	80.7633
12.9990	0.0000	-0.0410	0.0065	0.0000	0.0000	-0.0200	230.8650	0.0000	1.3100	77.3295	NOT CONNECTED	0.0000	500.0000	0.0000	0.0000	0.0000	0.0000	0.0931	0.0532	-1.7175	0.2758	-1.7342	0.1355	0.0000	0.0000	321.4352	0.0000	89.9931	1.7395	0.0054	80.7046
13.6045	0.0000	-0.0410	0.0065	0.0000	0.0000	-0.0200	230.8060	0.0000	1.2900	77.1247	NOT CONNECTED	0.0000	500.0000	0.0000	0.0000	0.0000	0.0000	0.0931	0.0532	-1.7175	0.2758	-1.7342	0.1355	0.0000	0.0000	321.3690	0.0000	89.9621	1.7395	0.0052	80.7046
13.6615	0.0000	-0.0410	0.0065	0.0000	0.0000	-0.0200	230.8060	0.0000	1.2900	77.1247	NOT CONNECTED	0.0000	500.0000	0.0000	0.0000	0.0000	0.0000	0.0931	0.0532	-1.7175	0.2758	-1.7342	0.1355	0.0000	0.0000	321.3690	0.0000	89.9621	1.7395	0.0052	80.7046
14.2105	0.0000	-0.0410	0.0065	0.0000	0.0000	-0.0200	230.7660	0.0000	1.2900	76.9802	NOT CONNECTED	0.0000	500.0000	0.0000	0.0000	0.0000	0.0000	0.0931	0.0532	-1.7175	0.2758	-1.7342	0.1355	0.0000	0.0000	321.3081	0.0000	89.9319	1.7395	0.0055	80.6460
14.3997	0.0000	-0.0410	0.0065	0.0000	0.0000	-0.0200	230.7660	0.0000	1.2900	76.9802	NOT CONNECTED	0.0000	500.0000	0.0000	0.0000	0.0000	0.0000	0.0931	0.0532	-1.7175	0.2758	-1.7342	0.1355	0.0000	0.0000	321.3081	0.0000	89.9319	1.7395	0.0055	80.6460
14.8156	0.0000	-0.0410	0.0065	0.0000	0.0000	-0.0200	230.6720	0.0000	1.2800	76.8527	NOT CONNECTED	0.0000	500.0000	0.0000	0.0000	0.0000	0.0000	0.0931	0.0532	-1.7175	0.2758	-1.7342	0.1355	0.0000	0.0000	321.1945	0.0000	89.9024	1.7395	0.0053	80.5876
15.1391	0.0000	-0.0410	0.0065	0.0000	0.0000	-0.0200	230.6720	0.0000	1.2800	76.8527	NOT CONNECTED	8000.0000	500.0000	0.0000	0.0000	0.0000	0.0000	0.0931	0.0532	-1.7175	0.2758	-1.7342	0.1355	0.0000	0.0000	321.1512	0.0000	89.8724	1.7395	0.0051	80.5876
15.4367	0.0000	-0.0410	0.0065	0.0000	0.0000	-0.0200	230.6720	0.0000	1.2800	76.8527	NOT CONNECTED	8000.0000	500.0000	0.0000	0.0000	0.0000	0.0000	0.0931	0.0532	-1.7175	0.2758	-1.7342	0.1355	0.0000	0.0000	321.1512	0.0000	89.8724	1.7395	0.0051	80.5876
15.8715	0.0000	-0.0410	0.0065	0.0000	0.0000	-0.0200	230.6240	0.0000	1.2800	76.7206	NOT CONNECTED	8000.0000	500.0000	0.0000	0.0000	0.0000	0.0000	0.0931	0.0532	-1.7175	0.2758	-1.7342	0.1355	0.0000	0.0000	321.0659	0.0000	89.8429	1.7395	0.0053	80.5294
16.0415	0.0000	-0.0410	0.0065	0.0000	0.0000	-0.0200	230.6240	0.0000	1.2800	76.7206	NOT CONNECTED	8000.0000	500.0000	0.0000	0.0000	0.0000	0.0000	0.0931	0.0532	-1.7175	0.2758	-1.7342	0.1355	0.0000	0.0000	321.0659	0.0000	89.8429	1.7395	0.0053	80.5294
16.6012	0.0000	-0.0410	0.0065	0.0000	0.0000	-0.0200	230.5370	0.0000	1.2800	76.5763	NOT CONNECTED	8000.0000	500.0000	0.0000	0.0000	0.0000	0.0000	0.0931	0.0532	-1.7175	0.2758	-1.7342	0.1355	0.0000	0.0000	320.9888	0.0000	89.8151	1.7395	0.0052	80.4712
16.6637	0.0000	-0.0410	0.0065	0.0000	0.0000	-0.0200	230.5370	0.0000	1.2800	76.5763	NOT CONNECTED	8000.0000	500.0000	0.0000	0.0000	0.0000	0.0000	0.0931	0.0532	-1.7175	0.2758	-1.7342	0.1355	0.0000	0.0000	320.9888	0.0000	89.8151	1.7395	0.0052	80.4712
17.2691	0.0000	-0.0410	0.0065	0.0000	0.0000	-0.0200	230.5050	0.0000	1.3000	76.4435	NOT CONNECTED	8000.0000	500.0000	0.0000	0.0000	0.0000	0.0000	0.0931	0.0532	-1.7175	0.2758	-1.7342	0.1355	0.0000	0.0000	320.9685	0.0000	89.7879	1.7395	0.0053	80.4712
17.3304	0.0000	-0.0410	0.0065	0.0000	0.0000	-0.0200	230.5050	0.0000	1.3000	76.4435	NOT CONNECTED	8000.0000	500.0000	0.0000	0.0000	0.0000	0.0000	0.0931	0.0532	-1.7175	0.2758	-1.7342	0.1355	0.0000	0.0000	320.9685	0.0000	89.7879	1.7395	0.0053	80.4712
17.8740	0.0000	-0.0410	0.0065	0.0000	0.0000	-0.0200	230.4740	0.0000	1.3100	76.3364	NOT CONNECTED	8000.0000	500.0000	0.0000	0.0000	0.0000	0.0000	0.0931	0.0532	-1.7175	0.2758	-1.7342	0.1355	0.0000	0.0000	320.9671	0.0000	89.7599	1.7395	0.0052	80.4133
18.0607	0.0000	-0.0410	0.0065	0.0000	0.0000	-0.0200	230.4740	0.0000	1.3100	76.3364	NOT CONNECTED	8000.0000	500.0000	0.0000	0.0000	0.0000	0.0000	0.0931	0.0532	-1.7175	0.2758	-1.7342	0.1355	0.0000	0.0000	320.9671	0.0000	89.7599	1.7395	0.0052	80.4133
18.4813	0.0000	-0.0410	0.0065	0.0000	0.0000	-0.0200	230.4790	0.0000	1.3000	76.2007	NOT CONNECTED	8000.0000	500.0000	0.0000	0.0000	0.0000	0.0000	0.0931	0.0532	-1.7175	0.2758	-1.7342	0.1355	0.0000	0.0000	321.0077	0.0000	89.7335	1.7395	0.0053	80.4133
18.7964	0.0000	-0.0410	0.0065	0.0000	0.0000	-0.0200	230.4790	0.0000	1.3000	76.2007	NOT CONNECTED	8000.0000	500.0000	0.0000	0.0000	0.0000	0.0000	0.0931	0.0532	-1.7175	0.2758	-1.7342	0.1355	0.0000	0.0000	321.0714	0.0000	89.7073	1.7395	0.0052	80.3554
19.0849	0.0000	-0.0410	0.0065	0.0000	0.0000	-0.0200	230.4790	0.0000	1.3000	76.2007	NOT CONNECTED	8000.0000	500.0000	0.0000	0.0000	0.0000	0.0000	0.0931	0.0532	-1.7175	0.2758	-1.7342	0.1355	0.0000	0.0000	321.0714	0.0000	89.7073	1.7395	0.0052	80.3554
19.5260	0.0000	-0.0410	0.0065	0.0000	0.0000	-0.0200	230.5290	0.0000	1.2900	76.0634	NOT CONNECTED	8000.0000	500.0000	0.0000	0.0000	-0.0030	0.0000	0.0931	0.0532	0.0000	0.0000	-1.7342	-0.0269	1.0850	0.0000	316.2318	0.0014	89.6806	1.7395	0.0053	80.2978
19.6879	0.0000	-0.0410	0.0065	0.0000	0.0000	-0.0200	230.5290	0.0000	1.2900	76.0634	NOT CONNECTED	8000.0000	500.0000	0.0000	0.0000	-0.0030	0.0000	0.0931	0.0532	0.0000	0.0000	-1.7342	-0.0269	1.0850	0.0000	316.2318	0.0014	89.6806	1.7395	0.0053	80.2978
20.2653	25.0000	0.0060	0.0065	0.0000	0.0000	-0.0200	230.5720	0.0000	1.2900	75.9321	NOT CONNECTED	8000.0000	500.0000	0.0000	0.4358	0.0520	0.0000	0.1543	0.0532	2.0262	0.0560	2.0371	0.1070	15.7500	0.0000	310.0960	48.0059	89.6718	2.0349	1.2881	80.2978
20.8560	0.0000	-0.0140	1.3416	0.0000	14.7380	43.1800	230.6480	0.4152	57.8600	75.8140	NOT CONNECTED	8000.0000	500.0000	0.0000	-0.2764	0.0668	0.0000	0.1726	0.0532	3.0176	0.0653	3.0381	0.1567	22.8549	0.0000	304.6188	103.5054	89.9352	3.0183	1.6571	80.3023
21.0064	0.0000	-0.0140	1.3416	0.0000	14.7380	43.1800	230.6480	0.4152	57.8600	75.8140	NOT CONNECTED	8000.0000	500.0000	0.0000	-0.2764	0.0668	0.0000	0.1726	0.0532	3.0176	0.0653	3.0381	0.1567	22.8549	0.0000	304.6188	103.5054	89.9352	3.0183	1.6571	80.3023
21.4462	0.0000	-0.0130	2.0084	0.0000	21.9650	97.3000	230.6700	0.8029	121.2900	75.7300	NOT CONNECTED	8000.0000	500.0000	0.0000	0.3149	0.0750	0.0000	0.1726	0.0532	3.0215	0.0721	3.0467	0.1723	22.8549	0.0000	304.1994	104.0663	90.5183	3.0384	2.1513	80.3023
21.7354	0.0000	-0.0130	2.0084	0.0000	21.9650	97.3000	230.6700	0.8029	121.2900	75.7300	NOT CONNECTED	8000.0000	500.0000	0.0000	0.3149	0.0750	0.0000	0.1726	0.0532	3.0215	0.0721	3.0467	0.1723	22.8549	0.0000	304.1994	104.0663	90.5183	3.0384	2.1513	80.3023
22.0280	0.0000	-0.0130	2.0084	0.0000	21.9650	97.3000	230.6700	0.8029	121.2900	75.7300	NOT CONNECTED	8000.0000	500.0000	0.0000	-0.0174	0.0285	0.0000	0.1398	0.0532	0.9989	0.0328	0.9864	0.0369	8.7749	0.0000	316.2651	13.1619	90.9105	0.9955	1.0639	80.5136
22.4769	0.0000	-0.0120	0.6610	0.0000	7.4460	10.4200	230.8570	0.1501	18.3400	75.7253	NOT CONNECTED	8000.0000	500.0000	0.0000	135.1601	0.2527	0.2189	0.1117	0.1117	1.0214	0.3773	0.9752	0.4761	7.8108	11.3996	315.6077	17.5646	91.9632	1.0624	0.7405	80.5195
22.6375	0.0000	-0.0120	0.6610	0.0000	7.4460	10.4200	230.8570	0.1501	18.3400	75.7253	NOT CONNECTED	8000.0000	500.0000	0.0000	135.1601	0.2527	0.2189	0.1117	0.1117	1.0214	0.3773	0.9752	0.4761	7.8108	11.3996	315.6077	17.5646	91.9632	1.0624	0.7405	80.5195
23.2193	332.0000	-0.1160	0.7366	0.0000	10.9150	12.7200	230.8700	0.1692	21.1400	75.6860	NOT CONNECTED	8000.0000	500.0000	0.0000	458.2678	0.1477	0.1547	0.0933	0.0936	0.2067	0.2553	0.1974	0.2464	1.3232	21.1268	317.6980	7.5235	91.8798	0.3248	0.2915	80.5195
23.2416	332.0000	-0.1160	0.7366	0.0000	10.9150	12.7200	230.8700	0.1692	21.1400	75.6860	NOT CONNECTED	8000.0000	500.0000	0.0000	458.2678	0.1477	0.1547	0.0933	0.0936	0.2067	0.2553	0.1974	0.2464	1.3232	21.1268	317.6980	7.5235	91.8798	0.3248	0.2915	80.5195
23.8486	696.0000	-0.1100	0.2112	0.0000	30.1680	8.8400	230.9000	0.1232	14.6900	75.6404	NOT CONNECTED	8000.0000	500.0000	0.0000	760.8769	0.1547	0.1478	0.0936	0.0936	0.1741	0.2741	0.1225	0.2829	0.9713	32.6964	316.4735	11.7471	91.7452	0.2782	0.2134	80.4767
23.9754	696.0000	-0.1100	0.2112	0.0000	30.1680	8.8400	230.9000	0.1232	14.6900	75.6404	NOT CONNECTED	8000.0000	500.0000	0.0000	760.8769	0.1547	0.1478	0.0936	0.0936	0.1741	0.2741	0.1225	0.2829	0.9713	32.6964	316.4735	11.7471	91.7452	0.2782	0.2134	80.4767
24.4481	1072.0000	-0.1100	0.2143	0.0000	42.0260	12.5900	230.8910	0.1529	18.7500	75.5522	NOT CONNECTED	8000.0000	500.0000	0.0000	1065.7787	0.1272	0.1439	0.0936	0.0934	0.1894	0.2305	0.0963	0.2474	1.3083	44.8097	315.4331	16.3137	91.6223	0.2761	0.2182	80.4767
24.7130	1072.0000	-0.1100	0.2143	0.0000	42.0260	12.5900	230.8910	0.1529	18.7500	75.5522	NOT CONNECTED	8000.0000	500.0000	0.0000	1065.7787	0.1272	0.1439	0.0936	0.0934	0.1894	0.2305	0.0963	0.2474	1.3083	44.8097	315.4331	16.3137	91.6223	0.2761	0.2182	80.4767
25.0505	1072.0000	-0.1100	0.2143	0.0000	42.0260	12.5900	230.8910	0.1529	18.7500	75.5522	NOT CONNECTED	8000.0000	500.0000	0.0000	1363.4357	0.1206	0.1329	0.0934	0.0934	0.1530	0.2234	0.1789	0.2291	1.0363	56.3221	314.3157	20.8364	91.5110	0.3175	0.2217	80.4216
25.4681	1442.0000	-0.1100	0.2212	0.0000	66.0900	20.6600	230.8370	0.2155	27.5800	75.4350	NOT CONNECTED	8000.0000	500.0000	0.0000	1667.9691	0.1324	0.1305	0.0934	0.0934	0.1698	0.2412	0.1581	0.3058	1.0101	68.5531	313.4080	26.0636	91.4100	0.3084	0.2254	80.3674
25.6500	1442.0000	-0.1100	0.2212	0.0000	66.0900	20.6600	230.8370	0.2155	27.5800	75.4350	NOT CONNECTED	8000.0000	500.0000	0.0000	1667.9691	0.1324	0.1305	0.0934	0.0934	0.1698	0.2412	0.1581	0.3058	1.0101	68.5531	313.4080	26.0636	91.4100	0.3084	0.2254	80.3674
26.2101	1816.0000	-0.1110	0.2241	0.0000	78.2290	24.9100	230.7930	0.2469	32.1700	75.3181	NOT CONNECTED	8000.0000	500.0000	0.0000	1964.8363	0.1470	0.1334	0.0934	0.0935	0.2393	0.2523	0.1536	0.2767	1.1021	79.4628	312.4218	31.7338	91.3181	0.3322	0.2261	80.3674
26.2445	1816.0000	-0.1110	0.2241	0.0000	78.2290	24.9100	230.7930	0.2469	32.1700	75.3181	NOT CONNECTED	8000.0000	500.0000	0.0000	1964.8363	0.1470	0.1334	0.0934	0.0935	0.2393	0.2523	0.1536	0.2767	1.1021	79.4628	312.4218	31.7338	91.3181	0.3322	0.2261	80.3674
26.8513	2191.0000	-0.1120	0.2308	0.0000	102.3070	33.8700	230.6820	0.3109	41.6400	75.1802	NOT CONNECTED	8000.0000	500.0000	0.0000	2261.2002	0.1447	0.1614	0.0935	0.0935	0.1379	0.2719	0.1687	0.3060	1.6015	93.0821	311.5766	36.3024	91.2342	0.2995	0.2319	80.3143
26.9779	2191.0000	-0.1120	0.2308	0.0000	102.3070	33.8700	230.6820	0.3109	41.6400	75.1802	NOT CONNECTED	8000.0000	500.0000	0.0000	2261.2002	0.1447	0.1614	0.0935	0.0935	0.1379	0.2719	0.1687	0.3060	1.6015	93.0821	311.5766	36.3024	91.2342	0.2995	0.2319	80.3143
27.4499	2576.0000	-0.1130	0.2340	0.0000	114.2250	38.5400	230.6240	0.3432	46.5400	75.0365	NOT CONNECTED	8000.0000	500.0000	0.0000	2567.5782	0.1522	0.1545	0.0935	0.0935	0.1881	0.2750	0.0761	0.3089	1.4650	102.7781	310.6639	42.4391	91.1579	0.2868	0.2359	80.3143
27.7195	2576.0000	-0.1130	0.2340	0.0000	114.2250	38.5400	230.6240	0.3432	46.5400	75.0365	NOT CONNECTED	8000.0000	500.0000	0.0000	2567.5782	0.1522	0.1545	0.0935	0.0935	0.1881	0.2750	0.0761	0.3089	1.4650	102.7781	310.6639	42.4391	91.1579	0.2868	0.2359	80.3143
28.0463	2576.0000	-0.1130	0.2340	0.0000	114.2250	38.5400	230.6240	0.3432	46.5400	75.0365	NOT CONNECTED	8000.0000	500.0000	0.0000	2861.7661	0.1356	0.1545	0.0936	0.0934	0.1732	0.2283	0.1702	0.2739	-0.2210	116.6672	309.7929	48.7238	91.0880	0.3459	0.2391	80.2628
28.4694	2944.0000	-0.1150	0.2413	0.0000	138.3290	48.5300	230.5200	0.4101	56.8600	74.8416	NOT CONNECTED	8000.0000	500.0000	0.0000	3161.3988	0.1680	0.1478	0.0935	0.0936	0.2102	0.2946	0.1628	0.3232	1.0638	127.2406	308.9061	54.2268	91.0240	0.3562	0.2439	80.2131
28.6501	2944.0000	-0.1150	0.2413	0.0000	138.3290	48.5300	230.5200	0.4101	56.8600	74.8416	NOT CONNECTED	8000.0000	500.0000	0.0000	3161.3988	0.1680	0.1478	0.0935	0.0936	0.2102	0.2946	0.1628	0.3232	1.0638	127.2406	308.9061	54.2268	91.0240	0.3562	0.2439	80.2131
29.2117	3318.0000	-0.1160	0.2460	0.0000	150.5700	53.8200	230.4780	0.4454	62.4000	74.7019	NOT CONNECTED	8000.0000	500.0000	0.0000	3455.9970	0.1546	0.1773	0.0936	0.0935	0.2264	0.2643	0.1773	0.3059	0.1829	138.3885	308.1370	60.8917	90.9651	0.3361	0.2423	80.2131
29.2391	3318.0000	-0.1160	0.2460	0.0000	150.5700	53.8200	230.4780	0.4454	62.4000	74.7019	NOT CONNECTED	8000.0000	500.0000	0.0000	3455.9970	0.1546	0.1773	0.0936	0.0935	0.2264	0.2643	0.1773	0.3059	0.1829	138.3885	308.1370	60.8917	90.9651	0.3361	0.2423	80.2131
29.8363	3691.0000	-0.1150	0.2549	0.0000	174.7670	65.2100	230.4400	0.5176	73.8900	74.5136	NOT CONNECTED	8000.0000	500.0000	0.0000	3750.0884	0.1817	0.1827	0.0936	0.0937	0.1474	0.3418	0.1496	0.2832	0.9715	150.2564	307.4382	66.8531	90.9106	0.3494	0.2549	80.1659
29.9763	3691.0000	-0.1150	0.2549	0.0000	174.7670	65.2100	230.4400	0.5176	73.8900	74.5136	NOT CONNECTED	8000.0000	500.0000	0.0000	3750.0884	0.1817	0.1827	0.0936	0.0937	0.1474	0.3418	0.1496	0.2832	0.9715	150.2564	307.4382	66.8531	90.9106	0.3494	0.2549	80.1659
30.4385	4074.0000	-0.1180	0.2584	0.0000	186.7370	70.6900	230.4420	0.5523	79.5400	74.2891	NOT CONNECTED	8000.0000	500.0000	0.0000	4050.9840	0.1705	0.1674	0.0932	0.0936	0.1299	0.2911	0.1902	0.3259	-7.8148	158.9164	306.7221	75.0624	90.8625	0.3736	0.2516	80.1659
30.7258	4074.0000	-0.1180	0.2584	0.0000	186.7370	70.6900	230.4420	0.5523	79.5400	74.2891	NOT CONNECTED	8000.0000	500.0000	0.0000	4050.9840	0.1705	0.1674	0.0932	0.0936	0.1299	0.2911	0.1902	0.3259	-7.8148	158.9164	306.7221	75.0624	90.8625	0.3736	0.2516	80.1659
31.0437	4074.0000	-0.1180	0.2584	0.0000	186.7370	70.6900	230.4420	0.5523	79.5400	74.2891	NOT CONNECTED	8000.0000	500.0000	0.0000	4355.4057	0.1522	0.1705	0.0927	0.0935	0.1564	0.2425	0.0610	0.3398	1.2626	176.4316	306.0576	83.8902	90.8135	0.3773	0.2590	80.1210
31.4699	4444.0000	-0.1250	0.2678	0.0000	210.9630	83.2200	230.4890	0.6261	91.5600	74.1375	NOT CONNECTED	8000.0000	500.0000	0.0000	4355.4057	0.1522	0.1705	0.0927	0.0935	0.1564	0.2425	0.0610	0.3398	1.2626	176.4316	306.0576	83.8902	90.8135	0.3773	0.2590	80.1210
32.1627	4809.0000	-0.1290	0.2434	0.0000	212.6290	87.7600	230.5310	0.6523	95.9000	73.9216	NOT CONNECTED	8000.0000	500.0000	0.0000	4906.9798	0.1771	0.2091	0.0829	0.0819	-0.3380	0.3294	-0.3763	0.3741	-12.7435	160.8006	305.3152	94.4931	90.7325	0.5082	0.2768	80.0789
32.2040	4809.0000	-0.1290	0.2434	0.0000	212.6290	87.7600	230.5310	0.6523	95.9000	73.9216	NOT CONNECTED	8000.0000	500.0000	0.0000	4906.9798	0.1771	0.2091	0.0829	0.0819	-0.3380	0.3294	-0.3763	0.3741	-12.7435	160.8006	305.3152	94.4931	90.7325	0.5082	0.2768	80.0789
32.7678	5177.0000	-0.1300	0.3866	0.0000	212.7290	98.7500	230.6290	0.7236	107.7700	73.7215	NOT CONNECTED	8000.0000	500.0000	0.0000	5212.2018	0.1900	0.1852	0.0778	0.0774	-0.4859	0.4337	-0.4850	0.2598	-5.5223	160.1598	304.7036	102.9319	90.7007	0.7120	0.3693	79.8445
32.9752	5177.0000	-0.1300	0.3866	0.0000	212.7290	98.7500	230.6290	0.7236	107.7700	73.7215	NOT CONNECTED	8000.0000	500.0000	0.0000	5212.2018	0.1900	0.1852	0.0778	0.0774	-0.4859	0.4337	-0.4850	0.2598	-5.5223	160.1598	304.7036	102.9319	90.7007	0.7120	0.3693	79.8445
33.3736	5561.0000	-0.1330	0.4887	0.0000	212.5000	105.2400	230.6780	0.7666	115.0300	73.5894	NOT CONNECTED	8000.0000	500.0000	0.0000	5509.2937	0.1695	0.2021	0.0729	0.0729	-0.6236	0.3885	-0.7380	0.2718	-0.5120	175.6673	303.9265	114.2929	90.6828	0.9524	0.5239	79.8445
33.7192	5561.0000	-0.1330	0.4887	0.0000	212.5000	105.2400	230.6780	0.7666	115.0300	73.5894	NOT CONNECTED	8000.0000	500.0000	0.0000	5813.3371	0.1940	0.2005	0.0699	0.0685	-0.9595	0.4665	-0.8185	0.3196	-6.7091	163.1326	303.1413	122.1021	90.6856	1.0441	0.6277	79.6261
33.9791	5561.0000	-0.1330	0.4887	0.0000	212.5000	105.2400	230.6780	0.7666	115.0300	73.5894	NOT CONNECTED	8000.0000	500.0000	0.0000	5813.3371	0.1940	0.2005	0.0699	0.0685	-0.9595	0.4665	-0.8185	0.3196	-6.7091	163.1326	303.1413	122.1021	90.6856	1.0441	0.6277	79.6261
34.4699	5928.0000	-0.1370	0.6852	0.0000	212.0880	120.6800	230.7650	0.8673	132.2000	73.3923	NOT CONNECTED	8000.0000	500.0000	0.0000	6124.5775	0.1608	0.1732	0.0653	0.0648	-1.0509	0.4313	-1.1494	0.3405	-8.5344	163.3366	302.5152	133.2951	90.7082	1.0710	0.7210	79.6261
34.5887	5928.0000	-0.1370	0.6852	0.0000	212.0880	120.6800	230.7650	0.8673	132.2000	73.3923	NOT CONNECTED	8000.0000	500.0000	0.0000	6124.5775	0.1608	0.1732	0.0653	0.0648	-1.0509	0.4313	-1.1494	0.3405	-8.5344	163.3366	302.5152	133.2951	90.7082	1.0710	0.7210	79.6261
35.1914	6315.0000	-0.1410	0.7744	0.0000	212.0520	128.8000	230.7990	0.9190	141.0600	73.2196	NOT CONNECTED	8000.0000	500.0000	0.0000	6415.6306	0.2117	0.2091	0.0616	0.0607	-1.1873	0.5647	-1.1971	0.2547	-6.0591	166.4992	301.8575	146.1268	90.7508	1.3729	0.8599	79.4272
35.2141	6315.0000	-0.1410	0.7744	0.0000	212.0520	128.8000	230.7990	0.9190	141.0600	73.2196	NOT CONNECTED	8000.0000	500.0000	0.0000	6415.6306	0.2117	0.2091	0.0616	0.0607	-1.1873	0.5647	-1.1971	0.2547	-6.0591	166.4992	301.8575	146.1268	90.7508	1.3729	0.8599	79.4272
35.7941	6684.0000	-0.1470	0.9357	0.0000	211.5680	146.3200	230.8270	1.0302	160.2600	73.0895	NOT CONNECTED	8000.0000	500.0000	0.0000	6727.0242	0.1875	0.1848	0.0603	0.0601	-1.2198	0.5010	-1.2767	0.3479	-18.5796	165.2293	301.0450	155.6587	90.8218	1.3747	0.9310	79.2499
35.9756	6684.0000	-0.1470	0.9357	0.0000	211.5680	146.3200	230.8270	1.0302	160.2600	73.0895	NOT CONNECTED	8000.0000	500.0000	0.0000	6727.0242	0.1875	0.1848	0.0603	0.0601	-1.2198	0.5010	-1.2767	0.3479	-18.5796	165.2293	301.0450	155.6587	90.8218	1.3747	0.9310	79.2499
36.3995	7058.0000	-0.1510	1.0075	0.0000	211.1860	155.9200	230.8250	1.0900	170.6700	73.0261	NOT CONNECTED	8000.0000	500.0000	0.0000	7024.8097	0.1951	0.1980	0.0568	0.0554	-1.5128	0.6136	-1.5385	0.3065	-8.8041	168.3295	300.2946	171.9187	90.9018	1.4537	1.0379	79.2499
36.7100	7058.0000	-0.1510	1.0075	0.0000	211.1860	155.9200	230.8250	1.0900	170.6700	73.0261	NOT CONNECTED	8000.0000	500.0000	0.0000	7319.9677	0.2052	0.2013	0.0551	0.0536	-1.5836	0.6640	-1.5041	0.2980	-11.5023	166.9732	299.4804	182.4784	91.0006	1.6178	1.1083	79.1008
36.9979	7058.0000	-0.1510	1.0075	0.0000	211.1860	155.9200	230.8250	1.0900	170.6700	73.0261	NOT CONNECTED	8000.0000	500.0000	0.0000	7319.9677	0.2052	0.2013	0.0551	0.0536	-1.5836	0.6640	-1.5041	0.2980	-11.5023	166.9732	299.4804	182.4784	91.0006	1.6178	1.1083	79.1008
37.4677	7425.0000	-0.1460	1.1431	0.0000	210.5300	175.7100	230.7870	1.2131	192.2600	72.9459	NOT CONNECTED	8000.0000	500.0000	0.0000	7625.1681	0.1992	0.2016	0.0516	0.0523	-1.5060	0.6482	-1.7865	0.3239	-10.9776	165.0214	298.9018	195.3934	91.1157	1.6828	1.1681	79.1008
37.6044	7425.0000	-0.1460	1.1431	0.0000	210.5300	175.7100	230.7870	1.2131	192.2600	72.9459	NOT CONNECTED	8000.0000	500.0000	0.0000	7625.1681	0.1992	0.2016	0.0516	0.0523	-1.5060	0.6482	-1.7865	0.3239	-10.9776	165.0214	298.9018	195.3934	91.1157	1.6828	1.1681	79.1008
38.2081	7801.0000	-0.1480	1.2033	0.0000	210.2680	184.3400	230.7550	1.2660	201.6100	72.8902	NOT CONNECTED	8000.0000	500.0000	0.0000	7931.8000	0.2084	0.2026	0.0489	0.0485	-1.7811	0.7446	-1.7286	0.3360	-14.5538	162.6130	298.0153	209.6528	91.2443	1.8713	1.2890	78.9737
38.2090	7801.0000	-0.1480	1.2033	0.0000	210.2680	184.3400	230.7550	1.2660	201.6100	72.8902	NOT CONNECTED	8000.0000	500.0000	0.0000	7931.8000	0.2084	0.2026	0.0489	0.0485	-1.7811	0.7446	-1.7286	0.3360	-14.5538	162.6130	298.0153	209.6528	91.2443	1.8713	1.2890	78.9737
38.8078	8044.0000	-0.0660	1.2413	0.0000	212.7980	145.6400	230.7090	1.0532	163.1400	72.8960	NOT CONNECTED	8000.0000	500.0000	0.0000	8034.7457	0.1011	0.0931	0.0495	0.0496	-1.7677	0.3402	-1.8350	0.1548	-13.9908	172.3065	304.5745	114.9039	91.3902	1.6646	1.2008	78.8680
38.9763	8044.0000	-0.0660	1.2413	0.0000	212.7980	145.6400	230.7090	1.0532	163.1400	72.8960	NOT CONNECTED	8000.0000	500.0000	0.0000	8034.7457	0.1011	0.0931	0.0495	0.0496	-1.7677	0.3402	-1.8350	0.1548	-13.9908	172.3065	304.5745	114.9039	91.3902	1.6646	1.2008	78.8680
39.4131	8044.0000	-0.0660	1.2413	0.0000	212.7980	145.6400	230.7090	1.0532	163.1400	72.8960	NOT CONNECTED	8000.0000	500.0000	0.0000	8001.9614	0.1212	0.1076	0.0490	0.0509	-1.6631	0.3749	-1.7500	0.1723	-21.4857	166.6055	303.5931	128.3097	91.4818	1.8166	1.1812	78.8680
40.0189	7998.0000	-0.0680	1.2077	0.0000	214.1230	119.8400	230.6050	0.8800	133.8000	72.8422	NOT CONNECTED	8000.0000	500.0000	0.0000	8005.1309	0.1298	0.1044	0.0515	0.0500	-1.7899	0.4854	-1.6493	0.1775	-7.2853	168.0022	303.3597	127.6496	91.5655	1.6704	1.1933	78.7594
40.2294	7998.0000	-0.0680	1.2077	0.0000	214.1230	119.8400	230.6050	0.8800	133.8000	72.8422	NOT CONNECTED	8000.0000	500.0000	0.0000	8005.1309	0.1298	0.1044	0.0515	0.0500	-1.7899	0.4854	-1.6493	0.1775	-7.2853	168.0022	303.3597	127.6496	91.5655	1.6704	1.1933	78.7594
40.6239	7997.0000	-0.0690	1.2079	0.0000	214.0690	119.3900	230.5120	0.8777	133.3800	72.8687	NOT CONNECTED	8000.0000	500.0000	0.0000	7998.9335	0.1023	0.1115	0.0498	0.0511	-1.6979	0.3103	-1.7647	0.1462	-5.5098	174.9067	303.3514	128.8587	91.6442	1.6851	1.1936	78.7594
40.9748	7997.0000	-0.0690	1.2079	0.0000	214.0690	119.3900	230.5120	0.8777	133.3800	72.8687	NOT CONNECTED	8000.0000	500.0000	0.0000	8001.7516	0.1032	0.1072	0.0508	0.0498	-1.7349	0.3601	-1.7049	0.1992	-7.0644	167.6247	303.2660	126.0074	91.7117	1.6848	1.1950	78.6480
41.2298	7997.0000	-0.0690	1.2079	0.0000	214.0690	119.3900	230.5120	0.8777	133.3800	72.8687	NOT CONNECTED	8000.0000	500.0000	0.0000	8001.7516	0.1032	0.1072	0.0508	0.0498	-1.7349	0.3601	-1.7049	0.1992	-7.0644	167.6247	303.2660	126.0074	91.7117	1.6848	1.1950	78.6480
41.8428	7997.0000	-0.0700	1.2079	0.0000	213.9720	119.3600	230.4720	0.8781	133.3400	72.8793	NOT CONNECTED	8000.0000	500.0000	0.0000	7995.4487	0.1247	0.1162	0.0511	0.0496	-1.7189	0.3925	-1.7213	0.1456	-3.2405	172.5464	303.1731	130.0282	91.7809	1.6272	1.1913	78.5350
41.8478	7997.0000	-0.0700	1.2079	0.0000	213.9720	119.3600	230.4720	0.8781	133.3400	72.8793	NOT CONNECTED	8000.0000	500.0000	0.0000	7995.4487	0.1247	0.1162	0.0511	0.0496	-1.7189	0.3925	-1.7213	0.1456	-3.2405	172.5464	303.1731	130.0282	91.7809	1.6272	1.1913	78.5350
42.4320	8002.0000	-0.0690	1.2097	0.0000	213.9370	121.2300	230.4190	0.8894	135.2600	72.9011	NOT CONNECTED	8000.0000	500.0000	0.0000	7998.4737	0.1139	0.1132	0.0507	0.0495	-1.7590	0.3890	-1.6904	0.1676	-19.5393	171.1772	303.2268	128.1730	91.8336	1.7908	1.1924	78.5350
42.5895	8002.0000	-0.0690	1.2097	0.0000	213.9370	121.2300	230.4190	0.8894	135.2600	72.9011	NOT CONNECTED	8000.0000	500.0000	0.0000	7998.4737	0.1139	0.1132	0.0507	0.0495	-1.7590	0.3890	-1.6904	0.1676	-19.5393	171.1772	303.2268	128.1730	91.8336	1.7908	1.1924	78.5350
43.0207	8001.0000	-0.0700	1.2085	0.0000	214.0090	120.2500	230.4140	0.8838	134.3400	72.9318	NOT CONNECTED	8000.0000	500.0000	0.0000	8001.9888	0.1202	0.1072	0.0498	0.0495	-1.7276	0.3762	-1.8225	0.1611	-9.9088	174.1407	303.3766	127.9546	91.8810	1.6515	1.1954	78.4288
43.3391	8001.0000	-0.0700	1.2085	0.0000	214.0090	120.2500	230.4140	0.8838	134.3400	72.9318	NOT CONNECTED	8000.0000	500.0000	0.0000	8003.5992	0.1142	0.1035	0.0501	0.0497	-1.7379	0.3694	-1.7373	0.1655	-8.0833	170.6020	303.4306	125.8188	91.9191	1.6610	1.1885	78.4288
43.6206	8001.0000	-0.0700	1.2085	0.0000	214.0090	120.2500	230.4140	0.8838	134.3400	72.9318	NOT CONNECTED	8000.0000	500.0000	0.0000	8003.5992	0.1142	0.1035	0.0501	0.0497	-1.7379	0.3694	-1.7373	0.1655	-8.0833	170.6020	303.4306	125.8188	91.9191	1.6610	1.1885	78.4288
44.2154	7994.0000	-0.0690	1.1996	0.0000	214.9620	117.4000	230.4380	0.8644	131.0300	72.9715	NOT CONNECTED	8000.0000	500.0000	0.0000	7998.2650	0.1020	0.1117	0.0508	0.0509	-1.6977	0.3551	-1.7330	0.1815	-9.2642	171.9806	303.2556	128.0916	91.9579	1.7504	1.1991	78.3186
44.2238	7994.0000	-0.0690	1.1996	0.0000	214.9620	117.4000	230.4380	0.8644	131.0300	72.9715	NOT CONNECTED	8000.0000	500.0000	0.0000	7998.2650	0.1020	0.1117	0.0508	0.0509	-1.6977	0.3551	-1.7330	0.1815	-9.2642	171.9806	303.2556	128.0916	91.9579	1.7504	1.1991	78.3186
44.8301	7999.0000	-0.0910	1.2094	0.0000	214.0680	123.5800	230.4940	0.9030	137.6000	73.0035	NOT CONNECTED	8000.0000	500.0000	0.0000	7996.1487	0.1075	0.1195	0.0494	0.0496	-1.7311	0.3347	-1.7641	0.2173	-16.5151	166.7155	303.0319	133.4573	92.0009	1.7103	1.2045	78.2072
44.9748	7999.0000	-0.0910	1.2094	0.0000	214.0680	123.5800	230.4940	0.9030	137.6000	73.0035	NOT CONNECTED	8000.0000	500.0000	0.0000	7996.1487	0.1075	0.1195	0.0494	0.0496	-1.7311	0.3347	-1.7641	0.2173	-16.5151	166.7155	303.0319	133.4573	92.0009	1.7103	1.2045	78.2072
45.4408	7998.0000	-0.0960	1.2135	0.0000	213.8960	126.3000	230.5340	0.9202	140.5700	73.0355	NOT CONNECTED	8000.0000	500.0000	0.0000	8000.7887	0.1078	0.1169	0.0497	0.0496	-1.7089	0.3256	-1.7840	0.2189	-12.2442	167.2142	302.8149	134.7249	92.0327	1.7138	1.1923	78.2072
45.7121	7998.0000	-0.0960	1.2135	0.0000	213.8960	126.3000	230.5340	0.9202	140.5700	73.0355	NOT CONNECTED	8000.0000	500.0000	0.0000	8000.7887	0.1078	0.1169	0.0497	0.0496	-1.7089	0.3256	-1.7840	0.2189	-12.2442	167.2142	302.8149	134.7249	92.0327	1.7138	1.1923	78.2072
46.0453	7998.0000	-0.0960	1.2135	0.0000	213.8960	126.3000	230.5340	0.9202	140.5700	73.0355	NOT CONNECTED	8000.0000	500.0000	0.0000	7991.4289	0.1111	0.1316	0.0491	0.0506	-1.6327	0.3714	-1.8155	0.1949	-20.7089	170.8118	302.8423	138.3055	92.0617	1.8730	1.2022	78.1038
46.5857	7998.0000	-0.0970	1.2152	0.0000	214.0100	130.3900	230.6250	0.9439	144.6700	73.0575	NOT CONNECTED	8000.0000	500.0000	0.0000	7997.3908	0.1373	0.1301	0.0494	0.0491	-1.7927	0.4718	-1.7891	0.2007	-9.7815	170.3442	302.2735	148.0882	92.0892	1.7556	1.2060	77.9974
46.6521	7998.0000	-0.0970	1.2152	0.0000	214.0100	130.3900	230.6250	0.9439	144.6700	73.0575	NOT CONNECTED	8000.0000	500.0000	0.0000	7997.3908	0.1373	0.1301	0.0494	0.0491	-1.7927	0.4718	-1.7891	0.2007	-9.7815	170.3442	302.2735	148.0882	92.0892	1.7556	1.2060	77.9974
47.2579	7993.0000	-0.1100	1.2196	0.0000	213.6860	136.1700	230.6700	0.9781	150.5900	73.0890	NOT CONNECTED	8000.0000	500.0000	0.0000	7998.0301	0.1581	0.1422	0.0492	0.0494	-1.6756	0.5649	-1.7800	0.2529	-9.2724	165.9300	301.5376	160.3861	92.1179	1.7440	1.2396	77.9974
47.3335	7993.0000	-0.1100	1.2196	0.0000	213.6860	136.1700	230.6700	0.9781	150.5900	73.0890	NOT CONNECTED	8000.0000	500.0000	0.0000	7998.0301	0.1581	0.1422	0.0492	0.0494	-1.6756	0.5649	-1.7800	0.2529	-9.2724	165.9300	301.5376	160.3861	92.1179	1.7440	1.2396	77.9974
47.8762	7996.0000	-0.1210	1.2437	0.0000	212.3670	157.3200	230.7430	1.1068	172.9200	73.1023	NOT CONNECTED	8000.0000	500.0000	0.0000	8000.3073	0.1745	0.1523	0.0493	0.0498	-1.7653	0.6570	-1.7574	0.2740	-19.9516	162.2564	300.8176	174.5339	92.1587	1.8148	1.2307	77.8926
48.1870	7996.0000	-0.1210	1.2437	0.0000	212.3670	157.3200	230.7430	1.1068	172.9200	73.1023	NOT CONNECTED	8000.0000	500.0000	0.0000	7991.7792	0.2099	0.1833	0.0500	0.0485	-1.7224	0.7617	-1.8176	0.2387	-5.3476	174.6113	299.6897	198.2511	92.1913	1.8169	1.2555	77.8926
48.4727	7996.0000	-0.1210	1.2437	0.0000	212.3670	157.3200	230.7430	1.1068	172.9200	73.1023	NOT CONNECTED	8000.0000	500.0000	0.0000	7991.7792	0.2099	0.1833	0.0500	0.0485	-1.7224	0.7617	-1.8176	0.2387	-5.3476	174.6113	299.6897	198.2511	92.1913	1.8169	1.2555	77.8926
48.9680	7990.0000	-0.1630	1.2547	0.0000	211.9420	168.1600	230.7710	1.1705	184.1800	73.1735	NOT CONNECTED	8000.0000	500.0000	0.0000	7991.9120	0.1898	0.1997	0.0481	0.0488	-1.7081	0.6788	-1.9269	0.3009	-6.9017	166.8786	298.9470	204.9410	92.2299	1.9041	1.2691	77.7985
49.0733	7990.0000	-0.1630	1.2547	0.0000	211.9420	168.1600	230.7710	1.1705	184.1800	73.1735	NOT CONNECTED	8000.0000	500.0000	0.0000	7991.9120	0.1898	0.1997	0.0481	0.0488	-1.7081	0.6788	-1.9269	0.3009	-6.9017	166.8786	298.9470	204.9410	92.2299	1.9041	1.2691	77.7985
49.6786	7992.0000	-0.1670	1.2858	0.0000	210.6880	195.3300	230.8010	1.3340	213.1000	73.2560	NOT CONNECTED	8000.0000	500.0000	0.0000	7991.8864	0.1990	0.2130	0.0479	0.0486	-1.7420	0.6767	-1.8529	0.3445	-18.3907	163.7563	298.5187	215.7245	92.2703	1.8901	1.2813	77.7060
49.7125	7992.0000	-0.1670	1.2858	0.0000	210.6880	195.3300	230.8010	1.3340	213.1000	73.2560	NOT CONNECTED	8000.0000	500.0000	0.0000	7991.8864	0.1990	0.2130	0.0479	0.0486	-1.7420	0.6767	-1.8529	0.3445	-18.3907	163.7563	298.5187	215.7245	92.2703	1.8901	1.2813	77.7060
50.2939	7994.0000	-0.1840	1.3083	0.0000	209.7900	213.3500	230.7970	1.4427	232.3900	73.2933	NOT CONNECTED	8000.0000	500.0000	0.0000	7991.4009	0.2138	0.2255	0.0495	0.0491	-1.6888	0.7229	-1.8138	0.3643	-13.6857	167.0232	298.0519	230.4126	92.3127	1.9413	1.3267	77.7060
50.5575	7994.0000	-0.1840	1.3083	0.0000	209.7900	213.3500	230.7970	1.4427	232.3900	73.2933	NOT CONNECTED	8000.0000	500.0000	0.0000	7991.4009	0.2138	0.2255	0.0495	0.0491	-1.6888	0.7229	-1.8138	0.3643	-13.6857	167.0232	298.0519	230.4126	92.3127	1.9413	1.3267	77.7060
50.8988	7994.0000	-0.1840	1.3083	0.0000	209.7900	213.3500	230.7970	1.4427	232.3900	73.2933	NOT CONNECTED	8000.0000	500.0000	0.0000	7992.3882	0.2428	0.2439	0.0472	0.0472	-1.8146	0.8867	-1.9368	0.3706	-14.7680	166.2430	296.9727	247.7177	92.3692	1.9840	1.3178	77.6162
51.2971	7993.0000	-0.2180	1.3249	0.0000	209.2280	227.7400	230.7760	1.5270	247.4300	73.3507	0.0000	8000.0000	500.0000	0.0000	7993.7142	0.2593	0.2541	0.0484	0.0471	-1.7740	0.9388	-1.8610	0.3919	-19.9426	170.3377	296.7536	258.7667	92.4167	1.8434	1.3332	77.6162
51.5126	7993.0000	-0.2180	1.3249	0.0000	209.2280	227.7400	230.7760	1.5270	247.4300	73.3507	0.0000	8000.0000	500.0000	0.0000	7993.7142	0.2593	0.2541	0.0484	0.0471	-1.7740	0.9388	-1.8610	0.3919	-19.9426	170.3377	296.7536	258.7667	92.4167	1.8434	1.3332	77.6162
52.0451	7997.0000	-0.2200	1.3457	0.0000	208.8050	245.3900	230.7270	1.6312	266.0900	73.4063	0.0000	8000.0000	500.0000	0.0000	7994.1979	0.2603	0.2641	0.0468	0.0479	-1.7163	0.8752	-2.0049	0.4077	-8.4701	164.7924	296.3033	263.8242	92.4665	2.0359	1.3420	77.5380
52.1135	7997.0000	-0.2200	1.3457	0.0000	208.8050	245.3900	230.7270	1.6312	266.0900	73.4063	0.0000	8000.0000	500.0000	0.0000	7994.1979	0.2603	0.2641	0.0468	0.0479	-1.7163	0.8752	-2.0049	0.4077	-8.4701	164.7924	296.3033	263.8242	92.4665	2.0359	1.3420	77.5380
52.7047	7995.0000	-0.2260	1.3571	0.0000	208.3540	253.9500	230.6850	1.6820	275.1100	73.4835	0.0000	8000.0000	500.0000	0.0000	7999.6557	0.2667	0.2655	0.0467	0.0490	-1.6854	0.8747	-1.8844	0.4041	-8.4489	165.8641	296.1090	273.4335	92.5124	1.9913	1.3506	77.4595
52.7820	7995.0000	-0.2260	1.3571	0.0000	208.3540	253.9500	230.6850	1.6820	275.1100	73.4835	0.0000	8000.0000	500.0000	0.0000	7999.6557	0.2667	0.2655	0.0467	0.0490	-1.6854	0.8747	-1.8844	0.4041	-8.4489	165.8641	296.1090	273.4335	92.5124	1.9913	1.3506	77.4595
53.3170	8002.0000	-0.2330	1.3700	0.0000	207.9900	263.4500	230.5970	1.7398	285.3200	73.5504	0.0000	8000.0000	500.0000	0.0000	8004.0171	0.2595	0.2652	0.0498	0.0486	-1.7064	0.8588	-1.8497	0.4481	-12.4065	162.5284	296.0100	273.1424	92.5605	2.0506	1.3949	77.4595
53.5235	8002.0000	-0.2330	1.3700	0.0000	207.9900	263.4500	230.5970	1.7398	285.3200	73.5504	0.0000	8000.0000	500.0000	0.0000	8004.0171	0.2595	0.2652	0.0498	0.0486	-1.7064	0.8588	-1.8497	0.4481	-12.4065	162.5284	296.0100	273.1424	92.5605	2.0506	1.3949	77.4595
53.9222	7998.0000	-0.2320	1.3749	0.0000	207.4850	265.0600	230.5490	1.7496	286.9000	73.6257	1.0000	8000.0000	500.0000	0.0000	8000.8354	0.2834	0.2712	0.0466	0.0468	-1.8186	1.0465	-2.0083	0.4506	-17.8747	166.6255	296.0191	276.5824	92.6158	2.0354	1.3611	77.3819
54.2620	7998.0000	-0.2320	1.3749	0.0000	207.4850	265.0600	230.5490	1.7496	286.9000	73.6257	1.0000	8000.0000	500.0000	0.0000	8002.4079	0.2963	0.2700	0.0472	0.0463	-1.6732	1.0901	-1.8978	0.4277	-9.2556	161.1819	296.0338	277.3065	92.6564	1.9596	1.3578	77.3819
54.5180	7998.0000	-0.2320	1.3749	0.0000	207.4850	265.0600	230.5490	1.7496	286.9000	73.6257	1.0000	8000.0000	500.0000	0.0000	8002.4079	0.2963	0.2700	0.0472	0.0463	-1.6732	1.0901	-1.8978	0.4277	-9.2556	161.1819	296.0338	277.3065	92.6564	1.9596	1.3578	77.3819
55.1173	7996.0000	-0.2330	1.3681	0.0000	208.4890	265.2200	230.4600	1.7492	286.5600	73.6864	1.0000	8000.0000	500.0000	0.0000	8003.1213	0.2589	0.2687	0.0466	0.0476	-1.7060	0.8946	-1.9903	0.4417	-14.4004	163.0717	296.0581	273.1057	92.6920	1.9611	1.3566	77.3109
55.1344	7996.0000	-0.2330	1.3681	0.0000	208.4890	265.2200	230.4600	1.7492	286.5600	73.6864	1.0000	8000.0000	500.0000	0.0000	8003.1213	0.2589	0.2687	0.0466	0.0476	-1.7060	0.8946	-1.9903	0.4417	-14.4004	163.0717	296.0581	273.1057	92.6920	1.9611	1.3566	77.3109
55.7072	7998.0000	-0.2350	1.3688	0.0000	208.3290	264.7500	230.4200	1.7480	286.1700	73.7872	1.0000	8000.0000	500.0000	0.0000	7993.1395	0.2664	0.2817	0.0493	0.0480	-1.7707	0.9187	-1.8114	0.4221	-15.7030	161.5763	296.1064	274.2817	92.7232	1.9330	1.3564	77.2359
55.8776	7998.0000	-0.2350	1.3688	0.0000	208.3290	264.7500	230.4200	1.7480	286.1700	73.7872	1.0000	8000.0000	500.0000	0.0000	7993.1395	0.2664	0.2817	0.0493	0.0480	-1.7707	0.9187	-1.8114	0.4221	-15.7030	161.5763	296.1064	274.2817	92.7232	1.9330	1.3564	77.2359
56.3127	7998.0000	-0.2350	1.3711	0.0000	208.3780	267.5000	230.3610	1.7632	288.7000	73.8596	1.0000	8000.0000	500.0000	0.0000	8000.9012	0.2808	0.2737	0.0486	0.0475	-1.7139	1.0039	-1.9180	0.3984	-4.7293	172.0794	295.9750	280.5774	92.7555	1.9550	1.3749	77.2359
56.6230	7998.0000	-0.2350	1.3711	0.0000	208.3780	267.5000	230.3610	1.7632	288.7000	73.8596	1.0000	8000.0000	500.0000	0.0000	8004.1261	0.2985	0.2707	0.0461	0.0471	-1.6685	1.0524	-1.9453	0.4372	-4.3232	162.0133	296.0592	278.1323	92.7948	1.9627	1.3646	77.1601
56.9187	7998.0000	-0.2350	1.3711	0.0000	208.3780	267.5000	230.3610	1.7632	288.7000	73.8596	1.0000	8000.0000	500.0000	0.0000	8004.1261	0.2985	0.2707	0.0461	0.0471	-1.6685	1.0524	-1.9453	0.4372	-4.3232	162.0133	296.0592	278.1323	92.7948	1.9627	1.3646	77.1601
57.3725	7998.0000	-0.2340	1.3767	0.0000	207.7180	268.1200	230.3470	1.7686	289.6000	73.9286	1.0000	8000.0000	500.0000	0.0000	8001.6747	0.2624	0.2733	0.0475	0.0493	-1.6922	0.8758	-1.9300	0.4309	-16.8368	162.0503	296.2646	277.1724	92.8238	1.8849	1.3637	77.1601
57.5236	7998.0000	-0.2340	1.3767	0.0000	207.7180	268.1200	230.3470	1.7686	289.6000	73.9286	1.0000	8000.0000	500.0000	0.0000	8001.6747	0.2624	0.2733	0.0475	0.0493	-1.6922	0.8758	-1.9300	0.4309	-16.8368	162.0503	296.2646	277.1724	92.8238	1.8849	1.3637	77.1601
58.1126	8002.0000	-0.2350	1.3734	0.0000	207.9490	266.3400	230.3590	1.7571	287.4200	73.9772	1.0000	8000.0000	500.0000	0.0000	8000.0310	0.2774	0.2755	0.0491	0.0472	-1.8267	0.9872	-1.8499	0.4212	-13.1627	162.6913	296.3304	276.4501	92.8479	1.8458	1.3607	77.0913
58.1288	8002.0000	-0.2350	1.3734	0.0000	207.9490	266.3400	230.3590	1.7571	287.4200	73.9772	1.0000	8000.0000	500.0000	0.0000	8000.0310	0.2774	0.2755	0.0491	0.0472	-1.8267	0.9872	-1.8499	0.4212	-13.1627	162.6913	296.3304	276.4501	92.8479	1.8458	1.3607	77.0913
58.7341	7998.0000	-0.2350	1.3737	0.0000	207.9710	266.8800	230.3810	1.7604	287.9500	74.0672	1.0000	8000.0000	500.0000	0.0000	8001.9136	0.2761	0.2741	0.0468	0.0494	-1.6527	0.9193	-1.9220	0.4061	-21.2405	161.5212	296.4462	276.5968	92.8705	2.0313	1.3602	77.0187
58.8532	7998.0000	-0.2350	1.3737	0.0000	207.9710	266.8800	230.3810	1.7604	287.9500	74.0672	1.0000	8000.0000	500.0000	0.0000	8001.9136	0.2761	0.2741	0.0468	0.0494	-1.6527	0.9193	-1.9220	0.4061	-21.2405	161.5212	296.4462	276.5968	92.8705	2.0313	1.3602	77.0187
59.3409	8002.0000	-0.2340	1.3711	0.0000	208.2010	265.9500	230.4530	1.7546	286.8300	74.1247	1.0000	8000.0000	500.0000	0.0000	8000.7497	0.2921	0.2742	0.0467	0.0461	-1.7768	1.0608	-1.9722	0.4171	-1.0164	167.3323	296.5809	279.0302	92.8929	2.0425	1.3845	77.0187
59.6001	8002.0000	-0.2340	1.3711	0.0000	208.2010	265.9500	230.4530	1.7546	286.8300	74.1247	1.0000	8000.0000	500.0000	0.0000	8000.7497	0.2921	0.2742	0.0467	0.0461	-1.7768	1.0608	-1.9722	0.4171	-1.0164	167.3323	296.5809	279.0302	92.8929	2.0425	1.3845	77.0187
59.9411	8002.0000	-0.2340	1.3711	0.0000	208.2010	265.9500	230.4530	1.7546	286.8300	74.1247	1.0000	8000.0000	500.0000	0.0000	8002.1223	0.2905	0.2716	0.0482	0.0463	-1.7931	1.0615	-1.9119	0.4158	-0.0771	166.8857	296.7317	278.0619	92.9190	1.9977	1.3477	76.9441
60.3452	8004.0000	-0.2360	1.3729	0.0000	207.9070	266.4700	230.4990	1.7580	287.4300	74.1735	2.0000	8000.0000	500.0000	0.0000	8000.2764	0.2735	0.2735	0.0458	0.0482	-1.6582	0.9682	-1.9870	0.4029	-10.7977	163.8126	296.8293	274.7384	92.9333	1.9825	1.3608	76.9441
60.5469	8004.0000	-0.2360	1.3729	0.0000	207.9070	266.4700	230.4990	1.7580	287.4300	74.1735	2.0000	8000.0000	500.0000	0.0000	8000.2764	0.2735	0.2735	0.0458	0.0482	-1.6582	0.9682	-1.9870	0.4029	-10.7977	163.8126	296.8293	274.7384	92.9333	1.9825	1.3608	76.9441
61.1523	7996.0000	-0.2340	1.3672	0.0000	208.7860	266.6600	230.5980	1.7566	287.2900	74.2518	2.0000	8000.0000	500.0000	0.0000	8003.9769	0.2976	0.2691	0.0491	0.0465	-1.7749	1.1146	-1.8630	0.4180	-17.1453	170.5043	296.9624	280.3821	92.9497	1.8612	1.3601	76.8756
61.1919	7996.0000	-0.2340	1.3672	0.0000	208.7860	266.6600	230.5980	1.7566	287.2900	74.2518	2.0000	8000.0000	500.0000	0.0000	8003.9769	0.2976	0.2691	0.0491	0.0465	-1.7749	1.1146	-1.8630	0.4180	-17.1453	170.5043	296.9624	280.3821	92.9497	1.8612	1.3601	76.8756
61.7576	8002.0000	-0.2320	1.3706	0.0000	208.2630	266.9500	230.6870	1.7590	287.7400	74.3250	2.0000	8000.0000	500.0000	0.0000	7995.7751	0.2754	0.2803	0.0487	0.0479	-1.7840	0.9685	-1.9357	0.4107	-9.2922	166.4671	297.0249	275.7648	92.9615	1.9114	1.3453	76.8027
61.9765	8002.0000	-0.2320	1.3706	0.0000	208.2630	266.9500	230.6870	1.7590	287.7400	74.3250	2.0000	8000.0000	500.0000	0.0000	7995.7751	0.2754	0.2803	0.0487	0.0479	-1.7840	0.9685	-1.9357	0.4107	-9.2922	166.4671	297.0249	275.7648	92.9615	1.9114	1.3453	76.8027
62.7230	8001.0000	-0.2310	1.3699	0.0000	208.3110	266.6200	230.7210	1.7570	287.3500	74.3600	2.0000	8000.0000	500.0000	0.0000	7999.9360	0.2749	0.2731	0.0470	0.0491	-1.5761	0.9628	-1.9960	0.4160	-17.0807	164.6765	297.3370	273.7002	92.9905	2.0133	1.3481	76.7274
62.8650	8001.0000	-0.2310	1.3699	0.0000	208.3110	266.6200	230.7210	1.7570	287.3500	74.3600	2.0000	8000.0000	500.0000	0.0000	7999.9360	0.2749	0.2731	0.0470	0.0491	-1.5761	0.9628	-1.9960	0.4160	-17.0807	164.6765	297.3370	273.7002	92.9905	2.0133	1.3481	76.7274
63.4618	7999.0000	-0.2320	1.3608	0.0000	209.2830	264.5200	230.7670	1.7425	284.8000	74.4847	2.0000	8000.0000	500.0000	0.0000	7996.3906	0.2827	0.2776	0.0495	0.0471	-1.7451	0.9770	-1.8020	0.3911	-10.5835	174.4665	297.3812	276.6445	92.9985	1.8675	1.3479	76.7274
63.4702	7999.0000	-0.2320	1.3608	0.0000	209.2830	264.5200	230.7670	1.7425	284.8000	74.4847	2.0000	8000.0000	500.0000	0.0000	7996.3906	0.2827	0.2776	0.0495	0.0471	-1.7451	0.9770	-1.8020	0.3911	-10.5835	174.4665	297.3812	276.6445	92.9985	1.8675	1.3479	76.7274
64.0665	8005.0000	-0.2330	1.3604	0.0000	209.2920	264.2100	230.7750	1.7416	284.5000	74.5481	2.0000	8000.0000	500.0000	0.0000	8003.4838	0.2744	0.2677	0.0465	0.0487	-1.6804	0.9268	-1.8781	0.4227	-4.1983	163.1649	297.4190	272.2775	93.0071	1.9463	1.3513	76.6582
64.2152	8005.0000	-0.2330	1.3604	0.0000	209.2920	264.2100	230.7750	1.7416	284.5000	74.5481	2.0000	8000.0000	500.0000	0.0000	8003.4838	0.2744	0.2677	0.0465	0.0487	-1.6804	0.9268	-1.8781	0.4227	-4.1983	163.1649	297.4190	272.2775	93.0071	1.9463	1.3513	76.6582
64.6731	7995.0000	-0.2310	1.3623	0.0000	209.0300	263.6500	230.7700	1.7387	283.9300	74.6100	2.0000	8000.0000	500.0000	0.0000	7992.8219	0.2700	0.2816	0.0485	0.0479	-1.7348	0.9697	-1.8437	0.4553	-18.4925	169.6675	297.4218	276.2251	93.0169	1.9964	1.3516	76.5860
64.9745	7995.0000	-0.2310	1.3623	0.0000	209.0300	263.6500	230.7700	1.7387	283.9300	74.6100	2.0000	8000.0000	500.0000	0.0000	7992.8219	0.2700	0.2816	0.0485	0.0479	-1.7348	0.9697	-1.8437	0.4553	-18.4925	169.6675	297.4218	276.2251	93.0169	1.9964	1.3516	76.5860
65.2774	7995.0000	-0.2310	1.3623	0.0000	209.0300	263.6500	230.7700	1.7387	283.9300	74.6100	2.0000	8000.0000	500.0000	0.0000	7998.6462	0.2658	0.2741	0.0473	0.0474	-1.7674	0.9235	-1.9238	0.4195	-5.2010	164.2700	297.4330	276.9311	93.0277	1.9499	1.3602	76.5860
65.7130	8000.0000	-0.2330	1.3621	0.0000	209.0240	263.5500	230.7600	1.7379	283.7800	74.7204	2.0000	8000.0000	500.0000	0.0000	8000.3464	0.2518	0.2718	0.0474	0.0494	-1.6804	0.8522	-1.9663	0.4302	-18.3855	164.8306	297.4629	274.2922	93.0458	1.9014	1.3519	76.5127
65.8841	8000.0000	-0.2330	1.3621	0.0000	209.0240	263.5500	230.7600	1.7379	283.7800	74.7204	2.0000	8000.0000	500.0000	0.0000	8000.3464	0.2518	0.2718	0.0474	0.0494	-1.6804	0.8522	-1.9663	0.4302	-18.3855	164.8306	297.4629	274.2922	93.0458	1.9014	1.3519	76.5127
66.4680	8000.0000	-0.2330	1.3623	0.0000	209.0540	264.1200	230.7190	1.7417	284.3200	74.7661	3.0000	8000.0000	500.0000	0.0000	8002.8007	0.2770	0.2687	0.0456	0.0469	-1.7806	0.9940	-1.9036	0.4405	-10.3929	162.8708	297.4469	273.7687	93.0543	2.0876	1.3534	76.5127
66.4880	8000.0000	-0.2330	1.3623	0.0000	209.0540	264.1200	230.7190	1.7417	284.3200	74.7661	3.0000	8000.0000	500.0000	0.0000	8002.8007	0.2770	0.2687	0.0456	0.0469	-1.7806	0.9940	-1.9036	0.4405	-10.3929	162.8708	297.4469	273.7687	93.0543	2.0876	1.3534	76.5127
67.0946	8000.0000	-0.2310	1.3621	0.0000	209.0480	263.8200	230.6930	1.7403	284.0100	74.8263	3.0000	8000.0000	500.0000	0.0000	8002.3916	0.2592	0.2687	0.0486	0.0489	-1.7828	0.9450	-1.9113	0.4356	-14.1950	165.3981	297.3991	274.0009	93.0626	1.8432	1.3521	76.4454
67.3431	8000.0000	-0.2310	1.3621	0.0000	209.0480	263.8200	230.6930	1.7403	284.0100	74.8263	3.0000	8000.0000	500.0000	0.0000	8002.3916	0.2592	0.2687	0.0486	0.0489	-1.7828	0.9450	-1.9113	0.4356	-14.1950	165.3981	297.3991	274.0009	93.0626	1.8432	1.3521	76.4454
67.7003	8000.0000	-0.2310	1.3621	0.0000	209.0480	263.8200	230.6930	1.7403	284.0100	74.8263	3.0000	8000.0000	500.0000	0.0000	7998.0162	0.2916	0.2747	0.0476	0.0464	-1.8229	1.0967	-1.9066	0.4288	-16.0555	162.7590	297.3405	273.6304	93.0706	1.8954	1.3521	76.3746
68.0787	8000.0000	-0.2330	1.3619	0.0000	209.0280	263.6200	230.6240	1.7396	283.7600	74.8792	3.0000	8000.0000	500.0000	0.0000	8003.5485	0.2747	0.2668	0.0476	0.0489	-1.6980	0.9865	-1.8915	0.4453	-23.6565	161.8995	297.3101	273.3532	93.0804	2.0374	1.3706	76.3746
68.3059	8000.0000	-0.2330	1.3619	0.0000	209.0280	263.6200	230.6240	1.7396	283.7600	74.8792	3.0000	8000.0000	500.0000	0.0000	8003.5485	0.2747	0.2668	0.0476	0.0489	-1.6980	0.9865	-1.8915	0.4453	-23.6565	161.8995	297.3101	273.3532	93.0804	2.0374	1.3706	76.3746
68.8210	8001.0000	-0.2310	1.3625	0.0000	208.8390	262.7900	230.5890	1.7339	282.7800	74.9411	3.0000	8000.0000	500.0000	0.0000	7996.5870	0.2687	0.2758	0.0500	0.0464	-1.8003	0.9471	-1.8337	0.3939	-0.1782	169.7919	297.2904	275.1611	93.0963	1.9238	1.3535	76.3025
68.9110	8001.0000	-0.2310	1.3625	0.0000	208.8390	262.7900	230.5890	1.7339	282.7800	74.9411	3.0000	8000.0000	500.0000	0.0000	7996.5870	0.2687	0.2758	0.0500	0.0464	-1.8003	0.9471	-1.8337	0.3939	-0.1782	169.7919	297.2904	275.1611	93.0963	1.9238	1.3535	76.3025
69.5169	7998.0000	-0.2310	1.3636	0.0000	208.6430	262.9600	230.5180	1.7361	282.9400	75.0261	3.0000	8000.0000	500.0000	0.0000	7997.5697	0.2743	0.2746	0.0466	0.0485	-1.6003	0.9303	-1.9508	0.4106	-12.3536	164.3955	297.2288	274.3680	93.1020	2.1033	1.3491	76.3025
69.5641	7998.0000	-0.2310	1.3636	0.0000	208.6430	262.9600	230.5180	1.7361	282.9400	75.0261	3.0000	8000.0000	500.0000	0.0000	7997.5697	0.2743	0.2746	0.0466	0.0485	-1.6003	0.9303	-1.9508	0.4106	-12.3536	164.3955	297.2288	274.3680	93.1020	2.1033	1.3491	76.3025
70.1220	7998.0000	-0.2320	1.3644	0.0000	208.6380	263.6800	230.4840	1.7402	283.6800	75.0516	3.0000	8000.0000	500.0000	0.0000	7999.7454	0.2800	0.2718	0.0482	0.0473	-1.7155	0.9842	-1.8878	0.3983	-1.0546	169.0473	297.2330	274.8105	93.1089	1.8460	1.3498	76.2368
70.3044	7998.0000	-0.2320	1.3644	0.0000	208.6380	263.6800	230.4840	1.7402	283.6800	75.0516	3.0000	8000.0000	500.0000	0.0000	7999.7454	0.2800	0.2718	0.0482	0.0473	-1.7155	0.9842	-1.8878	0.3983	-1.0546	169.0473	297.2330	274.8105	93.1089	1.8460	1.3498	76.2368
70.7276	8001.0000	-0.2330	1.3650	0.0000	208.3700	262.9100	230.4200	1.7368	282.9500	75.1052	3.0000	8000.0000	500.0000	0.0000	7994.6106	0.2710	0.2778	0.0479	0.0480	-1.7081	0.9373	-1.9907	0.4204	-20.6140	155.4802	297.1768	271.7610	93.1143	1.9922	1.3399	76.1667
71.0408	8001.0000	-0.2330	1.3650	0.0000	208.3700	262.9100	230.4200	1.7368	282.9500	75.1052	3.0000	8000.0000	500.0000	0.0000	8000.6116	0.2559	0.2695	0.0461	0.0470	-1.8657	0.8411	-1.9425	0.4510	-7.2787	161.8406	297.1645	272.3438	93.1194	1.8961	1.3785	76.1667
71.3286	8001.0000	-0.2330	1.3650	0.0000	208.3700	262.9100	230.4200	1.7368	282.9500	75.1052	3.0000	8000.0000	500.0000	0.0000	8000.6116	0.2559	0.2695	0.0461	0.0470	-1.8657	0.8411	-1.9425	0.4510	-7.2787	161.8406	297.1645	272.3438	93.1194	1.8961	1.3785	76.1667
71.7732	8004.0000	-0.2320	1.3635	0.0000	208.6310	263.0500	230.3920	1.7369	282.9600	75.1632	3.0000	8000.0000	500.0000	0.0000	7999.6056	0.2845	0.2705	0.0485	0.0491	-1.5801	0.9651	-1.8558	0.4063	-13.0324	172.1705	297.1740	272.3014	93.1353	1.8383	1.3487	76.0946
71.9351	8004.0000	-0.2320	1.3635	0.0000	208.6310	263.0500	230.3920	1.7369	282.9600	75.1632	3.0000	8000.0000	500.0000	0.0000	7999.6056	0.2845	0.2705	0.0485	0.0491	-1.5801	0.9651	-1.8558	0.4063	-13.0324	172.1705	297.1740	272.3014	93.1353	1.8383	1.3487	76.0946
72.5182	8001.0000	-0.2310	1.3601	0.0000	209.0260	262.1700	230.3580	1.7319	281.9200	75.2308	4.0000	8000.0000	500.0000	0.0000	8000.0386	0.2863	0.2698	0.0462	0.0463	-1.7465	1.0235	-1.9475	0.3979	-16.1726	173.7535	297.1917	274.1715	93.1417	2.0376	1.3523	76.0946
72.5410	8001.0000	-0.2310	1.3601	0.0000	209.0260	262.1700	230.3580	1.7319	281.9200	75.2308	4.0000	8000.0000	500.0000	0.0000	8000.0386	0.2863	0.2698	0.0462	0.0463	-1.7465	1.0235	-1.9475	0.3979	-16.1726	173.7535	297.1917	274.1715	93.1417	2.0376	1.3523	76.0946
73.1462	7999.0000	-0.2310	1.3600	0.0000	209.0870	262.7400	230.3500	1.7342	282.4500	75.2731	4.0000	8000.0000	500.0000	0.0000	8000.3592	0.2625	0.2693	0.0464	0.0482	-1.7881	0.9478	-2.0387	0.4153	-7.0242	166.0200	297.1947	271.4816	93.1491	1.9326	1.3459	76.0301
73.3700	7999.0000	-0.2310	1.3600	0.0000	209.0870	262.7400	230.3500	1.7342	282.4500	75.2731	4.0000	8000.0000	500.0000	0.0000	8000.3592	0.2625	0.2693	0.0464	0.0482	-1.7881	0.9478	-2.0387	0.4153	-7.0242	166.0200	297.1947	271.4816	93.1491	1.9326	1.3459	76.0301
73.7516	7994.0000	-0.2320	1.3571	0.0000	209.3180	261.7200	230.3550	1.7284	281.2500	75.3411	4.0000	8000.0000	500.0000	0.0000	8005.6001	0.2661	0.2624	0.0497	0.0475	-1.6968	0.9325	-1.7750	0.3715	-2.4688	174.0317	297.2353	273.6759	93.1552	1.9448	1.3499	75.9613
74.1037	7994.0000	-0.2320	1.3571	0.0000	209.3180	261.7200	230.3550	1.7284	281.2500	75.3411	4.0000	8000.0000	500.0000	0.0000	7998.3560	0.2714	0.2716	0.0464	0.0474	-1.7282	0.9226	-2.0340	0.4190	-5.2538	166.3687	297.2900	270.8700	93.1617	2.0205	1.3779	75.9613
74.3580	7994.0000	-0.2320	1.3571	0.0000	209.3180	261.7200	230.3550	1.7284	281.2500	75.3411	4.0000	8000.0000	500.0000	0.0000	7998.3560	0.2714	0.2716	0.0464	0.0474	-1.7282	0.9226	-2.0340	0.4190	-5.2538	166.3687	297.2900	270.8700	93.1617	2.0205	1.3779	75.9613
74.8502	7996.0000	-0.2310	1.3555	0.0000	209.4710	261.3900	230.3660	1.7260	280.8100	75.3655	4.0000	8000.0000	500.0000	0.0000	7999.0740	0.2711	0.2730	0.0493	0.0495	-1.5759	0.9419	-1.8319	0.4434	-23.1269	165.4015	297.2402	275.8515	93.1757	1.9280	1.3488	75.8909
74.9636	7996.0000	-0.2310	1.3555	0.0000	209.4710	261.3900	230.3660	1.7260	280.8100	75.3655	4.0000	8000.0000	500.0000	0.0000	7999.0740	0.2711	0.2730	0.0493	0.0495	-1.5759	0.9419	-1.8319	0.4434	-23.1269	165.4015	297.2402	275.8515	93.1757	1.9280	1.3488	75.8909
75.5664	7999.0000	-0.2300	1.3636	0.0000	208.7880	264.2300	230.4070	1.7444	284.1900	75.4014	4.0000	8000.0000	500.0000	0.0000	7998.1467	0.2799	0.2758	0.0482	0.0487	-1.6692	0.9462	-1.9728	0.4197	-9.3047	168.0148	297.2330	274.2806	93.1821	1.9969	1.3531	75.8909
75.5896	7999.0000	-0.2300	1.3636	0.0000	208.7880	264.2300	230.4070	1.7444	284.1900	75.4014	4.0000	8000.0000	500.0000	0.0000	7998.1467	0.2799	0.2758	0.0482	0.0487	-1.6692	0.9462	-1.9728	0.4197	-9.3047	168.0148	297.2330	274.2806	93.1821	1.9969	1.3531	75.8909
76.1701	8001.0000	-0.2310	1.3604	0.0000	209.3750	265.7600	230.4360	1.7514	285.4600	75.4807	4.0000	8000.0000	500.0000	0.0000	7999.7524	0.2773	0.2729	0.0468	0.0468	-1.7980	1.0037	-2.0022	0.4191	-15.2011	163.8141	297.4435	274.6147	93.1873	1.9707	1.3472	75.8274
76.3406	8001.0000	-0.2310	1.3604	0.0000	209.3750	265.7600	230.4360	1.7514	285.4600	75.4807	4.0000	8000.0000	500.0000	0.0000	7999.7524	0.2773	0.2729	0.0468	0.0468	-1.7980	1.0037	-2.0022	0.4191	-15.2011	163.8141	297.4435	274.6147	93.1873	1.9707	1.3472	75.8274
76.7814	8001.0000	-0.2330	1.3604	0.0000	209.2750	265.1700	230.5050	1.7489	285.0100	75.5263	4.0000	8000.0000	500.0000	0.0000	8000.6238	0.2873	0.2727	0.0467	0.0471	-1.6662	1.0410	-2.0239	0.3962	-17.6252	166.5029	297.3877	277.1148	93.1928	1.9658	1.3489	75.7596
77.0812	8001.0000	-0.2330	1.3604	0.0000	209.2750	265.1700	230.5050	1.7489	285.0100	75.5263	4.0000	8000.0000	500.0000	0.0000	8000.6238	0.2873	0.2727	0.0467	0.0471	-1.6662	1.0410	-2.0239	0.3962	-17.6252	166.5029	297.3877	277.1148	93.1928	1.9658	1.3489	75.7596
77.3916	8001.0000	-0.2330	1.3604	0.0000	209.2750	265.1700	230.5050	1.7489	285.0100	75.5263	4.0000	8000.0000	500.0000	0.0000	7999.5508	0.2834	0.2732	0.0491	0.0465	-1.6815	1.0284	-1.9711	0.4293	-18.4111	166.8600	297.5381	276.3383	93.2000	1.7843	1.3833	75.7596
77.8270	8002.0000	-0.2310	1.3580	0.0000	209.4040	263.6000	230.5420	1.7390	283.3400	75.5450	5.0000	8000.0000	500.0000	0.0000	8003.0496	0.2669	0.2680	0.0473	0.0479	-1.6976	0.9113	-1.8740	0.4024	-5.7329	171.8831	297.6455	276.3163	93.2129	1.8785	1.3502	75.6905
77.9814	8002.0000	-0.2310	1.3580	0.0000	209.4040	263.6000	230.5420	1.7390	283.3400	75.5450	5.0000	8000.0000	500.0000	0.0000	8003.0496	0.2669	0.2680	0.0473	0.0479	-1.6976	0.9113	-1.8740	0.4024	-5.7329	171.8831	297.6455	276.3163	93.2129	1.8785	1.3502	75.6905
78.5861	7997.0000	-0.2320	1.3599	0.0000	209.0910	262.8700	230.6530	1.7347	282.6100	75.6459	5.0000	8000.0000	500.0000	0.0000	8005.7837	0.2913	0.2642	0.0469	0.0480	-1.7650	1.0670	-2.0014	0.4460	-17.3205	163.6581	297.7221	272.2893	93.2188	2.0505	1.3500	75.6905
79.1826	7997.0000	-0.2320	1.3599	0.0000	209.0910	262.8700	230.6530	1.7347	282.6100	75.6459	5.0000	8000.0000	500.0000	0.0000	7996.7485	0.2654	0.2757	0.0475	0.0485	-1.6981	0.8887	-1.9215	0.3854	-0.7612	172.1014	297.8205	274.9104	93.2245	1.9744	1.3473	75.6277
79.1923	7997.0000	-0.2320	1.3599	0.0000	209.0910	262.8700	230.6530	1.7347	282.6100	75.6459	5.0000	8000.0000	500.0000	0.0000	7996.7485	0.2654	0.2757	0.0475	0.0485	-1.6981	0.8887	-1.9215	0.3854	-0.7612	172.1014	297.8205	274.9104	93.2245	1.9744	1.3473	75.6277
79.7980	7997.0000	-0.2300	1.3595	0.0000	209.1650	263.1700	230.7120	1.7363	282.9400	75.7130	5.0000	8000.0000	500.0000	0.0000	7998.6672	0.2645	0.2656	0.0478	0.0478	-1.7381	0.9268	-1.9279	0.4704	-16.5114	159.5141	297.8461	272.3780	93.2294	2.0680	1.3477	75.5611
79.9754	7997.0000	-0.2300	1.3595	0.0000	209.1650	263.1700	230.7120	1.7363	282.9400	75.7130	5.0000	8000.0000	500.0000	0.0000	7998.6672	0.2645	0.2656	0.0478	0.0478	-1.7381	0.9268	-1.9279	0.4704	-16.5114	159.5141	297.8461	272.3780	93.2294	2.0680	1.3477	75.5611
80.4041	8000.0000	-0.2310	1.3587	0.0000	209.1870	262.6200	230.7380	1.7325	282.2900	75.7487	5.0000	8000.0000	500.0000	0.0000	8002.1065	0.2717	0.2685	0.0472	0.0499	-1.5229	0.8820	-1.9701	0.4063	-2.4975	168.0748	297.8760	273.0993	93.2371	1.9979	1.3695	75.5611
80.7219	8000.0000	-0.2310	1.3587	0.0000	209.1870	262.6200	230.7380	1.7325	282.2900	75.7487	5.0000	8000.0000	500.0000	0.0000	8006.2616	0.2822	0.2615	0.0484	0.0467	-1.8016	1.0036	-1.8511	0.4274	-5.1665	164.4075	297.9754	271.9037	93.2466	1.9826	1.3450	75.4930
81.0091	8000.0000	-0.2310	1.3587	0.0000	209.1870	262.6200	230.7380	1.7325	282.2900	75.7487	5.0000	8000.0000	500.0000	0.0000	8006.2616	0.2822	0.2615	0.0484	0.0467	-1.8016	1.0036	-1.8511	0.4274	-5.1665	164.4075	297.9754	271.9037	93.2466	1.9826	1.3450	75.4930
81.4691	8006.0000	-0.2290	1.3532	0.0000	209.7530	261.6500	230.7720	1.7251	281.0200	75.7932	5.0000	8000.0000	500.0000	0.0000	7993.6891	0.2527	0.2777	0.0475	0.0490	-1.7098	0.8772	-1.9479	0.4479	-19.4912	166.6158	298.0034	270.3683	93.2501	1.9783	1.3429	75.4930
81.6151	8006.0000	-0.2290	1.3532	0.0000	209.7530	261.6500	230.7720	1.7251	281.0200	75.7932	5.0000	8000.0000	500.0000	0.0000	7993.6891	0.2527	0.2777	0.0475	0.0490	-1.7098	0.8772	-1.9479	0.4479	-19.4912	166.6158	298.0034	270.3683	93.2501	1.9783	1.3429	75.4930
82.2137	7999.0000	-0.2290	1.3511	0.0000	209.9560	261.2800	230.7790	1.7231	280.5800	75.7847	5.0000	8000.0000	500.0000	0.0000	7998.0919	0.2880	0.2731	0.0493	0.0466	-1.7580	1.0160	-1.8214	0.4424	-9.3395	168.4323	297.8862	273.5234	93.2520	1.9025	1.3398	75.4304
82.2204	7999.0000	-0.2290	1.3511	0.0000	209.9560	261.2800	230.7790	1.7231	280.5800	75.7847	5.0000	8000.0000	500.0000	0.0000	7998.0919	0.2880	0.2731	0.0493	0.0466	-1.7580	1.0160	-1.8214	0.4424	-9.3395	168.4323	297.8862	273.5234	93.2520	1.9025	1.3398	75.4304
82.8102	7993.0000	-0.2310	1.3596	0.0000	209.1420	263.7200	230.7710	1.7383	283.4600	75.8289	5.0000	8000.0000	500.0000	0.0000	8004.3208	0.2825	0.2697	0.0484	0.0464	-1.8251	1.0333	-1.9725	0.3951	-3.8363	168.9864	297.9037	274.5439	93.2555	1.9002	1.3461	75.3636
82.9759	7993.0000	-0.2310	1.3596	0.0000	209.1420	263.7200	230.7710	1.7383	283.4600	75.8289	5.0000	8000.0000	500.0000	0.0000	8004.3208	0.2825	0.2697	0.0484	0.0464	-1.8251	1.0333	-1.9725	0.3951	-3.8363	168.9864	297.9037	274.5439	93.2555	1.9002	1.3461	75.3636
83.4156	8002.0000	-0.2300	1.3582	0.0000	209.2160	262.7900	230.7620	1.7327	282.3400	75.8563	5.0000	8000.0000	500.0000	0.0000	8002.1153	0.2652	0.2688	0.0469	0.0490	-1.6771	0.8635	-1.9533	0.4504	-20.5208	163.6424	297.8871	272.3149	93.2635	2.0399	1.3791	75.3636
83.7120	8002.0000	-0.2300	1.3582	0.0000	209.2160	262.7900	230.7620	1.7327	282.3400	75.8563	5.0000	8000.0000	500.0000	0.0000	7998.4912	0.2636	0.2729	0.0473	0.0488	-1.7017	0.9572	-1.9709	0.4265	-9.2010	166.5627	297.8462	272.1487	93.2751	2.0420	1.3438	75.2968
84.0055	8002.0000	-0.2300	1.3582	0.0000	209.2160	262.7900	230.7620	1.7327	282.3400	75.8563	5.0000	8000.0000	500.0000	0.0000	7998.4912	0.2636	0.2729	0.0473	0.0488	-1.7017	0.9572	-1.9709	0.4265	-9.2010	166.5627	297.8462	272.1487	93.2751	2.0420	1.3438	75.2968
84.4672	7998.0000	-0.2300	1.3601	0.0000	208.8570	262.7800	230.7240	1.7339	282.4300	75.9028	6.0000	8000.0000	500.0000	0.0000	8002.2307	0.2646	0.2683	0.0488	0.0490	-1.7600	0.9109	-1.8216	0.4229	-5.8461	166.0896	297.7151	276.5226	93.2763	1.9072	1.3415	75.2968
84.6045	7998.0000	-0.2300	1.3601	0.0000	208.8570	262.7800	230.7240	1.7339	282.4300	75.9028	6.0000	8000.0000	500.0000	0.0000	8002.2307	0.2646	0.2683	0.0488	0.0490	-1.7600	0.9109	-1.8216	0.4229	-5.8461	166.0896	297.7151	276.5226	93.2763	1.9072	1.3415	75.2968
85.2027	7993.0000	-0.2290	1.3611	0.0000	208.9320	264.4700	230.6950	1.7432	284.1000	75.9439	NOT CONNECTED	8000.0000	500.0000	0.0000	8000.3405	0.2830	0.2723	0.0470	0.0463	-1.8261	1.0434	-1.8877	0.4036	-18.2503	169.0881	297.8062	275.7997	93.2812	2.0350	1.3482	75.2361
85.2102	7993.0000	-0.2290	1.3611	0.0000	208.9320	264.4700	230.6950	1.7432	284.1000	75.9439	NOT CONNECTED	8000.0000	500.0000	0.0000	8000.3405	0.2830	0.2723	0.0470	0.0463	-1.8261	1.0434	-1.8877	0.4036	-18.2503	169.0881	297.8062	275.7997	93.2812	2.0350	1.3482	75.2361
85.8156	8002.0000	-0.2300	1.3585	0.0000	209.2580	263.1900	230.6330	1.7367	282.8300	75.9749	NOT CONNECTED	8000.0000	500.0000	0.0000	7999.3707	0.2733	0.2711	0.0467	0.0484	-1.7421	0.9014	-1.8628	0.4515	-4.2370	164.7492	297.7707	271.8232	93.2867	2.0537	1.3492	75.1717
85.9772	8002.0000	-0.2300	1.3585	0.0000	209.2580	263.1900	230.6330	1.7367	282.8300	75.9749	NOT CONNECTED	8000.0000	500.0000	0.0000	7999.3707	0.2733	0.2711	0.0467	0.0484	-1.7421	0.9014	-1.8628	0.4515	-4.2370	164.7492	297.7707	271.8232	93.2867	2.0537	1.3492	75.1717
86.4373	8002.0000	-0.2300	1.3585	0.0000	209.2580	263.1900	230.6330	1.7367	282.8300	75.9749	NOT CONNECTED	0.0000	500.0000	0.0000	7998.5355	0.2698	0.2737	0.0495	0.0478	-1.7559	0.9333	-1.7953	0.4216	-10.2639	161.2809	297.6708	271.3938	93.2962	2.0128	1.3840	75.1717
86.9771	8082.0000	-0.1230	1.3413	0.0000	209.6820	247.0300	230.5700	1.6556	267.5500	75.9804	NOT CONNECTED	0.0000	500.0000	0.0000	8043.5105	0.0805	0.0789	0.0516	0.0507	-1.7334	0.2967	-1.7083	0.1688	-18.4409	166.3538	307.3343	100.0300	93.2859	1.8031	1.1966	75.1066
87.0569	8082.0000	-0.1230	1.3413	0.0000	209.6820	247.0300	230.5700	1.6556	267.5500	75.9804	NOT CONNECTED	0.0000	500.0000	0.0000	8043.5105	0.0805	0.0789	0.0516	0.0507	-1.7334	0.2967	-1.7083	0.1688	-18.4409	166.3538	307.3343	100.0300	93.2859	1.8031	1.1966	75.1066
87.6559	8005.0000	-0.0560	1.1738	0.0000	217.3400	92.6600	230.6410	0.7140	104.8400	76.0808	NOT CONNECTED	0.0000	500.0000	0.0000	8004.3569	0.1177	0.0977	0.0518	0.0509	-1.6797	0.3701	-1.7225	0.1764	-17.7874	169.4663	305.5960	120.8102	93.2182	1.7340	1.1651	75.0187
87.7085	8005.0000	-0.0560	1.1738	0.0000	217.3400	92.6600	230.6410	0.7140	104.8400	76.0808	NOT CONNECTED	0.0000	500.0000	0.0000	8004.3569	0.1177	0.0977	0.0518	0.0509	-1.6797	0.3701	-1.7225	0.1764	-17.7874	169.4663	305.5960	120.8102	93.2182	1.7340	1.1651	75.0187
88.2568	7995.0000	-0.0680	1.1885	0.0000	215.7160	116.8800	230.5160	0.8626	129.6100	76.0747	NOT CONNECTED	0.0000	500.0000	0.0000	7998.9668	0.1080	0.1074	0.0503	0.0509	-1.5736	0.3258	-1.8082	0.1551	-6.3553	171.1523	305.2682	123.4320	93.1610	1.6722	1.1627	75.0187
88.4694	7995.0000	-0.0680	1.1885	0.0000	215.7160	116.8800	230.5160	0.8626	129.6100	76.0747	NOT CONNECTED	0.0000	500.0000	0.0000	7998.9668	0.1080	0.1074	0.0503	0.0509	-1.5736	0.3258	-1.8082	0.1551	-6.3553	171.1523	305.2682	123.4320	93.1610	1.6722	1.1627	75.0187
88.8456	8000.0000	-0.0680	1.1913	0.0000	215.4250	116.4200	230.4920	0.8610	129.2400	76.0944	NOT CONNECTED	0.0000	500.0000	0.0000	8001.4048	0.1007	0.1053	0.0514	0.0509	-1.6407	0.2891	-1.7549	0.1668	-15.9823	168.5539	305.2556	124.1172	93.1107	1.7369	1.1763	74.9260
89.2034	8000.0000	-0.0680	1.1913	0.0000	215.4250	116.4200	230.4920	0.8610	129.2400	76.0944	NOT CONNECTED	0.0000	500.0000	0.0000	7997.0824	0.1108	0.1106	0.0517	0.0497	-1.7689	0.3957	-1.7158	0.1445	-10.9339	173.3493	305.1838	124.6542	93.0728	1.7482	1.2148	74.9260
89.4515	8000.0000	-0.0680	1.1913	0.0000	215.4250	116.4200	230.4920	0.8610	129.2400	76.0944	NOT CONNECTED	0.0000	500.0000	0.0000	7997.0824	0.1108	0.1106	0.0517	0.0497	-1.7689	0.3957	-1.7158	0.1445	-10.9339	173.3493	305.1838	124.6542	93.0728	1.7482	1.2148	74.9260
89.9761	7995.0000	-0.0680	1.1911	0.0000	215.4220	116.0700	230.4460	0.8593	128.9500	76.1116	NOT CONNECTED	0.0000	500.0000	0.0000	7999.6912	0.0924	0.1054	0.0513	0.0509	-1.6240	0.3171	-1.7278	0.0913	-8.7435	173.5674	305.2781	111.2992	93.0399	1.7461	1.1772	74.8334
90.0612	7995.0000	-0.0680	1.1911	0.0000	215.4220	116.0700	230.4460	0.8593	128.9500	76.1116	NOT CONNECTED	0.0000	500.0000	0.0000	7999.6912	0.0924	0.1054	0.0513	0.0509	-1.6240	0.3171	-1.7278	0.0913	-8.7435	173.5674	305.2781	111.2992	93.0399	1.7461	1.1772	74.8334
90.6709	7836.0000	0.0140	1.1908	0.0000	215.4110	115.5900	230.4300	0.8574	128.6400	76.1008	NOT CONNECTED	0.0000	500.0000	0.0000	7714.9883	-0.0115	0.0083	0.0534	0.0531	-1.4775	-0.0805	-1.5936	0.0237	-8.9822	165.6943	313.2608	30.9474	92.9895	1.6676	1.0766	74.7378
90.7077	7836.0000	0.0140	1.1908	0.0000	215.4110	115.5900	230.4300	0.8574	128.6400	76.1008	NOT CONNECTED	0.0000	500.0000	0.0000	7714.9883	-0.0115	0.0083	0.0534	0.0531	-1.4775	-0.0805	-1.5936	0.0237	-8.9822	165.6943	313.2608	30.9474	92.9895	1.6676	1.0766	74.7378
91.2837	7446.0000	0.0110	1.0901	0.0000	211.5190	26.4100	230.4620	0.2890	37.8800	76.1264	NOT CONNECTED	0.0000	500.0000	0.0000	7397.5901	0.0364	0.0067	0.0535	0.0531	-1.4366	0.1239	-1.6618	-0.0193	-7.7770	168.5195	312.9308	32.6984	92.9180	1.8072	1.0705	74.7378
91.4688	7446.0000	0.0110	1.0901	0.0000	211.5190	26.4100	230.4620	0.2890	37.8800	76.1264	NOT CONNECTED	0.0000	500.0000	0.0000	7397.5901	0.0364	0.0067	0.0535	0.0531	-1.4366	0.1239	-1.6618	-0.0193	-7.7770	168.5195	312.9308	32.6984	92.9180	1.8072	1.0705	74.7378
91.8872	7059.0000	0.0030	1.0950	0.0000	204.6760	28.4200	230.4570	0.3049	40.2900	76.0912	NOT CONNECTED	0.0000	500.0000	0.0000	7092.4888	-0.0086	-0.0000	0.0529	0.0531	-1.5579	0.0255	-1.4157	-0.0228	-12.7138	156.3317	312.8888	29.7982	92.8593	1.4393	1.0758	74.6250
92.2195	7059.0000	0.0030	1.0950	0.0000	204.6760	28.4200	230.4570	0.3049	40.2900	76.0912	NOT CONNECTED	0.0000	500.0000	0.0000	6794.8170	0.0008	-0.0000	0.0524	0.0531	-1.5795	0.0351	-1.7360	-0.0003	-14.4192	151.5898	312.9956	29.4733	92.8122	1.7491	1.1052	74.6250
92.5020	7059.0000	0.0030	1.0950	0.0000	204.6760	28.4200	230.4570	0.3049	40.2900	76.0912	NOT CONNECTED	0.0000	500.0000	0.0000	6794.8170	0.0008	-0.0000	0.0524	0.0531	-1.5795	0.0351	-1.7360	-0.0003	-14.4192	151.5898	312.9956	29.4733	92.8122	1.7491	1.1052	74.6250
92.9785	6690.0000	0.0020	1.0914	0.0000	190.5820	26.0400	230.4870	0.2930	38.4600	76.0658	NOT CONNECTED	0.0000	500.0000	0.0000	6794.8170	0.0008	-0.0000	0.0524	0.0531	-1.5795	0.0351	-1.7360	-0.0003	-14.4192	151.5898	312.9956	29.4733	92.8122	1.7491	1.1052	74.6250
93.6158	6326.0000	0.0030	1.0870	0.0000	183.6940	24.7800	230.5090	0.2855	37.3700	76.0670	NOT CONNECTED	0.0000	500.0000	0.0000	6264.8713	0.0051	-0.0000	0.0530	0.0531	-1.4835	0.0219	-1.6651	0.0080	-12.1841	139.9680	313.2228	28.2217	92.7349	1.6877	1.0805	74.5078
93.7273	6326.0000	0.0030	1.0870	0.0000	183.6940	24.7800	230.5090	0.2855	37.3700	76.0670	NOT CONNECTED	0.0000	500.0000	0.0000	6264.8713	0.0051	-0.0000	0.0530	0.0531	-1.4835	0.0219	-1.6651	0.0080	-12.1841	139.9680	313.2228	28.2217	92.7349	1.6877	1.0805	74.5078
94.2208	5992.0000	0.0040	1.0881	0.0000	170.6820	24.5500	230.5680	0.2853	37.3900	76.0299	NOT CONNECTED	0.0000	500.0000	0.0000	5988.8480	0.0027	-0.0000	0.0529	0.0531	-1.5361	0.0182	-1.6951	-0.0081	-12.2115	137.0658	313.3109	27.6633	92.6980	1.5774	1.0824	74.3913
94.4708	5992.0000	0.0040	1.0881	0.0000	170.6820	24.5500	230.5680	0.2853	37.3900	76.0299	NOT CONNECTED	0.0000	500.0000	0.0000	5988.8480	0.0027	-0.0000	0.0529	0.0531	-1.5361	0.0182	-1.6951	-0.0081	-12.2115	137.0658	313.3109	27.6633	92.6980	1.5774	1.0824	74.3913
94.8217	5992.0000	0.0040	1.0881	0.0000	170.6820	24.5500	230.5680	0.2853	37.3900	76.0299	NOT CONNECTED	0.0000	500.0000	0.0000	5734.6021	0.0025	-0.0000	0.0532	0.0531	-1.5233	0.0129	-1.5112	-0.0322	-10.7270	127.2563	313.3811	28.1273	92.6655	1.4061	1.0892	74.2701
95.2039	5668.0000	0.0040	1.0892	0.0000	164.3600	24.0200	230.6060	0.2823	36.9500	76.0189	NOT CONNECTED	0.0000	500.0000	0.0000	5482.2422	0.0129	-0.0000	0.0532	0.0531	-1.7148	0.0576	-1.4002	0.0073	-11.6962	120.5715	313.1648	27.9533	92.6386	1.3002	1.1070	74.2701
95.4184	5668.0000	0.0040	1.0892	0.0000	164.3600	24.0200	230.6060	0.2823	36.9500	76.0189	NOT CONNECTED	0.0000	500.0000	0.0000	5482.2422	0.0129	-0.0000	0.0532	0.0531	-1.7148	0.0576	-1.4002	0.0073	-11.6962	120.5715	313.1648	27.9533	92.6386	1.3002	1.1070	74.2701
95.9775	5361.0000	0.0050	1.0897	0.0000	152.9430	25.5100	230.6780	0.2928	38.5800	75.9717	NOT CONNECTED	0.0000	500.0000	0.0000	5225.0208	-0.0027	-0.0000	0.0532	0.0531	-1.5719	0.0003	-1.6654	0.0174	-12.6592	115.2249	313.2920	27.0930	92.6148	1.7411	1.0877	74.1465
96.0274	5361.0000	0.0050	1.0897	0.0000	152.9430	25.5100	230.6780	0.2928	38.5800	75.9717	NOT CONNECTED	0.0000	500.0000	0.0000	5225.0208	-0.0027	-0.0000	0.0532	0.0531	-1.5719	0.0003	-1.6654	0.0174	-12.6592	115.2249	313.2920	27.0930	92.6148	1.7411	1.0877	74.1465
96.6363	5059.0000	0.0060	1.0904	0.0000	147.3870	25.5600	230.7120	0.2935	38.6900	75.9688	NOT CONNECTED	0.0000	500.0000	0.0000	4995.8715	0.0109	-0.0000	0.0529	0.0531	-1.5937	0.0415	-1.6824	-0.0011	-13.8602	114.4750	313.3096	26.8303	92.5918	1.6994	1.0910	74.1465
96.7266	5059.0000	0.0060	1.0904	0.0000	147.3870	25.5600	230.7120	0.2935	38.6900	75.9688	NOT CONNECTED	0.0000	500.0000	0.0000	4995.8715	0.0109	-0.0000	0.0529	0.0531	-1.5937	0.0415	-1.6824	-0.0011	-13.8602	114.4750	313.3096	26.8303	92.5918	1.6994	1.0910	74.1465
97.2399	4770.0000	0.0080	1.0908	0.0000	136.5700	25.3300	230.7790	0.2923	38.5200	75.9276	NOT CONNECTED	0.0000	500.0000	0.0000	4754.0967	0.0027	-0.0000	0.0531	0.0531	-1.6271	-0.0194	-1.4915	0.0095	-8.8922	101.7875	313.3340	27.5291	92.5716	1.7504	1.0910	74.1964
97.4698	4770.0000	0.0080	1.0908	0.0000	136.5700	25.3300	230.7790	0.2923	38.5200	75.9276	NOT CONNECTED	0.0000	500.0000	0.0000	4754.0967	0.0027	-0.0000	0.0531	0.0531	-1.6271	-0.0194	-1.4915	0.0095	-8.8922	101.7875	313.3340	27.5291	92.5716	1.7504	1.0910	74.1964
97.8369	4770.0000	0.0080	1.0908	0.0000	136.5700	25.3300	230.7790	0.2923	38.5200	75.9276	NOT CONNECTED	0.0000	500.0000	0.0000	4550.3476	-0.0052	-0.0000	0.0531	0.0531	-1.5204	-0.0487	-1.6171	-0.0062	-11.1099	103.2148	313.4287	28.3475	92.5538	1.3678	1.0932	74.2430
98.2143	4507.0000	0.0070	1.0922	0.0000	131.2910	25.1900	230.8070	0.2919	38.4900	75.9802	NOT CONNECTED	0.0000	500.0000	0.0000	4348.6791	-0.0051	-0.0000	0.0531	0.0531	-1.5634	-0.0151	-1.6080	-0.0161	-11.5519	99.7590	313.4043	28.4549	92.5385	1.4597	1.1066	74.2430
98.4394	4507.0000	0.0070	1.0922	0.0000	131.2910	25.1900	230.8070	0.2919	38.4900	75.9802	NOT CONNECTED	0.0000	500.0000	0.0000	4348.6791	-0.0051	-0.0000	0.0531	0.0531	-1.5634	-0.0151	-1.6080	-0.0161	-11.5519	99.7590	313.4043	28.4549	92.5385	1.4597	1.1066	74.2430
98.9775	4234.0000	0.0040	1.0915	0.0000	121.2140	25.0100	230.8530	0.2902	38.3000	76.0133	NOT CONNECTED	0.0000	500.0000	0.0000	4128.8308	0.0053	-0.0000	0.0530	0.0531	-1.5927	0.0433	-1.7440	0.0270	-12.7953	86.7171	313.5179	27.1380	92.5264	1.6767	1.0982	74.2875
99.0417	4234.0000	0.0040	1.0915	0.0000	121.2140	25.0100	230.8530	0.2902	38.3000	76.0133	NOT CONNECTED	0.0000	500.0000	0.0000	4128.8308	0.0053	-0.0000	0.0530	0.0531	-1.5927	0.0433	-1.7440	0.0270	-12.7953	86.7171	313.5179	27.1380	92.5264	1.6767	1.0982	74.2875
99.6482	3972.0000	0.0030	1.0931	0.0000	116.4070	24.9100	230.8680	0.2894	38.1700	75.9955	NOT CONNECTED	0.0000	500.0000	0.0000	3896.5685	0.0072	-0.0000	0.0530	0.0531	-1.6040	0.0120	-1.5983	-0.0231	-10.0556	90.7306	313.5477	27.3721	92.5135	1.7084	1.0987	74.3321
99.7281	3972.0000	0.0030	1.0931	0.0000	116.4070	24.9100	230.8680	0.2894	38.1700	75.9955	NOT CONNECTED	0.0000	500.0000	0.0000	3896.5685	0.0072	-0.0000	0.0530	0.0531	-1.6040	0.0120	-1.5983	-0.0231	-10.0556	90.7306	313.5477	27.3721	92.5135	1.7084	1.0987	74.3321
100.2536	3724.0000	0.0020	1.0937	0.0000	106.9080	24.6900	230.8850	0.2874	37.8900	76.0634	NOT CONNECTED	0.0000	500.0000	0.0000	3705.3212	-0.0028	-0.0000	0.0530	0.0531	-1.5343	-0.0314	-1.7141	0.0106	-11.6045	79.6557	313.5126	28.6340	92.5013	1.6917	1.0991	74.3321
100.4673	3724.0000	0.0020	1.0937	0.0000	106.9080	24.6900	230.8850	0.2874	37.8900	76.0634	NOT CONNECTED	0.0000	500.0000	0.0000	3705.3212	-0.0028	-0.0000	0.0530	0.0531	-1.5343	-0.0314	-1.7141	0.0106	-11.6045	79.6557	313.5126	28.6340	92.5013	1.6917	1.0991	74.3321
100.8607	3479.0000	0.0030	1.0945	0.0000	102.2490	24.7200	230.8880	0.2878	37.9200	76.0859	NOT CONNECTED	0.0000	500.0000	0.0000	3500.4968	-0.0031	-0.0000	0.0531	0.0531	-1.5148	0.0093	-1.7137	-0.0053	-12.0063	82.0837	313.5234	27.2135	92.4906	1.7745	1.0993	74.3742
101.2134	3479.0000	0.0030	1.0945	0.0000	102.2490	24.7200	230.8880	0.2878	37.9200	76.0859	NOT CONNECTED	0.0000	500.0000	0.0000	3330.9755	0.0074	-0.0000	0.0530	0.0531	-1.7507	0.0303	-1.4966	0.0095	-12.4714	72.1637	313.5017	28.0328	92.4815	1.4630	1.1068	74.3742
101.4573	3479.0000	0.0030	1.0945	0.0000	102.2490	24.7200	230.8880	0.2878	37.9200	76.0859	NOT CONNECTED	0.0000	500.0000	0.0000	3330.9755	0.0074	-0.0000	0.0530	0.0531	-1.7507	0.0303	-1.4966	0.0095	-12.4714	72.1637	313.5017	28.0328	92.4815	1.4630	1.1068	74.3742
101.9763	3243.0000	0.0020	1.0946	0.0000	93.2710	24.5500	230.8830	0.2861	37.7200	76.1358	NOT CONNECTED	0.0000	500.0000	0.0000	3142.0773	-0.0023	-0.0000	0.0530	0.0531	-1.4892	0.0113	-1.3859	-0.0044	-11.9014	72.5552	313.5531	27.3269	92.4734	1.3440	1.0999	74.4149
102.0557	3243.0000	0.0020	1.0946	0.0000	93.2710	24.5500	230.8830	0.2861	37.7200	76.1358	NOT CONNECTED	0.0000	500.0000	0.0000	3142.0773	-0.0023	-0.0000	0.0530	0.0531	-1.4892	0.0113	-1.3859	-0.0044	-11.9014	72.5552	313.5531	27.3269	92.4734	1.3440	1.0999	74.4149
102.6469	2992.0000	0.0170	1.0950	0.0000	88.9600	24.6000	230.8770	0.2860	37.7300	76.2113	NOT CONNECTED	0.0000	500.0000	0.0000	2907.8561	-0.1063	-0.0000	0.0533	0.0533	-1.7101	-0.3679	-1.3033	-0.0970	-13.1425	32.1602	315.3250	15.0420	92.4653	1.2157	1.1053	74.4557
102.7091	2992.0000	0.0170	1.0950	0.0000	88.9600	24.6000	230.8770	0.2860	37.7300	76.2113	NOT CONNECTED	0.0000	500.0000	0.0000	2907.8561	-0.1063	-0.0000	0.0533	0.0533	-1.7101	-0.3679	-1.3033	-0.0970	-13.1425	32.1602	315.3250	15.0420	92.4653	1.2157	1.1053	74.4557
103.2529	2583.0000	0.0520	1.1098	0.0000	77.4120	10.8600	230.8630	0.1906	23.8800	76.2622	NOT CONNECTED	0.0000	500.0000	0.0000	2526.4426	0.0037	-0.1045	0.0533	0.0531	-1.6383	-0.0108	-1.4169	0.1000	-19.9957	50.8214	315.7904	13.1397	92.4619	1.6676	1.1165	74.4557
103.4688	2583.0000	0.0520	1.1098	0.0000	77.4120	10.8600	230.8630	0.1906	23.8800	76.2622	NOT CONNECTED	0.0000	500.0000	0.0000	2526.4426	0.0037	-0.1045	0.0533	0.0531	-1.6383	-0.0108	-1.4169	0.1000	-19.9957	50.8214	315.7904	13.1397	92.4619	1.6676	1.1165	74.4557
103.8452	2062.0000	0.0700	1.1098	0.0000	68.7980	8.3300	230.8510	0.1720	21.2800	76.3405	NOT CONNECTED	0.0000	500.0000	0.0000	2146.6732	-0.1290	-0.0000	0.0529	0.0534	-1.7583	-0.3992	-1.2265	-0.2069	-10.9053	40.9809	316.3654	12.8212	92.4590	1.3148	1.1205	74.4960
104.1992	2062.0000	0.0700	1.1098	0.0000	68.7980	8.3300	230.8510	0.1720	21.2800	76.3405	NOT CONNECTED	0.0000	500.0000	0.0000	1643.5506	-0.1091	-0.1317	0.0534	0.0533	-1.4698	-0.3410	-1.5062	-0.2084	-10.1632	33.1557	317.7210	3.2421	92.4577	1.5059	1.1203	74.4960
104.4418	2062.0000	0.0700	1.1098	0.0000	68.7980	8.3300	230.8510	0.1720	21.2800	76.3405	NOT CONNECTED	0.0000	500.0000	0.0000	1643.5506	-0.1091	-0.1317	0.0534	0.0533	-1.4698	-0.3410	-1.5062	-0.2084	-10.1632	33.1557	317.7210	3.2421	92.4577	1.5059	1.1203	74.4960
104.9760	1363.0000	0.1340	1.0999	0.0000	43.0170	0.4200	230.8190	0.1095	12.6900	76.4881	NOT CONNECTED	0.0000	500.0000	0.0000	907.6558	-0.1972	-0.2000	0.0537	0.0538	-1.4823	-0.6085	-1.3578	-0.3172	-11.2778	14.3079	316.9471	8.5460	92.4532	1.4141	1.1134	74.5349
105.0252	1363.0000	0.1340	1.0999	0.0000	43.0170	0.4200	230.8190	0.1095	12.6900	76.4881	NOT CONNECTED	0.0000	500.0000	0.0000	907.6558	-0.1972	-0.2000	0.0537	0.0538	-1.4823	-0.6085	-1.3578	-0.3172	-11.2778	14.3079	316.9471	8.5460	92.4532	1.4141	1.1134	74.5349
105.6274	320.0000	0.1800	1.0986	0.0000	26.1730	4.4800	230.7950	0.1332	15.9200	76.6284	NOT CONNECTED	0.0000	500.0000	0.0000	215.3626	0.0000	0.0206	0.0531	0.0532	-1.6887	0.2426	-1.5715	0.1202	-12.5346	6.2527	314.7323	0.0000	92.4447	1.5875	1.0712	74.5349
105.7269	320.0000	0.1800	1.0986	0.0000	26.1730	4.4800	230.7950	0.1332	15.9200	76.6284	NOT CONNECTED	0.0000	500.0000	0.0000	215.3626	0.0000	0.0206	0.0531	0.0532	-1.6887	0.2426	-1.5715	0.1202	-12.5346	6.2527	314.7323	0.0000	92.4447	1.5875	1.0712	74.5349
106.2331	5.0000	-0.0090	0.0067	0.0000	0.0000	-0.0200	230.7640	0.0000	1.5000	76.7997	NOT CONNECTED	0.0000	500.0000	0.0000	0.0000	0.0000	0.0000	0.0931	0.0532	-1.6887	0.2426	-1.7018	0.1202	-12.5346	6.2527	321.3351	0.0000	92.3344	1.7060	0.0147	74.5704
106.4690	5.0000	-0.0090	0.0067	0.0000	0.0000	-0.0200	230.7640	0.0000	1.5000	76.7997	NOT CONNECTED	0.0000	500.0000	0.0000	0.0000	0.0000	0.0000	0.0931	0.0532	-1.6887	0.2426	-1.7018	0.1202	-12.5346	6.2527	321.3351	0.0000	92.3344	1.7060	0.0147	74.5704
106.8385	0.0000	-0.0020	0.0066	0.0000	0.0000	-0.0200	230.7350	0.0000	1.4200	76.8647	NOT CONNECTED	0.0000	500.0000	0.0000	0.0000	0.0000	0.0000	0.0931	0.0532	-1.6887	0.2426	-1.7018	0.1202	-12.5346	6.2527	321.2864	0.0000	92.1420	1.7060	0.0053	74.5349
107.2022	0.0000	-0.0020	0.0066	0.0000	0.0000	-0.0200	230.7350	0.0000	1.4200	76.8647	NOT CONNECTED	0.0000	500.0000	0.0000	0.0000	0.0000	0.0000	0.0931	0.0532	-1.6887	0.2426	-1.7018	0.1202	0.0000	0.0000	321.2350	0.0000	91.9686	1.7060	0.0056	74.5349
107.4437	0.0000	-0.0020	0.0066	0.0000	0.0000	-0.0200	230.7350	0.0000	1.4200	76.8647	NOT CONNECTED	0.0000	500.0000	0.0000	0.0000	0.0000	0.0000	0.0931	0.0532	-1.6887	0.2426	-1.7018	0.1202	0.0000	0.0000	321.2350	0.0000	91.9686	1.7060	0.0056	74.5349
107.9767	0.0000	-0.0020	0.0066	0.0000	0.0000	-0.0200	230.6790	0.0000	1.3100	76.8673	NOT CONNECTED	0.0000	500.0000	0.0000	0.0000	0.0000	0.0000	0.0931	0.0532	-1.6887	0.2426	-1.7018	0.1202	0.0000	0.0000	321.2053	0.0000	91.8116	1.7060	0.0053	74.4907
108.0491	0.0000	-0.0020	0.0066	0.0000	0.0000	-0.0200	230.6790	0.0000	1.3100	76.8673	NOT CONNECTED	0.0000	500.0000	0.0000	0.0000	0.0000	0.0000	0.0931	0.0532	-1.6887	0.2426	-1.7018	0.1202	0.0000	0.0000	321.2053	0.0000	91.8116	1.7060	0.0053	74.4907
108.6541	0.0000	-0.0020	0.0066	0.0000	0.0000	-0.0200	230.6510	0.0000	1.2900	76.8758	NOT CONNECTED	0.0000	500.0000	0.0000	0.0000	0.0000	0.0000	0.0931	0.0532	-1.6887	0.2426	-1.7018	0.1202	0.0000	0.0000	321.2296	0.0000	91.6693	1.7060	0.0052	74.4467
108.7083	0.0000	-0.0020	0.0066	0.0000	0.0000	-0.0200	230.6510	0.0000	1.2900	76.8758	NOT CONNECTED	0.0000	500.0000	0.0000	0.0000	0.0000	0.0000	0.0931	0.0532	-1.6887	0.2426	-1.7018	0.1202	0.0000	0.0000	321.2296	0.0000	91.6693	1.7060	0.0052	74.4467
109.2605	0.0000	-0.0020	0.0066	0.0000	0.0000	-0.0200	230.5950	0.0000	1.2800	76.8448	NOT CONNECTED	0.0000	500.0000	0.0000	0.0000	0.0000	0.0000	0.0931	0.0532	-1.6887	0.2426	-1.7018	0.1202	0.0000	0.0000	321.1322	0.0000	91.5350	1.7060	0.0055	74.4467
109.4677	0.0000	-0.0020	0.0066	0.0000	0.0000	-0.0200	230.5950	0.0000	1.2800	76.8448	NOT CONNECTED	0.0000	500.0000	0.0000	0.0000	0.0000	0.0000	0.0931	0.0532	-1.6887	0.2426	-1.7018	0.1202	0.0000	0.0000	321.1322	0.0000	91.5350	1.7060	0.0055	74.4467
109.8651	0.0000	-0.0020	0.0066	0.0000	0.0000	-0.0200	230.5710	0.0000	1.2900	76.7927	NOT CONNECTED	0.0000	500.0000	0.0000	0.0000	0.0000	0.0000	0.0931	0.0532	-1.6887	0.2426	-1.7018	0.1202	0.0000	0.0000	321.1078	0.0000	91.4179	1.7060	0.0053	74.4027
110.2102	0.0000	-0.0020	0.0066	0.0000	0.0000	-0.0200	230.5710	0.0000	1.2900	76.7927	NOT CONNECTED	0.0000	500.0000	0.0000	0.0000	0.0000	0.0000	0.0931	0.0532	-1.6887	0.2426	-1.7018	0.1202	0.0000	0.0000	321.0470	0.0000	91.3110	1.7060	0.0052	74.4027
110.4711	NOT CONNECTED	NOT CONNECTED	NOT CONNECTED	NOT CONNECTED	NOT CONNECTED	NOT CONNECTED	NOT CONNECTED	NOT CONNECTED	NOT CONNECTED	NOT CONNECTED	NOT CONNECTED	0.0000	500.0000	0.0000	0.0000	0.0000	0.0000	0.0931	0.0532	-1.6887	0.2426	-1.7018	0.1202	0.0000	0.0000	321.0470	0.0000	91.3110	1.7060	0.0052	74.4027
