Time	speed	torque	motor_current	motor_current_thd	motor_voltage	motor_power	line_voltage	line_current	line_power	motor_temperature	Test_Marker	BD_Target_Speed	BD_Target_Accel	BD_Update_Cmd	Mcl_Quantities.Speed_Rot_Mech	Mcl_Quantities.Torque	Mcl_Quantities.Torque_Ref	Mcl_Quantities.Stator_Flux_Mag	Mcl_Quantities.Flux_Ref	Mcl_Quantities.Id_stator_current	Mcl_Quantities.Iq_stator_current	Mcl_Quantities.Id_rotor_current	Rotor_Curr_Iq	Flux_Controller.Out	Torque_Controller.Out	DC_Bus_RMS	Mcl_Quantities.Electrical_Power	Mcl_Quantities.Stator_Temperature	Mcl_Quantities.Is_Abs	Mcl_Quantities.IsRMS	SR_Overheating_Temp
0.7357	0.0000	-0.0030	0.0066	0.0000	0.0000	-0.0200	230.5160	0.0000	1.2900	71.1911	NOT CONNECTED	NOT CONNECTED	NOT CONNECTED	NOT CONNECTED	NOT CONNECTED	NOT CONNECTED	NOT CONNECTED	NOT CONNECTED	NOT CONNECTED	NOT CONNECTED	NOT CONNECTED	NOT CONNECTED	NOT CONNECTED	NOT CONNECTED	NOT CONNECTED	NOT CONNECTED	NOT CONNECTED	NOT CONNECTED	NOT CONNECTED	NOT CONNECTED	NOT CONNECTED
1.5424	0.0000	-0.0030	0.0066	0.0000	0.0000	-0.0200	230.5160	0.0000	1.2900	71.1911	NOT CONNECTED	0.0000	500.0000	0.0000	0.0000	0.0000	0.0000	0.0931	0.0531	-1.6692	0.1595	-1.6749	0.0796	0.0000	0.0000	320.9685	0.0000	89.5392	1.6768	0.0054	66.4101
2.1487	0.0000	-0.0030	0.0066	0.0000	0.0000	-0.0200	230.4940	0.0000	1.3000	70.9638	NOT CONNECTED	0.0000	500.0000	0.0000	0.0000	0.0000	0.0000	0.0931	0.0531	-1.6692	0.1595	-1.6749	0.0796	0.0000	0.0000	320.9496	0.0000	89.4845	1.6768	0.0052	66.3819
2.7540	0.0000	-0.0030	0.0066	0.0000	0.0000	-0.0200	230.4940	0.0000	1.3000	70.9638	NOT CONNECTED	0.0000	500.0000	0.0000	0.0000	0.0000	0.0000	0.0931	0.0531	-1.6692	0.1595	-1.6749	0.0796	0.0000	0.0000	320.9401	0.0000	89.4336	1.6768	0.0053	66.3819
2.9854	0.0000	-0.0030	0.0066	0.0000	0.0000	-0.0200	230.4940	0.0000	1.3000	70.9638	NOT CONNECTED	0.0000	500.0000	0.0000	0.0000	0.0000	0.0000	0.0931	0.0531	-1.6692	0.1595	-1.6749	0.0796	0.0000	0.0000	320.9401	0.0000	89.4336	1.6768	0.0053	66.3819
3.3598	0.0000	-0.0010	0.0067	0.0000	0.0000	-0.0200	230.4850	0.0000	1.3000	70.8691	NOT CONNECTED	0.0000	500.0000	0.0000	0.0000	0.0000	0.0000	0.0931	0.0531	-1.6692	0.1595	-1.6749	0.0796	0.0000	0.0000	320.9333	0.0000	89.3861	1.6768	0.0054	66.3537
3.7207	0.0000	-0.0010	0.0067	0.0000	0.0000	-0.0200	230.4850	0.0000	1.3000	70.8691	NOT CONNECTED	0.0000	500.0000	0.0000	0.0000	0.0000	0.0000	0.0931	0.0531	-1.6692	0.1595	-1.6749	0.0796	0.0000	0.0000	320.9685	0.0000	89.3415	1.6768	0.0051	66.3256
3.9647	0.0000	-0.0010	0.0067	0.0000	0.0000	-0.0200	230.4850	0.0000	1.3000	70.8691	NOT CONNECTED	0.0000	500.0000	0.0000	0.0000	0.0000	0.0000	0.0931	0.0531	-1.6692	0.1595	-1.6749	0.0796	0.0000	0.0000	320.9685	0.0000	89.3415	1.6768	0.0051	66.3256
4.4622	0.0000	-0.0020	0.0067	0.0000	0.0000	-0.0200	230.4820	0.0000	1.3000	70.8075	NOT CONNECTED	0.0000	500.0000	0.0000	0.0000	0.0000	0.0000	0.0931	0.0531	-1.6692	0.1595	-1.6749	0.0796	0.0000	0.0000	320.9130	0.0000	89.2996	1.6768	0.0054	66.3256
4.5549	0.0000	-0.0020	0.0067	0.0000	0.0000	-0.0200	230.4820	0.0000	1.3000	70.8075	NOT CONNECTED	0.0000	500.0000	0.0000	0.0000	0.0000	0.0000	0.0931	0.0531	-1.6692	0.1595	-1.6749	0.0796	0.0000	0.0000	320.9130	0.0000	89.2996	1.6768	0.0054	66.3256
5.1606	0.0000	-0.0030	0.0067	0.0000	0.0000	-0.0200	230.4760	0.0000	1.3100	70.7338	NOT CONNECTED	0.0000	500.0000	0.0000	0.0000	0.0000	0.0000	0.0931	0.0531	-1.6692	0.1595	-1.6749	0.0796	0.0000	0.0000	320.9117	0.0000	89.2601	1.6768	0.0052	66.2975
5.2202	0.0000	-0.0030	0.0067	0.0000	0.0000	-0.0200	230.4760	0.0000	1.3100	70.7338	NOT CONNECTED	0.0000	500.0000	0.0000	0.0000	0.0000	0.0000	0.0931	0.0531	-1.6692	0.1595	-1.6749	0.0796	0.0000	0.0000	320.9117	0.0000	89.2601	1.6768	0.0052	66.2975
5.7657	0.0000	-0.0030	0.0066	0.0000	0.0000	-0.0200	230.4730	0.0000	1.3100	70.6597	NOT CONNECTED	0.0000	500.0000	0.0000	0.0000	0.0000	0.0000	0.0931	0.0531	-1.6692	0.1595	-1.6749	0.0796	0.0000	0.0000	320.8805	0.0000	89.2227	1.6768	0.0053	66.2975
5.9570	0.0000	-0.0030	0.0066	0.0000	0.0000	-0.0200	230.4730	0.0000	1.3100	70.6597	NOT CONNECTED	0.0000	500.0000	0.0000	0.0000	0.0000	0.0000	0.0931	0.0531	-1.6692	0.1595	-1.6749	0.0796	0.0000	0.0000	320.8805	0.0000	89.2227	1.6768	0.0053	66.2975
6.3715	0.0000	-0.0030	0.0066	0.0000	0.0000	-0.0200	230.4700	0.0000	1.3000	70.6010	NOT CONNECTED	0.0000	500.0000	0.0000	0.0000	0.0000	0.0000	0.0931	0.0531	-1.6692	0.1595	-1.6749	0.0796	0.0000	0.0000	320.8968	0.0000	89.1857	1.6768	0.0052	66.2695
6.7110	0.0000	-0.0030	0.0066	0.0000	0.0000	-0.0200	230.4700	0.0000	1.3000	70.6010	NOT CONNECTED	0.0000	500.0000	0.0000	0.0000	0.0000	0.0000	0.0931	0.0531	-1.6692	0.1595	-1.6749	0.0796	0.0000	0.0000	320.9550	0.0000	89.1520	1.6768	0.0051	66.2415
6.9771	0.0000	-0.0030	0.0066	0.0000	0.0000	-0.0200	230.4700	0.0000	1.3000	70.6010	NOT CONNECTED	0.0000	500.0000	0.0000	0.0000	0.0000	0.0000	0.0931	0.0531	-1.6692	0.1595	-1.6749	0.0796	0.0000	0.0000	320.9550	0.0000	89.1520	1.6768	0.0051	66.2415
7.4446	0.0000	-0.0010	0.0066	0.0000	0.0000	-0.0200	230.4680	0.0000	1.3100	70.5395	NOT CONNECTED	0.0000	500.0000	0.0000	0.0000	0.0000	0.0000	0.0931	0.0531	-1.6692	0.1595	-1.6749	0.0796	0.0000	0.0000	320.9062	0.0000	89.1185	1.6768	0.0052	66.2415
7.5978	0.0000	-0.0010	0.0066	0.0000	0.0000	-0.0200	230.4680	0.0000	1.3100	70.5395	NOT CONNECTED	0.0000	500.0000	0.0000	0.0000	0.0000	0.0000	0.0931	0.0531	-1.6692	0.1595	-1.6749	0.0796	0.0000	0.0000	320.9062	0.0000	89.1185	1.6768	0.0052	66.2415
8.1774	0.0000	-0.0030	0.0066	0.0000	0.0000	-0.0200	230.4680	0.0000	1.3100	70.4379	NOT CONNECTED	0.0000	500.0000	0.0000	0.0000	0.0000	0.0000	0.0931	0.0531	-1.6692	0.1595	-1.6749	0.0796	0.0000	0.0000	320.9468	0.0000	89.0864	1.6768	0.0052	66.2136
8.2197	0.0000	-0.0030	0.0066	0.0000	0.0000	-0.0200	230.4680	0.0000	1.3100	70.4379	NOT CONNECTED	0.0000	500.0000	0.0000	0.0000	0.0000	0.0000	0.0931	0.0531	-1.6692	0.1595	-1.6749	0.0796	0.0000	0.0000	320.9468	0.0000	89.0864	1.6768	0.0052	66.2136
8.8254	0.0000	-0.0030	0.0066	0.0000	0.0000	-0.0200	230.4680	0.0000	1.3100	70.4379	NOT CONNECTED	0.0000	500.0000	0.0000	0.0000	0.0000	0.0000	0.0931	0.0531	-1.6692	0.1595	-1.6749	0.0796	0.0000	0.0000	320.8914	0.0000	89.0568	1.6768	0.0056	66.2136
9.4315	0.0000	-0.0020	0.0066	0.0000	0.0000	-0.0200	230.4790	0.0000	1.3000	70.2673	NOT CONNECTED	0.0000	500.0000	0.0000	0.0000	0.0000	0.0000	0.0931	0.0531	-1.6692	0.1595	-1.6749	0.0796	0.0000	0.0000	320.8981	0.0000	89.0283	1.6768	0.0052	66.1858
10.0369	0.0000	-0.0020	0.0066	0.0000	0.0000	-0.0200	230.4790	0.0000	1.3000	70.2673	NOT CONNECTED	0.0000	500.0000	0.0000	0.0000	0.0000	0.0000	0.0931	0.0531	-1.6692	0.1595	-1.6749	0.0796	0.0000	0.0000	320.9293	0.0000	89.0008	1.6768	0.0051	66.1579
10.4305	0.0000	-0.0020	0.0066	0.0000	0.0000	-0.0200	230.4790	0.0000	1.3000	70.2673	NOT CONNECTED	0.0000	500.0000	0.0000	0.0000	0.0000	0.0000	0.0931	0.0531	-1.6692	0.1595	-1.6749	0.0796	0.0000	0.0000	320.9279	0.0000	88.9741	1.6768	0.0057	66.1579
10.6424	0.0000	-0.0020	0.0066	0.0000	0.0000	-0.0200	230.4790	0.0000	1.3000	70.2673	NOT CONNECTED	0.0000	500.0000	0.0000	0.0000	0.0000	0.0000	0.0931	0.0531	-1.6692	0.1595	-1.6749	0.0796	0.0000	0.0000	320.9279	0.0000	88.9741	1.6768	0.0057	66.1579
11.1600	0.0000	-0.0050	0.0066	0.0000	0.0000	-0.0200	230.4830	0.0000	1.3100	70.1697	NOT CONNECTED	0.0000	500.0000	0.0000	0.0000	0.0000	0.0000	0.0931	0.0531	-1.6692	0.1595	-1.6749	0.0796	0.0000	0.0000	320.9428	0.0000	88.9471	1.6768	0.0054	66.1302
11.2633	0.0000	-0.0050	0.0066	0.0000	0.0000	-0.0200	230.4830	0.0000	1.3100	70.1697	NOT CONNECTED	0.0000	500.0000	0.0000	0.0000	0.0000	0.0000	0.0931	0.0531	-1.6692	0.1595	-1.6749	0.0796	0.0000	0.0000	320.9428	0.0000	88.9471	1.6768	0.0054	66.1302
11.8520	0.0000	-0.0060	0.0066	0.0000	0.0000	-0.0200	230.4920	0.0000	1.3000	70.1494	NOT CONNECTED	0.0000	500.0000	0.0000	0.0000	0.0000	0.0000	0.0931	0.0531	-1.6692	0.1595	-1.6749	0.0796	0.0000	0.0000	320.9347	0.0000	88.9220	1.6768	0.0053	66.1302
11.9006	0.0000	-0.0060	0.0066	0.0000	0.0000	-0.0200	230.4920	0.0000	1.3000	70.1494	NOT CONNECTED	0.0000	500.0000	0.0000	0.0000	0.0000	0.0000	0.0931	0.0531	-1.6692	0.1595	-1.6749	0.0796	0.0000	0.0000	320.9347	0.0000	88.9220	1.6768	0.0053	66.1302
12.4426	0.0000	-0.0000	0.0066	0.0000	0.0000	-0.0200	230.4990	0.0000	1.3000	70.0606	NOT CONNECTED	0.0000	500.0000	0.0000	0.0000	0.0000	0.0000	0.0931	0.0531	-1.6692	0.1595	-1.6749	0.0796	0.0000	0.0000	320.9468	0.0000	88.8974	1.6768	0.0053	66.1024
12.6342	0.0000	-0.0000	0.0066	0.0000	0.0000	-0.0200	230.4990	0.0000	1.3000	70.0606	NOT CONNECTED	0.0000	500.0000	0.0000	0.0000	0.0000	0.0000	0.0931	0.0531	-1.6692	0.1595	-1.6749	0.0796	0.0000	0.0000	320.9468	0.0000	88.8974	1.6768	0.0053	66.1024
13.0479	0.0000	-0.0030	0.0066	0.0000	0.0000	-0.0200	230.5100	0.0000	1.2900	69.9746	NOT CONNECTED	0.0000	500.0000	0.0000	0.0000	0.0000	0.0000	0.0931	0.0531	-1.6692	0.1595	-1.6749	0.0796	0.0000	0.0000	320.9712	0.0000	88.8734	1.6768	0.0053	66.0748
13.3675	0.0000	-0.0030	0.0066	0.0000	0.0000	-0.0200	230.5100	0.0000	1.2900	69.9746	NOT CONNECTED	0.0000	500.0000	0.0000	0.0000	0.0000	0.0000	0.0931	0.0531	-1.6692	0.1595	-1.6749	0.0796	0.0000	0.0000	320.9753	0.0000	88.8499	1.6768	0.0053	66.0748
13.6530	0.0000	-0.0030	0.0066	0.0000	0.0000	-0.0200	230.5100	0.0000	1.2900	69.9746	NOT CONNECTED	0.0000	500.0000	0.0000	0.0000	0.0000	0.0000	0.0931	0.0531	-1.6692	0.1595	-1.6749	0.0796	0.0000	0.0000	320.9753	0.0000	88.8499	1.6768	0.0053	66.0748
14.2601	0.0000	-0.0040	0.0066	0.0000	0.0000	-0.0200	230.5230	0.0000	1.2800	69.9248	NOT CONNECTED	0.0000	500.0000	0.0000	0.0000	0.0000	0.0000	0.0931	0.0531	-1.6692	0.1595	-1.6749	0.0796	0.0000	0.0000	320.9874	0.0000	88.8271	1.6768	0.0054	66.0471
14.3820	0.0000	-0.0040	0.0066	0.0000	0.0000	-0.0200	230.5230	0.0000	1.2800	69.9248	NOT CONNECTED	0.0000	500.0000	0.0000	0.0000	0.0000	0.0000	0.0931	0.0531	-1.6692	0.1595	-1.6749	0.0796	0.0000	0.0000	320.9874	0.0000	88.8271	1.6768	0.0054	66.0471
14.8652	0.0000	-0.0030	0.0066	0.0000	0.0000	-0.0200	230.5290	0.0000	1.2800	69.8493	NOT CONNECTED	0.0000	500.0000	0.0000	0.0000	0.0000	0.0000	0.0931	0.0531	-1.6692	0.1595	-1.6749	0.0796	0.0000	0.0000	321.0132	0.0000	88.8044	1.6768	0.0054	66.0471
15.1199	0.0000	-0.0030	0.0066	0.0000	0.0000	-0.0200	230.5290	0.0000	1.2800	69.8493	NOT CONNECTED	0.0000	500.0000	0.0000	0.0000	0.0000	0.0000	0.0931	0.0531	-1.6692	0.1595	-1.6749	0.0796	0.0000	0.0000	321.0132	0.0000	88.8044	1.6768	0.0054	66.0471
15.4861	0.0000	-0.0030	0.0066	0.0000	0.0000	-0.0200	230.5290	0.0000	1.2800	69.8493	NOT CONNECTED	4000.0000	500.0000	0.0000	0.0000	0.0000	0.0000	0.0931	0.0531	-1.6692	0.1595	-1.6749	0.0796	0.0000	0.0000	320.9929	0.0000	88.7814	1.6768	0.0054	66.0195
15.8658	0.0000	-0.0040	0.0066	0.0000	0.0000	-0.0200	230.5440	0.0000	1.2800	69.7646	NOT CONNECTED	4000.0000	500.0000	0.0000	0.0000	0.0000	0.0000	0.0931	0.0531	-1.6692	0.1595	-1.6749	0.0796	0.0000	0.0000	321.0334	0.0000	88.7585	1.6768	0.0050	65.9920
16.0917	0.0000	-0.0040	0.0066	0.0000	0.0000	-0.0200	230.5440	0.0000	1.2800	69.7646	NOT CONNECTED	4000.0000	500.0000	0.0000	0.0000	0.0000	0.0000	0.0931	0.0531	-1.6692	0.1595	-1.6749	0.0796	0.0000	0.0000	321.0334	0.0000	88.7585	1.6768	0.0050	65.9920
16.6058	0.0000	-0.0050	0.0066	0.0000	0.0000	-0.0200	230.5530	0.0000	1.2800	69.6923	NOT CONNECTED	4000.0000	500.0000	0.0000	0.0000	0.0000	0.0000	0.0931	0.0531	-1.6692	0.1595	-1.6749	0.0796	0.0000	0.0000	321.0240	0.0000	88.7372	1.6768	0.0056	65.9920
16.7129	0.0000	-0.0050	0.0066	0.0000	0.0000	-0.0200	230.5530	0.0000	1.2800	69.6923	NOT CONNECTED	4000.0000	500.0000	0.0000	0.0000	0.0000	0.0000	0.0931	0.0531	-1.6692	0.1595	-1.6749	0.0796	0.0000	0.0000	321.0240	0.0000	88.7372	1.6768	0.0056	65.9920
17.3031	0.0000	-0.0030	0.0066	0.0000	0.0000	-0.0200	230.5690	0.0000	1.2700	69.6380	NOT CONNECTED	4000.0000	500.0000	0.0000	0.0000	0.0000	0.0000	0.0931	0.0531	-1.6692	0.1595	-1.6749	0.0796	0.0000	0.0000	321.0619	0.0000	88.7160	1.6768	0.0050	65.9645
17.3529	0.0000	-0.0030	0.0066	0.0000	0.0000	-0.0200	230.5690	0.0000	1.2700	69.6380	NOT CONNECTED	4000.0000	500.0000	0.0000	0.0000	0.0000	0.0000	0.0931	0.0531	-1.6692	0.1595	-1.6749	0.0796	0.0000	0.0000	321.0619	0.0000	88.7160	1.6768	0.0050	65.9645
17.9087	0.0000	-0.0060	0.0066	0.0000	0.0000	-0.0200	230.5760	0.0000	1.2700	69.5322	NOT CONNECTED	4000.0000	500.0000	0.0000	0.0000	0.0000	0.0000	0.0931	0.0531	-1.6692	0.1595	-1.6749	0.0796	0.0000	0.0000	321.0740	0.0000	88.6949	1.6768	0.0055	65.9645
18.0831	0.0000	-0.0060	0.0066	0.0000	0.0000	-0.0200	230.5760	0.0000	1.2700	69.5322	NOT CONNECTED	4000.0000	500.0000	0.0000	0.0000	0.0000	0.0000	0.0931	0.0531	-1.6692	0.1595	-1.6749	0.0796	0.0000	0.0000	321.0740	0.0000	88.6949	1.6768	0.0055	65.9645
18.5142	0.0000	-0.0040	0.0066	0.0000	0.0000	-0.0200	230.5890	0.0000	1.2700	69.4521	NOT CONNECTED	4000.0000	500.0000	0.0000	0.0000	0.0000	0.0000	0.0931	0.0531	-1.6692	0.1595	-1.6749	0.0796	0.0000	0.0000	321.0605	0.0000	88.6744	1.6768	0.0055	65.9371
18.8259	0.0000	-0.0040	0.0066	0.0000	0.0000	-0.0200	230.5890	0.0000	1.2700	69.4521	NOT CONNECTED	4000.0000	500.0000	0.0000	0.0000	0.0000	0.0000	0.0931	0.0531	-1.6692	0.1595	-1.6749	0.0796	0.0000	0.0000	321.0822	0.0000	88.6530	1.6768	0.0052	65.9097
19.1195	0.0000	-0.0040	0.0066	0.0000	0.0000	-0.0200	230.5890	0.0000	1.2700	69.4521	NOT CONNECTED	4000.0000	500.0000	0.0000	0.0000	0.0000	0.0000	0.0931	0.0531	-1.6692	0.1595	-1.6749	0.0796	0.0000	0.0000	321.0822	0.0000	88.6530	1.6768	0.0052	65.9097
19.5707	0.0000	-0.0050	0.0066	0.0000	0.0000	-0.0200	230.5950	0.0000	1.2800	69.3928	NOT CONNECTED	4000.0000	500.0000	0.0000	0.0000	0.0000	0.0000	0.0931	0.0531	-1.6692	0.1595	-1.6749	-0.0046	0.5600	0.0000	317.6438	0.0000	88.6325	1.6768	0.0052	65.9097
19.7298	0.0000	-0.0050	0.0066	0.0000	0.0000	-0.0200	230.5950	0.0000	1.2800	69.3928	NOT CONNECTED	4000.0000	500.0000	0.0000	0.0000	0.0000	0.0000	0.0931	0.0531	-1.6692	0.1595	-1.6749	-0.0046	0.5600	0.0000	317.6438	0.0000	88.6325	1.6768	0.0052	65.9097
20.3114	91.0000	-0.1320	0.0067	0.0000	0.0000	-0.0200	230.6080	0.0328	1.7300	69.3684	NOT CONNECTED	4000.0000	500.0000	0.0000	-6.1076	0.0366	0.0000	0.1515	0.0531	2.0305	0.0410	2.0373	-0.0696	15.5750	0.0000	309.2164	47.5997	88.6324	2.0311	0.9316	65.8834
20.9014	0.0000	-0.0140	1.3042	0.0000	13.1710	38.9900	230.5790	0.3819	52.5900	69.2981	NOT CONNECTED	4000.0000	500.0000	0.0000	0.2094	-0.0897	0.0000	0.1669	0.0531	3.0451	-0.0896	3.0312	-0.2303	22.4349	0.0000	303.7153	101.8457	88.8889	3.0223	1.4598	65.8834
21.0486	0.0000	-0.0140	1.3042	0.0000	13.1710	38.9900	230.5790	0.3819	52.5900	69.2981	NOT CONNECTED	4000.0000	500.0000	0.0000	0.2094	-0.0897	0.0000	0.1669	0.0531	3.0451	-0.0896	3.0312	-0.2303	22.4349	0.0000	303.7153	101.8457	88.8889	3.0223	1.4598	65.8834
21.4912	0.0000	-0.0140	2.0163	0.0000	20.7130	94.5900	230.5700	0.7946	120.8500	69.2655	NOT CONNECTED	4000.0000	500.0000	0.0000	0.1052	-0.1046	0.0000	0.1671	0.0531	3.0326	-0.1042	3.0244	-0.2311	22.4699	0.0000	302.6579	102.4271	89.4559	3.0183	2.1519	65.9814
21.7796	0.0000	-0.0140	2.0163	0.0000	20.7130	94.5900	230.5700	0.7946	120.8500	69.2655	NOT CONNECTED	4000.0000	500.0000	0.0000	0.1052	-0.1046	0.0000	0.1671	0.0531	3.0326	-0.1042	3.0244	-0.2311	22.4699	0.0000	302.6579	102.4271	89.4559	3.0183	2.1519	65.9814
22.0714	0.0000	-0.0140	2.0163	0.0000	20.7130	94.5900	230.5700	0.7946	120.8500	69.2655	NOT CONNECTED	4000.0000	500.0000	0.0000	-0.2229	-0.0193	0.0000	0.1427	0.0531	0.9591	-0.0205	0.9631	-0.0266	8.7099	0.0000	315.8768	12.5646	89.8851	0.9553	0.6848	66.1837
22.5190	5.0000	-0.0430	0.8474	0.0000	8.2770	16.0200	230.6590	0.2547	30.4100	69.2829	NOT CONNECTED	4000.0000	500.0000	0.0000	95.2208	0.2349	0.2232	0.1119	0.1117	1.0298	0.3513	0.9879	0.4432	7.9639	9.3910	314.9961	16.2521	84.0476	1.0736	0.7296	66.1837
22.6721	5.0000	-0.0430	0.8474	0.0000	8.2770	16.0200	230.6590	0.2547	30.4100	69.2829	NOT CONNECTED	4000.0000	500.0000	0.0000	95.2208	0.2349	0.2232	0.1119	0.1117	1.0298	0.3513	0.9879	0.4432	7.9639	9.3910	314.9961	16.2521	84.0476	1.0736	0.7296	66.1837
23.2557	288.0000	-0.1230	0.7556	0.0000	13.5550	13.9900	230.6550	0.1791	22.6500	69.3383	NOT CONNECTED	4000.0000	500.0000	0.0000	413.3872	0.1082	0.1660	0.0935	0.0933	0.1859	0.1915	0.1703	0.2054	1.1565	18.8003	317.3949	6.0638	83.9809	0.3543	0.2141	66.1889
23.2684	288.0000	-0.1230	0.7556	0.0000	13.5550	13.9900	230.6550	0.1791	22.6500	69.3383	NOT CONNECTED	4000.0000	500.0000	0.0000	413.3872	0.1082	0.1660	0.0935	0.0933	0.1859	0.1915	0.1703	0.2054	1.1565	18.8003	317.3949	6.0638	83.9809	0.3543	0.2141	66.1889
23.8777	652.0000	-0.1100	0.2073	0.0000	21.5200	6.2000	230.6730	0.1006	11.7300	69.3561	NOT CONNECTED	4000.0000	500.0000	0.0000	713.8748	0.1198	0.1631	0.0937	0.0934	0.2450	0.2067	0.1138	0.2921	0.9992	30.9539	315.9850	11.4382	83.8520	0.3057	0.2156	66.1889
23.9928	652.0000	-0.1100	0.2073	0.0000	21.5200	6.2000	230.6730	0.1006	11.7300	69.3561	NOT CONNECTED	4000.0000	500.0000	0.0000	713.8748	0.1198	0.1631	0.0937	0.0934	0.2450	0.2067	0.1138	0.2921	0.9992	30.9539	315.9850	11.4382	83.8520	0.3057	0.2156	66.1889
24.4792	1019.0000	-0.1100	0.2173	0.0000	45.4250	13.6900	230.6940	0.1615	20.0500	69.3349	NOT CONNECTED	4000.0000	500.0000	0.0000	1015.7261	0.1200	0.1689	0.0936	0.0934	0.1612	0.2204	0.1639	0.2373	0.9632	42.6223	314.9731	15.3531	83.7340	0.3247	0.2188	66.1653
24.7326	1019.0000	-0.1100	0.2173	0.0000	45.4250	13.6900	230.6940	0.1615	20.0500	69.3349	NOT CONNECTED	4000.0000	500.0000	0.0000	1015.7261	0.1200	0.1689	0.0936	0.0934	0.1612	0.2204	0.1639	0.2373	0.9632	42.6223	314.9731	15.3531	83.7340	0.3247	0.2188	66.1653
25.0830	1019.0000	-0.1100	0.2173	0.0000	45.4250	13.6900	230.6940	0.1615	20.0500	69.3349	NOT CONNECTED	4000.0000	500.0000	0.0000	1328.1555	0.1672	0.1288	0.0933	0.0936	0.1771	0.2971	0.1779	0.2891	0.9365	54.6791	313.8353	20.7119	83.6276	0.3175	0.2242	66.1405
25.4790	1395.0000	-0.1100	0.2208	0.0000	57.5580	17.7300	230.7020	0.1932	24.4800	69.3130	NOT CONNECTED	4000.0000	500.0000	0.0000	1618.4140	0.1519	0.1484	0.0934	0.0935	0.1314	0.2678	0.2110	0.2730	0.9521	65.8572	312.9519	25.1468	83.5315	0.3580	0.2271	66.1405
25.6735	1395.0000	-0.1100	0.2208	0.0000	57.5580	17.7300	230.7020	0.1932	24.4800	69.3130	NOT CONNECTED	4000.0000	500.0000	0.0000	1618.4140	0.1519	0.1484	0.0934	0.0935	0.1314	0.2678	0.2110	0.2730	0.9521	65.8572	312.9519	25.1468	83.5315	0.3580	0.2271	66.1405
26.2422	1762.0000	-0.1120	0.2279	0.0000	81.6060	26.2000	230.7200	0.2555	33.5700	69.2801	NOT CONNECTED	4000.0000	500.0000	0.0000	1922.1914	0.1521	0.1441	0.0935	0.0935	0.2025	0.2671	0.1336	0.2810	1.2182	78.7507	311.9766	30.7353	83.4443	0.2959	0.2296	66.1165
26.2790	1762.0000	-0.1120	0.2279	0.0000	81.6060	26.2000	230.7200	0.2555	33.5700	69.2801	NOT CONNECTED	4000.0000	500.0000	0.0000	1922.1914	0.1521	0.1441	0.0935	0.0935	0.2025	0.2671	0.1336	0.2810	1.2182	78.7507	311.9766	30.7353	83.4443	0.2959	0.2296	66.1165
26.8844	2143.0000	-0.1130	0.2313	0.0000	93.5180	30.6200	230.7300	0.2873	38.3400	69.2451	NOT CONNECTED	4000.0000	500.0000	0.0000	2220.0917	0.1817	0.1638	0.0935	0.0937	0.1522	0.3445	0.1904	0.3082	1.0828	89.0921	311.1882	36.4550	83.3653	0.3599	0.2349	66.1165
26.9845	2143.0000	-0.1130	0.2313	0.0000	93.5180	30.6200	230.7300	0.2873	38.3400	69.2451	NOT CONNECTED	4000.0000	500.0000	0.0000	2220.0917	0.1817	0.1638	0.0935	0.0937	0.1522	0.3445	0.1904	0.3082	1.0828	89.0921	311.1882	36.4550	83.3653	0.3599	0.2349	66.1165
27.4961	2516.0000	-0.1140	0.2387	0.0000	117.6250	40.1100	230.7510	0.3530	48.3800	69.1813	NOT CONNECTED	4000.0000	500.0000	0.0000	2522.7503	0.1284	0.1669	0.0935	0.0934	0.1939	0.2341	0.1594	0.3297	0.9682	102.8315	310.2944	41.4506	83.2908	0.3131	0.2386	66.0936
27.7336	2516.0000	-0.1140	0.2387	0.0000	117.6250	40.1100	230.7510	0.3530	48.3800	69.1813	NOT CONNECTED	4000.0000	500.0000	0.0000	2522.7503	0.1284	0.1669	0.0935	0.0934	0.1939	0.2341	0.1594	0.3297	0.9682	102.8315	310.2944	41.4506	83.2908	0.3131	0.2386	66.0936
28.1001	2516.0000	-0.1140	0.2387	0.0000	117.6250	40.1100	230.7510	0.3530	48.3800	69.1813	NOT CONNECTED	4000.0000	500.0000	0.0000	2830.0288	0.1470	0.1601	0.0935	0.0935	0.1633	0.2723	0.1783	0.3039	1.6169	114.9751	309.5033	47.4356	83.2258	0.3741	0.2416	66.0722
28.4812	2889.0000	-0.1130	0.2423	0.0000	129.7990	45.0900	230.7610	0.3863	53.5200	69.1184	NOT CONNECTED	4000.0000	500.0000	0.0000	3128.3648	0.1990	0.1521	0.0936	0.0938	0.2385	0.3807	0.1822	0.3062	1.2614	126.2403	308.5636	53.8171	83.1666	0.3551	0.2481	66.0722
28.6971	2889.0000	-0.1130	0.2423	0.0000	129.7990	45.0900	230.7610	0.3863	53.5200	69.1184	NOT CONNECTED	4000.0000	500.0000	0.0000	3128.3648	0.1990	0.1521	0.0936	0.0938	0.2385	0.3807	0.1822	0.3062	1.2614	126.2403	308.5636	53.8171	83.1666	0.3551	0.2481	66.0722
29.2407	3262.0000	-0.1150	0.2504	0.0000	153.9660	55.3900	230.7790	0.4538	64.2100	69.0021	NOT CONNECTED	4000.0000	500.0000	0.0000	3427.0373	0.1528	0.1669	0.0936	0.0935	0.1991	0.2641	0.1533	0.2981	2.0609	139.9939	307.7108	59.8784	83.1126	0.3367	0.2513	66.0527
29.3089	3262.0000	-0.1150	0.2504	0.0000	153.9660	55.3900	230.7790	0.4538	64.2100	69.0021	NOT CONNECTED	4000.0000	500.0000	0.0000	3427.0373	0.1528	0.1669	0.0936	0.0935	0.1991	0.2641	0.1533	0.2981	2.0609	139.9939	307.7108	59.8784	83.1126	0.3367	0.2513	66.0527
29.9208	3641.0000	-0.1140	0.2539	0.0000	165.9000	60.7900	230.7860	0.4889	69.8500	68.9203	NOT CONNECTED	4000.0000	500.0000	0.0000	3739.8630	0.1677	0.1519	0.0935	0.0936	0.2064	0.2853	0.1464	0.3302	1.5218	149.1448	306.9903	66.6508	83.0609	0.3894	0.2586	66.0527
29.9832	3641.0000	-0.1140	0.2539	0.0000	165.9000	60.7900	230.7860	0.4889	69.8500	68.9203	NOT CONNECTED	4000.0000	500.0000	0.0000	3739.8630	0.1677	0.1519	0.0935	0.0936	0.2064	0.2853	0.1464	0.3302	1.5218	149.1448	306.9903	66.6508	83.0609	0.3894	0.2586	66.0527
30.5267	4012.0000	-0.1190	0.2629	0.0000	190.1800	72.3500	230.8010	0.5606	81.4900	68.8573	NOT CONNECTED	4000.0000	500.0000	0.0000	4023.8791	0.0725	0.0649	0.0931	0.0931	0.1661	0.1065	0.2023	0.1355	3.4297	159.5761	310.2751	36.3378	83.0158	0.2619	0.2515	66.0355
30.7340	4012.0000	-0.1190	0.2629	0.0000	190.1800	72.3500	230.8010	0.5606	81.4900	68.8573	NOT CONNECTED	4000.0000	500.0000	0.0000	4023.8791	0.0725	0.0649	0.0931	0.0931	0.1661	0.1065	0.2023	0.1355	3.4297	159.5761	310.2751	36.3378	83.0158	0.2619	0.2515	66.0355
31.1227	4003.0000	-0.0550	0.1647	0.0000	193.5090	31.9400	230.8420	0.2977	39.7600	68.7666	NOT CONNECTED	4000.0000	500.0000	0.0000	3998.0706	0.0624	0.0905	0.0932	0.0930	0.1896	0.0967	0.1592	0.1815	2.3627	155.0126	311.7239	29.7307	82.9699	0.1910	0.1669	66.0183
31.4823	4003.0000	-0.0550	0.1647	0.0000	193.5090	31.9400	230.8420	0.2977	39.7600	68.7666	NOT CONNECTED	4000.0000	500.0000	0.0000	3998.0706	0.0624	0.0905	0.0932	0.0930	0.1896	0.0967	0.1592	0.1815	2.3627	155.0126	311.7239	29.7307	82.9699	0.1910	0.1669	66.0183
32.2390	4000.0000	-0.0550	0.1711	0.0000	193.0530	34.7800	230.8460	0.3167	42.7400	68.6568	NOT CONNECTED	4000.0000	500.0000	0.0000	4000.6485	0.0763	0.0701	0.0931	0.0932	0.1899	0.1552	0.1104	0.1548	5.5881	158.3215	311.5304	30.3965	82.8913	0.1947	0.1733	66.0000
32.2475	4000.0000	-0.0550	0.1711	0.0000	193.0530	34.7800	230.8460	0.3167	42.7400	68.6568	NOT CONNECTED	4000.0000	500.0000	0.0000	4000.6485	0.0763	0.0701	0.0931	0.0932	0.1899	0.1552	0.1104	0.1548	5.5881	158.3215	311.5304	30.3965	82.8913	0.1947	0.1733	66.0000
32.8513	3999.0000	-0.0550	0.1708	0.0000	193.0290	34.6600	230.8540	0.3157	42.5300	68.5933	NOT CONNECTED	4000.0000	500.0000	0.0000	3996.8693	0.0758	0.0839	0.0930	0.0931	0.2153	0.1236	0.2000	0.1967	-1.2756	157.0953	311.5940	30.8502	82.8508	0.2139	0.1611	66.0000
32.9757	3999.0000	-0.0550	0.1708	0.0000	193.0290	34.6600	230.8540	0.3157	42.5300	68.5933	NOT CONNECTED	4000.0000	500.0000	0.0000	3996.8693	0.0758	0.0839	0.0930	0.0931	0.2153	0.1236	0.2000	0.1967	-1.2756	157.0953	311.5940	30.8502	82.8508	0.2139	0.1611	66.0000
33.4603	3999.0000	-0.0550	0.1697	0.0000	193.0520	34.5300	230.8660	0.3145	42.3900	68.4706	NOT CONNECTED	4000.0000	500.0000	0.0000	4007.7621	0.0415	0.0423	0.0932	0.0929	0.1701	0.0609	0.2308	0.1694	4.6557	158.7470	311.5873	30.8386	82.8145	0.2482	0.1710	65.9818
33.8434	3999.0000	-0.0550	0.1697	0.0000	193.0520	34.5300	230.8660	0.3145	42.3900	68.4706	NOT CONNECTED	4000.0000	500.0000	0.0000	3995.5926	0.0793	0.0887	0.0932	0.0932	0.1538	0.1597	0.1543	0.1329	-2.7826	158.5081	311.5927	31.2518	82.7807	0.2260	0.1711	65.9634
34.0629	3999.0000	-0.0550	0.1697	0.0000	193.0520	34.5300	230.8660	0.3145	42.3900	68.4706	NOT CONNECTED	4000.0000	500.0000	0.0000	3995.5926	0.0793	0.0887	0.0932	0.0932	0.1538	0.1597	0.1543	0.1329	-2.7826	158.5081	311.5927	31.2518	82.7807	0.2260	0.1711	65.9634
34.5861	4001.0000	-0.0550	0.1696	0.0000	193.0100	34.5000	230.8700	0.3150	42.4200	68.4364	NOT CONNECTED	4000.0000	500.0000	0.0000	4000.8015	0.0708	0.0696	0.0934	0.0931	0.1702	0.1474	0.2167	0.0912	0.4453	157.5834	311.4803	30.5532	82.7477	0.3241	0.1730	65.9634
34.6676	4001.0000	-0.0550	0.1696	0.0000	193.0100	34.5000	230.8700	0.3150	42.4200	68.4364	NOT CONNECTED	4000.0000	500.0000	0.0000	4000.8015	0.0708	0.0696	0.0934	0.0931	0.1702	0.1474	0.2167	0.0912	0.4453	157.5834	311.4803	30.5532	82.7477	0.3241	0.1730	65.9634
35.2685	3996.0000	-0.0540	0.1708	0.0000	193.0660	34.8700	230.8770	0.3169	42.7300	68.3056	NOT CONNECTED	4000.0000	500.0000	0.0000	4000.9157	0.0825	0.0691	0.0927	0.0930	0.1637	0.1421	0.1745	0.0981	-0.2824	163.9412	311.5657	31.3554	82.7190	0.2419	0.1729	65.9452
35.3247	3996.0000	-0.0540	0.1708	0.0000	193.0660	34.8700	230.8770	0.3169	42.7300	68.3056	NOT CONNECTED	4000.0000	500.0000	0.0000	4000.9157	0.0825	0.0691	0.0927	0.0930	0.1637	0.1421	0.1745	0.0981	-0.2824	163.9412	311.5657	31.3554	82.7190	0.2419	0.1729	65.9452
35.8629	3995.0000	-0.0540	0.1696	0.0000	193.0220	34.6300	230.8810	0.3153	42.5200	68.2176	NOT CONNECTED	4000.0000	500.0000	0.0000	4001.6207	0.0464	0.0662	0.0927	0.0930	0.1402	0.0794	0.1794	0.1089	2.9276	158.5746	311.5548	31.5881	82.6891	0.2811	0.1678	65.9452
36.1747	3995.0000	-0.0540	0.1696	0.0000	193.0220	34.6300	230.8810	0.3153	42.5200	68.2176	NOT CONNECTED	4000.0000	500.0000	0.0000	4000.7423	0.0646	0.0720	0.0932	0.0930	0.0984	0.1214	0.2094	0.1431	-2.2991	154.8599	311.2086	33.1320	82.6632	0.2761	0.1759	65.9271
36.4591	3995.0000	-0.0540	0.1696	0.0000	193.0220	34.6300	230.8810	0.3153	42.5200	68.2176	NOT CONNECTED	4000.0000	500.0000	0.0000	4000.7423	0.0646	0.0720	0.0932	0.0930	0.0984	0.1214	0.2094	0.1431	-2.2991	154.8599	311.2086	33.1320	82.6632	0.2761	0.1759	65.9271
36.9057	4002.0000	-0.0550	0.1746	0.0000	193.1020	36.2000	230.8830	0.3256	44.0500	68.1548	NOT CONNECTED	4000.0000	500.0000	0.0000	4000.6677	0.0581	0.0778	0.0933	0.0930	0.1553	0.0701	0.2283	0.1356	8.5812	155.2794	310.7975	35.7398	82.6377	0.3106	0.1769	65.9088
37.0656	4002.0000	-0.0550	0.1746	0.0000	193.1020	36.2000	230.8830	0.3256	44.0500	68.1548	NOT CONNECTED	4000.0000	500.0000	0.0000	4000.6677	0.0581	0.0778	0.0933	0.0930	0.1553	0.0701	0.2283	0.1356	8.5812	155.2794	310.7975	35.7398	82.6377	0.3106	0.1769	65.9088
37.6714	3999.0000	-0.0570	0.1829	0.0000	193.3740	40.4400	230.8830	0.3537	48.4200	68.0581	NOT CONNECTED	4000.0000	500.0000	0.0000	3995.0689	0.1001	0.1080	0.0936	0.0933	0.1873	0.1707	0.1925	0.1713	-1.5757	158.0224	310.0145	42.3435	82.6135	0.2071	0.1859	65.9088
37.7501	3999.0000	-0.0570	0.1829	0.0000	193.3740	40.4400	230.8830	0.3537	48.4200	68.0581	NOT CONNECTED	4000.0000	500.0000	0.0000	3995.0689	0.1001	0.1080	0.0936	0.0933	0.1873	0.1707	0.1925	0.1713	-1.5757	158.0224	310.0145	42.3435	82.6135	0.2071	0.1859	65.9088
38.2756	3997.0000	-0.0890	0.1944	0.0000	193.5710	45.9600	230.8800	0.3893	53.9700	67.9849	NOT CONNECTED	4000.0000	500.0000	0.0000	3998.9113	0.1069	0.1099	0.0932	0.0932	0.2116	0.2111	0.1808	0.2142	6.2781	158.2862	309.0667	48.8833	82.5897	0.3459	0.1974	65.8911
38.4948	3997.0000	-0.0890	0.1944	0.0000	193.5710	45.9600	230.8800	0.3893	53.9700	67.9849	NOT CONNECTED	4000.0000	500.0000	0.0000	3998.9113	0.1069	0.1099	0.0932	0.0932	0.2116	0.2111	0.1808	0.2142	6.2781	158.2862	309.0667	48.8833	82.5897	0.3459	0.1974	65.8911
38.8775	3997.0000	-0.1070	0.2185	0.0000	194.1690	55.8900	230.8750	0.4542	64.3000	67.9122	NOT CONNECTED	4000.0000	500.0000	0.0000	4000.2137	0.1107	0.1191	0.0935	0.0933	0.2345	0.1934	0.1830	0.2019	9.5584	161.4486	308.4097	54.2588	82.5682	0.2970	0.2025	65.8911
39.2387	3997.0000	-0.1070	0.2185	0.0000	194.1690	55.8900	230.8750	0.4542	64.3000	67.9122	NOT CONNECTED	4000.0000	500.0000	0.0000	3998.1166	0.1472	0.1401	0.0939	0.0935	0.1985	0.2588	0.2096	0.2831	-8.0368	155.7330	307.7366	60.1651	82.5484	0.3440	0.2254	65.8739
39.4770	3997.0000	-0.1070	0.2185	0.0000	194.1690	55.8900	230.8750	0.4542	64.3000	67.9122	NOT CONNECTED	4000.0000	500.0000	0.0000	3998.1166	0.1472	0.1401	0.0939	0.0935	0.1985	0.2588	0.2096	0.2831	-8.0368	155.7330	307.7366	60.1651	82.5484	0.3440	0.2254	65.8739
40.0731	3993.0000	-0.1160	0.2289	0.0000	194.3750	60.3600	230.8700	0.4829	68.9300	67.8831	NOT CONNECTED	4000.0000	500.0000	0.0000	3991.0383	0.1781	0.1849	0.0939	0.0937	0.2646	0.3293	0.1966	0.3076	4.0674	159.9513	306.6267	70.7426	82.5299	0.3596	0.2361	65.8572
40.0765	3993.0000	-0.1160	0.2289	0.0000	194.3750	60.3600	230.8700	0.4829	68.9300	67.8831	NOT CONNECTED	4000.0000	500.0000	0.0000	3991.0383	0.1781	0.1849	0.0939	0.0937	0.2646	0.3293	0.1966	0.3076	4.0674	159.9513	306.6267	70.7426	82.5299	0.3596	0.2361	65.8572
40.6851	3997.0000	-0.1530	0.2665	0.0000	194.9260	75.3600	230.8580	0.5780	84.4900	67.8287	NOT CONNECTED	4000.0000	500.0000	0.0000	4002.8490	0.1744	0.1631	0.0930	0.0937	0.1740	0.2942	0.0760	0.3534	7.9902	160.1818	305.6324	79.4610	82.5132	0.3748	0.2593	65.8572
40.8165	3997.0000	-0.1530	0.2665	0.0000	194.9260	75.3600	230.8580	0.5780	84.4900	67.8287	NOT CONNECTED	4000.0000	500.0000	0.0000	4002.8490	0.1744	0.1631	0.0930	0.0937	0.1740	0.2942	0.0760	0.3534	7.9902	160.1818	305.6324	79.4610	82.5132	0.3748	0.2593	65.8572
41.2854	3997.0000	-0.1530	0.2665	0.0000	194.9260	75.3600	230.8580	0.5780	84.4900	67.8287	NOT CONNECTED	4000.0000	500.0000	0.0000	3999.5507	0.2078	0.1927	0.0945	0.0939	0.1708	0.3555	0.1250	0.3645	6.8492	156.0422	305.0784	85.7003	82.4982	0.4230	0.2791	65.8417
41.8814	3997.0000	-0.1750	0.2951	0.0000	195.4890	86.3400	230.8480	0.6477	96.0400	67.7160	NOT CONNECTED	4000.0000	500.0000	0.0000	3999.0952	0.2199	0.2077	0.0939	0.0939	0.2581	0.4038	0.1946	0.4028	9.3516	158.1153	304.3937	92.3985	82.4842	0.4171	0.2934	65.8417
42.1746	3997.0000	-0.1750	0.2951	0.0000	195.4890	86.3400	230.8480	0.6477	96.0400	67.7160	NOT CONNECTED	4000.0000	500.0000	0.0000	3999.0952	0.2199	0.2077	0.0939	0.0939	0.2581	0.4038	0.1946	0.4028	9.3516	158.1153	304.3937	92.3985	82.4842	0.4171	0.2934	65.8417
42.4776	3997.0000	-0.1750	0.2951	0.0000	195.4890	86.3400	230.8480	0.6477	96.0400	67.7160	NOT CONNECTED	4000.0000	500.0000	0.0000	3999.1896	0.2324	0.2312	0.0935	0.0939	0.1592	0.4004	0.1302	0.4944	1.3627	157.8998	303.3671	103.1948	82.4730	0.4671	0.3316	65.8272
42.9148	3996.0000	-0.2160	0.3349	0.0000	196.0970	101.0800	230.8310	0.7401	111.5200	67.6213	NOT CONNECTED	4000.0000	500.0000	0.0000	4000.4288	0.2294	0.2427	0.0939	0.0940	0.0772	0.4243	0.1446	0.4959	-0.2417	153.2141	302.9488	107.9709	82.4638	0.5407	0.3422	65.8145
43.0895	3996.0000	-0.2160	0.3349	0.0000	196.0970	101.0800	230.8310	0.7401	111.5200	67.6213	NOT CONNECTED	4000.0000	500.0000	0.0000	4000.4288	0.2294	0.2427	0.0939	0.0940	0.0772	0.4243	0.1446	0.4959	-0.2417	153.2141	302.9488	107.9709	82.4638	0.5407	0.3422	65.8145
43.6504	3997.0000	-0.2190	0.3482	0.0000	196.3850	106.0100	230.8230	0.7709	116.7200	67.5965	0.0000	4000.0000	500.0000	0.0000	3995.7960	0.2468	0.2728	0.0948	0.0940	0.2564	0.4397	0.2141	0.5407	-8.3152	161.0467	302.6412	113.2477	82.4548	0.5318	0.3509	65.8145
43.6996	3997.0000	-0.2190	0.3482	0.0000	196.3850	106.0100	230.8230	0.7709	116.7200	67.5965	0.0000	4000.0000	500.0000	0.0000	3995.7960	0.2468	0.2728	0.0948	0.0940	0.2564	0.4397	0.2141	0.5407	-8.3152	161.0467	302.6412	113.2477	82.4548	0.5318	0.3509	65.8145
44.3028	3999.0000	-0.2270	0.3697	0.0000	196.7530	113.9100	230.8060	0.8201	125.0600	67.5888	0.0000	4000.0000	500.0000	0.0000	3993.4792	0.2625	0.2898	0.0940	0.0941	0.1862	0.4422	0.1135	0.5760	-8.7430	159.1631	302.4442	116.4728	82.4467	0.5277	0.3585	65.8028
44.3957	3999.0000	-0.2270	0.3697	0.0000	196.7530	113.9100	230.8060	0.8201	125.0600	67.5888	0.0000	4000.0000	500.0000	0.0000	3993.4792	0.2625	0.2898	0.0940	0.0941	0.1862	0.4422	0.1135	0.5760	-8.7430	159.1631	302.4442	116.4728	82.4467	0.5277	0.3585	65.8028
44.8882	3998.0000	-0.2290	0.3749	0.0000	196.8360	115.8600	230.7990	0.8330	127.2200	67.4985	0.0000	4000.0000	500.0000	0.0000	4005.7624	0.2634	0.2476	0.0932	0.0941	0.2178	0.4532	0.1455	0.5649	-10.3414	160.4336	302.3932	118.6740	82.4387	0.4978	0.3668	65.8028
45.1325	3998.0000	-0.2290	0.3749	0.0000	196.8360	115.8600	230.7990	0.8330	127.2200	67.4985	0.0000	4000.0000	500.0000	0.0000	4005.7624	0.2634	0.2476	0.0932	0.0941	0.2178	0.4532	0.1455	0.5649	-10.3414	160.4336	302.3932	118.6740	82.4387	0.4978	0.3668	65.8028
45.4970	3998.0000	-0.2290	0.3749	0.0000	196.8360	115.8600	230.7990	0.8330	127.2200	67.4985	0.0000	4000.0000	500.0000	0.0000	4001.1929	0.2810	0.2686	0.0944	0.0941	0.2463	0.4987	0.0950	0.5725	1.1858	156.6983	302.4300	118.8359	82.4306	0.4848	0.3725	65.7917
45.8835	4000.0000	-0.2330	0.3832	0.0000	197.0470	118.7900	230.7790	0.8515	130.2100	67.4504	0.0000	4000.0000	500.0000	0.0000	4000.5640	0.2778	0.2709	0.0940	0.0942	0.2112	0.5055	0.1424	0.5141	1.8076	160.1951	302.5260	117.5064	82.4219	0.5479	0.3723	65.7811
46.1024	4000.0000	-0.2330	0.3832	0.0000	197.0470	118.7900	230.7790	0.8515	130.2100	67.4504	0.0000	4000.0000	500.0000	0.0000	4000.5640	0.2778	0.2709	0.0940	0.0942	0.2112	0.5055	0.1424	0.5141	1.8076	160.1951	302.5260	117.5064	82.4219	0.5479	0.3723	65.7811
46.6282	4001.0000	-0.2340	0.3819	0.0000	197.0960	118.3100	230.7680	0.8492	129.7900	67.4302	1.0000	4000.0000	500.0000	0.0000	4000.8604	0.2666	0.2704	0.0940	0.0942	0.2075	0.4825	0.1542	0.5725	1.0889	160.2366	302.5137	117.9602	82.4125	0.5071	0.3714	65.7811
46.7085	4001.0000	-0.2340	0.3819	0.0000	197.0960	118.3100	230.7680	0.8492	129.7900	67.4302	1.0000	4000.0000	500.0000	0.0000	4000.8604	0.2666	0.2704	0.0940	0.0942	0.2075	0.4825	0.1542	0.5725	1.0889	160.2366	302.5137	117.9602	82.4125	0.5071	0.3714	65.7811
47.3144	3999.0000	-0.2330	0.3819	0.0000	197.0750	118.3200	230.7420	0.8492	129.6700	67.3998	1.0000	4000.0000	500.0000	0.0000	4001.2806	0.2767	0.2691	0.0931	0.0943	0.2248	0.4851	0.0689	0.4864	-6.4071	158.1134	302.5340	118.3735	82.4025	0.5715	0.3705	65.7703
47.4919	3999.0000	-0.2330	0.3819	0.0000	197.0750	118.3200	230.7420	0.8492	129.6700	67.3998	1.0000	4000.0000	500.0000	0.0000	4001.2806	0.2767	0.2691	0.0931	0.0943	0.2248	0.4851	0.0689	0.4864	-6.4071	158.1134	302.5340	118.3735	82.4025	0.5715	0.3705	65.7703
47.9196	3998.0000	-0.2340	0.3811	0.0000	197.0990	118.0100	230.7120	0.8470	129.2400	67.3500	1.0000	4000.0000	500.0000	0.0000	4007.0574	0.2602	0.2468	0.0936	0.0941	0.1676	0.4563	0.2024	0.4956	0.0387	165.4982	302.6138	117.9441	82.3918	0.5085	0.3691	65.7703
48.2404	3998.0000	-0.2340	0.3811	0.0000	197.0990	118.0100	230.7120	0.8470	129.2400	67.3500	1.0000	4000.0000	500.0000	0.0000	4002.6395	0.2528	0.2640	0.0944	0.0941	0.2196	0.4381	0.1504	0.4747	5.6544	158.0416	302.6612	118.1746	82.3808	0.5825	0.3653	65.7595
48.5093	3998.0000	-0.2340	0.3811	0.0000	197.0990	118.0100	230.7120	0.8470	129.2400	67.3500	1.0000	4000.0000	500.0000	0.0000	4002.6395	0.2528	0.2640	0.0944	0.0941	0.2196	0.4381	0.1504	0.4747	5.6544	158.0416	302.6612	118.1746	82.3808	0.5825	0.3653	65.7595
48.9746	3999.0000	-0.2330	0.3817	0.0000	197.0920	118.2200	230.6960	0.8484	129.4200	67.3024	1.0000	4000.0000	500.0000	0.0000	4002.4471	0.3091	0.2652	0.0943	0.0942	0.1695	0.5781	0.2106	0.4757	5.3739	161.0364	302.6329	117.1514	82.3686	0.5737	0.3629	65.7490
49.1146	3999.0000	-0.2330	0.3817	0.0000	197.0920	118.2200	230.6960	0.8484	129.4200	67.3024	1.0000	4000.0000	500.0000	0.0000	4002.4471	0.3091	0.2652	0.0943	0.0942	0.1695	0.5781	0.2106	0.4757	5.3739	161.0364	302.6329	117.1514	82.3686	0.5737	0.3629	65.7490
49.7200	4000.0000	-0.2330	0.3820	0.0000	197.0730	118.3800	230.6620	0.8502	129.6100	67.2718	1.0000	4000.0000	500.0000	0.0000	3997.7824	0.2624	0.2827	0.0945	0.0941	0.1299	0.4638	0.1160	0.5597	-4.7568	151.7019	302.6543	117.9981	82.3561	0.5283	0.3648	65.7490
49.7334	4000.0000	-0.2330	0.3820	0.0000	197.0730	118.3800	230.6620	0.8502	129.6100	67.2718	1.0000	4000.0000	500.0000	0.0000	3997.7824	0.2624	0.2827	0.0945	0.0941	0.1299	0.4638	0.1160	0.5597	-4.7568	151.7019	302.6543	117.9981	82.3561	0.5283	0.3648	65.7490
50.3262	3999.0000	-0.2330	0.3815	0.0000	197.0760	118.1900	230.6440	0.8491	129.3900	67.2315	1.0000	4000.0000	500.0000	0.0000	3994.2107	0.2794	0.2956	0.0955	0.0943	0.2083	0.4822	0.1745	0.4490	12.6643	161.0552	302.7098	119.3028	82.3431	0.5143	0.3656	65.7380
50.4625	3999.0000	-0.2330	0.3815	0.0000	197.0760	118.1900	230.6440	0.8491	129.3900	67.2315	1.0000	4000.0000	500.0000	0.0000	3994.2107	0.2794	0.2956	0.0955	0.0943	0.2083	0.4822	0.1745	0.4490	12.6643	161.0552	302.7098	119.3028	82.3431	0.5143	0.3656	65.7380
50.9312	4002.0000	-0.2330	0.3823	0.0000	197.1010	118.4400	230.6060	0.8510	129.6300	67.1755	1.0000	4000.0000	500.0000	0.0000	3993.7266	0.2734	0.2979	0.0940	0.0942	0.3256	0.4877	0.1260	0.4821	-1.3081	166.0278	302.6962	119.2225	82.3310	0.5205	0.3713	65.7380
51.2393	4002.0000	-0.2330	0.3823	0.0000	197.1010	118.4400	230.6060	0.8510	129.6300	67.1755	1.0000	4000.0000	500.0000	0.0000	3996.1690	0.2936	0.2884	0.0953	0.0942	0.1791	0.5106	0.2390	0.5422	-0.8797	152.8981	302.7773	119.4743	82.3185	0.5450	0.3705	65.7271
51.5365	4002.0000	-0.2330	0.3823	0.0000	197.1010	118.4400	230.6060	0.8510	129.6300	67.1755	1.0000	4000.0000	500.0000	0.0000	3996.1690	0.2936	0.2884	0.0953	0.0942	0.1791	0.5106	0.2390	0.5422	-0.8797	152.8981	302.7773	119.4743	82.3185	0.5450	0.3705	65.7271
51.9837	3999.0000	-0.2340	0.3817	0.0000	197.0920	118.2200	230.5860	0.8498	129.3800	67.1576	1.0000	4000.0000	500.0000	0.0000	4002.9239	0.2798	0.2627	0.0938	0.0942	0.2507	0.5086	0.1050	0.5651	-12.9917	156.6017	302.7749	118.5154	82.3059	0.5684	0.3711	65.7166
52.1413	3999.0000	-0.2340	0.3817	0.0000	197.0920	118.2200	230.5860	0.8498	129.3800	67.1576	1.0000	4000.0000	500.0000	0.0000	4002.9239	0.2798	0.2627	0.0938	0.0942	0.2507	0.5086	0.1050	0.5651	-12.9917	156.6017	302.7749	118.5154	82.3059	0.5684	0.3711	65.7166
52.7320	3996.0000	-0.2340	0.3814	0.0000	197.0760	118.1600	230.5430	0.8491	129.2100	67.1668	2.0000	4000.0000	500.0000	0.0000	3997.2936	0.2639	0.2840	0.0945	0.0941	0.1638	0.4805	0.0816	0.5345	4.7343	161.9608	302.7762	118.7652	82.2927	0.5734	0.3708	65.7166
52.7482	3996.0000	-0.2340	0.3814	0.0000	197.0760	118.1600	230.5430	0.8491	129.2100	67.1668	2.0000	4000.0000	500.0000	0.0000	3997.2936	0.2639	0.2840	0.0945	0.0941	0.1638	0.4805	0.0816	0.5345	4.7343	161.9608	302.7762	118.7652	82.2927	0.5734	0.3708	65.7166
53.3535	4002.0000	-0.2330	0.3821	0.0000	197.0850	118.4000	230.5220	0.8509	129.4500	67.1099	2.0000	4000.0000	500.0000	0.0000	4003.2617	0.2935	0.2617	0.0947	0.0942	0.1996	0.5346	0.1125	0.5908	-2.0554	148.6064	302.7087	118.9539	82.2790	0.5029	0.3701	65.7059
53.5852	4002.0000	-0.2330	0.3821	0.0000	197.0850	118.4000	230.5220	0.8509	129.4500	67.1099	2.0000	4000.0000	500.0000	0.0000	4003.2617	0.2935	0.2617	0.0947	0.0942	0.1996	0.5346	0.1125	0.5908	-2.0554	148.6064	302.7087	118.9539	82.2790	0.5029	0.3701	65.7059
53.9593	4000.0000	-0.2330	0.3814	0.0000	197.0960	118.1100	230.4900	0.8493	129.1600	67.0925	2.0000	4000.0000	500.0000	0.0000	4001.1701	0.2472	0.2693	0.0942	0.0940	0.1544	0.4360	0.1552	0.5042	15.7903	160.6365	302.8085	117.6865	82.2659	0.4774	0.3731	65.6952
54.3209	4000.0000	-0.2330	0.3814	0.0000	197.0960	118.1100	230.4900	0.8493	129.1600	67.0925	2.0000	4000.0000	500.0000	0.0000	3998.2005	0.2861	0.2804	0.0943	0.0943	0.2581	0.4995	0.1653	0.5017	9.7547	159.7263	302.8438	118.4538	82.2517	0.5237	0.3676	65.6952
54.5645	4000.0000	-0.2330	0.3814	0.0000	197.0960	118.1100	230.4900	0.8493	129.1600	67.0925	2.0000	4000.0000	500.0000	0.0000	3998.2005	0.2861	0.2804	0.0943	0.0943	0.2581	0.4995	0.1653	0.5017	9.7547	159.7263	302.8438	118.4538	82.2517	0.5237	0.3676	65.6952
55.0616	4000.0000	-0.2330	0.3818	0.0000	197.0960	118.2700	230.4760	0.8497	129.2100	67.0179	2.0000	4000.0000	500.0000	0.0000	3998.7356	0.2668	0.2778	0.0947	0.0941	0.1017	0.4687	0.1233	0.5612	-5.7386	156.8236	302.7924	117.9861	82.2378	0.5278	0.3706	65.6847
55.1698	4000.0000	-0.2330	0.3818	0.0000	197.0960	118.2700	230.4760	0.8497	129.2100	67.0179	2.0000	4000.0000	500.0000	0.0000	3998.7356	0.2668	0.2778	0.0947	0.0941	0.1017	0.4687	0.1233	0.5612	-5.7386	156.8236	302.7924	117.9861	82.2378	0.5278	0.3706	65.6847
55.7754	4002.0000	-0.2340	0.3811	0.0000	197.0760	118.0500	230.4510	0.8491	129.0300	67.0082	2.0000	4000.0000	500.0000	0.0000	3998.5529	0.2761	0.2790	0.0944	0.0942	0.2596	0.4882	0.1616	0.5763	-8.0346	150.2019	302.8249	118.6864	82.2233	0.5459	0.3688	65.6847
55.8041	4002.0000	-0.2340	0.3811	0.0000	197.0760	118.0500	230.4510	0.8491	129.0300	67.0082	2.0000	4000.0000	500.0000	0.0000	3998.5529	0.2761	0.2790	0.0944	0.0942	0.2596	0.4882	0.1616	0.5763	-8.0346	150.2019	302.8249	118.6864	82.2233	0.5459	0.3688	65.6847
56.3811	3997.0000	-0.2320	0.3809	0.0000	197.0920	117.9200	230.4400	0.8490	128.9600	67.0144	2.0000	4000.0000	500.0000	0.0000	3995.8284	0.2699	0.2888	0.0942	0.0941	0.2252	0.4473	0.1484	0.5253	1.5523	158.7175	302.8858	118.5430	82.2091	0.5922	0.3680	65.6740
56.5559	3997.0000	-0.2320	0.3809	0.0000	197.0920	117.9200	230.4400	0.8490	128.9600	67.0144	2.0000	4000.0000	500.0000	0.0000	3995.8284	0.2699	0.2888	0.0942	0.0941	0.2252	0.4473	0.1484	0.5253	1.5523	158.7175	302.8858	118.5430	82.2091	0.5922	0.3680	65.6740
56.9708	3998.0000	-0.2330	0.3801	0.0000	197.0880	117.6900	230.4270	0.8472	128.6200	66.9622	2.0000	4000.0000	500.0000	0.0000	4001.0932	0.2646	0.2687	0.0932	0.0941	0.2281	0.4478	0.0983	0.5478	-1.8562	157.8384	302.8710	117.8672	82.1955	0.5542	0.3731	65.6633
57.2991	3998.0000	-0.2330	0.3801	0.0000	197.0880	117.6900	230.4270	0.8472	128.6200	66.9622	2.0000	4000.0000	500.0000	0.0000	3999.2660	0.2708	0.2757	0.0949	0.0942	0.2769	0.4611	0.1532	0.4845	0.4867	156.8835	302.9617	117.2538	82.1815	0.5349	0.3727	65.6633
57.5765	3998.0000	-0.2330	0.3801	0.0000	197.0880	117.6900	230.4270	0.8472	128.6200	66.9622	2.0000	4000.0000	500.0000	0.0000	3999.2660	0.2708	0.2757	0.0949	0.0942	0.2769	0.4611	0.1532	0.4845	0.4867	156.8835	302.9617	117.2538	82.1815	0.5349	0.3727	65.6633
58.0409	4003.0000	-0.2330	0.3818	0.0000	197.1020	118.2600	230.4210	0.8503	129.1700	66.9346	2.0000	4000.0000	500.0000	0.0000	3997.1800	0.2481	0.2835	0.0943	0.0941	0.2479	0.4456	0.1649	0.5288	4.1703	159.8321	302.9455	117.7445	82.1676	0.5006	0.3723	65.6528
58.1929	4003.0000	-0.2330	0.3818	0.0000	197.1020	118.2600	230.4210	0.8503	129.1700	66.9346	2.0000	4000.0000	500.0000	0.0000	3997.1800	0.2481	0.2835	0.0943	0.0941	0.2479	0.4456	0.1649	0.5288	4.1703	159.8321	302.9455	117.7445	82.1676	0.5006	0.3723	65.6528
58.7817	4002.0000	-0.2320	0.3807	0.0000	197.0750	117.8800	230.4190	0.8484	128.7800	66.8921	3.0000	4000.0000	500.0000	0.0000	4002.6756	0.2703	0.2627	0.0943	0.0941	0.1752	0.4812	0.1158	0.4744	-12.6608	154.5476	302.9466	117.8785	82.1531	0.4924	0.3723	65.6528
58.7979	4002.0000	-0.2320	0.3807	0.0000	197.0750	117.8800	230.4190	0.8484	128.7800	66.8921	3.0000	4000.0000	500.0000	0.0000	4002.6756	0.2703	0.2627	0.0943	0.0941	0.1752	0.4812	0.1158	0.4744	-12.6608	154.5476	302.9466	117.8785	82.1531	0.4924	0.3723	65.6528
59.4036	3999.0000	-0.2320	0.3807	0.0000	197.0810	117.8700	230.4210	0.8481	128.7000	66.8578	3.0000	4000.0000	500.0000	0.0000	3995.1744	0.2836	0.2909	0.0953	0.0942	0.1581	0.5232	0.2167	0.4916	5.4913	159.6826	303.0114	118.4867	82.1392	0.5076	0.3733	65.6422
59.6338	3999.0000	-0.2320	0.3807	0.0000	197.0810	117.8700	230.4210	0.8481	128.7000	66.8578	3.0000	4000.0000	500.0000	0.0000	3995.1744	0.2836	0.2909	0.0953	0.0942	0.1581	0.5232	0.2167	0.4916	5.4913	159.6826	303.0114	118.4867	82.1392	0.5076	0.3733	65.6422
59.9934	3999.0000	-0.2320	0.3807	0.0000	197.0810	117.8700	230.4210	0.8481	128.7000	66.8578	3.0000	4000.0000	500.0000	0.0000	4003.5822	0.2618	0.2589	0.0934	0.0941	0.1982	0.4471	0.0865	0.4960	-6.2235	158.6016	303.0253	116.8036	82.1252	0.5781	0.3693	65.6318
60.3735	4002.0000	-0.2320	0.3800	0.0000	197.0550	117.6600	230.4280	0.8464	128.4100	66.8268	3.0000	4000.0000	500.0000	0.0000	3994.4913	0.2841	0.2931	0.0942	0.0941	0.1617	0.5130	0.1311	0.5278	-1.3564	153.3696	303.1172	117.5159	82.1112	0.5156	0.3675	65.6318
60.5991	4002.0000	-0.2320	0.3800	0.0000	197.0550	117.6600	230.4280	0.8464	128.4100	66.8268	3.0000	4000.0000	500.0000	0.0000	3994.4913	0.2841	0.2931	0.0942	0.0941	0.1617	0.5130	0.1311	0.5278	-1.3564	153.3696	303.1172	117.5159	82.1112	0.5156	0.3675	65.6318
61.1090	4002.0000	-0.2320	0.3797	0.0000	197.0460	117.5400	230.4330	0.8466	128.4400	66.8052	3.0000	4000.0000	500.0000	0.0000	3998.4707	0.2498	0.2776	0.0936	0.0941	0.1552	0.4286	0.1439	0.5267	-9.8390	157.0536	303.1726	116.9206	82.0959	0.5021	0.3673	65.6213
61.2048	4002.0000	-0.2320	0.3797	0.0000	197.0460	117.5400	230.4330	0.8466	128.4400	66.8052	3.0000	4000.0000	500.0000	0.0000	3998.4707	0.2498	0.2776	0.0936	0.0941	0.1552	0.4286	0.1439	0.5267	-9.8390	157.0536	303.1726	116.9206	82.0959	0.5021	0.3673	65.6213
61.8094	4000.0000	-0.2330	0.3794	0.0000	196.9810	117.4400	230.4460	0.8452	128.1900	66.7798	3.0000	4000.0000	500.0000	0.0000	3995.2925	0.2913	0.2898	0.0938	0.0943	0.1789	0.5211	0.0486	0.4686	7.7919	159.5856	303.1877	117.1824	82.0813	0.4525	0.3671	65.6213
61.8581	4000.0000	-0.2330	0.3794	0.0000	196.9810	117.4400	230.4460	0.8452	128.1900	66.7798	3.0000	4000.0000	500.0000	0.0000	3995.2925	0.2913	0.2898	0.0938	0.0943	0.1789	0.5211	0.0486	0.4686	7.7919	159.5856	303.1877	117.1824	82.0813	0.4525	0.3671	65.6213
62.6006	4000.0000	-0.2310	0.3791	0.0000	197.0120	117.3500	230.4540	0.8450	128.0700	66.7655	3.0000	4000.0000	500.0000	0.0000	3998.6397	0.2907	0.2772	0.0942	0.0943	0.2111	0.5252	0.1128	0.5426	1.2258	155.6241	303.2252	117.3369	82.0540	0.4998	0.3732	65.6107
62.9396	4000.0000	-0.2310	0.3791	0.0000	197.0120	117.3500	230.4540	0.8450	128.0700	66.7655	3.0000	4000.0000	500.0000	0.0000	3998.6397	0.2907	0.2772	0.0942	0.0943	0.2111	0.5252	0.1128	0.5426	1.2258	155.6241	303.2252	117.3369	82.0540	0.4998	0.3732	65.6107
63.3433	3999.0000	-0.2320	0.3793	0.0000	197.0120	117.4100	230.4730	0.8452	128.1800	66.7200	3.0000	4000.0000	500.0000	0.0000	4001.2319	0.2627	0.2672	0.0941	0.0941	0.2234	0.4378	0.0874	0.4997	0.9328	161.8875	303.2769	117.0861	82.0395	0.5538	0.3709	65.6001
63.5440	3999.0000	-0.2320	0.3793	0.0000	197.0120	117.4100	230.4730	0.8452	128.1800	66.7200	3.0000	4000.0000	500.0000	0.0000	4001.2319	0.2627	0.2672	0.0941	0.0941	0.2234	0.4378	0.0874	0.4997	0.9328	161.8875	303.2769	117.0861	82.0395	0.5538	0.3709	65.6001
64.0851	3994.0000	-0.2330	0.3788	0.0000	196.9890	117.2700	230.4840	0.8439	127.9900	66.6753	3.0000	4000.0000	500.0000	0.0000	4004.9959	0.2852	0.2526	0.0940	0.0942	0.1719	0.4884	0.0791	0.5056	-6.2008	157.9288	303.3458	117.0527	82.0242	0.5233	0.3704	65.5896
64.1496	3994.0000	-0.2330	0.3788	0.0000	196.9890	117.2700	230.4840	0.8439	127.9900	66.6753	3.0000	4000.0000	500.0000	0.0000	4004.9959	0.2852	0.2526	0.0940	0.0942	0.1719	0.4884	0.0791	0.5056	-6.2008	157.9288	303.3458	117.0527	82.0242	0.5233	0.3704	65.5896
64.7552	3999.0000	-0.2330	0.3786	0.0000	196.9630	117.2200	230.5030	0.8433	127.8600	66.6514	4.0000	4000.0000	500.0000	0.0000	3999.6276	0.2751	0.2729	0.0942	0.0942	0.3067	0.4818	0.0974	0.5290	-6.6067	156.8177	303.3445	118.1396	82.0096	0.5433	0.3687	65.5896
64.8257	3999.0000	-0.2330	0.3786	0.0000	196.9630	117.2200	230.5030	0.8433	127.8600	66.6514	4.0000	4000.0000	500.0000	0.0000	3999.6276	0.2751	0.2729	0.0942	0.0942	0.3067	0.4818	0.0974	0.5290	-6.6067	156.8177	303.3445	118.1396	82.0096	0.5433	0.3687	65.5896
65.3614	3998.0000	-0.2320	0.3779	0.0000	196.9270	117.0500	230.5240	0.8423	127.6300	66.6115	4.0000	4000.0000	500.0000	0.0000	3999.2234	0.2620	0.2742	0.0943	0.0941	0.1391	0.4604	0.1029	0.5036	-8.2212	160.2314	303.3796	116.4532	81.9949	0.4992	0.3680	65.5790
65.7259	3998.0000	-0.2320	0.3779	0.0000	196.9270	117.0500	230.5240	0.8423	127.6300	66.6115	4.0000	4000.0000	500.0000	0.0000	4003.6431	0.2638	0.2576	0.0943	0.0941	0.1664	0.4581	0.1507	0.5225	2.8964	162.2442	303.4325	117.1828	81.9803	0.4932	0.3699	65.5685
65.9674	3998.0000	-0.2320	0.3779	0.0000	196.9270	117.0500	230.5240	0.8423	127.6300	66.6115	4.0000	4000.0000	500.0000	0.0000	4003.6431	0.2638	0.2576	0.0943	0.0941	0.1664	0.4581	0.1507	0.5225	2.8964	162.2442	303.4325	117.1828	81.9803	0.4932	0.3699	65.5685
66.4684	4000.0000	-0.2310	0.3789	0.0000	196.9600	117.3000	230.5370	0.8440	127.9400	66.5901	4.0000	4000.0000	500.0000	0.0000	4004.0744	0.2925	0.2553	0.0935	0.0943	0.2867	0.5255	0.0926	0.4794	7.8116	159.8462	303.4946	116.3009	81.9647	0.5774	0.3665	65.5685
66.5673	4000.0000	-0.2310	0.3789	0.0000	196.9600	117.3000	230.5370	0.8440	127.9400	66.5901	4.0000	4000.0000	500.0000	0.0000	4004.0744	0.2925	0.2553	0.0935	0.0943	0.2867	0.5255	0.0926	0.4794	7.8116	159.8462	303.4946	116.3009	81.9647	0.5774	0.3665	65.5685
67.1654	3999.0000	-0.2320	0.3780	0.0000	196.9240	117.0300	230.5630	0.8426	127.7000	66.5715	4.0000	4000.0000	500.0000	0.0000	4002.1071	0.2585	0.2625	0.0938	0.0941	0.2398	0.4514	0.1019	0.4928	5.8110	162.1031	303.4956	116.6202	81.9504	0.5702	0.3647	65.5581
67.2336	3999.0000	-0.2320	0.3780	0.0000	196.9240	117.0300	230.5630	0.8426	127.7000	66.5715	4.0000	4000.0000	500.0000	0.0000	4002.1071	0.2585	0.2625	0.0938	0.0941	0.2398	0.4514	0.1019	0.4928	5.8110	162.1031	303.4956	116.6202	81.9504	0.5702	0.3647	65.5581
67.7692	4000.0000	-0.2310	0.3779	0.0000	196.9150	116.9800	230.5770	0.8425	127.7000	66.5726	4.0000	4000.0000	500.0000	0.0000	4000.8245	0.2659	0.2671	0.0937	0.0942	0.2523	0.4539	0.0666	0.4921	2.7978	160.7858	303.5430	116.8791	81.9350	0.5736	0.3653	65.5581
67.9728	4000.0000	-0.2310	0.3779	0.0000	196.9150	116.9800	230.5770	0.8425	127.7000	66.5726	4.0000	4000.0000	500.0000	0.0000	4000.8245	0.2659	0.2671	0.0937	0.0942	0.2523	0.4539	0.0666	0.4921	2.7978	160.7858	303.5430	116.8791	81.9350	0.5736	0.3653	65.5581
68.3793	3999.0000	-0.2300	0.3770	0.0000	196.9250	116.6600	230.6100	0.8407	127.4400	66.5554	4.0000	4000.0000	500.0000	0.0000	3996.9014	0.2823	0.2820	0.0943	0.0942	0.2643	0.4902	0.1519	0.4523	8.7678	161.2021	303.5865	116.8662	81.9201	0.5233	0.3663	65.5475
68.7301	3999.0000	-0.2300	0.3770	0.0000	196.9250	116.6600	230.6100	0.8407	127.4400	66.5554	4.0000	4000.0000	500.0000	0.0000	3999.4234	0.2810	0.2725	0.0941	0.0942	0.2308	0.5102	0.0764	0.4926	0.7509	160.7204	303.6004	117.0194	81.9050	0.5021	0.3642	65.5368
68.9721	3999.0000	-0.2300	0.3770	0.0000	196.9250	116.6600	230.6100	0.8407	127.4400	66.5554	4.0000	4000.0000	500.0000	0.0000	3999.4234	0.2810	0.2725	0.0941	0.0942	0.2308	0.5102	0.0764	0.4926	0.7509	160.7204	303.6004	117.0194	81.9050	0.5021	0.3642	65.5368
69.4787	4000.0000	-0.2300	0.3771	0.0000	196.9360	116.7000	230.6260	0.8406	127.3100	66.5262	4.0000	4000.0000	500.0000	0.0000	4001.0786	0.2542	0.2662	0.0948	0.0941	0.2118	0.4504	0.2047	0.4977	2.5526	159.6700	303.6962	116.2950	81.8896	0.5068	0.3632	65.5368
69.5667	4000.0000	-0.2300	0.3771	0.0000	196.9360	116.7000	230.6260	0.8406	127.3100	66.5262	4.0000	4000.0000	500.0000	0.0000	4001.0786	0.2542	0.2662	0.0948	0.0941	0.2118	0.4504	0.2047	0.4977	2.5526	159.6700	303.6962	116.2950	81.8896	0.5068	0.3632	65.5368
70.1708	4000.0000	-0.2310	0.3774	0.0000	196.9320	116.7700	230.6570	0.8415	127.4500	66.5044	4.0000	4000.0000	500.0000	0.0000	4000.8912	0.2749	0.2666	0.0942	0.0942	0.1810	0.4858	0.2018	0.5202	1.8363	162.2602	303.7463	116.8820	81.8749	0.5040	0.3615	65.5264
70.2360	4000.0000	-0.2310	0.3774	0.0000	196.9320	116.7700	230.6570	0.8415	127.4500	66.5044	4.0000	4000.0000	500.0000	0.0000	4000.8912	0.2749	0.2666	0.0942	0.0942	0.1810	0.4858	0.2018	0.5202	1.8363	162.2602	303.7463	116.8820	81.8749	0.5040	0.3615	65.5264
70.7830	4000.0000	-0.2320	0.3774	0.0000	196.9500	116.7700	230.6720	0.8415	127.5300	66.4574	5.0000	4000.0000	500.0000	0.0000	3998.1991	0.2602	0.2770	0.0943	0.0941	0.1609	0.4544	0.1146	0.5626	1.7398	159.4574	303.7664	116.3356	81.8589	0.5173	0.3615	65.5264
70.9786	4000.0000	-0.2320	0.3774	0.0000	196.9500	116.7700	230.6720	0.8415	127.5300	66.4574	5.0000	4000.0000	500.0000	0.0000	3998.1991	0.2602	0.2770	0.0943	0.0941	0.1609	0.4544	0.1146	0.5626	1.7398	159.4574	303.7664	116.3356	81.8589	0.5173	0.3615	65.5264
71.3867	4000.0000	-0.2320	0.3774	0.0000	196.9500	116.7700	230.6720	0.8415	127.5300	66.4574	5.0000	4000.0000	500.0000	0.0000	3996.0094	0.2819	0.2851	0.0939	0.0941	0.2438	0.4958	0.0993	0.5312	3.4126	163.4559	303.7530	117.0053	81.8435	0.5399	0.3624	65.5157
71.8220	3999.0000	-0.2310	0.3770	0.0000	196.9410	116.5600	230.7050	0.8403	127.3200	66.4498	5.0000	4000.0000	500.0000	0.0000	4002.1586	0.2667	0.2618	0.0943	0.0942	0.1949	0.4616	0.1427	0.5433	-6.9165	162.5931	303.8747	116.2902	81.8291	0.5338	0.3650	65.5050
71.9712	3999.0000	-0.2310	0.3770	0.0000	196.9410	116.5600	230.7050	0.8403	127.3200	66.4498	5.0000	4000.0000	500.0000	0.0000	4002.1586	0.2667	0.2618	0.0943	0.0942	0.1949	0.4616	0.1427	0.5433	-6.9165	162.5931	303.8747	116.2902	81.8291	0.5338	0.3650	65.5050
72.5670	4000.0000	-0.2300	0.3771	0.0000	196.9610	116.6200	230.7240	0.8401	127.2800	66.4319	5.0000	4000.0000	500.0000	0.0000	4001.9940	0.2796	0.2621	0.0943	0.0941	0.2374	0.4972	0.1694	0.4545	6.6032	161.2746	303.8813	116.7594	81.8150	0.5215	0.3654	65.5050
72.5768	4000.0000	-0.2300	0.3771	0.0000	196.9610	116.6200	230.7240	0.8401	127.2800	66.4319	5.0000	4000.0000	500.0000	0.0000	4001.9940	0.2796	0.2621	0.0943	0.0941	0.2374	0.4972	0.1694	0.4545	6.6032	161.2746	303.8813	116.7594	81.8150	0.5215	0.3654	65.5050
73.1665	4001.0000	-0.2320	0.3765	0.0000	196.9630	116.3700	230.7560	0.8391	127.1000	66.3851	5.0000	4000.0000	500.0000	0.0000	3997.5160	0.2792	0.2788	0.0937	0.0942	0.1859	0.5179	0.0449	0.4681	5.4206	159.7399	303.9517	115.6800	81.8004	0.5133	0.3654	65.4946
73.3115	4001.0000	-0.2320	0.3765	0.0000	196.9630	116.3700	230.7560	0.8391	127.1000	66.3851	5.0000	4000.0000	500.0000	0.0000	3997.5160	0.2792	0.2788	0.0937	0.0942	0.1859	0.5179	0.0449	0.4681	5.4206	159.7399	303.9517	115.6800	81.8004	0.5133	0.3654	65.4946
73.7558	4001.0000	-0.2300	0.3761	0.0000	196.9630	116.2600	230.7720	0.8381	126.9600	66.3902	5.0000	4000.0000	500.0000	0.0000	3997.0480	0.2734	0.2806	0.0939	0.0941	0.2650	0.4713	0.1069	0.5434	-0.0586	151.5723	303.9532	115.9813	81.7857	0.5316	0.3652	65.4946
74.0537	4001.0000	-0.2300	0.3761	0.0000	196.9630	116.2600	230.7720	0.8381	126.9600	66.3902	5.0000	4000.0000	500.0000	0.0000	3997.0480	0.2734	0.2806	0.0939	0.0941	0.2650	0.4713	0.1069	0.5434	-0.0586	151.5723	303.9532	115.9813	81.7857	0.5316	0.3652	65.4946
74.3619	4001.0000	-0.2300	0.3761	0.0000	196.9630	116.2600	230.7720	0.8381	126.9600	66.3902	5.0000	4000.0000	500.0000	0.0000	4001.3902	0.2599	0.2638	0.0942	0.0941	0.2618	0.4520	0.1632	0.5700	-4.6911	153.3437	304.0246	116.5176	81.7711	0.4939	0.3642	65.4840
74.8029	4001.0000	-0.2290	0.3760	0.0000	196.9490	116.2500	230.7990	0.8378	126.9100	66.3533	5.0000	4000.0000	500.0000	0.0000	4005.7041	0.2956	0.2477	0.0947	0.0942	0.1997	0.5473	0.1445	0.4872	3.1778	155.6716	304.0411	115.2409	81.7566	0.5269	0.3675	65.4734
74.9666	4001.0000	-0.2290	0.3760	0.0000	196.9490	116.2500	230.7990	0.8378	126.9100	66.3533	5.0000	4000.0000	500.0000	0.0000	4005.7041	0.2956	0.2477	0.0947	0.0942	0.1997	0.5473	0.1445	0.4872	3.1778	155.6716	304.0411	115.2409	81.7566	0.5269	0.3675	65.4734
75.5447	4003.0000	-0.2290	0.3763	0.0000	196.9810	116.2900	230.8120	0.8380	126.9200	66.3302	5.0000	4000.0000	500.0000	0.0000	3999.4184	0.2623	0.2713	0.0942	0.0941	0.1868	0.4629	0.1096	0.5201	1.6838	156.5274	304.0924	115.7103	81.7413	0.5430	0.3589	65.4734
75.5733	4003.0000	-0.2290	0.3763	0.0000	196.9810	116.2900	230.8120	0.8380	126.9200	66.3302	5.0000	4000.0000	500.0000	0.0000	3999.4184	0.2623	0.2713	0.0942	0.0941	0.1868	0.4629	0.1096	0.5201	1.6838	156.5274	304.0924	115.7103	81.7413	0.5430	0.3589	65.4734
76.1778	4001.0000	-0.2300	0.3762	0.0000	196.9630	116.2900	230.8330	0.8381	126.9700	66.3147	5.0000	4000.0000	500.0000	0.0000	3998.7455	0.2781	0.2737	0.0936	0.0942	0.2347	0.4853	0.0539	0.4759	-7.2366	157.3600	304.0788	116.0175	81.7253	0.5097	0.3590	65.4630
76.2830	4001.0000	-0.2300	0.3762	0.0000	196.9630	116.2900	230.8330	0.8381	126.9700	66.3147	5.0000	4000.0000	500.0000	0.0000	3998.7455	0.2781	0.2737	0.0936	0.0942	0.2347	0.4853	0.0539	0.4759	-7.2366	157.3600	304.0788	116.0175	81.7253	0.5097	0.3590	65.4630
76.7840	3999.0000	-0.2310	0.3759	0.0000	196.9650	116.1500	230.8380	0.8374	126.8300	66.2823	6.0000	4000.0000	500.0000	0.0000	4007.0131	0.2617	0.2425	0.0938	0.0942	0.2844	0.4633	0.1755	0.5032	11.4651	161.1670	304.1072	116.1662	81.7099	0.5460	0.3573	65.4630
77.0229	3999.0000	-0.2310	0.3759	0.0000	196.9650	116.1500	230.8380	0.8374	126.8300	66.2823	6.0000	4000.0000	500.0000	0.0000	4007.0131	0.2617	0.2425	0.0938	0.0942	0.2844	0.4633	0.1755	0.5032	11.4651	161.1670	304.1072	116.1662	81.7099	0.5460	0.3573	65.4630
77.3898	3999.0000	-0.2310	0.3759	0.0000	196.9650	116.1500	230.8380	0.8374	126.8300	66.2823	6.0000	4000.0000	500.0000	0.0000	3999.3024	0.2787	0.2714	0.0942	0.0941	0.1771	0.5086	0.0808	0.4593	4.0365	160.4698	304.1169	115.8920	81.6945	0.5133	0.3572	65.4523
77.7684	4001.0000	-0.2290	0.3760	0.0000	196.9530	116.2100	230.8470	0.8374	126.8000	66.2724	NOT CONNECTED	4000.0000	500.0000	0.0000	4001.3770	0.2489	0.2638	0.0942	0.0940	0.2070	0.4058	0.1262	0.4698	9.6302	156.8737	304.1805	116.3808	81.6801	0.4946	0.3674	65.4415
77.9950	4001.0000	-0.2290	0.3760	0.0000	196.9530	116.2100	230.8470	0.8374	126.8000	66.2724	NOT CONNECTED	4000.0000	500.0000	0.0000	4001.3770	0.2489	0.2638	0.0942	0.0940	0.2070	0.4058	0.1262	0.4698	9.6302	156.8737	304.1805	116.3808	81.6801	0.4946	0.3674	65.4415
78.6123	4034.0000	-0.0560	0.3589	0.0000	196.8400	109.0800	230.8550	0.8085	121.4000	66.2322	NOT CONNECTED	0.0000	500.0000	0.0000	4016.0390	0.0584	0.0926	0.0929	0.0930	0.2604	0.0863	0.1501	0.0611	-3.3133	155.7612	313.2324	26.9496	81.6646	0.1670	0.1745	65.4415
78.7463	4034.0000	-0.0560	0.3589	0.0000	196.8400	109.0800	230.8550	0.8085	121.4000	66.2322	NOT CONNECTED	0.0000	500.0000	0.0000	4016.0390	0.0584	0.0926	0.0929	0.0930	0.2604	0.0863	0.1501	0.0611	-3.3133	155.7612	313.2324	26.9496	81.6646	0.1670	0.1745	65.4415
79.2313	4003.0000	-0.0530	0.1632	0.0000	193.5140	30.9800	230.9060	0.2920	38.6100	66.2298	NOT CONNECTED	0.0000	500.0000	0.0000	4006.4720	0.0550	0.0561	0.0932	0.0930	0.2034	0.0987	0.2478	0.1986	-3.0118	157.7650	312.4857	30.4825	81.6328	0.2215	0.1693	65.4266
79.4853	4003.0000	-0.0530	0.1632	0.0000	193.5140	30.9800	230.9060	0.2920	38.6100	66.2298	NOT CONNECTED	0.0000	500.0000	0.0000	4006.4720	0.0550	0.0561	0.0932	0.0930	0.2034	0.0987	0.2478	0.1986	-3.0118	157.7650	312.4857	30.4825	81.6328	0.2215	0.1693	65.4266
79.8360	4003.0000	-0.0530	0.1632	0.0000	193.5140	30.9800	230.9060	0.2920	38.6100	66.2298	NOT CONNECTED	0.0000	500.0000	0.0000	3997.4245	0.0992	0.0830	0.0927	0.0932	0.0703	0.2069	0.1261	0.1825	1.4633	158.2077	312.3694	30.7554	81.6042	0.2369	0.1724	65.4266
80.4493	3998.0000	-0.0550	0.1694	0.0000	193.0120	34.7200	230.8790	0.3175	42.5100	66.1728	NOT CONNECTED	0.0000	500.0000	0.0000	3998.8423	0.0838	0.0769	0.0930	0.0931	0.2243	0.1377	0.1906	0.2016	4.9857	150.6602	312.3071	32.2945	81.5770	0.2095	0.1691	65.4093
80.7406	3998.0000	-0.0550	0.1694	0.0000	193.0120	34.7200	230.8790	0.3175	42.5100	66.1728	NOT CONNECTED	0.0000	500.0000	0.0000	3998.8423	0.0838	0.0769	0.0930	0.0931	0.2243	0.1377	0.1906	0.2016	4.9857	150.6602	312.3071	32.2945	81.5770	0.2095	0.1691	65.4093
81.0560	3998.0000	-0.0550	0.1694	0.0000	193.0120	34.7200	230.8790	0.3175	42.5100	66.1728	NOT CONNECTED	0.0000	500.0000	0.0000	4004.2813	0.0610	0.0562	0.0930	0.0931	0.1819	0.1212	0.1694	0.1524	1.6320	158.2038	312.3450	31.1394	81.5508	0.2202	0.1684	65.3921
81.4768	4000.0000	-0.0540	0.1698	0.0000	193.0560	34.6800	230.8760	0.3172	42.4700	66.1543	NOT CONNECTED	0.0000	500.0000	0.0000	3998.4526	0.0908	0.0784	0.0925	0.0931	0.1559	0.1888	0.1417	0.1196	3.7265	158.5864	312.2706	31.5882	81.5249	0.1730	0.1707	65.3921
81.6622	4000.0000	-0.0540	0.1698	0.0000	193.0560	34.6800	230.8760	0.3172	42.4700	66.1543	NOT CONNECTED	0.0000	500.0000	0.0000	3998.4526	0.0908	0.0784	0.0925	0.0931	0.1559	0.1888	0.1417	0.1196	3.7265	158.5864	312.2706	31.5882	81.5249	0.1730	0.1707	65.3921
82.2331	4002.0000	-0.0540	0.1706	0.0000	193.0240	35.0500	230.8660	0.3192	42.7000	66.0797	NOT CONNECTED	0.0000	500.0000	0.0000	3995.6034	0.0349	0.0365	0.0913	0.0732	-0.5821	0.0756	0.0173	0.0551	-7.7332	107.2353	312.1420	21.6406	81.5001	0.0766	0.1706	65.3746
82.2668	4002.0000	-0.0540	0.1706	0.0000	193.0240	35.0500	230.8660	0.3192	42.7000	66.0797	NOT CONNECTED	0.0000	500.0000	0.0000	3995.6034	0.0349	0.0365	0.0913	0.0732	-0.5821	0.0756	0.0173	0.0551	-7.7332	107.2353	312.1420	21.6406	81.5001	0.0766	0.1706	65.3746
82.8593	3857.0000	0.0050	0.2644	0.0000	184.8700	29.6100	230.8620	0.2946	38.8300	66.0489	NOT CONNECTED	0.0000	500.0000	0.0000	3817.9905	0.0055	-0.0000	0.0531	0.0531	-1.7255	-0.0049	-1.6275	0.0049	-11.7100	82.2776	313.0347	27.1465	81.5497	1.3594	1.0863	65.3746
82.9757	3857.0000	0.0050	0.2644	0.0000	184.8700	29.6100	230.8620	0.2946	38.8300	66.0489	NOT CONNECTED	0.0000	500.0000	0.0000	3817.9905	0.0055	-0.0000	0.0531	0.0531	-1.7255	-0.0049	-1.6275	0.0049	-11.7100	82.2776	313.0347	27.1465	81.5497	1.3594	1.0863	65.3746
83.4467	3594.0000	0.0040	1.0934	0.0000	103.2540	23.5500	230.8490	0.2787	36.8100	66.1072	NOT CONNECTED	0.0000	500.0000	0.0000	3589.2113	-0.0052	-0.0000	0.0530	0.0531	-1.3482	-0.0030	-1.7218	0.0097	-10.7409	76.6558	313.0591	26.5367	81.7013	1.7104	1.1021	65.4007
83.7272	3594.0000	0.0040	1.0934	0.0000	103.2540	23.5500	230.8490	0.2787	36.8100	66.1072	NOT CONNECTED	0.0000	500.0000	0.0000	3589.2113	-0.0052	-0.0000	0.0530	0.0531	-1.3482	-0.0030	-1.7218	0.0097	-10.7409	76.6558	313.0591	26.5367	81.7013	1.7104	1.1021	65.4007
84.0525	3594.0000	0.0040	1.0934	0.0000	103.2540	23.5500	230.8490	0.2787	36.8100	66.1072	NOT CONNECTED	0.0000	500.0000	0.0000	3394.0056	-0.0061	-0.0000	0.0531	0.0531	-1.3579	-0.0294	-1.3369	0.0135	-10.5138	72.8589	313.0456	27.2301	81.8387	1.3153	1.0996	65.4569
84.4706	3336.0000	0.0040	1.0939	0.0000	98.3980	23.5200	230.8440	0.2780	36.7600	66.1074	NOT CONNECTED	0.0000	500.0000	0.0000	3175.5497	-0.0007	-0.0000	0.0531	0.0531	-1.4880	0.0279	-1.4946	0.0178	-12.3749	71.0413	313.0334	26.1360	81.9600	1.7381	1.0993	65.4569
84.6724	3336.0000	0.0040	1.0939	0.0000	98.3980	23.5200	230.8440	0.2780	36.7600	66.1074	NOT CONNECTED	0.0000	500.0000	0.0000	3175.5497	-0.0007	-0.0000	0.0531	0.0531	-1.4880	0.0279	-1.4946	0.0178	-12.3749	71.0413	313.0334	26.1360	81.9600	1.7381	1.0993	65.4569
85.2334	3102.0000	0.0030	1.0947	0.0000	89.0560	23.5000	230.8320	0.2771	36.6000	66.1979	NOT CONNECTED	0.0000	500.0000	0.0000	2995.5865	-0.0018	-0.0000	0.0529	0.0531	-1.3513	-0.0098	-1.3636	-0.0164	-11.4577	66.8957	312.9941	26.6506	82.0684	1.4052	1.1016	65.5127
85.2705	3102.0000	0.0030	1.0947	0.0000	89.0560	23.5000	230.8320	0.2771	36.6000	66.1979	NOT CONNECTED	0.0000	500.0000	0.0000	2995.5865	-0.0018	-0.0000	0.0529	0.0531	-1.3513	-0.0098	-1.3636	-0.0164	-11.4577	66.8957	312.9941	26.6506	82.0684	1.4052	1.1016	65.5127
85.8813	2774.0000	0.0460	1.0938	0.0000	84.5670	23.4600	230.8250	0.2768	36.5600	66.2493	NOT CONNECTED	0.0000	500.0000	0.0000	2697.8028	0.0105	-0.0000	0.0524	0.0531	-1.8158	0.0183	-1.2490	-0.2748	-8.4263	68.4527	315.1355	15.5440	82.1702	1.3243	1.1115	65.5127
85.9701	2774.0000	0.0460	1.0938	0.0000	84.5670	23.4600	230.8250	0.2768	36.5600	66.2493	NOT CONNECTED	0.0000	500.0000	0.0000	2697.8028	0.0105	-0.0000	0.0524	0.0531	-1.8158	0.0183	-1.2490	-0.2748	-8.4263	68.4527	315.1355	15.5440	82.1702	1.3243	1.1115	65.5127
86.4808	2327.0000	0.0570	1.1087	0.0000	70.9210	8.9700	230.8160	0.1752	21.7700	66.3529	NOT CONNECTED	0.0000	500.0000	0.0000	2311.8478	-0.0924	-0.1438	0.0531	0.0534	-1.8345	-0.3562	-1.9559	-0.1577	-7.6176	30.0266	315.8553	10.2871	82.2606	1.8982	1.1173	65.5673
86.7287	2327.0000	0.0570	1.1087	0.0000	70.9210	8.9700	230.8160	0.1752	21.7700	66.3529	NOT CONNECTED	0.0000	500.0000	0.0000	2311.8478	-0.0924	-0.1438	0.0531	0.0534	-1.8345	-0.3562	-1.9559	-0.1577	-7.6176	30.0266	315.8553	10.2871	82.2606	1.8982	1.1173	65.5673
87.0725	2327.0000	0.0570	1.1087	0.0000	70.9210	8.9700	230.8160	0.1752	21.7700	66.3529	NOT CONNECTED	0.0000	500.0000	0.0000	1864.4751	-0.1530	-0.1664	0.0538	0.0536	-1.6487	-0.4532	-1.8977	-0.1285	-11.6101	73.2207	316.3734	7.8337	82.3441	1.8407	1.1229	65.6223
87.4699	1758.0000	0.0930	1.1145	0.0000	61.4280	5.8600	230.8080	0.1527	18.6600	66.4796	NOT CONNECTED	0.0000	500.0000	0.0000	1315.9858	-0.1059	-0.0795	0.0533	0.0533	-1.4621	-0.3445	-1.6183	-0.0556	-12.0650	27.6467	314.9665	17.8739	82.4144	1.5261	1.1089	65.6223
87.6713	1758.0000	0.0930	1.1145	0.0000	61.4280	5.8600	230.8080	0.1527	18.6600	66.4796	NOT CONNECTED	0.0000	500.0000	0.0000	1315.9858	-0.1059	-0.0795	0.0533	0.0533	-1.4621	-0.3445	-1.6183	-0.0556	-12.0650	27.6467	314.9665	17.8739	82.4144	1.5261	1.1089	65.6223
88.2350	1153.0000	0.0430	1.0864	0.0000	36.2240	15.6500	230.7800	0.2131	27.2600	66.5377	NOT CONNECTED	0.0000	500.0000	0.0000	987.2667	-0.0569	-0.0172	0.0531	0.0531	-1.6462	-0.1749	-1.6540	-0.0405	-10.8622	20.1555	313.8111	21.6516	82.4739	1.6355	1.0968	65.6743
88.2775	1153.0000	0.0430	1.0864	0.0000	36.2240	15.6500	230.7800	0.2131	27.2600	66.5377	NOT CONNECTED	0.0000	500.0000	0.0000	987.2667	-0.0569	-0.0172	0.0531	0.0531	-1.6462	-0.1749	-1.6540	-0.0405	-10.8622	20.1555	313.8111	21.6516	82.4739	1.6355	1.0968	65.6743
88.8761	766.0000	0.0380	1.0851	0.0000	29.7400	18.3800	230.7710	0.2334	30.2900	66.6788	NOT CONNECTED	0.0000	500.0000	0.0000	675.9125	-0.0425	0.0136	0.0532	0.0531	-1.4554	-0.1277	-1.6671	-0.0615	-11.5976	13.2007	313.5798	24.0978	82.5272	1.6738	1.0942	65.6743
88.9751	766.0000	0.0380	1.0851	0.0000	29.7400	18.3800	230.7710	0.2334	30.2900	66.6788	NOT CONNECTED	0.0000	500.0000	0.0000	675.9125	-0.0425	0.0136	0.0532	0.0531	-1.4554	-0.1277	-1.6671	-0.0615	-11.5976	13.2007	313.5798	24.0978	82.5272	1.6738	1.0942	65.6743
89.4752	392.0000	0.0390	1.0676	0.0000	18.0400	20.4800	230.7510	0.2443	32.0000	66.8576	NOT CONNECTED	0.0000	500.0000	0.0000	385.9741	0.0280	-0.0041	0.0530	0.0531	-1.6576	0.0957	-1.4895	-0.0373	-11.6463	7.5142	313.4918	25.6276	82.5689	1.5418	1.0790	65.7241
89.7219	392.0000	0.0390	1.0676	0.0000	18.0400	20.4800	230.7510	0.2443	32.0000	66.8576	NOT CONNECTED	0.0000	500.0000	0.0000	385.9741	0.0280	-0.0041	0.0530	0.0531	-1.6576	0.0957	-1.4895	-0.0373	-11.6463	7.5142	313.4918	25.6276	82.5689	1.5418	1.0790	65.7241
90.0897	392.0000	0.0390	1.0676	0.0000	18.0400	20.4800	230.7510	0.2443	32.0000	66.8576	NOT CONNECTED	0.0000	500.0000	0.0000	0.0000	0.0000	0.0000	0.0931	0.0531	-1.5036	0.1031	-1.5062	0.0540	-11.1452	5.3520	321.0551	0.0000	82.6011	1.5071	0.1427	65.7637
90.4675	13.0000	-0.0030	1.0792	0.0000	13.8780	22.2800	230.7390	0.2604	34.2000	66.9432	NOT CONNECTED	0.0000	500.0000	0.0000	0.0000	0.0000	0.0000	0.0931	0.0531	-1.5036	0.1031	-1.5062	0.0540	-11.1452	5.3520	321.2120	0.0000	82.4659	1.5071	0.0057	65.7637
90.6963	13.0000	-0.0030	1.0792	0.0000	13.8780	22.2800	230.7390	0.2604	34.2000	66.9432	NOT CONNECTED	0.0000	500.0000	0.0000	0.0000	0.0000	0.0000	0.0931	0.0531	-1.5036	0.1031	-1.5062	0.0540	-11.1452	5.3520	321.2120	0.0000	82.4659	1.5071	0.0057	65.7637
91.2168	0.0000	0.0000	0.0066	0.0000	0.0000	-0.0200	230.7360	0.0000	1.4200	67.0168	NOT CONNECTED	0.0000	500.0000	0.0000	0.0000	0.0000	0.0000	0.0931	0.0531	-1.5036	0.1031	-1.5062	0.0540	-11.1452	5.3520	321.1539	0.0000	82.3304	1.5071	0.0057	65.7364
91.3017	0.0000	0.0000	0.0066	0.0000	0.0000	-0.0200	230.7360	0.0000	1.4200	67.0168	NOT CONNECTED	0.0000	500.0000	0.0000	0.0000	0.0000	0.0000	0.0931	0.0531	-1.5036	0.1031	-1.5062	0.0540	-11.1452	5.3520	321.1539	0.0000	82.3304	1.5071	0.0057	65.7364
91.9073	0.0000	0.0000	0.0066	0.0000	0.0000	-0.0200	230.7240	0.0000	1.4200	67.0662	NOT CONNECTED	0.0000	500.0000	0.0000	0.0000	0.0000	0.0000	0.0931	0.0531	-1.5036	0.1031	-1.5062	0.0540	0.0000	0.0000	321.2283	0.0000	82.2032	1.5071	0.0053	65.7364
91.9460	0.0000	0.0000	0.0066	0.0000	0.0000	-0.0200	230.7240	0.0000	1.4200	67.0662	NOT CONNECTED	NOT CONNECTED	NOT CONNECTED	NOT CONNECTED	NOT CONNECTED	NOT CONNECTED	NOT CONNECTED	NOT CONNECTED	NOT CONNECTED	NOT CONNECTED	NOT CONNECTED	NOT CONNECTED	NOT CONNECTED	NOT CONNECTED	NOT CONNECTED	NOT CONNECTED	NOT CONNECTED	NOT CONNECTED	NOT CONNECTED	NOT CONNECTED	NOT CONNECTED
