WindyBPMp50_OrcaH34_Dyno_High_Speed_Power__180Vac_60C_20240809_110810
Report created on: 2024/08/09: 12:22:11


Step N. = 	0
Target Speed = 	4445

Speed Mainboard (rpm_M)	Speed TestBench (rpm_M)	Speed Error (rpm_M)	Speed Error %	Torque TestBench (Nm_M)	Torque Ref (Nm)	Torque MainBoard (Nm_M)	Torque MainBoard Error (Nm_M)	Torque MainBoard Error %	Flux Ref (V/rad/s)	Flux (V/rad/s)	Id * Iq (A^2)	Id (Apeak)	Iq (Apeak)	Id Rotor (Apeak)	Iq Rotor (Apeak)	IMotor Measured (Arms)	IMotor MainBoard (Arms)	IMotor Error (Arms)	IMotor Error %	Motor Current THD %	Vsdref (Vpeak)	Vsqref (Vpeak)	Vout MainBoard (Vrms)	Vout Measured (Vrms)	Vout Error (Vrms)	Vout Error %	Motor Power MainBoard (W)	Motor Power Measured (W)	Motor Power Error (W)	Motor Power Error %	Line Voltage (Vrms)	Line Current (Arms)	Line Power (W)	Line Power Factor	Bulk Ripple (V)	DC Bus Voltage (Vrms)	Motor Mechanical Power (W)	Motor Efficiency	Inverter Efficiency	Overall Efficiency	Temperature (deg C)	Estimated Temperature (deg C)	Motor cos-phi	Electrical Power Alpha-Beta [W]	Electrical Power Error [W]	Electrical Power Error [%]	Bus Voltage Usage [%]	Rotational Losses [W]	Kt [Nm/Arms]	
4445.0989	4442.2857	-2.8132	-0.0633	0.1929	0.1935	0.1947	-0.0018	-0.9304	0.0687	0.0683	-0.2272	-0.4933	0.4607	-0.5927	0.3857	0.4732	0.4723	0.0010	0.2011	0.0000	-6.6695	127.2221	156.1171	161.4941	5.3769	3.3295	92.6950	92.4843	-0.2107	-0.2279	180.5720	0.8260	103.2607	0.6922	nan	163.8782	89.7520	97.0479	89.5554	86.9112	60.0166	58.7498	0.6983	96.6972	-4.2129	-4.5552	98.5453	-1.4842	0.4077	
4443.8297	4444.3636	0.5340	0.0120	0.2458	0.2492	0.2412	0.0046	1.8681	0.0680	0.0681	-0.3141	-0.5245	0.5963	-0.6385	0.4909	0.5586	0.5565	0.0020	0.3664	0.0000	-4.2027	128.9172	158.0687	160.4978	2.4291	1.5135	118.3932	119.7209	1.3277	1.1090	180.5721	1.0375	132.0600	0.7049	nan	163.2334	114.4068	95.5613	90.6565	86.6326	60.0661	58.8359	0.7710	122.0964	-2.3755	-1.9842	98.3242	-0.5615	0.4401	
4446.3509	4445.0769	-1.2740	-0.0287	0.2918	0.2944	0.2980	-0.0062	-2.1291	0.0669	0.0675	-0.4095	-0.5514	0.7395	-0.7059	0.5586	0.6406	0.6361	0.0045	0.7051	0.0000	-2.5861	128.7924	157.8517	159.5828	1.7311	1.0848	145.0333	144.9615	-0.0717	-0.0495	180.3799	1.2309	158.6738	0.7146	nan	162.4424	135.8149	93.6905	91.3583	85.5937	60.1222	58.8925	0.8187	148.8115	-3.8500	-2.6559	98.2396	1.4177	0.4555	
4443.8810	4444.7273	0.8463	0.0190	0.3374	0.3482	0.3588	-0.0215	-6.3679	0.0655	0.0657	-0.5465	-0.5989	0.9144	-0.8206	0.6531	0.7221	0.7202	0.0019	0.2588	0.0000	-0.6886	125.6855	154.1759	158.5989	4.4230	2.7888	172.1314	169.1536	-2.9778	-1.7604	179.9965	1.4155	184.1382	0.7227	nan	161.4994	157.0262	92.8311	91.8622	85.2766	60.2276	58.9474	0.8528	173.2899	-4.1362	-2.4452	98.2040	2.3034	0.4672	
4444.4027	4444.7273	0.3245	0.0073	0.3838	0.3811	0.3894	-0.0056	-1.4624	0.0644	0.0643	-0.5760	-0.5703	1.0088	-0.9017	0.7024	0.7818	0.7770	0.0048	0.6146	0.0000	-4.4202	127.7942	156.6694	157.9529	1.2836	0.8126	197.1081	186.6973	-10.4109	-5.5763	179.6913	1.5492	202.5655	0.7277	nan	160.9113	178.6485	95.6889	92.1664	88.1930	60.3692	59.0355	0.8729	191.3782	-4.6810	-2.5072	98.1615	-3.4725	0.4910	
4445.2101	4443.2308	-1.9793	-0.0445	0.4294	0.4245	0.4262	0.0031	0.7335	0.0649	0.0658	-0.5953	-0.5388	1.0922	-0.9138	0.7945	0.8614	0.8614	0.0001	0.0090	0.0000	-2.8570	123.6491	151.5909	157.2424	5.6515	3.5942	204.9529	210.1415	5.1886	2.4691	179.5852	1.7254	227.4685	0.7341	nan	160.2582	199.7902	95.0741	92.3827	87.8322	60.5448	59.2256	0.8957	214.6681	-4.5266	-2.1540	98.1181	-3.6470	0.4984	
4440.8435	4443.4000	2.5565	0.0575	0.4761	0.4869	0.4794	-0.0033	-0.6951	0.0655	0.0647	-0.6094	-0.4904	1.2280	-1.0304	0.8800	0.9496	0.9500	-0.0004	-0.0416	0.0000	-2.5778	129.1361	158.2017	156.6241	-1.5776	-1.0073	239.6726	236.3780	-3.2946	-1.3938	179.6653	1.9200	255.4950	0.7407	nan	159.7019	221.5349	93.7207	92.5177	86.7082	60.7513	59.3642	0.9176	242.5909	-6.2129	-2.6284	98.0728	-2.1779	0.5014	
4444.9756	4441.9286	-3.0471	-0.0686	0.5221	0.5262	0.5262	-0.0041	-0.7896	0.0640	0.0640	-0.7217	-0.5229	1.3748	-1.0818	0.9772	1.0399	1.0442	-0.0042	-0.4080	0.0000	-6.4313	124.8361	153.2187	156.1922	2.9735	1.9037	262.3469	263.2557	0.9088	0.3452	179.9049	2.1165	284.2507	0.7465	nan	159.3525	242.8457	92.2471	92.6139	85.4336	61.0651	59.6552	0.9357	269.0895	-5.8338	-2.2160	98.0168	-0.0279	0.5020	
4446.0729	4443.2727	-2.8001	-0.0630	0.5675	0.5744	0.5871	-0.0197	-3.4700	0.0612	0.0613	-0.7658	-0.4726	1.6036	-1.3412	1.0224	1.1325	1.1403	-0.0079	-0.6947	0.0000	-3.6410	128.1197	157.0096	155.8831	-1.1265	-0.7226	310.5241	290.6082	-19.9159	-6.8532	180.2395	2.3145	313.6182	0.7518	nan	159.1033	264.0358	90.8563	92.6631	84.1902	61.4232	59.9602	0.9504	298.6146	-8.0064	-2.7551	97.9760	2.3052	0.5011	
4444.2567	4448.0000	3.7433	0.0842	0.6141	0.6273	0.6366	-0.0225	-3.6650	0.0615	0.0616	-0.8784	-0.5007	1.7277	-1.3325	1.1063	1.2262	1.2361	-0.0099	-0.8089	0.0000	-3.8407	123.4757	151.4320	155.4705	4.0386	2.5976	321.7949	317.5745	-4.2203	-1.3289	180.4535	2.5102	342.7118	0.7566	nan	158.7144	286.0394	90.0700	92.6652	83.4635	61.8782	60.2109	0.9618	324.8857	-7.3111	-2.3022	97.9562	3.0385	0.5008	
4443.2466	4442.7692	-0.4774	-0.0107	0.6595	0.6671	0.6746	-0.0151	-2.2895	0.0609	0.0602	-0.8647	-0.4608	1.8581	-1.5145	1.1512	1.3016	1.3121	-0.0105	-0.8073	0.0000	-0.5945	127.9336	156.7627	155.0267	-1.7360	-1.1198	357.4381	338.3931	-19.0451	-5.6281	180.4269	2.6631	365.1638	0.7600	nan	158.2968	306.8116	90.6674	92.6688	84.0204	62.4061	60.8261	0.9682	346.8266	-8.4335	-2.4922	97.9342	-0.5865	0.5067	
4446.6214	4446.0000	-0.6214	-0.0140	0.7054	0.7034	0.6939	0.0115	1.6255	0.0625	0.0593	-0.7951	-0.4272	1.8553	-1.6667	1.2311	1.3978	1.4109	-0.0131	-0.9364	0.0000	0.3923	120.7869	148.1791	154.2160	6.0369	3.9146	334.5356	363.9100	29.3744	8.0719	180.1016	2.8555	393.0000	0.7642	nan	157.4657	328.4230	90.2484	92.5980	83.5682	63.0307	61.2406	0.9747	371.4612	-7.5512	-2.0750	97.9363	-1.6932	0.5046	
4451.4538	4445.6154	-5.8384	-0.1313	0.7516	0.7456	0.7772	-0.0256	-3.4019	0.0595	0.0611	-0.6468	-0.2824	2.2059	-1.5888	1.2835	1.5158	1.5288	-0.0129	-0.8536	0.0000	-2.5471	130.3202	159.6492	153.1403	-6.5089	-4.2503	432.1113	393.9708	-38.1405	-9.6810	179.6298	3.0851	426.0908	0.7689	nan	156.4347	349.9098	88.8162	92.4617	82.1210	63.7405	61.9260	0.9798	404.1218	-10.1511	-2.5766	97.8941	0.2281	0.4958	
4443.4878	4445.5455	2.0577	0.0463	0.7982	0.8131	0.8069	-0.0087	-1.0943	0.0577	0.0559	-0.6628	-0.2841	2.3640	-2.0477	1.3743	1.6389	1.6570	-0.0181	-1.1064	0.0000	-1.0692	121.2318	149.1692	152.4222	3.2530	2.1342	430.7658	425.5318	-5.2340	-1.2300	179.4623	3.3219	460.8900	0.7731	nan	155.7513	371.5828	87.3220	92.3283	80.6229	64.6111	62.5805	0.9835	435.9707	-10.4388	-2.4531	97.8625	2.5555	0.4870	
4443.9394	4442.0000	-1.9394	-0.0437	0.8448	0.8650	0.8641	-0.0192	-2.2778	0.0574	0.0579	-0.1016	-0.0511	2.5375	-2.0848	1.4270	1.7665	1.7849	-0.0184	-1.0394	0.0000	-4.5806	126.8751	155.5885	152.0228	-3.5658	-2.3456	482.6300	457.9615	-24.6684	-5.3866	179.6782	3.5593	496.7462	0.7767	nan	155.4117	392.9931	85.8139	92.1923	79.1139	65.6191	63.6590	0.9846	469.5430	-11.5814	-2.5289	97.8194	5.0496	0.4783	
4453.0259	4446.0000	-7.0259	-0.1580	0.8907	0.8982	0.9099	-0.0192	-2.1585	0.0562	0.0530	-0.3813	-0.1389	2.6933	-2.5720	1.4716	1.9068	1.9242	-0.0174	-0.9141	0.0000	1.2121	124.0443	152.0225	151.4855	-0.5370	-0.3545	501.1920	492.0090	-9.1830	-1.8664	179.9235	3.8098	534.6920	0.7800	nan	155.0941	414.6962	84.2866	92.0173	77.5582	66.8478	64.4543	0.9834	499.9961	-7.9871	-1.6234	97.6733	7.2061	0.4671	
4444.6951	4445.7692	1.0741	0.0242	0.9361	0.9665	0.9520	-0.0159	-1.7035	0.0518	0.0577	0.5305	0.1689	3.0697	-2.3578	1.5182	2.0418	2.0666	-0.0248	-1.2122	0.0000	-1.4040	116.6587	143.2008	150.7928	7.5920	5.0347	536.3105	522.0469	-14.2635	-2.7322	180.1475	4.0326	568.3800	0.7824	nan	154.8354	435.7999	83.4801	91.8483	76.6751	68.2678	65.9871	0.9789	533.3796	-11.3326	-2.1708	97.3891	5.4639	0.4585	
4445.3020	4444.7273	-0.5748	-0.0129	0.9822	1.0332	1.0177	-0.0355	-3.6144	0.0506	0.0551	2.5293	0.7176	3.4087	-2.6512	1.6027	2.2832	2.3047	-0.0216	-0.9448	0.0000	14.0889	120.5395	150.2873	149.2372	-1.0501	-0.7037	626.3404	566.9727	-59.3677	-10.4710	180.2595	4.3813	619.7118	0.7847	nan	154.3288	457.1583	80.6339	91.4900	73.7720	70.0063	67.1416	0.9607	580.7345	-13.7618	-2.4272	96.7008	8.2012	0.4302	
4445.6161	4441.6923	-3.9238	-0.0883	1.0268	0.9994	1.1286	-0.1019	-9.9204	0.0561	0.0479	4.6729	1.2766	3.4264	-3.6336	1.5843	2.6718	2.7081	-0.0362	-1.3557	0.0000	0.0647	137.1381	168.0240	147.9768	-20.0472	-13.5475	701.7345	634.4615	-67.2729	-10.6032	180.2425	4.8967	697.9231	0.7908	nan	153.4888	477.5841	75.2744	90.9072	68.4299	72.2795	69.3778	0.9265	655.2722	-20.8107	-3.2801	96.4089	16.6448	0.3843	
4383.2419	4380.4545	-2.7873	-0.0636	1.0741	1.1724	1.1748	-0.1007	-9.3786	0.0519	0.0508	8.4256	2.2339	3.7761	-4.1212	1.4775	3.1102	3.1459	-0.0357	-1.1474	0.0000	24.5156	104.2527	132.7756	147.7573	14.9817	10.1394	676.4144	711.2236	34.8093	4.8943	180.1767	5.5309	789.3327	0.7921	nan	151.9820	492.7073	69.2762	90.1045	62.4209	75.6584	71.2824	0.8935	736.1454	-24.9218	-3.5041	97.2202	26.3225	0.3453	
4170.5107	4169.8182	-0.6925	-0.0166	1.1194	1.2182	1.2236	-0.1042	-9.3083	0.0549	0.0513	8.0762	2.1529	3.7563	-4.1458	1.5911	3.1180	3.1492	-0.0312	-1.0022	0.0000	26.6244	125.9633	159.1652	147.8662	-11.2990	-7.6414	790.8492	714.6409	-76.2083	-10.6639	180.1665	5.5598	793.0009	0.7917	nan	152.0532	488.7833	68.3962	90.1187	61.6378	79.9620	75.5636	0.8949	726.9474	-12.3065	-1.7221	97.2463	29.9171	0.3590	

Torque compensated Offset = 	0
Mean Torque Mainboard Error perc = 	-2.8775985693002393


Step N. = 	1
Target Speed = 	7620

Speed Mainboard (rpm_M)	Speed TestBench (rpm_M)	Speed Error (rpm_M)	Speed Error %	Torque TestBench (Nm_M)	Torque Ref (Nm)	Torque MainBoard (Nm_M)	Torque MainBoard Error (Nm_M)	Torque MainBoard Error %	Flux Ref (V/rad/s)	Flux (V/rad/s)	Id * Iq (A^2)	Id (Apeak)	Iq (Apeak)	Id Rotor (Apeak)	Iq Rotor (Apeak)	IMotor Measured (Arms)	IMotor MainBoard (Arms)	IMotor Error (Arms)	IMotor Error %	Motor Current THD %	Vsdref (Vpeak)	Vsqref (Vpeak)	Vout MainBoard (Vrms)	Vout Measured (Vrms)	Vout Error (Vrms)	Vout Error %	Motor Power MainBoard (W)	Motor Power Measured (W)	Motor Power Error (W)	Motor Power Error %	Line Voltage (Vrms)	Line Current (Arms)	Line Power (W)	Line Power Factor	Bulk Ripple (V)	DC Bus Voltage (Vrms)	Motor Mechanical Power (W)	Motor Efficiency	Inverter Efficiency	Overall Efficiency	Temperature (deg C)	Estimated Temperature (deg C)	Motor cos-phi	Electrical Power Alpha-Beta [W]	Electrical Power Error [W]	Electrical Power Error [%]	Bus Voltage Usage [%]	Rotational Losses [W]	Kt [Nm/Arms]	
7619.6130	7616.9231	-2.6899	-0.0353	0.1974	0.1984	0.1938	0.0036	1.8378	0.0387	0.0376	-1.5363	-1.8180	0.8456	-2.0228	0.3208	1.4110	1.4132	-0.0021	-0.1518	0.0000	-8.6024	125.1872	153.7675	159.1178	5.3503	3.3625	182.0747	191.0162	8.9415	4.6810	179.6345	1.6074	211.8669	0.7337	nan	159.8436	157.4441	82.4505	90.1544	74.3318	60.5527	59.0083	0.4911	202.3652	-11.3490	-5.9414	99.5460	-3.9863	0.1399	
7618.2046	7617.3636	-0.8409	-0.0110	0.2238	0.2315	0.2207	0.0031	1.3852	0.0384	0.0375	-1.6884	-1.7753	0.9488	-2.0613	0.3759	1.4488	1.4508	-0.0020	-0.1367	0.0000	-12.7239	126.5905	155.8982	158.7717	2.8735	1.8098	213.8826	219.9627	6.0801	2.7642	179.6795	1.8204	241.7545	0.7391	nan	159.7141	178.5373	81.1707	90.9853	73.8532	61.3273	59.7496	0.5521	232.0100	-12.0473	-5.4770	99.4100	1.7204	0.1545	
7620.3613	7618.3846	-1.9767	-0.0259	0.2499	0.2510	0.2564	-0.0064	-2.5732	0.0367	0.0371	-2.0942	-1.7979	1.1638	-2.1133	0.4103	1.4733	1.4716	0.0017	0.1176	0.0000	-10.5903	127.5051	156.8198	158.8002	1.9803	1.2470	251.6715	238.7615	-12.9099	-5.4070	179.9371	1.9553	261.0469	0.7420	nan	159.8311	199.3876	83.5096	91.4630	76.3802	62.1548	60.5220	0.5892	249.8441	-11.0826	-4.6417	99.3550	-1.8055	0.1696	
7619.5468	7618.7000	-0.8468	-0.0111	0.2743	0.2756	0.2838	-0.0095	-3.4577	0.0367	0.0386	-2.3053	-1.7599	1.3077	-2.0392	0.4459	1.5031	1.5130	-0.0099	-0.6593	0.0000	-13.9695	129.8889	160.0690	158.6078	-1.4612	-0.9212	291.8211	259.2130	-32.6081	-12.5796	180.1983	2.1020	282.4720	0.7458	nan	159.7148	218.8445	84.4275	91.7658	77.4754	62.9660	61.2874	0.6277	272.1246	-12.9116	-4.9811	99.3069	-2.6154	0.1825	
7622.3553	7618.9231	-3.4322	-0.0450	0.2993	0.3021	0.2974	0.0019	0.6257	0.0376	0.0369	-2.2671	-1.7331	1.3078	-2.1734	0.4979	1.5444	1.5476	-0.0033	-0.2109	0.0000	-13.9433	126.1443	155.5218	158.1338	2.6121	1.6518	283.9598	284.6508	0.6910	0.2428	180.4063	2.2849	309.4485	0.7507	nan	159.3874	238.8032	83.8934	91.9864	77.1705	63.7681	62.0846	0.6729	298.2962	-13.6455	-4.7938	99.2135	0.3452	0.1938	
7616.3203	7619.5000	3.1797	0.0417	0.3250	0.3249	0.3327	-0.0077	-2.3695	0.0368	0.0353	-2.5707	-1.6753	1.5314	-2.2691	0.5022	1.5728	1.5766	-0.0038	-0.2410	0.0000	-10.9008	131.7798	161.9746	157.8276	-4.1470	-2.6276	330.1107	301.2850	-28.8257	-9.5676	180.4907	2.4047	327.0050	0.7534	nan	159.1821	259.3215	86.0723	92.1346	79.3024	64.5713	62.9403	0.7007	316.3191	-15.0341	-4.9900	99.1491	-5.3637	0.2066	
7620.1476	7620.0769	-0.0707	-0.0009	0.3499	0.3572	0.3578	-0.0079	-2.2606	0.0362	0.0359	-2.7738	-1.6599	1.6693	-2.2745	0.5658	1.6333	1.6440	-0.0108	-0.6596	0.0000	-14.0581	127.5219	157.1828	156.8684	-0.3144	-0.2004	354.8974	333.1608	-21.7366	-6.5244	180.4375	2.6370	361.2562	0.7592	nan	158.4198	279.2294	83.8116	92.2228	77.2935	65.3308	63.6377	0.7508	347.5863	-14.4255	-4.3299	99.0207	2.7629	0.2142	
7618.4486	7620.1818	1.7332	0.0227	0.3753	0.3751	0.3673	0.0080	2.1278	0.0360	0.0363	-2.7201	-1.6044	1.6937	-2.2425	0.6112	1.6643	1.6712	-0.0068	-0.4115	0.0000	-11.4190	121.0256	148.9359	156.3785	7.4426	4.7593	335.4437	348.4500	13.0063	3.7326	180.2901	2.7498	377.5245	0.7615	nan	158.0304	299.4614	85.9409	92.2986	79.3223	66.1535	64.4354	0.7730	360.3747	-11.9247	-3.4222	98.9547	-4.2946	0.2255	
7620.8503	7619.0000	-1.8503	-0.0243	0.4002	0.4104	0.3949	0.0054	1.3377	0.0368	0.0360	-2.8088	-1.5673	1.7937	-2.3191	0.6663	1.7373	1.7483	-0.0110	-0.6355	0.0000	-9.6792	122.2505	150.2360	155.2350	4.9990	3.2203	351.4483	382.5985	31.1501	8.1417	180.1325	3.0012	414.5654	0.7668	nan	157.1780	319.3280	83.4632	92.2890	77.0274	66.9584	65.2206	0.8191	395.8025	-13.2041	-3.4512	98.7638	5.0494	0.2304	
7622.1316	7619.6364	-2.4952	-0.0327	0.4255	0.4261	0.4173	0.0081	1.9110	0.0358	0.0347	-2.9336	-1.5149	1.9325	-2.4571	0.6922	1.7726	1.7836	-0.0110	-0.6198	0.0000	-10.3914	120.7193	148.4748	154.7906	6.3158	4.0803	373.1516	398.4764	25.3248	6.3554	180.0650	3.1176	431.6345	0.7689	nan	156.9044	339.4813	85.1949	92.3180	78.6503	67.8345	66.0408	0.8385	411.5367	-13.0603	-3.2776	98.6528	-1.7985	0.2400	
7616.6886	7617.4000	0.7114	0.0093	0.4496	0.4673	0.4635	-0.0139	-3.0833	0.0342	0.0343	-3.1350	-1.3855	2.2679	-2.5553	0.7546	1.8564	1.8695	-0.0131	-0.7060	0.0000	-9.4559	118.8582	146.1878	153.7068	7.5190	4.8918	423.1705	433.7800	10.6095	2.4458	179.9756	3.3783	470.3080	0.7735	nan	156.1273	358.6423	82.6786	92.2332	76.2571	68.7055	66.7717	0.8777	448.6346	-14.8546	-3.4244	98.4497	8.2633	0.2422	
7618.8221	7618.4286	-0.3935	-0.0052	0.4750	0.4829	0.4928	-0.0178	-3.7520	0.0323	0.0341	-3.0695	-1.1975	2.5901	-2.6252	0.7429	1.9017	1.9167	-0.0150	-0.7901	0.0000	-7.4974	126.1922	155.0070	153.1083	-1.8987	-1.2401	504.5553	451.3243	-53.2310	-11.7944	179.7989	3.5102	489.4129	0.7755	nan	155.6834	378.9549	83.9651	92.2175	77.4305	69.6661	67.7288	0.8949	470.0187	-18.6945	-4.1421	98.3459	1.9596	0.2498	
7620.2795	7618.6364	-1.6431	-0.0216	0.4998	0.5171	0.5333	-0.0335	-6.7039	0.0314	0.0324	-2.2939	-0.8225	2.9126	-2.8083	0.7944	1.9998	2.0185	-0.0188	-0.9378	0.0000	-7.8476	126.7755	155.6529	151.8085	-3.8444	-2.5324	564.1427	486.1118	-78.0308	-16.0520	179.4552	3.7764	528.0464	0.7792	nan	154.7572	398.7659	82.0321	92.0585	75.5175	70.7103	68.5317	0.9245	507.6287	-21.5169	-4.4263	98.0946	9.2065	0.2499	
7617.7242	7619.0000	1.2758	0.0167	0.5252	0.5391	0.5376	-0.0124	-2.3530	0.0338	0.0316	-2.5101	-0.9723	2.7018	-2.9304	0.8095	2.0655	2.0829	-0.0174	-0.8421	0.0000	-8.9412	126.3290	155.1818	151.3202	-3.8617	-2.5520	525.2921	508.2546	-17.0375	-3.3522	179.5278	3.9415	552.5646	0.7809	nan	154.5993	419.0606	82.4514	91.9810	75.8396	71.8561	69.7357	0.9389	527.0527	-18.7981	-3.6986	97.8789	5.5094	0.2543	
7617.2935	7620.3333	3.0399	0.0399	0.5492	0.5665	0.5505	-0.0013	-0.2374	0.0356	0.0298	-2.6141	-1.0244	2.5729	-3.1973	0.8467	2.1616	2.1857	-0.0241	-1.1131	0.0000	-7.9778	129.8271	159.4265	150.9447	-8.4818	-5.6192	512.6374	537.4967	24.8592	4.6250	179.9012	4.1560	585.2344	0.7827	nan	154.4665	438.2790	81.5413	91.8430	74.8899	73.0928	70.8645	0.9511	559.9812	-22.4845	-4.1832	97.7200	7.1779	0.2541	
7616.6346	7620.5385	3.9039	0.0512	0.5737	0.6071	0.5917	-0.0180	-3.1402	0.0328	0.0289	-1.4162	-0.5229	2.9996	-3.3617	0.8360	2.3301	2.3453	-0.0152	-0.6511	0.0000	5.7769	105.8693	130.1970	150.4399	20.2430	13.4558	469.0010	578.5931	109.5921	18.9411	180.1447	4.5165	632.4869	0.7774	nan	154.5040	457.8173	79.1281	91.4791	72.3857	74.4495	72.2668	0.9530	593.3403	-14.7472	-2.5488	97.3696	13.3383	0.2462	
7620.9376	7620.0909	-0.8467	-0.0111	0.5994	0.6079	0.6531	-0.0537	-8.9645	0.0331	0.0284	0.5825	0.1219	3.3081	-3.6479	0.8541	2.4956	2.5189	-0.0233	-0.9318	0.0000	-2.3335	135.7183	166.6351	149.1157	-17.5194	-11.7488	666.5850	615.5045	-51.0805	-8.2990	180.2633	4.7327	674.0236	0.7901	nan	153.8021	478.2763	77.7104	91.3185	70.9642	76.1800	73.5651	0.9549	635.4809	-19.9763	-3.2455	96.9530	13.2685	0.2402	
7527.1388	7520.6154	-6.5234	-0.0867	0.6255	0.6258	0.6864	-0.0609	-9.7343	0.0313	0.0296	6.4160	1.7343	3.7079	-3.9390	0.9300	2.8736	2.9016	-0.0279	-0.9721	0.0000	8.6785	140.4739	172.5797	147.4847	-25.0950	-17.0153	805.3288	683.0162	-122.3127	-17.9077	180.1917	5.2801	754.3292	0.7928	nan	152.3134	492.6457	72.1280	90.5462	65.3091	78.3989	75.7435	0.9304	705.0926	-22.0764	-3.2322	96.8298	24.7946	0.2177	
7154.5111	7145.4000	-9.1111	-0.1275	0.6549	0.7145	0.6985	-0.0436	-6.6526	0.0315	0.0310	6.9442	1.8682	3.7200	-4.0662	0.9787	2.8923	2.9269	-0.0346	-1.1968	0.0000	13.3239	134.2687	165.3149	147.4120	-17.9029	-12.1448	784.8572	684.9620	-99.8952	-14.5841	180.0902	5.2996	756.4580	0.7926	nan	152.2282	490.0360	71.5421	90.5486	64.7804	81.2683	77.5909	0.9275	710.3404	-25.3784	-3.7051	96.8362	25.5976	0.2264	
6868.3330	6856.2500	-12.0830	-0.1762	0.6788	0.7358	0.7510	-0.0723	-10.6469	0.0337	0.0319	7.3145	1.9574	3.7349	-4.0780	0.9399	2.9035	2.9405	-0.0370	-1.2741	0.0000	14.4105	122.2867	151.0803	147.3372	-3.7431	-2.5405	728.1016	686.2550	-41.8466	-6.0978	180.0077	5.3125	757.9958	0.7926	nan	152.1464	487.3292	71.0129	90.5355	64.2918	84.4520	80.9310	0.9262	715.7174	-29.4624	-4.2932	96.8391	26.4960	0.2338	

Torque compensated Offset = 	0
Mean Torque Mainboard Error perc = 	-2.8351929616597915


Step N. = 	2
Target Speed = 	10160

Speed Mainboard (rpm_M)	Speed TestBench (rpm_M)	Speed Error (rpm_M)	Speed Error %	Torque TestBench (Nm_M)	Torque Ref (Nm)	Torque MainBoard (Nm_M)	Torque MainBoard Error (Nm_M)	Torque MainBoard Error %	Flux Ref (V/rad/s)	Flux (V/rad/s)	Id * Iq (A^2)	Id (Apeak)	Iq (Apeak)	Id Rotor (Apeak)	Iq Rotor (Apeak)	IMotor Measured (Arms)	IMotor MainBoard (Arms)	IMotor Error (Arms)	IMotor Error %	Motor Current THD %	Vsdref (Vpeak)	Vsqref (Vpeak)	Vout MainBoard (Vrms)	Vout Measured (Vrms)	Vout Error (Vrms)	Vout Error %	Motor Power MainBoard (W)	Motor Power Measured (W)	Motor Power Error (W)	Motor Power Error %	Line Voltage (Vrms)	Line Current (Arms)	Line Power (W)	Line Power Factor	Bulk Ripple (V)	DC Bus Voltage (Vrms)	Motor Mechanical Power (W)	Motor Efficiency	Inverter Efficiency	Overall Efficiency	Temperature (deg C)	Estimated Temperature (deg C)	Motor cos-phi	Electrical Power Alpha-Beta [W]	Electrical Power Error [W]	Electrical Power Error [%]	Bus Voltage Usage [%]	Rotational Losses [W]	Kt [Nm/Arms]	
10155.9105	10151.0000	-4.9105	-0.0484	0.1968	0.2071	0.2003	-0.0034	-1.7474	0.0280	0.0266	-2.4793	-2.1194	1.1653	-2.5246	0.3101	1.7593	1.7580	0.0013	0.0749	0.0000	-13.7249	129.2757	159.6623	159.4915	-0.1708	-0.1071	269.9959	272.2500	2.2541	0.8279	180.5166	2.2025	298.5545	0.7509	nan	159.0344	209.2200	76.8558	91.1878	70.0828	62.4017	60.3074	0.5602	292.2919	-20.0419	-7.3616	100.2874	4.2643	0.1119	
10161.6110	10159.4615	-2.1494	-0.0212	0.2145	0.2225	0.2231	-0.0086	-4.0047	0.0274	0.0271	-3.0504	-2.2020	1.3854	-2.5580	0.3405	1.7860	1.7896	-0.0036	-0.2038	0.0000	-12.0281	128.4167	158.6564	158.9052	0.2487	0.1565	307.3952	295.3100	-12.0852	-4.0924	180.1218	2.3728	322.2562	0.7540	nan	158.5223	228.1648	77.2647	91.6380	70.8036	63.6414	61.5601	0.6008	313.8955	-18.5855	-6.2935	100.2415	6.3204	0.1201	
10161.0247	10154.3636	-6.6610	-0.0656	0.2298	0.2404	0.2471	-0.0172	-7.5038	0.0269	0.0271	-3.1871	-2.0488	1.5589	-2.6234	0.3556	1.8140	1.8168	-0.0028	-0.1537	0.0000	-21.6108	126.0666	157.2807	157.9623	0.6816	0.4315	362.1892	316.1109	-46.0782	-14.5766	179.5573	2.5301	344.0818	0.7574	nan	157.7449	244.3795	77.3079	91.8708	71.0234	64.8844	62.6702	0.6369	334.8935	-18.7826	-5.9418	100.1378	8.7076	0.1267	
10160.3358	10160.3846	0.0488	0.0005	0.2445	0.2557	0.2531	-0.0086	-3.5086	0.0273	0.0278	-3.1867	-2.0527	1.5595	-2.5538	0.4039	1.8335	1.8419	-0.0083	-0.4553	0.0000	-8.2475	130.5389	160.3157	157.9882	-2.3275	-1.4732	330.8492	333.6877	2.8385	0.8506	179.9395	2.6523	362.5323	0.7596	nan	157.9697	260.1867	77.9732	92.0436	71.7693	66.0703	63.9871	0.6651	352.0519	-18.3642	-5.5034	100.0117	8.8506	0.1334	
10161.1210	10157.5000	-3.6210	-0.0356	0.2606	0.2688	0.2571	0.0036	1.3661	0.0276	0.0253	-3.3058	-2.0681	1.5971	-2.6915	0.4423	1.8525	1.8600	-0.0075	-0.4040	0.0000	-13.8019	125.2469	154.5397	158.0066	3.4669	2.1942	342.0456	349.9613	7.9156	2.2619	180.3971	2.7636	379.7038	0.7616	nan	158.0897	277.2248	79.2157	92.1669	73.0107	67.2401	64.8963	0.6903	367.4733	-17.5120	-5.0040	99.9475	6.4745	0.1407	
10160.6732	10160.5000	-0.1732	-0.0017	0.2748	0.2856	0.2913	-0.0165	-5.9994	0.0267	0.0271	-3.5566	-1.9705	1.8053	-2.5600	0.4366	1.8799	1.8859	-0.0060	-0.3214	0.0000	-15.8523	129.5894	160.2626	157.5130	-2.7496	-1.7456	398.8187	369.5300	-29.2887	-7.9259	180.4276	2.9046	400.6500	0.7645	nan	157.7431	292.3734	79.1208	92.2326	72.9751	68.2536	66.0622	0.7205	388.2791	-18.7491	-5.0738	99.8541	8.6808	0.1462	
10164.1574	10160.0000	-4.1574	-0.0409	0.2892	0.3011	0.3081	-0.0189	-6.5439	0.0259	0.0269	-3.7265	-1.8674	2.0051	-2.6525	0.4705	1.9139	1.9242	-0.0103	-0.5386	0.0000	-17.0786	122.2388	151.2579	156.6918	5.4339	3.4679	417.3682	391.1227	-26.2455	-6.7103	180.2775	3.0638	424.0145	0.7677	nan	157.1794	307.6756	78.6652	92.2427	72.5630	69.3329	67.1421	0.7530	410.4075	-19.2848	-4.9306	99.6898	12.2076	0.1511	
10158.7083	10157.7692	-0.9391	-0.0092	0.3055	0.3188	0.3298	-0.0243	-7.9631	0.0243	0.0265	-4.0972	-1.7725	2.3167	-2.7199	0.4916	1.9427	1.9514	-0.0087	-0.4496	0.0000	-16.0836	124.6979	154.2522	155.9054	1.6532	1.0604	477.0351	407.9446	-69.0904	-16.9362	179.9464	3.1914	442.1692	0.7700	nan	156.5653	324.9253	79.6494	92.2598	73.4844	70.3387	68.2838	0.7776	427.9991	-20.0545	-4.9160	99.5785	9.3686	0.1572	
10165.6806	10157.4000	-8.2806	-0.0815	0.3198	0.3277	0.3110	0.0088	2.7431	0.0272	0.0254	-3.5081	-1.8634	1.8878	-2.7836	0.5177	1.9760	1.9863	-0.0102	-0.5185	0.0000	-9.2925	128.1159	157.5015	154.9328	-2.5687	-1.6579	388.4217	425.6620	37.2403	8.7488	179.5070	3.3281	461.4860	0.7725	nan	155.8293	340.1653	79.9142	92.2373	73.7107	71.3184	69.0852	0.8027	445.5930	-19.9310	-4.6823	99.4247	9.0449	0.1618	
10159.2398	10156.9091	-2.3307	-0.0229	0.3358	0.3513	0.3508	-0.0149	-4.4477	0.0247	0.0241	-3.8661	-1.6504	2.3672	-2.9988	0.5506	2.0185	2.0273	-0.0088	-0.4352	0.0000	-5.2687	120.4605	148.0021	154.2860	6.2839	4.0729	440.6276	449.6464	9.0188	2.0058	179.6195	3.5024	487.6918	0.7752	nan	155.5754	357.1859	79.4372	92.1989	73.2402	72.2787	70.0896	0.8336	467.8332	-18.1868	-4.0447	99.1712	12.4253	0.1664	
10161.1907	10158.0000	-3.1907	-0.0314	0.3496	0.3657	0.3788	-0.0291	-8.3322	0.0242	0.0253	-3.7899	-1.4743	2.6159	-2.8776	0.5683	2.0512	2.0648	-0.0137	-0.6671	0.0000	-5.7943	128.0612	157.1373	154.2745	-2.8628	-1.8557	519.6854	468.8482	-50.8372	-10.8430	180.2025	3.6326	508.5464	0.7769	nan	155.7940	371.9242	79.3272	92.1938	73.1348	73.2571	71.0333	0.8554	491.3556	-22.5074	-4.8006	99.0247	14.0037	0.1705	
10160.9094	10159.6923	-1.2171	-0.0120	0.3648	0.3791	0.3729	-0.0080	-2.1940	0.0260	0.0251	-3.7929	-1.5910	2.4068	-2.9331	0.5524	2.0861	2.1010	-0.0150	-0.7177	0.0000	-10.9781	128.2628	157.9253	153.8658	-4.0595	-2.6383	488.9995	486.3377	-2.6619	-0.5473	180.3580	3.7582	527.6692	0.7785	nan	155.6202	388.1671	79.8141	92.1672	73.5623	74.2876	72.1294	0.8748	510.0117	-23.6740	-4.8678	98.8726	12.1073	0.1749	
10159.6629	10157.4545	-2.2084	-0.0217	0.3805	0.3953	0.3979	-0.0174	-4.5834	0.0255	0.0262	-3.4100	-1.3508	2.6640	-2.8829	0.5885	2.1359	2.1515	-0.0155	-0.7272	0.0000	-16.1811	130.0293	160.5380	152.8689	-7.6691	-5.0168	552.1869	507.1527	-45.0342	-8.8798	180.0802	3.9181	550.7536	0.7806	nan	154.9732	404.6844	79.7959	92.0834	73.4788	75.3161	72.9808	0.8967	532.0299	-24.8772	-4.9053	98.6422	11.9264	0.1781	
10157.8908	10159.3846	1.4938	0.0147	0.3950	0.4176	0.4102	-0.0152	-3.8574	0.0258	0.0235	-3.6081	-1.3903	2.6730	-3.0965	0.6069	2.2197	2.2365	-0.0168	-0.7575	0.0000	-9.3259	131.2734	161.2415	151.3175	-9.9240	-6.5584	546.1353	536.2715	-9.8638	-1.8393	179.6325	4.1447	583.3815	0.7836	nan	153.9572	420.2355	78.3631	91.9247	72.0350	76.4406	74.2047	0.9218	561.2604	-24.9888	-4.6597	98.2854	17.8892	0.1780	
10161.4611	10156.8000	-4.6611	-0.0459	0.4100	0.4371	0.4175	-0.0075	-1.8205	0.0224	0.0255	-1.2930	-0.5156	3.1233	-2.9819	0.6615	2.3015	2.3212	-0.0197	-0.8543	0.0000	-0.3151	126.2843	155.0016	150.4680	-4.5336	-3.0130	589.4668	560.3600	-29.1068	-5.1943	179.3590	4.3720	611.1440	0.7794	nan	153.5388	436.0832	77.8221	91.6904	71.3554	77.6334	75.0697	0.9342	586.1283	-25.7683	-4.5985	98.0000	18.3401	0.1781	
10163.2943	10162.2308	-1.0635	-0.0105	0.4243	0.4619	0.4238	0.0005	0.1229	0.0216	0.0240	0.9771	0.1896	3.3540	-3.3879	0.6589	2.3951	2.4135	-0.0184	-0.7664	0.0000	2.7761	115.7454	142.2687	149.4928	7.2241	4.8324	581.7250	587.5085	5.7834	0.9844	179.6042	4.5352	641.4715	0.7875	nan	153.3405	451.5421	76.8592	91.5879	70.3938	78.9510	76.5247	0.9473	611.2829	-23.7745	-4.0467	97.4907	20.7316	0.1772	
10156.1137	10162.2727	6.1590	0.0606	0.4400	0.4572	0.4724	-0.0324	-7.3743	0.0230	0.0236	-0.2916	-0.1323	3.4095	-3.5165	0.6614	2.5035	2.5292	-0.0257	-1.0263	0.0000	-4.8182	135.9760	166.9475	149.0449	-17.9026	-12.0115	694.2744	618.9464	-75.3280	-12.1704	180.1695	4.8031	678.0936	0.7837	nan	153.5672	468.2438	75.6567	91.2791	69.0598	80.4932	77.5957	0.9577	642.3302	-23.3838	-3.7780	97.0553	24.1574	0.1758	
10105.4794	10106.0000	0.5206	0.0052	0.4559	0.5129	0.4967	-0.0408	-8.9429	0.0225	0.0232	5.7256	1.5552	3.6870	-3.8668	0.6822	2.7775	2.8120	-0.0344	-1.2397	0.0000	15.8236	129.5393	159.9583	147.7333	-12.2250	-8.2750	753.9852	672.9608	-81.0244	-12.0400	180.1001	5.1933	741.7408	0.7930	nan	152.2866	482.4933	71.6970	90.7272	65.0487	82.3023	79.5391	0.9469	704.0526	-31.0918	-4.6201	97.0100	33.7802	0.1641	
9714.2222	9706.0909	-8.1313	-0.0838	0.4717	0.5748	0.5101	-0.0384	-8.1367	0.0232	0.0233	5.4720	1.5055	3.6447	-3.9272	0.7378	2.7868	2.8186	-0.0317	-1.1388	0.0000	14.7176	114.2793	141.1660	147.0748	5.9088	4.0175	658.9401	670.7200	11.7799	1.7563	179.3795	5.1965	739.3964	0.7932	nan	151.6353	479.4663	71.4851	90.7118	64.8454	84.6673	81.0238	0.9448	698.5404	-27.8204	-4.1478	96.9925	32.2932	0.1693	
9359.3811	9351.1538	-8.2272	-0.0880	0.4880	0.5311	0.5377	-0.0497	-10.1879	0.0242	0.0224	5.3583	1.4804	3.6203	-3.8709	0.6878	2.7957	2.8290	-0.0333	-1.1912	0.0000	12.9739	123.4682	152.2615	147.2584	-5.0031	-3.3975	698.4845	672.6008	-25.8837	-3.8483	179.6205	5.2059	741.5946	0.7931	nan	151.9143	477.8643	71.0473	90.6966	64.4374	87.2085	83.8759	0.9433	705.3712	-32.7704	-4.8722	96.9352	33.4464	0.1746	

Torque compensated Offset = 	0
Mean Torque Mainboard Error perc = 	-4.645796572610797


Step N. = 	3
Target Speed = 	12700

Speed Mainboard (rpm_M)	Speed TestBench (rpm_M)	Speed Error (rpm_M)	Speed Error %	Torque TestBench (Nm_M)	Torque Ref (Nm)	Torque MainBoard (Nm_M)	Torque MainBoard Error (Nm_M)	Torque MainBoard Error %	Flux Ref (V/rad/s)	Flux (V/rad/s)	Id * Iq (A^2)	Id (Apeak)	Iq (Apeak)	Id Rotor (Apeak)	Iq Rotor (Apeak)	IMotor Measured (Arms)	IMotor MainBoard (Arms)	IMotor Error (Arms)	IMotor Error %	Motor Current THD %	Vsdref (Vpeak)	Vsqref (Vpeak)	Vout MainBoard (Vrms)	Vout Measured (Vrms)	Vout Error (Vrms)	Vout Error %	Motor Power MainBoard (W)	Motor Power Measured (W)	Motor Power Error (W)	Motor Power Error %	Line Voltage (Vrms)	Line Current (Arms)	Line Power (W)	Line Power Factor	Bulk Ripple (V)	DC Bus Voltage (Vrms)	Motor Mechanical Power (W)	Motor Efficiency	Inverter Efficiency	Overall Efficiency	Temperature (deg C)	Estimated Temperature (deg C)	Motor cos-phi	Electrical Power Alpha-Beta [W]	Electrical Power Error [W]	Electrical Power Error [%]	Bus Voltage Usage [%]	Rotational Losses [W]	Kt [Nm/Arms]	
12699.2225	12696.2727	-2.9498	-0.0232	0.1973	0.2106	0.2162	-0.0189	-9.6048	0.0210	0.0221	-4.0866	-2.3607	1.7298	-2.8388	0.3265	1.9789	1.9792	-0.0002	-0.0124	0.0000	-9.6222	128.9053	158.5807	157.6418	-0.9389	-0.5956	368.9937	351.7509	-17.2427	-4.9020	179.6845	2.7879	382.9645	0.7645	nan	156.7326	262.2834	74.5650	91.8489	68.4872	63.5051	61.1868	0.6510	375.3398	-23.5889	-6.7061	100.5801	14.8246	0.0997	
12701.8228	12703.9286	2.1058	0.0166	0.2081	0.2171	0.2173	-0.0092	-4.3964	0.0211	0.0207	-3.9717	-2.2892	1.7384	-2.8473	0.3383	1.9903	1.9927	-0.0024	-0.1224	0.0000	-16.1430	128.6582	158.9232	157.4504	-1.4729	-0.9354	392.2375	362.7979	-29.4397	-8.1146	179.5272	2.8682	393.9550	0.7651	nan	156.6973	276.9034	76.3244	92.0912	70.2881	65.3323	62.8288	0.6684	384.4480	-21.6502	-5.9676	100.4806	9.9121	0.1046	
12689.2300	12691.8000	2.5700	0.0202	0.2156	0.2330	0.2328	-0.0172	-7.9829	0.0202	0.0216	-4.2931	-2.2402	1.9189	-2.8405	0.3459	1.9997	2.0048	-0.0051	-0.2532	0.0000	-13.4336	127.6302	157.2161	157.6116	0.3955	0.2509	413.4149	373.8880	-39.5269	-10.5719	179.8984	2.9418	405.3800	0.7660	nan	156.9836	286.5497	76.6406	92.2315	70.6867	66.9320	64.2685	0.6849	395.8718	-21.9838	-5.8798	100.4000	10.2049	0.1078	
12703.3725	12687.3571	-16.0154	-0.1262	0.2226	0.2427	0.2439	-0.0213	-9.5826	0.0208	0.0210	-4.1431	-2.1497	1.9329	-2.8538	0.3830	2.0315	2.0380	-0.0065	-0.3188	0.0000	-14.3309	127.9498	157.8511	157.1299	-0.7213	-0.4590	417.4605	402.4236	-15.0369	-3.7366	180.3375	3.1411	436.0864	0.7698	nan	156.7955	295.7130	73.4893	92.2805	67.8163	68.4202	66.0002	0.7279	426.6752	-24.2516	-6.0264	100.2133	26.7011	0.1096	
12698.9218	12697.0000	-1.9218	-0.0151	0.2320	0.2571	0.2661	-0.0341	-14.6826	0.0205	0.0214	-4.3755	-1.9930	2.2146	-2.9027	0.3749	2.0525	2.0559	-0.0035	-0.1684	0.0000	-12.8959	133.1718	163.9665	156.7026	-7.2639	-4.6355	482.1494	419.6480	-62.5014	-14.8938	180.4110	3.2633	454.4880	0.7720	nan	156.5861	308.4734	73.5077	92.3342	67.8728	69.8347	67.2836	0.7533	446.2398	-26.5918	-6.3367	100.0744	29.1082	0.1130	
12697.5458	12704.0000	6.4542	0.0508	0.2402	0.2640	0.2621	-0.0219	-9.1248	0.0217	0.0212	-4.1076	-2.0405	2.0379	-2.8938	0.3804	2.0654	2.0747	-0.0094	-0.4531	0.0000	-16.1738	136.0015	167.7562	156.2540	-11.5022	-7.3612	465.7920	428.8360	-36.9560	-8.6177	180.2404	3.3322	464.2920	0.7731	nan	156.2775	319.5548	74.5167	92.3634	68.8261	71.0842	68.7342	0.7672	456.9744	-28.1384	-6.5616	99.9849	25.8253	0.1163	
12705.1002	12701.4615	-3.6387	-0.0286	0.2474	0.2632	0.2691	-0.0217	-8.7753	0.0204	0.0204	-4.3458	-1.9731	2.2223	-2.9667	0.3997	2.0759	2.0861	-0.0102	-0.4899	0.0000	-13.0473	133.5673	164.4175	155.8095	-8.6080	-5.5247	484.6596	435.8762	-48.7835	-11.1920	179.9948	3.3870	471.8631	0.7740	nan	155.9456	329.0444	75.4907	92.3734	69.7334	72.2649	69.9158	0.7780	460.9854	-25.1092	-5.7606	99.9127	22.1833	0.1192	
12697.9368	12687.2308	-10.7061	-0.0844	0.2559	0.2723	0.2733	-0.0174	-6.7849	0.0211	0.0195	-4.2904	-1.9725	2.2052	-3.0632	0.4042	2.0868	2.0919	-0.0051	-0.2465	0.0000	-17.2403	135.4533	167.3160	155.2832	-12.0328	-7.7489	500.0841	442.6100	-57.4741	-12.9853	179.6981	3.4406	479.1500	0.7750	nan	155.5277	340.0214	76.8217	92.3740	70.9632	73.4517	71.2898	0.7886	471.1053	-28.4953	-6.4380	99.8428	16.7085	0.1226	
12702.7877	12694.2727	-8.5150	-0.0671	0.2646	0.2754	0.2598	0.0049	1.8362	0.0210	0.0194	-4.1877	-2.0428	2.0600	-3.0774	0.4101	2.1014	2.1124	-0.0109	-0.5209	0.0000	-13.2167	130.9079	161.3018	154.7041	-6.5978	-4.2648	444.5047	451.8409	7.3362	1.6236	179.4510	3.5119	489.2318	0.7763	nan	155.1109	351.7920	77.8575	92.3572	71.9071	74.5276	72.1692	0.8024	477.1542	-25.3133	-5.6023	99.7377	12.6416	0.1259	
12699.5979	12691.1667	-8.4312	-0.0664	0.2720	0.2857	0.2701	0.0019	0.6912	0.0212	0.0196	-4.1659	-1.9821	2.1174	-3.0613	0.4304	2.1200	2.1283	-0.0083	-0.3925	0.0000	-16.5000	134.4589	165.9900	154.3001	-11.6899	-7.5761	475.3789	464.6250	-10.7539	-2.3145	179.5401	3.6034	503.2225	0.7778	nan	154.9306	361.4924	77.8030	92.3299	71.8355	75.5433	73.2587	0.8201	491.9260	-27.3010	-5.8759	99.5931	13.8710	0.1283	
12696.9244	12704.7273	7.8028	0.0614	0.2796	0.3096	0.2978	-0.0182	-6.5119	0.0196	0.0192	-4.4381	-1.7443	2.5726	-3.1371	0.4567	2.1730	2.1835	-0.0105	-0.4819	0.0000	-10.0245	129.9105	159.9724	153.3363	-6.6361	-4.3278	524.9686	496.8309	-28.1377	-5.6634	179.9292	3.8320	538.7191	0.7813	nan	154.6399	372.0385	74.8831	92.2245	69.0606	76.5360	74.1960	0.8609	524.3985	-27.5676	-5.5487	99.1570	30.6997	0.1287	
12697.5050	12696.5000	-1.0050	-0.0079	0.2880	0.3204	0.3114	-0.0234	-8.1223	0.0200	0.0186	-4.3306	-1.6919	2.6053	-3.1947	0.4751	2.1987	2.2133	-0.0147	-0.6665	0.0000	-9.5618	130.5580	160.6650	153.0876	-7.5774	-4.9497	532.7900	511.8050	-20.9850	-4.1002	180.3230	3.9332	555.0492	0.7826	nan	154.7449	382.9178	74.8173	92.2090	68.9882	77.5515	75.2213	0.8779	539.4280	-27.6230	-5.3972	98.9290	32.2307	0.1310	
12699.7639	12709.1538	9.3899	0.0739	0.2954	0.3273	0.3265	-0.0311	-10.5236	0.0206	0.0197	-3.8359	-1.5210	2.6898	-3.1583	0.4562	2.2223	2.2318	-0.0095	-0.4274	0.0000	-14.1854	138.9335	171.1132	152.4482	-18.6650	-12.2435	593.3135	522.4577	-70.8558	-13.5620	180.2661	4.0127	566.8554	0.7837	nan	154.4469	393.1270	75.2457	92.1677	69.3522	78.6253	76.4088	0.8904	553.7349	-31.2773	-5.9866	98.7059	30.2347	0.1329	
12698.2259	12693.5455	-4.6804	-0.0369	0.3035	0.3363	0.3159	-0.0124	-4.0763	0.0193	0.0199	-4.0384	-1.5324	2.7229	-3.1713	0.4895	2.2492	2.2664	-0.0172	-0.7668	0.0000	-10.4689	131.4388	161.8857	151.5175	-10.3682	-6.8429	560.1841	532.2545	-27.9296	-5.2474	179.9969	4.0902	577.8545	0.7849	nan	153.9466	403.4931	75.8084	92.1087	69.8262	79.6576	77.1867	0.9017	559.5307	-27.2761	-5.1246	98.4221	26.9051	0.1350	
12701.8255	12695.6667	-6.1589	-0.0485	0.3119	0.3471	0.3163	-0.0044	-1.3985	0.0189	0.0190	-3.9518	-1.4860	2.8050	-3.2749	0.5053	2.2867	2.3033	-0.0166	-0.7266	0.0000	-3.1628	130.8166	161.1271	150.5159	-10.6112	-7.0499	561.8191	543.0175	-18.8016	-3.4624	179.6737	4.1935	590.3217	0.7835	nan	153.3700	414.6880	76.3672	91.9868	70.2477	80.7175	78.4176	0.9109	571.6813	-28.6638	-5.2786	98.1390	22.6811	0.1364	
12701.0989	12695.9091	-5.1898	-0.0409	0.3205	0.3676	0.3363	-0.0158	-4.9409	0.0173	0.0182	-1.9006	-0.6159	3.3430	-3.2154	0.5041	2.3392	2.3566	-0.0174	-0.7447	0.0000	-8.5997	142.8028	175.3545	151.4304	-23.9242	-15.7988	725.7931	559.2964	-166.4967	-29.7690	179.4710	4.6014	612.6409	0.7419	nan	154.4281	426.0483	76.1761	91.2927	69.5433	81.7840	79.2373	0.9116	591.7591	-32.4627	-5.8042	98.0590	22.3043	0.1370	
12704.7863	12694.9167	-9.8696	-0.0777	0.3287	0.3839	0.3630	-0.0342	-10.4165	0.0183	0.0183	0.3459	-0.0160	3.3230	-3.5518	0.4988	2.4765	2.5046	-0.0281	-1.1351	0.0000	0.5690	135.2494	166.8338	149.6414	-17.1924	-11.4890	656.7934	591.7067	-65.0867	-10.9998	179.3631	4.9312	651.6075	0.7367	nan	153.9131	437.0429	73.8626	90.8072	67.0725	82.9697	80.3663	0.9218	620.3895	-28.6829	-4.8475	97.2248	29.8287	0.1327	
12697.6445	12697.9231	0.2786	0.0022	0.3365	0.3834	0.3801	-0.0437	-12.9747	0.0193	0.0173	-2.0472	-0.7100	3.1786	-3.7840	0.4655	2.5307	2.5628	-0.0322	-1.2719	0.0000	14.4704	127.3260	157.5074	148.2646	-9.2428	-6.2340	595.7641	616.6846	20.9205	3.3924	179.3365	4.9151	677.0915	0.7681	nan	152.7582	447.4022	72.5507	91.0784	66.0779	84.4476	81.8302	0.9489	650.7374	-34.0528	-5.5219	97.0584	38.2965	0.1330	
12695.7773	12687.4000	-8.3773	-0.0660	0.3451	0.3822	0.3725	-0.0274	-7.9306	0.0182	0.0181	0.4302	0.0464	3.3705	-3.7081	0.4884	2.5733	2.6222	-0.0489	-1.8987	0.0000	5.8901	127.9729	157.3360	147.7536	-9.5824	-6.4854	637.5009	632.4750	-5.0259	-0.7946	179.2919	4.9407	694.1390	0.7836	nan	152.1756	458.5067	72.5040	91.1166	66.0632	86.0396	82.9867	0.9604	668.2111	-35.7361	-5.6502	97.0943	37.8301	0.1341	
12633.3429	12632.0000	-1.3429	-0.0106	0.3517	0.3919	0.3851	-0.0334	-9.5035	0.0181	0.0176	4.0701	1.1366	3.5647	-3.7426	0.5148	2.6925	2.7220	-0.0295	-1.0965	0.0000	10.0273	127.2247	156.6969	147.6048	-9.0921	-6.1597	696.0285	659.7000	-36.3285	-5.5068	179.2991	5.1007	725.6923	0.7935	nan	151.6682	465.2272	70.5211	90.9063	64.1081	87.7192	84.8644	0.9584	698.2965	-38.5965	-5.8506	97.3209	44.6201	0.1306	
12433.0335	12434.2727	1.2393	0.0100	0.3625	0.4267	0.3851	-0.0225	-6.2125	0.0173	0.0182	4.4352	1.2099	3.6857	-3.8441	0.5435	2.6940	2.7299	-0.0359	-1.3312	0.0000	7.9565	128.7443	158.4226	147.7146	-10.7080	-7.2491	729.2298	660.3036	-68.9262	-10.4386	179.4918	5.1010	726.3873	0.7934	nan	151.8808	472.0751	71.4940	90.9025	64.9899	89.5529	86.2092	0.9580	695.7038	-35.4001	-5.3612	97.2570	37.3215	0.1346	
12260.7586	12250.9091	-9.8495	-0.0804	0.3686	0.3934	0.4342	-0.0655	-17.7738	0.0199	0.0172	4.2380	1.1888	3.5963	-3.8170	0.5425	2.7025	2.7337	-0.0312	-1.1542	0.0000	11.6735	135.9355	167.3696	147.9062	-19.4634	-13.1593	754.9547	662.1400	-92.8147	-14.0174	179.7641	5.1086	728.5727	0.7934	nan	152.0883	472.9260	71.4238	90.8818	64.9113	91.3689	88.1408	0.9564	696.2403	-34.1003	-5.1500	97.2502	36.4692	0.1364	
12045.3177	12042.9091	-2.4086	-0.0200	0.3765	0.4278	0.3699	0.0066	1.7446	0.0176	0.0200	4.3994	1.2076	3.6020	-3.6879	0.5918	2.6945	2.7331	-0.0387	-1.4348	0.0000	5.8251	122.3176	150.1738	148.1784	-1.9955	-1.3467	674.4191	661.6955	-12.7236	-1.9229	180.1506	5.0928	727.8709	0.7933	nan	152.4064	474.7545	71.7486	90.9084	65.2256	93.1863	89.9066	0.9568	701.3692	-39.6738	-5.9958	97.2258	34.2284	0.1397	
11715.6699	11712.9231	-2.7468	-0.0235	0.3836	0.4209	0.4024	-0.0188	-4.8953	0.0185	0.0193	4.4539	1.2356	3.6119	-3.7688	0.6106	2.7157	2.7527	-0.0369	-1.3605	0.0000	9.2888	141.5697	174.0384	148.0838	-25.9545	-17.5269	786.2512	663.9662	-122.2850	-18.4174	180.2405	5.1124	731.0262	0.7933	nan	152.4178	470.5244	70.8658	90.8266	64.3650	95.0354	91.9551	0.9532	693.0223	-29.0562	-4.3762	97.1565	37.4038	0.1413	

Torque compensated Offset = 	0
Mean Torque Mainboard Error perc = 	-7.164279486889264


Step N. = 	4
Target Speed = 	15240

Speed Mainboard (rpm_M)	Speed TestBench (rpm_M)	Speed Error (rpm_M)	Speed Error %	Torque TestBench (Nm_M)	Torque Ref (Nm)	Torque MainBoard (Nm_M)	Torque MainBoard Error (Nm_M)	Torque MainBoard Error %	Flux Ref (V/rad/s)	Flux (V/rad/s)	Id * Iq (A^2)	Id (Apeak)	Iq (Apeak)	Id Rotor (Apeak)	Iq Rotor (Apeak)	IMotor Measured (Arms)	IMotor MainBoard (Arms)	IMotor Error (Arms)	IMotor Error %	Motor Current THD %	Vsdref (Vpeak)	Vsqref (Vpeak)	Vout MainBoard (Vrms)	Vout Measured (Vrms)	Vout Error (Vrms)	Vout Error %	Motor Power MainBoard (W)	Motor Power Measured (W)	Motor Power Error (W)	Motor Power Error %	Line Voltage (Vrms)	Line Current (Arms)	Line Power (W)	Line Power Factor	Bulk Ripple (V)	DC Bus Voltage (Vrms)	Motor Mechanical Power (W)	Motor Efficiency	Inverter Efficiency	Overall Efficiency	Temperature (deg C)	Estimated Temperature (deg C)	Motor cos-phi	Electrical Power Alpha-Beta [W]	Electrical Power Error [W]	Electrical Power Error [%]	Bus Voltage Usage [%]	Rotational Losses [W]	Kt [Nm/Arms]	
15236.0269	15243.0833	7.0564	0.0463	0.1997	0.2172	0.2096	-0.0100	-4.9864	0.0174	0.0173	-4.5933	-2.2685	2.0409	-3.0015	0.3278	2.1320	2.1271	0.0049	0.2306	0.0000	-16.5269	133.0042	164.3985	156.9268	-7.4716	-4.7612	463.1589	435.8475	-27.3114	-6.2663	180.2171	3.3857	472.3675	0.7742	nan	156.1122	318.7183	73.1255	92.2687	67.4720	65.9362	62.9256	0.7521	460.3940	-24.5465	-5.6319	100.5221	29.7589	0.0937	
15236.9490	15240.0000	3.0510	0.0200	0.2024	0.2233	0.2342	-0.0318	-15.7304	0.0164	0.0172	-4.5150	-1.8944	2.4162	-3.0146	0.3356	2.1400	2.1353	0.0047	0.2178	0.0000	-12.0629	131.0292	161.5351	156.2188	-5.3162	-3.4031	511.1317	439.9064	-71.2253	-16.1910	179.5915	3.4248	476.4200	0.7746	nan	155.4585	322.9578	73.4148	92.3358	67.7881	67.9049	64.8839	0.7597	470.1518	-30.2455	-6.8754	100.4891	28.3223	0.0946	
15237.1272	15239.3846	2.2574	0.0148	0.2060	0.2253	0.2219	-0.0159	-7.6974	0.0166	0.0172	-4.6740	-2.1072	2.2633	-3.0248	0.3521	2.1424	2.1475	-0.0051	-0.2364	0.0000	-15.7049	129.4613	159.9209	156.2758	-3.6450	-2.3324	489.1747	442.7546	-46.4201	-10.4844	179.6693	3.4432	479.2077	0.7746	nan	155.2386	328.7483	74.2509	92.3931	68.6027	69.7358	66.9213	0.7635	473.4885	-30.7338	-6.9415	100.6682	24.6164	0.0962	
15241.0252	15244.0000	2.9748	0.0195	0.2098	0.2241	0.2192	-0.0094	-4.4844	0.0170	0.0170	-4.6169	-2.1565	2.1856	-3.1097	0.3542	2.1439	2.1479	-0.0041	-0.1890	0.0000	-12.7958	131.9018	162.5202	156.7988	-5.7214	-3.6489	475.1438	447.1711	-27.9727	-6.2555	180.3188	3.4635	483.7089	0.7745	nan	155.8729	334.8784	74.8882	92.4463	69.2314	71.3066	68.5841	0.7680	476.9129	-29.7418	-6.6511	100.5940	22.3033	0.0978	
15235.2154	15234.4615	-0.7539	-0.0049	0.2117	0.2312	0.2188	-0.0071	-3.3371	0.0168	0.0168	-4.7250	-2.2017	2.1629	-3.0770	0.3696	2.1519	2.1508	0.0011	0.0516	0.0000	-10.7909	130.7250	160.7298	156.3333	-4.3965	-2.8123	458.7240	452.7938	-5.9302	-1.3097	180.0764	3.5078	489.7738	0.7754	nan	155.8589	337.7232	74.5866	92.4496	68.9550	72.8014	70.2799	0.7771	481.0501	-28.2563	-6.2404	100.3043	23.9449	0.0984	
15237.4876	15233.7273	-3.7603	-0.0247	0.2142	0.2327	0.2276	-0.0135	-6.2835	0.0166	0.0158	-4.4962	-1.9803	2.3579	-3.1388	0.3632	2.1628	2.1681	-0.0053	-0.2470	0.0000	-17.6861	131.8756	163.2942	155.4773	-7.8169	-5.0277	519.0088	458.6191	-60.3897	-13.1677	179.5233	3.5602	496.2373	0.7764	nan	154.9357	341.6784	74.5016	92.4193	68.8539	74.2256	71.5965	0.7874	487.9131	-29.2940	-6.3874	100.3496	24.4496	0.0990	
15236.9444	15238.6154	1.6710	0.0110	0.2182	0.2370	0.2427	-0.0246	-11.2540	0.0164	0.0171	-4.5184	-1.8371	2.5217	-3.0520	0.3412	2.1678	2.1699	-0.0021	-0.0948	0.0000	-16.1799	135.1763	166.8823	156.0014	-10.8809	-6.9749	557.3590	466.1231	-91.2359	-19.5733	180.3337	3.5998	504.2315	0.7767	nan	155.5101	348.1264	74.6856	92.4423	69.0411	75.4725	73.0021	0.7958	498.0264	-31.9033	-6.8444	100.3159	24.6814	0.1006	
15239.1837	15245.6364	6.4527	0.0423	0.2198	0.2402	0.2469	-0.0271	-12.3169	0.0165	0.0174	-4.3662	-1.8050	2.4993	-3.0016	0.3744	2.1888	2.1824	0.0064	0.2903	0.0000	-11.3879	132.3975	163.1014	155.0305	-8.0709	-5.2060	522.3404	478.8636	-43.4768	-9.0792	180.0288	3.6977	518.3136	0.7786	nan	155.3339	350.9439	73.2896	92.3889	67.7115	76.6423	74.1244	0.8148	505.3610	-26.4974	-5.5334	99.8046	32.4210	0.1004	
15236.7549	15233.4615	-3.2934	-0.0216	0.2239	0.2583	0.2727	-0.0488	-21.7885	0.0157	0.0170	-3.0016	-1.1358	3.0133	-3.0754	0.3714	2.2384	2.2290	0.0093	0.4173	0.0000	-8.9568	136.4300	168.3981	152.8849	-15.5132	-10.1470	629.3720	500.2615	-129.1104	-25.8086	179.4880	3.8726	542.4692	0.7804	nan	154.0289	357.2121	71.4058	92.2194	65.8501	77.7662	75.3114	0.8440	531.6450	-31.3835	-6.2734	99.2574	42.7983	0.1000	
15239.3460	15233.7000	-5.6460	-0.0371	0.2271	0.2710	0.2373	-0.0102	-4.4834	0.0181	0.0161	-4.1061	-1.9864	2.1386	-3.1746	0.3855	2.2587	2.2558	0.0029	0.1275	0.0000	-15.1478	135.4897	167.3339	154.2624	-13.0715	-8.4736	479.1456	508.2060	29.0604	5.7182	180.3473	4.0375	552.5520	0.7590	nan	154.9213	362.2860	71.2890	91.9753	65.5686	78.8685	76.3673	0.8421	548.2645	-40.0585	-7.8823	99.5753	43.4692	0.1005	
15239.5506	15236.9231	-2.6275	-0.0172	0.2300	0.2859	0.2482	-0.0182	-7.9031	0.0160	0.0171	-3.1253	-1.4019	2.6441	-3.1038	0.3534	2.2868	2.2916	-0.0048	-0.2080	0.0000	-12.2428	137.1868	169.0447	154.2878	-14.7569	-9.5645	576.2688	516.7508	-59.5180	-11.5177	179.9455	4.3017	564.8600	0.7298	nan	155.6626	366.9891	71.0199	91.4830	64.9710	79.9994	77.5012	0.8456	550.4563	-33.7055	-6.5226	99.1173	44.3467	0.1006	
15236.6277	15239.0000	2.3723	0.0156	0.2330	0.2662	0.2771	-0.0441	-18.9158	0.0167	0.0168	-1.0509	-0.7063	2.8924	-3.2114	0.3811	2.3062	2.3232	-0.0170	-0.7353	0.0000	-15.4548	138.3929	170.8885	153.9144	-16.9741	-11.0283	624.1572	522.0409	-102.1163	-19.5610	179.4890	4.4507	572.3309	0.7165	nan	155.3941	371.8264	71.2260	91.2132	64.9676	81.1203	78.5703	0.8491	565.0583	-43.0174	-8.2402	99.0479	42.6093	0.1010	
15237.8310	15236.7692	-1.0618	-0.0070	0.2366	0.2983	0.2796	-0.0429	-18.1515	0.0165	0.0148	-2.9995	-1.2386	2.8583	-3.4812	0.3814	2.3136	2.3208	-0.0073	-0.3137	0.0000	-11.2295	139.5589	171.7933	154.4732	-17.3201	-11.2123	621.2082	529.8123	-91.3959	-17.2506	180.2922	4.5033	580.6585	0.7152	nan	156.1468	377.5420	71.2623	91.2434	65.0222	82.2254	79.7260	0.8559	566.7609	-36.9486	-6.9739	98.9283	43.5828	0.1023	
15237.6228	15233.6000	-4.0228	-0.0264	0.2400	0.3144	0.2787	-0.0387	-16.1337	0.0156	0.0166	-0.1913	-0.2709	3.1689	-3.2183	0.4365	2.3351	2.3411	-0.0059	-0.2545	0.0000	-11.9132	132.8610	163.8923	153.8840	-10.0083	-6.5038	626.2729	537.0900	-89.1829	-16.6048	179.9686	4.6342	589.9780	0.7074	nan	156.2517	382.8607	71.2849	91.0357	64.8946	83.2849	80.7275	0.8629	579.7583	-42.6683	-7.9443	98.4849	43.1231	0.1028	
15239.6328	15239.6667	0.0339	0.0002	0.2417	0.2854	0.2744	-0.0327	-13.5332	0.0140	0.0178	-0.5871	-0.2174	3.3998	-3.1980	0.3938	2.3636	2.3762	-0.0125	-0.5308	0.0000	-10.7042	146.0690	179.5520	152.9301	-26.6219	-17.4079	749.5857	545.1400	-204.4457	-37.5033	179.4709	4.7426	600.1808	0.7051	nan	155.5010	385.6740	70.7468	90.8294	64.2589	84.3721	81.8473	0.8707	578.9482	-33.8082	-6.2018	98.3468	45.2293	0.1022	
15240.9272	15233.0909	-7.8363	-0.0514	0.2439	0.3191	0.2539	-0.0100	-4.1161	0.0177	0.0144	-3.5935	-1.7331	2.3524	-3.6361	0.3481	2.3600	2.3750	-0.0151	-0.6382	0.0000	-5.9409	115.3856	142.2019	153.6524	11.4505	7.4522	432.9202	547.8818	114.9616	20.9829	180.2361	4.7423	602.6982	0.7051	nan	156.1825	389.0851	71.0161	90.9049	64.5573	85.4602	82.8145	0.8723	578.6452	-30.7634	-5.6150	98.3800	44.5082	0.1034	
15235.1794	15240.6154	5.4359	0.0357	0.2481	0.3254	0.2527	-0.0047	-1.8828	0.0178	0.0151	-4.2173	-1.9630	2.2520	-3.5174	0.3522	2.3832	2.3927	-0.0094	-0.3952	0.0000	4.9894	120.7765	148.5892	152.8679	4.2788	2.7990	393.2925	555.3577	162.0652	29.1821	180.1432	4.7952	611.3808	0.7078	nan	156.1934	395.9290	71.2934	90.8366	64.7603	86.5165	83.9671	0.8801	583.0708	-27.7132	-4.9901	97.8709	42.4782	0.1041	
15241.1073	15237.5455	-3.5618	-0.0234	0.2512	0.3404	0.2690	-0.0178	-7.0862	0.0145	0.0168	-3.2719	-1.1119	3.1325	-3.1703	0.4534	2.4095	2.4204	-0.0110	-0.4554	0.0000	3.7028	124.2532	152.4943	151.4194	-1.0749	-0.7099	580.0012	561.0991	-18.9021	-3.3688	179.4246	4.8131	617.8845	0.7155	nan	154.9534	400.8040	71.4321	90.8095	64.8670	87.5911	84.9284	0.8879	593.0543	-31.9552	-5.6951	97.7198	40.3414	0.1042	
15234.7017	15234.9231	0.2214	0.0015	0.2549	0.3407	0.2588	-0.0038	-1.5067	0.0153	0.0149	-2.7716	-1.1549	2.8325	-3.3950	0.3994	2.4146	2.4297	-0.0151	-0.6257	0.0000	-4.3585	136.6273	168.1383	151.7426	-16.3957	-10.8050	587.5193	566.6685	-20.8509	-3.6796	180.1566	4.8079	623.6646	0.7200	nan	155.2067	406.7046	71.7726	90.8610	65.2132	88.6507	86.0647	0.8929	595.6916	-29.0231	-5.1217	97.7683	39.0834	0.1056	
15237.2229	15235.0000	-2.2229	-0.0146	0.2575	0.3242	0.3047	-0.0471	-18.3069	0.0153	0.0164	0.6761	0.1130	3.4123	-3.4305	0.4106	2.4206	2.4393	-0.0187	-0.7732	0.0000	-3.2482	133.7021	166.0892	151.1563	-14.9329	-9.8791	660.5299	568.9755	-91.5544	-16.0911	179.9021	4.7929	626.0245	0.7261	nan	155.2741	410.8880	72.2204	90.8868	65.6383	89.7120	87.0574	0.8978	616.2601	-47.2847	-8.3105	97.3480	36.1970	0.1064	
15238.5693	15232.5000	-6.0693	-0.0398	0.2600	0.3410	0.2671	-0.0071	-2.7161	0.0161	0.0142	-3.8387	-1.5666	2.6606	-3.6494	0.4169	2.4340	2.4544	-0.0204	-0.8382	0.0000	11.1568	121.3239	150.7890	150.2814	-0.5076	-0.3378	458.7236	575.9892	117.2656	20.3590	179.5232	4.7684	632.8675	0.7393	nan	153.9124	414.7366	72.0054	91.0121	65.5334	90.7324	88.1418	0.9091	604.4418	-28.4526	-4.9398	97.6412	37.6018	0.1068	
15238.2099	15237.3077	-0.9022	-0.0059	0.2645	0.3312	0.2728	-0.0083	-3.1403	0.0160	0.0154	-2.3113	-0.9676	2.9185	-3.3233	0.4458	2.4383	2.4557	-0.0174	-0.7155	0.0000	10.6658	124.3320	153.2777	150.6125	-2.6652	-1.7696	526.2663	581.5154	55.2491	9.5009	180.2868	4.7578	638.2415	0.7441	nan	154.5046	421.9876	72.5684	91.1116	66.1180	91.7633	89.1274	0.9142	617.2834	-35.7680	-6.1508	97.4810	35.0394	0.1085	
15239.6932	15233.7000	-5.9932	-0.0393	0.2659	0.3378	0.2961	-0.0302	-11.3696	0.0145	0.0135	1.7689	0.4953	3.5843	-3.5054	0.4271	2.4461	2.4570	-0.0109	-0.4441	0.0000	-17.5420	148.2051	182.8976	149.8715	-33.0261	-22.0363	784.2359	585.9370	-198.2989	-33.8430	179.8795	4.7390	643.0690	0.7544	nan	154.1713	424.1823	72.3928	91.1155	65.9613	92.7517	90.0925	0.9228	628.7674	-42.8304	-7.3097	97.2111	36.0705	0.1087	
15236.3137	15235.5385	-0.7753	-0.0051	0.2692	0.3304	0.2758	-0.0066	-2.4422	0.0153	0.0135	0.8340	0.0552	3.0115	-3.6048	0.4259	2.4682	2.4949	-0.0266	-1.0783	0.0000	-0.6670	134.3319	165.7959	149.1597	-16.6362	-11.1533	583.7913	596.9508	13.1594	2.2044	179.5728	4.7165	654.2515	0.7725	nan	152.9176	429.5458	71.9660	91.2410	65.6620	93.7141	91.0757	0.9361	634.7764	-37.8256	-6.3365	97.5430	39.0473	0.1091	
15240.3510	15230.0909	-10.2600	-0.0674	0.2717	0.3601	0.2930	-0.0213	-7.8249	0.0152	0.0162	-0.8167	-0.3438	3.2385	-3.5885	0.4101	2.4849	2.4966	-0.0117	-0.4698	0.0000	7.0906	130.7799	161.5328	149.5949	-11.9379	-7.9802	656.3821	607.8645	-48.5176	-7.9816	180.3124	4.7275	665.6664	0.7809	nan	153.5168	433.3751	71.2995	91.3168	65.1084	94.6930	91.9748	0.9441	640.2342	-32.3697	-5.3251	97.4456	43.9891	0.1094	
15230.3473	15238.0833	7.7360	0.0508	0.2758	0.3372	0.2945	-0.0186	-6.7503	0.0142	0.0150	3.1271	0.8963	3.5150	-3.4514	0.4445	2.5560	2.5508	0.0051	0.2011	0.0000	3.9332	138.3721	170.1426	148.6779	-21.4647	-14.4371	731.4605	633.7167	-97.7438	-15.4239	179.6548	4.8860	695.3400	0.7921	nan	152.5817	440.1544	69.4591	91.1378	63.3036	95.7259	92.9865	0.9628	669.8365	-36.1198	-5.6997	97.4418	55.0423	0.1079	
15226.3580	15219.0000	-7.3580	-0.0483	0.2776	0.3273	0.2901	-0.0125	-4.5015	0.0137	0.0156	3.4792	0.9806	3.5008	-3.5529	0.4552	2.5878	2.6027	-0.0149	-0.5758	0.0000	1.9479	123.0325	151.5054	148.5580	-2.9474	-1.9840	648.3621	641.8764	-6.4857	-1.0104	179.6283	4.9492	705.1573	0.7932	nan	151.8731	442.4767	68.9391	91.0260	62.7524	96.8343	93.9357	0.9640	682.0377	-40.1613	-6.2569	97.8173	56.9195	0.1073	
15212.6861	15166.6923	-45.9938	-0.3033	0.2793	0.3515	0.3174	-0.0381	-13.6292	0.0149	0.0147	4.0539	1.1253	3.6272	-3.6401	0.4759	2.5791	2.6135	-0.0344	-1.3321	0.0000	4.4111	136.3905	167.4512	149.0736	-18.3776	-12.3279	748.2029	639.0992	-109.1037	-17.0715	180.2608	4.9140	701.6023	0.7920	nan	152.5010	443.6121	69.4209	91.0922	63.2375	98.0168	95.1425	0.9597	686.6397	-47.5405	-7.4387	97.7526	53.4372	0.1083	
14965.4944	14848.4545	-117.0398	-0.7882	0.2828	0.3037	0.2961	-0.0133	-4.7131	0.0153	0.0144	0.5874	-0.0273	3.1597	-3.6812	0.4840	2.5870	2.6173	-0.0303	-1.1726	0.0000	9.0545	131.4319	161.8116	148.2909	-13.5207	-9.1177	611.7921	636.5091	24.7170	3.8832	179.4870	4.9150	699.4600	0.7929	nan	152.0333	439.7546	69.1009	91.0010	62.8832	99.2376	96.2408	0.9579	668.9473	-32.4382	-5.0963	97.5386	53.2888	0.1093	
14695.0173	14685.3846	-9.6327	-0.0656	0.2878	0.3510	0.3074	-0.0196	-6.8215	0.0151	0.0156	2.0663	0.5208	3.4674	-3.6803	0.4688	2.5933	2.6271	-0.0338	-1.3030	0.0000	4.7338	129.6119	159.0394	148.4751	-10.5643	-7.1152	672.4199	639.9623	-32.4576	-5.0718	179.8138	4.9338	703.4977	0.7930	nan	152.0251	442.5427	69.1574	90.9689	62.9119	100.4346	97.4849	0.9596	669.6250	-29.6627	-4.6351	97.6651	52.7222	0.1110	
14665.7125	14628.4000	-37.3125	-0.2551	0.2901	0.3381	0.3277	-0.0376	-12.9590	0.0158	0.0151	1.2966	0.3352	3.3799	-3.7043	0.4664	2.5718	2.6248	-0.0530	-2.0626	0.0000	8.9444	131.1211	161.3804	148.9349	-12.4455	-8.3563	664.8951	636.1210	-28.7741	-4.5234	180.2474	4.8893	698.5050	0.7926	nan	152.6853	444.3971	69.8719	91.0698	63.6329	101.5858	98.6049	0.9588	667.2749	-31.1539	-4.8975	97.5439	48.9125	0.1128	
14502.7979	14406.6667	-96.1312	-0.6673	0.2943	0.3612	0.3042	-0.0099	-3.3493	0.0145	0.0152	3.1363	0.8967	3.4749	-3.5746	0.4585	2.5670	2.6094	-0.0424	-1.6529	0.0000	1.3269	127.3972	156.1892	148.1006	-8.0886	-5.4616	667.7547	631.3283	-36.4264	-5.7698	179.4782	4.8774	693.4700	0.7922	nan	152.0617	444.0436	70.3445	91.0398	64.0421	102.6943	99.7377	0.9588	681.5110	-50.1827	-7.9487	97.3952	44.5200	0.1147	
14306.9541	14283.0000	-23.9541	-0.1677	0.2966	0.3598	0.3405	-0.0438	-14.7738	0.0162	0.0155	5.2350	1.4808	3.5408	-3.3270	0.4783	2.5738	2.5896	-0.0158	-0.6120	0.0000	1.4120	138.2217	169.9312	148.3544	-21.5769	-14.5442	735.3977	636.0955	-99.3022	-15.6112	179.8094	4.9022	699.0245	0.7930	nan	151.9594	443.6825	69.7505	90.9979	63.4717	103.7183	100.7598	0.9618	671.7286	-35.6332	-5.6019	97.6278	48.4308	0.1153	
14305.7794	14296.0000	-9.7794	-0.0684	0.2970	0.3668	0.3084	-0.0114	-3.8394	0.0158	0.0153	1.3133	0.2613	3.2135	-3.8093	0.4948	2.5561	2.6046	-0.0485	-1.8970	0.0000	7.4202	132.6586	162.9072	148.7842	-14.1230	-9.4923	648.0604	632.5515	-15.5088	-2.4518	180.2520	4.8627	694.5038	0.7923	nan	152.5831	444.6302	70.2957	91.0799	64.0253	104.6849	101.8416	0.9603	662.1912	-29.6396	-4.6857	97.5105	45.4992	0.1162	
14190.9586	14081.0000	-109.9586	-0.7809	0.3014	0.3796	0.3185	-0.0171	-5.6709	0.0157	0.0162	2.5708	0.6566	3.3853	-3.7428	0.5049	2.5650	2.5986	-0.0336	-1.3111	0.0000	8.4699	142.1516	174.9423	148.0512	-26.8911	-18.1634	733.3637	629.3655	-103.9982	-16.5243	179.5277	4.8631	691.7209	0.7923	nan	152.0339	444.3815	70.6120	90.9856	64.2469	105.6181	102.7149	0.9568	665.9368	-36.5713	-5.8108	97.3806	41.1594	0.1175	
13978.8775	13948.1667	-30.7108	-0.2202	0.3038	0.3939	0.3251	-0.0212	-6.9867	0.0156	0.0164	2.6044	0.6772	3.5055	-3.6602	0.5067	2.5651	2.6096	-0.0445	-1.7342	0.0000	3.7449	137.1653	168.2331	148.0625	-20.1706	-13.6230	724.0506	631.4200	-92.6306	-14.6702	179.6028	4.8715	693.9933	0.7932	nan	151.7783	443.7946	70.2989	90.9843	63.9616	106.5292	103.6535	0.9598	669.4900	-38.0700	-6.0293	97.5523	43.3891	0.1184	
13926.7956	13896.5833	-30.2123	-0.2174	0.3074	0.3970	0.3161	-0.0087	-2.8407	0.0164	0.0171	1.4122	0.2904	3.2284	-3.5580	0.5100	2.5490	2.6053	-0.0563	-2.2098	0.0000	7.5610	127.9635	157.4122	148.7162	-8.6959	-5.8473	628.2502	627.9708	-0.2794	-0.0445	180.2557	4.8293	689.8508	0.7925	nan	152.4627	447.3697	71.2467	91.0304	64.8562	107.4737	104.5487	0.9564	658.8134	-30.8426	-4.9115	97.5429	37.7601	0.1206	
13848.6958	13761.8000	-86.8958	-0.6314	0.3108	0.3795	0.3187	-0.0079	-2.5522	0.0159	0.0155	0.2699	-0.0212	3.3376	-3.6344	0.5278	2.5599	2.5835	-0.0237	-0.9241	0.0000	8.1484	138.3425	170.3787	148.2510	-22.1277	-14.9258	703.8137	629.0300	-74.7837	-11.8887	179.9942	4.8433	691.2980	0.7930	nan	152.5355	447.8924	71.2279	90.9935	64.8141	108.2777	105.3938	0.9569	647.5890	-18.5590	-2.9504	97.1912	36.7260	0.1214	
13671.7133	13621.5714	-50.1419	-0.3681	0.3140	0.3543	0.3453	-0.0313	-9.9593	0.0169	0.0170	3.7121	1.0602	3.4057	-3.6781	0.4937	2.5704	2.5872	-0.0168	-0.6537	0.0000	2.9454	130.8077	161.3486	147.7352	-13.6133	-9.2147	673.3921	629.1250	-44.2671	-7.0363	179.3802	4.8628	692.0300	0.7933	nan	151.9011	447.9051	71.1987	90.9109	64.7277	109.1219	106.2622	0.9565	665.9455	-36.8205	-5.8527	97.2579	35.2492	0.1222	
13577.4533	13528.8000	-48.6533	-0.3596	0.3184	0.3808	0.3416	-0.0232	-7.2738	0.0161	0.0160	3.4220	0.9846	3.4504	-3.7817	0.4375	2.5614	2.5969	-0.0355	-1.3879	0.0000	12.3141	125.0331	154.3076	148.0400	-6.2676	-4.2337	665.1159	628.3400	-36.7759	-5.8529	179.6924	4.8488	691.0720	0.7932	nan	151.7499	451.0860	71.7964	90.9230	65.2798	109.9515	107.0566	0.9567	669.1706	-40.8306	-6.4982	97.5553	31.9444	0.1243	
13519.5701	13509.0000	-10.5701	-0.0782	0.3199	0.3142	0.3526	-0.0327	-10.2303	0.0175	0.0153	3.8992	1.1411	3.4119	-3.6026	0.4745	2.5542	2.5801	-0.0259	-1.0148	0.0000	7.5299	127.2827	156.2315	148.5356	-7.6958	-5.1811	664.4343	629.8786	-34.5557	-5.4861	180.2376	4.8412	692.4350	0.7935	nan	152.3718	452.4876	71.8481	90.9666	65.3584	110.7625	107.9197	0.9585	666.4182	-36.5396	-5.8011	97.4825	32.5408	0.1252	
13470.5271	13381.8889	-88.6382	-0.6624	0.3236	0.4215	0.3199	0.0037	1.1428	0.0150	0.0167	4.3073	1.2253	3.5100	-3.6202	0.5364	2.5571	2.5892	-0.0320	-1.2529	0.0000	11.7699	135.2205	167.0950	148.2713	-18.8237	-12.6955	730.0767	629.0811	-100.9956	-16.0545	180.1644	4.8354	691.5522	0.7938	nan	152.3794	453.4071	72.0763	90.9672	65.5659	111.5519	108.6728	0.9579	674.8173	-45.7362	-7.2703	97.3043	30.1498	0.1265	
13258.0842	13178.3077	-79.7765	-0.6054	0.3256	0.3930	0.3662	-0.0406	-12.4556	0.0174	0.0167	3.7932	1.0534	3.5473	-3.6449	0.5129	2.5779	2.5913	-0.0134	-0.5191	0.0000	10.5892	121.0899	149.0951	147.7954	-1.2997	-0.8794	659.8119	632.3308	-27.4811	-4.3460	179.6519	4.8772	696.0308	0.7944	nan	151.9563	449.3519	71.0655	90.8485	64.5622	112.2960	109.4584	0.9582	664.8586	-32.5279	-5.1441	97.2618	34.7499	0.1263	
13079.8336	13011.0000	-68.8336	-0.5290	0.3278	0.4396	0.3346	-0.0068	-2.0633	0.0164	0.0181	2.0113	0.5710	3.4342	-3.5469	0.5184	2.5702	2.6010	-0.0308	-1.1970	0.0000	15.3996	136.2390	168.7284	147.4617	-21.2668	-14.4219	712.5660	629.6850	-82.8810	-13.1623	179.3167	4.8643	693.0900	0.7946	nan	151.5149	446.6713	70.9370	90.8521	64.4479	113.1333	110.1852	0.9592	663.9605	-34.2755	-5.4433	97.3249	35.3020	0.1276	
12878.8980	12795.5000	-83.3980	-0.6518	0.3320	0.3992	0.3623	-0.0303	-9.1359	0.0174	0.0171	3.5796	1.0233	3.4617	-3.7207	0.5354	2.5732	2.6040	-0.0308	-1.1961	0.0000	12.2105	130.8611	161.9468	147.5101	-14.4367	-9.7869	697.0695	630.7267	-66.3429	-10.5185	179.4949	4.8667	694.3225	0.7948	nan	151.5040	444.8587	70.5327	90.8408	64.0727	113.9669	111.0377	0.9594	665.1123	-34.3856	-5.4517	97.3638	37.4414	0.1290	
12704.1594	12635.6364	-68.5231	-0.5423	0.3347	0.3691	0.3485	-0.0138	-4.1145	0.0171	0.0179	4.4527	1.2688	3.4728	-3.7068	0.5532	2.5765	2.6036	-0.0271	-1.0502	0.0000	12.4118	121.0932	149.9233	147.7415	-2.1817	-1.4767	654.8929	632.3309	-22.5620	-3.5681	179.9059	4.8690	696.0736	0.7946	nan	151.8389	442.9119	70.0462	90.8427	63.6321	114.7877	111.7974	0.9591	667.1254	-34.7945	-5.5026	97.3015	40.2527	0.1299	

Torque compensated Offset = 	0
Mean Torque Mainboard Error perc = 	-8.06235645070524


Step N. = 	5
Target Speed = 	17780

Speed Mainboard (rpm_M)	Speed TestBench (rpm_M)	Speed Error (rpm_M)	Speed Error %	Torque TestBench (Nm_M)	Torque Ref (Nm)	Torque MainBoard (Nm_M)	Torque MainBoard Error (Nm_M)	Torque MainBoard Error %	Flux Ref (V/rad/s)	Flux (V/rad/s)	Id * Iq (A^2)	Id (Apeak)	Iq (Apeak)	Id Rotor (Apeak)	Iq Rotor (Apeak)	IMotor Measured (Arms)	IMotor MainBoard (Arms)	IMotor Error (Arms)	IMotor Error %	Motor Current THD %	Vsdref (Vpeak)	Vsqref (Vpeak)	Vout MainBoard (Vrms)	Vout Measured (Vrms)	Vout Error (Vrms)	Vout Error %	Motor Power MainBoard (W)	Motor Power Measured (W)	Motor Power Error (W)	Motor Power Error %	Line Voltage (Vrms)	Line Current (Arms)	Line Power (W)	Line Power Factor	Bulk Ripple (V)	DC Bus Voltage (Vrms)	Motor Mechanical Power (W)	Motor Efficiency	Inverter Efficiency	Overall Efficiency	Temperature (deg C)	Estimated Temperature (deg C)	Motor cos-phi	Electrical Power Alpha-Beta [W]	Electrical Power Error [W]	Electrical Power Error [%]	Bus Voltage Usage [%]	Rotational Losses [W]	Kt [Nm/Arms]	
17651.2938	17651.2938	0.0000	0.0000	0.2156	0.3274	0.2478	-0.0321	-14.9073	0.0127	0.0140	-1.7773	-0.6342	3.2383	-3.5398	0.3325	2.4807	2.5001	-0.0194	-0.7834	0.0000	-0.3739	106.3449	130.7218	149.7512	19.0294	12.7074	519.4082	589.0715	69.6634	11.8260	179.3463	4.6173	644.8292	0.7787	nan	152.7996	398.5501	67.6606	91.3535	61.8104	70.2514	66.9026	0.9155	625.3215	-36.2500	-6.1537	98.0059	70.4677	0.0869	
17698.3746	17698.3746	0.0000	0.0000	0.2146	0.3233	0.2700	-0.0554	-25.8203	0.0124	0.0128	1.7956	0.4974	3.5712	-3.4710	0.3132	2.4817	2.4831	-0.0014	-0.0561	0.0000	2.1761	131.1545	161.5785	149.8536	-11.7249	-7.8242	707.5111	593.2640	-114.2471	-19.2574	179.5554	4.6341	648.6540	0.7796	nan	153.2141	397.7334	67.0494	91.4618	61.3255	72.9569	69.2196	0.9210	661.0140	-67.7500	-11.4199	97.8073	74.2659	0.0865	
17701.6097	17701.6097	0.0000	0.0000	0.2120	0.2606	0.2666	-0.0546	-25.7602	0.0138	0.0128	0.8122	0.0747	3.3037	-3.5970	0.3442	2.4658	2.4802	-0.0144	-0.5838	0.0000	-2.2808	130.3450	161.4116	150.4950	-10.9166	-7.2538	639.3262	588.1077	-51.2185	-8.7090	180.0222	4.5947	642.5262	0.7768	nan	153.6107	392.9859	66.8303	91.5308	61.1704	75.4247	72.3938	0.9150	640.2278	-52.1201	-8.8623	97.9719	74.4148	0.0860	
17692.4296	17692.4296	0.0000	0.0000	0.2146	0.3006	0.2587	-0.0441	-20.5348	0.0141	0.0133	-0.6410	-0.5763	3.0047	-3.3924	0.3409	2.4668	2.4798	-0.0130	-0.5255	0.0000	-5.1897	140.1802	173.2741	150.7994	-22.4747	-14.9037	608.0164	586.6009	-21.4155	-3.6508	180.2945	4.5853	641.1091	0.7755	nan	153.8902	397.6674	67.7960	91.4982	62.0326	77.7428	74.3102	0.9104	643.4336	-56.8327	-9.6885	97.9921	67.1892	0.0870	
17666.7564	17666.7564	0.0000	0.0000	0.2138	0.2962	0.2390	-0.0252	-11.7915	0.0131	0.0126	0.1643	-0.2041	3.1803	-3.4856	0.3540	2.4759	2.4791	-0.0032	-0.1297	0.0000	6.4840	137.6368	169.3429	150.4952	-18.8477	-12.5238	655.7247	587.0427	-68.6819	-11.6996	180.2629	4.5854	641.7791	0.7764	nan	153.9658	395.5739	67.3944	91.4718	61.6477	79.7261	76.5571	0.9096	641.4441	-54.4014	-9.2670	97.7467	68.0149	0.0864	
17639.2491	17639.2491	0.0000	0.0000	0.2129	0.2986	0.2470	-0.0341	-16.0226	0.0135	0.0132	0.6182	-0.1581	3.0235	-3.5488	0.3872	2.4672	2.4795	-0.0123	-0.4978	0.0000	-5.3258	130.9558	161.2110	150.3982	-10.8128	-7.1895	578.8611	586.8885	8.0274	1.3678	180.0538	4.5826	641.1938	0.7771	nan	153.8474	393.3060	67.0204	91.5309	61.3447	81.5408	78.5416	0.9132	610.7367	-23.8483	-4.0635	97.7598	70.2612	0.0863	
17601.4233	17601.4233	0.0000	0.0000	0.2119	0.3206	0.2869	-0.0750	-35.3968	0.0134	0.0144	3.4220	0.9545	3.5975	-3.4179	0.3586	2.4709	2.4757	-0.0048	-0.1946	0.0000	-3.5446	124.6036	154.0454	150.0276	-4.0178	-2.6780	674.0038	590.9691	-83.0347	-14.0506	179.7182	4.6077	645.7055	0.7797	nan	153.0991	390.5944	66.1127	91.5234	60.5087	83.1919	80.2006	0.9204	661.2602	-70.2911	-11.8942	97.9946	76.0162	0.0858	
17522.3223	17522.3223	0.0000	0.0000	0.2130	0.2688	0.2215	-0.0085	-3.9706	0.0134	0.0120	-1.3727	-0.8090	2.7713	-3.6098	0.3758	2.4617	2.4746	-0.0129	-0.5236	0.0000	-8.2562	137.7974	169.2629	149.9007	-19.3622	-12.9167	573.9502	583.0514	9.1012	1.5610	179.4886	4.5719	637.3986	0.7768	nan	153.2729	390.8400	67.0359	91.4745	61.3211	84.7148	82.0783	0.9122	613.8594	-30.8079	-5.2839	97.8009	68.1618	0.0865	
17485.6429	17485.6429	0.0000	0.0000	0.2143	0.3033	0.2366	-0.0223	-10.4120	0.0136	0.0135	-1.7901	-1.0255	2.7283	-3.6136	0.3550	2.4791	2.4789	0.0001	0.0052	0.0000	1.8912	132.7379	163.2233	149.3926	-13.8307	-9.2580	521.0743	591.9927	70.9185	11.9796	179.3155	4.6384	647.5327	0.7784	nan	153.0604	392.3537	66.3126	91.4241	60.6265	86.1667	83.2683	0.9228	631.7478	-39.7551	-6.7155	97.6049	73.2370	0.0864	
17379.9593	17379.9593	0.0000	0.0000	0.2178	0.3140	0.2267	-0.0088	-4.0573	0.0136	0.0137	-2.5216	-1.3362	2.6177	-3.5021	0.4148	2.4763	2.4913	-0.0150	-0.6056	0.0000	-3.5711	140.1414	172.2227	149.5484	-22.6743	-15.1619	549.6971	590.4973	40.8002	6.9095	179.3690	4.6184	646.2127	0.7801	nan	152.8612	396.4364	67.1441	91.3801	61.3569	87.4639	84.6815	0.9206	640.2675	-49.7702	-8.4285	97.8338	67.4117	0.0880	
17287.3991	17287.3991	0.0000	0.0000	0.2202	0.3328	0.2556	-0.0355	-16.1033	0.0131	0.0140	-0.1186	-0.1901	3.2735	-3.4681	0.3593	2.4785	2.4826	-0.0041	-0.1639	0.0000	-1.8373	137.0622	169.4347	149.7868	-19.6479	-13.1172	649.6006	592.3709	-57.2297	-9.6611	179.8075	4.6201	648.0527	0.7801	nan	153.5964	398.6016	67.3040	91.4091	61.5226	88.6739	85.8938	0.9212	630.2460	-37.8751	-6.3938	97.5203	66.4013	0.0888	
17248.1099	17248.1099	0.0000	0.0000	0.2218	0.3428	0.2581	-0.0364	-16.4047	0.0132	0.0143	-0.3099	-0.1884	3.2526	-3.3509	0.3643	2.4738	2.4829	-0.0091	-0.3673	0.0000	-1.7984	130.0209	160.5718	150.1733	-10.3985	-6.9243	625.4965	594.8331	-30.6634	-5.1550	180.2745	4.6218	650.8292	0.7811	nan	153.8265	400.5629	67.3548	91.3972	61.5612	89.9000	87.3242	0.9244	618.8975	-24.0644	-4.0456	97.6254	66.8820	0.0896	
17213.5940	17213.5940	0.0000	0.0000	0.2252	0.3064	0.2654	-0.0402	-17.8468	0.0130	0.0138	-1.3026	-0.4848	3.3236	-3.4614	0.3949	2.4791	2.4955	-0.0165	-0.6636	0.0000	-15.4355	143.4863	176.9541	149.9445	-27.0096	-18.0131	729.9173	595.8064	-134.1109	-22.5091	180.1315	4.6371	652.0945	0.7806	nan	153.6976	405.9122	68.1517	91.3699	62.2706	91.0581	88.2795	0.9253	638.0088	-42.2025	-7.0833	97.5588	61.4915	0.0908	
17125.9064	17125.9064	0.0000	0.0000	0.2276	0.3127	0.2552	-0.0276	-12.1225	0.0127	0.0142	2.3144	0.6195	3.3437	-3.3444	0.3893	2.4645	2.4866	-0.0220	-0.8940	0.0000	-5.8027	137.9645	169.4956	149.5278	-19.9678	-13.3539	677.0149	590.5054	-86.5095	-14.6501	179.6152	4.6046	646.0138	0.7811	nan	152.6287	408.2107	69.1389	91.4076	63.1985	92.1306	89.6006	0.9251	646.2989	-55.7936	-9.4484	97.9694	54.9619	0.0924	
17116.6076	17116.6076	0.0000	0.0000	0.2298	0.3268	0.2503	-0.0205	-8.9348	0.0133	0.0134	-2.7510	-1.0003	3.0604	-3.6105	0.3681	2.4598	2.4792	-0.0194	-0.7884	0.0000	8.0654	135.9377	166.8214	149.4445	-17.3769	-11.6277	613.7333	593.3900	-20.3433	-3.4283	179.3297	4.6267	649.0300	0.7822	nan	152.3974	411.8148	69.4052	91.4272	63.4554	93.1223	90.4350	0.9319	620.0670	-26.6770	-4.4957	98.0633	54.3294	0.0934	
17017.5798	17017.5798	0.0000	0.0000	0.2304	0.2869	0.2462	-0.0158	-6.8638	0.0139	0.0128	0.1357	-0.3721	2.8997	-3.6457	0.3988	2.4608	2.4895	-0.0287	-1.1654	0.0000	1.2528	136.5420	168.0075	149.5940	-18.4135	-12.3090	600.4906	588.7127	-11.7779	-2.0006	179.5583	4.5959	644.4047	0.7809	nan	152.7142	410.5829	69.7484	91.3577	63.7208	94.1023	91.5471	0.9233	635.7250	-47.0124	-7.9856	97.9572	50.3880	0.0936	
16971.6466	16971.6466	0.0000	0.0000	0.2294	0.3107	0.2708	-0.0414	-18.0311	0.0141	0.0131	0.6400	0.1119	3.3473	-3.5738	0.3721	2.4774	2.4919	-0.0144	-0.5823	0.0000	-1.5361	134.3699	165.5767	149.9490	-15.6277	-10.4220	676.5978	598.4740	-78.1238	-13.0538	180.0878	4.6617	655.6100	0.7809	nan	153.3799	407.7049	68.1261	91.2852	62.1885	95.1427	92.4307	0.9301	623.7136	-25.2396	-4.2173	97.7634	60.8691	0.0926	
16910.4737	16910.4737	0.0000	0.0000	0.2312	0.3022	0.2896	-0.0584	-25.2377	0.0138	0.0135	2.6263	0.7300	3.5609	-3.4866	0.3921	2.4726	2.4951	-0.0226	-0.9122	0.0000	-0.9668	139.9092	171.6692	150.0235	-21.6457	-14.4282	745.2051	598.4379	-146.7672	-24.5251	180.2888	4.6414	655.0379	0.7828	nan	153.5944	409.4464	68.4294	91.3604	62.5182	96.0814	93.4932	0.9314	632.4892	-34.0513	-5.6900	97.6760	59.2228	0.0935	
16887.8481	16887.8481	0.0000	0.0000	0.2420	0.3180	0.2731	-0.0311	-12.8310	0.0134	0.0145	1.4495	0.3909	3.4952	-3.4153	0.3449	2.4723	2.4978	-0.0255	-1.0298	0.0000	0.7382	127.8292	157.4561	149.9222	-7.5339	-5.0252	681.4246	593.4991	-87.9255	-14.8148	180.2255	4.6058	649.9736	0.7830	nan	153.3326	427.9761	72.1270	91.3119	65.8610	97.0395	94.2875	0.9244	646.9578	-53.4587	-9.0074	97.7772	35.3921	0.0979	
16795.6504	16795.6504	0.0000	0.0000	0.2385	0.3428	0.2622	-0.0236	-9.8988	0.0128	0.0140	0.9333	0.2623	3.4238	-3.4682	0.3832	2.4872	2.4965	-0.0093	-0.3735	0.0000	-1.2579	126.5671	155.9737	149.6291	-6.3446	-4.2402	651.1646	601.0400	-50.1246	-8.3396	179.9860	4.6654	658.7823	0.7845	nan	153.2455	419.5505	69.8110	91.2357	63.6933	97.9278	95.3932	0.9324	643.9487	-42.9087	-7.1391	97.6406	49.4197	0.0959	
16690.8762	16690.8762	0.0000	0.0000	0.2385	0.2995	0.2538	-0.0153	-6.3965	0.0143	0.0131	1.7364	0.3349	3.0844	-3.6938	0.3614	2.4626	2.4925	-0.0299	-1.2148	0.0000	6.8877	127.4989	156.6027	149.3415	-7.2612	-4.8622	592.6385	595.7200	3.0815	0.5173	179.5442	4.6260	652.2600	0.7853	nan	152.6356	416.8688	69.9868	91.3316	63.9199	98.8232	96.1264	0.9352	614.8094	-19.0894	-3.2044	97.8421	49.0198	0.0968	
16576.5534	16576.5534	0.0000	0.0000	0.2391	0.2914	0.2673	-0.0282	-11.7955	0.0141	0.0115	0.2410	-0.1498	3.1073	-3.5226	0.3973	2.4621	2.4903	-0.0283	-1.1484	0.0000	5.4051	139.3181	171.9919	149.0856	-22.9063	-15.3645	644.9805	593.9857	-50.9948	-8.5852	179.3251	4.6210	650.6821	0.7852	nan	152.3175	414.9954	69.8714	91.2872	63.7841	99.6431	97.0801	0.9343	654.6856	-60.6999	-10.2191	97.8785	48.8850	0.0971	
16507.5638	16507.5638	0.0000	0.0000	0.2475	0.2813	0.2802	-0.0326	-13.1788	0.0144	0.0137	0.6517	0.0935	3.2935	-3.6308	0.3703	2.4804	2.4932	-0.0127	-0.5139	0.0000	1.0635	131.2087	161.1171	149.0629	-12.0542	-8.0866	648.2663	604.2209	-44.0454	-7.2896	179.5517	4.6861	662.2136	0.7870	nan	152.2902	427.9247	70.8490	91.2430	64.6452	100.5126	97.7897	0.9435	649.4617	-45.2408	-7.4875	97.8813	43.8891	0.0998	
16495.2920	16495.2920	0.0000	0.0000	0.2450	0.2923	0.2659	-0.0209	-8.5261	0.0137	0.0131	-1.9530	-0.6921	3.1182	-3.6469	0.4551	2.4710	2.4921	-0.0211	-0.8538	0.0000	4.6944	140.5807	172.5015	149.3875	-23.1140	-15.4725	650.8541	602.4362	-48.4180	-8.0370	180.0422	4.6583	659.8885	0.7868	nan	152.9770	423.2088	70.2803	91.2941	64.1623	101.3488	98.7728	0.9422	647.2898	-44.8537	-7.4454	97.6544	47.4780	0.0991	
16444.4095	16444.4095	0.0000	0.0000	0.2494	0.2749	0.2947	-0.0453	-18.1583	0.0144	0.0130	0.5938	0.0725	3.4235	-3.5664	0.3871	2.4813	2.4898	-0.0085	-0.3413	0.0000	-0.2781	119.6225	147.2558	149.6624	2.4066	1.6080	616.1333	607.7930	-8.3403	-1.3722	180.2717	4.6890	666.1850	0.7881	nan	153.1174	429.4763	70.6901	91.2358	64.4956	102.1423	99.4350	0.9449	655.4367	-47.6437	-7.8388	97.7438	45.1466	0.1005	
16391.8231	16391.8231	0.0000	0.0000	0.2494	0.3189	0.2813	-0.0318	-12.7667	0.0141	0.0142	1.4278	0.3629	3.2350	-3.4565	0.3785	2.4687	2.4890	-0.0203	-0.8227	0.0000	4.6504	139.8810	173.0475	149.5408	-23.5066	-15.7192	698.0528	603.1950	-94.8578	-15.7259	180.2433	4.6600	660.6983	0.7866	nan	153.2833	428.1322	70.9791	91.2974	64.8021	102.9313	100.2704	0.9433	653.2019	-50.0069	-8.2903	97.5588	42.9247	0.1010	
16310.5177	16310.5177	0.0000	0.0000	0.2518	0.3168	0.2707	-0.0189	-7.4949	0.0138	0.0143	1.1498	0.2746	3.2980	-3.4660	0.4164	2.4699	2.4882	-0.0184	-0.7439	0.0000	4.9638	144.7380	179.0404	149.4016	-29.6388	-19.8383	716.0441	602.6754	-113.3687	-18.8109	180.1385	4.6569	660.3023	0.7871	nan	152.9843	430.1590	71.3807	91.2731	65.1515	103.7515	101.1731	0.9429	648.0312	-45.3558	-7.5257	97.6585	39.9170	0.1020	
16235.0842	16235.0842	0.0000	0.0000	0.2530	0.2900	0.2504	0.0026	1.0236	0.0131	0.0137	-0.7777	-0.4341	3.1325	-3.4878	0.4404	2.4661	2.5061	-0.0400	-1.6234	0.0000	-5.4226	142.1941	174.7172	149.4071	-25.3101	-16.9404	660.0376	604.1027	-55.9349	-9.2592	179.9813	4.6599	661.9082	0.7892	nan	152.7280	430.1332	71.2026	91.2668	64.9845	104.4857	101.7748	0.9466	634.5885	-30.4857	-5.0464	97.8260	41.4794	0.1026	
16110.1791	16110.1791	0.0000	0.0000	0.2544	0.3205	0.2895	-0.0352	-13.8316	0.0141	0.0147	2.0977	0.5605	3.5060	-3.3901	0.3955	2.4673	2.4989	-0.0315	-1.2777	0.0000	4.9195	137.5057	169.5221	149.0373	-20.4848	-13.7448	719.0729	601.0945	-117.9783	-19.6272	179.7205	4.6574	658.9355	0.7872	nan	152.6039	429.1257	71.3862	91.2224	65.1198	105.2370	102.5502	0.9437	645.9255	-44.8310	-7.4582	97.6632	39.0400	0.1031	
16055.0579	16055.0579	0.0000	0.0000	0.2569	0.3063	0.2718	-0.0149	-5.7987	0.0132	0.0136	3.1817	0.9120	3.4448	-3.6199	0.4359	2.4933	2.5090	-0.0157	-0.6305	0.0000	-1.2766	144.0312	178.8449	148.6042	-30.2407	-20.3498	732.3855	613.6800	-118.7055	-19.3432	179.4301	4.7408	673.4808	0.7917	nan	152.2047	431.9575	70.3891	91.1207	64.1390	106.0066	103.2739	0.9563	649.7635	-36.0835	-5.8798	97.6346	45.6682	0.1030	
15969.3289	15969.3289	0.0000	0.0000	0.2603	0.3094	0.2999	-0.0397	-15.2425	0.0141	0.0150	1.5289	0.4360	3.5762	-3.5323	0.4214	2.4898	2.5183	-0.0285	-1.1442	0.0000	-2.7053	136.7972	167.9152	148.4662	-19.4490	-13.1000	728.3512	611.4327	-116.9185	-19.1221	179.3003	4.7253	670.9845	0.7919	nan	151.9237	435.2571	71.1992	91.1260	64.8815	106.7757	104.0110	0.9550	650.7541	-39.3214	-6.4310	97.7244	40.1820	0.1045	
15909.1252	15909.1252	0.0000	0.0000	0.2613	0.2489	0.3010	-0.0397	-15.2040	0.0146	0.0136	0.9956	0.2923	3.4046	-3.6261	0.4414	2.4794	2.5116	-0.0322	-1.2991	0.0000	11.7899	134.2687	165.6679	148.3693	-17.2986	-11.6592	689.0358	608.8242	-80.2116	-13.1748	179.2654	4.7089	667.9200	0.7912	nan	151.8498	435.2398	71.5042	91.1534	65.1798	107.5257	104.7921	0.9555	658.9724	-50.1482	-8.2369	97.7085	38.4156	0.1054	
15746.1917	15746.1917	0.0000	0.0000	0.2655	0.3307	0.2975	-0.0320	-12.0661	0.0148	0.0145	2.2549	0.6407	3.3498	-3.4944	0.4028	2.4820	2.5186	-0.0366	-1.4739	0.0000	4.8658	123.2000	151.4327	148.5608	-2.8719	-1.9331	626.9368	609.3346	-17.6022	-2.8888	179.2724	4.7103	668.8977	0.7921	nan	151.7964	437.7276	71.8457	91.0964	65.4494	108.3175	105.5834	0.9541	666.0553	-56.7207	-9.3086	97.8687	35.8320	0.1070	
15709.5051	15709.5051	0.0000	0.0000	0.2678	0.3310	0.3186	-0.0508	-18.9727	0.0154	0.0140	3.8173	1.1194	3.4379	-3.4282	0.4384	2.4894	2.5111	-0.0217	-0.8716	0.0000	4.7094	136.0003	166.8459	148.1204	-18.7255	-12.6421	709.7410	612.3620	-97.3790	-15.9022	179.3030	4.7247	671.9020	0.7931	nan	151.7273	440.5563	71.9472	91.1393	65.5724	109.0840	106.2561	0.9588	649.4591	-37.0971	-6.0580	97.6233	34.9001	0.1076	
15616.7337	15616.7337	0.0000	0.0000	0.2693	0.3277	0.2776	-0.0083	-3.0873	0.0137	0.0149	1.6321	0.4812	3.3325	-3.4389	0.4376	2.5017	2.5294	-0.0277	-1.1082	0.0000	12.2735	133.9781	165.0042	148.1999	-16.8043	-11.3389	679.2325	615.6915	-63.5410	-10.3203	179.3179	4.7551	676.3485	0.7932	nan	152.0079	440.4209	71.5396	91.0324	65.1246	109.8283	107.0458	0.9588	651.5747	-35.8832	-5.8281	97.4958	36.7087	0.1077	
15528.1716	15528.1716	0.0000	0.0000	0.2703	0.3126	0.2989	-0.0286	-10.5808	0.0148	0.0144	1.6020	0.4066	3.3161	-3.5114	0.4100	2.4942	2.5228	-0.0286	-1.1468	0.0000	4.9021	139.3284	170.9335	148.2717	-22.6618	-15.2839	705.7743	614.8209	-90.9534	-14.7935	179.4495	4.7411	675.0591	0.7934	nan	152.0304	439.4913	71.4865	91.0768	65.1076	110.6066	107.7452	0.9598	656.2237	-41.4028	-6.7341	97.5277	37.2647	0.1084	
15419.7173	15419.7173	0.0000	0.0000	0.2716	0.3403	0.2728	-0.0012	-0.4397	0.0137	0.0152	0.2398	0.0388	3.2997	-3.6419	0.4582	2.5031	2.5194	-0.0163	-0.6521	0.0000	9.6443	138.0184	169.6180	148.2672	-21.3508	-14.4002	689.9502	616.3392	-73.6110	-11.9433	179.5204	4.7542	676.9567	0.7932	nan	152.0137	438.5399	71.1602	91.0462	64.7890	111.3591	108.5385	0.9588	628.6688	-12.3297	-2.0005	97.5354	38.4381	0.1085	
15289.9254	15289.9254	0.0000	0.0000	0.2737	0.2929	0.3209	-0.0471	-17.2188	0.0154	0.0150	3.3541	0.9606	3.4434	-3.5358	0.4277	2.5014	2.5267	-0.0253	-1.0102	0.0000	12.9870	133.0704	164.2426	148.0645	-16.1780	-10.9263	710.6816	617.0218	-93.6598	-15.1793	179.3689	4.7589	677.7582	0.7940	nan	151.6709	438.2817	71.0340	91.0391	64.6688	112.1077	109.2045	0.9618	658.2066	-41.1848	-6.6748	97.6223	39.2583	0.1094	
15119.6982	15119.6982	0.0000	0.0000	0.2755	0.3051	0.3163	-0.0408	-14.8090	0.0155	0.0137	4.3155	1.2343	3.4630	-3.5997	0.4178	2.4885	2.5236	-0.0352	-1.4132	0.0000	3.4331	127.3945	156.6983	148.1052	-8.5931	-5.8020	668.9114	611.2731	-57.6383	-9.4292	179.2510	4.7206	671.4077	0.7935	nan	151.6104	436.1466	71.3560	91.0439	64.9654	112.8464	110.0169	0.9576	665.9644	-54.6913	-8.9471	97.6882	36.7804	0.1107	
14874.9869	14874.9869	0.0000	0.0000	0.2772	0.2983	0.3264	-0.0492	-17.7585	0.0162	0.0149	2.5632	0.6480	3.4026	-3.4389	0.4428	2.5143	2.5389	-0.0246	-0.9785	0.0000	0.5962	120.1958	147.3204	147.7704	0.4500	0.3045	605.8286	619.1064	13.2778	2.1447	179.2810	4.7786	680.5964	0.7944	nan	151.5433	431.7660	69.7407	90.9653	63.4399	113.5966	110.7125	0.9620	646.0895	-26.9832	-4.3584	97.5104	45.7859	0.1102	
14641.2694	14641.2694	0.0000	0.0000	0.2804	0.3417	0.3142	-0.0339	-12.0760	0.0156	0.0140	1.9446	0.5213	3.2954	-3.5624	0.4321	2.4992	2.5331	-0.0340	-1.3597	0.0000	9.4188	128.9170	158.8079	147.9453	-10.8626	-7.3423	636.6972	614.5791	-22.1181	-3.5989	179.3871	4.7412	675.3300	0.7940	nan	151.7718	429.8598	69.9492	91.0048	63.6575	114.3271	111.4880	0.9597	645.7621	-31.1830	-5.0739	97.4790	44.5644	0.1122	
14417.1380	14417.1380	0.0000	0.0000	0.2813	0.3442	0.3008	-0.0194	-6.9089	0.0145	0.0156	2.4538	0.7038	3.4465	-3.5700	0.4898	2.5036	2.5312	-0.0277	-1.1054	0.0000	3.4803	130.3728	160.4825	147.7167	-12.7658	-8.6421	682.5169	616.5400	-65.9769	-10.7012	179.4422	4.7541	677.4625	0.7941	nan	151.8194	424.7475	68.8958	91.0075	62.7006	115.0802	112.1754	0.9625	651.2091	-34.6691	-5.6232	97.2979	50.8299	0.1124	
14292.6184	14292.6184	0.0000	0.0000	0.2842	0.3506	0.3073	-0.0231	-8.1234	0.0152	0.0159	3.4214	1.0099	3.4304	-3.5101	0.4923	2.4877	2.5263	-0.0385	-1.5490	0.0000	4.0078	146.0755	179.4738	147.8515	-31.6223	-21.3879	757.5015	610.4717	-147.0298	-24.0846	179.5487	4.7093	670.4700	0.7929	nan	151.9756	425.3192	69.6780	91.0518	63.4434	115.8408	112.9877	0.9582	653.4643	-42.9926	-7.0425	97.2865	45.6533	0.1142	
14263.8202	14263.8202	0.0000	0.0000	0.2873	0.3760	0.3004	-0.0132	-4.5819	0.0148	0.0166	1.8543	0.5468	3.3751	-3.4863	0.4526	2.4951	2.5317	-0.0366	-1.4688	0.0000	4.1383	137.8310	169.2404	147.9991	-21.2413	-14.3523	704.2993	614.9127	-89.3866	-14.5365	179.7135	4.7344	675.4900	0.7939	nan	151.9219	429.0980	69.7854	91.0322	63.5273	116.5552	113.6168	0.9614	654.3102	-39.3975	-6.4070	97.4179	45.1961	0.1151	
14178.9643	14178.9643	0.0000	0.0000	0.2888	0.3564	0.3120	-0.0232	-8.0171	0.0161	0.0157	3.4198	0.9572	3.2620	-3.5505	0.4795	2.4899	2.5235	-0.0336	-1.3478	0.0000	14.0105	139.0758	172.6965	148.2097	-24.4868	-16.5217	683.8211	611.7885	-72.0326	-11.7741	179.9812	4.7073	672.0023	0.7932	nan	152.2662	428.8822	70.1077	91.0400	63.8262	117.2196	114.3512	0.9571	631.9166	-20.1281	-3.2900	97.3363	42.5953	0.1160	
14097.9791	14097.9791	0.0000	0.0000	0.2908	0.3107	0.3096	-0.0188	-6.4501	0.0151	0.0146	4.7929	1.3880	3.4618	-3.6806	0.4631	2.4900	2.5261	-0.0362	-1.4532	0.0000	10.6872	110.7723	136.3570	148.2324	11.8753	8.0113	597.8758	613.9836	16.1079	2.6235	180.0442	4.7188	674.4336	0.7938	nan	152.2545	429.3447	69.9304	91.0373	63.6630	117.8731	114.9831	0.9604	658.9364	-44.9527	-7.3215	97.3584	44.0523	0.1168	
13989.8923	13989.8923	0.0000	0.0000	0.2920	0.3576	0.3133	-0.0213	-7.3014	0.0153	0.0167	2.2800	0.6554	3.3658	-3.4058	0.4715	2.4773	2.5117	-0.0344	-1.3886	0.0000	1.1662	137.4202	169.0733	148.3445	-20.7288	-13.9734	698.4518	608.2645	-90.1873	-14.8270	180.0576	4.6775	668.0773	0.7932	nan	152.2309	427.7875	70.3331	91.0472	64.0364	118.4832	115.6712	0.9556	653.1604	-44.8959	-7.3810	97.4472	41.0657	0.1179	
13961.7754	13961.7754	0.0000	0.0000	0.2920	0.3769	0.3046	-0.0126	-4.3261	0.0149	0.0160	3.7854	1.1183	3.3856	-3.4081	0.5016	2.4960	2.5282	-0.0322	-1.2906	0.0000	7.6789	128.2535	157.7816	148.2157	-9.5659	-6.4540	662.8773	613.3150	-49.5623	-8.0811	180.1467	4.7161	674.0233	0.7934	nan	152.3092	426.9270	69.6137	90.9935	63.3441	119.0948	116.2745	0.9571	653.9823	-40.6673	-6.6307	97.3125	44.6128	0.1170	
13885.7260	13885.7260	0.0000	0.0000	0.2942	0.3765	0.3156	-0.0213	-7.2545	0.0158	0.0165	1.9955	0.5899	3.2870	-3.5856	0.4750	2.4922	2.5235	-0.0313	-1.2572	0.0000	13.7493	140.7510	174.4909	148.3995	-26.0914	-17.5819	702.2328	612.9215	-89.3112	-14.5714	180.2232	4.7117	673.7246	0.7934	nan	152.4823	427.8448	69.8108	90.9759	63.5114	119.7330	116.8817	0.9568	644.4755	-31.5540	-5.1481	97.3226	43.4732	0.1181	
13722.3954	13722.3954	0.0000	0.0000	0.2999	0.3994	0.3343	-0.0344	-11.4738	0.0167	0.0160	3.8670	1.1281	3.4106	-3.4268	0.4457	2.4865	2.5045	-0.0180	-0.7227	0.0000	-1.0632	134.3841	165.6598	148.2556	-17.4042	-11.7393	686.3523	609.6809	-76.6714	-12.5757	180.1377	4.6884	670.0927	0.7934	nan	152.4938	430.9628	70.6992	90.9857	64.3270	120.3514	117.4364	0.9548	641.6915	-32.0106	-5.2504	97.2210	37.4980	0.1206	
13677.3132	13677.3132	0.0000	0.0000	0.2993	0.3414	0.3253	-0.0260	-8.6730	0.0161	0.0158	1.6485	0.4316	3.3208	-3.5289	0.4955	2.4787	2.5212	-0.0425	-1.7142	0.0000	10.2427	135.5139	167.0398	148.0632	-18.9765	-12.8165	682.0710	607.5323	-74.5387	-12.2691	179.8746	4.6775	667.5992	0.7935	nan	152.2041	428.6928	70.5656	91.0028	64.2169	120.9321	118.0892	0.9557	642.8576	-35.3253	-5.8146	97.2794	38.2664	0.1207	
13574.0164	13574.0164	0.0000	0.0000	0.3026	0.3652	0.3161	-0.0135	-4.4636	0.0160	0.0165	2.3434	0.6364	3.2359	-3.4325	0.5325	2.4805	2.5209	-0.0404	-1.6290	0.0000	3.6615	142.9940	175.4529	147.6932	-27.7597	-18.7955	704.0406	605.7340	-98.3066	-16.2293	179.5333	4.6743	665.8740	0.7935	nan	151.7874	430.1369	71.0252	90.9688	64.6113	121.5211	118.5744	0.9546	635.7079	-29.9739	-4.9484	97.3028	34.5816	0.1220	
13479.2597	13479.2597	0.0000	0.0000	0.3059	0.4195	0.3226	-0.0167	-5.4526	0.0161	0.0173	2.4104	0.7095	3.3216	-3.4756	0.5304	2.4743	2.5131	-0.0388	-1.5672	0.0000	8.6632	124.9308	153.5297	147.4132	-6.1165	-4.1492	630.7073	603.7608	-26.9465	-4.4631	179.3185	4.6604	663.5333	0.7940	nan	151.5695	431.8167	71.5407	90.9932	65.0982	122.0651	119.1890	0.9556	641.9876	-38.2268	-6.3314	97.2581	31.4169	0.1236	
13452.8153	13452.8153	0.0000	0.0000	0.3071	0.3541	0.3147	-0.0076	-2.4833	0.0155	0.0169	3.0569	0.9009	3.4081	-3.6024	0.5345	2.4829	2.5128	-0.0299	-1.2062	0.0000	8.7810	136.5113	167.8623	147.8087	-20.0536	-13.5673	713.7289	608.8154	-104.9135	-17.2324	179.7914	4.6871	669.3731	0.7943	nan	151.9937	432.6018	71.0638	90.9535	64.6354	122.6598	119.8438	0.9578	648.6152	-39.7998	-6.5373	97.2466	34.4614	0.1237	
13435.7413	13435.7413	0.0000	0.0000	0.3072	0.3270	0.3013	0.0059	1.9234	0.0152	0.0175	1.8284	0.5155	3.2615	-3.5825	0.5434	2.4608	2.5035	-0.0427	-1.7346	0.0000	18.1860	140.9410	174.3075	148.3425	-25.9649	-17.5034	690.0446	604.6918	-85.3528	-14.1151	180.2536	4.6410	664.1782	0.7939	nan	152.3243	432.1963	71.4808	91.0440	65.0795	123.1812	120.2944	0.9564	646.9365	-42.2447	-6.9862	97.3860	33.0453	0.1248	
13387.4709	13387.4709	0.0000	0.0000	0.3098	0.3693	0.3579	-0.0481	-15.5435	0.0177	0.0164	2.8398	0.8448	3.3869	-3.6692	0.5059	2.4808	2.5219	-0.0411	-1.6571	0.0000	0.6868	140.8311	173.8717	148.1428	-25.7290	-17.3677	708.4578	608.4808	-99.9770	-16.4306	180.1231	4.6778	668.9967	0.7940	nan	152.2687	434.2485	71.3714	90.9547	64.9160	123.7318	120.8173	0.9559	641.9198	-33.4390	-5.4955	97.2905	32.2837	0.1249	

Torque compensated Offset = 	0
Mean Torque Mainboard Error perc = 	-11.54386531959824


