Time	speed	torque	motor_current	motor_current_thd	motor_voltage	motor_power	line_voltage	line_current	line_power	motor_temperature	Test_Marker	BD_Target_Speed	BD_Target_Accel	BD_Update_Cmd	Mcl_Quantities.Speed_Rot_Mech	Mcl_Quantities.Torque	Mcl_Quantities.Torque_Ref	Mcl_Quantities.Stator_Flux_Mag	Mcl_Quantities.Flux_Ref	Mcl_Quantities.Id_stator_current	Mcl_Quantities.Iq_stator_current	Mcl_Quantities.Id_rotor_current	Rotor_Curr_Iq	Flux_Controller.Out	Torque_Controller.Out	DC_Bus_RMS	Mcl_Quantities.Electrical_Power	Mcl_Quantities.Stator_Temperature	Mcl_Quantities.Is_Abs	Mcl_Quantities.IsRMS	SR_Overheating_Temp	My_Measured_Temp
0.7454	0.0000	0.0130	0.0106	0.0000	0.0000	-0.0300	230.6420	0.0000	1.2900	36.1391	NOT CONNECTED	NOT CONNECTED	NOT CONNECTED	NOT CONNECTED	NOT CONNECTED	NOT CONNECTED	NOT CONNECTED	NOT CONNECTED	NOT CONNECTED	NOT CONNECTED	NOT CONNECTED	NOT CONNECTED	NOT CONNECTED	NOT CONNECTED	NOT CONNECTED	NOT CONNECTED	NOT CONNECTED	NOT CONNECTED	NOT CONNECTED	NOT CONNECTED	NOT CONNECTED	NOT CONNECTED
1.4867	0.0000	0.0130	0.0106	0.0000	0.0000	-0.0300	230.5970	0.0000	1.2900	36.1157	NOT CONNECTED	NOT CONNECTED	NOT CONNECTED	NOT CONNECTED	NOT CONNECTED	NOT CONNECTED	NOT CONNECTED	NOT CONNECTED	NOT CONNECTED	NOT CONNECTED	NOT CONNECTED	NOT CONNECTED	NOT CONNECTED	NOT CONNECTED	NOT CONNECTED	NOT CONNECTED	NOT CONNECTED	NOT CONNECTED	NOT CONNECTED	NOT CONNECTED	NOT CONNECTED	NOT CONNECTED
1.5057	0.0000	0.0130	0.0106	0.0000	0.0000	-0.0300	230.5970	0.0000	1.2900	36.1157	NOT CONNECTED	500.0000	450.0000	0.0000	0.0000	0.0000	0.0000	0.0931	0.1115	5.9892	5.6696	-7.4265	3.5864	0.0000	0.0000	320.7885	0.0000	24.0890	8.2471	0.0055	47.5843	43.1459
2.1279	0.0000	0.0130	0.0106	0.0000	0.0000	-0.0300	230.5750	0.0000	1.3000	36.0983	NOT CONNECTED	500.0000	450.0000	0.0000	0.0000	0.0000	0.0000	0.0931	0.1115	5.9892	5.6696	-7.4265	3.5864	0.0000	0.0000	320.7790	0.0000	24.0877	8.2471	0.0054	47.5799	43.1459
2.2203	0.0000	0.0130	0.0106	0.0000	0.0000	-0.0300	230.5750	0.0000	1.3000	36.0983	NOT CONNECTED	500.0000	450.0000	0.0000	0.0000	0.0000	0.0000	0.0931	0.1115	5.9892	5.6696	-7.4265	3.5864	0.0000	0.0000	320.7790	0.0000	24.0877	8.2471	0.0054	47.5799	43.1459
2.7494	0.0000	0.0160	0.0106	0.0000	0.0000	-0.0300	230.5410	0.0000	1.3100	36.0757	NOT CONNECTED	500.0000	450.0000	0.0000	0.0000	0.0000	0.0000	0.0931	0.1115	5.9892	5.6696	-7.4265	3.5864	0.0000	0.0000	320.7682	0.0000	24.0864	8.2471	0.0051	47.5799	43.1459
3.2157	0.0000	0.0160	0.0106	0.0000	0.0000	-0.0300	230.5410	0.0000	1.3100	36.0757	NOT CONNECTED	500.0000	450.0000	0.0000	0.0000	0.0000	0.0000	0.0931	0.1115	5.9892	5.6696	-7.4265	3.5864	0.0000	0.0000	320.7493	0.0000	24.0850	8.2471	0.0053	47.5755	43.1459
3.3709	0.0000	0.0160	0.0106	0.0000	0.0000	-0.0300	230.5410	0.0000	1.3100	36.0757	NOT CONNECTED	500.0000	450.0000	0.0000	0.0000	0.0000	0.0000	0.0931	0.1115	5.9892	5.6696	-7.4265	3.5864	0.0000	0.0000	320.7493	0.0000	24.0850	8.2471	0.0053	47.5755	43.1459
3.9468	0.0000	0.0130	0.0106	0.0000	0.0000	-0.0300	230.5170	0.0000	1.3100	36.0640	NOT CONNECTED	500.0000	450.0000	0.0000	0.0000	0.0000	0.0000	0.0931	0.1115	5.9892	5.6696	-7.4265	3.5864	0.0000	0.0000	320.6924	0.0000	24.0836	8.2471	0.0056	47.5755	43.1459
3.9924	0.0000	0.0130	0.0106	0.0000	0.0000	-0.0300	230.5170	0.0000	1.3100	36.0640	NOT CONNECTED	500.0000	450.0000	0.0000	0.0000	0.0000	0.0000	0.0931	0.1115	5.9892	5.6696	-7.4265	3.5864	0.0000	0.0000	320.6924	0.0000	24.0836	8.2471	0.0056	47.5755	43.1459
4.6137	0.0000	0.0130	0.0106	0.0000	0.0000	-0.0300	230.5090	0.0000	1.3100	36.0366	NOT CONNECTED	500.0000	450.0000	0.0000	0.0000	0.0000	0.0000	0.0931	0.1115	5.9892	5.6696	-7.4265	3.5864	0.0000	0.0000	320.6857	0.0000	24.0822	8.2471	0.0054	47.5711	43.1459
4.6772	0.0000	0.0130	0.0106	0.0000	0.0000	-0.0300	230.5090	0.0000	1.3100	36.0366	NOT CONNECTED	500.0000	450.0000	0.0000	0.0000	0.0000	0.0000	0.0931	0.1115	5.9892	5.6696	-7.4265	3.5864	0.0000	0.0000	320.6857	0.0000	24.0822	8.2471	0.0054	47.5711	43.1459
5.2194	0.0000	0.0130	0.0107	0.0000	0.0000	-0.0300	230.5030	0.0000	1.3200	36.0498	NOT CONNECTED	500.0000	450.0000	0.0000	0.0000	0.0000	0.0000	0.0931	0.1115	5.9892	5.6696	-7.4265	3.5864	0.0000	0.0000	320.6640	0.0000	24.0809	8.2471	0.0057	47.5667	43.1459
5.4126	0.0000	0.0130	0.0107	0.0000	0.0000	-0.0300	230.5030	0.0000	1.3200	36.0498	NOT CONNECTED	500.0000	450.0000	0.0000	0.0000	0.0000	0.0000	0.0931	0.1115	5.9892	5.6696	-7.4265	3.5864	0.0000	0.0000	320.6640	0.0000	24.0809	8.2471	0.0057	47.5667	43.1459
5.8406	0.0000	0.0130	0.0107	0.0000	0.0000	-0.0300	230.5020	0.0000	1.3100	35.9993	NOT CONNECTED	500.0000	450.0000	0.0000	0.0000	0.0000	0.0000	0.0931	0.1115	5.9892	5.6696	-7.4265	3.5864	0.0000	0.0000	320.7019	0.0000	24.0796	8.2471	0.0052	47.5667	43.1459
6.1577	0.0000	0.0130	0.0107	0.0000	0.0000	-0.0300	230.5020	0.0000	1.3100	35.9993	NOT CONNECTED	500.0000	450.0000	0.0000	0.0000	0.0000	0.0000	0.0931	0.1115	5.9892	5.6696	-7.4265	3.5864	0.0000	0.0000	320.7249	0.0000	24.0782	8.2471	0.0054	47.5624	43.1459
6.4625	0.0000	0.0130	0.0107	0.0000	0.0000	-0.0300	230.5020	0.0000	1.3100	35.9993	NOT CONNECTED	500.0000	450.0000	0.0000	0.0000	0.0000	0.0000	0.0931	0.1115	5.9892	5.6696	-7.4265	3.5864	0.0000	0.0000	320.7249	0.0000	24.0782	8.2471	0.0054	47.5624	43.1459
6.8921	0.0000	0.0130	0.0106	0.0000	0.0000	-0.0300	230.5110	0.0000	1.3100	35.9725	NOT CONNECTED	1000.0000	450.0000	0.0000	0.0000	0.0000	0.0000	0.0931	0.1115	5.9892	5.6696	-7.4265	3.5864	0.0000	0.0000	320.7263	0.0000	24.0768	8.2471	0.0052	47.5580	43.1459
7.0996	0.0000	0.0130	0.0106	0.0000	0.0000	-0.0300	230.5110	0.0000	1.3100	35.9725	NOT CONNECTED	1000.0000	450.0000	0.0000	0.0000	0.0000	0.0000	0.0931	0.1115	5.9892	5.6696	-7.4265	3.5864	0.0000	0.0000	320.7263	0.0000	24.0768	8.2471	0.0052	47.5580	43.1459
7.6305	0.0000	0.0130	0.0107	0.0000	0.0000	-0.0300	230.5200	0.0000	1.3100	35.9576	NOT CONNECTED	1000.0000	450.0000	0.0000	0.0000	0.0000	0.0000	0.0931	0.1115	5.9892	5.6696	-7.4265	3.5864	0.0000	0.0000	320.7249	0.0000	24.0754	8.2471	0.0055	47.5580	43.1459
7.7212	0.0000	0.0130	0.0107	0.0000	0.0000	-0.0300	230.5200	0.0000	1.3100	35.9576	NOT CONNECTED	1000.0000	450.0000	0.0000	0.0000	0.0000	0.0000	0.0931	0.1115	5.9892	5.6696	-7.4265	3.5864	0.0000	0.0000	320.7249	0.0000	24.0754	8.2471	0.0055	47.5580	43.1459
8.3585	0.0000	0.0130	0.0106	0.0000	0.0000	-0.0300	230.5450	0.0000	1.3200	35.9434	NOT CONNECTED	1000.0000	450.0000	0.0000	0.0000	0.0000	0.0000	0.0931	0.1115	5.9892	5.6696	-7.4265	3.5864	0.0000	0.0000	320.7033	0.0000	24.0740	8.2471	0.0055	47.5536	43.1459
8.3757	0.0000	0.0130	0.0106	0.0000	0.0000	-0.0300	230.5450	0.0000	1.3200	35.9434	NOT CONNECTED	1000.0000	450.0000	0.0000	0.0000	0.0000	0.0000	0.0931	0.1115	5.9892	5.6696	-7.4265	3.5864	0.0000	0.0000	320.7033	0.0000	24.0740	8.2471	0.0055	47.5536	43.1459
8.9807	0.0000	0.0130	0.0106	0.0000	0.0000	-0.0300	230.5600	0.0000	1.3100	35.9322	NOT CONNECTED	1000.0000	450.0000	0.0000	0.0000	0.0000	0.0000	0.0931	0.1115	5.9892	5.6696	-7.4265	3.5864	0.0000	0.0000	320.8210	0.0000	24.0727	8.2471	0.0053	47.5536	43.1459
9.1129	0.0000	0.0130	0.0106	0.0000	0.0000	-0.0300	230.5600	0.0000	1.3100	35.9322	NOT CONNECTED	1000.0000	450.0000	0.0000	0.0000	0.0000	0.0000	0.0931	0.1115	5.9892	5.6696	-7.4265	3.5864	0.0000	0.0000	320.8210	0.0000	24.0727	8.2471	0.0053	47.5536	43.1459
9.6015	0.0000	0.0130	0.0106	0.0000	0.0000	-0.0300	230.5960	0.0000	1.3000	35.9345	NOT CONNECTED	1000.0000	450.0000	0.0000	0.0000	0.0000	0.0000	0.0931	0.1115	5.9892	5.6696	-7.4265	3.5864	0.0000	0.0000	320.8575	0.0000	24.0714	8.2471	0.0056	47.5492	43.1459
9.8692	0.0000	0.0130	0.0106	0.0000	0.0000	-0.0300	230.5960	0.0000	1.3000	35.9345	NOT CONNECTED	1000.0000	450.0000	0.0000	0.0000	0.0000	0.0000	0.0931	0.1115	5.9892	5.6696	-7.4265	3.5864	0.0000	0.0000	320.8575	0.0000	24.0714	8.2471	0.0056	47.5492	43.1459
10.2228	0.0000	0.0130	0.0106	0.0000	0.0000	-0.0300	230.5960	0.0000	1.3000	35.9345	NOT CONNECTED	1000.0000	450.0000	0.0000	0.0000	0.0000	0.0000	0.0931	0.1115	5.9892	5.6696	-7.4265	3.5864	0.0000	0.0000	320.8535	0.0000	24.0699	8.2471	0.0053	47.5448	43.1459
10.6057	0.0000	0.0130	0.0106	0.0000	0.0000	-0.0300	230.6150	0.0000	1.2900	35.9038	NOT CONNECTED	1000.0000	450.0000	0.0000	0.0000	0.0000	0.0000	0.0931	0.1115	5.9892	5.6696	-7.4265	3.5864	0.0000	0.0000	320.9319	0.0000	24.0686	8.2471	0.0053	47.5448	43.1459
10.8444	0.0000	0.0130	0.0106	0.0000	0.0000	-0.0300	230.6150	0.0000	1.2900	35.9038	NOT CONNECTED	1000.0000	450.0000	0.0000	0.0000	0.0000	0.0000	0.0931	0.1115	5.9892	5.6696	-7.4265	3.5864	0.0000	0.0000	320.9319	0.0000	24.0686	8.2471	0.0053	47.5448	43.1459
11.3637	0.0000	0.0130	0.0106	0.0000	0.0000	-0.0300	230.6520	0.0000	1.2800	35.8670	NOT CONNECTED	1000.0000	450.0000	0.0000	0.0000	0.0000	0.0000	0.0931	0.1115	5.9892	5.6696	-7.4265	0.0000	0.8750	0.0000	316.1151	0.0000	24.0671	8.2471	0.0055	47.5405	43.1459
11.4826	0.0000	0.0130	0.0106	0.0000	0.0000	-0.0300	230.6520	0.0000	1.2800	35.8670	NOT CONNECTED	1000.0000	450.0000	0.0000	0.0000	0.0000	0.0000	0.0931	0.1115	5.9892	5.6696	-7.4265	0.0000	0.8750	0.0000	316.1151	0.0000	24.0671	8.2471	0.0055	47.5405	43.1459
12.1035	23.0000	0.5270	0.0106	0.0000	0.0000	-0.0300	230.6710	0.0000	1.2800	35.8574	NOT CONNECTED	1000.0000	450.0000	0.0000	-8.0523	-0.0270	0.0000	0.2100	0.1115	2.2758	-0.0223	2.2436	0.1073	15.1550	0.0000	304.7358	51.6777	24.0995	2.2760	1.0004	47.5361	43.1459
12.7249	18.0000	0.2860	1.5213	0.0000	13.9030	48.1600	230.6750	0.4468	65.0300	35.8118	NOT CONNECTED	1000.0000	450.0000	0.0000	0.0825	-0.0295	0.0000	0.2408	0.1115	3.0423	-0.0179	3.0583	-0.0461	19.7399	0.0000	298.2921	90.1285	24.3853	3.0424	2.0671	47.5361	43.1459
12.8701	18.0000	0.2860	1.5213	0.0000	13.9030	48.1600	230.6750	0.4468	65.0300	35.8118	NOT CONNECTED	1000.0000	450.0000	0.0000	0.0825	-0.0295	0.0000	0.2408	0.1115	3.0423	-0.0179	3.0583	-0.0461	19.7399	0.0000	298.2921	90.1285	24.3853	3.0424	2.0671	47.5361	43.1459
13.3553	0.0000	0.2930	2.0211	0.0000	18.4850	84.8400	230.6730	0.7136	110.2900	35.8239	NOT CONNECTED	1000.0000	450.0000	0.0000	0.1475	-0.0293	0.0000	0.2306	0.1115	2.2195	-0.0228	2.6769	-0.0298	11.7749	0.0000	300.6621	55.5744	24.9271	2.6731	2.1519	47.5889	43.1459
13.6121	0.0000	0.2930	2.0211	0.0000	18.4850	84.8400	230.6730	0.7136	110.2900	35.8239	NOT CONNECTED	1000.0000	450.0000	0.0000	0.1475	-0.0293	0.0000	0.2306	0.1115	2.2195	-0.0228	2.6769	-0.0298	11.7749	0.0000	300.6621	55.5744	24.9271	2.6731	2.1519	47.5889	43.1459
13.9772	0.0000	0.2930	2.0211	0.0000	18.4850	84.8400	230.6730	0.7136	110.2900	35.8239	NOT CONNECTED	1000.0000	450.0000	0.0000	4.5287	0.0089	0.0205	0.1115	0.1117	1.0286	0.0121	1.0095	0.1640	7.7111	1.1583	314.9838	12.3119	33.0933	1.0223	0.6717	47.5889	43.1459
14.3632	0.0000	0.0490	0.5975	0.0000	6.0670	7.6000	230.7680	0.1265	15.2200	35.8081	NOT CONNECTED	1000.0000	450.0000	0.0000	46.7386	1.0992	1.0808	0.1118	0.1117	1.0825	1.6329	0.0363	1.1947	5.2368	15.0566	311.0617	38.7320	33.0475	1.9061	0.8390	47.8285	43.1459
14.5827	0.0000	0.0490	0.5975	0.0000	6.0670	7.6000	230.7680	0.1265	15.2200	35.8081	NOT CONNECTED	1000.0000	450.0000	0.0000	46.7386	1.0992	1.0808	0.1118	0.1117	1.0825	1.6329	0.0363	1.1947	5.2368	15.0566	311.0617	38.7320	33.0475	1.9061	0.8390	47.8285	43.1459
15.1019	329.0000	-0.1670	0.8101	0.0000	8.8540	12.0200	230.7650	0.1618	20.4300	35.8331	NOT CONNECTED	1000.0000	450.0000	0.0000	459.3772	0.1491	0.1274	0.0933	0.0936	0.2127	0.2672	0.1958	0.2411	1.1604	20.2144	316.4436	7.4226	33.0391	0.3030	0.2979	47.8948	43.1459
15.1879	329.0000	-0.1670	0.8101	0.0000	8.8540	12.0200	230.7650	0.1618	20.4300	35.8331	NOT CONNECTED	1000.0000	450.0000	0.0000	459.3772	0.1491	0.1274	0.0933	0.0936	0.2127	0.2672	0.1958	0.2411	1.1604	20.2144	316.4436	7.4226	33.0391	0.3030	0.2979	47.8948	43.1459
15.8096	620.0000	-0.1110	0.2204	0.0000	26.8150	7.8300	230.8020	0.1132	13.5300	35.8489	NOT CONNECTED	1000.0000	450.0000	0.0000	709.9941	0.1547	0.1893	0.0937	0.0936	0.1926	0.2736	0.1821	0.2455	1.0731	30.8122	314.8998	11.4649	32.9421	0.3583	0.2288	47.8948	43.1459
15.8704	620.0000	-0.1110	0.2204	0.0000	26.8150	7.8300	230.8020	0.1132	13.5300	35.8489	NOT CONNECTED	1000.0000	450.0000	0.0000	709.9941	0.1547	0.1893	0.0937	0.0936	0.1926	0.2736	0.1821	0.2455	1.0731	30.8122	314.8998	11.4649	32.9421	0.3583	0.2288	47.8948	43.1459
16.4315	960.0000	-0.1120	0.2331	0.0000	37.1720	11.6300	230.8100	0.1435	17.7500	35.8553	NOT CONNECTED	1000.0000	450.0000	0.0000	998.4816	0.1415	0.1450	0.0936	0.0934	0.2020	0.2583	0.1379	0.0989	1.2404	40.3906	313.6158	13.8407	32.8530	0.2945	0.2383	47.9218	43.1459
16.6130	960.0000	-0.1120	0.2331	0.0000	37.1720	11.6300	230.8100	0.1435	17.7500	35.8553	NOT CONNECTED	1000.0000	450.0000	0.0000	998.4816	0.1415	0.1450	0.0936	0.0934	0.2020	0.2583	0.1379	0.0989	1.2404	40.3906	313.6158	13.8407	32.8530	0.2945	0.2383	47.9218	43.1459
17.0527	1005.0000	-0.0540	0.1829	0.0000	48.8280	6.6500	230.8380	0.1108	13.1700	35.8406	NOT CONNECTED	1000.0000	450.0000	0.0000	1009.5615	0.0938	0.0296	0.0930	0.0932	0.2340	0.1636	0.1958	0.0843	1.1321	39.8014	316.1432	6.8372	32.7730	0.1935	0.1830	47.9201	43.1459
17.3650	1005.0000	-0.0540	0.1829	0.0000	48.8280	6.6500	230.8380	0.1108	13.1700	35.8406	NOT CONNECTED	1000.0000	450.0000	0.0000	1001.9621	0.0410	0.0546	0.0929	0.0929	0.2540	0.0669	0.3212	0.1580	1.0895	39.6342	316.0431	7.4934	32.7008	0.3294	0.1838	47.9201	43.1459
17.6741	1005.0000	-0.0540	0.1829	0.0000	48.8280	6.6500	230.8380	0.1108	13.1700	35.8406	NOT CONNECTED	1000.0000	450.0000	0.0000	1001.9621	0.0410	0.0546	0.0929	0.0929	0.2540	0.0669	0.3212	0.1580	1.0895	39.6342	316.0431	7.4934	32.7008	0.3294	0.1838	47.9201	43.1459
18.1079	1002.0000	-0.0540	0.1844	0.0000	48.6230	6.9600	230.8470	0.1132	13.5100	35.8262	NOT CONNECTED	1000.0000	450.0000	0.0000	1004.9606	0.0485	0.0345	0.0930	0.0929	0.1887	0.0788	0.1794	0.0639	0.9351	39.5976	316.0228	6.4645	32.6370	0.2504	0.1849	47.9175	43.1459
18.2958	1002.0000	-0.0540	0.1844	0.0000	48.6230	6.9600	230.8470	0.1132	13.5100	35.8262	NOT CONNECTED	1000.0000	450.0000	0.0000	1004.9606	0.0485	0.0345	0.0930	0.0929	0.1887	0.0788	0.1794	0.0639	0.9351	39.5976	316.0228	6.4645	32.6370	0.2504	0.1849	47.9175	43.1459
18.8711	1000.0000	-0.0550	0.1857	0.0000	48.5860	7.0400	230.8660	0.1143	13.6200	35.7997	NOT CONNECTED	1000.0000	450.0000	0.0000	991.4888	0.0784	0.1026	0.0931	0.0932	0.2759	0.1397	0.2654	0.0862	1.1796	39.6420	316.0296	7.3209	32.5807	0.3126	0.1835	47.9175	43.1459
18.9168	1000.0000	-0.0550	0.1857	0.0000	48.5860	7.0400	230.8660	0.1143	13.6200	35.7997	NOT CONNECTED	1000.0000	450.0000	0.0000	991.4888	0.0784	0.1026	0.0931	0.0932	0.2759	0.1397	0.2654	0.0862	1.1796	39.6420	316.0296	7.3209	32.5807	0.3126	0.1835	47.9175	43.1459
19.5384	1001.0000	-0.0540	0.1854	0.0000	48.5870	7.0500	230.8760	0.1141	13.5800	35.8047	NOT CONNECTED	1000.0000	450.0000	0.0000	1001.7363	0.0429	0.0540	0.0930	0.0929	0.2147	0.0774	0.2176	0.1032	0.9536	39.5783	316.1094	6.8771	32.5308	0.2289	0.1856	47.9146	43.1459
19.6134	1001.0000	-0.0540	0.1854	0.0000	48.5870	7.0500	230.8760	0.1141	13.5800	35.8047	NOT CONNECTED	1000.0000	450.0000	0.0000	1001.7363	0.0429	0.0540	0.0930	0.0929	0.2147	0.0774	0.2176	0.1032	0.9536	39.5783	316.1094	6.8771	32.5308	0.2289	0.1856	47.9146	43.1459
20.1599	1001.0000	-0.0550	0.1852	0.0000	48.5890	7.0300	230.8940	0.1134	13.5400	35.8004	NOT CONNECTED	1000.0000	450.0000	0.0000	992.5296	0.0891	0.0971	0.0932	0.0932	0.2560	0.1618	0.1797	0.0888	1.2682	39.7203	316.0945	7.3453	32.4868	0.2350	0.1852	47.9118	43.1459
20.3637	1001.0000	-0.0550	0.1852	0.0000	48.5890	7.0300	230.8940	0.1134	13.5400	35.8004	NOT CONNECTED	1000.0000	450.0000	0.0000	992.5296	0.0891	0.0971	0.0932	0.0932	0.2560	0.1618	0.1797	0.0888	1.2682	39.7203	316.0945	7.3453	32.4868	0.2350	0.1852	47.9118	43.1459
20.7809	997.0000	-0.0540	0.1851	0.0000	48.5820	7.0200	230.9020	0.1137	13.5700	35.7754	NOT CONNECTED	1000.0000	450.0000	0.0000	1004.7191	0.0516	0.0400	0.0930	0.0930	0.2134	0.0948	0.2080	0.1760	1.0245	39.6463	316.1040	6.8609	32.4480	0.2352	0.1844	47.9118	43.1459
21.0951	997.0000	-0.0540	0.1851	0.0000	48.5820	7.0200	230.9020	0.1137	13.5700	35.7754	NOT CONNECTED	1000.0000	450.0000	0.0000	1002.0658	0.0777	0.0527	0.0929	0.0931	0.2001	0.1359	0.2620	0.1096	1.0571	39.6525	316.0986	6.6847	32.4149	0.2328	0.1852	47.9090	43.1459
21.4019	997.0000	-0.0540	0.1851	0.0000	48.5820	7.0200	230.9020	0.1137	13.5700	35.7754	NOT CONNECTED	1000.0000	450.0000	0.0000	1002.0658	0.0777	0.0527	0.0929	0.0931	0.2001	0.1359	0.2620	0.1096	1.0571	39.6525	316.0986	6.6847	32.4149	0.2328	0.1852	47.9090	43.1459
21.9353	996.0000	-0.0540	0.1861	0.0000	48.5970	7.0300	230.9150	0.1133	13.5600	35.7944	NOT CONNECTED	1000.0000	450.0000	0.0000	993.0317	0.0815	0.1113	0.0932	0.0932	0.2916	0.1314	0.2267	0.1853	1.0612	40.0311	315.1461	11.9025	32.3844	0.3095	0.1930	47.9061	43.1459
22.0240	996.0000	-0.0540	0.1861	0.0000	48.5970	7.0300	230.9150	0.1133	13.5600	35.7944	NOT CONNECTED	1000.0000	450.0000	0.0000	993.0317	0.0815	0.1113	0.0932	0.0932	0.2916	0.1314	0.2267	0.1853	1.0612	40.0311	315.1461	11.9025	32.3844	0.3095	0.1930	47.9061	43.1459
22.6458	990.0000	-0.1450	0.1977	0.0000	48.7160	9.2900	230.9170	0.1286	15.6500	35.7901	NOT CONNECTED	1000.0000	450.0000	0.0000	987.6607	0.2300	0.2184	0.0939	0.0940	0.2072	0.4059	0.0902	0.4716	0.8828	41.3244	311.6907	26.2886	32.3592	0.4045	0.2442	47.9061	43.1459
22.6821	990.0000	-0.1450	0.1977	0.0000	48.7160	9.2900	230.9170	0.1286	15.6500	35.7901	NOT CONNECTED	1000.0000	450.0000	0.0000	987.6607	0.2300	0.2184	0.0939	0.0940	0.2072	0.4059	0.0902	0.4716	0.8828	41.3244	311.6907	26.2886	32.3592	0.4045	0.2442	47.9061	43.1459
23.2667	981.0000	-0.3270	0.3813	0.0000	49.7820	31.3000	230.9110	0.2843	38.7600	35.8022	NOT CONNECTED	1000.0000	450.0000	0.0000	988.8769	0.4111	0.3617	0.0947	0.0949	0.1012	0.7294	-0.0101	0.7684	0.9458	43.1790	307.7018	44.9544	32.3461	0.6904	0.4476	47.9035	43.1459
23.4132	981.0000	-0.3270	0.3813	0.0000	49.7820	31.3000	230.9110	0.2843	38.7600	35.8022	NOT CONNECTED	1000.0000	450.0000	0.0000	988.8769	0.4111	0.3617	0.0947	0.0949	0.1012	0.7294	-0.0101	0.7684	0.9458	43.1790	307.7018	44.9544	32.3461	0.6904	0.4476	47.9035	43.1459
23.8879	989.0000	-0.4420	0.5220	0.0000	51.0370	45.0400	230.9070	0.3824	54.2800	35.8084	NOT CONNECTED	1000.0000	450.0000	0.0000	994.5949	0.5028	0.4582	0.0956	0.0958	0.1542	0.8740	-0.0734	0.8779	1.2025	44.4866	305.6112	55.9591	32.3539	0.8346	0.5691	47.9035	43.1459
24.1449	989.0000	-0.4420	0.5220	0.0000	51.0370	45.0400	230.9070	0.3824	54.2800	35.8084	NOT CONNECTED	1000.0000	450.0000	0.0000	994.5949	0.5028	0.4582	0.0956	0.0958	0.1542	0.8740	-0.0734	0.8779	1.2025	44.4866	305.6112	55.9591	32.3539	0.8346	0.5691	47.9035	43.1459
24.5101	989.0000	-0.4420	0.5220	0.0000	51.0370	45.0400	230.9070	0.3824	54.2800	35.8084	NOT CONNECTED	1000.0000	450.0000	0.0000	989.6178	0.5505	0.5465	0.0964	0.0964	0.1934	0.9459	-0.0161	0.9468	1.4954	45.3990	304.8796	60.9865	32.3770	0.9777	0.6518	47.9062	43.1459
24.8841	997.0000	-0.4840	0.6482	0.0000	53.2410	58.1000	230.8990	0.4746	69.2900	35.7559	NOT CONNECTED	1000.0000	450.0000	0.0000	1000.7232	0.4919	0.5149	0.0962	0.0960	0.2366	0.8621	-0.1475	0.9483	1.4342	45.4653	304.8243	62.2799	32.4040	0.9089	0.6630	47.9219	43.1459
25.1154	997.0000	-0.4840	0.6482	0.0000	53.2410	58.1000	230.8990	0.4746	69.2900	35.7559	NOT CONNECTED	1000.0000	450.0000	0.0000	1000.7232	0.4919	0.5149	0.0962	0.0960	0.2366	0.8621	-0.1475	0.9483	1.4342	45.4653	304.8243	62.2799	32.4040	0.9089	0.6630	47.9219	43.1459
25.6290	996.0000	-0.4940	0.6594	0.0000	53.5700	59.4300	230.8970	0.4841	70.7800	35.7585	NOT CONNECTED	1000.0000	450.0000	0.0000	1006.3022	0.5135	0.4960	0.0961	0.0961	0.2152	0.8957	-0.0653	0.9225	1.1910	45.3819	304.8812	62.6024	32.4313	0.9025	0.6711	47.9219	43.1459
25.7371	996.0000	-0.4940	0.6594	0.0000	53.5700	59.4300	230.8970	0.4841	70.7800	35.7585	NOT CONNECTED	1000.0000	450.0000	0.0000	1006.3022	0.5135	0.4960	0.0961	0.0961	0.2152	0.8957	-0.0653	0.9225	1.1910	45.3819	304.8812	62.6024	32.4313	0.9025	0.6711	47.9219	43.1459
26.3588	1000.0000	-0.4960	0.6679	0.0000	53.7720	60.4000	230.8840	0.4908	71.8300	35.7962	NOT CONNECTED	0.0000	450.0000	0.0000	999.8640	0.5511	0.5307	0.0964	0.0966	0.2668	0.9465	-0.1075	0.8901	1.3742	45.8651	304.8340	63.8667	32.4572	0.9613	0.6746	47.9431	43.1459
26.3666	1000.0000	-0.4960	0.6679	0.0000	53.7720	60.4000	230.8840	0.4908	71.8300	35.7962	NOT CONNECTED	0.0000	450.0000	0.0000	999.8640	0.5511	0.5307	0.0964	0.0966	0.2668	0.9465	-0.1075	0.8901	1.3742	45.8651	304.8340	63.8667	32.4572	0.9613	0.6746	47.9431	43.1459
26.9805	1073.0000	-0.0550	0.5707	0.0000	53.4610	48.2300	230.8720	0.4480	63.3300	35.7591	NOT CONNECTED	0.0000	450.0000	0.0000	1073.9942	0.0494	0.0805	0.0931	0.0929	0.2954	0.0795	0.2382	0.0934	1.0646	41.9283	312.5007	4.7249	32.4816	0.2597	0.6789	47.9431	43.1459
27.3567	1073.0000	-0.0550	0.5707	0.0000	53.4610	48.2300	230.8720	0.4480	63.3300	35.7591	NOT CONNECTED	0.0000	450.0000	0.0000	1001.6246	0.0467	0.0800	0.0931	0.0930	0.2867	0.0881	0.2122	0.0522	1.1060	39.6726	317.2365	4.7930	32.4614	0.2573	0.1665	47.9651	43.1459
27.6177	1073.0000	-0.0550	0.5707	0.0000	53.4610	48.2300	230.8720	0.4480	63.3300	35.7591	NOT CONNECTED	0.0000	450.0000	0.0000	1001.6246	0.0467	0.0800	0.0931	0.0930	0.2867	0.0881	0.2122	0.0522	1.1060	39.6726	317.2365	4.7930	32.4614	0.2573	0.1665	47.9651	43.1459
28.1021	1008.0000	-0.0310	0.1675	0.0000	49.3020	3.4200	230.8910	0.0860	9.7000	35.7234	NOT CONNECTED	0.0000	450.0000	0.0000	993.2884	0.0289	0.0799	0.0931	0.0928	0.1763	0.0594	0.1925	0.0453	0.8863	39.3619	316.9104	4.3885	32.4285	0.1967	0.1734	47.9791	43.1459
28.2391	1008.0000	-0.0310	0.1675	0.0000	49.3020	3.4200	230.8910	0.0860	9.7000	35.7234	NOT CONNECTED	0.0000	450.0000	0.0000	993.2884	0.0289	0.0799	0.0931	0.0928	0.1763	0.0594	0.1925	0.0453	0.8863	39.3619	316.9104	4.3885	32.4285	0.1967	0.1734	47.9791	43.1459
28.8454	995.0000	-0.0350	0.1758	0.0000	48.3420	4.9900	230.8550	0.0989	11.5200	35.7275	NOT CONNECTED	0.0000	450.0000	0.0000	1003.8544	0.0634	0.0259	0.0928	0.0930	0.2792	0.1014	0.2495	0.0416	1.1518	39.4851	316.8374	5.6983	32.4007	0.2653	0.1750	47.9791	43.1459
28.8655	995.0000	-0.0350	0.1758	0.0000	48.3420	4.9900	230.8550	0.0989	11.5200	35.7275	NOT CONNECTED	0.0000	450.0000	0.0000	1003.8544	0.0634	0.0259	0.0928	0.0930	0.2792	0.1014	0.2495	0.0416	1.1518	39.4851	316.8374	5.6983	32.4007	0.2653	0.1750	47.9791	43.1459
29.4663	1002.0000	-0.0380	0.1753	0.0000	48.3110	5.0300	230.8420	0.0989	11.5000	35.7445	NOT CONNECTED	0.0000	450.0000	0.0000	990.5022	0.0389	0.0879	0.0932	0.0929	0.2430	0.0731	0.1977	0.1499	0.8606	39.3343	316.7562	4.9119	32.3750	0.2160	0.1737	47.9759	43.1459
29.6041	1002.0000	-0.0380	0.1753	0.0000	48.3110	5.0300	230.8420	0.0989	11.5000	35.7445	NOT CONNECTED	0.0000	450.0000	0.0000	990.5022	0.0389	0.0879	0.0932	0.0929	0.2430	0.0731	0.1977	0.1499	0.8606	39.3343	316.7562	4.9119	32.3750	0.2160	0.1737	47.9759	43.1459
30.0881	1003.0000	-0.0350	0.1757	0.0000	48.3050	5.0400	230.8130	0.0986	11.4800	35.7749	NOT CONNECTED	0.0000	450.0000	0.0000	1002.0062	0.0705	0.0341	0.0929	0.0931	0.1669	0.1363	0.2181	0.0807	1.1930	39.4614	316.7494	4.6207	32.3523	0.2560	0.1743	47.9728	43.1459
30.3601	1003.0000	-0.0350	0.1757	0.0000	48.3050	5.0400	230.8130	0.0986	11.4800	35.7749	NOT CONNECTED	0.0000	450.0000	0.0000	1002.0062	0.0705	0.0341	0.0929	0.0931	0.1669	0.1363	0.2181	0.0807	1.1930	39.4614	316.7494	4.6207	32.3523	0.2560	0.1743	47.9728	43.1459
30.7091	1003.0000	-0.0350	0.1757	0.0000	48.3050	5.0400	230.8130	0.0986	11.4800	35.7749	NOT CONNECTED	0.0000	450.0000	0.0000	1001.2110	0.0960	0.0301	0.0928	0.0753	-0.4863	0.2081	0.2364	-0.0544	-6.4239	28.5159	316.5845	10.8161	32.3322	0.2308	0.1727	47.9728	43.1459
31.1041	979.0000	-0.0210	0.1755	0.0000	48.3080	5.0300	230.7960	0.0987	11.5100	35.7566	NOT CONNECTED	0.0000	450.0000	0.0000	720.0095	-0.0256	0.0011	0.0529	0.0531	-1.4032	-0.0841	-1.4814	-0.0279	-9.8074	15.3899	312.5038	19.9448	32.3734	1.4672	1.0555	47.9697	43.1459
31.3145	979.0000	-0.0210	0.1755	0.0000	48.3080	5.0300	230.7960	0.0987	11.5100	35.7566	NOT CONNECTED	0.0000	450.0000	0.0000	720.0095	-0.0256	0.0011	0.0529	0.0531	-1.4032	-0.0841	-1.4814	-0.0279	-9.8074	15.3899	312.5038	19.9448	32.3734	1.4672	1.0555	47.9697	43.1459
31.8637	607.0000	0.0350	1.0539	0.0000	21.5790	16.1900	230.7520	0.2115	27.7600	35.7701	NOT CONNECTED	0.0000	450.0000	0.0000	437.1653	0.0387	0.0460	0.0531	0.0531	-1.5638	0.1278	-1.4891	-0.0231	-9.6332	9.5930	312.2697	21.9679	32.4994	1.5200	1.0612	47.9697	43.1459
31.9359	607.0000	0.0350	1.0539	0.0000	21.5790	16.1900	230.7520	0.2115	27.7600	35.7701	NOT CONNECTED	0.0000	450.0000	0.0000	437.1653	0.0387	0.0460	0.0531	0.0531	-1.5638	0.1278	-1.4891	-0.0231	-9.6332	9.5930	312.2697	21.9679	32.4994	1.5200	1.0612	47.9697	43.1459
32.6024	262.0000	0.0400	1.0442	0.0000	16.4360	17.0000	230.7350	0.2157	28.3900	35.7262	NOT CONNECTED	0.0000	450.0000	0.0000	0.0000	0.0000	0.0000	0.0931	0.0532	-1.5129	0.2748	-1.5310	0.1433	-9.3683	6.2786	320.9062	0.0000	32.6107	1.5377	0.0076	48.0572	43.1459
33.0672	8.0000	-0.0440	0.0108	0.0000	0.7430	-0.0400	230.7140	0.0000	1.4800	35.7285	NOT CONNECTED	0.0000	450.0000	0.0000	0.0000	0.0000	0.0000	0.0931	0.0532	-1.5129	0.2748	-1.5310	0.1433	-9.3683	6.2786	320.9062	0.0000	32.6107	1.5377	0.0076	48.0572	43.1459
33.3564	8.0000	-0.0440	0.0108	0.0000	0.7430	-0.0400	230.7140	0.0000	1.4800	35.7285	NOT CONNECTED	0.0000	450.0000	0.0000	0.0000	0.0000	0.0000	0.0931	0.0532	-1.5129	0.2748	-1.5310	0.1433	-9.3683	6.2786	320.9062	0.0000	32.6107	1.5377	0.0076	48.0572	43.1459
33.6892	8.0000	-0.0440	0.0108	0.0000	0.7430	-0.0400	230.7140	0.0000	1.4800	35.7285	NOT CONNECTED	0.0000	450.0000	0.0000	0.0000	0.0000	0.0000	0.0931	0.0532	-1.5129	0.2748	-1.5310	0.1433	-9.3683	6.2786	320.8941	0.0000	32.5607	1.5377	0.0062	48.0572	43.1459
34.0928	0.0000	-0.0550	0.0106	0.0000	0.3040	-0.0300	230.6920	0.0000	1.4300	35.7534	NOT CONNECTED	0.0000	450.0000	0.0000	0.0000	0.0000	0.0000	0.0931	0.0532	-1.5129	0.2748	-1.5310	0.1433	0.0000	0.0000	320.9117	0.0000	32.5164	1.5377	0.0057	48.0683	43.1459
34.3104	0.0000	-0.0550	0.0106	0.0000	0.3040	-0.0300	230.6920	0.0000	1.4300	35.7534	NOT CONNECTED	0.0000	450.0000	0.0000	0.0000	0.0000	0.0000	0.0931	0.0532	-1.5129	0.2748	-1.5310	0.1433	0.0000	0.0000	320.9117	0.0000	32.5164	1.5377	0.0057	48.0683	43.1459
34.8641	0.0000	-0.0550	0.0106	0.0000	0.0000	-0.0300	230.6540	0.0000	1.3100	35.7388	NOT CONNECTED	0.0000	450.0000	0.0000	0.0000	0.0000	0.0000	0.0931	0.0532	-1.5129	0.2748	-1.5310	0.1433	0.0000	0.0000	320.9306	0.0000	32.4785	1.5377	0.0055	48.0683	43.1459
34.9320	0.0000	-0.0550	0.0106	0.0000	0.0000	-0.0300	230.6540	0.0000	1.3100	35.7388	NOT CONNECTED	0.0000	450.0000	0.0000	0.0000	0.0000	0.0000	0.0931	0.0532	-1.5129	0.2748	-1.5310	0.1433	0.0000	0.0000	320.9306	0.0000	32.4785	1.5377	0.0055	48.0683	43.1459
35.5534	0.0000	-0.0550	0.0106	0.0000	0.0000	-0.0300	230.6330	0.0000	1.3000	35.7230	NOT CONNECTED	0.0000	450.0000	0.0000	0.0000	0.0000	0.0000	0.0931	0.0532	-1.5129	0.2748	-1.5310	0.1433	0.0000	0.0000	320.8575	0.0000	32.4433	1.5377	0.0053	48.0635	43.1459
35.5987	0.0000	-0.0550	0.0106	0.0000	0.0000	-0.0300	230.6330	0.0000	1.3000	35.7230	NOT CONNECTED	0.0000	450.0000	0.0000	0.0000	0.0000	0.0000	0.0931	0.0532	-1.5129	0.2748	-1.5310	0.1433	0.0000	0.0000	320.8575	0.0000	32.4433	1.5377	0.0053	48.0635	43.1459
36.1750	0.0000	-0.0550	0.0106	0.0000	0.0000	-0.0300	230.6330	0.0000	1.3000	35.7230	NOT CONNECTED	0.0000	450.0000	0.0000	0.0000	0.0000	0.0000	0.0931	0.0532	-1.5129	0.2748	-1.5310	0.1433	0.0000	0.0000	320.8454	0.0000	32.4120	1.5377	0.0054	48.0588	43.1459
36.7811	0.0000	-0.0550	0.0107	0.0000	0.0000	-0.0300	230.5360	0.0000	1.3100	35.7085	NOT CONNECTED	0.0000	450.0000	0.0000	0.0000	0.0000	0.0000	0.0931	0.0532	-1.5129	0.2748	-1.5310	0.1433	0.0000	0.0000	320.7993	0.0000	32.3842	1.5377	0.0054	48.0588	43.1459
37.4025	0.0000	-0.0550	0.0107	0.0000	0.0000	-0.0300	230.5360	0.0000	1.3100	35.7085	NOT CONNECTED	0.0000	450.0000	0.0000	0.0000	0.0000	0.0000	0.0931	0.0532	-1.5129	0.2748	-1.5310	0.1433	0.0000	0.0000	320.7466	0.0000	32.3603	1.5377	0.0056	48.0540	43.1459
37.8638	0.0000	-0.0550	0.0107	0.0000	0.0000	-0.0300	230.5360	0.0000	1.3100	35.7085	NOT CONNECTED	0.0000	450.0000	0.0000	0.0000	0.0000	0.0000	0.0931	0.0532	-1.5129	0.2748	-1.5310	0.1433	0.0000	0.0000	320.7533	0.0000	32.3380	1.5377	0.0054	48.0492	43.1459
38.0245	0.0000	-0.0550	0.0107	0.0000	0.0000	-0.0300	230.5360	0.0000	1.3100	35.7085	NOT CONNECTED	0.0000	450.0000	0.0000	0.0000	0.0000	0.0000	0.0931	0.0532	-1.5129	0.2748	-1.5310	0.1433	0.0000	0.0000	320.7533	0.0000	32.3380	1.5377	0.0054	48.0492	43.1459
38.5991	0.0000	-0.0550	0.0107	0.0000	0.0000	-0.0300	230.5240	0.0000	1.3200	35.6877	NOT CONNECTED	0.0000	500.0000	0.0000	0.0000	0.0000	0.0000	0.0931	0.0532	-1.5129	0.2748	-1.5310	0.1433	0.0000	0.0000	320.7506	0.0000	32.3174	1.5377	0.0054	48.0492	43.1459
38.6611	0.0000	-0.0550	0.0107	0.0000	0.0000	-0.0300	230.5240	0.0000	1.3200	35.6877	NOT CONNECTED	0.0000	500.0000	0.0000	0.0000	0.0000	0.0000	0.0931	0.0532	-1.5129	0.2748	-1.5310	0.1433	0.0000	0.0000	320.7506	0.0000	32.3174	1.5377	0.0054	48.0492	43.1459
39.2826	0.0000	-0.0550	0.0107	0.0000	0.0000	-0.0300	230.5080	0.0000	1.3100	35.6598	NOT CONNECTED	0.0000	500.0000	0.0000	0.0000	0.0000	0.0000	0.0931	0.0532	-1.5129	0.2748	-1.5310	0.1433	0.0000	0.0000	320.6003	0.0000	32.2998	1.5377	0.0053	48.0444	43.1459
39.3388	0.0000	-0.0550	0.0107	0.0000	0.0000	-0.0300	230.5080	0.0000	1.3100	35.6598	NOT CONNECTED	0.0000	500.0000	0.0000	0.0000	0.0000	0.0000	0.0931	0.0532	-1.5129	0.2748	-1.5310	0.1433	0.0000	0.0000	320.6003	0.0000	32.2998	1.5377	0.0053	48.0444	43.1459
39.9039	0.0000	-0.0550	0.0107	0.0000	0.0000	-0.0300	230.5080	0.0000	1.3100	35.6598	NOT CONNECTED	0.0000	500.0000	0.0000	0.0000	0.0000	0.0000	0.0931	0.0532	-1.5129	0.2748	-1.5310	0.1433	0.0000	0.0000	320.6653	0.0000	32.2840	1.5377	0.0054	48.0444	43.1459
40.5258	0.0000	-0.0540	0.0107	0.0000	0.0000	-0.0300	230.5020	0.0000	1.3200	35.6788	NOT CONNECTED	0.0000	500.0000	0.0000	0.0000	0.0000	0.0000	0.0931	0.0532	-1.5129	0.2748	-1.5310	0.1433	0.0000	0.0000	320.6884	0.0000	32.2704	1.5377	0.0056	48.0397	43.1459
40.5894	0.0000	-0.0540	0.0107	0.0000	0.0000	-0.0300	230.5020	0.0000	1.3200	35.6788	NOT CONNECTED	0.0000	500.0000	0.0000	0.0000	0.0000	0.0000	0.0931	0.0532	-1.5129	0.2748	-1.5310	0.1433	0.0000	0.0000	320.6884	0.0000	32.2704	1.5377	0.0056	48.0397	43.1459
41.1470	0.0000	-0.0540	0.0107	0.0000	0.0000	-0.0300	230.5090	0.0000	1.3100	35.6598	NOT CONNECTED	0.0000	500.0000	0.0000	0.0000	0.0000	0.0000	0.0931	0.0532	-1.5129	0.2748	-1.5310	0.1433	0.0000	0.0000	320.7209	0.0000	32.2576	1.5377	0.0052	48.0349	43.1459
41.3621	0.0000	-0.0540	0.0107	0.0000	0.0000	-0.0300	230.5090	0.0000	1.3100	35.6598	NOT CONNECTED	0.0000	500.0000	0.0000	0.0000	0.0000	0.0000	0.0931	0.0532	-1.5129	0.2748	-1.5310	0.1433	0.0000	0.0000	320.7209	0.0000	32.2576	1.5377	0.0052	48.0349	43.1459
41.7846	0.0000	-0.0540	0.0107	0.0000	0.0000	-0.0300	230.5170	0.0000	1.3100	35.6126	NOT CONNECTED	0.0000	500.0000	0.0000	0.0000	0.0000	0.0000	0.0931	0.0532	-1.5129	0.2748	-1.5310	0.1433	0.0000	0.0000	320.7411	0.0000	32.2457	1.5377	0.0054	48.0349	43.1459
42.0960	0.0000	-0.0540	0.0107	0.0000	0.0000	-0.0300	230.5170	0.0000	1.3100	35.6126	NOT CONNECTED	0.0000	500.0000	0.0000	0.0000	0.0000	0.0000	0.0931	0.0532	-1.5129	0.2748	-1.5310	0.1433	0.0000	0.0000	320.7587	0.0000	32.2354	1.5377	0.0054	48.0301	43.1459
42.4060	0.0000	-0.0540	0.0107	0.0000	0.0000	-0.0300	230.5170	0.0000	1.3100	35.6126	NOT CONNECTED	0.0000	500.0000	0.0000	0.0000	0.0000	0.0000	0.0931	0.0532	-1.5129	0.2748	-1.5310	0.1433	0.0000	0.0000	320.7587	0.0000	32.2354	1.5377	0.0054	48.0301	43.1459
42.8515	0.0000	-0.0540	0.0107	0.0000	0.0000	-0.0300	230.5410	0.0000	1.3200	35.6133	NOT CONNECTED	0.0000	500.0000	0.0000	0.0000	0.0000	0.0000	0.0931	0.0532	-1.5129	0.2748	-1.5310	0.1433	0.0000	0.0000	320.7777	0.0000	32.2264	1.5377	0.0052	48.0254	43.1459
43.0273	0.0000	-0.0540	0.0107	0.0000	0.0000	-0.0300	230.5410	0.0000	1.3200	35.6133	NOT CONNECTED	0.0000	500.0000	0.0000	0.0000	0.0000	0.0000	0.0931	0.0532	-1.5129	0.2748	-1.5310	0.1433	0.0000	0.0000	320.7777	0.0000	32.2264	1.5377	0.0052	48.0254	43.1459
43.6498	0.0000	-0.0540	0.0107	0.0000	0.0000	-0.0300	230.5760	0.0000	1.3100	35.6121	NOT CONNECTED	0.0000	500.0000	0.0000	0.0000	0.0000	0.0000	0.0931	0.0532	-1.5129	0.2748	-1.5310	0.1433	0.0000	0.0000	320.8169	0.0000	32.2180	1.5377	0.0053	48.0254	46.2973
43.8430	0.0000	-0.0540	0.0107	0.0000	0.0000	-0.0300	230.5760	0.0000	1.3100	35.6121	NOT CONNECTED	0.0000	500.0000	0.0000	0.0000	0.0000	0.0000	0.0931	0.0532	-1.5129	0.2748	-1.5310	0.1433	0.0000	0.0000	320.8169	0.0000	32.2180	1.5377	0.0053	48.0254	46.2973
44.2705	0.0000	-0.0550	0.0107	0.0000	0.0000	-0.0300	230.5990	0.0000	1.3000	35.5867	NOT CONNECTED	0.0000	500.0000	0.0000	0.0000	0.0000	0.0000	0.0931	0.0532	-1.5129	0.2748	-1.5310	0.1433	0.0000	0.0000	320.8413	0.0000	32.2103	1.5377	0.0053	48.0206	46.2973
44.5840	0.0000	-0.0550	0.0107	0.0000	0.0000	-0.0300	230.5990	0.0000	1.3000	35.5867	NOT CONNECTED	0.0000	500.0000	0.0000	0.0000	0.0000	0.0000	0.0931	0.0532	-1.5129	0.2748	-1.5310	0.1433	0.0000	0.0000	320.9265	0.0000	32.2033	1.5377	0.0051	48.0206	46.2958
44.8922	0.0000	-0.0550	0.0107	0.0000	0.0000	-0.0300	230.5990	0.0000	1.3000	35.5867	NOT CONNECTED	0.0000	500.0000	0.0000	0.0000	0.0000	0.0000	0.0931	0.0532	-1.5129	0.2748	-1.5310	0.1433	0.0000	0.0000	320.9265	0.0000	32.2033	1.5377	0.0051	48.0206	46.2958
45.3348	0.0000	-0.0550	0.0107	0.0000	0.0000	-0.0300	230.6250	0.0000	1.2800	35.5970	NOT CONNECTED	0.0000	500.0000	0.0000	0.0000	0.0000	0.0000	0.0931	0.0532	-1.5129	0.2748	-1.5310	0.1433	0.0000	0.0000	320.9698	0.0000	32.1972	1.5377	0.0053	48.0159	46.2958
45.4971	0.0000	-0.0550	0.0107	0.0000	0.0000	-0.0300	230.6250	0.0000	1.2800	35.5970	NOT CONNECTED	0.0000	500.0000	0.0000	0.0000	0.0000	0.0000	0.0931	0.0532	-1.5129	0.2748	-1.5310	0.1433	0.0000	0.0000	320.9698	0.0000	32.1972	1.5377	0.0053	48.0159	46.2958
46.0759	0.0000	-0.0550	0.0107	0.0000	0.0000	-0.0300	230.6770	0.0000	1.2800	35.5780	NOT CONNECTED	0.0000	500.0000	0.0000	0.0000	0.0000	0.0000	0.0931	0.0532	-1.5129	0.2748	-1.5310	0.1433	0.0000	0.0000	321.0213	0.0000	32.1913	1.5377	0.0055	48.0111	46.2958
46.1189	0.0000	-0.0550	0.0107	0.0000	0.0000	-0.0300	230.6770	0.0000	1.2800	35.5780	NOT CONNECTED	0.0000	500.0000	0.0000	0.0000	0.0000	0.0000	0.0931	0.0532	-1.5129	0.2748	-1.5310	0.1433	0.0000	0.0000	321.0213	0.0000	32.1913	1.5377	0.0055	48.0111	46.2958
46.7406	0.0000	-0.0550	0.0107	0.0000	0.0000	-0.0300	230.7020	0.0000	1.2800	35.5588	NOT CONNECTED	0.0000	500.0000	0.0000	0.0000	0.0000	0.0000	0.0931	0.0532	-1.5129	0.2748	-1.5310	0.1433	0.0000	0.0000	321.0321	0.0000	32.1859	1.5377	0.0054	48.0111	46.2958
46.8410	0.0000	-0.0550	0.0107	0.0000	0.0000	-0.0300	230.7020	0.0000	1.2800	35.5588	NOT CONNECTED	0.0000	500.0000	0.0000	0.0000	0.0000	0.0000	0.0931	0.0532	-1.5129	0.2748	-1.5310	0.1433	0.0000	0.0000	321.0321	0.0000	32.1859	1.5377	0.0054	48.0111	46.2958
47.3622	0.0000	-0.0550	0.0107	0.0000	0.0000	-0.0300	230.7560	0.0000	1.2900	35.5370	NOT CONNECTED	0.0000	500.0000	0.0000	0.0000	0.0000	0.0000	0.0931	0.0532	-1.5129	0.2748	-1.5310	0.1433	0.0000	0.0000	321.0443	0.0000	32.1810	1.5377	0.0054	48.0064	46.2958
47.5808	0.0000	-0.0550	0.0107	0.0000	0.0000	-0.0300	230.7560	0.0000	1.2900	35.5370	NOT CONNECTED	0.0000	500.0000	0.0000	0.0000	0.0000	0.0000	0.0931	0.0532	-1.5129	0.2748	-1.5310	0.1433	0.0000	0.0000	321.0443	0.0000	32.1810	1.5377	0.0054	48.0064	46.2958
47.9997	0.0000	-0.0550	0.0107	0.0000	0.0000	-0.0300	230.7840	0.0000	1.3000	35.5578	NOT CONNECTED	500.0000	500.0000	0.0000	0.0000	0.0000	0.0000	0.0931	0.0532	-1.5129	0.2748	-1.5310	0.1433	0.0000	0.0000	321.1390	0.0000	32.1765	1.5377	0.0055	48.0064	46.2958
48.3338	0.0000	-0.0550	0.0107	0.0000	0.0000	-0.0300	230.7840	0.0000	1.3000	35.5578	NOT CONNECTED	500.0000	450.0000	0.0000	0.0000	0.0000	0.0000	0.0931	0.0532	-1.5129	0.2748	-1.5310	0.1433	0.0000	0.0000	321.1714	0.0000	32.1721	1.5377	0.0054	48.0016	46.2958
48.6369	0.0000	-0.0550	0.0107	0.0000	0.0000	-0.0300	230.7840	0.0000	1.3000	35.5578	NOT CONNECTED	500.0000	450.0000	0.0000	0.0000	0.0000	0.0000	0.0931	0.0532	-1.5129	0.2748	-1.5310	0.1433	0.0000	0.0000	321.1714	0.0000	32.1721	1.5377	0.0054	48.0016	46.2958
49.0702	0.0000	-0.0550	0.0107	0.0000	0.0000	-0.0300	230.8370	0.0000	1.3000	35.5310	NOT CONNECTED	500.0000	450.0000	0.0000	0.0000	0.0000	0.0000	0.0931	0.0532	-1.5129	0.2748	-1.5310	0.1433	0.0000	0.0000	321.1674	0.0000	32.1685	1.5377	0.0054	47.9969	46.2958
49.2426	0.0000	-0.0550	0.0107	0.0000	0.0000	-0.0300	230.8370	0.0000	1.3000	35.5310	NOT CONNECTED	500.0000	450.0000	0.0000	0.0000	0.0000	0.0000	0.0931	0.0532	-1.5129	0.2748	-1.5310	0.1433	0.0000	0.0000	321.1674	0.0000	32.1685	1.5377	0.0054	47.9969	46.2958
49.8075	0.0000	-0.0550	0.0107	0.0000	0.0000	-0.0300	230.8580	0.0000	1.3100	35.4875	NOT CONNECTED	500.0000	450.0000	0.0000	0.0000	0.0000	0.0000	0.0931	0.0532	-1.5129	0.2748	-1.5310	0.1433	0.0000	0.0000	321.2066	0.0000	32.1648	1.5377	0.0059	47.9969	46.2958
49.8481	0.0000	-0.0550	0.0107	0.0000	0.0000	-0.0300	230.8580	0.0000	1.3100	35.4875	NOT CONNECTED	500.0000	450.0000	0.0000	0.0000	0.0000	0.0000	0.0931	0.0532	-1.5129	0.2748	-1.5310	0.1433	0.0000	0.0000	321.2066	0.0000	32.1648	1.5377	0.0059	47.9969	46.2958
50.4697	0.0000	-0.0550	0.0107	0.0000	0.0000	-0.0300	230.8970	0.0000	1.3100	35.5292	NOT CONNECTED	500.0000	450.0000	0.0000	0.0000	0.0000	0.0000	0.0931	0.0532	-1.5129	0.2748	-1.5310	0.1433	0.0000	0.0000	321.2229	0.0000	32.1616	1.5377	0.0052	47.9922	46.2958
50.5410	0.0000	-0.0550	0.0107	0.0000	0.0000	-0.0300	230.8970	0.0000	1.3100	35.5292	NOT CONNECTED	500.0000	450.0000	0.0000	0.0000	0.0000	0.0000	0.0931	0.0532	-1.5129	0.2748	-1.5310	0.1433	0.0000	0.0000	321.2229	0.0000	32.1616	1.5377	0.0052	47.9922	46.2958
51.0911	0.0000	-0.0550	0.0107	0.0000	0.0000	-0.0300	230.9120	0.0000	1.3300	35.4749	NOT CONNECTED	500.0000	450.0000	0.0000	0.0000	0.0000	0.0000	0.0931	0.0532	-1.5129	0.2748	-1.5310	0.1433	0.0000	0.0000	321.2675	0.0000	32.1585	1.5377	0.0055	47.9875	46.2958
51.2781	0.0000	-0.0550	0.0107	0.0000	0.0000	-0.0300	230.9120	0.0000	1.3300	35.4749	NOT CONNECTED	500.0000	450.0000	0.0000	0.0000	0.0000	0.0000	0.0931	0.0532	-1.5129	0.2748	-1.5310	0.1433	0.0000	0.0000	321.2675	0.0000	32.1585	1.5377	0.0055	47.9875	46.2958
51.7286	0.0000	-0.0550	0.0107	0.0000	0.0000	-0.0300	230.9310	0.0000	1.3200	35.4914	NOT CONNECTED	500.0000	450.0000	0.0000	0.0000	0.0549	0.0000	0.0931	0.0996	0.3159	0.0902	-1.5310	0.3274	9.3608	-0.2410	315.9961	0.3529	32.1555	1.5377	0.0053	47.9875	46.2958
52.0192	0.0000	-0.0550	0.0107	0.0000	0.0000	-0.0300	230.9310	0.0000	1.3200	35.4914	NOT CONNECTED	500.0000	450.0000	0.0000	0.0000	0.0549	0.0000	0.0931	0.0996	0.3159	0.0902	-1.5310	0.3274	9.3608	-0.2410	315.9961	0.3529	32.1555	1.5377	0.0053	47.9875	46.2958
52.7535	251.0000	-0.1160	0.6646	0.0000	7.4360	9.4700	230.9260	0.1299	15.4900	35.4596	NOT CONNECTED	500.0000	450.0000	0.0000	443.9348	0.1058	0.1032	0.0933	0.0933	0.1608	0.1922	0.1887	0.2109	0.7667	19.4109	316.7480	5.9220	32.2350	0.2726	0.2149	47.9827	46.2958
52.8918	251.0000	-0.1160	0.6646	0.0000	7.4360	9.4700	230.9260	0.1299	15.4900	35.4596	NOT CONNECTED	500.0000	450.0000	0.0000	443.9348	0.1058	0.1032	0.0933	0.0933	0.1608	0.1922	0.1887	0.2109	0.7667	19.4109	316.7480	5.9220	32.2350	0.2726	0.2149	47.9827	46.2958
53.5039	513.0000	-0.0290	0.2128	0.0000	21.8380	5.8200	230.9310	0.0964	11.3300	35.4621	NOT CONNECTED	500.0000	450.0000	0.0000	511.0569	0.0205	0.0026	0.0928	0.0927	0.2188	0.0352	0.2263	0.0356	1.1901	19.8267	317.9889	2.4872	32.2304	0.2160	0.1828	47.9946	46.2958
53.5137	513.0000	-0.0290	0.2128	0.0000	21.8380	5.8200	230.9310	0.0964	11.3300	35.4621	NOT CONNECTED	500.0000	450.0000	0.0000	511.0569	0.0205	0.0026	0.0928	0.0927	0.2188	0.0352	0.2263	0.0356	1.1901	19.8267	317.9889	2.4872	32.2304	0.2160	0.1828	47.9946	46.2958
54.3589	499.0000	-0.0270	0.1853	0.0000	24.5600	2.3400	230.9190	0.0743	8.2100	35.4408	NOT CONNECTED	500.0000	450.0000	0.0000	504.5276	0.0252	0.0162	0.0928	0.0928	0.2400	0.0497	0.2378	0.0426	1.1919	19.8117	317.8657	2.7147	32.2189	0.2891	0.1864	48.0003	46.2958
54.7395	501.0000	-0.0300	0.1859	0.0000	24.5190	2.3900	230.9080	0.0746	8.2900	35.4011	NOT CONNECTED	500.0000	450.0000	0.0000	504.5276	0.0252	0.0162	0.0928	0.0928	0.2400	0.0497	0.2378	0.0426	1.1919	19.8117	317.8657	2.7147	32.2189	0.2891	0.1864	48.0003	46.2958
55.1035	501.0000	-0.0300	0.1859	0.0000	24.5190	2.3900	230.9080	0.0746	8.2900	35.4011	NOT CONNECTED	500.0000	450.0000	0.0000	496.3704	0.0555	0.0613	0.0929	0.0930	0.3351	0.0909	0.3255	0.1576	1.2872	20.0107	317.8792	3.4398	32.2140	0.3429	0.1872	47.9973	46.2958
55.3621	501.0000	-0.0300	0.1859	0.0000	24.5190	2.3900	230.9080	0.0746	8.2900	35.4011	NOT CONNECTED	500.0000	450.0000	0.0000	496.3704	0.0555	0.0613	0.0929	0.0930	0.3351	0.0909	0.3255	0.1576	1.2872	20.0107	317.8792	3.4398	32.2140	0.3429	0.1872	47.9973	46.2958
55.8650	502.0000	-0.0310	0.1864	0.0000	24.5160	2.4100	230.8820	0.0744	8.3000	35.4108	NOT CONNECTED	500.0000	450.0000	0.0000	496.3704	0.0555	0.0613	0.0929	0.0930	0.3351	0.0909	0.3255	0.1576	1.2872	20.0107	317.8792	3.4398	32.2140	0.3429	0.1872	47.9973	46.2958
56.5888	499.0000	-0.0290	0.1869	0.0000	24.5150	2.4100	230.8680	0.0746	8.3100	35.4332	NOT CONNECTED	500.0000	450.0000	0.0000	499.8664	0.0781	0.0410	0.0930	0.0932	0.2819	0.1384	0.1759	0.0938	1.3885	20.0821	317.8116	2.9820	32.2060	0.1970	0.1871	47.9944	46.2958
56.7495	499.0000	-0.0290	0.1869	0.0000	24.5150	2.4100	230.8680	0.0746	8.3100	35.4332	NOT CONNECTED	500.0000	450.0000	0.0000	499.8664	0.0781	0.0410	0.0930	0.0932	0.2819	0.1384	0.1759	0.0938	1.3885	20.0821	317.8116	2.9820	32.2060	0.1970	0.1871	47.9944	46.2958
57.1943	498.0000	-0.0320	0.1886	0.0000	24.5430	2.5100	230.8360	0.0752	8.3900	35.4254	NOT CONNECTED	500.0000	450.0000	0.0000	503.5386	0.0222	0.0237	0.0929	0.0928	0.2794	0.0432	0.2451	0.1791	1.1237	19.8470	317.6573	3.3625	32.2026	0.2349	0.1892	47.9915	46.2958
57.4871	498.0000	-0.0320	0.1886	0.0000	24.5430	2.5100	230.8360	0.0752	8.3900	35.4254	NOT CONNECTED	500.0000	450.0000	0.0000	503.5386	0.0222	0.0237	0.0929	0.0928	0.2794	0.0432	0.2451	0.1791	1.1237	19.8470	317.6573	3.3625	32.2026	0.2349	0.1892	47.9915	46.2958
57.8162	498.0000	-0.0320	0.1886	0.0000	24.5430	2.5100	230.8360	0.0752	8.3900	35.4254	NOT CONNECTED	500.0000	450.0000	0.0000	504.3640	0.0747	0.0210	0.0929	0.0932	0.1925	0.1395	0.2215	0.0605	1.3054	20.2330	317.5626	2.4638	32.1997	0.2127	0.1926	47.9915	46.2958
58.3663	503.0000	-0.0370	0.1904	0.0000	24.5990	2.7500	230.8000	0.0772	8.6800	35.4041	NOT CONNECTED	500.0000	450.0000	0.0000	505.1289	0.0293	0.0219	0.0928	0.0928	0.1935	0.0539	0.2593	0.0750	1.0419	19.9072	317.4476	2.6500	32.1970	0.2753	0.1938	47.9886	46.2958
58.4374	503.0000	-0.0370	0.1904	0.0000	24.5990	2.7500	230.8000	0.0772	8.6800	35.4041	NOT CONNECTED	500.0000	450.0000	0.0000	505.1289	0.0293	0.0219	0.0928	0.0928	0.1935	0.0539	0.2593	0.0750	1.0419	19.9072	317.4476	2.6500	32.1970	0.2753	0.1938	47.9886	46.2958
59.0588	500.0000	-0.0480	0.1930	0.0000	24.6620	3.0500	230.7830	0.0790	8.8900	35.3961	NOT CONNECTED	500.0000	450.0000	0.0000	502.6845	0.0603	0.0433	0.0928	0.0930	0.2695	0.1119	0.3007	0.1782	1.1357	20.0783	317.1634	4.0916	32.1947	0.3262	0.1955	47.9858	46.2958
59.0974	500.0000	-0.0480	0.1930	0.0000	24.6620	3.0500	230.7830	0.0790	8.8900	35.3961	NOT CONNECTED	500.0000	450.0000	0.0000	502.6845	0.0603	0.0433	0.0928	0.0930	0.2695	0.1119	0.3007	0.1782	1.1357	20.0783	317.1634	4.0916	32.1947	0.3262	0.1955	47.9858	46.2958
59.6809	499.0000	-0.0570	0.1976	0.0000	24.8280	3.8800	230.7450	0.0855	9.7200	35.4002	NOT CONNECTED	500.0000	450.0000	0.0000	496.2450	0.1150	0.0880	0.0932	0.0934	0.2613	0.2038	0.2263	0.1519	1.3117	20.4548	316.8955	4.8340	32.1929	0.2653	0.1996	47.9858	46.2958
59.8698	499.0000	-0.0570	0.1976	0.0000	24.8280	3.8800	230.7450	0.0855	9.7200	35.4002	NOT CONNECTED	500.0000	450.0000	0.0000	496.2450	0.1150	0.0880	0.0932	0.0934	0.2613	0.2038	0.2263	0.1519	1.3117	20.4548	316.8955	4.8340	32.1929	0.2653	0.1996	47.9858	46.2958
60.3019	496.0000	-0.0780	0.2013	0.0000	24.9340	4.4100	230.7280	0.0895	10.3100	35.3714	NOT CONNECTED	500.0000	450.0000	0.0000	503.8692	0.0756	0.0560	0.0930	0.0931	0.2213	0.1358	0.2368	0.1625	0.9812	20.2920	316.5897	4.8221	32.1913	0.2956	0.2067	47.9830	46.2958
60.7313	496.0000	-0.0780	0.2013	0.0000	24.9340	4.4100	230.7280	0.0895	10.3100	35.3714	NOT CONNECTED	500.0000	450.0000	0.0000	495.9020	0.1039	0.1229	0.0933	0.0932	0.2197	0.1820	0.2590	0.2678	1.0694	20.5589	316.0431	6.6181	32.1902	0.3641	0.2144	47.9830	46.2958
60.9239	496.0000	-0.0780	0.2013	0.0000	24.9340	4.4100	230.7280	0.0895	10.3100	35.3714	NOT CONNECTED	500.0000	450.0000	0.0000	495.9020	0.1039	0.1229	0.0933	0.0932	0.2197	0.1820	0.2590	0.2678	1.0694	20.5589	316.0431	6.6181	32.1902	0.3641	0.2144	47.9830	46.2958
61.4782	496.0000	-0.1080	0.2126	0.0000	25.1870	6.1200	230.6890	0.1015	11.9700	35.3567	NOT CONNECTED	500.0000	450.0000	0.0000	499.1790	0.1604	0.1267	0.0934	0.0936	0.1427	0.2915	0.1512	0.2625	0.9889	21.0914	315.6385	7.7025	32.1897	0.2730	0.2215	47.9805	46.2958
61.5450	496.0000	-0.1080	0.2126	0.0000	25.1870	6.1200	230.6890	0.1015	11.9700	35.3567	NOT CONNECTED	500.0000	450.0000	0.0000	499.1790	0.1604	0.1267	0.0934	0.0936	0.1427	0.2915	0.1512	0.2625	0.9889	21.0914	315.6385	7.7025	32.1897	0.2730	0.2215	47.9805	46.2958
62.1663	497.0000	-0.1430	0.2318	0.0000	25.4800	8.1800	230.6540	0.1173	14.1700	35.3732	NOT CONNECTED	500.0000	450.0000	0.0000	500.3684	0.1510	0.1456	0.0935	0.0935	0.1874	0.2676	0.1490	0.3121	0.7328	21.0998	315.0648	9.4057	32.1899	0.3134	0.2411	47.9782	46.2958
62.3633	497.0000	-0.1430	0.2318	0.0000	25.4800	8.1800	230.6540	0.1173	14.1700	35.3732	NOT CONNECTED	500.0000	450.0000	0.0000	500.3684	0.1510	0.1456	0.0935	0.0935	0.1874	0.2676	0.1490	0.3121	0.7328	21.0998	315.0648	9.4057	32.1899	0.3134	0.2411	47.9782	46.2958
62.7718	498.0000	-0.1770	0.2514	0.0000	25.6460	9.8000	230.6370	0.1288	15.8100	35.3688	NOT CONNECTED	500.0000	450.0000	0.0000	494.5297	0.1847	0.2110	0.0939	0.0937	0.1060	0.3272	0.0559	0.3722	0.5826	21.5200	314.3558	11.3512	32.1913	0.3764	0.2614	47.9782	46.2958
63.1037	498.0000	-0.1770	0.2514	0.0000	25.6460	9.8000	230.6370	0.1288	15.8100	35.3688	NOT CONNECTED	500.0000	450.0000	0.0000	491.9359	0.2072	0.2535	0.0940	0.0938	0.1641	0.3627	0.0641	0.4529	0.6015	21.8045	313.9554	13.2986	32.1943	0.4337	0.2892	47.9764	46.2958
63.3939	498.0000	-0.1770	0.2514	0.0000	25.6460	9.8000	230.6370	0.1288	15.8100	35.3688	NOT CONNECTED	500.0000	450.0000	0.0000	491.9359	0.2072	0.2535	0.0940	0.0938	0.1641	0.3627	0.0641	0.4529	0.6015	21.8045	313.9554	13.2986	32.1943	0.4337	0.2892	47.9764	46.2958
63.8716	499.0000	-0.2130	0.2860	0.0000	25.9280	12.2200	230.6010	0.1475	18.5100	35.3457	0.0000	500.0000	450.0000	0.0000	500.1675	0.2403	0.2242	0.0940	0.0940	0.1125	0.4193	-0.0005	0.3926	0.3762	22.0250	313.7051	13.7083	32.1980	0.3876	0.2987	47.9764	46.2958
64.0152	499.0000	-0.2130	0.2860	0.0000	25.9280	12.2200	230.6010	0.1475	18.5100	35.3457	0.0000	500.0000	450.0000	0.0000	500.1675	0.2403	0.2242	0.0940	0.0940	0.1125	0.4193	-0.0005	0.3926	0.3762	22.0250	313.7051	13.7083	32.1980	0.3876	0.2987	47.9764	46.2958
64.6148	500.0000	-0.2200	0.2952	0.0000	26.0000	12.8000	230.5860	0.1528	19.2200	35.3459	0.0000	500.0000	450.0000	0.0000	498.9754	0.2272	0.2419	0.0939	0.0939	0.1264	0.3996	0.0511	0.4367	0.4694	22.0210	313.4967	14.2667	32.2025	0.4390	0.3078	47.9758	46.2958
64.6363	500.0000	-0.2200	0.2952	0.0000	26.0000	12.8000	230.5860	0.1528	19.2200	35.3459	0.0000	500.0000	450.0000	0.0000	498.9754	0.2272	0.2419	0.0939	0.0939	0.1264	0.3996	0.0511	0.4367	0.4694	22.0210	313.4967	14.2667	32.2025	0.4390	0.3078	47.9758	46.2958
65.2584	499.0000	-0.2230	0.3106	0.0000	26.0720	13.6800	230.5550	0.1599	20.2000	35.3521	0.0000	500.0000	450.0000	0.0000	495.1263	0.2294	0.2730	0.0941	0.0939	0.1171	0.4076	0.0372	0.5002	0.5706	22.1936	313.3087	14.9465	32.2071	0.4936	0.3194	47.9761	46.2958
65.3638	499.0000	-0.2230	0.3106	0.0000	26.0720	13.6800	230.5550	0.1599	20.2000	35.3521	0.0000	500.0000	450.0000	0.0000	495.1263	0.2294	0.2730	0.0941	0.0939	0.1171	0.4076	0.0372	0.5002	0.5706	22.1936	313.3087	14.9465	32.2071	0.4936	0.3194	47.9761	46.2958
66.1112	500.0000	-0.2280	0.3171	0.0000	26.1130	14.0400	230.5420	0.1627	20.6400	35.3154	0.0000	500.0000	450.0000	0.0000	495.0793	0.2793	0.2834	0.0943	0.0942	-0.0043	0.4929	-0.0874	0.4376	0.3446	22.4072	313.1287	15.4263	32.2166	0.4689	0.3292	47.9769	46.2958
66.3894	500.0000	-0.2280	0.3171	0.0000	26.1130	14.0400	230.5420	0.1627	20.6400	35.3154	0.0000	500.0000	450.0000	0.0000	495.0793	0.2793	0.2834	0.0943	0.0942	-0.0043	0.4929	-0.0874	0.4376	0.3446	22.4072	313.1287	15.4263	32.2166	0.4689	0.3292	47.9769	46.2958
66.8684	496.0000	-0.2310	0.3241	0.0000	26.1640	14.4300	230.5200	0.1655	21.0600	35.3457	1.0000	500.0000	450.0000	0.0000	503.2133	0.2522	0.2415	0.0941	0.0940	0.0445	0.4527	-0.0397	0.4438	0.2721	22.2315	313.0596	15.3440	32.2212	0.4263	0.3310	47.9769	46.2958
67.0110	496.0000	-0.2310	0.3241	0.0000	26.1640	14.4300	230.5200	0.1655	21.0600	35.3457	1.0000	500.0000	450.0000	0.0000	503.2133	0.2522	0.2415	0.0941	0.0940	0.0445	0.4527	-0.0397	0.4438	0.2721	22.2315	313.0596	15.3440	32.2212	0.4263	0.3310	47.9769	46.2958
67.6321	500.0000	-0.2350	0.3264	0.0000	26.1780	14.5500	230.5100	0.1668	21.2800	35.3189	1.0000	500.0000	450.0000	0.0000	501.3102	0.2499	0.2535	0.0940	0.0940	0.0952	0.4465	0.0262	0.4735	0.2803	22.1747	313.0596	15.6893	32.2256	0.4591	0.3329	47.9782	46.2958
67.7414	500.0000	-0.2350	0.3264	0.0000	26.1780	14.5500	230.5100	0.1668	21.2800	35.3189	1.0000	500.0000	450.0000	0.0000	501.3102	0.2499	0.2535	0.0940	0.0940	0.0952	0.4465	0.0262	0.4735	0.2803	22.1747	313.0596	15.6893	32.2256	0.4591	0.3329	47.9782	46.2958
68.2540	499.0000	-0.2340	0.3276	0.0000	26.1930	14.6200	230.4990	0.1675	21.3200	35.2891	1.0000	500.0000	450.0000	0.0000	500.7166	0.2729	0.2576	0.0940	0.0942	0.1129	0.4845	0.0631	0.4934	0.4812	22.4615	313.0393	15.7798	32.2297	0.4801	0.3345	47.9797	46.2958
68.4778	499.0000	-0.2340	0.3276	0.0000	26.1930	14.6200	230.4990	0.1675	21.3200	35.2891	1.0000	500.0000	450.0000	0.0000	500.7166	0.2729	0.2576	0.0940	0.0942	0.1129	0.4845	0.0631	0.4934	0.4812	22.4615	313.0393	15.7798	32.2297	0.4801	0.3345	47.9797	46.2958
68.8594	500.0000	-0.2330	0.3276	0.0000	26.1900	14.6200	230.4940	0.1678	21.3400	35.2911	1.0000	500.0000	450.0000	0.0000	501.1743	0.2393	0.2552	0.0942	0.0940	0.1316	0.4132	-0.0466	0.5180	0.3991	22.3239	313.0014	15.7286	32.2336	0.4416	0.3334	47.9797	46.2958
69.2229	500.0000	-0.2330	0.3276	0.0000	26.1900	14.6200	230.4940	0.1678	21.3400	35.2911	1.0000	500.0000	450.0000	0.0000	499.1908	0.2762	0.2660	0.0942	0.0942	0.0036	0.4902	-0.0827	0.4632	0.4946	22.4994	313.0000	15.3220	32.2366	0.4477	0.3339	47.9813	46.2958
69.4811	500.0000	-0.2330	0.3276	0.0000	26.1900	14.6200	230.4940	0.1678	21.3400	35.2911	1.0000	500.0000	450.0000	0.0000	499.1908	0.2762	0.2660	0.0942	0.0942	0.0036	0.4902	-0.0827	0.4632	0.4946	22.4994	313.0000	15.3220	32.2366	0.4477	0.3339	47.9813	46.2958
69.9593	501.0000	-0.2330	0.3277	0.0000	26.1990	14.6300	230.4910	0.1677	21.3500	35.3322	1.0000	500.0000	450.0000	0.0000	500.7578	0.2480	0.2575	0.0941	0.0940	0.0494	0.4450	0.0025	0.4633	0.2305	22.2555	313.0069	15.4122	32.2397	0.4629	0.3340	47.9829	46.2958
70.1023	501.0000	-0.2330	0.3277	0.0000	26.1990	14.6300	230.4910	0.1677	21.3500	35.3322	1.0000	500.0000	450.0000	0.0000	500.7578	0.2480	0.2575	0.0941	0.0940	0.0494	0.4450	0.0025	0.4633	0.2305	22.2555	313.0069	15.4122	32.2397	0.4629	0.3340	47.9829	46.2958
70.7055	499.0000	-0.2350	0.3283	0.0000	26.2000	14.6500	230.4910	0.1683	21.3900	35.2921	1.0000	500.0000	450.0000	0.0000	501.8085	0.2493	0.2519	0.0939	0.0940	0.0873	0.4287	0.0701	0.4561	0.2935	22.2786	313.0352	15.7438	32.2425	0.4567	0.3349	47.9829	46.2958
70.7241	499.0000	-0.2350	0.3283	0.0000	26.2000	14.6500	230.4910	0.1683	21.3900	35.2921	1.0000	500.0000	450.0000	0.0000	501.8085	0.2493	0.2519	0.0939	0.0940	0.0873	0.4287	0.0701	0.4561	0.2935	22.2786	313.0352	15.7438	32.2425	0.4567	0.3349	47.9829	46.2958
71.3451	501.0000	-0.2340	0.3284	0.0000	26.2000	14.6600	230.5020	0.1675	21.3300	35.2671	1.0000	500.0000	450.0000	0.0000	495.7795	0.2750	0.2848	0.0944	0.0942	0.1079	0.4847	-0.0624	0.4769	0.6560	22.4683	313.0000	16.0408	32.2448	0.5221	0.3339	47.9846	46.2958
71.4523	501.0000	-0.2340	0.3284	0.0000	26.2000	14.6600	230.5020	0.1675	21.3300	35.2671	1.0000	500.0000	450.0000	0.0000	495.7795	0.2750	0.2848	0.0944	0.0942	0.1079	0.4847	-0.0624	0.4769	0.6560	22.4683	313.0000	16.0408	32.2448	0.5221	0.3339	47.9846	46.2958
71.9673	501.0000	-0.2350	0.3280	0.0000	26.2000	14.6400	230.5100	0.1677	21.3800	35.2682	1.0000	500.0000	450.0000	0.0000	497.2105	0.2676	0.2770	0.0943	0.0941	0.0172	0.4692	-0.0496	0.4420	0.3181	22.3193	313.0461	15.2954	32.2471	0.4958	0.3335	47.9846	46.2958
72.2021	501.0000	-0.2350	0.3280	0.0000	26.2000	14.6400	230.5100	0.1677	21.3800	35.2682	1.0000	500.0000	450.0000	0.0000	497.2105	0.2676	0.2770	0.0943	0.0941	0.0172	0.4692	-0.0496	0.4420	0.3181	22.3193	313.0461	15.2954	32.2471	0.4958	0.3335	47.9846	46.2958
72.5881	500.0000	-0.2350	0.3276	0.0000	26.2010	14.6200	230.5330	0.1674	21.3700	35.2671	1.0000	500.0000	450.0000	0.0000	500.3557	0.2446	0.2599	0.0940	0.0940	0.1200	0.4273	0.0202	0.4535	0.1219	22.1623	313.0718	15.3006	32.2490	0.4641	0.3327	47.9862	46.2958
72.9492	500.0000	-0.2350	0.3276	0.0000	26.2010	14.6200	230.5330	0.1674	21.3700	35.2671	1.0000	500.0000	450.0000	0.0000	502.9131	0.2457	0.2457	0.0939	0.0940	0.1047	0.4332	0.0403	0.5044	0.4355	22.3474	313.1083	15.7205	32.2505	0.4531	0.3333	47.9878	46.2958
73.2097	500.0000	-0.2350	0.3276	0.0000	26.2010	14.6200	230.5330	0.1674	21.3700	35.2671	1.0000	500.0000	450.0000	0.0000	502.9131	0.2457	0.2457	0.0939	0.0940	0.1047	0.4332	0.0403	0.5044	0.4355	22.3474	313.1083	15.7205	32.2505	0.4531	0.3333	47.9878	46.2958
73.6967	496.0000	-0.2340	0.3280	0.0000	26.2020	14.6400	230.5450	0.1677	21.3500	35.2664	1.0000	500.0000	450.0000	0.0000	504.6266	0.2653	0.2357	0.0941	0.0941	0.0181	0.4733	-0.0012	0.4388	0.4143	22.2549	313.1855	15.4510	32.2520	0.4334	0.3339	47.9878	46.2958
73.8152	496.0000	-0.2340	0.3280	0.0000	26.2020	14.6400	230.5450	0.1677	21.3500	35.2664	1.0000	500.0000	450.0000	0.0000	504.6266	0.2653	0.2357	0.0941	0.0941	0.0181	0.4733	-0.0012	0.4388	0.4143	22.2549	313.1855	15.4510	32.2520	0.4334	0.3339	47.9878	46.2958
74.4298	502.0000	-0.2340	0.3283	0.0000	26.2020	14.6500	230.5790	0.1676	21.3800	35.2666	2.0000	500.0000	450.0000	0.0000	499.8556	0.2655	0.2624	0.0940	0.0942	0.0847	0.4752	0.0543	0.4687	0.4294	22.3429	313.1436	16.0546	32.2535	0.4824	0.3341	47.9894	46.2958
74.4364	502.0000	-0.2340	0.3283	0.0000	26.2020	14.6500	230.5790	0.1676	21.3800	35.2666	2.0000	500.0000	450.0000	0.0000	499.8556	0.2655	0.2624	0.0940	0.0942	0.0847	0.4752	0.0543	0.4687	0.4294	22.3429	313.1436	16.0546	32.2535	0.4824	0.3341	47.9894	46.2958
75.0585	502.0000	-0.2330	0.3277	0.0000	26.2050	14.6200	230.6000	0.1674	21.3400	35.2751	2.0000	500.0000	450.0000	0.0000	494.4551	0.2644	0.2917	0.0943	0.0941	0.0636	0.4623	-0.0951	0.4301	0.3122	22.4192	313.2207	15.6314	32.2551	0.4879	0.3337	47.9910	46.2958
75.3515	502.0000	-0.2330	0.3277	0.0000	26.2050	14.6200	230.6000	0.1674	21.3400	35.2751	2.0000	500.0000	450.0000	0.0000	494.4551	0.2644	0.2917	0.0943	0.0941	0.0636	0.4623	-0.0951	0.4301	0.3122	22.4192	313.2207	15.6314	32.2551	0.4879	0.3337	47.9910	46.2958
75.6796	502.0000	-0.2330	0.3277	0.0000	26.2050	14.6200	230.6000	0.1674	21.3400	35.2751	2.0000	500.0000	450.0000	0.0000	503.3769	0.2506	0.2425	0.0941	0.0940	0.0260	0.4451	-0.0222	0.4518	0.3791	22.2330	313.2234	15.4783	32.2565	0.4553	0.3320	47.9910	46.2958
76.0939	500.0000	-0.2340	0.3273	0.0000	26.1980	14.6100	230.6430	0.1673	21.2800	35.2196	2.0000	500.0000	450.0000	0.0000	494.2002	0.2728	0.2933	0.0942	0.0941	-0.0288	0.4815	0.0159	0.4658	0.3639	22.3410	313.3289	15.1656	32.2581	0.5008	0.3327	47.9926	46.2958
76.2852	500.0000	-0.2340	0.3273	0.0000	26.1980	14.6100	230.6430	0.1673	21.2800	35.2196	2.0000	500.0000	450.0000	0.0000	494.2002	0.2728	0.2933	0.0942	0.0941	-0.0288	0.4815	0.0159	0.4658	0.3639	22.3410	313.3289	15.1656	32.2581	0.5008	0.3327	47.9926	46.2958
76.8639	502.0000	-0.2340	0.3277	0.0000	26.1970	14.6200	230.6870	0.1673	21.3100	35.2556	2.0000	500.0000	450.0000	0.0000	502.8514	0.2550	0.2455	0.0940	0.0941	0.1018	0.4501	0.0191	0.4517	0.4169	22.2767	313.3587	15.3352	32.2594	0.4581	0.3334	47.9926	46.2958
76.9065	502.0000	-0.2340	0.3277	0.0000	26.1970	14.6200	230.6870	0.1673	21.3100	35.2556	2.0000	500.0000	450.0000	0.0000	502.8514	0.2550	0.2455	0.0940	0.0941	0.1018	0.4501	0.0191	0.4517	0.4169	22.2767	313.3587	15.3352	32.2594	0.4581	0.3334	47.9926	46.2958
77.5281	500.0000	-0.2320	0.3273	0.0000	26.2020	14.6000	230.7090	0.1674	21.3400	35.2233	2.0000	500.0000	450.0000	0.0000	495.5507	0.2496	0.2856	0.0940	0.0940	0.1425	0.4342	0.0454	0.5163	0.2595	22.1808	313.3560	15.6851	32.2605	0.4872	0.3323	47.9942	46.2958
77.6049	500.0000	-0.2320	0.3273	0.0000	26.2020	14.6000	230.7090	0.1674	21.3400	35.2233	2.0000	500.0000	450.0000	0.0000	495.5507	0.2496	0.2856	0.0940	0.0940	0.1425	0.4342	0.0454	0.5163	0.2595	22.1808	313.3560	15.6851	32.2605	0.4872	0.3323	47.9942	46.2958
78.1494	500.0000	-0.2330	0.3270	0.0000	26.1970	14.5800	230.7560	0.1671	21.2900	35.2490	2.0000	500.0000	450.0000	0.0000	498.5292	0.2792	0.2683	0.0943	0.0942	-0.0087	0.4943	-0.0191	0.4420	0.4527	22.4669	313.4020	15.5625	32.2613	0.4726	0.3325	47.9958	46.2958
78.3585	500.0000	-0.2330	0.3270	0.0000	26.1970	14.5800	230.7560	0.1671	21.2900	35.2490	2.0000	500.0000	450.0000	0.0000	498.5292	0.2792	0.2683	0.0943	0.0942	-0.0087	0.4943	-0.0191	0.4420	0.4527	22.4669	313.4020	15.5625	32.2613	0.4726	0.3325	47.9958	46.2958
78.7706	500.0000	-0.2330	0.3270	0.0000	26.1970	14.5800	230.7560	0.1671	21.2900	35.2490	2.0000	500.0000	450.0000	0.0000	501.7121	0.2552	0.2510	0.0941	0.0940	0.0540	0.4479	-0.0491	0.4435	0.3196	22.2508	313.4940	15.3707	32.2621	0.4467	0.3323	47.9958	46.2958
79.3769	501.0000	-0.2330	0.3270	0.0000	26.2000	14.5900	230.7950	0.1673	21.3100	35.2350	2.0000	500.0000	450.0000	0.0000	492.9813	0.2750	0.2990	0.0943	0.0942	0.0426	0.4857	-0.0165	0.4365	0.3274	22.3303	313.5224	15.4407	32.2628	0.5080	0.3340	47.9973	46.2958
79.5989	501.0000	-0.2330	0.3270	0.0000	26.2000	14.5900	230.7950	0.1673	21.3100	35.2350	2.0000	500.0000	450.0000	0.0000	492.9813	0.2750	0.2990	0.0943	0.0942	0.0426	0.4857	-0.0165	0.4365	0.3274	22.3303	313.5224	15.4407	32.2628	0.5080	0.3340	47.9973	46.2958
79.9980	500.0000	-0.2320	0.3272	0.0000	26.1990	14.5900	230.8330	0.1677	21.3300	35.2082	2.0000	500.0000	450.0000	0.0000	500.1710	0.2433	0.2595	0.0941	0.0940	0.1133	0.4342	0.0028	0.4625	0.2868	22.2180	313.5441	15.4515	32.2635	0.4697	0.3333	47.9973	46.2958
80.3610	500.0000	-0.2320	0.3272	0.0000	26.1990	14.5900	230.8330	0.1677	21.3300	35.2082	2.0000	500.0000	450.0000	0.0000	502.0630	0.2368	0.2496	0.0940	0.0939	0.0791	0.4181	0.0301	0.5130	0.4886	22.3270	313.5387	15.4112	32.2643	0.4530	0.3317	47.9989	46.2958
80.6190	500.0000	-0.2320	0.3272	0.0000	26.1990	14.5900	230.8330	0.1677	21.3300	35.2082	2.0000	500.0000	450.0000	0.0000	502.0630	0.2368	0.2496	0.0940	0.0939	0.0791	0.4181	0.0301	0.5130	0.4886	22.3270	313.5387	15.4112	32.2643	0.4530	0.3317	47.9989	46.2958
81.1040	499.0000	-0.2330	0.3267	0.0000	26.2030	14.5700	230.8520	0.1675	21.3600	35.2217	2.0000	500.0000	450.0000	0.0000	502.6744	0.2572	0.2451	0.0941	0.0941	0.0742	0.4695	-0.0069	0.4600	0.4180	22.2641	313.5359	15.2471	32.2650	0.4424	0.3332	48.0004	46.2958
81.2254	499.0000	-0.2330	0.3267	0.0000	26.2030	14.5700	230.8520	0.1675	21.3600	35.2217	2.0000	500.0000	450.0000	0.0000	502.6744	0.2572	0.2451	0.0941	0.0941	0.0742	0.4695	-0.0069	0.4600	0.4180	22.2641	313.5359	15.2471	32.2650	0.4424	0.3332	48.0004	46.2958
81.8468	501.0000	-0.2330	0.3266	0.0000	26.2030	14.5700	230.8840	0.1673	21.3000	35.2178	2.0000	500.0000	450.0000	0.0000	495.1247	0.2569	0.2876	0.0943	0.0941	0.1226	0.4451	-0.0152	0.5002	0.4712	22.3491	313.5752	15.7093	32.2658	0.4886	0.3309	48.0004	46.2958
81.8676	501.0000	-0.2330	0.3266	0.0000	26.2030	14.5700	230.8840	0.1673	21.3000	35.2178	2.0000	500.0000	450.0000	0.0000	495.1247	0.2569	0.2876	0.0943	0.0941	0.1226	0.4451	-0.0152	0.5002	0.4712	22.3491	313.5752	15.7093	32.2658	0.4886	0.3309	48.0004	46.2958
82.4677	501.0000	-0.2330	0.3270	0.0000	26.2040	14.5900	230.8970	0.1672	21.2800	35.1869	3.0000	500.0000	450.0000	0.0000	497.9298	0.2725	0.2714	0.0942	0.0942	0.0806	0.4813	0.0048	0.4202	0.2099	22.4007	313.6605	15.4277	32.2666	0.4899	0.3316	48.0020	46.2958
82.6042	501.0000	-0.2330	0.3270	0.0000	26.2040	14.5900	230.8970	0.1672	21.2800	35.1869	3.0000	500.0000	450.0000	0.0000	497.9298	0.2725	0.2714	0.0942	0.0942	0.0806	0.4813	0.0048	0.4202	0.2099	22.4007	313.6605	15.4277	32.2666	0.4899	0.3316	48.0020	46.2958
83.0896	500.0000	-0.2330	0.3271	0.0000	26.1980	14.5900	230.9150	0.1672	21.3100	35.1871	3.0000	500.0000	450.0000	0.0000	504.1603	0.2438	0.2374	0.0940	0.0940	0.0793	0.4358	0.0313	0.4572	0.3283	22.2971	313.6348	15.5425	32.2673	0.4628	0.3334	48.0035	46.2958
83.4531	500.0000	-0.2330	0.3271	0.0000	26.1980	14.5900	230.9150	0.1672	21.3100	35.1871	3.0000	500.0000	450.0000	0.0000	504.1603	0.2438	0.2374	0.0940	0.0940	0.0793	0.4358	0.0313	0.4572	0.3283	22.2971	313.6348	15.5425	32.2673	0.4628	0.3334	48.0035	46.2958
84.1934	502.0000	-0.2320	0.3268	0.0000	26.1970	14.5700	230.9220	0.1673	21.2800	35.1866	3.0000	500.0000	450.0000	0.0000	501.4926	0.2483	0.2518	0.0941	0.0940	0.1083	0.4381	0.0244	0.4736	0.2910	22.2495	313.6293	15.4316	32.2687	0.4578	0.3323	48.0051	46.2958
84.2523	502.0000	-0.2320	0.3268	0.0000	26.1970	14.5700	230.9220	0.1673	21.2800	35.1866	3.0000	500.0000	450.0000	0.0000	501.4926	0.2483	0.2518	0.0941	0.0940	0.1083	0.4381	0.0244	0.4736	0.2910	22.2495	313.6293	15.4316	32.2687	0.4578	0.3323	48.0051	46.2958
84.8741	501.0000	-0.2330	0.3261	0.0000	26.1920	14.5400	230.9280	0.1669	21.2500	35.2217	3.0000	500.0000	450.0000	0.0000	497.0690	0.2745	0.2759	0.0943	0.0943	0.1263	0.4908	-0.0358	0.4799	0.5647	22.4712	313.6429	15.9160	32.2695	0.4971	0.3312	48.0051	46.2958
84.9285	501.0000	-0.2330	0.3261	0.0000	26.1920	14.5400	230.9280	0.1669	21.2500	35.2217	3.0000	500.0000	450.0000	0.0000	497.0690	0.2745	0.2759	0.0943	0.0943	0.1263	0.4908	-0.0358	0.4799	0.5647	22.4712	313.6429	15.9160	32.2695	0.4971	0.3312	48.0051	46.2958
85.4958	501.0000	-0.2310	0.3261	0.0000	26.2030	14.5400	230.9280	0.1670	21.2700	35.1820	3.0000	500.0000	450.0000	0.0000	497.0564	0.2760	0.2756	0.0942	0.0942	-0.0217	0.4935	-0.0108	0.4287	0.3203	22.3319	313.6510	15.3450	32.2703	0.4919	0.3325	48.0066	46.2958
85.6710	501.0000	-0.2310	0.3261	0.0000	26.2030	14.5400	230.9280	0.1670	21.2700	35.1820	3.0000	500.0000	450.0000	0.0000	497.0564	0.2760	0.2756	0.0942	0.0942	-0.0217	0.4935	-0.0108	0.4287	0.3203	22.3319	313.6510	15.3450	32.2703	0.4919	0.3325	48.0066	46.2958
86.1171	497.0000	-0.2330	0.3261	0.0000	26.1960	14.5400	230.9180	0.1668	21.2500	35.1775	3.0000	500.0000	450.0000	0.0000	503.8984	0.2536	0.2379	0.0941	0.0941	0.1141	0.4547	-0.0194	0.4499	0.2755	22.1786	313.6618	15.4406	32.2710	0.4211	0.3326	48.0081	46.2958
86.4149	497.0000	-0.2330	0.3261	0.0000	26.1960	14.5400	230.9180	0.1668	21.2500	35.1775	3.0000	500.0000	450.0000	0.0000	503.8984	0.2536	0.2379	0.0941	0.0941	0.1141	0.4547	-0.0194	0.4499	0.2755	22.1786	313.6618	15.4406	32.2710	0.4211	0.3326	48.0081	46.2958
86.7388	497.0000	-0.2330	0.3261	0.0000	26.1960	14.5400	230.9180	0.1668	21.2500	35.1775	3.0000	500.0000	450.0000	0.0000	502.2527	0.2393	0.2474	0.0940	0.0939	0.0687	0.4186	0.0264	0.5016	0.5443	22.3192	313.5806	15.3983	32.2718	0.4393	0.3313	48.0081	46.2958
87.1481	498.0000	-0.2320	0.3257	0.0000	26.1940	14.5200	230.9110	0.1666	21.1900	35.1726	3.0000	500.0000	450.0000	0.0000	503.7856	0.2525	0.2387	0.0941	0.0940	0.0448	0.4520	-0.0257	0.4537	0.6468	22.3958	313.5576	15.1926	32.2725	0.4460	0.3311	48.0096	46.2958
87.3436	498.0000	-0.2320	0.3257	0.0000	26.1940	14.5200	230.9110	0.1666	21.1900	35.1726	3.0000	500.0000	450.0000	0.0000	503.7856	0.2525	0.2387	0.0941	0.0940	0.0448	0.4520	-0.0257	0.4537	0.6468	22.3958	313.5576	15.1926	32.2725	0.4460	0.3311	48.0096	46.2958
87.8941	500.0000	-0.2320	0.3256	0.0000	26.1950	14.5100	230.8880	0.1668	21.2100	35.1710	3.0000	500.0000	450.0000	0.0000	503.7856	0.2525	0.2387	0.0941	0.0940	0.0448	0.4520	-0.0257	0.4537	0.6468	22.3958	313.5576	15.1926	32.2725	0.4460	0.3311	48.0096	46.2958
88.5714	502.0000	-0.2320	0.3259	0.0000	26.1990	14.5300	230.8720	0.1667	21.2500	35.1273	3.0000	500.0000	450.0000	0.0000	502.7491	0.2539	0.2446	0.0939	0.0940	0.1009	0.4488	0.0711	0.4736	0.2989	22.1655	313.5468	15.4652	32.2740	0.4578	0.3319	48.0112	46.2958
88.6360	502.0000	-0.2320	0.3259	0.0000	26.1990	14.5300	230.8720	0.1667	21.2500	35.1273	3.0000	500.0000	450.0000	0.0000	502.7491	0.2539	0.2446	0.0939	0.0940	0.1009	0.4488	0.0711	0.4736	0.2989	22.1655	313.5468	15.4652	32.2740	0.4578	0.3319	48.0112	46.2958
89.1928	500.0000	-0.2310	0.3261	0.0000	26.1950	14.5400	230.8370	0.1668	21.2400	35.1330	3.0000	500.0000	450.0000	0.0000	498.0021	0.2782	0.2701	0.0941	0.0943	0.1185	0.4953	-0.0096	0.5081	0.4976	22.4749	313.5386	15.8009	32.2748	0.4776	0.3318	48.0127	46.2958
89.3777	500.0000	-0.2310	0.3261	0.0000	26.1950	14.5400	230.8370	0.1668	21.2400	35.1330	3.0000	500.0000	450.0000	0.0000	498.0021	0.2782	0.2701	0.0941	0.0943	0.1185	0.4953	-0.0096	0.5081	0.4976	22.4749	313.5386	15.8009	32.2748	0.4776	0.3318	48.0127	46.2958
89.8144	501.0000	-0.2330	0.3256	0.0000	26.1980	14.5100	230.8160	0.1667	21.2000	35.1275	3.0000	500.0000	450.0000	0.0000	504.5830	0.2640	0.2339	0.0941	0.0941	-0.0001	0.4701	-0.0047	0.4391	0.4124	22.3730	313.4656	15.2890	32.2755	0.4376	0.3318	48.0127	46.2958
90.1258	501.0000	-0.2330	0.3256	0.0000	26.1980	14.5100	230.8160	0.1667	21.2000	35.1275	3.0000	500.0000	450.0000	0.0000	499.7276	0.2591	0.2608	0.0941	0.0940	0.0619	0.4534	-0.0137	0.4511	0.5621	22.2690	313.4372	15.5546	32.2763	0.4736	0.3321	48.0142	46.2958
90.4359	501.0000	-0.2330	0.3256	0.0000	26.1980	14.5100	230.8160	0.1667	21.2000	35.1275	3.0000	500.0000	450.0000	0.0000	499.7276	0.2591	0.2608	0.0941	0.0940	0.0619	0.4534	-0.0137	0.4511	0.5621	22.2690	313.4372	15.5546	32.2763	0.4736	0.3321	48.0142	46.2958
90.8674	498.0000	-0.2320	0.3253	0.0000	26.1920	14.5000	230.7690	0.1662	21.1300	35.1371	4.0000	500.0000	450.0000	0.0000	499.1323	0.2548	0.2645	0.0940	0.0941	0.1140	0.4641	-0.0108	0.4954	0.3190	22.2353	313.3993	15.6322	32.2771	0.4078	0.3301	48.0157	46.2958
91.0569	498.0000	-0.2320	0.3253	0.0000	26.1920	14.5000	230.7690	0.1662	21.1300	35.1371	4.0000	500.0000	450.0000	0.0000	499.1323	0.2548	0.2645	0.0940	0.0941	0.1140	0.4641	-0.0108	0.4954	0.3190	22.2353	313.3993	15.6322	32.2771	0.4078	0.3301	48.0157	46.2958
91.6787	499.0000	-0.2320	0.3256	0.0000	26.1930	14.5200	230.7460	0.1664	21.1700	35.1068	4.0000	500.0000	450.0000	0.0000	495.2007	0.2744	0.2857	0.0942	0.0942	0.0095	0.4910	-0.0131	0.4588	0.4215	22.4565	313.3749	15.1472	32.2778	0.4916	0.3318	48.0157	46.2958
91.7487	499.0000	-0.2320	0.3256	0.0000	26.1930	14.5200	230.7460	0.1664	21.1700	35.1068	4.0000	500.0000	450.0000	0.0000	495.2007	0.2744	0.2857	0.0942	0.0942	0.0095	0.4910	-0.0131	0.4588	0.4215	22.4565	313.3749	15.1472	32.2778	0.4916	0.3318	48.0157	46.2958
92.2998	500.0000	-0.2310	0.3255	0.0000	26.1960	14.5000	230.6990	0.1665	21.1900	35.1396	4.0000	500.0000	450.0000	0.0000	499.6376	0.2460	0.2604	0.0942	0.0940	0.0456	0.4374	-0.0757	0.4549	0.1938	22.2107	313.3736	15.1838	32.2786	0.4233	0.3308	48.0172	46.2958
92.4933	500.0000	-0.2310	0.3255	0.0000	26.1960	14.5000	230.6990	0.1665	21.1900	35.1396	4.0000	500.0000	450.0000	0.0000	499.6376	0.2460	0.2604	0.0942	0.0940	0.0456	0.4374	-0.0757	0.4549	0.1938	22.2107	313.3736	15.1838	32.2786	0.4233	0.3308	48.0172	46.2958
92.9215	501.0000	-0.2310	0.3251	0.0000	26.1900	14.4900	230.6780	0.1664	21.2000	35.1204	4.0000	500.0000	450.0000	0.0000	501.4645	0.2517	0.2505	0.0940	0.0940	0.0993	0.4397	0.0467	0.4616	0.2900	22.2232	313.2910	15.5024	32.2793	0.4679	0.3304	48.0172	46.2958
93.2380	501.0000	-0.2310	0.3251	0.0000	26.1900	14.4900	230.6780	0.1664	21.2000	35.1204	4.0000	500.0000	450.0000	0.0000	496.9623	0.2745	0.2748	0.0943	0.0942	0.1044	0.4803	-0.0847	0.4779	0.5692	22.4389	313.2491	15.8130	32.2801	0.4866	0.3297	48.0187	46.2958
93.5430	501.0000	-0.2310	0.3251	0.0000	26.1900	14.4900	230.6780	0.1664	21.2000	35.1204	4.0000	500.0000	450.0000	0.0000	496.9623	0.2745	0.2748	0.0943	0.0942	0.1044	0.4803	-0.0847	0.4779	0.5692	22.4389	313.2491	15.8130	32.2801	0.4866	0.3297	48.0187	46.2958
93.9735	500.0000	-0.2310	0.3245	0.0000	26.1880	14.4500	230.6350	0.1659	21.1200	35.0915	4.0000	500.0000	450.0000	0.0000	501.2438	0.2670	0.2518	0.0940	0.0941	-0.0100	0.4695	0.0413	0.4429	0.3476	22.3151	313.2518	15.0708	32.2808	0.4598	0.3307	48.0201	46.2958
94.1645	500.0000	-0.2310	0.3245	0.0000	26.1880	14.4500	230.6350	0.1659	21.1200	35.0915	4.0000	500.0000	450.0000	0.0000	501.2438	0.2670	0.2518	0.0940	0.0941	-0.0100	0.4695	0.0413	0.4429	0.3476	22.3151	313.2518	15.0708	32.2808	0.4598	0.3307	48.0201	46.2958
94.7194	502.0000	-0.2310	0.3249	0.0000	26.1940	14.4700	230.6160	0.1664	21.1600	35.1043	4.0000	500.0000	450.0000	0.0000	501.7724	0.2485	0.2492	0.0939	0.0940	0.1145	0.4402	0.0392	0.4585	0.2283	22.1652	313.2044	15.1129	32.2816	0.4759	0.3318	48.0201	46.2958
94.7860	502.0000	-0.2310	0.3249	0.0000	26.1940	14.4700	230.6160	0.1664	21.1600	35.1043	4.0000	500.0000	450.0000	0.0000	501.7724	0.2485	0.2492	0.0939	0.0940	0.1145	0.4402	0.0392	0.4585	0.2283	22.1652	313.2044	15.1129	32.2816	0.4759	0.3318	48.0201	46.2958
95.4082	500.0000	-0.2310	0.3252	0.0000	26.1900	14.4900	230.5810	0.1662	21.1100	35.0901	4.0000	500.0000	450.0000	0.0000	494.4422	0.2406	0.2893	0.0942	0.0940	0.1484	0.4190	0.0083	0.5206	0.5185	22.3854	313.1381	15.5914	32.2823	0.4960	0.3304	48.0216	46.2958
95.4719	500.0000	-0.2310	0.3252	0.0000	26.1900	14.4900	230.5810	0.1662	21.1100	35.0901	4.0000	500.0000	450.0000	0.0000	494.4422	0.2406	0.2893	0.0942	0.0940	0.1484	0.4190	0.0083	0.5206	0.5185	22.3854	313.1381	15.5914	32.2823	0.4960	0.3304	48.0216	46.2958
96.0290	502.0000	-0.2310	0.3249	0.0000	26.1920	14.4700	230.5650	0.1662	21.1700	35.1007	4.0000	500.0000	450.0000	0.0000	498.2191	0.2830	0.2679	0.0943	0.0942	-0.0031	0.5017	-0.0416	0.4448	0.5013	22.4587	313.1286	15.4532	32.2831	0.4726	0.3302	48.0230	46.2958
96.2090	502.0000	-0.2310	0.3249	0.0000	26.1920	14.4700	230.5650	0.1662	21.1700	35.1007	4.0000	500.0000	450.0000	0.0000	498.2191	0.2830	0.2679	0.0943	0.0942	-0.0031	0.5017	-0.0416	0.4448	0.5013	22.4587	313.1286	15.4532	32.2831	0.4726	0.3302	48.0230	46.2958
96.6506	499.0000	-0.2320	0.3245	0.0000	26.1880	14.4500	230.5360	0.1660	21.1500	35.0961	4.0000	500.0000	450.0000	0.0000	503.1063	0.2482	0.2412	0.0940	0.0940	0.0532	0.4438	-0.0129	0.4510	0.3281	22.2262	313.1395	15.2994	32.2839	0.4449	0.3294	48.0230	46.2958
96.9469	499.0000	-0.2320	0.3245	0.0000	26.1880	14.4500	230.5360	0.1660	21.1500	35.0961	4.0000	500.0000	450.0000	0.0000	503.1063	0.2482	0.2412	0.0940	0.0940	0.0532	0.4438	-0.0129	0.4510	0.3281	22.2262	313.1395	15.2994	32.2839	0.4449	0.3294	48.0230	46.2958
97.2721	499.0000	-0.2320	0.3245	0.0000	26.1880	14.4500	230.5360	0.1660	21.1500	35.0961	4.0000	500.0000	450.0000	0.0000	504.4564	0.2491	0.2340	0.0940	0.0940	0.0975	0.4516	0.0261	0.4686	0.3409	22.1878	313.1273	15.5098	32.2846	0.4674	0.3295	48.0245	46.2958
97.6966	497.0000	-0.2300	0.3246	0.0000	26.1910	14.4600	230.5240	0.1660	21.1500	35.0617	4.0000	500.0000	450.0000	0.0000	497.0826	0.2639	0.2748	0.0941	0.0942	0.1004	0.4658	-0.0103	0.4572	0.6038	22.4641	313.1056	15.6035	32.2854	0.4936	0.3300	48.0245	46.2958
97.8939	497.0000	-0.2300	0.3246	0.0000	26.1910	14.4600	230.5240	0.1660	21.1500	35.0617	4.0000	500.0000	450.0000	0.0000	497.0826	0.2639	0.2748	0.0941	0.0942	0.1004	0.4658	-0.0103	0.4572	0.6038	22.4641	313.1056	15.6035	32.2854	0.4936	0.3300	48.0245	46.2958
98.4370	502.0000	-0.2300	0.3250	0.0000	26.1890	14.4800	230.5070	0.1661	21.1100	35.1149	4.0000	500.0000	450.0000	0.0000	497.0826	0.2639	0.2748	0.0941	0.0942	0.1004	0.4658	-0.0103	0.4572	0.6038	22.4641	313.1056	15.6035	32.2854	0.4936	0.3300	48.0245	46.2958
99.0248	501.0000	-0.2310	0.3247	0.0000	26.1950	14.4600	230.5010	0.1658	21.0700	35.0310	5.0000	500.0000	450.0000	0.0000	495.3928	0.2758	0.2836	0.0943	0.0942	0.0199	0.4892	-0.0784	0.4294	0.2644	22.3164	313.0786	15.2245	32.2868	0.4817	0.3311	48.0259	46.2958
99.1634	501.0000	-0.2310	0.3247	0.0000	26.1950	14.4600	230.5010	0.1658	21.0700	35.0310	5.0000	500.0000	450.0000	0.0000	495.3928	0.2758	0.2836	0.0943	0.0942	0.0199	0.4892	-0.0784	0.4294	0.2644	22.3164	313.0786	15.2245	32.2868	0.4817	0.3311	48.0259	46.2958
99.6470	499.0000	-0.2310	0.3244	0.0000	26.1890	14.4500	230.4930	0.1662	21.1500	35.0406	5.0000	500.0000	450.0000	0.0000	502.4736	0.2570	0.2449	0.0940	0.0941	0.1073	0.4574	0.0027	0.4506	0.2074	22.1707	313.0447	15.4121	32.2875	0.4464	0.3298	48.0274	46.2958
100.0400	499.0000	-0.2310	0.3244	0.0000	26.1890	14.4500	230.4930	0.1662	21.1500	35.0406	5.0000	500.0000	450.0000	0.0000	493.2419	0.2461	0.2954	0.0943	0.0940	0.1341	0.4303	-0.0167	0.4920	0.4808	22.2797	313.1097	15.8143	32.2883	0.4971	0.3305	48.0289	46.2958
100.2677	499.0000	-0.2310	0.3244	0.0000	26.1890	14.4500	230.4930	0.1662	21.1500	35.0406	5.0000	500.0000	450.0000	0.0000	493.2419	0.2461	0.2954	0.0943	0.0940	0.1341	0.4303	-0.0167	0.4920	0.4808	22.2797	313.1097	15.8143	32.2883	0.4971	0.3305	48.0289	46.2958
100.7791	500.0000	-0.2310	0.3246	0.0000	26.1890	14.4600	230.4910	0.1661	21.1700	35.0640	5.0000	500.0000	450.0000	0.0000	497.8856	0.2559	0.2694	0.0943	0.0940	0.0070	0.4175	-0.0455	0.4588	0.4949	22.4130	313.0867	15.3009	32.2891	0.4949	0.3304	48.0289	46.2958
100.8890	500.0000	-0.2310	0.3246	0.0000	26.1890	14.4600	230.4910	0.1661	21.1700	35.0640	5.0000	500.0000	450.0000	0.0000	497.8856	0.2559	0.2694	0.0943	0.0940	0.0070	0.4175	-0.0455	0.4588	0.4949	22.4130	313.0867	15.3009	32.2891	0.4949	0.3304	48.0289	46.2958
101.5081	502.0000	-0.2310	0.3242	0.0000	26.1900	14.4400	230.4940	0.1659	21.1300	35.0624	5.0000	500.0000	450.0000	0.0000	503.8633	0.2396	0.2364	0.0941	0.0940	0.0679	0.4224	-0.0169	0.4737	0.0802	22.1814	313.0799	14.8301	32.2898	0.4271	0.3305	48.0303	46.2958
101.5106	502.0000	-0.2310	0.3242	0.0000	26.1900	14.4400	230.4940	0.1659	21.1300	35.0624	5.0000	500.0000	450.0000	0.0000	503.8633	0.2396	0.2364	0.0941	0.0940	0.0679	0.4224	-0.0169	0.4737	0.0802	22.1814	313.0799	14.8301	32.2898	0.4271	0.3305	48.0303	46.2958
102.1322	501.0000	-0.2290	0.3236	0.0000	26.1870	14.4100	230.4990	0.1658	21.1000	35.0743	5.0000	500.0000	450.0000	0.0000	500.9919	0.2460	0.2520	0.0940	0.0940	0.0944	0.4324	0.0507	0.4673	0.4069	22.2825	313.1219	15.2722	32.2906	0.4435	0.3292	48.0317	46.2958
102.2526	501.0000	-0.2290	0.3236	0.0000	26.1870	14.4100	230.4990	0.1658	21.1000	35.0743	5.0000	500.0000	450.0000	0.0000	500.9919	0.2460	0.2520	0.0940	0.0940	0.0944	0.4324	0.0507	0.4673	0.4069	22.2825	313.1219	15.2722	32.2906	0.4435	0.3292	48.0317	46.2958
102.7377	503.0000	-0.2310	0.3231	0.0000	26.1890	14.3800	230.5120	0.1657	21.0800	35.0754	5.0000	500.0000	450.0000	0.0000	499.0578	0.2395	0.2621	0.0943	0.0940	0.0980	0.4284	-0.0468	0.4406	0.3101	22.2311	313.1164	15.2038	32.2913	0.4656	0.3286	48.0317	46.2958
102.9970	503.0000	-0.2310	0.3231	0.0000	26.1890	14.3800	230.5120	0.1657	21.0800	35.0754	5.0000	500.0000	450.0000	0.0000	499.0578	0.2395	0.2621	0.0943	0.0940	0.0980	0.4284	-0.0468	0.4406	0.3101	22.2311	313.1164	15.2038	32.2913	0.4656	0.3286	48.0317	46.2958
103.3592	503.0000	-0.2310	0.3231	0.0000	26.1890	14.3800	230.5120	0.1657	21.0800	35.0754	5.0000	500.0000	450.0000	0.0000	494.8671	0.2520	0.2855	0.0941	0.0940	0.0469	0.4479	0.0288	0.4752	0.5262	22.2663	313.1881	15.5135	32.2921	0.4998	0.3298	48.0331	46.2958
103.7484	499.0000	-0.2300	0.3234	0.0000	26.1860	14.3900	230.5210	0.1654	21.0200	35.0436	5.0000	500.0000	450.0000	0.0000	499.4071	0.2835	0.2602	0.0942	0.0943	0.0567	0.5066	-0.0780	0.4685	0.3905	22.3456	313.1571	15.5604	32.2928	0.4520	0.3295	48.0331	46.2958
103.9807	499.0000	-0.2300	0.3234	0.0000	26.1860	14.3900	230.5210	0.1654	21.0200	35.0436	5.0000	500.0000	450.0000	0.0000	499.4071	0.2835	0.2602	0.0942	0.0943	0.0567	0.5066	-0.0780	0.4685	0.3905	22.3456	313.1571	15.5604	32.2928	0.4520	0.3295	48.0331	46.2958
104.4855	500.0000	-0.2300	0.3242	0.0000	26.1860	14.4300	230.5460	0.1660	21.1300	35.0358	5.0000	500.0000	450.0000	0.0000	500.7150	0.2477	0.2536	0.0940	0.0940	0.1432	0.4368	-0.0191	0.5070	0.5166	22.3080	313.1909	15.7797	32.2936	0.4549	0.3295	48.0345	46.2958
104.5869	500.0000	-0.2300	0.3242	0.0000	26.1860	14.4300	230.5460	0.1660	21.1300	35.0358	5.0000	500.0000	450.0000	0.0000	500.7150	0.2477	0.2536	0.0940	0.0940	0.1432	0.4368	-0.0191	0.5070	0.5166	22.3080	313.1909	15.7797	32.2936	0.4549	0.3295	48.0345	46.2958
105.1918	502.0000	-0.2290	0.3238	0.0000	26.1840	14.4200	230.5610	0.1659	21.0700	35.0392	5.0000	500.0000	450.0000	0.0000	503.1627	0.2462	0.2402	0.0940	0.0940	0.0996	0.4339	0.0389	0.4586	0.4444	22.2309	313.1828	15.5906	32.2943	0.4612	0.3294	48.0359	46.2958
105.2299	502.0000	-0.2290	0.3238	0.0000	26.1840	14.4200	230.5610	0.1659	21.0700	35.0392	5.0000	500.0000	450.0000	0.0000	503.1627	0.2462	0.2402	0.0940	0.0940	0.0996	0.4339	0.0389	0.4586	0.4444	22.2309	313.1828	15.5906	32.2943	0.4612	0.3294	48.0359	46.2958
105.7977	495.0000	-0.2300	0.3233	0.0000	26.1860	14.3900	230.5980	0.1660	21.1100	34.9732	5.0000	500.0000	450.0000	0.0000	497.9351	0.2419	0.2687	0.0943	0.0940	0.1207	0.4261	-0.0804	0.4589	0.2557	22.1640	313.2613	15.2499	32.2950	0.4747	0.3287	48.0359	46.2958
105.9751	495.0000	-0.2300	0.3233	0.0000	26.1860	14.3900	230.5980	0.1660	21.1100	34.9732	5.0000	500.0000	450.0000	0.0000	497.9351	0.2419	0.2687	0.0943	0.0940	0.1207	0.4261	-0.0804	0.4589	0.2557	22.1640	313.2613	15.2499	32.2950	0.4747	0.3287	48.0359	46.2958
106.4190	503.0000	-0.2310	0.3237	0.0000	26.1860	14.4100	230.6180	0.1658	21.0900	35.0245	6.0000	500.0000	450.0000	0.0000	497.5196	0.2350	0.2713	0.0941	0.0939	0.0828	0.4219	0.0119	0.4818	0.5079	22.2291	313.2883	15.2594	32.2958	0.4975	0.3295	48.0373	46.2958
106.7110	503.0000	-0.2310	0.3237	0.0000	26.1860	14.4100	230.6180	0.1658	21.0900	35.0245	6.0000	500.0000	450.0000	0.0000	497.5196	0.2350	0.2713	0.0941	0.0939	0.0828	0.4219	0.0119	0.4818	0.5079	22.2291	313.2883	15.2594	32.2958	0.4975	0.3295	48.0373	46.2958
107.0408	503.0000	-0.2310	0.3237	0.0000	26.1860	14.4100	230.6180	0.1658	21.0900	35.0245	6.0000	500.0000	450.0000	0.0000	494.9496	0.2786	0.2849	0.0942	0.0943	0.1071	0.4976	-0.0127	0.4708	0.5091	22.4575	313.3127	15.3248	32.2966	0.4903	0.3295	48.0387	46.2958
107.4421	502.0000	-0.2300	0.3235	0.0000	26.1850	14.4000	230.6600	0.1657	21.0200	35.0335	NOT CONNECTED	500.0000	450.0000	0.0000	504.0672	0.2421	0.2345	0.0939	0.0940	0.0497	0.4236	0.0610	0.4625	0.1532	22.2372	313.3655	15.0192	32.2973	0.4370	0.3284	48.0387	46.2958
107.6618	502.0000	-0.2300	0.3235	0.0000	26.1850	14.4000	230.6600	0.1657	21.0200	35.0335	NOT CONNECTED	500.0000	450.0000	0.0000	504.0672	0.2421	0.2345	0.0939	0.0940	0.0497	0.4236	0.0610	0.4625	0.1532	22.2372	313.3655	15.0192	32.2973	0.4370	0.3284	48.0387	46.2958
108.1904	501.0000	-0.2270	0.3231	0.0000	26.1850	14.3800	230.6810	0.1656	21.0700	34.9853	NOT CONNECTED	0.0000	450.0000	0.0000	496.8521	0.2816	0.2739	0.0941	0.0942	-0.0032	0.4987	-0.0188	0.4500	0.5666	22.4570	313.3763	15.4452	32.2981	0.4733	0.3292	48.0401	46.2958
108.2985	501.0000	-0.2270	0.3231	0.0000	26.1850	14.3800	230.6810	0.1656	21.0700	34.9853	NOT CONNECTED	0.0000	450.0000	0.0000	496.8521	0.2816	0.2739	0.0941	0.0942	-0.0032	0.4987	-0.0188	0.4500	0.5666	22.4570	313.3763	15.4452	32.2981	0.4733	0.3292	48.0401	46.2958
108.9203	524.0000	-0.0270	0.3234	0.0000	26.1910	14.3900	230.7280	0.1660	21.1100	35.0209	NOT CONNECTED	0.0000	450.0000	0.0000	514.5689	0.0688	0.0783	0.0930	0.0931	0.2883	0.1215	0.2606	0.1523	1.2480	20.6013	317.4286	2.4638	32.2989	0.3085	0.3255	48.0401	46.2958
109.1691	524.0000	-0.0270	0.3234	0.0000	26.1910	14.3900	230.7280	0.1660	21.1100	35.0209	NOT CONNECTED	0.0000	450.0000	0.0000	514.5689	0.0688	0.0783	0.0930	0.0931	0.2883	0.1215	0.2606	0.1523	1.2480	20.6013	317.4286	2.4638	32.2989	0.3085	0.3255	48.0401	46.2958
109.5426	499.0000	-0.0290	0.1835	0.0000	24.7270	2.3000	230.7800	0.0744	8.2200	35.0305	NOT CONNECTED	0.0000	450.0000	0.0000	494.4240	0.0328	0.0869	0.0930	0.0929	0.3076	0.0646	0.2797	0.1885	1.1748	20.0281	317.7101	3.0766	32.2908	0.3270	0.1843	48.0414	46.2958
109.9065	499.0000	-0.0290	0.1835	0.0000	24.7270	2.3000	230.7800	0.0744	8.2200	35.0305	NOT CONNECTED	0.0000	450.0000	0.0000	492.5991	0.0743	0.0834	0.0931	0.0932	0.1630	0.1503	0.1800	0.0504	1.2586	20.1990	317.6668	2.2605	32.2827	0.2339	0.1891	48.0404	46.2958
110.1638	499.0000	-0.0290	0.1835	0.0000	24.7270	2.3000	230.7800	0.0744	8.2200	35.0305	NOT CONNECTED	0.0000	450.0000	0.0000	492.5991	0.0743	0.0834	0.0931	0.0932	0.1630	0.1503	0.1800	0.0504	1.2586	20.1990	317.6668	2.2605	32.2827	0.2339	0.1891	48.0404	46.2958
110.6524	501.0000	-0.0300	0.1874	0.0000	24.5730	2.4400	230.7970	0.0749	8.3300	34.9690	NOT CONNECTED	0.0000	450.0000	0.0000	501.5797	0.0514	0.0333	0.0928	0.0930	0.3412	0.0840	0.2949	0.1629	1.1597	19.9465	317.7115	3.4865	32.2757	0.2983	0.1869	48.0404	46.2958
110.7694	501.0000	-0.0300	0.1874	0.0000	24.5730	2.4400	230.7970	0.0749	8.3300	34.9690	NOT CONNECTED	0.0000	450.0000	0.0000	501.5797	0.0514	0.0333	0.0928	0.0930	0.3412	0.0840	0.2949	0.1629	1.1597	19.9465	317.7115	3.4865	32.2757	0.2983	0.1869	48.0404	46.2958
111.3876	499.0000	-0.0310	0.1872	0.0000	24.5290	2.4600	230.8340	0.0745	8.3400	35.0032	NOT CONNECTED	0.0000	450.0000	0.0000	503.1257	0.0536	0.0236	0.0928	0.0930	0.2306	0.0890	0.2142	0.0191	0.8587	19.9271	317.6736	2.3330	32.2692	0.2193	0.1871	48.0374	46.2958
111.3909	499.0000	-0.0310	0.1872	0.0000	24.5290	2.4600	230.8340	0.0745	8.3400	35.0032	NOT CONNECTED	0.0000	450.0000	0.0000	503.1257	0.0536	0.0236	0.0928	0.0930	0.2306	0.0890	0.2142	0.0191	0.8587	19.9271	317.6736	2.3330	32.2692	0.2193	0.1871	48.0374	46.2958
112.0123	500.0000	-0.0320	0.1876	0.0000	24.5310	2.4600	230.8500	0.0749	8.3300	34.9541	NOT CONNECTED	0.0000	450.0000	0.0000	506.1115	0.0130	0.0080	0.0928	0.0927	0.2308	0.0225	0.2499	0.0599	0.8601	19.7176	317.7547	2.4576	32.2633	0.2649	0.1897	48.0374	46.2958
112.1179	500.0000	-0.0320	0.1876	0.0000	24.5310	2.4600	230.8500	0.0749	8.3300	34.9541	NOT CONNECTED	0.0000	450.0000	0.0000	506.1115	0.0130	0.0080	0.0928	0.0927	0.2308	0.0225	0.2499	0.0599	0.8601	19.7176	317.7547	2.4576	32.2633	0.2649	0.1897	48.0374	46.2958
112.6501	501.0000	-0.0310	0.1868	0.0000	24.5270	2.4600	230.8800	0.0750	8.3600	34.9874	NOT CONNECTED	0.0000	450.0000	0.0000	501.3551	0.0477	-0.0000	0.0878	0.0709	-0.6675	0.1088	0.0310	-0.1397	-6.4570	11.7646	317.7142	4.6834	32.2581	0.0973	0.1902	48.0345	46.2958
112.8651	501.0000	-0.0310	0.1868	0.0000	24.5270	2.4600	230.8800	0.0750	8.3600	34.9874	NOT CONNECTED	0.0000	450.0000	0.0000	501.3551	0.0477	-0.0000	0.0878	0.0709	-0.6675	0.1088	0.0310	-0.1397	-6.4570	11.7646	317.7142	4.6834	32.2581	0.0973	0.1902	48.0345	46.2958
113.2719	85.0000	0.1620	1.0057	0.0000	14.6910	15.5400	230.8810	0.1935	25.1800	34.9729	NOT CONNECTED	0.0000	450.0000	0.0000	0.0000	0.0000	0.0000	0.0931	0.0531	-1.4332	0.1809	-1.4413	0.0968	-8.9871	5.9803	314.5103	0.0000	32.3153	1.4445	1.0398	48.0315	46.2958
113.6026	85.0000	0.1620	1.0057	0.0000	14.6910	15.5400	230.8810	0.1935	25.1800	34.9729	NOT CONNECTED	0.0000	450.0000	0.0000	0.0000	0.0000	0.0000	0.0931	0.0531	-1.4332	0.1809	-1.4413	0.0968	-8.9871	5.9803	321.1227	0.0000	32.3625	1.4445	0.0064	48.0315	46.2958
113.8922	85.0000	0.1620	1.0057	0.0000	14.6910	15.5400	230.8810	0.1935	25.1800	34.9729	NOT CONNECTED	0.0000	450.0000	0.0000	0.0000	0.0000	0.0000	0.0931	0.0531	-1.4332	0.1809	-1.4413	0.0968	-8.9871	5.9803	321.1227	0.0000	32.3625	1.4445	0.0064	48.0315	46.2958
114.3469	0.0000	0.0060	0.0106	0.0000	0.3090	-0.0300	230.9190	0.0000	1.4700	35.0009	NOT CONNECTED	0.0000	450.0000	0.0000	0.0000	0.0000	0.0000	0.0931	0.0531	-1.4332	0.1809	-1.4413	0.0968	-8.9871	5.9803	321.1390	0.0000	32.3428	1.4445	0.0059	48.0626	46.2958
114.4982	NOT CONNECTED	NOT CONNECTED	NOT CONNECTED	NOT CONNECTED	NOT CONNECTED	NOT CONNECTED	NOT CONNECTED	NOT CONNECTED	NOT CONNECTED	NOT CONNECTED	NOT CONNECTED	0.0000	450.0000	0.0000	0.0000	0.0000	0.0000	0.0931	0.0531	-1.4332	0.1809	-1.4413	0.0968	-8.9871	5.9803	321.1390	0.0000	32.3428	1.4445	0.0059	48.0626	46.2958
