Time	speed	torque	motor_current	motor_current_thd	motor_voltage	motor_power	line_voltage	line_current	line_power	motor_temperature	Test_Marker	BD_Target_Speed	BD_Target_Accel	BD_Update_Cmd	Mcl_Quantities.Speed_Rot_Mech	Mcl_Quantities.Torque	Mcl_Quantities.Torque_Ref	Mcl_Quantities.Stator_Flux_Mag	Mcl_Quantities.Flux_Ref	Mcl_Quantities.Id_stator_current	Mcl_Quantities.Iq_stator_current	Mcl_Quantities.Id_rotor_current	Rotor_Curr_Iq	Flux_Controller.Out	Torque_Controller.Out	DC_Bus_RMS	Mcl_Quantities.Electrical_Power	Mcl_Quantities.Stator_Temperature	Mcl_Quantities.Is_Abs	Mcl_Quantities.IsRMS	SR_Overheating_Temp
0.7378	0.0000	0.0000	0.0193	0.0000	0.9930	-0.0200	230.7600	0.0361	2.1200	61.5438	NOT CONNECTED	NOT CONNECTED	NOT CONNECTED	NOT CONNECTED	NOT CONNECTED	NOT CONNECTED	NOT CONNECTED	NOT CONNECTED	NOT CONNECTED	NOT CONNECTED	NOT CONNECTED	NOT CONNECTED	NOT CONNECTED	NOT CONNECTED	NOT CONNECTED	NOT CONNECTED	NOT CONNECTED	NOT CONNECTED	NOT CONNECTED	NOT CONNECTED	NOT CONNECTED
1.4870	0.0000	0.0000	0.0075	0.0000	0.3010	-0.0300	230.7550	0.0335	1.9900	61.5279	NOT CONNECTED	NOT CONNECTED	NOT CONNECTED	NOT CONNECTED	NOT CONNECTED	NOT CONNECTED	NOT CONNECTED	NOT CONNECTED	NOT CONNECTED	NOT CONNECTED	NOT CONNECTED	NOT CONNECTED	NOT CONNECTED	NOT CONNECTED	NOT CONNECTED	NOT CONNECTED	NOT CONNECTED	NOT CONNECTED	NOT CONNECTED	NOT CONNECTED	NOT CONNECTED
1.7377	0.0000	0.0000	0.0075	0.0000	0.3010	-0.0300	230.7550	0.0335	1.9900	61.5279	NOT CONNECTED	0.0000	500.0000	0.0000	0.0000	0.0000	0.0000	0.0672	0.0356	-1.8993	0.3339	-1.9232	0.1420	0.0000	0.0000	321.6855	0.0000	77.5023	1.9284	0.0050	85.4018
2.2201	0.0000	0.0000	0.0075	0.0000	0.3000	-0.0300	230.7510	0.0333	1.9800	61.5209	NOT CONNECTED	0.0000	500.0000	0.0000	0.0000	0.0000	0.0000	0.0672	0.0356	-1.8993	0.3339	-1.9232	0.1420	0.0000	0.0000	321.7059	0.0000	77.3236	1.9284	0.0049	85.3042
2.3282	0.0000	0.0000	0.0075	0.0000	0.3000	-0.0300	230.7510	0.0333	1.9800	61.5209	NOT CONNECTED	0.0000	500.0000	0.0000	0.0000	0.0000	0.0000	0.0672	0.0356	-1.8993	0.3339	-1.9232	0.1420	0.0000	0.0000	321.7059	0.0000	77.3236	1.9284	0.0049	85.3042
2.9341	0.0000	0.0000	0.0075	0.0000	0.3000	-0.0300	230.7510	0.0333	1.9800	61.5209	NOT CONNECTED	0.0000	500.0000	0.0000	0.0000	0.0000	0.0000	0.0672	0.0356	-1.8993	0.3339	-1.9232	0.1420	0.0000	0.0000	321.6734	0.0000	77.1509	1.9284	0.0050	85.3042
3.5395	0.0000	0.0000	0.0075	0.0000	0.3000	-0.0300	230.7180	0.0330	1.9600	61.4249	NOT CONNECTED	0.0000	500.0000	0.0000	0.0000	0.0000	0.0000	0.0672	0.0356	-1.8993	0.3339	-1.9232	0.1420	0.0000	0.0000	321.6937	0.0000	76.9840	1.9284	0.0047	85.2071
4.1463	0.0000	0.0000	0.0075	0.0000	0.3000	-0.0300	230.7180	0.0330	1.9600	61.4249	NOT CONNECTED	0.0000	500.0000	0.0000	0.0000	0.0000	0.0000	0.0672	0.0356	-1.8993	0.3339	-1.9232	0.1420	0.0000	0.0000	321.6476	0.0000	76.8226	1.9284	0.0051	85.1103
4.4766	0.0000	0.0000	0.0075	0.0000	0.3000	-0.0300	230.7180	0.0330	1.9600	61.4249	NOT CONNECTED	0.0000	500.0000	0.0000	0.0000	0.0000	0.0000	0.0672	0.0356	-1.8993	0.3339	-1.9232	0.1420	0.0000	0.0000	321.6084	0.0000	76.6666	1.9284	0.0047	85.1103
4.7351	0.0000	0.0000	0.0075	0.0000	0.3000	-0.0300	230.7180	0.0330	1.9600	61.4249	NOT CONNECTED	0.0000	500.0000	0.0000	0.0000	0.0000	0.0000	0.0672	0.0356	-1.8993	0.3339	-1.9232	0.1420	0.0000	0.0000	321.6084	0.0000	76.6666	1.9284	0.0047	85.1103
5.2094	0.0000	0.0000	0.0075	0.0000	0.3010	-0.0300	230.7080	0.0329	1.9700	61.4031	NOT CONNECTED	0.0000	500.0000	0.0000	0.0000	0.0000	0.0000	0.0672	0.0356	-1.8993	0.3339	-1.9232	0.1420	0.0000	0.0000	321.6057	0.0000	76.5157	1.9284	0.0048	85.0139
5.3403	0.0000	0.0000	0.0075	0.0000	0.3010	-0.0300	230.7080	0.0329	1.9700	61.4031	NOT CONNECTED	0.0000	500.0000	0.0000	0.0000	0.0000	0.0000	0.0672	0.0356	-1.8993	0.3339	-1.9232	0.1420	0.0000	0.0000	321.6057	0.0000	76.5157	1.9284	0.0048	85.0139
5.9469	0.0000	0.0000	0.0075	0.0000	0.3010	-0.0300	230.6980	0.0328	1.9600	61.3785	NOT CONNECTED	0.0000	500.0000	0.0000	0.0000	0.0000	0.0000	0.0672	0.0356	-1.8993	0.3339	-1.9232	0.1420	0.0000	0.0000	321.5854	0.0000	76.3698	1.9284	0.0048	85.0139
5.9732	0.0000	0.0000	0.0075	0.0000	0.3010	-0.0300	230.6980	0.0328	1.9600	61.3785	NOT CONNECTED	0.0000	500.0000	0.0000	0.0000	0.0000	0.0000	0.0672	0.0356	-1.8993	0.3339	-1.9232	0.1420	0.0000	0.0000	321.5854	0.0000	76.3698	1.9284	0.0048	85.0139
6.5516	0.0000	0.0000	0.0075	0.0000	0.3010	-0.0300	230.6760	0.0326	1.9500	61.3286	NOT CONNECTED	0.0000	500.0000	0.0000	0.0000	0.0000	0.0000	0.0672	0.0356	-1.8993	0.3339	-1.9232	0.1420	0.0000	0.0000	321.5840	0.0000	76.2229	1.9284	0.0049	84.9179
6.7060	0.0000	0.0000	0.0075	0.0000	0.3010	-0.0300	230.6760	0.0326	1.9500	61.3286	NOT CONNECTED	0.0000	500.0000	0.0000	0.0000	0.0000	0.0000	0.0672	0.0356	-1.8993	0.3339	-1.9232	0.1420	0.0000	0.0000	321.5840	0.0000	76.2229	1.9284	0.0049	84.9179
7.1579	0.0000	0.0000	0.0075	0.0000	0.3010	-0.0300	230.6520	0.0325	1.9400	61.3386	NOT CONNECTED	0.0000	500.0000	0.0000	0.0000	0.0000	0.0000	0.0672	0.0356	-1.8993	0.3339	-1.9232	0.1420	0.0000	0.0000	321.5407	0.0000	76.0866	1.9284	0.0048	84.8223
7.4738	0.0000	0.0000	0.0075	0.0000	0.3010	-0.0300	230.6520	0.0325	1.9400	61.3386	NOT CONNECTED	0.0000	500.0000	0.0000	0.0000	0.0000	0.0000	0.0672	0.0356	-1.8993	0.3339	-1.9232	0.1420	0.0000	0.0000	321.5204	0.0000	75.9494	1.9284	0.0047	84.8223
7.7798	0.0000	0.0000	0.0075	0.0000	0.3010	-0.0300	230.6520	0.0325	1.9400	61.3386	NOT CONNECTED	0.0000	500.0000	0.0000	0.0000	0.0000	0.0000	0.0672	0.0356	-1.8993	0.3339	-1.9232	0.1420	0.0000	0.0000	321.5204	0.0000	75.9494	1.9284	0.0047	84.8223
8.2094	0.0000	0.0000	0.0075	0.0000	0.3010	-0.0300	230.6390	0.0325	1.9400	61.2739	NOT CONNECTED	0.0000	500.0000	0.0000	0.0000	0.0000	0.0000	0.0672	0.0356	-1.8993	0.3339	-1.9232	0.1420	0.0000	0.0000	321.4744	0.0000	75.8220	1.9284	0.0051	84.7270
8.3857	0.0000	0.0000	0.0075	0.0000	0.3010	-0.0300	230.6390	0.0325	1.9400	61.2739	NOT CONNECTED	0.0000	500.0000	0.0000	0.0000	0.0000	0.0000	0.0672	0.0356	-1.8993	0.3339	-1.9232	0.1420	0.0000	0.0000	321.4744	0.0000	75.8220	1.9284	0.0051	84.7270
8.9755	0.0000	0.0000	0.0075	0.0000	0.3010	-0.0300	230.6270	0.0324	1.9400	61.2063	NOT CONNECTED	0.0000	500.0000	0.0000	0.0000	0.0000	0.0000	0.0672	0.0356	-1.8993	0.3339	-1.9232	0.1420	0.0000	0.0000	321.4596	0.0000	75.6986	1.9284	0.0050	84.7270
8.9915	0.0000	0.0000	0.0075	0.0000	0.3010	-0.0300	230.6270	0.0324	1.9400	61.2063	NOT CONNECTED	0.0000	500.0000	0.0000	0.0000	0.0000	0.0000	0.0672	0.0356	-1.8993	0.3339	-1.9232	0.1420	0.0000	0.0000	321.4596	0.0000	75.6986	1.9284	0.0050	84.7270
9.5966	0.0000	0.0000	0.0075	0.0000	0.3010	-0.0300	230.6000	0.0325	1.9400	61.1804	NOT CONNECTED	0.0000	500.0000	0.0000	0.0000	0.0000	0.0000	0.0672	0.0356	-1.8993	0.3339	-1.9232	0.1420	0.0000	0.0000	321.4514	0.0000	75.5793	1.9284	0.0047	84.6321
9.7216	0.0000	0.0000	0.0075	0.0000	0.3010	-0.0300	230.6000	0.0325	1.9400	61.1804	NOT CONNECTED	0.0000	500.0000	0.0000	0.0000	0.0000	0.0000	0.0672	0.0356	-1.8993	0.3339	-1.9232	0.1420	0.0000	0.0000	321.4514	0.0000	75.5793	1.9284	0.0047	84.6321
10.2025	0.0000	0.0000	0.0075	0.0000	0.3010	-0.0300	230.5710	0.0324	1.9500	61.1305	NOT CONNECTED	0.0000	500.0000	0.0000	0.0000	0.0000	0.0000	0.0672	0.0356	-1.8993	0.3339	-1.9232	0.1420	0.0000	0.0000	321.4041	0.0000	75.4591	1.9284	0.0049	84.5375
10.4732	0.0000	0.0000	0.0075	0.0000	0.3010	-0.0300	230.5710	0.0324	1.9500	61.1305	NOT CONNECTED	0.0000	500.0000	0.0000	0.0000	0.0000	0.0000	0.0672	0.0356	-1.8993	0.3339	-1.9232	0.1420	0.0000	0.0000	321.4041	0.0000	75.4591	1.9284	0.0049	84.5375
10.7922	0.0000	0.0000	0.0075	0.0000	0.3010	-0.0300	230.5710	0.0324	1.9500	61.1305	NOT CONNECTED	0.0000	500.0000	0.0000	0.0000	0.0000	0.0000	0.0672	0.0356	-1.8993	0.3339	-1.9232	0.1420	0.0000	0.0000	321.3771	0.0000	75.3520	1.9284	0.0046	84.5375
11.2165	0.0000	0.0000	0.0075	0.0000	0.3010	-0.0300	230.5560	0.0323	1.9400	61.0969	NOT CONNECTED	0.0000	500.0000	0.0000	0.0000	0.0000	0.0000	0.0672	0.0356	-1.8993	0.3339	-1.9232	0.1420	0.0000	0.0000	321.3460	0.0000	75.2438	1.9284	0.0050	84.4433
11.3971	0.0000	0.0000	0.0075	0.0000	0.3010	-0.0300	230.5560	0.0323	1.9400	61.0969	NOT CONNECTED	0.0000	500.0000	0.0000	0.0000	0.0000	0.0000	0.0672	0.0356	-1.8993	0.3339	-1.9232	0.1420	0.0000	0.0000	321.3460	0.0000	75.2438	1.9284	0.0050	84.4433
11.9803	0.0000	0.0000	0.0075	0.0000	0.3010	-0.0300	230.5300	0.0323	1.9500	61.0627	NOT CONNECTED	0.0000	500.0000	0.0000	0.0000	0.0000	0.0000	0.0672	0.0356	-1.8993	0.3339	-1.9232	0.1420	0.0000	0.0000	321.3379	0.0000	75.1390	1.9284	0.0051	84.4433
11.9874	0.0000	0.0000	0.0075	0.0000	0.3010	-0.0300	230.5300	0.0323	1.9500	61.0627	NOT CONNECTED	0.0000	500.0000	0.0000	0.0000	0.0000	0.0000	0.0672	0.0356	-1.8993	0.3339	-1.9232	0.1420	0.0000	0.0000	321.3379	0.0000	75.1390	1.9284	0.0051	84.4433
12.5928	0.0000	0.0000	0.0075	0.0000	0.3010	-0.0300	230.5170	0.0323	1.9600	61.0241	NOT CONNECTED	0.0000	500.0000	0.0000	0.0000	0.0000	0.0000	0.0672	0.0356	-1.8993	0.3339	-1.9232	0.1420	0.0000	0.0000	321.3622	0.0000	75.0375	1.9284	0.0049	84.3495
12.7206	0.0000	0.0000	0.0075	0.0000	0.3010	-0.0300	230.5170	0.0323	1.9600	61.0241	NOT CONNECTED	0.0000	500.0000	0.0000	0.0000	0.0000	0.0000	0.0672	0.0356	-1.8993	0.3339	-1.9232	0.1420	0.0000	0.0000	321.3622	0.0000	75.0375	1.9284	0.0049	84.3495
13.1989	0.0000	0.0000	0.0075	0.0000	0.3010	-0.0300	230.5170	0.0323	1.9600	61.0241	NOT CONNECTED	0.0000	500.0000	0.0000	0.0000	0.0000	0.0000	0.0672	0.0356	-1.8993	0.3339	-1.9232	0.1420	0.0000	0.0000	321.2770	0.0000	74.9392	1.9284	0.0050	84.2561
13.7130	0.0000	0.0000	0.0075	0.0000	0.3010	-0.0300	230.4920	0.0322	1.9500	60.9386	NOT CONNECTED	0.0000	500.0000	0.0000	0.0000	0.0000	0.0000	0.0672	0.0356	-1.8993	0.3339	-1.9232	0.1420	0.0000	0.0000	321.2621	0.0000	74.8440	1.9284	0.0052	84.2561
13.8041	0.0000	0.0000	0.0075	0.0000	0.3010	-0.0300	230.4920	0.0322	1.9500	60.9386	NOT CONNECTED	0.0000	500.0000	0.0000	0.0000	0.0000	0.0000	0.0672	0.0356	-1.8993	0.3339	-1.9232	0.1420	0.0000	0.0000	321.2621	0.0000	74.8440	1.9284	0.0052	84.2561
14.4103	0.0000	0.0000	0.0075	0.0000	0.3010	-0.0300	230.4680	0.0322	1.9600	60.9273	NOT CONNECTED	0.0000	500.0000	0.0000	0.0000	0.0000	0.0000	0.0672	0.0356	-1.8993	0.3339	-1.9232	0.1420	0.0000	0.0000	321.2215	0.0000	74.7479	1.9284	0.0050	84.1630
14.4710	0.0000	0.0000	0.0075	0.0000	0.3010	-0.0300	230.4680	0.0322	1.9600	60.9273	NOT CONNECTED	0.0000	500.0000	0.0000	0.0000	0.0000	0.0000	0.0672	0.0356	-1.8993	0.3339	-1.9232	0.1420	0.0000	0.0000	321.2215	0.0000	74.7479	1.9284	0.0050	84.1630
15.0151	0.0000	0.0000	0.0075	0.0000	0.3010	-0.0300	230.4570	0.0322	1.9500	60.8968	NOT CONNECTED	0.0000	500.0000	0.0000	0.0000	0.0000	0.0000	0.0672	0.0356	-1.8993	0.3339	-1.9232	0.1420	0.0000	0.0000	321.2310	0.0000	74.6586	1.9284	0.0052	84.1630
15.2147	0.0000	0.0000	0.0075	0.0000	0.3010	-0.0300	230.4570	0.0322	1.9500	60.8968	NOT CONNECTED	0.0000	500.0000	0.0000	0.0000	0.0000	0.0000	0.0672	0.0356	-1.8993	0.3339	-1.9232	0.1420	0.0000	0.0000	321.2310	0.0000	74.6586	1.9284	0.0052	84.1630
15.6366	0.0000	0.0000	0.0075	0.0000	0.3010	-0.0300	230.4380	0.0322	1.9600	60.8606	NOT CONNECTED	8000.0000	500.0000	0.0000	0.0000	0.0000	0.0000	0.0672	0.0356	-1.8993	0.3339	-1.9232	0.1420	0.0000	0.0000	321.2066	0.0000	74.5685	1.9284	0.0051	84.0702
15.9803	0.0000	0.0000	0.0075	0.0000	0.3010	-0.0300	230.4380	0.0322	1.9600	60.8606	NOT CONNECTED	8000.0000	500.0000	0.0000	0.0000	0.0000	0.0000	0.0672	0.0356	-1.8993	0.3339	-1.9232	0.1420	0.0000	0.0000	321.1660	0.0000	74.4847	1.9284	0.0050	83.9778
16.2424	0.0000	0.0000	0.0075	0.0000	0.3010	-0.0300	230.4380	0.0322	1.9600	60.8606	NOT CONNECTED	8000.0000	500.0000	0.0000	0.0000	0.0000	0.0000	0.0672	0.0356	-1.8993	0.3339	-1.9232	0.1420	0.0000	0.0000	321.1660	0.0000	74.4847	1.9284	0.0050	83.9778
16.7254	0.0000	0.0000	0.0075	0.0000	0.3010	-0.0300	230.4280	0.0322	1.9700	60.8043	NOT CONNECTED	8000.0000	500.0000	0.0000	0.0000	0.0000	0.0000	0.0672	0.0356	-1.8993	0.3339	-1.9232	0.1420	0.0000	0.0000	321.1796	0.0000	74.4002	1.9284	0.0051	83.9778
16.8652	0.0000	0.0000	0.0075	0.0000	0.3010	-0.0300	230.4280	0.0322	1.9700	60.8043	NOT CONNECTED	8000.0000	500.0000	0.0000	0.0000	0.0000	0.0000	0.0672	0.0356	-1.8993	0.3339	-1.9232	0.1420	0.0000	0.0000	321.1796	0.0000	74.4002	1.9284	0.0051	83.9778
17.4540	0.0000	0.0000	0.0075	0.0000	0.3010	-0.0300	230.4090	0.0323	1.9800	60.7664	NOT CONNECTED	8000.0000	500.0000	0.0000	0.0000	0.0000	0.0000	0.0672	0.0356	-1.8993	0.3339	-1.9232	0.1420	0.0000	0.0000	321.1363	0.0000	74.3215	1.9284	0.0048	83.8858
17.4731	0.0000	0.0000	0.0075	0.0000	0.3010	-0.0300	230.4090	0.0323	1.9800	60.7664	NOT CONNECTED	8000.0000	500.0000	0.0000	0.0000	0.0000	0.0000	0.0672	0.0356	-1.8993	0.3339	-1.9232	0.1420	0.0000	0.0000	321.1363	0.0000	74.3215	1.9284	0.0048	83.8858
18.0436	0.0000	0.0000	0.0075	0.0000	0.3020	-0.0300	230.4000	0.0322	1.9800	60.7295	NOT CONNECTED	8000.0000	500.0000	0.0000	0.0000	0.0000	0.0000	0.0672	0.0356	-1.8993	0.3339	-1.9232	0.1420	0.0000	0.0000	321.1255	0.0000	74.2484	1.9284	0.0048	83.8858
18.2156	0.0000	0.0000	0.0075	0.0000	0.3020	-0.0300	230.4000	0.0322	1.9800	60.7295	NOT CONNECTED	8000.0000	500.0000	0.0000	0.0000	0.0000	0.0000	0.0672	0.0356	-1.8993	0.3339	-1.9232	0.1420	0.0000	0.0000	321.1255	0.0000	74.2484	1.9284	0.0048	83.8858
18.6498	0.0000	0.0000	0.0075	0.0000	0.3010	-0.0300	230.3920	0.0322	1.9700	60.6881	NOT CONNECTED	8000.0000	500.0000	0.0000	0.0000	0.0000	0.0000	0.0672	0.0356	-1.8993	0.3339	-1.9232	0.1420	0.0000	0.0000	321.1593	0.0000	74.1743	1.9284	0.0048	83.7941
18.9785	0.0000	0.0000	0.0075	0.0000	0.3010	-0.0300	230.3920	0.0322	1.9700	60.6881	NOT CONNECTED	8000.0000	500.0000	0.0000	0.0000	0.0000	0.0000	0.0672	0.0356	-1.8993	0.3339	-1.9232	0.1420	0.0000	0.0000	321.0849	0.0000	74.1024	1.9284	0.0050	83.7027
19.2551	0.0000	0.0000	0.0075	0.0000	0.3010	-0.0300	230.3920	0.0322	1.9700	60.6881	NOT CONNECTED	8000.0000	500.0000	0.0000	0.0000	0.0000	0.0000	0.0672	0.0356	-1.8993	0.3339	-1.9232	0.1420	0.0000	0.0000	321.0849	0.0000	74.1024	1.9284	0.0050	83.7027
19.7120	0.0000	0.0000	0.0075	0.0000	0.3010	-0.0300	230.3790	0.0322	1.9800	60.6503	NOT CONNECTED	8000.0000	500.0000	0.0000	0.0000	0.0042	0.0000	0.0672	0.0356	0.0158	0.0097	-1.9232	-0.0123	1.3650	0.0000	316.1701	-0.0025	74.0298	1.9284	0.0045	83.7027
19.8691	0.0000	0.0000	0.0075	0.0000	0.3010	-0.0300	230.3790	0.0322	1.9800	60.6503	NOT CONNECTED	8000.0000	500.0000	0.0000	0.0000	0.0042	0.0000	0.0672	0.0356	0.0158	0.0097	-1.9232	-0.0123	1.3650	0.0000	316.1701	-0.0025	74.0298	1.9284	0.0045	83.7027
20.4671	11.0000	-0.0350	0.0075	0.0000	0.3010	-0.0300	230.3740	0.0322	1.9800	60.6108	NOT CONNECTED	8000.0000	500.0000	0.0000	-0.8795	0.0436	0.0000	0.1204	0.0356	2.0420	0.0617	2.0574	0.0659	14.2100	0.0000	313.9174	43.4685	74.0054	2.0310	1.2515	83.6117
21.0731	0.0000	-0.0140	1.3594	0.0000	13.0560	40.6900	230.3350	0.5024	55.1400	60.5991	NOT CONNECTED	8000.0000	500.0000	0.0000	0.0893	0.0243	0.0000	0.1334	0.0356	3.0262	0.0298	3.0255	0.0702	20.4399	0.0000	309.0057	93.0264	74.3688	3.0343	1.5601	83.6084
21.2109	0.0000	-0.0140	1.3594	0.0000	13.0560	40.6900	230.3350	0.5024	55.1400	60.5991	NOT CONNECTED	8000.0000	500.0000	0.0000	0.0893	0.0243	0.0000	0.1334	0.0356	3.0262	0.0298	3.0255	0.0702	20.4399	0.0000	309.0057	93.0264	74.3688	3.0343	1.5601	83.6084
21.9807	0.0000	-0.0140	1.8855	0.0000	18.0640	77.6900	230.3300	0.8578	101.1300	60.5340	NOT CONNECTED	8000.0000	500.0000	0.0000	-1.6431	0.0132	0.0194	0.0783	0.0806	0.9070	0.0272	0.7532	0.0508	7.2064	0.4035	318.9583	9.1144	72.5028	0.7266	0.6880	83.9009
22.2778	0.0000	-0.0140	1.8855	0.0000	18.0640	77.6900	230.3300	0.8578	101.1300	60.5340	NOT CONNECTED	8000.0000	500.0000	0.0000	-1.6431	0.0132	0.0194	0.0783	0.0806	0.9070	0.0272	0.7532	0.0508	7.2064	0.4035	318.9583	9.1144	72.5028	0.7266	0.6880	83.9009
22.7177	15.0000	-0.0400	0.6303	0.0000	6.0020	8.7800	230.3740	0.1855	16.7100	60.5404	NOT CONNECTED	8000.0000	500.0000	0.0000	141.4751	0.2082	0.1950	0.0805	0.0806	0.9246	0.4277	0.8276	0.5911	6.0089	9.4841	318.0438	14.1254	72.4591	0.9965	0.6591	83.9009
22.8675	15.0000	-0.0400	0.6303	0.0000	6.0020	8.7800	230.3740	0.1855	16.7100	60.5404	NOT CONNECTED	8000.0000	500.0000	0.0000	141.4751	0.2082	0.1950	0.0805	0.0806	0.9246	0.4277	0.8276	0.5911	6.0089	9.4841	318.0438	14.1254	72.4591	0.9965	0.6591	83.9009
23.4730	422.0000	-0.0970	0.3006	0.0000	13.8150	5.4300	230.3520	0.1386	11.8900	60.5100	NOT CONNECTED	8000.0000	500.0000	0.0000	453.4616	0.1398	0.1557	0.0710	0.0709	0.2628	0.3216	0.1505	0.3749	1.6898	16.6847	318.7104	7.4732	72.4099	0.3777	0.2746	83.9128
23.4921	422.0000	-0.0970	0.3006	0.0000	13.8150	5.4300	230.3520	0.1386	11.8900	60.5100	NOT CONNECTED	8000.0000	500.0000	0.0000	453.4616	0.1398	0.1557	0.0710	0.0709	0.2628	0.3216	0.1505	0.3749	1.6898	16.6847	318.7104	7.4732	72.4099	0.3777	0.2746	83.9128
24.0774	805.0000	-0.1060	0.2948	0.0000	22.6210	8.8100	230.3500	0.1710	15.4300	60.5257	NOT CONNECTED	8000.0000	500.0000	0.0000	767.7801	0.1162	0.0967	0.0707	0.0708	0.3843	0.2683	0.3148	0.3644	1.7006	25.5104	318.0288	12.7999	72.3004	0.4429	0.3048	83.8506
24.2229	805.0000	-0.1060	0.2948	0.0000	22.6210	8.8100	230.3500	0.1710	15.4300	60.5257	NOT CONNECTED	8000.0000	500.0000	0.0000	767.7801	0.1162	0.0967	0.0707	0.0708	0.3843	0.2683	0.3148	0.3644	1.7006	25.5104	318.0288	12.7999	72.3004	0.4429	0.3048	83.8506
24.6828	1173.0000	-0.1090	0.3257	0.0000	40.7560	16.2000	230.3520	0.2458	23.8000	60.4714	NOT CONNECTED	8000.0000	500.0000	0.0000	1068.5333	0.1352	0.1254	0.0710	0.0709	0.2950	0.3225	0.2520	0.3738	2.2671	34.6813	317.2892	16.4894	72.1950	0.4178	0.3194	83.8506
24.9950	1173.0000	-0.1090	0.3257	0.0000	40.7560	16.2000	230.3520	0.2458	23.8000	60.4714	NOT CONNECTED	8000.0000	500.0000	0.0000	1369.0807	0.1252	0.1497	0.0708	0.0708	0.3184	0.2959	0.3529	0.3354	1.9529	43.4363	316.7066	21.2429	72.1009	0.5075	0.3339	83.7763
25.2886	1173.0000	-0.1090	0.3257	0.0000	40.7560	16.2000	230.3520	0.2458	23.8000	60.4714	NOT CONNECTED	8000.0000	500.0000	0.0000	1369.0807	0.1252	0.1497	0.0708	0.0708	0.3184	0.2959	0.3529	0.3354	1.9529	43.4363	316.7066	21.2429	72.1009	0.5075	0.3339	83.7763
25.7319	1561.0000	-0.1100	0.3336	0.0000	49.7330	19.9400	230.3530	0.2816	27.9300	60.4282	NOT CONNECTED	8000.0000	500.0000	0.0000	1662.7892	0.1257	0.1778	0.0709	0.0708	0.3423	0.3069	0.3323	0.3356	2.3466	52.3540	316.0632	26.2284	72.0126	0.4792	0.3415	83.7763
25.8948	1561.0000	-0.1100	0.3336	0.0000	49.7330	19.9400	230.3530	0.2816	27.9300	60.4282	NOT CONNECTED	8000.0000	500.0000	0.0000	1662.7892	0.1257	0.1778	0.0709	0.0708	0.3423	0.3069	0.3323	0.3356	2.3466	52.3540	316.0632	26.2284	72.0126	0.4792	0.3415	83.7763
26.4846	1928.0000	-0.1100	0.3477	0.0000	67.9460	27.9900	230.3550	0.3546	36.8100	60.3976	NOT CONNECTED	8000.0000	500.0000	0.0000	1973.8209	0.1308	0.1273	0.0709	0.0708	0.3622	0.3025	0.2788	0.4002	2.0753	61.4377	315.4242	30.6294	71.9291	0.4433	0.3481	83.7074
26.4885	1928.0000	-0.1100	0.3477	0.0000	67.9460	27.9900	230.3550	0.3546	36.8100	60.3976	NOT CONNECTED	8000.0000	500.0000	0.0000	1973.8209	0.1308	0.1273	0.0709	0.0708	0.3622	0.3025	0.2788	0.4002	2.0753	61.4377	315.4242	30.6294	71.9291	0.4433	0.3481	83.7074
27.0908	2308.0000	-0.1100	0.3533	0.0000	77.1470	32.2600	230.3590	0.3915	41.4600	60.3852	NOT CONNECTED	8000.0000	500.0000	0.0000	2267.3671	0.1349	0.1568	0.0710	0.0708	0.3443	0.3137	0.2386	0.3756	1.9616	70.5151	314.7798	35.6857	71.8496	0.4662	0.3563	83.6438
27.2338	2308.0000	-0.1100	0.3533	0.0000	77.1470	32.2600	230.3590	0.3915	41.4600	60.3852	NOT CONNECTED	8000.0000	500.0000	0.0000	2267.3671	0.1349	0.1568	0.0710	0.0708	0.3443	0.3137	0.2386	0.3756	1.9616	70.5151	314.7798	35.6857	71.8496	0.4662	0.3563	83.6438
27.6953	2677.0000	-0.1090	0.3647	0.0000	95.4190	41.0200	230.3610	0.4655	50.9300	60.3165	NOT CONNECTED	8000.0000	500.0000	0.0000	2570.7489	0.1648	0.1423	0.0708	0.0709	0.3464	0.3954	0.3472	0.3668	1.6606	78.8388	314.2625	41.1575	71.7741	0.5354	0.3595	83.6438
27.9951	2677.0000	-0.1090	0.3647	0.0000	95.4190	41.0200	230.3610	0.4655	50.9300	60.3165	NOT CONNECTED	8000.0000	500.0000	0.0000	2570.7489	0.1648	0.1423	0.0708	0.0709	0.3464	0.3954	0.3472	0.3668	1.6606	78.8388	314.2625	41.1575	71.7741	0.5354	0.3595	83.6438
28.3014	2677.0000	-0.1090	0.3647	0.0000	95.4190	41.0200	230.3610	0.4655	50.9300	60.3165	NOT CONNECTED	8000.0000	500.0000	0.0000	2877.8607	0.1296	0.1363	0.0708	0.0708	0.3292	0.3064	0.3905	0.4516	2.2408	88.2698	313.5804	46.2459	71.7015	0.5782	0.3674	83.5852
28.7404	3065.0000	-0.1100	0.3700	0.0000	104.4430	45.6300	230.3630	0.5028	55.8400	60.2872	NOT CONNECTED	8000.0000	500.0000	0.0000	3168.7808	0.1498	0.1659	0.0710	0.0709	0.4157	0.3376	0.2750	0.3699	2.4498	97.6518	312.9867	52.4986	71.6328	0.4826	0.3759	83.5852
28.9066	3065.0000	-0.1100	0.3700	0.0000	104.4430	45.6300	230.3630	0.5028	55.8400	60.2872	NOT CONNECTED	8000.0000	500.0000	0.0000	3168.7808	0.1498	0.1659	0.0710	0.0709	0.4157	0.3376	0.2750	0.3699	2.4498	97.6518	312.9867	52.4986	71.6328	0.4826	0.3759	83.5852
29.4895	3425.0000	-0.1100	0.3795	0.0000	122.7240	55.1900	230.3690	0.5798	66.0200	60.2507	NOT CONNECTED	8000.0000	500.0000	0.0000	3474.9898	0.1470	0.1522	0.0709	0.0709	0.4402	0.3261	0.2699	0.3862	2.1843	106.9608	312.4091	58.0910	71.5646	0.4890	0.3817	83.5314
29.5135	3425.0000	-0.1100	0.3795	0.0000	122.7240	55.1900	230.3690	0.5798	66.0200	60.2507	NOT CONNECTED	8000.0000	500.0000	0.0000	3474.9898	0.1470	0.1522	0.0709	0.0709	0.4402	0.3261	0.2699	0.3862	2.1843	106.9608	312.4091	58.0910	71.5646	0.4890	0.3817	83.5314
30.1193	3804.0000	-0.1110	0.3843	0.0000	131.9870	60.2800	230.3730	0.6200	71.4100	60.1962	NOT CONNECTED	8000.0000	500.0000	0.0000	3785.2849	0.1432	0.1416	0.0709	0.0709	0.4515	0.3355	0.2679	0.4584	1.2536	116.1196	311.7944	64.4718	71.5021	0.4975	0.3900	83.4829
30.2301	3804.0000	-0.1110	0.3843	0.0000	131.9870	60.2800	230.3730	0.6200	71.4100	60.1962	NOT CONNECTED	8000.0000	500.0000	0.0000	3785.2849	0.1432	0.1416	0.0709	0.0709	0.4515	0.3355	0.2679	0.4584	1.2536	116.1196	311.7944	64.4718	71.5021	0.4975	0.3900	83.4829
30.7249	4174.0000	-0.1130	0.3950	0.0000	150.3450	70.7200	230.3790	0.7058	82.4200	60.1531	NOT CONNECTED	8000.0000	500.0000	0.0000	4080.0524	0.1742	0.1743	0.0709	0.0710	0.3530	0.4329	0.2969	0.4105	2.4157	125.1846	311.3701	70.1202	71.4422	0.5421	0.3863	83.4829
30.9991	4174.0000	-0.1130	0.3950	0.0000	150.3450	70.7200	230.3790	0.7058	82.4200	60.1531	NOT CONNECTED	8000.0000	500.0000	0.0000	4080.0524	0.1742	0.1743	0.0709	0.0710	0.3530	0.4329	0.2969	0.4105	2.4157	125.1846	311.3701	70.1202	71.4422	0.5421	0.3863	83.4829
31.3145	4174.0000	-0.1130	0.3950	0.0000	150.3450	70.7200	230.3790	0.7058	82.4200	60.1531	NOT CONNECTED	8000.0000	500.0000	0.0000	4375.5315	0.1782	0.1750	0.0709	0.0710	0.3535	0.4459	0.2775	0.4062	2.4280	132.9605	310.7481	76.6264	71.3841	0.4749	0.4028	83.4402
31.7415	4561.0000	-0.1140	0.4009	0.0000	159.4580	76.0600	230.3820	0.7474	88.0300	60.1346	NOT CONNECTED	8000.0000	500.0000	0.0000	4677.1728	0.1563	0.1568	0.0709	0.0709	0.2791	0.3923	0.2462	0.3912	0.7775	142.7125	310.3057	81.8117	71.3303	0.4923	0.4129	83.4402
31.9200	4561.0000	-0.1140	0.4009	0.0000	159.4580	76.0600	230.3820	0.7474	88.0300	60.1346	NOT CONNECTED	8000.0000	500.0000	0.0000	4677.1728	0.1563	0.1568	0.0709	0.0709	0.2791	0.3923	0.2462	0.3912	0.7775	142.7125	310.3057	81.8117	71.3303	0.4923	0.4129	83.4402
32.4918	4925.0000	-0.1170	0.4109	0.0000	177.9090	87.6400	230.3860	0.8355	99.9900	60.0665	NOT CONNECTED	8000.0000	500.0000	0.0000	5235.8186	0.1376	0.1627	0.0705	0.0709	0.4005	0.3228	0.2287	0.3017	5.9659	156.8387	309.3681	97.0932	71.2359	0.6045	0.4198	83.4026
33.0354	5303.0000	-0.1240	0.4159	0.0000	187.2080	93.5600	230.3880	0.8796	106.1400	60.0282	NOT CONNECTED	8000.0000	500.0000	0.0000	5235.8186	0.1376	0.1627	0.0705	0.0709	0.4005	0.3228	0.2287	0.3017	5.9659	156.8387	309.3681	97.0932	71.2359	0.6045	0.4198	83.4026
33.2325	5303.0000	-0.1240	0.4159	0.0000	187.2080	93.5600	230.3880	0.8796	106.1400	60.0282	NOT CONNECTED	8000.0000	500.0000	0.0000	5235.8186	0.1376	0.1627	0.0705	0.0709	0.4005	0.3228	0.2287	0.3017	5.9659	156.8387	309.3681	97.0932	71.2359	0.6045	0.4198	83.4026
33.6417	5669.0000	-0.1250	0.4292	0.0000	206.2100	106.5000	230.3930	0.9711	119.0800	59.9391	NOT CONNECTED	8000.0000	500.0000	0.0000	5533.3715	0.1699	0.1870	0.0706	0.0710	0.4329	0.3973	0.3718	0.4729	1.4564	161.6966	308.6967	107.3178	71.1873	0.4237	0.4176	83.1999
33.9980	5669.0000	-0.1250	0.4292	0.0000	206.2100	106.5000	230.3930	0.9711	119.0800	59.9391	NOT CONNECTED	8000.0000	500.0000	0.0000	5836.1158	0.2142	0.1930	0.0709	0.0703	0.4481	0.5160	0.4664	0.4628	8.7028	171.1061	308.4231	111.8385	71.1402	0.7101	0.4204	83.0050
34.2468	5669.0000	-0.1250	0.4292	0.0000	206.2100	106.5000	230.3930	0.9711	119.0800	59.9391	NOT CONNECTED	8000.0000	500.0000	0.0000	5836.1158	0.2142	0.1930	0.0709	0.0703	0.4481	0.5160	0.4664	0.4628	8.7028	171.1061	308.4231	111.8385	71.1402	0.7101	0.4204	83.0050
34.7438	6050.0000	-0.1260	0.4178	0.0000	213.2990	111.9900	230.3960	1.0086	124.4000	59.9188	NOT CONNECTED	8000.0000	500.0000	0.0000	6142.8310	0.1466	0.1751	0.0649	0.0650	0.0103	0.3879	-0.0863	0.4152	2.7977	174.8063	308.3878	117.7635	71.0914	0.4642	0.3668	83.0050
34.8527	6050.0000	-0.1260	0.4178	0.0000	213.2990	111.9900	230.3960	1.0086	124.4000	59.9188	NOT CONNECTED	8000.0000	500.0000	0.0000	6142.8310	0.1466	0.1751	0.0649	0.0650	0.0103	0.3879	-0.0863	0.4152	2.7977	174.8063	308.3878	117.7635	71.0914	0.4642	0.3668	83.0050
35.4579	6431.0000	-0.1280	0.3347	0.0000	212.9200	119.5400	230.4010	1.0609	131.4000	59.8231	NOT CONNECTED	8000.0000	500.0000	0.0000	6447.3122	0.1827	0.1724	0.0623	0.0637	-0.0407	0.4431	-0.1937	0.5213	-5.5304	171.8266	308.0531	126.2768	71.0315	0.5727	0.3280	82.8150
35.4906	6431.0000	-0.1280	0.3347	0.0000	212.9200	119.5400	230.4010	1.0609	131.4000	59.8231	NOT CONNECTED	8000.0000	500.0000	0.0000	6447.3122	0.1827	0.1724	0.0623	0.0637	-0.0407	0.4431	-0.1937	0.5213	-5.5304	171.8266	308.0531	126.2768	71.0315	0.5727	0.3280	82.8150
36.0473	6790.0000	-0.1320	0.3539	0.0000	212.3210	125.1900	230.4030	1.1035	137.3200	59.7783	NOT CONNECTED	8000.0000	500.0000	0.0000	6727.9055	0.1852	0.2271	0.0595	0.0609	-0.2759	0.5053	-0.3023	0.4424	0.2537	173.0718	307.6270	131.4826	70.9752	0.5913	0.3504	82.8150
36.2298	6790.0000	-0.1320	0.3539	0.0000	212.3210	125.1900	230.4030	1.1035	137.3200	59.7783	NOT CONNECTED	8000.0000	500.0000	0.0000	6727.9055	0.1852	0.2271	0.0595	0.0609	-0.2759	0.5053	-0.3023	0.4424	0.2537	173.0718	307.6270	131.4826	70.9752	0.5913	0.3504	82.8150
36.6537	7163.0000	-0.1350	0.4505	0.0000	213.2190	136.7500	230.4050	1.1896	149.6500	59.7573	NOT CONNECTED	8000.0000	500.0000	0.0000	7041.2511	0.2000	0.1639	0.0578	0.0560	-0.3960	0.5489	-0.4717	0.4878	5.5915	172.4757	307.4297	140.2942	70.9237	0.6305	0.4053	82.6263
36.9994	7163.0000	-0.1350	0.4505	0.0000	213.2190	136.7500	230.4050	1.1896	149.6500	59.7573	NOT CONNECTED	8000.0000	500.0000	0.0000	7338.9008	0.2336	0.1809	0.0545	0.0549	-0.3367	0.7254	-0.7683	0.4762	-10.7213	169.6641	306.9913	147.9301	70.8867	0.7400	0.4631	82.4466
37.2597	7163.0000	-0.1350	0.4505	0.0000	213.2190	136.7500	230.4050	1.1896	149.6500	59.7573	NOT CONNECTED	8000.0000	500.0000	0.0000	7338.9008	0.2336	0.1809	0.0545	0.0549	-0.3367	0.7254	-0.7683	0.4762	-10.7213	169.6641	306.9913	147.9301	70.8867	0.7400	0.4631	82.4466
37.7381	7549.0000	-0.1380	0.5116	0.0000	213.5880	143.6400	230.4050	1.2417	157.1400	59.6791	NOT CONNECTED	8000.0000	500.0000	0.0000	7641.5169	0.1563	0.1824	0.0533	0.0541	-0.3555	0.3932	-0.8236	0.3633	6.7387	173.1195	306.5558	163.0204	70.8597	0.6648	0.5481	82.4466
37.8648	7549.0000	-0.1380	0.5116	0.0000	213.5880	143.6400	230.4050	1.2417	157.1400	59.6791	NOT CONNECTED	8000.0000	500.0000	0.0000	7641.5169	0.1563	0.1824	0.0533	0.0541	-0.3555	0.3932	-0.8236	0.3633	6.7387	173.1195	306.5558	163.0204	70.8597	0.6648	0.5481	82.4466
38.4708	7920.0000	-0.1430	0.6331	0.0000	214.1270	157.6800	230.4080	1.3509	172.3400	59.5950	NOT CONNECTED	8000.0000	500.0000	0.0000	7942.8169	0.1717	0.1859	0.0508	0.0501	-0.8921	0.6128	-0.6899	0.4294	-3.7977	170.7023	306.0595	164.7107	70.8510	1.2604	0.6071	82.2852
38.4917	7920.0000	-0.1430	0.6331	0.0000	214.1270	157.6800	230.4080	1.3509	172.3400	59.5950	NOT CONNECTED	8000.0000	500.0000	0.0000	7942.8169	0.1717	0.1859	0.0508	0.0501	-0.8921	0.6128	-0.6899	0.4294	-3.7977	170.7023	306.0595	164.7107	70.8510	1.2604	0.6071	82.2852
39.0764	8021.0000	-0.0550	0.5815	0.0000	217.3760	113.3100	230.4420	1.0541	126.8200	59.5530	NOT CONNECTED	8000.0000	500.0000	0.0000	8029.8067	0.0648	0.0800	0.0520	0.0525	-0.7816	0.2421	-0.6081	0.1547	-10.0595	178.4668	312.7250	78.3052	70.8486	0.6290	0.4780	82.1410
39.2337	8021.0000	-0.0550	0.5815	0.0000	217.3760	113.3100	230.4420	1.0541	126.8200	59.5530	NOT CONNECTED	8000.0000	500.0000	0.0000	8029.8067	0.0648	0.0800	0.0520	0.0525	-0.7816	0.2421	-0.6081	0.1547	-10.0595	178.4668	312.7250	78.3052	70.8486	0.6290	0.4780	82.1410
39.6817	8021.0000	-0.0550	0.5815	0.0000	217.3760	113.3100	230.4420	1.0541	126.8200	59.5530	NOT CONNECTED	8000.0000	500.0000	0.0000	7999.2564	0.1249	0.0987	0.0508	0.0514	-0.5102	0.2963	-0.5238	0.2331	-8.2553	174.0116	311.7714	91.5726	70.8175	1.1600	0.5159	82.1410
40.2878	8004.0000	-0.0690	0.5140	0.0000	219.4720	86.9600	230.4410	0.8407	97.5400	59.5027	NOT CONNECTED	8000.0000	500.0000	0.0000	7995.6813	0.0760	0.1046	0.0510	0.0524	-0.7159	0.2207	-0.7593	0.2776	-9.7522	173.9654	311.5998	89.4815	70.7966	0.7763	0.4937	81.9817
40.4919	8004.0000	-0.0690	0.5140	0.0000	219.4720	86.9600	230.4410	0.8407	97.5400	59.5027	NOT CONNECTED	8000.0000	500.0000	0.0000	7995.6813	0.0760	0.1046	0.0510	0.0524	-0.7159	0.2207	-0.7593	0.2776	-9.7522	173.9654	311.5998	89.4815	70.7966	0.7763	0.4937	81.9817
40.8935	7998.0000	-0.0680	0.5139	0.0000	219.4430	86.5100	230.4470	0.8368	97.0800	59.4304	NOT CONNECTED	8000.0000	500.0000	0.0000	8002.9936	0.1361	0.0951	0.0520	0.0507	-0.6869	0.4896	-0.7155	0.2430	-10.9640	176.2402	311.6242	91.0955	70.7673	0.6501	0.4861	81.9817
41.2465	7998.0000	-0.0680	0.5139	0.0000	219.4430	86.5100	230.4470	0.8368	97.0800	59.4304	NOT CONNECTED	8000.0000	500.0000	0.0000	8004.3860	0.0829	0.0933	0.0519	0.0521	-0.7285	0.2421	-0.6787	0.2345	-8.8320	174.5459	311.6123	88.5338	70.7380	0.8697	0.4860	81.8279
41.4983	7998.0000	-0.0680	0.5139	0.0000	219.4430	86.5100	230.4470	0.8368	97.0800	59.4304	NOT CONNECTED	8000.0000	500.0000	0.0000	8004.3860	0.0829	0.0933	0.0519	0.0521	-0.7285	0.2421	-0.6787	0.2345	-8.8320	174.5459	311.6123	88.5338	70.7380	0.8697	0.4860	81.8279
42.0963	7999.0000	-0.0680	0.5131	0.0000	219.4890	86.5900	230.4510	0.8369	97.1200	59.3772	NOT CONNECTED	8000.0000	500.0000	0.0000	7995.8999	0.0752	0.1043	0.0519	0.0527	-0.6542	0.1652	-0.6735	0.2343	-2.1061	176.3960	311.5954	90.7107	70.7077	0.7915	0.4873	81.6739
42.1050	7999.0000	-0.0680	0.5131	0.0000	219.4890	86.5900	230.4510	0.8369	97.1200	59.3772	NOT CONNECTED	8000.0000	500.0000	0.0000	7995.8999	0.0752	0.1043	0.0519	0.0527	-0.6542	0.1652	-0.6735	0.2343	-2.1061	176.3960	311.5954	90.7107	70.7077	0.7915	0.4873	81.6739
42.7103	7998.0000	-0.0700	0.5125	0.0000	219.4980	86.3500	230.4520	0.8346	96.8700	59.3184	NOT CONNECTED	8000.0000	500.0000	0.0000	8003.2244	0.0955	0.0947	0.0520	0.0516	-0.7585	0.3551	-0.6747	0.2568	-12.0320	173.7481	311.6364	89.3177	70.6804	0.8104	0.5263	81.6739
42.8410	7998.0000	-0.0700	0.5125	0.0000	219.4980	86.3500	230.4520	0.8346	96.8700	59.3184	NOT CONNECTED	8000.0000	500.0000	0.0000	8003.2244	0.0955	0.0947	0.0520	0.0516	-0.7585	0.3551	-0.6747	0.2568	-12.0320	173.7481	311.6364	89.3177	70.6804	0.8104	0.5263	81.6739
43.3160	7999.0000	-0.0690	0.5136	0.0000	219.4450	86.4300	230.4530	0.8350	96.9500	59.2865	NOT CONNECTED	8000.0000	500.0000	0.0000	8007.1545	0.0747	0.0896	0.0514	0.0526	-0.7431	0.2402	-0.7887	0.2042	-1.7599	174.4879	311.6080	90.6014	70.6583	0.6850	0.4860	81.5175
43.5871	7999.0000	-0.0690	0.5136	0.0000	219.4450	86.4300	230.4530	0.8350	96.9500	59.2865	NOT CONNECTED	8000.0000	500.0000	0.0000	8007.1545	0.0747	0.0896	0.0514	0.0526	-0.7431	0.2402	-0.7887	0.2042	-1.7599	174.4879	311.6080	90.6014	70.6583	0.6850	0.4860	81.5175
43.9052	7999.0000	-0.0690	0.5136	0.0000	219.4450	86.4300	230.4530	0.8350	96.9500	59.2865	NOT CONNECTED	8000.0000	500.0000	0.0000	8000.4087	0.0818	0.0984	0.0520	0.0525	-0.5641	0.2720	-0.6584	0.2543	-2.9542	175.9715	311.5924	89.2575	70.6301	0.7954	0.4874	81.5175
44.4817	7999.0000	-0.0700	0.5131	0.0000	219.4660	86.6000	230.4540	0.8369	97.1300	59.2607	NOT CONNECTED	8000.0000	500.0000	0.0000	7998.0814	0.1177	0.1017	0.0524	0.0514	-0.6701	0.3734	-0.5803	0.3033	-0.9391	170.6018	311.5626	90.6648	70.6031	0.7855	0.4883	81.3658
44.5115	7999.0000	-0.0700	0.5131	0.0000	219.4660	86.6000	230.4540	0.8369	97.1300	59.2607	NOT CONNECTED	8000.0000	500.0000	0.0000	7998.0814	0.1177	0.1017	0.0524	0.0514	-0.6701	0.3734	-0.5803	0.3033	-0.9391	170.6018	311.5626	90.6648	70.6031	0.7855	0.4883	81.3658
45.1171	8000.0000	-0.0740	0.5211	0.0000	218.9730	89.3700	230.4540	0.8566	99.9300	59.1795	NOT CONNECTED	8000.0000	500.0000	0.0000	7996.2070	0.0847	0.1081	0.0506	0.0523	-0.7526	0.2646	-0.7830	0.2765	1.1472	174.4493	311.1103	96.5597	70.5744	0.8228	0.5035	81.2146
45.2218	8000.0000	-0.0740	0.5211	0.0000	218.9730	89.3700	230.4540	0.8566	99.9300	59.1795	NOT CONNECTED	8000.0000	500.0000	0.0000	7996.2070	0.0847	0.1081	0.0506	0.0523	-0.7526	0.2646	-0.7830	0.2765	1.1472	174.4493	311.1103	96.5597	70.5744	0.8228	0.5035	81.2146
45.7227	7994.0000	-0.0750	0.5385	0.0000	218.3070	97.4300	230.4510	0.9180	108.4800	59.1167	NOT CONNECTED	8000.0000	500.0000	0.0000	7995.6201	0.1226	0.1141	0.0526	0.0509	-0.7372	0.3827	-0.7269	0.2264	-10.4547	177.2109	310.7187	100.6729	70.5509	0.5659	0.5163	81.2146
46.0766	7994.0000	-0.0750	0.5385	0.0000	218.3070	97.4300	230.4510	0.9180	108.4800	59.1167	NOT CONNECTED	8000.0000	500.0000	0.0000	7997.9707	0.1290	0.1192	0.0514	0.0517	-0.8685	0.4393	-0.7155	0.2280	-6.0590	175.8642	310.0529	111.3732	70.5367	0.7959	0.5253	81.0624
46.3283	7994.0000	-0.0750	0.5385	0.0000	218.3070	97.4300	230.4510	0.9180	108.4800	59.1167	NOT CONNECTED	8000.0000	500.0000	0.0000	7997.9707	0.1290	0.1192	0.0514	0.0517	-0.8685	0.4393	-0.7155	0.2280	-6.0590	175.8642	310.0529	111.3732	70.5367	0.7959	0.5253	81.0624
46.8205	7995.0000	-0.1000	0.5627	0.0000	217.7670	104.1000	230.4490	0.9681	115.4900	59.0752	NOT CONNECTED	8000.0000	500.0000	0.0000	8007.1913	0.1272	0.1198	0.0520	0.0510	-0.8250	0.4584	-0.6751	0.3660	-9.8978	173.5232	309.1233	123.8530	70.5183	0.6029	0.5452	81.0624
46.9341	7995.0000	-0.1000	0.5627	0.0000	217.7670	104.1000	230.4490	0.9681	115.4900	59.0752	NOT CONNECTED	8000.0000	500.0000	0.0000	8007.1913	0.1272	0.1198	0.0520	0.0510	-0.8250	0.4584	-0.6751	0.3660	-9.8978	173.5232	309.1233	123.8530	70.5183	0.6029	0.5452	81.0624
47.5399	7993.0000	-0.1100	0.5895	0.0000	216.8960	122.2900	230.4420	1.1026	134.6800	59.0474	NOT CONNECTED	8000.0000	500.0000	0.0000	8000.2519	0.1790	0.1401	0.0503	0.0512	-0.6186	0.5960	-0.8179	0.3692	-4.3369	168.3083	308.5150	131.6242	70.5056	0.8610	0.5677	80.9177
47.5635	7993.0000	-0.1100	0.5895	0.0000	216.8960	122.2900	230.4420	1.1026	134.6800	59.0474	NOT CONNECTED	8000.0000	500.0000	0.0000	8000.2519	0.1790	0.1401	0.0503	0.0512	-0.6186	0.5960	-0.8179	0.3692	-4.3369	168.3083	308.5150	131.6242	70.5056	0.8610	0.5677	80.9177
48.1448	7993.0000	-0.1250	0.6089	0.0000	216.3380	131.2500	230.4380	1.1674	144.0100	58.9949	NOT CONNECTED	8000.0000	500.0000	0.0000	7997.7440	0.1341	0.1544	0.0503	0.0520	-0.6297	0.3785	-0.9676	0.3892	-8.1353	172.4409	308.0076	144.0742	70.4969	0.7902	0.5828	80.7770
48.4864	7993.0000	-0.1250	0.6089	0.0000	216.3380	131.2500	230.4380	1.1674	144.0100	58.9949	NOT CONNECTED	8000.0000	500.0000	0.0000	7986.4584	0.1416	0.1838	0.0492	0.0499	-0.6810	0.4527	-1.0088	0.4951	-9.7873	166.4151	306.7941	158.1223	70.4941	1.1151	0.6235	80.7770
48.7513	7993.0000	-0.1250	0.6089	0.0000	216.3380	131.2500	230.4380	1.1674	144.0100	58.9949	NOT CONNECTED	8000.0000	500.0000	0.0000	7986.4584	0.1416	0.1838	0.0492	0.0499	-0.6810	0.4527	-1.0088	0.4951	-9.7873	166.4151	306.7941	158.1223	70.4941	1.1151	0.6235	80.7770
49.2285	7997.0000	-0.1560	0.6530	0.0000	215.1340	153.7000	230.4270	1.3315	167.8900	58.9660	NOT CONNECTED	8000.0000	500.0000	0.0000	8007.3550	0.1466	0.1741	0.0512	0.0510	-0.6676	0.4775	-0.8640	0.4762	-9.8114	168.8577	306.1634	174.0628	70.5062	0.7041	0.6494	80.6367
49.3562	7997.0000	-0.1560	0.6530	0.0000	215.1340	153.7000	230.4270	1.3315	167.8900	58.9660	NOT CONNECTED	8000.0000	500.0000	0.0000	8007.3550	0.1466	0.1741	0.0512	0.0510	-0.6676	0.4775	-0.8640	0.4762	-9.8114	168.8577	306.1634	174.0628	70.5062	0.7041	0.6494	80.6367
49.9623	7992.0000	-0.1690	0.6985	0.0000	214.0870	174.8700	230.4200	1.4873	190.4300	58.8966	NOT CONNECTED	8000.0000	500.0000	0.0000	7997.3913	0.2253	0.2004	0.0523	0.0486	-0.7530	0.7359	-0.6346	0.4581	-7.5645	173.2767	305.6924	183.9310	70.5187	1.2008	0.6683	80.6367
50.0741	7992.0000	-0.1690	0.6985	0.0000	214.0870	174.8700	230.4200	1.4873	190.4300	58.8966	NOT CONNECTED	8000.0000	500.0000	0.0000	7997.3913	0.2253	0.2004	0.0523	0.0486	-0.7530	0.7359	-0.6346	0.4581	-7.5645	173.2767	305.6924	183.9310	70.5187	1.2008	0.6683	80.6367
50.5523	7995.0000	-0.2020	0.7290	0.0000	213.4180	189.5100	230.4140	1.5925	205.9000	58.8484	NOT CONNECTED	8000.0000	500.0000	0.0000	7992.9990	0.2460	0.2266	0.0498	0.0482	-0.6978	0.7927	-0.9003	0.5195	-11.3373	168.5286	304.2878	207.8126	70.5371	0.9293	0.7060	80.5086
50.8214	7995.0000	-0.2020	0.7290	0.0000	213.4180	189.5100	230.4140	1.5925	205.9000	58.8484	NOT CONNECTED	8000.0000	500.0000	0.0000	7992.9990	0.2460	0.2266	0.0498	0.0482	-0.6978	0.7927	-0.9003	0.5195	-11.3373	168.5286	304.2878	207.8126	70.5371	0.9293	0.7060	80.5086
51.1421	7995.0000	-0.2020	0.7290	0.0000	213.4180	189.5100	230.4140	1.5925	205.9000	58.8484	NOT CONNECTED	8000.0000	500.0000	0.0000	7993.9432	0.2668	0.2436	0.0506	0.0476	-0.7572	0.9369	-0.9913	0.5264	3.7273	171.1251	303.6134	219.0301	70.5686	0.9930	0.7538	80.3877
51.5622	7992.0000	-0.2150	0.7876	0.0000	212.2450	215.8300	230.4050	1.7871	233.9700	58.8079	0.0000	8000.0000	500.0000	0.0000	7994.8146	0.2451	0.2552	0.0499	0.0504	-0.6532	0.7902	-0.7774	0.6606	-5.9038	167.1194	303.4744	226.8842	70.6096	1.5086	0.8027	80.3877
51.7475	7992.0000	-0.2150	0.7876	0.0000	212.2450	215.8300	230.4050	1.7871	233.9700	58.8079	0.0000	8000.0000	500.0000	0.0000	7994.8146	0.2451	0.2552	0.0499	0.0504	-0.6532	0.7902	-0.7774	0.6606	-5.9038	167.1194	303.4744	226.8842	70.6096	1.5086	0.8027	80.3877
52.2977	7999.0000	-0.2240	0.8039	0.0000	212.0250	223.2200	230.4010	1.8452	241.8500	58.7723	0.0000	8000.0000	500.0000	0.0000	7996.9501	0.2885	0.2596	0.0485	0.0469	-0.9123	1.0590	-0.9909	0.5697	-7.8937	172.9158	303.4366	233.6204	70.6619	1.2263	0.7900	80.2718
52.3517	7999.0000	-0.2240	0.8039	0.0000	212.0250	223.2200	230.4010	1.8452	241.8500	58.7723	0.0000	8000.0000	500.0000	0.0000	7996.9501	0.2885	0.2596	0.0485	0.0469	-0.9123	1.0590	-0.9909	0.5697	-7.8937	172.9158	303.4366	233.6204	70.6619	1.2263	0.7900	80.2718
52.9588	7994.0000	-0.2280	0.8200	0.0000	211.8320	230.6200	230.3970	1.9065	249.4500	58.7287	0.0000	8000.0000	500.0000	0.0000	8001.0225	0.2403	0.2587	0.0476	0.0499	-0.7570	0.7815	-1.0936	0.6130	1.7247	168.0023	303.5105	234.3390	70.7065	1.2989	0.7963	80.2718
53.0456	7994.0000	-0.2280	0.8200	0.0000	211.8320	230.6200	230.3970	1.9065	249.4500	58.7287	0.0000	8000.0000	500.0000	0.0000	8001.0225	0.2403	0.2587	0.0476	0.0499	-0.7570	0.7815	-1.0936	0.6130	1.7247	168.0023	303.5105	234.3390	70.7065	1.2989	0.7963	80.2718
53.5640	8002.0000	-0.2320	0.8233	0.0000	211.8420	232.2400	230.3950	1.9222	250.9800	58.7151	0.0000	8000.0000	500.0000	0.0000	8002.1975	0.2785	0.2593	0.0492	0.0494	-0.6523	0.9214	-1.0140	0.5868	1.3739	171.4955	303.5195	241.5774	70.7513	1.0935	0.7952	80.1657
53.7949	8002.0000	-0.2320	0.8233	0.0000	211.8420	232.2400	230.3950	1.9222	250.9800	58.7151	0.0000	8000.0000	500.0000	0.0000	8002.1975	0.2785	0.2593	0.0492	0.0494	-0.6523	0.9214	-1.0140	0.5868	1.3739	171.4955	303.5195	241.5774	70.7513	1.0935	0.7952	80.1657
54.1703	7998.0000	-0.2340	0.8229	0.0000	212.2650	234.0700	230.3900	1.9427	252.5000	58.6810	1.0000	8000.0000	500.0000	0.0000	8002.3741	0.2433	0.2612	0.0492	0.0491	-0.6699	0.7968	-0.9091	0.6817	-7.2885	163.0151	303.6597	236.6001	70.7948	1.2202	0.7992	80.0609
54.5367	7998.0000	-0.2340	0.8229	0.0000	212.2650	234.0700	230.3900	1.9427	252.5000	58.6810	1.0000	8000.0000	500.0000	0.0000	8008.1664	0.2167	0.2536	0.0490	0.0511	-0.7017	0.6916	-0.9698	0.5611	-3.1276	172.3340	303.8373	241.1582	70.8376	1.1589	0.8342	80.0609
54.7756	7998.0000	-0.2340	0.8229	0.0000	212.2650	234.0700	230.3900	1.9427	252.5000	58.6810	1.0000	8000.0000	500.0000	0.0000	8008.1664	0.2167	0.2536	0.0490	0.0511	-0.7017	0.6916	-0.9698	0.5611	-3.1276	172.3340	303.8373	241.1582	70.8376	1.1589	0.8342	80.0609
55.3801	7993.0000	-0.2330	0.8199	0.0000	212.4250	233.2000	230.3890	1.9403	251.4900	58.6367	1.0000	8000.0000	500.0000	0.0000	8004.1220	0.2671	0.2590	0.0499	0.0481	-0.9058	0.9392	-0.8645	0.6504	0.1651	165.7163	303.8662	236.0059	70.8847	1.2004	0.7982	79.9529
55.3812	7993.0000	-0.2330	0.8199	0.0000	212.4250	233.2000	230.3890	1.9403	251.4900	58.6367	1.0000	8000.0000	500.0000	0.0000	8004.1220	0.2671	0.2590	0.0499	0.0481	-0.9058	0.9392	-0.8645	0.6504	0.1651	165.7163	303.8662	236.0059	70.8847	1.2004	0.7982	79.9529
55.9871	8004.0000	-0.2340	0.8198	0.0000	212.5340	233.5100	230.3810	1.9513	251.6300	58.5903	1.0000	8000.0000	500.0000	0.0000	8000.7887	0.2358	0.2634	0.0471	0.0507	-0.6684	0.7762	-1.1310	0.6531	-10.7324	168.1931	304.0066	237.4391	70.9217	1.3774	0.7989	79.9529
56.1224	8004.0000	-0.2340	0.8198	0.0000	212.5340	233.5100	230.3810	1.9513	251.6300	58.5903	1.0000	8000.0000	500.0000	0.0000	8000.7887	0.2358	0.2634	0.0471	0.0507	-0.6684	0.7762	-1.1310	0.6531	-10.7324	168.1931	304.0066	237.4391	70.9217	1.3774	0.7989	79.9529
56.5928	8001.0000	-0.2360	0.8194	0.0000	212.6150	233.6500	230.3750	1.9545	251.6400	58.5960	1.0000	8000.0000	500.0000	0.0000	8003.0100	0.2746	0.2604	0.0488	0.0471	-0.7744	0.9733	-0.9555	0.5504	-2.9185	171.8978	304.2443	238.9740	70.9584	1.1568	0.7966	79.8501
56.8713	8001.0000	-0.2360	0.8194	0.0000	212.6150	233.6500	230.3750	1.9545	251.6400	58.5960	1.0000	8000.0000	500.0000	0.0000	8003.0100	0.2746	0.2604	0.0488	0.0471	-0.7744	0.9733	-0.9555	0.5504	-2.9185	171.8978	304.2443	238.9740	70.9584	1.1568	0.7966	79.8501
57.1970	8001.0000	-0.2360	0.8194	0.0000	212.6150	233.6500	230.3750	1.9545	251.6400	58.5960	1.0000	8000.0000	500.0000	0.0000	8003.7059	0.2481	0.2597	0.0495	0.0502	-0.7254	0.7485	-1.1117	0.6493	0.2582	167.2470	304.2532	237.2740	70.9919	1.1014	0.7978	79.7472
57.6004	8000.0000	-0.2350	0.8197	0.0000	212.6420	233.9500	230.3680	1.9612	251.8800	58.5756	1.0000	8000.0000	500.0000	0.0000	8003.7805	0.2525	0.2594	0.0522	0.0504	-0.6572	0.8270	-0.8629	0.6570	-11.0819	169.4546	304.3630	236.1934	71.0254	0.9777	0.8351	79.7472
57.7881	8000.0000	-0.2350	0.8197	0.0000	212.6420	233.9500	230.3680	1.9612	251.8800	58.5756	1.0000	8000.0000	500.0000	0.0000	8003.7805	0.2525	0.2594	0.0522	0.0504	-0.6572	0.8270	-0.8629	0.6570	-11.0819	169.4546	304.3630	236.1934	71.0254	0.9777	0.8351	79.7472
58.3511	7998.0000	-0.2330	0.8186	0.0000	212.7060	233.5500	230.3640	1.9607	251.3200	58.5397	1.0000	8000.0000	500.0000	0.0000	8001.7615	0.2842	0.2621	0.0519	0.0468	-0.8236	0.9948	-0.8606	0.6193	-9.8219	173.5027	304.3352	240.0960	71.0635	1.0096	0.7977	79.6400
58.3932	7998.0000	-0.2330	0.8186	0.0000	212.7060	233.5500	230.3640	1.9607	251.3200	58.5397	1.0000	8000.0000	500.0000	0.0000	8001.7615	0.2842	0.2621	0.0519	0.0468	-0.8236	0.9948	-0.8606	0.6193	-9.8219	173.5027	304.3352	240.0960	71.0635	1.0096	0.7977	79.6400
58.9995	8001.0000	-0.2340	0.8187	0.0000	212.7660	233.7700	230.3560	1.9681	251.4500	58.5031	1.0000	8000.0000	500.0000	0.0000	7997.8646	0.2454	0.2673	0.0469	0.0497	-0.6874	0.8473	-1.2034	0.5936	0.6924	168.6807	304.4041	235.9745	71.0923	1.3570	0.7961	79.6400
59.0824	8001.0000	-0.2340	0.8187	0.0000	212.7660	233.7700	230.3560	1.9681	251.4500	58.5031	1.0000	8000.0000	500.0000	0.0000	7997.8646	0.2454	0.2673	0.0469	0.0497	-0.6874	0.8473	-1.2034	0.5936	0.6924	168.6807	304.4041	235.9745	71.0923	1.3570	0.7961	79.6400
59.6051	8004.0000	-0.2330	0.8176	0.0000	212.8670	233.8700	230.3500	1.9697	251.4600	58.4550	1.0000	8000.0000	500.0000	0.0000	7998.5955	0.2420	0.2661	0.0477	0.0514	-0.5031	0.7050	-1.2145	0.5888	-2.4638	171.6835	304.5299	243.5497	71.1200	1.2517	0.7915	79.5389
59.8189	8004.0000	-0.2330	0.8176	0.0000	212.8670	233.8700	230.3500	1.9697	251.4600	58.4550	1.0000	8000.0000	500.0000	0.0000	7998.5955	0.2420	0.2661	0.0477	0.0514	-0.5031	0.7050	-1.2145	0.5888	-2.4638	171.6835	304.5299	243.5497	71.1200	1.2517	0.7915	79.5389
60.1935	8004.0000	-0.2330	0.8162	0.0000	212.9380	233.2900	230.3400	1.9704	250.7300	58.4729	2.0000	8000.0000	500.0000	0.0000	7996.6634	0.2772	0.2686	0.0478	0.0511	-0.7076	0.9195	-1.0619	0.6055	-1.3452	174.9337	304.6073	242.7291	71.1448	1.2752	0.7957	79.4375
60.5526	8004.0000	-0.2330	0.8162	0.0000	212.9380	233.2900	230.3400	1.9704	250.7300	58.4729	2.0000	8000.0000	500.0000	0.0000	8006.4138	0.2717	0.2561	0.0506	0.0493	-0.7011	0.9453	-0.9865	0.6311	-6.0969	166.4033	304.6909	236.7229	71.1712	0.9788	0.8151	79.4375
60.7999	8004.0000	-0.2330	0.8162	0.0000	212.9380	233.2900	230.3400	1.9704	250.7300	58.4729	2.0000	8000.0000	500.0000	0.0000	8006.4138	0.2717	0.2561	0.0506	0.0493	-0.7011	0.9453	-0.9865	0.6311	-6.0969	166.4033	304.6909	236.7229	71.1712	0.9788	0.8151	79.4375
61.3893	7998.0000	-0.2340	0.8173	0.0000	212.9380	233.8300	230.3340	1.9761	251.2500	58.4471	2.0000	8000.0000	500.0000	0.0000	7997.4963	0.2595	0.2674	0.0518	0.0492	-0.6640	0.8796	-0.8065	0.6775	-8.0810	163.2364	304.7782	235.9094	71.2013	1.0414	0.7924	79.3323
61.4015	7998.0000	-0.2340	0.8173	0.0000	212.9380	233.8300	230.3340	1.9761	251.2500	58.4471	2.0000	8000.0000	500.0000	0.0000	7997.4963	0.2595	0.2674	0.0518	0.0492	-0.6640	0.8796	-0.8065	0.6775	-8.0810	163.2364	304.7782	235.9094	71.2013	1.0414	0.7924	79.3323
61.9950	8002.0000	-0.2350	0.8147	0.0000	213.0580	233.2400	230.3260	1.9768	250.5500	58.4280	2.0000	8000.0000	500.0000	0.0000	8003.5229	0.2308	0.2596	0.0504	0.0513	-0.5609	0.7517	-0.8722	0.5735	1.4143	172.5735	304.7534	239.0618	71.2221	1.0776	0.7934	79.3323
62.1338	8002.0000	-0.2350	0.8147	0.0000	213.0580	233.2400	230.3260	1.9768	250.5500	58.4280	2.0000	8000.0000	500.0000	0.0000	8003.5229	0.2308	0.2596	0.0504	0.0513	-0.5609	0.7517	-0.8722	0.5735	1.4143	172.5735	304.7534	239.0618	71.2221	1.0776	0.7934	79.3323
62.5854	8006.0000	-0.2340	0.8148	0.0000	213.0740	233.0600	230.3180	1.9769	250.3300	58.4002	2.0000	8000.0000	500.0000	0.0000	7987.5652	0.2501	0.2802	0.0485	0.0514	-0.5864	0.7714	-1.1319	0.5222	-11.8966	176.8045	304.8087	239.7282	71.2419	1.3520	0.7921	79.2324
62.8757	8006.0000	-0.2340	0.8148	0.0000	213.0740	233.0600	230.3180	1.9769	250.3300	58.4002	2.0000	8000.0000	500.0000	0.0000	7987.5652	0.2501	0.2802	0.0485	0.0514	-0.5864	0.7714	-1.1319	0.5222	-11.8966	176.8045	304.8087	239.7282	71.2419	1.3520	0.7921	79.2324
63.6196	8000.0000	-0.2320	0.8143	0.0000	213.0490	232.6400	230.3100	1.9772	249.8800	58.3761	2.0000	8000.0000	500.0000	0.0000	8003.4471	0.2174	0.2596	0.0493	0.0513	-0.7352	0.7031	-1.0667	0.5981	-12.0207	172.5982	304.9219	240.6071	71.2762	1.1815	0.8233	79.1322
63.6849	8000.0000	-0.2320	0.8143	0.0000	213.0490	232.6400	230.3100	1.9772	249.8800	58.3761	2.0000	8000.0000	500.0000	0.0000	8003.4471	0.2174	0.2596	0.0493	0.0513	-0.7352	0.7031	-1.0667	0.5981	-12.0207	172.5982	304.9219	240.6071	71.2762	1.1815	0.8233	79.1322
64.2739	7997.0000	-0.2330	0.8136	0.0000	213.1410	233.0100	230.3050	1.9810	250.1700	58.3610	2.0000	8000.0000	500.0000	0.0000	7998.5512	0.2408	0.2659	0.0480	0.0519	-0.8022	0.7764	-1.0638	0.5516	1.1240	175.4038	305.0517	241.1681	71.3022	1.2106	0.7910	79.0285
64.3519	7997.0000	-0.2330	0.8136	0.0000	213.1410	233.0100	230.3050	1.9810	250.1700	58.3610	2.0000	8000.0000	500.0000	0.0000	7998.5512	0.2408	0.2659	0.0480	0.0519	-0.8022	0.7764	-1.0638	0.5516	1.1240	175.4038	305.0517	241.1681	71.3022	1.2106	0.7910	79.0285
64.8803	8001.0000	-0.2300	0.8136	0.0000	213.0770	232.5000	230.2990	1.9809	249.6700	58.3353	2.0000	8000.0000	500.0000	0.0000	7996.4757	0.2666	0.2684	0.0481	0.0488	-0.7839	0.9365	-1.0657	0.7228	-11.1605	159.1953	305.1141	236.4234	71.3184	1.2212	0.7916	79.0285
65.0801	8001.0000	-0.2300	0.8136	0.0000	213.0770	232.5000	230.2990	1.9809	249.6700	58.3353	2.0000	8000.0000	500.0000	0.0000	7996.4757	0.2666	0.2684	0.0481	0.0488	-0.7839	0.9365	-1.0657	0.7228	-11.1605	159.1953	305.1141	236.4234	71.3184	1.2212	0.7916	79.0285
65.4855	7999.0000	-0.2320	0.8135	0.0000	213.1480	232.9500	230.2940	1.9847	250.0100	58.3257	2.0000	8000.0000	500.0000	0.0000	8002.7494	0.2346	0.2604	0.0469	0.0514	-0.7200	0.7554	-1.1551	0.5658	0.0161	173.0304	305.0905	240.0808	71.3342	1.2630	0.7910	78.9300
65.8174	7999.0000	-0.2320	0.8135	0.0000	213.1480	232.9500	230.2940	1.9847	250.0100	58.3257	2.0000	8000.0000	500.0000	0.0000	8002.5903	0.2821	0.2607	0.0495	0.0476	-0.8182	1.0137	-0.9313	0.4841	4.3968	176.4067	305.0791	238.1905	71.3491	1.1242	0.7910	78.8315
66.0917	7999.0000	-0.2320	0.8135	0.0000	213.1480	232.9500	230.2940	1.9847	250.0100	58.3257	2.0000	8000.0000	500.0000	0.0000	8002.5903	0.2821	0.2607	0.0495	0.0476	-0.8182	1.0137	-0.9313	0.4841	4.3968	176.4067	305.0791	238.1905	71.3491	1.1242	0.7910	78.8315
66.5609	8000.0000	-0.2330	0.8129	0.0000	213.2050	232.9000	230.2870	1.9851	249.9500	58.2970	3.0000	8000.0000	500.0000	0.0000	8003.6085	0.2381	0.2594	0.0490	0.0501	-0.7814	0.7832	-0.9785	0.6119	4.0194	169.0817	305.0137	235.6199	71.3626	1.0765	0.7946	78.8315
66.6979	8000.0000	-0.2330	0.8129	0.0000	213.2050	232.9000	230.2870	1.9851	249.9500	58.2970	3.0000	8000.0000	500.0000	0.0000	8003.6085	0.2381	0.2594	0.0490	0.0501	-0.7814	0.7832	-0.9785	0.6119	4.0194	169.0817	305.0137	235.6199	71.3626	1.0765	0.7946	78.8315
67.2871	8001.0000	-0.2310	0.8125	0.0000	213.2550	232.9600	230.2840	1.9874	249.9600	58.2926	3.0000	8000.0000	500.0000	0.0000	8003.8970	0.2690	0.2590	0.0507	0.0508	-0.7337	0.8447	-0.8994	0.5880	-8.1808	170.0956	305.0862	237.2359	71.3836	0.9912	0.7904	78.7292
67.4217	8001.0000	-0.2310	0.8125	0.0000	213.2550	232.9600	230.2840	1.9874	249.9600	58.2926	3.0000	8000.0000	500.0000	0.0000	8003.8970	0.2690	0.2590	0.0507	0.0508	-0.7337	0.8447	-0.8994	0.5880	-8.1808	170.0956	305.0862	237.2359	71.3836	0.9912	0.7904	78.7292
67.8928	8004.0000	-0.2330	0.8131	0.0000	213.2340	233.0600	230.2800	1.9910	250.0200	58.2552	3.0000	8000.0000	500.0000	0.0000	7998.2283	0.3077	0.2663	0.0503	0.0467	-0.9803	1.1348	-1.0680	0.5692	-11.7437	175.8884	305.1535	239.3130	71.3947	0.9892	0.7926	78.7292
68.1728	8004.0000	-0.2330	0.8131	0.0000	213.2340	233.0600	230.2800	1.9910	250.0200	58.2552	3.0000	8000.0000	500.0000	0.0000	7998.2283	0.3077	0.2663	0.0503	0.0467	-0.9803	1.1348	-1.0680	0.5692	-11.7437	175.8884	305.1535	239.3130	71.3947	0.9892	0.7926	78.7292
68.4988	8004.0000	-0.2330	0.8131	0.0000	213.2340	233.0600	230.2800	1.9910	250.0200	58.2552	3.0000	8000.0000	500.0000	0.0000	7993.5283	0.2421	0.2724	0.0468	0.0500	-0.8438	0.8167	-1.0620	0.6730	-12.4824	165.5238	305.2229	234.8392	71.4062	1.3393	0.7922	78.6324
68.9149	7999.0000	-0.2320	0.8129	0.0000	213.2750	233.1700	230.2770	1.9912	250.0900	58.2403	3.0000	8000.0000	500.0000	0.0000	7993.5644	0.2707	0.2725	0.0488	0.0514	-0.6795	0.8854	-1.0082	0.5991	-12.0093	172.5036	305.2437	242.3467	71.4170	1.3348	0.7920	78.5355
69.1042	7999.0000	-0.2320	0.8129	0.0000	213.2750	233.1700	230.2770	1.9912	250.0900	58.2403	3.0000	8000.0000	500.0000	0.0000	7993.5644	0.2707	0.2725	0.0488	0.0514	-0.6795	0.8854	-1.0082	0.5991	-12.0093	172.5036	305.2437	242.3467	71.4170	1.3348	0.7920	78.5355
69.6619	7999.0000	-0.2310	0.8121	0.0000	213.3240	232.9700	230.2750	1.9917	249.8600	58.2790	3.0000	8000.0000	500.0000	0.0000	8002.5413	0.2701	0.2608	0.0496	0.0490	-0.8331	0.9350	-1.0269	0.6607	-9.1034	165.0551	305.1748	236.8195	71.4273	1.0136	0.8055	78.5355
69.7089	7999.0000	-0.2310	0.8121	0.0000	213.3240	232.9700	230.2750	1.9917	249.8600	58.2790	3.0000	8000.0000	500.0000	0.0000	8002.5413	0.2701	0.2608	0.0496	0.0490	-0.8331	0.9350	-1.0269	0.6607	-9.1034	165.0551	305.1748	236.8195	71.4273	1.0136	0.8055	78.5355
70.3146	7997.0000	-0.2310	0.8118	0.0000	213.3410	233.1100	230.2730	1.9938	249.9400	58.2199	3.0000	8000.0000	500.0000	0.0000	8005.3559	0.2409	0.2569	0.0506	0.0516	-0.8125	0.8297	-0.8766	0.5385	1.7022	174.7830	305.2123	240.1439	71.4445	1.0386	0.7927	78.4349
70.4084	7997.0000	-0.2310	0.8118	0.0000	213.3410	233.1100	230.2730	1.9938	249.9400	58.2199	3.0000	8000.0000	500.0000	0.0000	8005.3559	0.2409	0.2569	0.0506	0.0516	-0.8125	0.8297	-0.8766	0.5385	1.7022	174.7830	305.2123	240.1439	71.4445	1.0386	0.7927	78.4349
70.9212	8003.0000	-0.2320	0.8124	0.0000	213.2300	232.7000	230.2740	1.9933	249.5600	58.2431	3.0000	8000.0000	500.0000	0.0000	8003.4261	0.2865	0.2594	0.0463	0.0481	-0.9045	0.9879	-1.2676	0.6507	7.9124	166.5806	305.2565	236.9349	71.4531	1.3203	0.7918	78.4349
71.1611	8003.0000	-0.2320	0.8124	0.0000	213.2300	232.7000	230.2740	1.9933	249.5600	58.2431	3.0000	8000.0000	500.0000	0.0000	8003.4261	0.2865	0.2594	0.0463	0.0481	-0.9045	0.9879	-1.2676	0.6507	7.9124	166.5806	305.2565	236.9349	71.4531	1.3203	0.7918	78.4349
71.5263	8003.0000	-0.2320	0.8124	0.0000	213.2300	232.7000	230.2740	1.9933	249.5600	58.2431	3.0000	8000.0000	500.0000	0.0000	8002.3426	0.2292	0.2606	0.0482	0.0507	-0.7945	0.8037	-1.0625	0.6638	-9.8096	168.3443	305.3356	236.3309	71.4609	1.3012	0.7907	78.3397
71.9070	8000.0000	-0.2330	0.8118	0.0000	213.2320	232.3300	230.2750	1.9917	249.2300	58.2192	3.0000	8000.0000	500.0000	0.0000	8000.3633	0.2375	0.2633	0.0476	0.0511	-0.6914	0.7431	-1.0664	0.5805	-3.1479	172.5584	305.4191	235.9514	71.4683	1.3253	0.7910	78.2443
72.1161	8000.0000	-0.2330	0.8118	0.0000	213.2320	232.3300	230.2750	1.9917	249.2300	58.2192	3.0000	8000.0000	500.0000	0.0000	8000.3633	0.2375	0.2633	0.0476	0.0511	-0.6914	0.7431	-1.0664	0.5805	-3.1479	172.5584	305.4191	235.9514	71.4683	1.3253	0.7910	78.2443
72.6467	8001.0000	-0.2320	0.8114	0.0000	213.2690	232.1100	230.2780	1.9902	248.9700	58.1690	4.0000	8000.0000	500.0000	0.0000	8003.1621	0.2844	0.2596	0.0512	0.0480	-0.8046	0.9606	-0.7932	0.5463	0.9097	174.0829	305.5023	235.9759	71.4756	1.2099	0.8143	78.2443
72.7222	8001.0000	-0.2320	0.8114	0.0000	213.2690	232.1100	230.2780	1.9902	248.9700	58.1690	4.0000	8000.0000	500.0000	0.0000	8003.1621	0.2844	0.2596	0.0512	0.0480	-0.8046	0.9606	-0.7932	0.5463	0.9097	174.0829	305.5023	235.9759	71.4756	1.2099	0.8143	78.2443
73.3275	8004.0000	-0.2310	0.8110	0.0000	213.2220	231.7900	230.2850	1.9892	248.6200	58.1817	4.0000	8000.0000	500.0000	0.0000	8001.9713	0.2649	0.2610	0.0485	0.0508	-0.7068	0.9178	-1.1362	0.5730	-5.5634	169.7441	305.4942	235.3103	71.4903	1.2277	0.7911	78.1456
73.5282	8004.0000	-0.2310	0.8110	0.0000	213.2220	231.7900	230.2850	1.9892	248.6200	58.1817	4.0000	8000.0000	500.0000	0.0000	8001.9713	0.2649	0.2610	0.0485	0.0508	-0.7068	0.9178	-1.1362	0.5730	-5.5634	169.7441	305.4942	235.3103	71.4903	1.2277	0.7911	78.1456
73.9337	8001.0000	-0.2320	0.8102	0.0000	213.2560	231.5000	230.2910	1.9873	248.3100	58.1712	4.0000	8000.0000	500.0000	0.0000	8008.7469	0.2877	0.2520	0.0514	0.0469	-0.9393	1.0115	-0.8747	0.5918	-7.5870	171.8449	305.4393	238.9499	71.4962	0.9235	0.7893	78.1456
74.2681	8001.0000	-0.2320	0.8102	0.0000	213.2560	231.5000	230.2910	1.9873	248.3100	58.1712	4.0000	8000.0000	500.0000	0.0000	8001.4578	0.2418	0.2612	0.0475	0.0501	-0.8394	0.8451	-1.2019	0.6148	-6.8666	165.9730	305.4255	233.9391	71.5009	1.2838	0.7881	78.0520
74.5379	8001.0000	-0.2320	0.8102	0.0000	213.2560	231.5000	230.2910	1.9873	248.3100	58.1712	4.0000	8000.0000	500.0000	0.0000	8001.4578	0.2418	0.2612	0.0475	0.0501	-0.8394	0.8451	-1.2019	0.6148	-6.8666	165.9730	305.4255	233.9391	71.5009	1.2838	0.7881	78.0520
75.0142	8002.0000	-0.2300	0.8090	0.0000	213.2810	231.1400	230.3050	1.9858	247.8900	58.1206	4.0000	8000.0000	500.0000	0.0000	8004.4286	0.2573	0.2574	0.0481	0.0511	-0.5772	0.7922	-1.1117	0.5912	-12.6535	175.0594	305.4278	242.1225	71.5043	1.0553	0.7884	77.9580
75.1443	8002.0000	-0.2300	0.8090	0.0000	213.2810	231.1400	230.3050	1.9858	247.8900	58.1206	4.0000	8000.0000	500.0000	0.0000	8004.4286	0.2573	0.2574	0.0481	0.0511	-0.5772	0.7922	-1.1117	0.5912	-12.6535	175.0594	305.4278	242.1225	71.5043	1.0553	0.7884	77.9580
75.7504	8004.0000	-0.2320	0.8100	0.0000	213.2710	231.6200	230.3130	1.9897	248.4300	58.1386	4.0000	8000.0000	500.0000	0.0000	7997.8442	0.2786	0.2661	0.0482	0.0489	-0.7878	0.9393	-1.0712	0.6507	1.3370	163.8990	305.5847	235.0209	71.5089	1.4128	0.8224	77.9580
75.7541	8004.0000	-0.2320	0.8100	0.0000	213.2710	231.6200	230.3130	1.9897	248.4300	58.1386	4.0000	8000.0000	500.0000	0.0000	7997.8442	0.2786	0.2661	0.0482	0.0489	-0.7878	0.9393	-1.0712	0.6507	1.3370	163.8990	305.5847	235.0209	71.5089	1.4128	0.8224	77.9580
76.3563	8002.0000	-0.2310	0.8093	0.0000	213.3230	231.2600	230.3320	1.9884	247.9800	58.1511	4.0000	8000.0000	500.0000	0.0000	8001.0807	0.2588	0.2618	0.0489	0.0511	-0.6230	0.8409	-1.0403	0.5511	-3.8296	174.2572	305.6548	235.1126	71.5204	1.1730	0.7901	77.8605
76.4966	8002.0000	-0.2310	0.8093	0.0000	213.3230	231.2600	230.3320	1.9884	247.9800	58.1511	4.0000	8000.0000	500.0000	0.0000	8001.0807	0.2588	0.2618	0.0489	0.0511	-0.6230	0.8409	-1.0403	0.5511	-3.8296	174.2572	305.6548	235.1126	71.5204	1.1730	0.7901	77.8605
76.9453	8003.0000	-0.2310	0.8092	0.0000	213.3570	231.4300	230.3430	1.9893	248.1400	58.1493	4.0000	8000.0000	500.0000	0.0000	8001.3180	0.2163	0.2616	0.0484	0.0511	-0.6398	0.6448	-1.0659	0.5781	6.0193	172.5614	305.6722	239.6447	71.5229	1.2391	0.7893	77.8605
77.2378	8003.0000	-0.2310	0.8092	0.0000	213.3570	231.4300	230.3430	1.9893	248.1400	58.1493	4.0000	8000.0000	500.0000	0.0000	8001.3180	0.2163	0.2616	0.0484	0.0511	-0.6398	0.6448	-1.0659	0.5781	6.0193	172.5614	305.6722	239.6447	71.5229	1.2391	0.7893	77.8605
77.5513	8003.0000	-0.2310	0.8092	0.0000	213.3570	231.4300	230.3430	1.9893	248.1400	58.1493	4.0000	8000.0000	500.0000	0.0000	8006.0675	0.3011	0.2556	0.0491	0.0481	-0.7443	1.0581	-1.0312	0.6131	3.9963	166.0584	305.6825	237.1345	71.5251	0.9960	0.7917	77.7684
77.9982	7998.0000	-0.2320	0.8096	0.0000	213.4040	231.7000	230.3650	1.9927	248.4100	58.1156	5.0000	8000.0000	500.0000	0.0000	7999.8131	0.2327	0.2637	0.0477	0.0510	-0.6080	0.7783	-1.1693	0.6316	-15.5201	168.5666	305.6704	238.2221	71.5276	1.2134	0.7903	77.6761
78.1569	7998.0000	-0.2320	0.8096	0.0000	213.4040	231.7000	230.3650	1.9927	248.4100	58.1156	5.0000	8000.0000	500.0000	0.0000	7999.8131	0.2327	0.2637	0.0477	0.0510	-0.6080	0.7783	-1.1693	0.6316	-15.5201	168.5666	305.6704	238.2221	71.5276	1.2134	0.7903	77.6761
78.7654	8003.0000	-0.2300	0.8092	0.0000	213.4130	231.8400	230.3900	1.9930	248.5200	58.0728	5.0000	8000.0000	500.0000	0.0000	8008.6967	0.3040	0.2522	0.0474	0.0470	-0.9175	1.1173	-1.1125	0.5200	5.1640	176.2437	305.7692	237.9510	71.5302	1.2463	0.8274	77.6761
79.3681	8003.0000	-0.2300	0.8092	0.0000	213.4130	231.8400	230.3900	1.9930	248.5200	58.0728	5.0000	8000.0000	500.0000	0.0000	8001.0953	0.2483	0.2622	0.0511	0.0502	-0.8432	0.8697	-0.9422	0.6136	1.0258	169.1576	305.7710	234.0903	71.5396	0.9389	0.7901	77.5803
79.4000	8003.0000	-0.2300	0.8092	0.0000	213.4130	231.8400	230.3900	1.9930	248.5200	58.0728	5.0000	8000.0000	500.0000	0.0000	8001.0953	0.2483	0.2622	0.0511	0.0502	-0.8432	0.8697	-0.9422	0.6136	1.0258	169.1576	305.7710	234.0903	71.5396	0.9389	0.7901	77.5803
79.9738	7997.0000	-0.2290	0.8084	0.0000	213.4680	231.7100	230.4120	1.9945	248.3700	58.0632	5.0000	8000.0000	500.0000	0.0000	8005.5628	0.2196	0.2563	0.0525	0.0516	-0.7422	0.7008	-0.7468	0.5853	-4.7292	170.7874	305.8465	239.9606	71.5408	0.9522	0.7874	77.5803
80.1485	7997.0000	-0.2290	0.8084	0.0000	213.4680	231.7100	230.4120	1.9945	248.3700	58.0632	5.0000	8000.0000	500.0000	0.0000	8005.5628	0.2196	0.2563	0.0525	0.0516	-0.7422	0.7008	-0.7468	0.5853	-4.7292	170.7874	305.8465	239.9606	71.5408	0.9522	0.7874	77.5803
80.5795	8000.0000	-0.2310	0.8082	0.0000	213.4900	231.4800	230.4230	1.9924	248.1300	58.0982	5.0000	8000.0000	500.0000	0.0000	8003.3002	0.2723	0.2592	0.0469	0.0497	-0.7958	0.9450	-1.1079	0.6608	-15.4943	164.8780	305.8729	234.8863	71.5412	1.3494	0.7883	77.4898
80.9012	8000.0000	-0.2310	0.8082	0.0000	213.4900	231.4800	230.4230	1.9924	248.1300	58.0982	5.0000	8000.0000	500.0000	0.0000	7989.7759	0.2502	0.2767	0.0496	0.0515	-0.7561	0.8472	-1.0668	0.6569	5.2997	170.8480	305.9066	239.0511	71.5415	1.2474	0.7875	77.3989
81.1854	8000.0000	-0.2310	0.8082	0.0000	213.4900	231.4800	230.4230	1.9924	248.1300	58.0982	5.0000	8000.0000	500.0000	0.0000	7989.7759	0.2502	0.2767	0.0496	0.0515	-0.7561	0.8472	-1.0668	0.6569	5.2997	170.8480	305.9066	239.0511	71.5415	1.2474	0.7875	77.3989
81.6384	7998.0000	-0.2310	0.8077	0.0000	213.5130	231.5200	230.4450	1.9935	248.1600	58.0726	5.0000	8000.0000	500.0000	0.0000	8003.1003	0.2854	0.2594	0.0471	0.0481	-0.7235	0.9622	-1.1921	0.7013	1.5885	161.9994	305.8806	235.4200	71.5435	1.2201	0.8056	77.3989
81.7905	7998.0000	-0.2310	0.8077	0.0000	213.5130	231.5200	230.4450	1.9935	248.1600	58.0726	5.0000	8000.0000	500.0000	0.0000	8003.1003	0.2854	0.2594	0.0471	0.0481	-0.7235	0.9622	-1.1921	0.7013	1.5885	161.9994	305.8806	235.4200	71.5435	1.2201	0.8056	77.3989
82.3817	8000.0000	-0.2290	0.8073	0.0000	213.5420	231.4000	230.4580	1.9928	248.0100	58.0430	5.0000	8000.0000	500.0000	0.0000	8000.8424	0.2489	0.2623	0.0480	0.0509	-0.8493	0.8252	-1.1852	0.5914	-12.8083	172.8093	305.9446	234.7179	71.5497	1.2212	0.7857	77.3046
82.3954	8000.0000	-0.2290	0.8073	0.0000	213.5420	231.4000	230.4580	1.9928	248.0100	58.0430	5.0000	8000.0000	500.0000	0.0000	8000.8424	0.2489	0.2623	0.0480	0.0509	-0.8493	0.8252	-1.1852	0.5914	-12.8083	172.8093	305.9446	234.7179	71.5497	1.2212	0.7857	77.3046
82.9864	8003.0000	-0.2320	0.8077	0.0000	213.5760	231.6500	230.4790	1.9947	248.2400	58.0187	5.0000	8000.0000	500.0000	0.0000	7997.5627	0.2352	0.2666	0.0484	0.0512	-0.6285	0.7079	-1.0044	0.6621	-11.2348	170.6195	305.9320	237.6612	71.5486	1.2759	0.7875	77.3046
83.1282	8003.0000	-0.2320	0.8077	0.0000	213.5760	231.6500	230.4790	1.9947	248.2400	58.0187	5.0000	8000.0000	500.0000	0.0000	7997.5627	0.2352	0.2666	0.0484	0.0512	-0.6285	0.7079	-1.0044	0.6621	-11.2348	170.6195	305.9320	237.6612	71.5486	1.2759	0.7875	77.3046
83.5919	8004.0000	-0.2320	0.8064	0.0000	213.6070	231.1300	230.4890	1.9915	247.7200	58.0316	5.0000	8000.0000	500.0000	0.0000	7999.3526	0.2772	0.2640	0.0502	0.0475	-0.8613	0.9593	-0.8085	0.6027	2.2541	172.9484	305.9833	238.0279	71.5471	1.3108	0.7879	77.2154
83.8718	8004.0000	-0.2320	0.8064	0.0000	213.6070	231.1300	230.4890	1.9915	247.7200	58.0316	5.0000	8000.0000	500.0000	0.0000	7999.3526	0.2772	0.2640	0.0502	0.0475	-0.8613	0.9593	-0.8085	0.6027	2.2541	172.9484	305.9833	238.0279	71.5471	1.3108	0.7879	77.2154
84.1976	8004.0000	-0.2320	0.8064	0.0000	213.6070	231.1300	230.4890	1.9915	247.7200	58.0316	5.0000	8000.0000	500.0000	0.0000	7997.4852	0.2520	0.2660	0.0503	0.0505	-0.6651	0.7773	-0.7986	0.6081	-8.0481	169.0329	305.8605	235.5085	71.5447	1.2293	0.7801	77.1258
84.6167	7998.0000	-0.2300	0.8033	0.0000	213.7320	230.7300	230.5080	1.9889	247.2700	58.0568	6.0000	8000.0000	500.0000	0.0000	7997.9497	0.2559	0.2646	0.0472	0.0508	-0.7774	0.8707	-1.1680	0.5749	-1.9353	171.4565	306.0887	233.9979	71.5418	1.3612	0.8109	77.1258
84.7872	7998.0000	-0.2300	0.8033	0.0000	213.7320	230.7300	230.5080	1.9889	247.2700	58.0568	6.0000	8000.0000	500.0000	0.0000	7997.9497	0.2559	0.2646	0.0472	0.0508	-0.7774	0.8707	-1.1680	0.5749	-1.9353	171.4565	306.0887	233.9979	71.5418	1.3612	0.8109	77.1258
85.3519	8003.0000	-0.2290	0.8056	0.0000	213.5220	230.9000	230.5160	1.9906	247.4500	58.0059	NOT CONNECTED	8000.0000	500.0000	0.0000	8001.3838	0.2958	0.2588	0.0507	0.0475	-0.7420	1.0189	-1.0013	0.5849	0.7157	175.2561	306.1164	235.2099	71.5449	1.1578	0.7795	77.0309
85.3923	8003.0000	-0.2290	0.8056	0.0000	213.5220	230.9000	230.5160	1.9906	247.4500	58.0059	NOT CONNECTED	8000.0000	500.0000	0.0000	8001.3838	0.2958	0.2588	0.0507	0.0475	-0.7420	1.0189	-1.0013	0.5849	0.7157	175.2561	306.1164	235.2099	71.5449	1.1578	0.7795	77.0309
86.3677	8080.0000	-0.0950	0.8015	0.0000	213.9130	230.4800	230.5310	1.9871	246.7800	58.0395	NOT CONNECTED	0.0000	500.0000	0.0000	8042.4352	0.0753	0.0738	0.0528	0.0524	-0.6331	0.2040	-0.6247	0.1664	-7.8044	177.7970	316.4301	67.9172	71.5086	0.5946	0.4768	76.9421
86.6034	8080.0000	-0.0950	0.8015	0.0000	213.9130	230.4800	230.5310	1.9871	246.7800	58.0395	NOT CONNECTED	0.0000	500.0000	0.0000	8042.4352	0.0753	0.0738	0.0528	0.0524	-0.6331	0.2040	-0.6247	0.1664	-7.8044	177.7970	316.4301	67.9172	71.5086	0.5946	0.4768	76.9421
87.1076	8004.0000	-0.0550	0.4648	0.0000	222.7100	66.0400	230.6220	0.7215	74.9500	57.9764	NOT CONNECTED	0.0000	500.0000	0.0000	7999.6714	0.0876	0.0961	0.0531	0.0532	-0.5103	0.2541	-0.5484	0.2237	-8.9300	178.1555	315.0423	87.4141	71.4127	0.6543	0.4505	76.8332
87.2257	8004.0000	-0.0550	0.4648	0.0000	222.7100	66.0400	230.6220	0.7215	74.9500	57.9764	NOT CONNECTED	0.0000	500.0000	0.0000	7999.6714	0.0876	0.0961	0.0531	0.0532	-0.5103	0.2541	-0.5484	0.2237	-8.9300	178.1555	315.0423	87.4141	71.4127	0.6543	0.4505	76.8332
87.8311	7999.0000	-0.0580	0.4865	0.0000	221.6340	83.8100	230.5910	0.8745	93.3900	58.0419	NOT CONNECTED	0.0000	500.0000	0.0000	7986.1687	0.0845	0.1155	0.0526	0.0518	-0.5389	0.2338	-0.6417	0.3185	4.9777	170.0053	314.7908	90.7095	71.3264	0.9556	0.5199	76.8332
87.8400	7999.0000	-0.0580	0.4865	0.0000	221.6340	83.8100	230.5910	0.8745	93.3900	58.0419	NOT CONNECTED	0.0000	500.0000	0.0000	7986.1687	0.0845	0.1155	0.0526	0.0518	-0.5389	0.2338	-0.6417	0.3185	4.9777	170.0053	314.7908	90.7095	71.3264	0.9556	0.5199	76.8332
88.4214	7999.0000	-0.0600	0.4919	0.0000	221.4860	85.9900	230.6070	0.8897	95.6900	57.9856	NOT CONNECTED	0.0000	500.0000	0.0000	8004.0940	0.1388	0.0934	0.0525	0.0518	-0.5908	0.4423	-0.6610	0.2027	5.8493	177.2615	314.7745	88.1822	71.2524	0.6326	0.4644	76.7020
88.5867	7999.0000	-0.0600	0.4919	0.0000	221.4860	85.9900	230.6070	0.8897	95.6900	57.9856	NOT CONNECTED	0.0000	500.0000	0.0000	8004.0940	0.1388	0.0934	0.0525	0.0518	-0.5908	0.4423	-0.6610	0.2027	5.8493	177.2615	314.7745	88.1822	71.2524	0.6326	0.4644	76.7020
89.0268	8003.0000	-0.0570	0.4986	0.0000	221.2290	85.2900	230.6160	0.8833	95.0300	57.9917	NOT CONNECTED	0.0000	500.0000	0.0000	8003.2629	0.0995	0.0942	0.0526	0.0530	-0.7936	0.3309	-0.7586	0.1450	-0.3378	179.3141	314.7227	89.4038	71.1734	0.6409	0.4709	76.7020
89.3208	8003.0000	-0.0570	0.4986	0.0000	221.2290	85.2900	230.6160	0.8833	95.0300	57.9917	NOT CONNECTED	0.0000	500.0000	0.0000	8003.2629	0.0995	0.0942	0.0526	0.0530	-0.7936	0.3309	-0.7586	0.1450	-0.3378	179.3141	314.7227	89.4038	71.1734	0.6409	0.4709	76.7020
89.6315	8003.0000	-0.0570	0.4986	0.0000	221.2290	85.2900	230.6160	0.8833	95.0300	57.9917	NOT CONNECTED	0.0000	500.0000	0.0000	7983.1630	0.1199	0.1205	0.0524	0.0515	-0.8152	0.4390	-0.6869	0.1875	2.7741	175.9415	314.6746	88.2879	71.0981	0.9324	0.4691	76.5771
90.0588	7998.0000	-0.0590	0.4970	0.0000	221.2730	85.6700	230.6270	0.8837	95.3700	57.9693	NOT CONNECTED	0.0000	500.0000	0.0000	8007.0030	0.0737	0.0844	0.0525	0.0533	-0.4800	0.2191	-0.5413	0.1662	-0.6466	177.9120	314.6869	74.2375	71.0217	0.6774	0.4650	76.4526
90.2542	7998.0000	-0.0590	0.4970	0.0000	221.2730	85.6700	230.6270	0.8837	95.3700	57.9693	NOT CONNECTED	0.0000	500.0000	0.0000	8007.0030	0.0737	0.0844	0.0525	0.0533	-0.4800	0.2191	-0.5413	0.1662	-0.6466	177.9120	314.6869	74.2375	71.0217	0.6774	0.4650	76.4526
90.8009	7825.0000	-0.0030	0.4922	0.0000	221.4050	83.9100	230.6370	0.8717	93.9500	57.9299	NOT CONNECTED	0.0000	500.0000	0.0000	7750.7544	0.0210	-0.0000	0.0347	0.0348	-1.8423	0.1365	-1.7855	0.0465	-9.7598	110.1428	318.0309	27.2839	70.9559	1.7417	1.1216	76.4526
90.8600	7825.0000	-0.0030	0.4922	0.0000	221.4050	83.9100	230.6370	0.8717	93.9500	57.9299	NOT CONNECTED	0.0000	500.0000	0.0000	7750.7544	0.0210	-0.0000	0.0347	0.0348	-1.8423	0.1365	-1.7855	0.0465	-9.7598	110.1428	318.0309	27.2839	70.9559	1.7417	1.1216	76.4526
91.4650	7457.0000	0.0060	1.1669	0.0000	141.4270	22.3500	230.6700	0.3890	36.6000	57.9141	NOT CONNECTED	0.0000	500.0000	0.0000	7463.2229	0.0145	-0.0000	0.0348	0.0348	-1.6929	0.0797	-1.5734	-0.0168	-12.8347	113.0519	318.0024	27.9347	71.1216	1.6423	1.1505	76.3274
91.5404	7457.0000	0.0060	1.1669	0.0000	141.4270	22.3500	230.6700	0.3890	36.6000	57.9141	NOT CONNECTED	0.0000	500.0000	0.0000	7463.2229	0.0145	-0.0000	0.0348	0.0348	-1.6929	0.0797	-1.5734	-0.0168	-12.8347	113.0519	318.0024	27.9347	71.1216	1.6423	1.1505	76.3274
92.0706	7104.0000	0.0060	1.1667	0.0000	136.8090	22.3500	230.6760	0.3878	36.6800	57.9204	NOT CONNECTED	0.0000	500.0000	0.0000	7179.5061	0.0255	-0.0000	0.0350	0.0348	-1.8855	0.1295	-1.6430	0.0537	-11.6533	103.1310	318.0606	27.6495	71.2916	1.7027	1.1546	76.3026
92.2870	7104.0000	0.0060	1.1667	0.0000	136.8090	22.3500	230.6760	0.3878	36.6800	57.9204	NOT CONNECTED	0.0000	500.0000	0.0000	7179.5061	0.0255	-0.0000	0.0350	0.0348	-1.8855	0.1295	-1.6430	0.0537	-11.6533	103.1310	318.0606	27.6495	71.2916	1.7027	1.1546	76.3026
92.6769	6761.0000	0.0090	1.1679	0.0000	128.0200	22.0900	230.6940	0.3849	36.3900	57.9297	NOT CONNECTED	0.0000	500.0000	0.0000	6876.5374	-0.0243	-0.0000	0.0347	0.0348	-1.4967	-0.1133	-1.8620	-0.0405	-12.1588	105.1841	318.0213	27.3915	71.4492	1.5914	1.1553	76.3026
93.0287	6761.0000	0.0090	1.1679	0.0000	128.0200	22.0900	230.6940	0.3849	36.3900	57.9297	NOT CONNECTED	0.0000	500.0000	0.0000	6615.2047	0.0102	-0.0000	0.0348	0.0348	-1.6492	0.0376	-1.5501	-0.0026	-11.9826	101.1120	318.0214	28.0587	71.6014	1.5397	1.1571	76.2730
93.2821	6761.0000	0.0090	1.1679	0.0000	128.0200	22.0900	230.6940	0.3849	36.3900	57.9297	NOT CONNECTED	0.0000	500.0000	0.0000	6615.2047	0.0102	-0.0000	0.0348	0.0348	-1.6492	0.0376	-1.5501	-0.0026	-11.9826	101.1120	318.0214	28.0587	71.6014	1.5397	1.1571	76.2730
93.7682	6430.0000	0.0130	1.1682	0.0000	123.8360	22.1200	230.7010	0.3851	36.4500	57.9404	NOT CONNECTED	0.0000	500.0000	0.0000	6353.4756	0.0113	-0.0000	0.0349	0.0348	-1.7637	0.0829	-1.6455	-0.0781	-11.0902	98.6350	317.9906	26.7699	71.7520	1.5912	1.1803	76.2730
93.8723	6430.0000	0.0130	1.1682	0.0000	123.8360	22.1200	230.7010	0.3851	36.4500	57.9404	NOT CONNECTED	0.0000	500.0000	0.0000	6353.4756	0.0113	-0.0000	0.0349	0.0348	-1.7637	0.0829	-1.6455	-0.0781	-11.0902	98.6350	317.9906	26.7699	71.7520	1.5912	1.1803	76.2730
94.5226	6096.0000	0.0140	1.1695	0.0000	115.6240	22.0100	230.7140	0.3826	36.4300	57.9750	NOT CONNECTED	0.0000	500.0000	0.0000	5885.0256	0.0178	-0.0000	0.0348	0.0348	-1.6914	0.0602	-1.9318	0.0054	-10.1083	85.6558	318.0043	27.8763	72.0179	1.7997	1.1648	76.2349
94.9720	5791.0000	0.0140	1.1725	0.0000	111.6360	21.9300	230.7210	0.3828	36.3900	57.9432	NOT CONNECTED	0.0000	500.0000	0.0000	5885.0256	0.0178	-0.0000	0.0348	0.0348	-1.6914	0.0602	-1.9318	0.0054	-10.1083	85.6558	318.0043	27.8763	72.0179	1.7997	1.1648	76.2349
95.2542	5791.0000	0.0140	1.1725	0.0000	111.6360	21.9300	230.7210	0.3828	36.3900	57.9432	NOT CONNECTED	0.0000	500.0000	0.0000	5885.0256	0.0178	-0.0000	0.0348	0.0348	-1.6914	0.0602	-1.9318	0.0054	-10.1083	85.6558	318.0043	27.8763	72.0179	1.7997	1.1648	76.2349
95.5772	5791.0000	0.0140	1.1725	0.0000	111.6360	21.9300	230.7210	0.3828	36.3900	57.9432	NOT CONNECTED	0.0000	500.0000	0.0000	5672.7071	0.0263	-0.0000	0.0352	0.0348	-1.9615	0.2068	-1.5843	-0.0784	-8.7595	85.1087	317.7031	25.5457	72.1571	1.2880	1.1760	76.1978
95.9969	5493.0000	0.0150	1.2075	0.0000	104.9500	24.4000	230.7310	0.4041	38.9500	57.9897	NOT CONNECTED	0.0000	500.0000	0.0000	5409.1624	0.0373	-0.0000	0.0349	0.0348	-2.1676	0.2165	-2.0335	-0.1503	-11.6656	92.0583	317.6340	26.2213	72.3069	1.8773	1.2066	76.1594
96.1828	5493.0000	0.0150	1.2075	0.0000	104.9500	24.4000	230.7310	0.4041	38.9500	57.9897	NOT CONNECTED	0.0000	500.0000	0.0000	5409.1624	0.0373	-0.0000	0.0349	0.0348	-2.1676	0.2165	-2.0335	-0.1503	-11.6656	92.0583	317.6340	26.2213	72.3069	1.8773	1.2066	76.1594
96.7434	5205.0000	0.0130	1.2116	0.0000	101.3010	24.6100	230.7350	0.4054	39.2200	58.0141	NOT CONNECTED	0.0000	500.0000	0.0000	5119.9273	0.0412	-0.0000	0.0346	0.0348	-2.2208	0.1760	-1.2318	-0.1253	-7.9659	81.6721	317.6248	27.6693	72.4583	2.2535	1.2250	76.1594
96.7885	5205.0000	0.0130	1.2116	0.0000	101.3010	24.6100	230.7350	0.4054	39.2200	58.0141	NOT CONNECTED	0.0000	500.0000	0.0000	5119.9273	0.0412	-0.0000	0.0346	0.0348	-2.2208	0.1760	-1.2318	-0.1253	-7.9659	81.6721	317.6248	27.6693	72.4583	2.2535	1.2250	76.1594
97.3944	4908.0000	0.0140	1.2172	0.0000	94.0970	24.8700	230.7450	0.4064	39.4800	58.0437	NOT CONNECTED	0.0000	500.0000	0.0000	4873.7453	-0.0041	-0.0000	0.0347	0.0348	-1.8092	0.0637	-1.4719	-0.0290	-13.3673	77.6852	317.6572	25.7227	72.6113	2.2309	1.2155	76.1213
97.4924	4908.0000	0.0140	1.2172	0.0000	94.0970	24.8700	230.7450	0.4064	39.4800	58.0437	NOT CONNECTED	0.0000	500.0000	0.0000	4873.7453	-0.0041	-0.0000	0.0347	0.0348	-1.8092	0.0637	-1.4719	-0.0290	-13.3673	77.6852	317.6572	25.7227	72.6113	2.2309	1.2155	76.1213
97.9997	4629.0000	0.0140	1.2273	0.0000	90.6990	23.9500	230.7480	0.3989	38.6200	58.0886	NOT CONNECTED	0.0000	500.0000	0.0000	4677.6481	-0.0070	-0.0000	0.0348	0.0348	-1.2432	-0.0881	-2.2774	-0.0228	-12.6879	73.7147	317.6880	23.8256	72.7646	2.1535	1.2264	76.1213
98.2262	4629.0000	0.0140	1.2273	0.0000	90.6990	23.9500	230.7480	0.3989	38.6200	58.0886	NOT CONNECTED	0.0000	500.0000	0.0000	4677.6481	-0.0070	-0.0000	0.0348	0.0348	-1.2432	-0.0881	-2.2774	-0.0228	-12.6879	73.7147	317.6880	23.8256	72.7646	2.1535	1.2264	76.1213
98.6059	4629.0000	0.0140	1.2273	0.0000	90.6990	23.9500	230.7480	0.3989	38.6200	58.0886	NOT CONNECTED	0.0000	500.0000	0.0000	4412.9325	0.0356	-0.0000	0.0346	0.0348	-2.1724	0.1846	-1.0007	0.0687	-12.1981	57.9413	318.1873	18.3664	72.9127	2.2233	1.2398	76.2366
98.9972	4287.0000	0.0350	1.2425	0.0000	83.0840	15.1500	230.7570	0.3183	29.6500	58.0640	NOT CONNECTED	0.0000	500.0000	0.0000	4109.8977	-0.0923	-0.1067	0.0353	0.0352	-1.8692	-0.4456	-2.4305	-0.1789	-13.0447	54.1447	318.7322	16.4298	73.0670	2.2732	1.2544	76.3507
99.2115	4287.0000	0.0350	1.2425	0.0000	83.0840	15.1500	230.7570	0.3183	29.6500	58.0640	NOT CONNECTED	0.0000	500.0000	0.0000	4109.8977	-0.0923	-0.1067	0.0353	0.0352	-1.8692	-0.4456	-2.4305	-0.1789	-13.0447	54.1447	318.7322	16.4298	73.0670	2.2732	1.2544	76.3507
99.7402	3868.0000	0.0500	1.2496	0.0000	78.4370	11.6900	230.7590	0.2868	26.1000	58.1528	NOT CONNECTED	0.0000	500.0000	0.0000	3759.1345	-0.0874	-0.1233	0.0355	0.0354	-2.3380	-0.6271	-2.4219	-0.0225	-16.5295	60.6506	319.0027	9.6456	73.2186	2.3436	1.2639	76.3507
99.8170	3868.0000	0.0500	1.2496	0.0000	78.4370	11.6900	230.7590	0.2868	26.1000	58.1528	NOT CONNECTED	0.0000	500.0000	0.0000	3759.1345	-0.0874	-0.1233	0.0355	0.0354	-2.3380	-0.6271	-2.4219	-0.0225	-16.5295	60.6506	319.0027	9.6456	73.2186	2.3436	1.2639	76.3507
100.4229	3439.0000	0.0560	1.2575	0.0000	68.0180	8.9600	230.7580	0.2570	23.0700	58.1622	NOT CONNECTED	0.0000	500.0000	0.0000	3486.9696	-0.0849	-0.0000	0.0349	0.0352	-1.5404	-0.3813	-1.7382	-0.1314	-8.9361	61.1750	319.1378	13.8042	73.3701	1.1837	1.2617	76.4621
100.4921	3439.0000	0.0560	1.2575	0.0000	68.0180	8.9600	230.7580	0.2570	23.0700	58.1622	NOT CONNECTED	0.0000	500.0000	0.0000	3486.9696	-0.0849	-0.0000	0.0349	0.0352	-1.5404	-0.3813	-1.7382	-0.1314	-8.9361	61.1750	319.1378	13.8042	73.3701	1.1837	1.2617	76.4621
101.0285	2948.0000	0.0590	1.2607	0.0000	62.1780	7.5500	230.7590	0.2419	21.5400	58.2019	NOT CONNECTED	0.0000	500.0000	0.0000	3025.2631	-0.1033	-0.1655	0.0357	0.0356	-1.7666	-0.5084	-2.3935	0.0267	-13.9288	39.5289	319.3961	12.6876	73.5254	2.4365	1.2655	76.4621
101.2443	2948.0000	0.0590	1.2607	0.0000	62.1780	7.5500	230.7590	0.2419	21.5400	58.2019	NOT CONNECTED	0.0000	500.0000	0.0000	3025.2631	-0.1033	-0.1655	0.0357	0.0356	-1.7666	-0.5084	-2.3935	0.0267	-13.9288	39.5289	319.3961	12.6876	73.5254	2.4365	1.2655	76.4621
101.6184	2948.0000	0.0590	1.2607	0.0000	62.1780	7.5500	230.7590	0.2419	21.5400	58.2019	NOT CONNECTED	0.0000	500.0000	0.0000	2604.4681	-0.1625	-0.1684	0.0363	0.0359	-1.5278	-0.7969	-2.3981	-0.1761	-18.5150	33.9220	319.1821	10.8808	73.6752	2.2844	1.2726	76.5709
101.9990	2401.0000	0.0870	1.2679	0.0000	49.3640	6.4000	230.7570	0.2278	20.1100	58.2282	NOT CONNECTED	0.0000	500.0000	0.0000	2213.2171	-0.1817	-0.1066	0.0355	0.0361	-2.3201	-0.8417	-2.0313	0.0014	-11.6804	30.4459	319.1579	12.6917	73.8171	1.6520	1.2804	76.6762
102.2225	2401.0000	0.0870	1.2679	0.0000	49.3640	6.4000	230.7570	0.2278	20.1100	58.2282	NOT CONNECTED	0.0000	500.0000	0.0000	2213.2171	-0.1817	-0.1066	0.0355	0.0361	-2.3201	-0.8417	-2.0313	0.0014	-11.6804	30.4459	319.1579	12.6917	73.8171	1.6520	1.2804	76.6762
102.7441	1850.0000	0.0580	1.2750	0.0000	42.1440	7.0900	230.7500	0.2335	20.6800	58.2655	NOT CONNECTED	0.0000	500.0000	0.0000	1817.3415	-0.0593	-0.1513	0.0355	0.0350	-2.3923	-0.2219	-1.8538	-0.3210	-18.6470	23.9024	318.0214	21.4918	73.9674	1.7794	1.2617	76.6762
102.8294	1850.0000	0.0580	1.2750	0.0000	42.1440	7.0900	230.7500	0.2335	20.6800	58.2655	NOT CONNECTED	0.0000	500.0000	0.0000	1817.3415	-0.0593	-0.1513	0.0355	0.0350	-2.3923	-0.2219	-1.8538	-0.3210	-18.6470	23.9024	318.0214	21.4918	73.9674	1.7794	1.2617	76.6762
103.4352	1456.0000	0.0550	1.2414	0.0000	31.7530	20.2200	230.7350	0.3483	33.5400	58.2797	NOT CONNECTED	0.0000	500.0000	0.0000	1403.7437	-0.0584	0.0410	0.0347	0.0351	-0.9712	-0.3609	-1.3733	-0.0612	-7.1852	24.3009	318.1387	24.4467	74.0974	1.6349	1.2417	76.7757
103.4930	1456.0000	0.0550	1.2414	0.0000	31.7530	20.2200	230.7350	0.3483	33.5400	58.2797	NOT CONNECTED	0.0000	500.0000	0.0000	1403.7437	-0.0584	0.0410	0.0347	0.0351	-0.9712	-0.3609	-1.3733	-0.0612	-7.1852	24.3009	318.1387	24.4467	74.0974	1.6349	1.2417	76.7757
104.0405	1058.0000	0.0640	1.2289	0.0000	27.2300	21.2100	230.7300	0.3525	34.1200	58.3395	NOT CONNECTED	0.0000	500.0000	0.0000	1172.0052	-0.0863	-0.1665	0.0355	0.0351	-2.0852	-0.3982	-1.5221	-0.0007	-8.4386	13.7344	318.0002	19.1245	74.2148	1.4966	1.2378	76.7757
104.2276	1058.0000	0.0640	1.2289	0.0000	27.2300	21.2100	230.7300	0.3525	34.1200	58.3395	NOT CONNECTED	0.0000	500.0000	0.0000	1172.0052	-0.0863	-0.1665	0.0355	0.0351	-2.0852	-0.3982	-1.5221	-0.0007	-8.4386	13.7344	318.0002	19.1245	74.2148	1.4966	1.2378	76.7757
104.6456	680.0000	0.0520	1.1718	0.0000	18.1340	21.1500	230.7160	0.3517	33.5600	58.3822	NOT CONNECTED	0.0000	500.0000	0.0000	809.8250	-0.0036	-0.0372	0.0352	0.0348	-1.3165	-0.0352	-1.9140	0.0807	-12.2407	12.7921	317.7151	26.7919	74.3205	1.9287	1.1847	76.8655
104.9993	680.0000	0.0520	1.1718	0.0000	18.1340	21.1500	230.7160	0.3517	33.5600	58.3822	NOT CONNECTED	0.0000	500.0000	0.0000	521.1833	-0.0111	-0.1152	0.0348	0.0349	-1.3989	-0.0603	-1.3915	-0.0742	-9.5503	5.7366	317.6564	26.6941	74.4017	1.4048	1.1624	76.9433
105.2518	680.0000	0.0520	1.1718	0.0000	18.1340	21.1500	230.7160	0.3517	33.5600	58.3822	NOT CONNECTED	0.0000	500.0000	0.0000	521.1833	-0.0111	-0.1152	0.0348	0.0349	-1.3989	-0.0603	-1.3915	-0.0742	-9.5503	5.7366	317.6564	26.6941	74.4017	1.4048	1.1624	76.9433
105.7433	298.0000	0.0500	1.1527	0.0000	14.9420	21.7800	230.7080	0.3520	33.8800	58.3923	NOT CONNECTED	0.0000	500.0000	0.0000	0.0000	0.0000	0.0000	0.0672	0.0355	-1.7198	0.3840	-1.7539	0.1712	-11.4103	5.6521	318.7475	0.0000	74.4734	1.7622	1.1652	76.9433
105.8419	298.0000	0.0500	1.1527	0.0000	14.9420	21.7800	230.7080	0.3520	33.8800	58.3923	NOT CONNECTED	0.0000	500.0000	0.0000	0.0000	0.0000	0.0000	0.0672	0.0355	-1.7198	0.3840	-1.7539	0.1712	-11.4103	5.6521	318.7475	0.0000	74.4734	1.7622	1.1652	76.9433
106.4313	7.0000	0.0100	0.0089	0.0000	1.4640	-0.0500	230.7130	0.0350	2.1100	58.4582	NOT CONNECTED	0.0000	500.0000	0.0000	0.0000	0.0000	0.0000	0.0672	0.0355	-1.7198	0.3840	-1.7539	0.1712	-11.4103	5.6521	321.6057	0.0000	74.3860	1.7622	0.0054	77.0096
106.4909	7.0000	0.0100	0.0089	0.0000	1.4640	-0.0500	230.7130	0.0350	2.1100	58.4582	NOT CONNECTED	0.0000	500.0000	0.0000	0.0000	0.0000	0.0000	0.0672	0.0355	-1.7198	0.3840	-1.7539	0.1712	-11.4103	5.6521	321.6057	0.0000	74.3860	1.7622	0.0054	77.0096
107.0374	0.0000	-0.0080	0.0075	0.0000	0.6120	-0.0300	230.6980	0.0348	2.1100	58.5075	NOT CONNECTED	0.0000	500.0000	0.0000	0.0000	0.0000	0.0000	0.0672	0.0355	-1.7198	0.3840	-1.7539	0.1712	-11.4103	5.6521	321.6098	0.0000	74.1653	1.7622	0.0053	77.0096
107.2343	0.0000	-0.0080	0.0075	0.0000	0.6120	-0.0300	230.6980	0.0348	2.1100	58.5075	NOT CONNECTED	0.0000	500.0000	0.0000	0.0000	0.0000	0.0000	0.0672	0.0355	-1.7198	0.3840	-1.7539	0.1712	-11.4103	5.6521	321.6098	0.0000	74.1653	1.7622	0.0053	77.0096
107.6427	0.0000	-0.0070	0.0075	0.0000	0.6050	-0.0300	230.6810	0.0334	1.9900	58.5202	NOT CONNECTED	0.0000	500.0000	0.0000	0.0000	0.0000	0.0000	0.0672	0.0355	-1.7198	0.3840	-1.7539	0.1712	0.0000	0.0000	321.5989	0.0000	73.9551	1.7622	0.0053	76.9675
107.9977	0.0000	-0.0070	0.0075	0.0000	0.6050	-0.0300	230.6810	0.0334	1.9900	58.5202	NOT CONNECTED	0.0000	500.0000	0.0000	0.0000	0.0000	0.0000	0.0672	0.0355	-1.7198	0.3840	-1.7539	0.1712	0.0000	0.0000	321.5583	0.0000	73.7541	1.7622	0.0047	76.9002
108.2479	NOT CONNECTED	NOT CONNECTED	NOT CONNECTED	NOT CONNECTED	NOT CONNECTED	NOT CONNECTED	NOT CONNECTED	NOT CONNECTED	NOT CONNECTED	NOT CONNECTED	NOT CONNECTED	0.0000	500.0000	0.0000	0.0000	0.0000	0.0000	0.0672	0.0355	-1.7198	0.3840	-1.7539	0.1712	0.0000	0.0000	321.5583	0.0000	73.7541	1.7622	0.0047	76.9002
