Time	speed	torque	motor_current	motor_current_thd	motor_voltage	motor_power	line_voltage	line_current	line_power	motor_temperature	Test_Marker	BD_Target_Speed	BD_Target_Accel	BD_Update_Cmd	Mcl_Quantities.Speed_Rot_Mech	Mcl_Quantities.Torque	Mcl_Quantities.Torque_Ref	Mcl_Quantities.Stator_Flux_Mag	Mcl_Quantities.Flux_Ref	Mcl_Quantities.Id_stator_current	Mcl_Quantities.Iq_stator_current	Mcl_Quantities.Id_rotor_current	Rotor_Curr_Iq	Flux_Controller.Out	Torque_Controller.Out	DC_Bus_RMS	Mcl_Quantities.Electrical_Power	Mcl_Quantities.Stator_Temperature	Mcl_Quantities.Is_Abs	Mcl_Quantities.IsRMS	SR_Overheating_Temp	SR_SquaredCurrentRmsA	SR_SquaredCurrentRmsB	SR_SquaredCurrentRmsC
0.7398	0.0000	-0.0200	0.0179	0.0000	0.3420	-0.0200	230.6000	0.0000	1.5000	61.7758	NOT CONNECTED	NOT CONNECTED	NOT CONNECTED	NOT CONNECTED	NOT CONNECTED	NOT CONNECTED	NOT CONNECTED	NOT CONNECTED	NOT CONNECTED	NOT CONNECTED	NOT CONNECTED	NOT CONNECTED	NOT CONNECTED	NOT CONNECTED	NOT CONNECTED	NOT CONNECTED	NOT CONNECTED	NOT CONNECTED	NOT CONNECTED	NOT CONNECTED	NOT CONNECTED	NOT CONNECTED	NOT CONNECTED	NOT CONNECTED
1.4717	0.0000	-0.0140	0.0065	0.0000	0.0000	-0.0200	230.6230	0.0000	1.3100	61.7554	NOT CONNECTED	NOT CONNECTED	NOT CONNECTED	NOT CONNECTED	NOT CONNECTED	NOT CONNECTED	NOT CONNECTED	NOT CONNECTED	NOT CONNECTED	NOT CONNECTED	NOT CONNECTED	NOT CONNECTED	NOT CONNECTED	NOT CONNECTED	NOT CONNECTED	NOT CONNECTED	NOT CONNECTED	NOT CONNECTED	NOT CONNECTED	NOT CONNECTED	NOT CONNECTED	NOT CONNECTED	NOT CONNECTED	NOT CONNECTED
1.7018	0.0000	-0.0140	0.0065	0.0000	0.0000	-0.0200	230.6230	0.0000	1.3100	61.7554	NOT CONNECTED	0.0000	500.0000	0.0000	0.0000	0.0000	0.0000	0.0825	0.0372	-1.5877	-0.8337	-1.7549	-0.3687	0.0000	0.0000	321.2080	0.0000	86.5800	1.7933	0.0052	56.9465	0.0000	0.0000	0.0000
2.2074	0.0000	-0.0160	0.0066	0.0000	0.0000	-0.0200	230.6370	0.0000	1.2900	61.7661	NOT CONNECTED	0.0000	500.0000	0.0000	0.0000	0.0000	0.0000	0.0825	0.0372	-1.5877	-0.8337	-1.7549	-0.3687	0.0000	0.0000	321.2229	0.0000	86.5477	1.7933	0.0055	56.9326	0.0000	0.0000	0.0000
2.3222	0.0000	-0.0160	0.0066	0.0000	0.0000	-0.0200	230.6370	0.0000	1.2900	61.7661	NOT CONNECTED	0.0000	500.0000	0.0000	0.0000	0.0000	0.0000	0.0825	0.0372	-1.5877	-0.8337	-1.7549	-0.3687	0.0000	0.0000	321.2229	0.0000	86.5477	1.7933	0.0055	56.9326	0.0000	0.0000	0.0000
2.9442	0.0000	-0.0210	0.0065	0.0000	0.0000	-0.0200	230.6600	0.0000	1.2900	61.7783	NOT CONNECTED	0.0000	500.0000	0.0000	0.0000	0.0000	0.0000	0.0825	0.0372	-1.5877	-0.8337	-1.7549	-0.3687	0.0000	0.0000	321.2269	0.0000	86.5173	1.7933	0.0054	56.9326	0.0000	0.0000	0.0000
2.9503	0.0000	-0.0210	0.0065	0.0000	0.0000	-0.0200	230.6600	0.0000	1.2900	61.7783	NOT CONNECTED	0.0000	500.0000	0.0000	0.0000	0.0000	0.0000	0.0825	0.0372	-1.5877	-0.8337	-1.7549	-0.3687	0.0000	0.0000	321.2269	0.0000	86.5173	1.7933	0.0054	56.9326	0.0000	0.0000	0.0000
3.5659	0.0000	-0.0150	0.0066	0.0000	0.0000	-0.0200	230.6710	0.0000	1.3000	61.7896	NOT CONNECTED	0.0000	500.0000	0.0000	0.0000	0.0000	0.0000	0.0825	0.0372	-1.5877	-0.8337	-1.7549	-0.3687	0.0000	0.0000	321.2404	0.0000	86.4888	1.7933	0.0055	56.9187	0.0000	0.0000	0.0000
3.6910	0.0000	-0.0150	0.0066	0.0000	0.0000	-0.0200	230.6710	0.0000	1.3000	61.7896	NOT CONNECTED	0.0000	500.0000	0.0000	0.0000	0.0000	0.0000	0.0825	0.0372	-1.5877	-0.8337	-1.7549	-0.3687	0.0000	0.0000	321.2404	0.0000	86.4888	1.7933	0.0055	56.9187	0.0000	0.0000	0.0000
4.1866	0.0000	-0.0140	0.0065	0.0000	0.0000	-0.0200	230.6930	0.0000	1.2800	61.7443	NOT CONNECTED	0.0000	500.0000	0.0000	0.0000	0.0000	0.0000	0.0825	0.0372	-1.5877	-0.8337	-1.7549	-0.3687	0.0000	0.0000	321.2932	0.0000	86.4630	1.7933	0.0055	56.9187	0.0000	0.0000	0.0000
4.4291	0.0000	-0.0140	0.0065	0.0000	0.0000	-0.0200	230.6930	0.0000	1.2800	61.7443	NOT CONNECTED	0.0000	500.0000	0.0000	0.0000	0.0000	0.0000	0.0825	0.0372	-1.5877	-0.8337	-1.7549	-0.3687	0.0000	0.0000	321.2932	0.0000	86.4630	1.7933	0.0055	56.9187	0.0000	0.0000	0.0000
4.8091	0.0000	-0.0170	0.0065	0.0000	0.0000	-0.0200	230.7040	0.0000	1.2800	61.7287	NOT CONNECTED	0.0000	500.0000	0.0000	0.0000	0.0000	0.0000	0.0825	0.0372	-1.5877	-0.8337	-1.7549	-0.3687	0.0000	0.0000	321.3257	0.0000	86.4376	1.7933	0.0056	56.9048	0.0000	0.0000	0.0000
5.1735	0.0000	-0.0170	0.0065	0.0000	0.0000	-0.0200	230.7040	0.0000	1.2800	61.7287	NOT CONNECTED	0.0000	500.0000	0.0000	0.0000	0.0000	0.0000	0.0825	0.0372	-1.5877	-0.8337	-1.7549	-0.3687	0.0000	0.0000	321.3148	0.0000	86.4136	1.7933	0.0053	56.8909	0.0000	0.0000	0.0000
5.4300	0.0000	-0.0170	0.0065	0.0000	0.0000	-0.0200	230.7040	0.0000	1.2800	61.7287	NOT CONNECTED	0.0000	500.0000	0.0000	0.0000	0.0000	0.0000	0.0825	0.0372	-1.5877	-0.8337	-1.7549	-0.3687	0.0000	0.0000	321.3148	0.0000	86.4136	1.7933	0.0053	56.8909	0.0000	0.0000	0.0000
5.9138	0.0000	-0.0150	0.0065	0.0000	0.0000	-0.0200	230.7240	0.0000	1.2900	61.6878	NOT CONNECTED	0.0000	500.0000	0.0000	0.0000	0.0000	0.0000	0.0825	0.0372	-1.5877	-0.8337	-1.7549	-0.3687	0.0000	0.0000	321.3433	0.0000	86.3911	1.7933	0.0055	56.8909	0.0000	0.0000	0.0000
6.0517	0.0000	-0.0150	0.0065	0.0000	0.0000	-0.0200	230.7240	0.0000	1.2900	61.6878	NOT CONNECTED	0.0000	500.0000	0.0000	0.0000	0.0000	0.0000	0.0825	0.0372	-1.5877	-0.8337	-1.7549	-0.3687	0.0000	0.0000	321.3433	0.0000	86.3911	1.7933	0.0055	56.8909	0.0000	0.0000	0.0000
6.6477	0.0000	-0.0140	0.0065	0.0000	0.0000	-0.0200	230.7330	0.0000	1.2800	61.7011	NOT CONNECTED	0.0000	500.0000	0.0000	0.0000	0.0000	0.0000	0.0825	0.0372	-1.5877	-0.8337	-1.7549	-0.3687	0.0000	0.0000	321.3676	0.0000	86.3697	1.7933	0.0053	56.8771	0.0000	0.0000	0.0000
6.6724	0.0000	-0.0140	0.0065	0.0000	0.0000	-0.0200	230.7330	0.0000	1.2800	61.7011	NOT CONNECTED	0.0000	500.0000	0.0000	0.0000	0.0000	0.0000	0.0825	0.0372	-1.5877	-0.8337	-1.7549	-0.3687	0.0000	0.0000	321.3676	0.0000	86.3697	1.7933	0.0053	56.8771	0.0000	0.0000	0.0000
7.2950	0.0000	-0.0150	0.0066	0.0000	0.0000	-0.0200	230.7520	0.0000	1.2800	61.7032	NOT CONNECTED	0.0000	500.0000	0.0000	0.0000	0.0000	0.0000	0.0825	0.0372	-1.5877	-0.8337	-1.7549	-0.3687	0.0000	0.0000	321.3811	0.0000	86.3494	1.7933	0.0051	56.8632	0.0000	0.0000	0.0000
7.3827	0.0000	-0.0150	0.0066	0.0000	0.0000	-0.0200	230.7520	0.0000	1.2800	61.7032	NOT CONNECTED	0.0000	500.0000	0.0000	0.0000	0.0000	0.0000	0.0825	0.0372	-1.5877	-0.8337	-1.7549	-0.3687	0.0000	0.0000	321.3811	0.0000	86.3494	1.7933	0.0051	56.8632	0.0000	0.0000	0.0000
7.9161	0.0000	-0.0180	0.0066	0.0000	0.0000	-0.0200	230.7610	0.0000	1.2800	61.6776	NOT CONNECTED	0.0000	500.0000	0.0000	0.0000	0.0000	0.0000	0.0825	0.0372	-1.5877	-0.8337	-1.7549	-0.3687	0.0000	0.0000	321.4041	0.0000	86.3302	1.7933	0.0051	56.8632	0.0000	0.0000	0.0000
8.1104	0.0000	-0.0180	0.0066	0.0000	0.0000	-0.0200	230.7610	0.0000	1.2800	61.6776	NOT CONNECTED	0.0000	500.0000	0.0000	0.0000	0.0000	0.0000	0.0825	0.0372	-1.5877	-0.8337	-1.7549	-0.3687	0.0000	0.0000	321.4041	0.0000	86.3302	1.7933	0.0051	56.8632	0.0000	0.0000	0.0000
8.5536	0.0000	-0.0170	0.0066	0.0000	0.0000	-0.0200	230.7790	0.0000	1.2900	61.6269	NOT CONNECTED	0.0000	500.0000	0.0000	0.0000	0.0000	0.0000	0.0825	0.0372	-1.5877	-0.8337	-1.7549	-0.3687	0.0000	0.0000	321.3865	0.0000	86.3120	1.7933	0.0053	56.8494	0.0000	0.0000	0.0000
8.8478	0.0000	-0.0170	0.0066	0.0000	0.0000	-0.0200	230.7790	0.0000	1.2900	61.6269	NOT CONNECTED	0.0000	500.0000	0.0000	0.0000	0.0000	0.0000	0.0825	0.0372	-1.5877	-0.8337	-1.7549	-0.3687	0.0000	0.0000	321.3865	0.0000	86.3120	1.7933	0.0053	56.8494	0.0000	0.0000	0.0000
9.1751	0.0000	-0.0170	0.0066	0.0000	0.0000	-0.0200	230.7790	0.0000	1.2900	61.6269	NOT CONNECTED	0.0000	500.0000	0.0000	0.0000	0.0000	0.0000	0.0825	0.0372	-1.5877	-0.8337	-1.7549	-0.3687	0.0000	0.0000	321.3987	0.0000	86.2947	1.7933	0.0054	56.8494	0.0000	0.0000	0.0000
9.5796	0.0000	-0.0150	0.0066	0.0000	0.0000	-0.0200	230.7870	0.0000	1.2800	61.6162	NOT CONNECTED	0.0000	500.0000	0.0000	0.0000	0.0000	0.0000	0.0825	0.0372	-1.5877	-0.8337	-1.7549	-0.3687	0.0000	0.0000	321.4420	0.0000	86.2782	1.7933	0.0054	56.8355	0.0000	0.0000	0.0000
9.7963	0.0000	-0.0150	0.0066	0.0000	0.0000	-0.0200	230.7870	0.0000	1.2800	61.6162	NOT CONNECTED	0.0000	500.0000	0.0000	0.0000	0.0000	0.0000	0.0825	0.0372	-1.5877	-0.8337	-1.7549	-0.3687	0.0000	0.0000	321.4420	0.0000	86.2782	1.7933	0.0054	56.8355	0.0000	0.0000	0.0000
10.3381	0.0000	-0.0160	0.0066	0.0000	0.0000	-0.0200	230.8000	0.0000	1.2800	61.6244	NOT CONNECTED	0.0000	500.0000	0.0000	0.0000	0.0000	0.0000	0.0825	0.0372	-1.5877	-0.8337	-1.7549	-0.3687	0.0000	0.0000	321.4338	0.0000	86.2632	1.7933	0.0051	56.8217	0.0000	0.0000	0.0000
10.4179	0.0000	-0.0160	0.0066	0.0000	0.0000	-0.0200	230.8000	0.0000	1.2800	61.6244	NOT CONNECTED	0.0000	500.0000	0.0000	0.0000	0.0000	0.0000	0.0825	0.0372	-1.5877	-0.8337	-1.7549	-0.3687	0.0000	0.0000	321.4338	0.0000	86.2632	1.7933	0.0051	56.8217	0.0000	0.0000	0.0000
11.0395	0.0000	-0.0180	0.0065	0.0000	0.0000	-0.0200	230.8080	0.0000	1.2900	61.5961	NOT CONNECTED	0.0000	500.0000	0.0000	0.0000	0.0000	0.0000	0.0825	0.0372	-1.5877	-0.8337	-1.7549	-0.3687	0.0000	0.0000	321.4433	0.0000	86.2483	1.7933	0.0051	56.8217	0.0000	0.0000	0.0000
11.0790	0.0000	-0.0180	0.0065	0.0000	0.0000	-0.0200	230.8080	0.0000	1.2900	61.5961	NOT CONNECTED	0.0000	500.0000	0.0000	0.0000	0.0000	0.0000	0.0825	0.0372	-1.5877	-0.8337	-1.7549	-0.3687	0.0000	0.0000	321.4433	0.0000	86.2483	1.7933	0.0051	56.8217	0.0000	0.0000	0.0000
11.6769	0.0000	-0.0170	0.0066	0.0000	0.0000	-0.0200	230.8190	0.0000	1.2900	61.5800	NOT CONNECTED	0.0000	500.0000	0.0000	0.0000	0.0000	0.0000	0.0825	0.0372	-1.5877	-0.8337	-1.7549	-0.3687	0.0000	0.0000	321.4352	0.0000	86.2334	1.7933	0.0052	56.8079	0.0000	0.0000	0.0000
11.8473	0.0000	-0.0170	0.0066	0.0000	0.0000	-0.0200	230.8190	0.0000	1.2900	61.5800	NOT CONNECTED	0.0000	500.0000	0.0000	0.0000	0.0000	0.0000	0.0825	0.0372	-1.5877	-0.8337	-1.7549	-0.3687	0.0000	0.0000	321.4352	0.0000	86.2334	1.7933	0.0052	56.8079	0.0000	0.0000	0.0000
12.2980	0.0000	-0.0160	0.0066	0.0000	0.0000	-0.0200	230.8240	0.0000	1.2900	61.5748	NOT CONNECTED	0.0000	500.0000	0.0000	0.0000	0.0000	0.0000	0.0825	0.0372	-1.5877	-0.8337	-1.7549	-0.3687	0.0000	0.0000	321.4704	0.0000	86.2198	1.7933	0.0052	56.7940	0.0000	0.0000	0.0000
12.5922	0.0000	-0.0160	0.0066	0.0000	0.0000	-0.0200	230.8240	0.0000	1.2900	61.5748	NOT CONNECTED	0.0000	500.0000	0.0000	0.0000	0.0000	0.0000	0.0825	0.0372	-1.5877	-0.8337	-1.7549	-0.3687	0.0000	0.0000	321.4704	0.0000	86.2198	1.7933	0.0052	56.7940	0.0000	0.0000	0.0000
12.9186	0.0000	-0.0160	0.0066	0.0000	0.0000	-0.0200	230.8240	0.0000	1.2900	61.5748	NOT CONNECTED	0.0000	500.0000	0.0000	0.0000	0.0000	0.0000	0.0825	0.0372	-1.5877	-0.8337	-1.7549	-0.3687	0.0000	0.0000	321.4568	0.0000	86.2068	1.7933	0.0050	56.7940	0.0000	0.0000	0.0000
13.3425	0.0000	-0.0170	0.0066	0.0000	0.0000	-0.0200	230.8350	0.0000	1.2900	61.5783	NOT CONNECTED	0.0000	500.0000	0.0000	0.0000	0.0000	0.0000	0.0825	0.0372	-1.5877	-0.8337	-1.7549	-0.3687	0.0000	0.0000	321.4879	0.0000	86.1945	1.7933	0.0055	56.7802	0.0000	0.0000	0.0000
13.5409	0.0000	-0.0170	0.0066	0.0000	0.0000	-0.0200	230.8350	0.0000	1.2900	61.5783	NOT CONNECTED	0.0000	500.0000	0.0000	0.0000	0.0000	0.0000	0.0825	0.0372	-1.5877	-0.8337	-1.7549	-0.3687	0.0000	0.0000	321.4879	0.0000	86.1945	1.7933	0.0055	56.7802	0.0000	0.0000	0.0000
14.1464	0.0000	-0.0150	0.0066	0.0000	0.0000	-0.0200	230.8470	0.0000	1.2900	61.5370	NOT CONNECTED	0.0000	500.0000	0.0000	0.0000	0.0000	0.0000	0.0825	0.0372	-1.5877	-0.8337	-1.7549	-0.3687	0.0000	0.0000	321.4406	0.0000	86.1830	1.7933	0.0052	56.7802	0.0000	0.0000	0.0000
14.3357	0.0000	-0.0150	0.0066	0.0000	0.0000	-0.0200	230.8470	0.0000	1.2900	61.5370	NOT CONNECTED	0.0000	500.0000	0.0000	0.0000	0.0000	0.0000	0.0825	0.0372	-1.5877	-0.8337	-1.7549	-0.3687	0.0000	0.0000	321.4406	0.0000	86.1830	1.7933	0.0052	56.7802	0.0000	0.0000	0.0000
14.7679	0.0000	-0.0140	0.0066	0.0000	0.0000	-0.0200	230.8520	0.0000	1.3000	61.5079	NOT CONNECTED	0.0000	500.0000	0.0000	0.0000	0.0000	0.0000	0.0825	0.0372	-1.5877	-0.8337	-1.7549	-0.3687	0.0000	0.0000	321.4663	0.0000	86.1720	1.7933	0.0050	56.7664	0.0000	0.0000	0.0000
15.0801	0.0000	-0.0140	0.0066	0.0000	0.0000	-0.0200	230.8520	0.0000	1.3000	61.5079	NOT CONNECTED	0.0000	500.0000	0.0000	0.0000	0.0000	0.0000	0.0825	0.0372	-1.5877	-0.8337	-1.7549	-0.3687	0.0000	0.0000	321.4663	0.0000	86.1720	1.7933	0.0050	56.7664	0.0000	0.0000	0.0000
15.4044	0.0000	-0.0140	0.0066	0.0000	0.0000	-0.0200	230.8520	0.0000	1.3000	61.5079	NOT CONNECTED	2000.0000	500.0000	0.0000	0.0000	0.0000	0.0000	0.0825	0.0372	-1.5877	-0.8337	-1.7549	-0.3687	0.0000	0.0000	321.4650	0.0000	86.1607	1.7933	0.0048	56.7526	0.0000	0.0000	0.0000
15.8437	0.0000	-0.0180	0.0066	0.0000	0.0000	-0.0200	230.8590	0.0000	1.3000	61.4850	NOT CONNECTED	2000.0000	500.0000	0.0000	0.0000	0.0000	0.0000	0.0825	0.0372	-1.5877	-0.8337	-1.7549	-0.3687	0.0000	0.0000	321.4839	0.0000	86.1501	1.7933	0.0051	56.7526	0.0000	0.0000	0.0000
16.0266	0.0000	-0.0180	0.0066	0.0000	0.0000	-0.0200	230.8590	0.0000	1.3000	61.4850	NOT CONNECTED	2000.0000	500.0000	0.0000	0.0000	0.0000	0.0000	0.0825	0.0372	-1.5877	-0.8337	-1.7549	-0.3687	0.0000	0.0000	321.4839	0.0000	86.1501	1.7933	0.0051	56.7526	0.0000	0.0000	0.0000
16.5813	0.0000	-0.0140	0.0066	0.0000	0.0000	-0.0200	230.8610	0.0000	1.3100	61.4895	NOT CONNECTED	2000.0000	500.0000	0.0000	0.0000	0.0000	0.0000	0.0825	0.0372	-1.5877	-0.8337	-1.7549	-0.3687	0.0000	0.0000	321.4907	0.0000	86.1401	1.7933	0.0055	56.7388	0.0000	0.0000	0.0000
16.6639	0.0000	-0.0140	0.0066	0.0000	0.0000	-0.0200	230.8610	0.0000	1.3100	61.4895	NOT CONNECTED	2000.0000	500.0000	0.0000	0.0000	0.0000	0.0000	0.0825	0.0372	-1.5877	-0.8337	-1.7549	-0.3687	0.0000	0.0000	321.4907	0.0000	86.1401	1.7933	0.0055	56.7388	0.0000	0.0000	0.0000
17.2854	0.0000	-0.0180	0.0066	0.0000	0.0000	-0.0200	230.8660	0.0000	1.3000	61.4640	NOT CONNECTED	2000.0000	500.0000	0.0000	0.0000	0.0000	0.0000	0.0825	0.0372	-1.5877	-0.8337	-1.7549	-0.3687	0.0000	0.0000	321.5055	0.0000	86.1299	1.7933	0.0052	56.7250	0.0000	0.0000	0.0000
17.3354	0.0000	-0.0180	0.0066	0.0000	0.0000	-0.0200	230.8660	0.0000	1.3000	61.4640	NOT CONNECTED	2000.0000	500.0000	0.0000	0.0000	0.0000	0.0000	0.0825	0.0372	-1.5877	-0.8337	-1.7549	-0.3687	0.0000	0.0000	321.5055	0.0000	86.1299	1.7933	0.0052	56.7250	0.0000	0.0000	0.0000
17.8912	0.0000	-0.0150	0.0066	0.0000	0.0000	-0.0200	230.8680	0.0000	1.3000	61.4757	NOT CONNECTED	2000.0000	500.0000	0.0000	0.0000	0.0000	0.0000	0.0825	0.0372	-1.5877	-0.8337	-1.7549	-0.3687	0.0000	0.0000	321.4853	0.0000	86.1211	1.7933	0.0053	56.7250	0.0000	0.0000	0.0000
18.0765	0.0000	-0.0150	0.0066	0.0000	0.0000	-0.0200	230.8680	0.0000	1.3000	61.4757	NOT CONNECTED	2000.0000	500.0000	0.0000	0.0000	0.0000	0.0000	0.0825	0.0372	-1.5877	-0.8337	-1.7549	-0.3687	0.0000	0.0000	321.4853	0.0000	86.1211	1.7933	0.0053	56.7250	0.0000	0.0000	0.0000
18.4965	0.0000	-0.0170	0.0066	0.0000	0.0000	-0.0200	230.8750	0.0000	1.3000	61.4319	NOT CONNECTED	2000.0000	500.0000	0.0000	0.0000	0.0000	0.0000	0.0825	0.0372	-1.5877	-0.8337	-1.7549	-0.3687	0.0000	0.0000	321.5245	0.0000	86.1123	1.7933	0.0054	56.7112	0.0000	0.0000	0.0000
18.8422	0.0000	-0.0170	0.0066	0.0000	0.0000	-0.0200	230.8750	0.0000	1.3000	61.4319	NOT CONNECTED	2000.0000	500.0000	0.0000	0.0000	0.0000	0.0000	0.0825	0.0372	-1.5877	-0.8337	-1.7549	-0.3687	0.0000	0.0000	321.4961	0.0000	86.1039	1.7933	0.0053	56.7112	0.0000	0.0000	0.0000
19.1017	0.0000	-0.0170	0.0066	0.0000	0.0000	-0.0200	230.8750	0.0000	1.3000	61.4319	NOT CONNECTED	2000.0000	500.0000	0.0000	0.0000	0.0000	0.0000	0.0825	0.0372	-1.5877	-0.8337	-1.7549	-0.3687	0.0000	0.0000	321.4961	0.0000	86.1039	1.7933	0.0053	56.7112	0.0000	0.0000	0.0000
19.5828	0.0000	-0.0160	0.0066	0.0000	0.0000	-0.0200	230.8790	0.0000	1.3000	61.4081	NOT CONNECTED	2000.0000	500.0000	0.0000	0.0000	0.0000	0.0000	0.0825	0.0372	-1.5877	-0.8337	-1.7549	-0.3687	0.0000	0.0000	321.4961	0.0000	86.1039	1.7933	0.0053	56.7112	0.0000	0.0000	0.0000
20.3361	30.0000	-0.0180	1.5712	0.0000	8.9030	28.7800	230.8630	0.3138	39.0800	61.3843	NOT CONNECTED	2000.0000	500.0000	0.0000	-0.2872	0.2351	0.0000	0.1706	0.0372	4.0433	0.2300	3.9880	0.7166	14.7700	0.0000	304.6824	89.6515	86.1341	4.0338	1.5727	56.6840	11.0000	18.0000	31.0000
20.9587	0.0000	-0.0130	2.6681	0.0000	14.1640	82.8700	230.8290	0.7618	114.2600	61.3712	NOT CONNECTED	2000.0000	500.0000	0.0000	0.5004	0.4225	0.0000	0.1916	0.0372	5.0198	0.3662	4.8617	1.2950	18.4099	0.0000	300.2796	139.4667	86.6182	5.0412	3.4015	56.6840	2029.0000	2073.0000	8189.0000
21.0792	0.0000	-0.0130	2.6681	0.0000	14.1640	82.8700	230.8290	0.7618	114.2600	61.3712	NOT CONNECTED	2000.0000	500.0000	0.0000	0.5004	0.4225	0.0000	0.1916	0.0372	5.0198	0.3662	4.8617	1.2950	18.4099	0.0000	300.2796	139.4667	86.6182	5.0412	3.4015	56.6840	2029.0000	2073.0000	8189.0000
21.5793	0.0000	-0.0130	3.2303	0.0000	17.0980	121.6700	230.8400	1.0652	165.6900	61.4000	NOT CONNECTED	2000.0000	500.0000	0.0000	3.1881	0.2714	0.0000	0.1828	0.0372	3.7957	0.2657	4.3626	0.2654	11.4499	0.0000	300.8944	92.4208	87.3786	4.4993	3.5686	56.7343	2029.0000	2073.0000	8189.0000
21.8428	0.0000	-0.0130	3.2303	0.0000	17.0980	121.6700	230.8400	1.0652	165.6900	61.4000	NOT CONNECTED	2000.0000	500.0000	0.0000	3.1881	0.2714	0.0000	0.1828	0.0372	3.7957	0.2657	4.3626	0.2654	11.4499	0.0000	300.8944	92.4208	87.3786	4.4993	3.5686	56.7343	2029.0000	2073.0000	8189.0000
22.2015	0.0000	-0.0130	3.2303	0.0000	17.0980	121.6700	230.8400	1.0652	165.6900	61.4000	NOT CONNECTED	2000.0000	500.0000	0.0000	3.5619	0.0097	0.0173	0.0990	0.0990	0.7792	0.0184	0.7787	0.0836	4.2765	0.6628	318.5680	4.8822	89.0817	0.7876	0.6286	56.7343	2074.0000	2103.0000	8358.0000
22.5812	81.0000	-0.1120	0.6205	0.0000	3.5710	4.4400	230.9420	0.1044	11.9100	61.5307	NOT CONNECTED	2000.0000	500.0000	0.0000	254.7081	0.1691	0.1909	0.0934	0.0921	0.4766	0.2923	0.4901	0.3359	1.4599	12.0746	317.1811	7.9945	88.9786	0.6099	0.6088	56.7860	2074.0000	2103.0000	8358.0000
22.8219	81.0000	-0.1120	0.6205	0.0000	3.5710	4.4400	230.9420	0.1044	11.9100	61.5307	NOT CONNECTED	2000.0000	500.0000	0.0000	254.7081	0.1691	0.1909	0.0934	0.0921	0.4766	0.2923	0.4901	0.3359	1.4599	12.0746	317.1811	7.9945	88.9786	0.6099	0.6088	56.7860	2074.0000	2103.0000	8358.0000
23.3362	465.0000	-0.1160	0.2729	0.0000	16.4690	5.9200	230.9180	0.1014	11.7100	61.4292	NOT CONNECTED	2000.0000	500.0000	0.0000	564.2839	0.1433	0.1640	0.0854	0.0855	0.3323	0.2746	0.3290	0.3216	0.9119	22.3193	316.9051	10.3942	88.8801	0.4774	0.2835	56.7746	117.0000	141.0000	210.0000
23.4286	465.0000	-0.1160	0.2729	0.0000	16.4690	5.9200	230.9180	0.1014	11.7100	61.4292	NOT CONNECTED	2000.0000	500.0000	0.0000	564.2839	0.1433	0.1640	0.0854	0.0855	0.3323	0.2746	0.3290	0.3216	0.9119	22.3193	316.9051	10.3942	88.8801	0.4774	0.2835	56.7746	117.0000	141.0000	210.0000
24.0499	842.0000	-0.1170	0.3107	0.0000	27.6010	10.2300	230.9250	0.1395	16.7300	61.4637	NOT CONNECTED	2000.0000	500.0000	0.0000	867.2921	0.1611	0.1684	0.0854	0.0855	0.3486	0.3171	0.3686	0.3717	1.0665	33.4729	315.6469	15.4836	88.7784	0.4932	0.3217	56.7746	45.0000	45.0000	45.0000
24.0826	842.0000	-0.1170	0.3107	0.0000	27.6010	10.2300	230.9250	0.1395	16.7300	61.4637	NOT CONNECTED	2000.0000	500.0000	0.0000	867.2921	0.1611	0.1684	0.0854	0.0855	0.3486	0.3171	0.3686	0.3717	1.0665	33.4729	315.6469	15.4836	88.7784	0.4932	0.3217	56.7746	45.0000	45.0000	45.0000
24.6708	1216.0000	-0.1200	0.3281	0.0000	49.4560	18.6900	230.9420	0.2072	26.2900	61.4255	NOT CONNECTED	2000.0000	500.0000	0.0000	1186.0986	0.1657	0.1403	0.0854	0.0855	0.3132	0.3287	0.3440	0.3671	1.0259	44.5882	314.4416	20.6564	88.6860	0.4633	0.3289	56.7641	45.0000	45.0000	45.0000
24.8433	1216.0000	-0.1200	0.3281	0.0000	49.4560	18.6900	230.9420	0.2072	26.2900	61.4255	NOT CONNECTED	2000.0000	500.0000	0.0000	1186.0986	0.1657	0.1403	0.0854	0.0855	0.3132	0.3287	0.3440	0.3671	1.0259	44.5882	314.4416	20.6564	88.6860	0.4633	0.3289	56.7641	45.0000	45.0000	45.0000
25.2921	1595.0000	-0.1240	0.3337	0.0000	60.2830	23.0800	230.9450	0.2400	31.0500	61.4624	NOT CONNECTED	2000.0000	500.0000	0.0000	1492.8060	0.1633	0.1715	0.0855	0.0855	0.3880	0.3073	0.2988	0.3787	1.0318	55.8028	313.4879	26.4554	88.6018	0.4733	0.3377	56.7553	51.0000	52.0000	52.0000
25.5838	1595.0000	-0.1240	0.3337	0.0000	60.2830	23.0800	230.9450	0.2400	31.0500	61.4624	NOT CONNECTED	2000.0000	500.0000	0.0000	1492.8060	0.1633	0.1715	0.0855	0.0855	0.3880	0.3073	0.2988	0.3787	1.0318	55.8028	313.4879	26.4554	88.6018	0.4733	0.3377	56.7553	51.0000	52.0000	52.0000
25.9137	1595.0000	-0.1240	0.3337	0.0000	60.2830	23.0800	230.9450	0.2400	31.0500	61.4624	NOT CONNECTED	2000.0000	500.0000	0.0000	1801.0774	0.1310	0.1850	0.0855	0.0855	0.4008	0.2389	0.2722	0.3592	1.0810	67.0101	312.6559	32.7653	88.5249	0.4651	0.3423	56.7553	56.0000	55.0000	56.0000
26.3367	1965.0000	-0.1250	0.3448	0.0000	82.2010	32.5700	230.9490	0.3089	41.2900	61.4744	NOT CONNECTED	2000.0000	500.0000	0.0000	2026.4796	0.0230	0.0519	0.0854	0.0854	0.3783	0.0131	0.4048	0.0765	0.9504	72.7225	315.7133	11.5139	88.4572	0.4038	0.2997	56.7483	56.0000	55.0000	56.0000
26.5200	1965.0000	-0.1250	0.3448	0.0000	82.2010	32.5700	230.9490	0.3089	41.2900	61.4744	NOT CONNECTED	2000.0000	500.0000	0.0000	2026.4796	0.0230	0.0519	0.0854	0.0854	0.3783	0.0131	0.4048	0.0765	0.9504	72.7225	315.7133	11.5139	88.4572	0.4038	0.2997	56.7483	56.0000	55.0000	56.0000
27.0794	2004.0000	-0.0420	0.2710	0.0000	88.7840	11.9300	230.9690	0.1705	20.9700	61.4362	NOT CONNECTED	2000.0000	500.0000	0.0000	2000.7043	0.0659	0.0634	0.0855	0.0854	0.3736	0.1323	0.3250	0.1583	1.1306	71.8346	315.6591	13.4210	88.3925	0.4186	0.2738	56.7483	43.0000	42.0000	44.0000
27.1404	2004.0000	-0.0420	0.2710	0.0000	88.7840	11.9300	230.9690	0.1705	20.9700	61.4362	NOT CONNECTED	2000.0000	500.0000	0.0000	2000.7043	0.0659	0.0634	0.0855	0.0854	0.3736	0.1323	0.3250	0.1583	1.1306	71.8346	315.6591	13.4210	88.3925	0.4186	0.2738	56.7483	43.0000	42.0000	44.0000
27.7628	2000.0000	-0.0470	0.2733	0.0000	87.7260	13.3700	230.9700	0.1757	21.7700	61.4701	NOT CONNECTED	2000.0000	500.0000	0.0000	1999.7721	0.0498	0.0622	0.0854	0.0854	0.3947	0.0939	0.3501	0.1690	1.1784	71.4050	315.5021	13.2687	88.3298	0.4252	0.2758	56.7413	43.0000	42.0000	44.0000
27.8435	2000.0000	-0.0470	0.2733	0.0000	87.7260	13.3700	230.9700	0.1757	21.7700	61.4701	NOT CONNECTED	2000.0000	500.0000	0.0000	1999.7721	0.0498	0.0622	0.0854	0.0854	0.3947	0.0939	0.3501	0.1690	1.1784	71.4050	315.5021	13.2687	88.3298	0.4252	0.2758	56.7413	43.0000	42.0000	44.0000
28.3842	2003.0000	-0.0490	0.2734	0.0000	87.7110	13.4700	230.9700	0.1761	21.8200	61.4629	NOT CONNECTED	2000.0000	500.0000	0.0000	1992.2930	0.0735	0.0835	0.0854	0.0854	0.4114	0.1475	0.3520	0.1727	0.8312	72.9806	315.5007	13.7889	88.2721	0.3541	0.2763	56.7342	35.0000	34.0000	36.0000
28.5880	2003.0000	-0.0490	0.2734	0.0000	87.7110	13.4700	230.9700	0.1761	21.8200	61.4629	NOT CONNECTED	2000.0000	500.0000	0.0000	1992.2930	0.0735	0.0835	0.0854	0.0854	0.4114	0.1475	0.3520	0.1727	0.8312	72.9806	315.5007	13.7889	88.2721	0.3541	0.2763	56.7342	35.0000	34.0000	36.0000
29.0049	1998.0000	-0.0470	0.2736	0.0000	87.7160	13.4800	230.9710	0.1767	21.8900	61.4943	NOT CONNECTED	2000.0000	500.0000	0.0000	1998.7855	0.0520	0.0651	0.0854	0.0854	0.3352	0.1206	0.3955	0.1785	0.7554	73.2440	315.4873	13.5187	88.2187	0.4069	0.2730	56.7342	36.0000	35.0000	36.0000
29.3368	1998.0000	-0.0470	0.2736	0.0000	87.7160	13.4800	230.9710	0.1767	21.8900	61.4943	NOT CONNECTED	2000.0000	500.0000	0.0000	1999.1010	0.0466	0.0642	0.0854	0.0854	0.3519	0.0861	0.3456	0.1328	1.3071	70.7836	315.5197	13.7190	88.1693	0.4433	0.2765	56.7271	36.0000	35.0000	36.0000
29.6260	1998.0000	-0.0470	0.2736	0.0000	87.7160	13.4800	230.9710	0.1767	21.8900	61.4943	NOT CONNECTED	2000.0000	500.0000	0.0000	1999.1010	0.0466	0.0642	0.0854	0.0854	0.3519	0.0861	0.3456	0.1328	1.3071	70.7836	315.5197	13.7190	88.1693	0.4433	0.2765	56.7271	36.0000	35.0000	36.0000
30.2092	2003.0000	-0.0460	0.2732	0.0000	87.7090	13.4800	230.9710	0.1766	21.8700	61.4646	NOT CONNECTED	2000.0000	500.0000	0.0000	1998.7198	0.0827	0.0651	0.0855	0.0854	0.3854	0.1557	0.2809	0.1876	0.9972	73.7365	315.5279	13.7117	88.1255	0.3555	0.2763	56.7200	35.0000	34.0000	35.0000
30.2316	2003.0000	-0.0460	0.2732	0.0000	87.7090	13.4800	230.9710	0.1766	21.8700	61.4646	NOT CONNECTED	2000.0000	500.0000	0.0000	1998.7198	0.0827	0.0651	0.0855	0.0854	0.3854	0.1557	0.2809	0.1876	0.9972	73.7365	315.5279	13.7117	88.1255	0.3555	0.2763	56.7200	35.0000	34.0000	35.0000
30.8532	1999.0000	-0.0460	0.2730	0.0000	87.6940	13.5000	230.9660	0.1765	21.8900	61.4642	NOT CONNECTED	2000.0000	500.0000	0.0000	2006.2917	0.0686	0.0437	0.0854	0.0854	0.3054	0.1609	0.3193	0.1424	1.2026	71.7036	315.4656	13.2006	88.0830	0.3414	0.2761	56.7200	35.0000	34.0000	35.0000
30.9440	1999.0000	-0.0460	0.2730	0.0000	87.6940	13.5000	230.9660	0.1765	21.8900	61.4642	NOT CONNECTED	2000.0000	500.0000	0.0000	2006.2917	0.0686	0.0437	0.0854	0.0854	0.3054	0.1609	0.3193	0.1424	1.2026	71.7036	315.4656	13.2006	88.0830	0.3414	0.2761	56.7200	35.0000	34.0000	35.0000
31.4746	2001.0000	-0.0470	0.2730	0.0000	87.7020	13.4800	230.9580	0.1764	21.8700	61.4350	NOT CONNECTED	2000.0000	500.0000	0.0000	2004.1541	0.0374	0.0499	0.0855	0.0854	0.3103	0.0698	0.3189	0.1472	1.2023	72.6520	315.4453	13.2736	88.0436	0.4467	0.2765	56.7129	36.0000	35.0000	36.0000
31.8504	2001.0000	-0.0470	0.2730	0.0000	87.7020	13.4800	230.9580	0.1764	21.8700	61.4350	NOT CONNECTED	2000.0000	500.0000	0.0000	2005.3816	0.0607	0.0526	0.0854	0.0854	0.3718	0.0924	0.3713	0.1617	0.7738	72.7204	314.9041	16.4818	88.0070	0.3492	0.2740	56.7129	37.0000	36.0000	37.0000
32.0955	2001.0000	-0.0470	0.2730	0.0000	87.7020	13.4800	230.9580	0.1764	21.8700	61.4350	NOT CONNECTED	2000.0000	500.0000	0.0000	2005.3816	0.0607	0.0526	0.0854	0.0854	0.3718	0.0924	0.3713	0.1617	0.7738	72.7204	314.9041	16.4818	88.0070	0.3492	0.2740	56.7129	37.0000	36.0000	37.0000
32.5922	2000.0000	-0.0720	0.2786	0.0000	87.7010	15.7600	230.9530	0.1920	24.1200	61.4558	NOT CONNECTED	2000.0000	500.0000	0.0000	1992.5192	0.0934	0.1083	0.0854	0.0854	0.3730	0.1656	0.3357	0.2168	1.3266	71.2264	314.0884	22.2157	87.9731	0.3607	0.2932	56.7058	37.0000	36.0000	37.0000
32.7173	2000.0000	-0.0720	0.2786	0.0000	87.7010	15.7600	230.9530	0.1920	24.1200	61.4558	NOT CONNECTED	2000.0000	500.0000	0.0000	1992.5192	0.0934	0.1083	0.0854	0.0854	0.3730	0.1656	0.3357	0.2168	1.3266	71.2264	314.0884	22.2157	87.9731	0.3607	0.2932	56.7058	37.0000	36.0000	37.0000
33.3414	1996.0000	-0.1070	0.3053	0.0000	87.9060	24.4900	230.9360	0.2532	33.0200	61.4798	NOT CONNECTED	2000.0000	500.0000	0.0000	1995.5833	0.1483	0.1564	0.0854	0.0855	0.3052	0.3175	0.3532	0.3486	1.2120	71.6456	311.8566	35.3343	87.9197	0.5121	0.3319	56.6988	39.0000	39.0000	39.0000
33.8488	1984.0000	-0.1660	0.3272	0.0000	88.0270	30.5100	230.9270	0.2950	39.2400	61.4585	NOT CONNECTED	2000.0000	500.0000	0.0000	1995.5833	0.1483	0.1564	0.0854	0.0855	0.3052	0.3175	0.3532	0.3486	1.2120	71.6456	311.8566	35.3343	87.9197	0.5121	0.3319	56.6988	39.0000	39.0000	39.0000
34.1987	1984.0000	-0.1660	0.3272	0.0000	88.0270	30.5100	230.9270	0.2950	39.2400	61.4585	NOT CONNECTED	2000.0000	500.0000	0.0000	1979.7180	0.2581	0.2732	0.0855	0.0855	0.3174	0.5052	0.2438	0.6620	1.5744	73.3537	309.1281	59.1229	87.8946	0.6502	0.4304	56.6919	50.0000	50.0000	51.0000
34.4707	1984.0000	-0.1660	0.3272	0.0000	88.0270	30.5100	230.9270	0.2950	39.2400	61.4585	NOT CONNECTED	2000.0000	500.0000	0.0000	1979.7180	0.2581	0.2732	0.0855	0.0855	0.3174	0.5052	0.2438	0.6620	1.5744	73.3537	309.1281	59.1229	87.8946	0.6502	0.4304	56.6919	50.0000	50.0000	51.0000
34.9407	1984.0000	-0.3060	0.4691	0.0000	88.1600	59.5700	230.8960	0.4892	69.5800	61.4355	NOT CONNECTED	2000.0000	500.0000	0.0000	1990.0018	0.3447	0.3465	0.0862	0.0862	0.4059	0.6607	0.2402	0.8189	1.0825	74.9073	306.6806	78.7580	87.8774	0.7800	0.5369	56.6919	102.0000	102.0000	102.0000
35.0919	1984.0000	-0.3060	0.4691	0.0000	88.1600	59.5700	230.8960	0.4892	69.5800	61.4355	NOT CONNECTED	2000.0000	500.0000	0.0000	1990.0018	0.3447	0.3465	0.0862	0.0862	0.4059	0.6607	0.2402	0.8189	1.0825	74.9073	306.6806	78.7580	87.8774	0.7800	0.5369	56.6919	102.0000	102.0000	102.0000
35.6914	1992.0000	-0.3780	0.5660	0.0000	89.3880	75.2600	230.8830	0.5937	86.5600	61.4142	NOT CONNECTED	2000.0000	500.0000	0.0000	1987.9075	0.4298	0.4196	0.0870	0.0870	0.5258	0.8284	0.2058	0.9385	1.0128	75.5539	305.5499	90.5725	87.8690	0.8695	0.6157	56.6858	102.0000	102.0000	102.0000
35.7134	1992.0000	-0.3780	0.5660	0.0000	89.3880	75.2600	230.8830	0.5937	86.5600	61.4142	NOT CONNECTED	2000.0000	500.0000	0.0000	1987.9075	0.4298	0.4196	0.0870	0.0870	0.5258	0.8284	0.2058	0.9385	1.0128	75.5539	305.5499	90.5725	87.8690	0.8695	0.6157	56.6858	102.0000	102.0000	102.0000
36.3185	1985.0000	-0.4310	0.6603	0.0000	91.0060	90.5400	230.8650	0.6953	103.4000	61.4101	NOT CONNECTED	2000.0000	500.0000	0.0000	2005.3231	0.4442	0.4030	0.0867	0.0872	0.4380	0.8677	0.1702	0.9176	2.1086	76.6320	305.1043	95.3237	87.8667	0.8561	0.6691	56.6811	185.0000	185.0000	185.0000
36.5654	1985.0000	-0.4310	0.6603	0.0000	91.0060	90.5400	230.8650	0.6953	103.4000	61.4101	NOT CONNECTED	2000.0000	500.0000	0.0000	2005.3231	0.4442	0.4030	0.0867	0.0872	0.4380	0.8677	0.1702	0.9176	2.1086	76.6320	305.1043	95.3237	87.8667	0.8561	0.6691	56.6811	185.0000	185.0000	185.0000
36.9398	1985.0000	-0.4310	0.6603	0.0000	91.0060	90.5400	230.8650	0.6953	103.4000	61.4101	NOT CONNECTED	2000.0000	500.0000	0.0000	1978.6963	0.5869	0.5832	0.0888	0.0889	0.5974	1.1211	0.1876	1.2173	1.8040	77.2184	302.0589	129.2356	87.8702	1.2762	0.8217	56.6811	280.0000	279.0000	280.0000
37.3395	1988.0000	-0.5760	0.9038	0.0000	93.7980	128.2800	230.8240	0.9370	144.6400	61.4663	NOT CONNECTED	2000.0000	500.0000	0.0000	1993.4855	0.6139	0.6188	0.0895	0.0894	0.7810	1.1436	0.1201	1.4064	3.2508	80.2405	301.1662	140.8512	87.8917	1.3792	0.9520	56.6777	280.0000	279.0000	280.0000
37.5609	1988.0000	-0.5760	0.9038	0.0000	93.7980	128.2800	230.8240	0.9370	144.6400	61.4663	NOT CONNECTED	2000.0000	500.0000	0.0000	1993.4855	0.6139	0.6188	0.0895	0.0894	0.7810	1.1436	0.1201	1.4064	3.2508	80.2405	301.1662	140.8512	87.8917	1.3792	0.9520	56.6777	280.0000	279.0000	280.0000
38.1835	1977.0000	-0.6360	0.9539	0.0000	95.0660	136.7000	230.8170	0.9914	153.9700	61.4133	NOT CONNECTED	2000.0000	500.0000	0.0000	1969.1266	0.7334	0.7380	0.0913	0.0911	0.8492	1.3649	0.1322	1.7099	3.4919	79.1844	299.2926	166.8994	87.9196	1.5555	0.9720	56.6777	437.0000	436.0000	438.0000
38.2104	1977.0000	-0.6360	0.9539	0.0000	95.0660	136.7000	230.8170	0.9914	153.9700	61.4133	NOT CONNECTED	2000.0000	500.0000	0.0000	1969.1266	0.7334	0.7380	0.0913	0.0911	0.8492	1.3649	0.1322	1.7099	3.4919	79.1844	299.2926	166.8994	87.9196	1.5555	0.9720	56.6777	437.0000	436.0000	438.0000
38.8050	1977.0000	-0.6360	0.9539	0.0000	95.0660	136.7000	230.8170	0.9914	153.9700	61.4133	NOT CONNECTED	2000.0000	500.0000	0.0000	1977.9085	0.7858	0.8405	0.0929	0.0921	0.9868	1.4021	-0.0011	1.8584	4.3560	80.5197	298.0021	186.9807	87.9672	1.6916	1.2415	56.6769	437.0000	436.0000	438.0000
39.4107	1999.0000	-0.7990	1.2534	0.0000	100.1220	184.8000	230.7710	1.2948	207.4000	61.4135	0.0000	2000.0000	500.0000	0.0000	1997.9955	0.8520	0.8199	0.0926	0.0931	1.0425	1.5293	0.0098	1.8336	2.0870	83.5534	297.9493	189.1277	88.0315	1.7448	1.2641	56.6798	676.0000	677.0000	677.0000
39.4699	1999.0000	-0.7990	1.2534	0.0000	100.1220	184.8000	230.7710	1.2948	207.4000	61.4135	0.0000	2000.0000	500.0000	0.0000	1997.9955	0.8520	0.8199	0.0926	0.0931	1.0425	1.5293	0.0098	1.8336	2.0870	83.5534	297.9493	189.1277	88.0315	1.7448	1.2641	56.6798	676.0000	677.0000	677.0000
40.0322	2000.0000	-0.8020	1.2591	0.0000	100.4950	186.2200	230.7670	1.3043	208.9000	61.4364	0.0000	2000.0000	500.0000	0.0000	2004.7436	0.8133	0.8093	0.0924	0.0925	0.9925	1.4557	0.0031	1.7647	3.4093	84.5848	298.1038	190.2923	88.0915	1.7185	1.2687	56.6798	775.0000	773.0000	774.0000
40.2216	2000.0000	-0.8020	1.2591	0.0000	100.4950	186.2200	230.7670	1.3043	208.9000	61.4364	0.0000	2000.0000	500.0000	0.0000	2004.7436	0.8133	0.8093	0.0924	0.0925	0.9925	1.4557	0.0031	1.7647	3.4093	84.5848	298.1038	190.2923	88.0915	1.7185	1.2687	56.6798	775.0000	773.0000	774.0000
40.6535	2002.0000	-0.8020	1.2628	0.0000	100.7090	186.9200	230.7560	1.3085	209.4000	61.4149	0.0000	2000.0000	500.0000	0.0000	1996.2525	0.8090	0.8354	0.0927	0.0925	1.0239	1.4537	0.0648	1.7761	1.8708	84.2143	298.2608	190.6958	88.1502	1.8592	1.2710	56.6843	775.0000	773.0000	774.0000
40.9636	2002.0000	-0.8020	1.2628	0.0000	100.7090	186.9200	230.7560	1.3085	209.4000	61.4149	0.0000	2000.0000	500.0000	0.0000	1996.2525	0.8090	0.8354	0.0927	0.0925	1.0239	1.4537	0.0648	1.7761	1.8708	84.2143	298.2608	190.6958	88.1502	1.8592	1.2710	56.6843	775.0000	773.0000	774.0000
41.2741	2002.0000	-0.8020	1.2628	0.0000	100.7090	186.9200	230.7560	1.3085	209.4000	61.4149	0.0000	2000.0000	500.0000	0.0000	2010.5563	0.7963	0.7954	0.0924	0.0922	1.0012	1.4162	0.1469	1.8544	3.8058	82.2696	298.3965	190.6481	88.2047	1.8868	1.2689	56.6889	781.0000	782.0000	782.0000
41.7007	1998.0000	-0.8040	1.2626	0.0000	100.6430	187.0000	230.7510	1.3096	209.5100	61.4325	0.0000	2000.0000	500.0000	0.0000	2000.0478	0.8065	0.8251	0.0926	0.0924	0.9850	1.4329	0.0133	1.8165	4.4940	82.8110	298.5441	190.8393	88.2557	1.7024	1.2720	56.6889	781.0000	782.0000	782.0000
41.8959	1998.0000	-0.8040	1.2626	0.0000	100.6430	187.0000	230.7510	1.3096	209.5100	61.4325	0.0000	2000.0000	500.0000	0.0000	2000.0478	0.8065	0.8251	0.0926	0.0924	0.9850	1.4329	0.0133	1.8165	4.4940	82.8110	298.5441	190.8393	88.2557	1.7024	1.2720	56.6889	781.0000	782.0000	782.0000
42.4457	2000.0000	-0.8050	1.2641	0.0000	100.6350	187.2800	230.7420	1.3109	209.5200	61.4576	1.0000	2000.0000	500.0000	0.0000	1994.2892	0.8349	0.8418	0.0929	0.0929	0.9572	1.5188	0.0518	1.8010	4.4727	83.8140	298.6455	190.3516	88.3035	1.7486	1.2718	56.6935	778.0000	778.0000	779.0000
42.5178	2000.0000	-0.8050	1.2641	0.0000	100.6350	187.2800	230.7420	1.3109	209.5200	61.4576	1.0000	2000.0000	500.0000	0.0000	1994.2892	0.8349	0.8418	0.0929	0.0929	0.9572	1.5188	0.0518	1.8010	4.4727	83.8140	298.6455	190.3516	88.3035	1.7486	1.2718	56.6935	778.0000	778.0000	779.0000
43.1384	2000.0000	-0.8030	1.2627	0.0000	100.6350	187.0600	230.7360	1.3098	209.1400	61.4918	1.0000	2000.0000	500.0000	0.0000	2004.1449	0.8641	0.8136	0.0926	0.0934	1.0670	1.5314	0.1302	1.7849	4.0698	83.6248	298.7389	190.1526	88.3463	1.8490	1.2704	56.6935	780.0000	779.0000	780.0000
43.3447	2000.0000	-0.8030	1.2627	0.0000	100.6350	187.0600	230.7360	1.3098	209.1400	61.4918	1.0000	2000.0000	500.0000	0.0000	2004.1449	0.8641	0.8136	0.0926	0.0934	1.0670	1.5314	0.1302	1.7849	4.0698	83.6248	298.7389	190.1526	88.3463	1.8490	1.2704	56.6935	780.0000	779.0000	780.0000
43.7609	2003.0000	-0.8050	1.2628	0.0000	100.6350	187.0600	230.7320	1.3099	209.0200	61.4327	1.0000	2000.0000	500.0000	0.0000	2004.7431	0.8146	0.8119	0.0923	0.0926	0.9646	1.4664	0.0103	1.7335	3.0954	83.0711	298.8537	190.2087	88.3881	1.8199	1.2708	56.6980	780.0000	779.0000	780.0000
44.0888	2003.0000	-0.8050	1.2628	0.0000	100.6350	187.0600	230.7320	1.3099	209.0200	61.4327	1.0000	2000.0000	500.0000	0.0000	2000.3280	0.8172	0.8245	0.0928	0.0925	0.9675	1.4734	0.1142	1.7990	2.4134	84.7887	298.9528	190.6898	88.4270	1.7642	1.2695	56.7027	783.0000	782.0000	782.0000
44.3821	2003.0000	-0.8050	1.2628	0.0000	100.6350	187.0600	230.7320	1.3099	209.0200	61.4327	1.0000	2000.0000	500.0000	0.0000	2000.3280	0.8172	0.8245	0.0928	0.0925	0.9675	1.4734	0.1142	1.7990	2.4134	84.7887	298.9528	190.6898	88.4270	1.7642	1.2695	56.7027	783.0000	782.0000	782.0000
44.8495	1997.0000	-0.8030	1.2627	0.0000	100.6520	187.0400	230.7220	1.3098	208.9400	61.4853	1.0000	2000.0000	500.0000	0.0000	1994.5761	0.8126	0.8404	0.0928	0.0924	0.9960	1.4724	-0.0133	1.7723	2.3534	83.6735	299.0093	190.7753	88.4638	1.8050	1.2709	56.7027	778.0000	778.0000	778.0000
45.0037	1997.0000	-0.8030	1.2627	0.0000	100.6520	187.0400	230.7220	1.3098	208.9400	61.4853	1.0000	2000.0000	500.0000	0.0000	1994.5761	0.8126	0.8404	0.0928	0.0924	0.9960	1.4724	-0.0133	1.7723	2.3534	83.6735	299.0093	190.7753	88.4638	1.8050	1.2709	56.7027	778.0000	778.0000	778.0000
45.5874	2001.0000	-0.8040	1.2628	0.0000	100.6860	187.0200	230.7180	1.3100	208.8600	61.4637	1.0000	2000.0000	500.0000	0.0000	1996.7074	0.8254	0.8350	0.0928	0.0925	1.0027	1.5071	0.0737	1.8373	3.6924	81.8636	299.0485	190.5899	88.4985	1.8404	1.2719	56.7072	778.0000	778.0000	778.0000
45.6243	2001.0000	-0.8040	1.2628	0.0000	100.6860	187.0200	230.7180	1.3100	208.8600	61.4637	1.0000	2000.0000	500.0000	0.0000	1996.7074	0.8254	0.8350	0.0928	0.0925	1.0027	1.5071	0.0737	1.8373	3.6924	81.8636	299.0485	190.5899	88.4985	1.8404	1.2719	56.7072	778.0000	778.0000	778.0000
46.2464	1999.0000	-0.8040	1.2625	0.0000	100.6390	187.0100	230.7090	1.3106	208.7600	61.4613	1.0000	2000.0000	500.0000	0.0000	2004.6377	0.8186	0.8123	0.0925	0.0925	0.9370	1.4990	0.1366	1.7938	4.4213	82.4354	299.1204	190.5386	88.5312	1.8509	1.2712	56.7118	781.0000	781.0000	781.0000
46.3437	1999.0000	-0.8040	1.2625	0.0000	100.6390	187.0100	230.7090	1.3106	208.7600	61.4613	1.0000	2000.0000	500.0000	0.0000	2004.6377	0.8186	0.8123	0.0925	0.0925	0.9370	1.4990	0.1366	1.7938	4.4213	82.4354	299.1204	190.5386	88.5312	1.8509	1.2712	56.7118	781.0000	781.0000	781.0000
46.8676	1998.0000	-0.8040	1.2624	0.0000	100.6940	186.9500	230.7040	1.3095	208.6700	61.4871	1.0000	2000.0000	500.0000	0.0000	1994.6675	0.8511	0.8402	0.0932	0.0931	1.0416	1.5250	0.0981	1.7400	2.2388	84.6603	299.1838	190.5143	88.5620	1.7461	1.2697	56.7118	781.0000	781.0000	781.0000
47.0752	1998.0000	-0.8040	1.2624	0.0000	100.6940	186.9500	230.7040	1.3095	208.6700	61.4871	1.0000	2000.0000	500.0000	0.0000	1994.6675	0.8511	0.8402	0.0932	0.0931	1.0416	1.5250	0.0981	1.7400	2.2388	84.6603	299.1838	190.5143	88.5620	1.7461	1.2697	56.7118	781.0000	781.0000	781.0000
47.4895	1999.0000	-0.8020	1.2620	0.0000	100.6800	186.9300	230.6960	1.3095	208.5500	61.5017	1.0000	2000.0000	500.0000	0.0000	2001.0068	0.8557	0.8224	0.0927	0.0931	0.9784	1.5563	0.1140	1.7778	3.7484	83.9973	299.2554	189.6990	88.5896	1.8667	1.2706	56.7164	781.0000	782.0000	783.0000
47.8474	1999.0000	-0.8020	1.2620	0.0000	100.6800	186.9300	230.6960	1.3095	208.5500	61.5017	1.0000	2000.0000	500.0000	0.0000	2008.9209	0.8486	0.7996	0.0924	0.0931	1.0770	1.5146	0.0454	1.8273	4.2777	84.2739	299.2825	190.2175	88.6172	1.7932	1.2716	56.7164	779.0000	777.0000	779.0000
48.1100	1999.0000	-0.8020	1.2620	0.0000	100.6800	186.9300	230.6960	1.3095	208.5500	61.5017	1.0000	2000.0000	500.0000	0.0000	2008.9209	0.8486	0.7996	0.0924	0.0931	1.0770	1.5146	0.0454	1.8273	4.2777	84.2739	299.2825	190.2175	88.6172	1.7932	1.2716	56.7164	779.0000	777.0000	779.0000
48.5952	1999.0000	-0.8060	1.2631	0.0000	100.7060	187.0500	230.6920	1.3106	208.6300	61.5434	1.0000	2000.0000	500.0000	0.0000	1999.0978	0.8272	0.8278	0.0928	0.0927	0.9798	1.5011	0.1143	1.7811	2.3429	84.3427	299.3488	190.6698	88.6434	1.8463	1.2713	56.7209	779.0000	777.0000	779.0000
48.7314	1999.0000	-0.8060	1.2631	0.0000	100.7060	187.0500	230.6920	1.3106	208.6300	61.5434	1.0000	2000.0000	500.0000	0.0000	1999.0978	0.8272	0.8278	0.0928	0.0927	0.9798	1.5011	0.1143	1.7811	2.3429	84.3427	299.3488	190.6698	88.6434	1.8463	1.2713	56.7209	779.0000	777.0000	779.0000
49.3449	1998.0000	-0.8060	1.2628	0.0000	100.6670	187.0300	230.6860	1.3105	208.5300	61.5404	2.0000	2000.0000	500.0000	0.0000	2003.8821	0.8082	0.8140	0.0927	0.0924	0.9613	1.4705	0.0625	1.8127	1.7143	82.6962	299.3731	190.5580	88.6682	1.8118	1.2704	56.7255	781.0000	779.0000	781.0000
49.3527	1998.0000	-0.8060	1.2628	0.0000	100.6670	187.0300	230.6860	1.3105	208.5300	61.5404	2.0000	2000.0000	500.0000	0.0000	2003.8821	0.8082	0.8140	0.0927	0.0924	0.9613	1.4705	0.0625	1.8127	1.7143	82.6962	299.3731	190.5580	88.6682	1.8118	1.2704	56.7255	781.0000	779.0000	781.0000
49.9744	2001.0000	-0.8050	1.2623	0.0000	100.7230	186.8700	230.6830	1.3094	208.3100	61.5255	2.0000	2000.0000	500.0000	0.0000	2000.5629	0.8184	0.8229	0.0927	0.0926	1.1152	1.4406	0.0859	1.7795	4.5264	81.7983	299.4599	191.0671	88.6914	1.8107	1.2681	56.7255	782.0000	782.0000	782.0000
50.1830	2001.0000	-0.8050	1.2623	0.0000	100.7230	186.8700	230.6830	1.3094	208.3100	61.5255	2.0000	2000.0000	500.0000	0.0000	2000.5629	0.8184	0.8229	0.0927	0.0926	1.1152	1.4406	0.0859	1.7795	4.5264	81.7983	299.4599	191.0671	88.6914	1.8107	1.2681	56.7255	782.0000	782.0000	782.0000
50.5966	2002.0000	-0.8040	1.2618	0.0000	100.6860	186.8300	230.6760	1.3095	208.2000	61.5941	2.0000	2000.0000	500.0000	0.0000	1998.5370	0.8345	0.8283	0.0926	0.0927	0.9620	1.5098	0.0686	1.7691	3.7585	83.9679	299.5100	190.0513	88.7134	1.8522	1.2698	56.7301	782.0000	782.0000	782.0000
50.9255	2002.0000	-0.8040	1.2618	0.0000	100.6860	186.8300	230.6760	1.3095	208.2000	61.5941	2.0000	2000.0000	500.0000	0.0000	2002.2635	0.8566	0.8174	0.0924	0.0931	0.9567	1.5465	0.0488	1.7825	4.8560	84.0878	299.5640	189.8813	88.7337	1.7643	1.2684	56.7346	776.0000	776.0000	776.0000
51.2185	2002.0000	-0.8040	1.2618	0.0000	100.6860	186.8300	230.6760	1.3095	208.2000	61.5941	2.0000	2000.0000	500.0000	0.0000	2002.2635	0.8566	0.8174	0.0924	0.0931	0.9567	1.5465	0.0488	1.7825	4.8560	84.0878	299.5640	189.8813	88.7337	1.7643	1.2684	56.7346	776.0000	776.0000	776.0000
51.6740	1996.0000	-0.8030	1.2607	0.0000	100.6360	186.7000	230.6720	1.3082	207.9700	61.5760	2.0000	2000.0000	500.0000	0.0000	1990.7994	0.8135	0.8501	0.0930	0.0928	1.0127	1.4518	0.0705	1.7678	2.3341	82.7595	299.5653	189.7830	88.7545	1.8361	1.2700	56.7346	776.0000	776.0000	776.0000
51.8396	1996.0000	-0.8030	1.2607	0.0000	100.6360	186.7000	230.6720	1.3082	207.9700	61.5760	2.0000	2000.0000	500.0000	0.0000	1990.7994	0.8135	0.8501	0.0930	0.0928	1.0127	1.4518	0.0705	1.7678	2.3341	82.7595	299.5653	189.7830	88.7545	1.8361	1.2700	56.7346	776.0000	776.0000	776.0000
52.4105	2000.0000	-0.8030	1.2606	0.0000	100.6520	186.6600	230.6600	1.3079	207.8700	61.5961	2.0000	2000.0000	500.0000	0.0000	2002.3403	0.8453	0.8173	0.0924	0.0930	1.0772	1.5105	0.0151	1.7498	4.0384	83.0215	299.6022	190.1521	88.7728	1.7348	1.2684	56.7391	777.0000	778.0000	778.0000
52.4611	2000.0000	-0.8030	1.2606	0.0000	100.6520	186.6600	230.6600	1.3079	207.8700	61.5961	2.0000	2000.0000	500.0000	0.0000	2002.3403	0.8453	0.8173	0.0924	0.0930	1.0772	1.5105	0.0151	1.7498	4.0384	83.0215	299.6022	190.1521	88.7728	1.7348	1.2684	56.7391	777.0000	778.0000	778.0000
53.0825	1997.0000	-0.8020	1.2606	0.0000	100.6380	186.6800	230.6550	1.3082	207.9000	61.5814	2.0000	2000.0000	500.0000	0.0000	2003.6956	0.8308	0.8131	0.0922	0.0927	1.0369	1.5133	-0.0426	1.7815	3.8106	81.7649	299.6020	190.7464	88.7909	1.7158	1.2666	56.7391	779.0000	779.0000	781.0000
53.1537	1997.0000	-0.8020	1.2606	0.0000	100.6380	186.6800	230.6550	1.3082	207.9000	61.5814	2.0000	2000.0000	500.0000	0.0000	2003.6956	0.8308	0.8131	0.0922	0.0927	1.0369	1.5133	-0.0426	1.7815	3.8106	81.7649	299.6020	190.7464	88.7909	1.7158	1.2666	56.7391	779.0000	779.0000	781.0000
53.7032	2003.0000	-0.8020	1.2615	0.0000	100.6440	186.8300	230.6440	1.3092	207.9800	61.6274	2.0000	2000.0000	500.0000	0.0000	1990.2826	0.8285	0.8515	0.0932	0.0928	1.1495	1.4717	0.0867	1.7798	4.1078	81.3723	299.6586	190.8500	88.8084	1.7662	1.2694	56.7437	779.0000	779.0000	781.0000
53.8954	2003.0000	-0.8020	1.2615	0.0000	100.6440	186.8300	230.6440	1.3092	207.9800	61.6274	2.0000	2000.0000	500.0000	0.0000	1990.2826	0.8285	0.8515	0.0932	0.0928	1.1495	1.4717	0.0867	1.7798	4.1078	81.3723	299.6586	190.8500	88.8084	1.7662	1.2694	56.7437	779.0000	779.0000	781.0000
54.3246	1999.0000	-0.8030	1.2627	0.0000	100.7190	186.9400	230.6360	1.3102	208.1500	61.6224	2.0000	2000.0000	500.0000	0.0000	2008.0928	0.7915	0.8014	0.0925	0.0922	0.9591	1.4247	0.1461	1.8636	3.5145	84.1044	299.6762	190.6048	88.8252	1.7704	1.2712	56.7482	777.0000	776.0000	778.0000
54.6396	1999.0000	-0.8030	1.2627	0.0000	100.7190	186.9400	230.6360	1.3102	208.1500	61.6224	2.0000	2000.0000	500.0000	0.0000	2000.1965	0.8317	0.8235	0.0928	0.0927	0.9796	1.4834	0.1237	1.7258	3.2639	84.7078	299.6476	190.0628	88.8415	1.7547	1.2698	56.7482	779.0000	779.0000	779.0000
54.9467	1999.0000	-0.8030	1.2627	0.0000	100.7190	186.9400	230.6360	1.3102	208.1500	61.6224	2.0000	2000.0000	500.0000	0.0000	2000.1965	0.8317	0.8235	0.0928	0.0927	0.9796	1.4834	0.1237	1.7258	3.2639	84.7078	299.6476	190.0628	88.8415	1.7547	1.2698	56.7482	779.0000	779.0000	779.0000
55.3751	1996.0000	-0.8030	1.2616	0.0000	100.6780	186.7900	230.6180	1.3094	207.9200	61.6138	2.0000	2000.0000	500.0000	0.0000	1999.6681	0.8207	0.8245	0.0925	0.0925	1.0112	1.4618	-0.0011	1.8221	4.2761	83.4966	299.6950	190.5177	88.8563	1.8023	1.2693	56.7527	779.0000	779.0000	779.0000
55.5524	1996.0000	-0.8030	1.2616	0.0000	100.6780	186.7900	230.6180	1.3094	207.9200	61.6138	2.0000	2000.0000	500.0000	0.0000	1999.6681	0.8207	0.8245	0.0925	0.0925	1.0112	1.4618	-0.0011	1.8221	4.2761	83.4966	299.6950	190.5177	88.8563	1.8023	1.2693	56.7527	779.0000	779.0000	779.0000
56.1134	2003.0000	-0.8030	1.2602	0.0000	100.6330	186.6200	230.6090	1.3082	207.6500	61.6416	2.0000	2000.0000	500.0000	0.0000	1991.7885	0.7946	0.8468	0.0928	0.0923	0.9993	1.4226	0.0014	1.8165	2.8031	82.8864	299.7060	190.8437	88.8708	1.8227	1.2652	56.7527	779.0000	780.0000	780.0000
56.1729	2003.0000	-0.8030	1.2602	0.0000	100.6330	186.6200	230.6090	1.3082	207.6500	61.6416	2.0000	2000.0000	500.0000	0.0000	1991.7885	0.7946	0.8468	0.0928	0.0923	0.9993	1.4226	0.0014	1.8165	2.8031	82.8864	299.7060	190.8437	88.8708	1.8227	1.2652	56.7527	779.0000	780.0000	780.0000
56.7939	1999.0000	-0.8030	1.2613	0.0000	100.6290	186.8100	230.5910	1.3090	207.7600	61.6762	3.0000	2000.0000	500.0000	0.0000	1987.4664	0.8083	0.8593	0.0933	0.0924	1.0434	1.4332	0.0636	1.7957	4.2574	80.3593	299.7155	190.7497	88.8845	1.8457	1.2702	56.7573	779.0000	780.0000	780.0000
56.8477	1999.0000	-0.8030	1.2613	0.0000	100.6290	186.8100	230.5910	1.3090	207.7600	61.6762	3.0000	2000.0000	500.0000	0.0000	1987.4664	0.8083	0.8593	0.0933	0.0924	1.0434	1.4332	0.0636	1.7957	4.2574	80.3593	299.7155	190.7497	88.8845	1.8457	1.2702	56.7573	779.0000	780.0000	780.0000
57.4154	1998.0000	-0.8030	1.2614	0.0000	100.6580	186.7700	230.5830	1.3095	207.8300	61.6995	3.0000	2000.0000	500.0000	0.0000	2004.7705	0.8304	0.8102	0.0924	0.0926	0.9872	1.4983	0.0132	1.7237	3.8819	82.5724	299.7124	190.0750	88.8983	1.7624	1.2698	56.7618	775.0000	776.0000	776.0000
57.6978	1998.0000	-0.8030	1.2614	0.0000	100.6580	186.7700	230.5830	1.3095	207.8300	61.6995	3.0000	2000.0000	500.0000	0.0000	2004.7705	0.8304	0.8102	0.0924	0.0926	0.9872	1.4983	0.0132	1.7237	3.8819	82.5724	299.7124	190.0750	88.8983	1.7624	1.2698	56.7618	775.0000	776.0000	776.0000
58.0215	1998.0000	-0.8030	1.2614	0.0000	100.6580	186.7700	230.5830	1.3095	207.8300	61.6995	3.0000	2000.0000	500.0000	0.0000	1997.8457	0.8155	0.8305	0.0927	0.0926	1.0803	1.4523	0.0314	1.8810	1.7680	84.4454	299.7031	190.8719	88.9109	1.8269	1.2704	56.7618	778.0000	778.0000	779.0000
58.4400	1999.0000	-0.8030	1.2622	0.0000	100.7190	186.8600	230.5640	1.3099	207.8900	61.6758	3.0000	2000.0000	500.0000	0.0000	2002.4726	0.8299	0.8165	0.0926	0.0928	1.1172	1.4741	0.0649	1.8844	3.1084	83.7133	299.7530	190.5577	88.9232	1.6974	1.2689	56.7663	778.0000	778.0000	779.0000
58.6436	1999.0000	-0.8030	1.2622	0.0000	100.7190	186.8600	230.5640	1.3099	207.8900	61.6758	3.0000	2000.0000	500.0000	0.0000	2002.4726	0.8299	0.8165	0.0926	0.0928	1.1172	1.4741	0.0649	1.8844	3.1084	83.7133	299.7530	190.5577	88.9232	1.6974	1.2689	56.7663	778.0000	778.0000	779.0000
59.1880	2000.0000	-0.8000	1.2601	0.0000	100.6270	186.6300	230.5540	1.3087	207.6500	61.6728	3.0000	2000.0000	500.0000	0.0000	2002.2169	0.8327	0.8170	0.0926	0.0927	1.0515	1.4801	0.1013	1.7380	3.1121	83.2771	299.7371	190.4754	88.9352	1.8777	1.2648	56.7708	779.0000	779.0000	781.0000
59.2642	2000.0000	-0.8000	1.2601	0.0000	100.6270	186.6300	230.5540	1.3087	207.6500	61.6728	3.0000	2000.0000	500.0000	0.0000	2002.2169	0.8327	0.8170	0.0926	0.0927	1.0515	1.4801	0.1013	1.7380	3.1121	83.2771	299.7371	190.4754	88.9352	1.8777	1.2648	56.7708	779.0000	779.0000	781.0000
59.8854	1999.0000	-0.8020	1.2592	0.0000	100.6030	186.5100	230.5350	1.3077	207.4500	61.7330	3.0000	2000.0000	500.0000	0.0000	2007.9266	0.8107	0.8002	0.0923	0.0924	0.9296	1.4345	0.0991	1.8076	4.6673	83.7641	299.7777	189.8907	88.9468	1.8367	1.2677	56.7708	779.0000	779.0000	781.0000
59.9359	1999.0000	-0.8020	1.2592	0.0000	100.6030	186.5100	230.5350	1.3077	207.4500	61.7330	3.0000	2000.0000	500.0000	0.0000	2007.9266	0.8107	0.8002	0.0923	0.0924	0.9296	1.4345	0.0991	1.8076	4.6673	83.7641	299.7777	189.8907	88.9468	1.8367	1.2677	56.7708	779.0000	779.0000	781.0000
60.5079	1998.0000	-0.8030	1.2596	0.0000	100.6400	186.5200	230.5240	1.3085	207.5000	61.7027	3.0000	2000.0000	500.0000	0.0000	1998.1446	0.8148	0.8280	0.0927	0.0925	0.8625	1.4779	0.0457	1.6759	2.2742	84.6478	299.7869	189.1839	88.9582	1.7980	1.2675	56.7753	774.0000	773.0000	774.0000
60.6723	1998.0000	-0.8030	1.2596	0.0000	100.6400	186.5200	230.5240	1.3085	207.5000	61.7027	3.0000	2000.0000	500.0000	0.0000	1998.1446	0.8148	0.8280	0.0927	0.0925	0.8625	1.4779	0.0457	1.6759	2.2742	84.6478	299.7869	189.1839	88.9582	1.7980	1.2675	56.7753	774.0000	773.0000	774.0000
61.1293	1997.0000	-0.8010	1.2594	0.0000	100.6090	186.5100	230.5070	1.3086	207.4700	61.7446	3.0000	2000.0000	500.0000	0.0000	1995.6651	0.8364	0.8354	0.0926	0.0928	1.0300	1.5058	-0.0086	1.7138	4.5649	83.7570	299.7630	189.8742	88.9690	1.7680	1.2680	56.7753	776.0000	775.0000	775.0000
61.4165	1997.0000	-0.8010	1.2594	0.0000	100.6090	186.5100	230.5070	1.3086	207.4700	61.7446	3.0000	2000.0000	500.0000	0.0000	1995.6651	0.8364	0.8354	0.0926	0.0928	1.0300	1.5058	-0.0086	1.7138	4.5649	83.7570	299.7630	189.8742	88.9690	1.7680	1.2680	56.7753	776.0000	775.0000	775.0000
61.7343	1997.0000	-0.8010	1.2594	0.0000	100.6090	186.5100	230.5070	1.3086	207.4700	61.7446	3.0000	2000.0000	500.0000	0.0000	1998.8227	0.8071	0.8266	0.0928	0.0923	1.0511	1.4233	0.1239	1.8303	4.0909	80.5315	299.7495	190.6036	88.9793	1.8748	1.2679	56.7798	776.0000	775.0000	775.0000
62.1715	1997.0000	-0.8000	1.2594	0.0000	100.5970	186.5300	230.4990	1.3079	207.3700	61.7185	3.0000	2000.0000	500.0000	0.0000	1998.1157	0.7967	0.8288	0.0928	0.0921	0.8729	1.4456	0.0390	1.7668	4.3010	83.4796	299.7777	190.2035	88.9894	1.7537	1.2688	56.7843	778.0000	779.0000	779.0000
62.3563	1997.0000	-0.8000	1.2594	0.0000	100.5970	186.5300	230.4990	1.3079	207.3700	61.7185	3.0000	2000.0000	500.0000	0.0000	1998.1157	0.7967	0.8288	0.0928	0.0921	0.8729	1.4456	0.0390	1.7668	4.3010	83.4796	299.7777	190.2035	88.9894	1.7537	1.2688	56.7843	778.0000	779.0000	779.0000
62.9140	1999.0000	-0.8010	1.2596	0.0000	100.5910	186.6100	230.4880	1.3087	207.4600	61.7746	3.0000	2000.0000	500.0000	0.0000	1997.8120	0.8563	0.8294	0.0926	0.0931	0.9800	1.5325	0.0593	1.7439	3.8136	83.8380	299.8131	189.8337	88.9996	1.8524	1.2680	56.7843	774.0000	774.0000	775.0000
62.9770	1999.0000	-0.8010	1.2596	0.0000	100.5910	186.6100	230.4880	1.3087	207.4600	61.7746	3.0000	2000.0000	500.0000	0.0000	1997.8120	0.8563	0.8294	0.0926	0.0931	0.9800	1.5325	0.0593	1.7439	3.8136	83.8380	299.8131	189.8337	88.9996	1.8524	1.2680	56.7843	774.0000	774.0000	775.0000
63.5992	1997.0000	-0.8010	1.2596	0.0000	100.5910	186.5900	230.4820	1.3086	207.4700	61.7672	4.0000	2000.0000	500.0000	0.0000	2008.0484	0.8503	0.8000	0.0922	0.0930	1.0097	1.5230	-0.0217	1.7493	2.2343	84.2891	299.7354	189.3370	89.0095	1.7666	1.2676	56.7887	774.0000	774.0000	775.0000
63.6686	1997.0000	-0.8010	1.2596	0.0000	100.5910	186.5900	230.4820	1.3086	207.4700	61.7672	4.0000	2000.0000	500.0000	0.0000	2008.0484	0.8503	0.8000	0.0922	0.0930	1.0097	1.5230	-0.0217	1.7493	2.2343	84.2891	299.7354	189.3370	89.0095	1.7666	1.2676	56.7887	774.0000	774.0000	775.0000
64.2195	2002.0000	-0.8020	1.2591	0.0000	100.6000	186.5000	230.4720	1.3080	207.3200	61.8168	4.0000	2000.0000	500.0000	0.0000	1995.2086	0.8098	0.8365	0.0929	0.0925	0.9778	1.4651	0.0594	1.8142	4.5101	82.2143	299.8006	189.7199	89.0193	1.7466	1.2670	56.7932	776.0000	775.0000	777.0000
64.5181	2002.0000	-0.8020	1.2591	0.0000	100.6000	186.5000	230.4720	1.3080	207.3200	61.8168	4.0000	2000.0000	500.0000	0.0000	1995.2086	0.8098	0.8365	0.0929	0.0925	0.9778	1.4651	0.0594	1.8142	4.5101	82.2143	299.8006	189.7199	89.0193	1.7466	1.2670	56.7932	776.0000	775.0000	777.0000
65.2500	1999.0000	-0.8020	1.2592	0.0000	100.6610	186.4400	230.4680	1.3083	207.3000	61.8323	4.0000	2000.0000	500.0000	0.0000	2001.7232	0.8065	0.8176	0.0926	0.0924	0.9078	1.4404	0.0859	1.7290	5.1534	82.7571	299.7990	189.3549	89.0352	1.8381	1.2658	56.7977	778.0000	778.0000	779.0000
65.3671	1999.0000	-0.8020	1.2592	0.0000	100.6610	186.4400	230.4680	1.3083	207.3000	61.8323	4.0000	2000.0000	500.0000	0.0000	2001.7232	0.8065	0.8176	0.0926	0.0924	0.9078	1.4404	0.0859	1.7290	5.1534	82.7571	299.7990	189.3549	89.0352	1.8381	1.2658	56.7977	778.0000	778.0000	779.0000
65.9893	2004.0000	-0.8010	1.2596	0.0000	100.6800	186.4700	230.4630	1.3078	207.2500	61.8154	4.0000	2000.0000	500.0000	0.0000	2005.4729	0.8256	0.8069	0.0925	0.0926	0.9847	1.5217	0.0768	1.7310	2.6292	83.7420	299.8276	189.7428	89.0443	1.7707	1.2675	56.7977	774.0000	773.0000	774.0000
65.9938	2004.0000	-0.8010	1.2596	0.0000	100.6800	186.4700	230.4630	1.3078	207.2500	61.8154	4.0000	2000.0000	500.0000	0.0000	2005.4729	0.8256	0.8069	0.0925	0.0926	0.9847	1.5217	0.0768	1.7310	2.6292	83.7420	299.8276	189.7428	89.0443	1.7707	1.2675	56.7977	774.0000	773.0000	774.0000
66.6106	2003.0000	-0.8000	1.2602	0.0000	100.6880	186.5200	230.4610	1.3086	207.3500	61.7767	4.0000	2000.0000	500.0000	0.0000	2003.6489	0.8235	0.8123	0.0926	0.0926	1.0160	1.5128	0.1099	1.7574	1.8338	82.7098	299.7679	190.0742	89.0526	1.8024	1.2678	56.8021	774.0000	773.0000	774.0000
66.7396	2003.0000	-0.8000	1.2602	0.0000	100.6880	186.5200	230.4610	1.3086	207.3500	61.7767	4.0000	2000.0000	500.0000	0.0000	2003.6489	0.8235	0.8123	0.0926	0.0926	1.0160	1.5128	0.1099	1.7574	1.8338	82.7098	299.7679	190.0742	89.0526	1.8024	1.2678	56.8021	774.0000	773.0000	774.0000
67.2163	1998.0000	-0.8020	1.2599	0.0000	100.6590	186.5200	230.4570	1.3087	207.3100	61.8439	4.0000	2000.0000	500.0000	0.0000	1999.7283	0.8296	0.8237	0.0927	0.0926	0.9810	1.5039	0.1559	1.8572	1.6579	83.8198	299.8210	190.0283	89.0610	1.8461	1.2670	56.8066	775.0000	776.0000	777.0000
67.4765	1998.0000	-0.8020	1.2599	0.0000	100.6590	186.5200	230.4570	1.3087	207.3100	61.8439	4.0000	2000.0000	500.0000	0.0000	1999.7283	0.8296	0.8237	0.0927	0.0926	0.9810	1.5039	0.1559	1.8572	1.6579	83.8198	299.8210	190.0283	89.0610	1.8461	1.2670	56.8066	775.0000	776.0000	777.0000
67.8363	1998.0000	-0.8020	1.2599	0.0000	100.6590	186.5200	230.4570	1.3087	207.3100	61.8439	4.0000	2000.0000	500.0000	0.0000	2000.8817	0.8258	0.8200	0.0926	0.0926	0.8507	1.5038	0.0938	1.7150	3.6203	85.9865	299.8802	189.2476	89.0690	1.9025	1.2661	56.8066	775.0000	776.0000	777.0000
68.2137	1999.0000	-0.8010	1.2591	0.0000	100.6760	186.3800	230.4550	1.3077	207.1900	61.8629	4.0000	2000.0000	500.0000	0.0000	1992.7358	0.8443	0.8431	0.0931	0.0928	0.9418	1.5403	0.1141	1.7173	4.0147	84.2674	299.8912	189.3306	89.0769	1.7844	1.2675	56.8111	777.0000	778.0000	779.0000
68.4580	1999.0000	-0.8010	1.2591	0.0000	100.6760	186.3800	230.4550	1.3077	207.1900	61.8629	4.0000	2000.0000	500.0000	0.0000	1992.7358	0.8443	0.8431	0.0931	0.0928	0.9418	1.5403	0.1141	1.7173	4.0147	84.2674	299.8912	189.3306	89.0769	1.7844	1.2675	56.8111	777.0000	778.0000	779.0000
68.9556	1998.0000	-0.8000	1.2599	0.0000	100.6880	186.4900	230.4540	1.3083	207.2800	61.8192	4.0000	2000.0000	500.0000	0.0000	2004.7205	0.8363	0.8097	0.0925	0.0926	0.9923	1.5080	0.1238	1.7635	2.3212	82.6051	299.8864	189.9870	89.0853	1.8288	1.2686	56.8111	774.0000	774.0000	776.0000
69.0645	1998.0000	-0.8000	1.2599	0.0000	100.6880	186.4900	230.4540	1.3083	207.2800	61.8192	4.0000	2000.0000	500.0000	0.0000	2004.7205	0.8363	0.8097	0.0925	0.0926	0.9923	1.5080	0.1238	1.7635	2.3212	82.6051	299.8864	189.9870	89.0853	1.8288	1.2686	56.8111	774.0000	774.0000	776.0000
69.6692	1996.0000	-0.8010	1.2605	0.0000	100.6480	186.6500	230.4520	1.3096	207.4300	61.8561	4.0000	2000.0000	500.0000	0.0000	2006.1493	0.8192	0.8055	0.0924	0.0927	1.1113	1.4491	0.0639	1.8148	4.5461	82.0479	299.8590	190.4951	89.0927	1.7500	1.2681	56.8156	774.0000	774.0000	776.0000
69.6956	1996.0000	-0.8010	1.2605	0.0000	100.6480	186.6500	230.4520	1.3096	207.4300	61.8561	4.0000	2000.0000	500.0000	0.0000	2006.1493	0.8192	0.8055	0.0924	0.0927	1.1113	1.4491	0.0639	1.8148	4.5461	82.0479	299.8590	190.4951	89.0927	1.7500	1.2681	56.8156	774.0000	774.0000	776.0000
70.2905	2005.0000	-0.8020	1.2597	0.0000	100.6000	186.5900	230.4520	1.3091	207.3400	61.9030	5.0000	2000.0000	500.0000	0.0000	2003.3458	0.8181	0.8138	0.0923	0.0927	1.0328	1.4542	0.0163	1.8659	3.3595	84.5764	299.8630	190.3647	89.1000	1.7124	1.2687	56.8200	777.0000	775.0000	777.0000
70.4283	2005.0000	-0.8020	1.2597	0.0000	100.6000	186.5900	230.4520	1.3091	207.3400	61.9030	5.0000	2000.0000	500.0000	0.0000	2003.3458	0.8181	0.8138	0.0923	0.0927	1.0328	1.4542	0.0163	1.8659	3.3595	84.5764	299.8630	190.3647	89.1000	1.7124	1.2687	56.8200	777.0000	775.0000	777.0000
70.9125	2000.0000	-0.8010	1.2596	0.0000	100.6020	186.5900	230.4520	1.3090	207.3100	61.9510	5.0000	2000.0000	500.0000	0.0000	2004.7142	0.8019	0.8100	0.0923	0.0924	1.0053	1.4404	0.0233	1.8689	4.2016	82.2935	299.9199	190.3568	89.1076	1.7092	1.2663	56.8200	777.0000	775.0000	777.0000
71.3357	2000.0000	-0.8010	1.2596	0.0000	100.6020	186.5900	230.4520	1.3090	207.3100	61.9510	5.0000	2000.0000	500.0000	0.0000	2007.5355	0.8162	0.8020	0.0924	0.0924	0.8988	1.5042	0.0714	1.7654	5.0012	81.2318	299.9269	190.2816	89.1147	1.7569	1.2688	56.8245	779.0000	779.0000	779.0000
71.5327	2000.0000	-0.8010	1.2596	0.0000	100.6020	186.5900	230.4520	1.3090	207.3100	61.9510	5.0000	2000.0000	500.0000	0.0000	2007.5355	0.8162	0.8020	0.0924	0.0924	0.8988	1.5042	0.0714	1.7654	5.0012	81.2318	299.9269	190.2816	89.1147	1.7569	1.2688	56.8245	779.0000	779.0000	779.0000
72.0857	1998.0000	-0.8010	1.2600	0.0000	100.6010	186.6400	230.4500	1.3095	207.3900	61.9290	5.0000	2000.0000	500.0000	0.0000	1993.7295	0.8254	0.8409	0.0928	0.0925	0.8452	1.5124	0.0206	1.7140	2.5682	84.9943	299.9388	189.4770	89.1220	1.8416	1.2684	56.8245	775.0000	775.0000	775.0000
72.1559	1998.0000	-0.8010	1.2600	0.0000	100.6010	186.6400	230.4500	1.3095	207.3900	61.9290	5.0000	2000.0000	500.0000	0.0000	1993.7295	0.8254	0.8409	0.0928	0.0925	0.8452	1.5124	0.0206	1.7140	2.5682	84.9943	299.9388	189.4770	89.1220	1.8416	1.2684	56.8245	775.0000	775.0000	775.0000
72.7614	2004.0000	-0.8000	1.2591	0.0000	100.6860	186.3800	230.4500	1.3079	207.1000	61.9337	5.0000	2000.0000	500.0000	0.0000	2002.8804	0.8335	0.8145	0.0926	0.0927	1.0755	1.4891	0.0850	1.8637	3.2481	84.4058	299.9241	190.4485	89.1289	1.7726	1.2670	56.8290	775.0000	775.0000	775.0000
72.8438	2004.0000	-0.8000	1.2591	0.0000	100.6860	186.3800	230.4500	1.3079	207.1000	61.9337	5.0000	2000.0000	500.0000	0.0000	2002.8804	0.8335	0.8145	0.0926	0.0927	1.0755	1.4891	0.0850	1.8637	3.2481	84.4058	299.9241	190.4485	89.1289	1.7726	1.2670	56.8290	775.0000	775.0000	775.0000
73.3820	2002.0000	-0.7990	1.2593	0.0000	100.6550	186.4600	230.4490	1.3084	207.1700	61.9591	5.0000	2000.0000	500.0000	0.0000	2011.1820	0.8186	0.7908	0.0923	0.0927	1.0884	1.4593	0.1205	1.7750	3.5553	82.4137	299.9130	190.3210	89.1357	1.7339	1.2673	56.8334	775.0000	775.0000	777.0000
73.5821	2002.0000	-0.7990	1.2593	0.0000	100.6550	186.4600	230.4490	1.3084	207.1700	61.9591	5.0000	2000.0000	500.0000	0.0000	2011.1820	0.8186	0.7908	0.0923	0.0927	1.0884	1.4593	0.1205	1.7750	3.5553	82.4137	299.9130	190.3210	89.1357	1.7339	1.2673	56.8334	775.0000	775.0000	777.0000
74.0039	1996.0000	-0.7990	1.2594	0.0000	100.6920	186.4100	230.4500	1.3083	207.1700	61.9582	5.0000	2000.0000	500.0000	0.0000	2003.4515	0.8105	0.8126	0.0923	0.0925	1.0312	1.4372	0.0565	1.8422	3.0911	82.7591	299.9723	190.1475	89.1425	1.8354	1.2649	56.8334	777.0000	777.0000	779.0000
74.3363	1996.0000	-0.7990	1.2594	0.0000	100.6920	186.4100	230.4500	1.3083	207.1700	61.9582	5.0000	2000.0000	500.0000	0.0000	2007.3887	0.8117	0.8013	0.0923	0.0924	0.8439	1.4868	0.1232	1.7839	3.3832	83.9161	299.9951	189.5564	89.1492	1.8707	1.2673	56.8379	777.0000	777.0000	779.0000
74.6257	1996.0000	-0.7990	1.2594	0.0000	100.6920	186.4100	230.4500	1.3083	207.1700	61.9582	5.0000	2000.0000	500.0000	0.0000	2007.3887	0.8117	0.8013	0.0923	0.0924	0.8439	1.4868	0.1232	1.7839	3.3832	83.9161	299.9951	189.5564	89.1492	1.8707	1.2673	56.8379	777.0000	777.0000	779.0000
75.0837	2004.0000	-0.8000	1.2592	0.0000	100.6840	186.4000	230.4500	1.3076	207.0200	61.9380	5.0000	2000.0000	500.0000	0.0000	2013.5176	0.8178	0.7841	0.0921	0.0925	0.9201	1.4539	0.1009	1.7870	2.8098	84.5025	299.9682	189.4447	89.1560	1.8211	1.2685	56.8424	775.0000	774.0000	775.0000
75.2460	2004.0000	-0.8000	1.2592	0.0000	100.6840	186.4000	230.4500	1.3076	207.0200	61.9380	5.0000	2000.0000	500.0000	0.0000	2013.5176	0.8178	0.7841	0.0921	0.0925	0.9201	1.4539	0.1009	1.7870	2.8098	84.5025	299.9682	189.4447	89.1560	1.8211	1.2685	56.8424	775.0000	774.0000	775.0000
75.8444	2002.0000	-0.8000	1.2601	0.0000	100.6900	186.5100	230.4520	1.3088	207.2200	61.9881	5.0000	2000.0000	500.0000	0.0000	1996.5171	0.8050	0.8326	0.0929	0.0925	0.9003	1.4471	0.1096	1.7258	4.6165	84.0815	299.9586	189.2779	89.1629	1.8211	1.2678	56.8424	775.0000	774.0000	775.0000
75.8677	2002.0000	-0.8000	1.2601	0.0000	100.6900	186.5100	230.4520	1.3088	207.2200	61.9881	5.0000	2000.0000	500.0000	0.0000	1996.5171	0.8050	0.8326	0.0929	0.0925	0.9003	1.4471	0.1096	1.7258	4.6165	84.0815	299.9586	189.2779	89.1629	1.8211	1.2678	56.8424	775.0000	774.0000	775.0000
76.4889	2000.0000	-0.8000	1.2592	0.0000	100.6630	186.4500	230.4510	1.3086	207.1600	61.9568	5.0000	2000.0000	500.0000	0.0000	1997.5936	0.8072	0.8295	0.0928	0.0925	0.9675	1.4730	0.1366	1.7316	2.2498	83.3129	299.9630	189.5619	89.1695	1.8289	1.2680	56.8468	777.0000	776.0000	777.0000
76.5879	2000.0000	-0.8000	1.2592	0.0000	100.6630	186.4500	230.4510	1.3086	207.1600	61.9568	5.0000	2000.0000	500.0000	0.0000	1997.5936	0.8072	0.8295	0.0928	0.0925	0.9675	1.4730	0.1366	1.7316	2.2498	83.3129	299.9630	189.5619	89.1695	1.8289	1.2680	56.8468	777.0000	776.0000	777.0000
77.1116	2000.0000	-0.8000	1.2592	0.0000	100.6630	186.4500	230.4510	1.3086	207.1600	61.9568	5.0000	2000.0000	500.0000	0.0000	2012.0677	0.8296	0.7884	0.0922	0.0927	1.1046	1.4741	0.0715	1.8425	1.9882	83.5163	299.9804	190.8199	89.1754	1.8155	1.2641	56.8468	778.0000	779.0000	779.0000
77.7322	2001.0000	-0.8000	1.2594	0.0000	100.6920	186.4100	230.4530	1.3081	207.1000	61.9937	6.0000	2000.0000	500.0000	0.0000	2004.4090	0.8251	0.8099	0.0926	0.0928	1.0361	1.4945	0.1177	1.7756	4.3454	81.7754	300.0198	190.4124	89.1815	1.8370	1.2675	56.8513	778.0000	779.0000	779.0000
77.8501	2001.0000	-0.8000	1.2594	0.0000	100.6920	186.4100	230.4530	1.3081	207.1000	61.9937	6.0000	2000.0000	500.0000	0.0000	2004.4090	0.8251	0.8099	0.0926	0.0928	1.0361	1.4945	0.1177	1.7756	4.3454	81.7754	300.0198	190.4124	89.1815	1.8370	1.2675	56.8513	778.0000	779.0000	779.0000
78.3544	2001.0000	-0.8000	1.2594	0.0000	100.6930	186.4300	230.4500	1.3081	207.0700	62.0702	NOT CONNECTED	2000.0000	500.0000	0.0000	1999.0991	0.8355	0.8250	0.0928	0.0927	1.0181	1.5127	0.1147	1.8206	4.3389	82.1759	300.0280	189.9475	89.1876	1.8373	1.2674	56.8557	773.0000	774.0000	774.0000
78.5867	2001.0000	-0.8000	1.2594	0.0000	100.6930	186.4300	230.4500	1.3081	207.0700	62.0702	NOT CONNECTED	2000.0000	500.0000	0.0000	1999.0991	0.8355	0.8250	0.0928	0.0927	1.0181	1.5127	0.1147	1.8206	4.3389	82.1759	300.0280	189.9475	89.1876	1.8373	1.2674	56.8557	773.0000	774.0000	774.0000
78.9751	2001.0000	-0.8000	1.2594	0.0000	100.6930	186.4300	230.4500	1.3081	207.0700	62.0702	NOT CONNECTED	2000.0000	500.0000	0.0000	2006.4423	0.8314	0.8042	0.0925	0.0926	0.9759	1.4740	0.1392	1.8025	2.3578	83.1338	300.0402	189.8906	89.1937	1.8155	1.2673	56.8557	775.0000	775.0000	776.0000
79.5876	2181.0000	-0.0600	1.2591	0.0000	100.6870	186.3700	230.4500	1.3075	206.9600	62.0252	NOT CONNECTED	0.0000	500.0000	0.0000	2149.2543	-0.0028	-0.0000	0.0854	0.0854	0.3695	-0.0246	0.3600	-0.0118	0.8063	77.2064	317.7886	1.8187	89.1925	0.4296	0.5111	56.8602	775.0000	775.0000	776.0000
79.6133	2181.0000	-0.0600	1.2591	0.0000	100.6870	186.3700	230.4500	1.3075	206.9600	62.0252	NOT CONNECTED	0.0000	500.0000	0.0000	2149.2543	-0.0028	-0.0000	0.0854	0.0854	0.3695	-0.0246	0.3600	-0.0118	0.8063	77.2064	317.7886	1.8187	89.1925	0.4296	0.5111	56.8602	775.0000	775.0000	776.0000
80.2507	2018.0000	-0.0340	0.2655	0.0000	89.5130	6.1400	230.5470	0.1207	14.0800	62.0634	NOT CONNECTED	0.0000	500.0000	0.0000	2011.6509	0.0211	0.0597	0.0854	0.0854	0.3261	0.0441	0.3962	0.0280	1.0571	73.0984	316.2233	10.2953	89.0980	0.3975	0.2642	56.8567	266.0000	265.0000	266.0000
80.3370	2018.0000	-0.0340	0.2655	0.0000	89.5130	6.1400	230.5470	0.1207	14.0800	62.0634	NOT CONNECTED	0.0000	500.0000	0.0000	2011.6509	0.0211	0.0597	0.0854	0.0854	0.3261	0.0441	0.3962	0.0280	1.0571	73.0984	316.2233	10.2953	89.0980	0.3975	0.2642	56.8567	266.0000	265.0000	266.0000
80.8720	2001.0000	-0.0470	0.2710	0.0000	87.8780	12.5200	230.5240	0.1700	20.7600	62.0351	NOT CONNECTED	0.0000	500.0000	0.0000	2001.4510	0.0395	0.0587	0.0855	0.0854	0.3332	0.0719	0.3029	0.0647	0.9393	72.8143	315.4290	13.2134	89.0141	0.3868	0.2748	56.8567	266.0000	265.0000	266.0000
81.0720	2001.0000	-0.0470	0.2710	0.0000	87.8780	12.5200	230.5240	0.1700	20.7600	62.0351	NOT CONNECTED	0.0000	500.0000	0.0000	2001.4510	0.0395	0.0587	0.0855	0.0854	0.3332	0.0719	0.3029	0.0647	0.9393	72.8143	315.4290	13.2134	89.0141	0.3868	0.2748	56.8567	266.0000	265.0000	266.0000
81.8453	2002.0000	-0.0460	0.2733	0.0000	87.7130	13.4200	230.5300	0.1771	21.7700	62.0508	NOT CONNECTED	0.0000	500.0000	0.0000	1998.5582	0.0675	0.0654	0.0854	0.0854	0.4041	0.1181	0.3593	0.1145	1.0044	70.7322	315.3790	13.2694	88.8586	0.3499	0.2752	56.8495	36.0000	34.0000	35.0000
82.1148	2002.0000	-0.0460	0.2733	0.0000	87.7130	13.4200	230.5300	0.1771	21.7700	62.0508	NOT CONNECTED	0.0000	500.0000	0.0000	1998.5582	0.0675	0.0654	0.0854	0.0854	0.4041	0.1181	0.3593	0.1145	1.0044	70.7322	315.3790	13.2694	88.8586	0.3499	0.2752	56.8495	36.0000	34.0000	35.0000
82.5852	2001.0000	-0.0450	0.2728	0.0000	87.7050	13.4000	230.5290	0.1769	21.7900	62.0173	NOT CONNECTED	0.0000	500.0000	0.0000	2006.6643	0.0741	0.0424	0.0854	0.0854	0.4069	0.1452	0.3457	0.0845	0.7145	73.5856	315.3763	13.8317	88.7893	0.4134	0.2754	56.8423	36.0000	34.0000	35.0000
82.7362	2001.0000	-0.0450	0.2728	0.0000	87.7050	13.4000	230.5290	0.1769	21.7900	62.0173	NOT CONNECTED	0.0000	500.0000	0.0000	2006.6643	0.0741	0.0424	0.0854	0.0854	0.4069	0.1452	0.3457	0.0845	0.7145	73.5856	315.3763	13.8317	88.7893	0.4134	0.2754	56.8423	36.0000	34.0000	35.0000
83.3377	1999.0000	-0.0460	0.2735	0.0000	87.7190	13.4300	230.5250	0.1769	21.7600	62.0207	NOT CONNECTED	0.0000	500.0000	0.0000	2000.2470	0.0221	0.0408	0.0854	0.0798	0.1818	0.0541	0.3429	0.0419	-3.7716	50.0533	315.4033	5.8598	88.7249	0.4008	0.2748	56.8352	36.0000	35.0000	36.0000
83.3577	1999.0000	-0.0460	0.2735	0.0000	87.7190	13.4300	230.5250	0.1769	21.7600	62.0207	NOT CONNECTED	0.0000	500.0000	0.0000	2000.2470	0.0221	0.0408	0.0854	0.0798	0.1818	0.0541	0.3429	0.0419	-3.7716	50.0533	315.4033	5.8598	88.7249	0.4008	0.2748	56.8352	36.0000	35.0000	36.0000
83.9790	1758.0000	0.0300	1.1816	0.0000	42.9490	13.6700	230.5220	0.2112	26.5600	62.0057	NOT CONNECTED	0.0000	500.0000	0.0000	1802.8653	-0.1229	-0.0000	0.0359	0.0366	-2.1387	-0.5632	-1.7127	-0.0163	-6.8531	22.7005	315.8011	9.7747	88.7058	1.4834	1.3236	56.8352	464.0000	462.0000	466.0000
84.0825	1758.0000	0.0300	1.1816	0.0000	42.9490	13.6700	230.5220	0.2112	26.5600	62.0057	NOT CONNECTED	0.0000	500.0000	0.0000	1802.8653	-0.1229	-0.0000	0.0359	0.0366	-2.1387	-0.5632	-1.7127	-0.0163	-6.8531	22.7005	315.8011	9.7747	88.7058	1.4834	1.3236	56.8352	464.0000	462.0000	466.0000
84.6007	1328.0000	0.0520	1.3112	0.0000	27.7340	4.4000	230.5250	0.1523	18.4200	62.0322	NOT CONNECTED	0.0000	500.0000	0.0000	1404.5804	-0.0611	-0.1091	0.0365	0.0361	-1.7010	-0.2947	-2.1168	-0.2074	-6.9105	19.2793	316.1867	7.8810	88.7583	2.1610	1.3297	56.8338	464.0000	462.0000	466.0000
84.8450	1328.0000	0.0520	1.3112	0.0000	27.7340	4.4000	230.5250	0.1523	18.4200	62.0322	NOT CONNECTED	0.0000	500.0000	0.0000	1404.5804	-0.0611	-0.1091	0.0365	0.0361	-1.7010	-0.2947	-2.1168	-0.2074	-6.9105	19.2793	316.1867	7.8810	88.7583	2.1610	1.3297	56.8338	464.0000	462.0000	466.0000
85.5882	924.0000	0.0320	1.2968	0.0000	22.4380	8.6500	230.5230	0.1783	22.0900	62.0017	NOT CONNECTED	0.0000	500.0000	0.0000	774.5207	-0.0834	-0.1111	0.0361	0.0362	-1.8857	-0.3796	-1.7209	-0.1849	-6.7533	10.2227	314.9069	14.2591	88.8439	1.7167	1.3098	56.8368	856.0000	827.0000	861.0000
85.8107	924.0000	0.0320	1.2968	0.0000	22.4380	8.6500	230.5230	0.1783	22.0900	62.0017	NOT CONNECTED	0.0000	500.0000	0.0000	774.5207	-0.0834	-0.1111	0.0361	0.0362	-1.8857	-0.3796	-1.7209	-0.1849	-6.7533	10.2227	314.9069	14.2591	88.8439	1.7167	1.3098	56.8368	856.0000	827.0000	861.0000
86.3376	549.0000	0.0330	1.2914	0.0000	13.7630	12.3600	230.5210	0.2027	25.5500	61.8486	NOT CONNECTED	0.0000	500.0000	0.0000	453.5729	-0.0469	-0.0347	0.0357	0.0362	-1.6649	-0.2250	-1.7228	-0.0641	-6.8161	5.6219	314.6188	17.6134	88.8824	1.7267	1.2939	56.8382	836.0000	829.0000	828.0000
86.4325	549.0000	0.0330	1.2914	0.0000	13.7630	12.3600	230.5210	0.2027	25.5500	61.8486	NOT CONNECTED	0.0000	500.0000	0.0000	453.5729	-0.0469	-0.0347	0.0357	0.0362	-1.6649	-0.2250	-1.7228	-0.0641	-6.8161	5.6219	314.6188	17.6134	88.8824	1.7267	1.2939	56.8382	836.0000	829.0000	828.0000
87.0544	83.0000	0.1510	1.2725	0.0000	10.0520	13.6600	230.5210	0.2091	26.5500	61.9840	NOT CONNECTED	0.0000	500.0000	0.0000	0.0000	0.0000	0.0000	0.0825	0.0359	-1.9314	-0.0204	-1.9315	-0.0082	-7.3817	3.0946	320.6519	0.0000	88.9145	1.9315	1.2342	56.8382	760.0000	769.0000	756.0000
87.0829	83.0000	0.1510	1.2725	0.0000	10.0520	13.6600	230.5210	0.2091	26.5500	61.9840	NOT CONNECTED	0.0000	500.0000	0.0000	0.0000	0.0000	0.0000	0.0825	0.0359	-1.9314	-0.0204	-1.9315	-0.0082	-7.3817	3.0946	320.6519	0.0000	88.9145	1.9315	1.2342	56.8382	760.0000	769.0000	756.0000
87.6752	0.0000	-0.0130	0.0066	0.0000	0.0000	-0.0200	230.5360	0.0000	1.4600	61.9908	NOT CONNECTED	0.0000	500.0000	0.0000	0.0000	0.0000	0.0000	0.0825	0.0359	-1.9314	-0.0204	-1.9315	-0.0082	-7.3817	3.0946	320.9265	0.0000	88.8632	1.9315	0.0063	56.8376	760.0000	769.0000	756.0000
87.8436	0.0000	-0.0130	0.0066	0.0000	0.0000	-0.0200	230.5360	0.0000	1.4600	61.9908	NOT CONNECTED	0.0000	500.0000	0.0000	0.0000	0.0000	0.0000	0.0825	0.0359	-1.9314	-0.0204	-1.9315	-0.0082	-7.3817	3.0946	320.9265	0.0000	88.8632	1.9315	0.0063	56.8376	760.0000	769.0000	756.0000
88.2969	0.0000	-0.0130	0.0066	0.0000	0.0000	-0.0200	230.5340	0.0000	1.4500	62.0039	NOT CONNECTED	0.0000	500.0000	0.0000	0.0000	0.0000	0.0000	0.0825	0.0359	-1.9314	-0.0204	-1.9315	-0.0082	-7.3817	3.0946	320.9644	0.0000	88.7877	1.9315	0.0063	56.8251	0.0000	0.0000	0.0000
88.5795	0.0000	-0.0130	0.0066	0.0000	0.0000	-0.0200	230.5340	0.0000	1.4500	62.0039	NOT CONNECTED	0.0000	500.0000	0.0000	0.0000	0.0000	0.0000	0.0825	0.0359	-1.9314	-0.0204	-1.9315	-0.0082	-7.3817	3.0946	320.9644	0.0000	88.7877	1.9315	0.0063	56.8251	0.0000	0.0000	0.0000
88.9189	NOT CONNECTED	NOT CONNECTED	NOT CONNECTED	NOT CONNECTED	NOT CONNECTED	NOT CONNECTED	NOT CONNECTED	NOT CONNECTED	NOT CONNECTED	NOT CONNECTED	NOT CONNECTED	0.0000	500.0000	0.0000	0.0000	0.0000	0.0000	0.0825	0.0359	-1.9314	-0.0204	-1.9315	-0.0082	0.0000	0.0000	321.0023	0.0000	88.7178	1.9315	0.0059	56.8251	0.0000	0.0000	0.0000
