WindyBPMp40_OrcaH24_Dyno_High_Speed_Torque__264Vac_YC_B3Y03_20250404_135142
Report created on: 2025/04/04: 15:35:08


Step N. = 	0
Target Speed = 	18000

Speed Mainboard (rpm_M)	Speed TestBench (rpm_M)	Speed Error (rpm_M)	Speed Error %	Torque TestBench (Nm_M)	Torque Ref (Nm)	Torque MainBoard (Nm_M)	Torque MainBoard Error (Nm_M)	Torque MainBoard Error %	Flux Ref (V/rad/s)	Flux (V/rad/s)	Id * Iq (A^2)	Id (Apeak)	Iq (Apeak)	Id Rotor (Apeak)	Iq Rotor (Apeak)	IMotor Measured (Arms)	IMotor MainBoard (Arms)	IMotor Error (Arms)	IMotor Error %	Motor Current THD %	Vsdref (Vpeak)	Vsqref (Vpeak)	Vout MainBoard (Vrms)	Vout Measured (Vrms)	Vout Error (Vrms)	Vout Error %	Motor Power MainBoard (W)	Motor Power Measured (W)	Motor Power Error (W)	Motor Power Error %	Line Voltage (Vrms)	Line Current (Arms)	Line Power (W)	Line Power Factor	Bulk Ripple (V)	DC Bus Voltage (Vrms)	Motor Mechanical Power (W)	Motor Efficiency	Inverter Efficiency	Overall Efficiency	Temperature (deg C)	Estimated Temperature (deg C)	Motor cos-phi	Electrical Power Alpha-Beta [W]	Electrical Power Error [W]	Electrical Power Error [%]	Bus Voltage Usage [%]	Rotational Losses [W]	Kt [Nm/Arms]	
17997.7223	17997.7223	0.0000	0.0000	0.1993	0.2649	0.2927	-0.0934	-46.8512	0.0234	0.0219	-4.2793	-2.0345	2.2080	-3.0068	0.5436	2.0853	2.0481	0.0372	1.7824	0.0000	-17.4055	215.5493	264.9712	237.1446	-27.8266	-11.7340	763.9753	535.2057	-228.7696	-42.7442	264.7269	3.7780	567.0843	0.5670	nan	242.3667	375.5970	70.1859	94.3776	66.2387	38.7947	77.1566	0.6248	574.8638	-39.6580	-7.4099	97.8454	88.0002	0.0956	
17993.3541	17993.3541	0.0000	0.0000	0.2051	0.3901	0.2289	-0.0238	-11.6096	0.0232	0.0215	-3.4116	-2.2041	1.6788	-2.9111	0.4734	2.0892	2.0315	0.0577	2.7642	0.0000	-14.4428	195.7389	241.1986	236.7112	-4.4874	-1.8957	554.7514	551.2144	-3.5369	-0.6417	264.8007	3.8601	583.7400	0.5711	nan	242.3965	386.4830	70.1175	94.4278	66.2101	40.0895	80.0643	0.6435	551.5119	-0.2975	-0.0540	97.6553	92.4983	0.0982	
17991.6047	17991.6047	0.0000	0.0000	0.2161	0.3867	0.2017	0.0144	6.6732	0.0223	0.0212	-3.0035	-2.2874	1.4735	-3.1115	0.4822	2.1057	2.0505	0.0552	2.6219	0.0000	-27.0978	220.9961	274.1144	236.7974	-37.3170	-15.7590	596.8624	570.5333	-26.3291	-4.6148	264.9087	3.9985	604.0478	0.5703	nan	242.4073	407.1699	71.3697	94.4515	67.4096	41.4361	82.5623	0.6606	578.6667	-8.1334	-1.4256	97.6861	89.6100	0.1026	
17996.1025	17996.1025	0.0000	0.0000	0.2252	0.2827	0.2609	-0.0357	-15.8488	0.0231	0.0217	-3.8276	-2.0572	2.0107	-2.9787	0.3941	2.1126	2.0473	0.0653	3.0887	0.0000	-19.4458	214.3864	264.4816	236.3016	-28.1800	-11.9254	705.7798	588.2700	-117.5098	-19.9755	264.9876	4.1110	621.8511	0.5709	nan	241.3641	424.4427	72.1523	94.6000	68.2562	42.7227	84.6752	0.6804	612.2985	-24.0285	-4.0846	97.9028	89.2319	0.1066	
17993.0927	17993.0927	0.0000	0.0000	0.2356	0.3332	0.3124	-0.0769	-32.6275	0.0222	0.0235	-4.3643	-1.8934	2.4035	-2.9470	0.4007	2.1239	2.0722	0.0517	2.4358	0.0000	-14.0053	185.1646	228.4053	236.1080	7.7027	3.2624	691.6485	615.7578	-75.8907	-12.3248	264.9443	4.2360	650.3800	0.5795	nan	241.3859	443.8422	72.0827	94.6763	68.2451	43.9360	86.5286	0.7089	653.2900	-37.5323	-6.0953	97.8136	96.1754	0.1109	
17994.5967	17994.5967	0.0000	0.0000	0.2476	0.3040	0.3226	-0.0750	-30.2978	0.0227	0.0217	-4.6269	-1.9958	2.4163	-3.0035	0.3989	2.1333	2.0683	0.0651	3.0495	0.0000	-13.5872	210.1034	259.2532	235.6110	-23.6422	-10.0344	795.3372	631.7911	-163.5461	-25.8861	264.8052	4.3402	666.6611	0.5801	nan	240.0523	466.4910	73.8375	94.7696	69.9762	45.1057	88.1703	0.7257	664.6275	-32.8364	-5.1973	98.1502	88.5507	0.1160	
17994.8484	17994.8484	0.0000	0.0000	0.2563	0.3813	0.2463	0.0100	3.9043	0.0223	0.0225	-3.7317	-2.0661	1.9411	-2.9399	0.5049	2.1529	2.0995	0.0535	2.4829	0.0000	-17.8442	209.1757	257.2277	234.9247	-22.3030	-9.4937	665.4877	653.7900	-11.6977	-1.7892	264.6746	4.5038	690.3729	0.5792	nan	238.6662	482.9489	73.8678	94.7015	69.9542	46.1809	89.5759	0.7463	703.9525	-50.1625	-7.6726	98.4332	92.3627	0.1190	
17995.4472	17995.4472	0.0000	0.0000	0.2661	0.3748	0.3388	-0.0727	-27.3312	0.0226	0.0221	-4.6035	-1.8071	2.5654	-3.0651	0.5980	2.1558	2.0937	0.0621	2.8814	0.0000	-17.8524	211.4058	259.9587	234.9702	-24.9885	-10.6348	860.5332	668.4544	-192.0787	-28.7348	264.5821	4.5662	704.5689	0.5832	nan	238.6233	501.4807	75.0240	94.8748	71.1790	47.2910	90.9956	0.7619	675.2078	-6.7534	-1.0103	98.4698	87.9607	0.1234	
17993.2421	17993.2421	0.0000	0.0000	0.2771	0.3798	0.2926	-0.0155	-5.5950	0.0221	0.0226	-4.2927	-2.0124	2.2740	-3.0212	0.4885	2.1806	2.1266	0.0539	2.4724	0.0000	-13.3038	208.3342	255.9364	234.4786	-21.4578	-9.1513	749.7208	697.0244	-52.6963	-7.5602	264.5506	4.7438	735.2044	0.5858	nan	237.3853	522.1471	74.9120	94.8072	71.0221	48.3894	92.3818	0.7871	739.3593	-42.3349	-6.0737	98.7775	93.7099	0.1271	
17991.6247	17991.6247	0.0000	0.0000	0.2889	0.3019	0.2831	0.0058	2.0139	0.0226	0.0223	-3.9676	-2.1368	1.9262	-3.0728	0.6536	2.1906	2.1328	0.0578	2.6382	0.0000	-15.0585	205.4751	252.7335	234.6479	-18.0856	-7.7076	641.1808	713.2311	72.0503	10.1020	264.5736	4.8329	751.4900	0.5877	nan	236.7780	544.2900	76.3143	94.9090	72.4292	49.4687	93.7760	0.8011	803.6600	-90.4289	-12.6788	99.1013	86.6979	0.1319	
17985.7529	17985.7529	0.0000	0.0000	0.2987	0.4162	0.3502	-0.0516	-17.2667	0.0233	0.0232	-4.4103	-1.8170	2.4520	-3.0802	0.5826	2.2014	2.1589	0.0425	1.9318	0.0000	-11.2786	207.4997	254.6028	234.2843	-20.3185	-8.6726	792.1817	726.4400	-65.7417	-9.0498	264.6521	4.9147	765.0700	0.5882	nan	236.0982	562.5283	77.4411	94.9514	73.5320	50.5763	95.1149	0.8132	754.7900	-28.3500	-3.9026	99.2319	80.5160	0.1357	
17991.3826	17991.3826	0.0000	0.0000	0.3087	0.3835	0.3434	-0.0347	-11.2573	0.0219	0.0217	-4.7688	-1.8499	2.6087	-3.0582	0.6665	2.2191	2.1652	0.0539	2.4293	0.0000	-12.0303	207.2580	254.5076	234.1101	-20.3975	-8.7128	843.4104	754.0911	-89.3193	-11.8446	264.7836	5.0731	793.7556	0.5909	nan	235.1070	581.5442	77.1209	95.0033	73.2677	51.6360	96.4380	0.8380	785.8851	-31.7940	-4.2162	99.5767	87.4777	0.1391	
17990.3028	17990.3028	0.0000	0.0000	0.3189	0.3648	0.3328	-0.0139	-4.3684	0.0229	0.0209	-4.1345	-1.9560	2.2974	-3.2884	0.6337	2.2350	2.1976	0.0374	1.6733	0.0000	-11.8032	180.1186	221.1086	233.9203	12.8117	5.4770	670.6343	773.6478	103.0135	13.3153	264.9020	5.1834	814.2122	0.5930	nan	235.0151	600.7675	77.6566	95.0176	73.7874	52.6764	97.7672	0.8544	827.1980	-53.5502	-6.9218	99.5347	86.2662	0.1427	
17987.7711	17987.7711	0.0000	0.0000	0.3305	0.3433	0.3480	-0.0175	-5.2939	0.0214	0.0201	-4.4430	-1.6772	2.7122	-3.1409	0.6618	2.2461	2.1971	0.0490	2.1805	0.0000	-8.4861	207.9190	254.9415	233.8780	-21.0635	-9.0062	866.7408	790.3175	-76.4233	-9.6699	264.9463	5.2756	831.1150	0.5946	nan	234.1167	622.5539	78.7727	95.0912	74.9058	53.7181	99.0847	0.8686	840.2834	-49.9659	-6.3223	99.8984	79.9516	0.1471	
17982.0176	17982.0176	0.0000	0.0000	0.3402	0.3673	0.3915	-0.0512	-15.0579	0.0223	0.0217	-4.1027	-1.3723	2.9919	-3.1635	0.6566	2.2607	2.2309	0.0298	1.3193	0.0000	-12.0314	205.7078	252.5554	233.7602	-18.7952	-8.0404	948.8943	811.1789	-137.7154	-16.9772	264.9653	5.3959	853.3200	0.5968	nan	233.1824	640.6613	78.9811	95.0614	75.0805	54.7530	100.4397	0.8862	834.3479	-23.1690	-2.8562	100.2480	81.2299	0.1505	
17976.1639	17976.1639	0.0000	0.0000	0.3464	0.3590	0.3659	-0.0195	-5.6203	0.0217	0.0208	-4.3750	-1.5812	2.8073	-3.3278	0.6605	2.2732	2.2379	0.0353	1.5548	0.0000	-7.0830	204.6829	250.8563	233.6391	-17.2172	-7.3691	881.0315	827.5778	-53.4537	-6.4591	264.9513	5.4887	870.2678	0.5984	nan	232.4508	652.1672	78.8043	95.0946	74.9387	55.8105	101.8052	0.8996	871.0422	-43.4645	-5.2520	100.5112	84.7880	0.1524	
17815.3848	17815.3848	0.0000	0.0000	0.3562	0.3500	0.3738	-0.0175	-4.9252	0.0218	0.0203	-3.6945	-1.2803	2.9198	-3.2339	0.6713	2.2708	2.2457	0.0251	1.1062	0.0000	-9.5844	209.2525	256.5552	233.3311	-23.2240	-9.9533	937.2909	830.4967	-106.7942	-12.8591	264.9386	5.5202	873.4100	0.5972	nan	232.4822	664.5682	80.0204	95.0867	76.0888	56.8216	103.1005	0.9050	874.4863	-43.9896	-5.2968	100.3653	75.1713	0.1569	
17464.8801	17464.8801	0.0000	0.0000	0.3664	0.4118	0.3846	-0.0182	-4.9682	0.0225	0.0231	-4.1284	-1.4717	2.8244	-3.2334	0.6664	2.2659	2.2374	0.0285	1.2569	0.0000	-12.6797	200.9180	246.8273	232.9161	-13.9112	-5.9726	880.1924	832.7090	-47.4834	-5.7023	264.9289	5.5418	875.7870	0.5965	nan	232.7296	670.1084	80.4733	95.0812	76.5150	57.8370	104.2894	0.9110	884.7284	-52.0194	-6.2470	100.0802	71.9099	0.1617	
17079.0755	17079.0755	0.0000	0.0000	0.3805	0.3990	0.4204	-0.0399	-10.4987	0.0239	0.0226	-3.2498	-1.1625	2.9373	-3.2124	0.6964	2.2637	2.2364	0.0273	1.2062	0.0000	-14.9755	201.3481	247.4122	232.3445	-15.0677	-6.4851	919.6500	834.4875	-85.1625	-10.2054	264.8925	5.5770	877.8725	0.5942	nan	233.0827	680.5142	81.5486	95.0579	77.5184	58.8205	105.4055	0.9160	889.6878	-55.2003	-6.6149	99.6833	63.1386	0.1681	
16848.1159	16848.1159	0.0000	0.0000	0.3853	0.4035	0.4215	-0.0362	-9.3872	0.0241	0.0225	-3.8368	-1.3352	2.9219	-3.2237	0.7422	2.2614	2.2462	0.0152	0.6742	0.0000	-9.8414	200.8086	246.4076	231.9897	-14.4179	-6.2149	902.4152	835.7000	-66.7152	-7.9832	264.8386	5.5946	879.3671	0.5935	nan	233.0997	679.7705	81.3415	95.0343	77.3023	59.6935	106.3331	0.9197	882.5662	-46.8662	-5.6080	99.5239	64.9976	0.1704	

Torque compensated Offset = 	0
Mean Torque Mainboard Error perc = 	-12.310679773606442


Step N. = 	1
Target Speed = 	16050

Speed Mainboard (rpm_M)	Speed TestBench (rpm_M)	Speed Error (rpm_M)	Speed Error %	Torque TestBench (Nm_M)	Torque Ref (Nm)	Torque MainBoard (Nm_M)	Torque MainBoard Error (Nm_M)	Torque MainBoard Error %	Flux Ref (V/rad/s)	Flux (V/rad/s)	Id * Iq (A^2)	Id (Apeak)	Iq (Apeak)	Id Rotor (Apeak)	Iq Rotor (Apeak)	IMotor Measured (Arms)	IMotor MainBoard (Arms)	IMotor Error (Arms)	IMotor Error %	Motor Current THD %	Vsdref (Vpeak)	Vsqref (Vpeak)	Vout MainBoard (Vrms)	Vout Measured (Vrms)	Vout Error (Vrms)	Vout Error %	Motor Power MainBoard (W)	Motor Power Measured (W)	Motor Power Error (W)	Motor Power Error %	Line Voltage (Vrms)	Line Current (Arms)	Line Power (W)	Line Power Factor	Bulk Ripple (V)	DC Bus Voltage (Vrms)	Motor Mechanical Power (W)	Motor Efficiency	Inverter Efficiency	Overall Efficiency	Temperature (deg C)	Estimated Temperature (deg C)	Motor cos-phi	Electrical Power Alpha-Beta [W]	Electrical Power Error [W]	Electrical Power Error [%]	Bus Voltage Usage [%]	Rotational Losses [W]	Kt [Nm/Arms]	
16043.7013	16043.7013	0.0000	0.0000	0.1910	0.2362	0.2116	-0.0206	-10.7644	0.0283	0.0274	-2.2623	-1.9763	1.1626	-2.5760	0.4452	1.6931	1.6519	0.0411	2.4299	0.0000	-12.8188	207.5801	254.9011	249.1289	-5.7722	-2.3170	400.9521	431.4013	30.4491	7.0582	264.7441	3.1122	457.3937	0.5551	nan	245.1979	320.8974	74.3856	94.3169	70.1583	44.8446	63.7714	0.5905	467.8188	-36.4175	-8.4417	101.6032	62.2098	0.1128	
16048.4330	16048.4330	0.0000	0.0000	0.2077	0.2408	0.2313	-0.0237	-11.3993	0.0281	0.0280	-2.6836	-1.9679	1.3627	-2.3973	0.5095	1.7140	1.6666	0.0474	2.7662	0.0000	-13.5763	205.2421	252.0641	248.3693	-3.6947	-1.4876	457.9022	454.5244	-3.3777	-0.7431	264.7751	3.2673	481.2022	0.5562	nan	244.8123	349.0022	76.7852	94.4559	72.5282	46.0058	65.5917	0.6164	483.4786	-28.9541	-6.3702	101.4530	55.8137	0.1212	
16048.1868	16048.1868	0.0000	0.0000	0.2189	0.2553	0.2693	-0.0504	-23.0330	0.0275	0.0264	-3.0930	-1.9027	1.6389	-2.6126	0.5037	1.7385	1.7057	0.0327	1.8838	0.0000	-11.3821	206.7474	253.7150	247.5169	-6.1982	-2.5041	543.2247	479.2778	-63.9469	-13.3423	264.8027	3.4299	506.6911	0.5579	nan	244.1106	367.8565	76.7535	94.5896	72.6008	47.1269	67.1800	0.6431	512.8771	-33.5993	-7.0104	101.3954	60.0696	0.1259	
16056.6616	16056.6616	0.0000	0.0000	0.2351	0.2651	0.2852	-0.0501	-21.3215	0.0276	0.0270	-3.3256	-1.8904	1.7613	-2.5881	0.4998	1.7798	1.7547	0.0251	1.4087	0.0000	-10.7374	206.1912	253.0541	245.9639	-7.0902	-2.8826	576.7612	517.7422	-59.0190	-11.3993	264.8323	3.6740	546.7744	0.5619	nan	243.0413	395.3277	76.3558	94.6902	72.3015	48.2351	68.6773	0.6828	554.4119	-36.6697	-7.0826	101.2025	68.3730	0.1321	
16051.4542	16051.4542	0.0000	0.0000	0.2539	0.2836	0.2821	-0.0283	-11.1393	0.0281	0.0278	-3.1264	-1.8712	1.6710	-2.3493	0.5252	1.8045	1.7644	0.0401	2.2208	0.0000	-15.4928	206.7817	254.1476	245.1217	-9.0259	-3.6822	563.1662	540.7529	-22.4133	-4.1448	264.8749	3.8229	570.5700	0.5635	nan	242.5849	426.7098	78.9110	94.7741	74.7871	49.2123	70.0897	0.7058	580.4846	-39.7317	-7.3475	101.0458	58.2880	0.1407	
16052.2878	16052.2878	0.0000	0.0000	0.2670	0.2925	0.2868	-0.0198	-7.4234	0.0274	0.0265	-3.3616	-1.9307	1.7442	-2.6372	0.5545	1.8265	1.7774	0.0491	2.6878	0.0000	-9.5901	206.5348	253.2694	244.4189	-8.8505	-3.6211	568.0086	560.0767	-7.9320	-1.4162	264.9242	3.9465	590.5867	0.5649	nan	242.1559	448.8243	80.1361	94.8339	75.9962	50.1715	71.3203	0.7243	595.2251	-35.1485	-6.2757	100.9345	53.9283	0.1462	
16049.2490	16049.2490	0.0000	0.0000	0.2773	0.3148	0.3327	-0.0554	-19.9692	0.0266	0.0262	-3.6067	-1.7278	2.0951	-2.6463	0.5719	1.8639	1.8336	0.0303	1.6252	0.0000	-12.4126	207.6317	254.8768	243.0851	-11.7917	-4.8509	686.2995	591.7000	-94.5995	-15.9877	264.9778	4.1427	623.5700	0.5681	nan	241.2211	466.0507	78.7703	94.8890	74.7443	51.1727	72.6309	0.7540	631.8851	-40.1851	-6.7915	100.7727	65.7382	0.1488	
16049.5348	16049.5348	0.0000	0.0000	0.2951	0.3314	0.3255	-0.0304	-10.2929	0.0257	0.0267	-3.7093	-1.7506	2.1331	-2.6038	0.6454	1.9092	1.8677	0.0414	2.1699	0.0000	-12.0155	202.7079	248.8842	241.6734	-7.2107	-2.9837	680.5440	626.6722	-53.8718	-8.5965	264.9846	4.3562	660.1678	0.5719	nan	240.3601	495.9942	79.1495	94.9261	75.1336	52.1793	74.0596	0.7842	662.1164	-35.4442	-5.6559	100.5464	67.5898	0.1546	
16050.2871	16050.2871	0.0000	0.0000	0.3111	0.3387	0.3421	-0.0310	-9.9660	0.0259	0.0270	-3.4583	-1.6041	2.2437	-2.6138	0.6097	1.9347	1.9009	0.0337	1.7439	0.0000	-18.0863	207.8125	255.6107	240.7208	-14.8899	-6.1855	743.9437	645.4088	-98.5350	-15.2671	264.9061	4.4753	679.8038	0.5734	nan	239.9101	522.9337	81.0236	94.9405	76.9242	53.1255	75.3766	0.8001	681.6930	-36.2842	-5.6219	100.3379	57.4669	0.1608	
16052.9214	16052.9214	0.0000	0.0000	0.3238	0.3460	0.3623	-0.0385	-11.8929	0.0257	0.0266	-3.5454	-1.5435	2.4330	-2.6870	0.6720	1.9589	1.9230	0.0359	1.8330	0.0000	-14.2530	204.0042	251.0658	239.9163	-11.1494	-4.6472	781.7355	663.3800	-118.3555	-17.8413	264.8334	4.5876	698.5089	0.5749	nan	239.2039	544.2892	82.0485	94.9708	77.9221	54.0963	76.7052	0.8149	704.3363	-40.9563	-6.1739	100.2978	52.2090	0.1653	
16046.4588	16046.4588	0.0000	0.0000	0.3350	0.3768	0.3578	-0.0228	-6.8007	0.0259	0.0260	-3.6810	-1.5987	2.3495	-2.9139	0.6830	2.0194	1.9976	0.0218	1.0807	0.0000	-15.7705	206.7338	253.9633	238.0994	-15.8639	-6.6627	769.0178	704.4225	-64.5953	-9.1700	264.7839	4.8308	741.6463	0.5798	nan	237.9249	562.9266	79.9133	94.9810	75.9024	55.0719	78.1831	0.8459	751.4424	-47.0199	-6.6750	100.0733	70.1714	0.1659	
16053.2953	16053.2953	0.0000	0.0000	0.3531	0.3816	0.3932	-0.0401	-11.3483	0.0254	0.0256	-3.7669	-1.4907	2.6756	-2.8016	0.6686	2.0711	2.0404	0.0307	1.4820	0.0000	-10.8153	210.2189	257.9047	236.5921	-21.3125	-9.0081	869.3270	736.8422	-132.4848	-17.9801	264.6706	5.0253	775.8511	0.5833	nan	237.1598	593.6144	80.5631	94.9721	76.5125	56.0369	79.8203	0.8682	782.7832	-45.9410	-6.2348	99.7607	67.9442	0.1705	
16051.8626	16051.8626	0.0000	0.0000	0.3671	0.3878	0.4123	-0.0452	-12.3143	0.0250	0.0255	-3.0729	-1.1719	2.7688	-2.8485	0.6797	2.1020	2.0783	0.0237	1.1282	0.0000	-18.5110	209.1820	257.3713	235.6033	-21.7679	-9.2392	901.0422	755.1967	-145.8455	-19.3123	264.5714	5.1397	795.1678	0.5848	nan	236.6148	617.0950	81.7131	94.9732	77.6056	57.0810	81.4985	0.8804	795.6752	-40.4785	-5.3600	99.5725	60.2642	0.1746	
16049.2268	16049.2268	0.0000	0.0000	0.3804	0.4147	0.4275	-0.0471	-12.3747	0.0248	0.0251	-2.9898	-1.0763	2.9389	-2.9025	0.7270	2.1500	2.1248	0.0252	1.1705	0.0000	-6.4518	203.6798	249.7581	234.1800	-15.5781	-6.6522	910.6568	781.7144	-128.9423	-16.4948	264.5554	5.3030	823.3822	0.5869	nan	235.8503	639.4017	81.7953	94.9395	77.6560	58.1471	83.2130	0.8964	820.1252	-38.4108	-4.9137	99.2918	60.5686	0.1770	
16047.8333	16047.8333	0.0000	0.0000	0.3928	0.4275	0.4447	-0.0519	-13.2180	0.0238	0.0246	-2.0129	-0.7284	3.1942	-3.0687	0.7370	2.2171	2.2016	0.0155	0.6988	0.0000	-11.6489	197.9840	243.1849	231.6848	-11.5001	-4.9637	969.0890	821.4475	-147.6415	-17.9733	264.5720	5.5359	865.6725	0.5910	nan	233.7539	660.0270	80.3497	94.8913	76.2449	59.2553	85.1671	0.9233	869.8108	-48.3633	-5.8876	99.1148	74.1523	0.1771	
15876.8183	15876.8183	0.0000	0.0000	0.4071	0.4548	0.4684	-0.0613	-15.0505	0.0262	0.0254	-2.4761	-0.8596	3.0086	-2.9510	0.7742	2.2349	2.2184	0.0165	0.7398	0.0000	-11.6162	196.9640	241.7414	230.4249	-11.3165	-4.9112	905.1907	836.8189	-68.3718	-8.1704	264.6203	5.6264	881.8589	0.5923	nan	233.1220	676.8663	80.8857	94.8926	76.7545	60.4104	87.1014	0.9382	890.8143	-53.9954	-6.4525	98.8430	70.9131	0.1822	
15580.4641	15580.4641	0.0000	0.0000	0.4211	0.4914	0.4485	-0.0273	-6.4866	0.0253	0.0270	-3.1447	-1.0890	2.8967	-2.9214	0.8372	2.2373	2.2244	0.0130	0.5789	0.0000	4.3138	185.4851	227.8577	230.1006	2.2429	0.9747	799.4532	839.2486	39.7954	4.7418	264.6943	5.6584	884.6071	0.5906	nan	233.1689	687.1190	81.8731	94.8725	77.6750	61.4311	88.7055	0.9412	879.6956	-40.4470	-4.8194	98.6841	62.5788	0.1882	
15259.8545	15259.8545	0.0000	0.0000	0.4331	0.4603	0.4576	-0.0245	-5.6552	0.0264	0.0262	-2.9728	-1.0435	2.8655	-3.0251	0.8581	2.2391	2.2223	0.0169	0.7536	0.0000	-1.1755	189.2305	232.5635	229.7250	-2.8385	-1.2356	814.2958	841.4800	27.1842	3.2305	264.7659	5.6833	887.1750	0.5896	nan	233.2944	692.0891	82.2468	94.8494	78.0106	62.5955	90.1741	0.9445	883.8800	-42.4000	-5.0387	98.4700	59.3257	0.1934	
14752.2179	14752.2179	0.0000	0.0000	0.4478	0.5028	0.4672	-0.0195	-4.3442	0.0251	0.0279	-2.2902	-0.7592	3.1127	-2.9530	0.9190	2.2403	2.2273	0.0129	0.5767	0.0000	-2.4609	192.7451	236.6433	229.1664	-7.4768	-3.2626	905.7159	844.3300	-61.3859	-7.2704	264.8121	5.7113	890.5311	0.5888	nan	233.2185	691.7438	81.9283	94.8120	77.6778	63.6070	91.4952	0.9495	882.4928	-38.1628	-4.5199	98.2625	62.1129	0.1999	

Torque compensated Offset = 	0
Mean Torque Mainboard Error perc = 	-11.831296218728587


Step N. = 	2
Target Speed = 	14000

Speed Mainboard (rpm_M)	Speed TestBench (rpm_M)	Speed Error (rpm_M)	Speed Error %	Torque TestBench (Nm_M)	Torque Ref (Nm)	Torque MainBoard (Nm_M)	Torque MainBoard Error (Nm_M)	Torque MainBoard Error %	Flux Ref (V/rad/s)	Flux (V/rad/s)	Id * Iq (A^2)	Id (Apeak)	Iq (Apeak)	Id Rotor (Apeak)	Iq Rotor (Apeak)	IMotor Measured (Arms)	IMotor MainBoard (Arms)	IMotor Error (Arms)	IMotor Error %	Motor Current THD %	Vsdref (Vpeak)	Vsqref (Vpeak)	Vout MainBoard (Vrms)	Vout Measured (Vrms)	Vout Error (Vrms)	Vout Error %	Motor Power MainBoard (W)	Motor Power Measured (W)	Motor Power Error (W)	Motor Power Error %	Line Voltage (Vrms)	Line Current (Arms)	Line Power (W)	Line Power Factor	Bulk Ripple (V)	DC Bus Voltage (Vrms)	Motor Mechanical Power (W)	Motor Efficiency	Inverter Efficiency	Overall Efficiency	Temperature (deg C)	Estimated Temperature (deg C)	Motor cos-phi	Electrical Power Alpha-Beta [W]	Electrical Power Error [W]	Electrical Power Error [%]	Bus Voltage Usage [%]	Rotational Losses [W]	Kt [Nm/Arms]	
13997.5565	13994.0000	-3.5565	-0.0254	0.1719	0.1965	0.2029	-0.0310	-18.0568	0.0322	0.0329	-1.8952	-1.8054	1.0468	-2.0373	0.4147	1.4636	1.3908	0.0728	4.9770	0.0000	-3.8904	206.3517	252.8318	249.8279	-3.0039	-1.2024	335.4185	339.4013	3.9827	1.1735	264.7990	2.4910	362.3575	0.5493	nan	247.8871	251.8766	74.2097	93.6635	69.5074	43.6455	56.3164	0.5359	338.5216	0.8796	0.2592	100.7829	51.5951	0.1174	
13998.8660	13997.4444	-1.4215	-0.0102	0.2083	0.2305	0.2378	-0.0295	-14.1372	0.0318	0.0329	-2.2335	-1.7952	1.2612	-1.9843	0.4592	1.5168	1.4656	0.0512	3.3763	0.0000	-7.8670	206.8823	253.7206	248.2999	-5.4207	-2.1831	415.5718	392.1333	-23.4385	-5.9772	264.9978	2.8382	417.0911	0.5546	nan	246.5651	305.3762	77.8761	94.0156	73.2157	44.5715	57.9405	0.6011	396.8873	-4.7540	-1.2123	100.7037	48.0358	0.1374	
14004.5514	13999.5000	-5.0514	-0.0361	0.2288	0.2459	0.2509	-0.0222	-9.6846	0.0314	0.0321	-2.3552	-1.7898	1.3081	-2.1692	0.5104	1.5553	1.4868	0.0685	4.4064	0.0000	-10.7117	203.1961	249.5718	247.1970	-2.3748	-0.9607	426.1173	427.3425	1.2252	0.2867	265.0330	3.0727	453.3875	0.5567	nan	245.7591	335.3511	78.4728	94.2552	73.9647	45.5096	59.4922	0.6417	436.0446	-8.7021	-2.0363	100.5851	51.1349	0.1471	
14000.5843	14002.0000	1.4157	0.0101	0.2497	0.2730	0.2654	-0.0156	-6.2610	0.0323	0.0307	-2.2802	-1.6812	1.3508	-2.3632	0.5304	1.5904	1.5314	0.0591	3.7133	0.0000	-9.5519	204.7430	251.7050	246.1143	-5.5907	-2.2716	438.5525	457.1000	18.5475	4.0576	265.0045	3.2705	484.1050	0.5586	nan	244.7976	366.2058	80.1146	94.4216	75.6455	46.3917	60.8330	0.6742	470.3150	-13.2150	-2.8911	100.5378	48.0334	0.1570	
13996.5910	13990.2000	-6.3910	-0.0457	0.2673	0.2948	0.2970	-0.0297	-11.1021	0.0315	0.0318	-2.7847	-1.7383	1.5984	-2.2548	0.5622	1.6279	1.5627	0.0652	4.0026	0.0000	-4.6619	203.5410	249.5455	244.9664	-4.5791	-1.8693	499.6995	488.1610	-11.5385	-2.3637	264.9671	3.4759	516.3420	0.5606	nan	244.0131	391.6074	80.2233	94.5420	75.8447	47.2616	62.0648	0.7068	499.6147	-11.4537	-2.3463	100.3907	51.5049	0.1642	
13997.1163	13997.7143	0.5980	0.0043	0.2861	0.3132	0.2861	0.0001	0.0183	0.0321	0.0314	-2.5011	-1.6559	1.4884	-2.3789	0.6480	1.6643	1.6025	0.0617	3.7103	0.0000	-3.4928	203.1106	249.0342	243.8869	-5.1474	-2.1106	460.5403	516.5471	56.0068	10.8425	264.8930	3.6563	545.7186	0.5635	nan	243.1496	419.4403	81.2001	94.6545	76.8596	48.0852	63.2522	0.7347	533.0204	-16.4732	-3.1891	100.3033	49.8786	0.1719	
13998.5496	13995.0000	-3.5496	-0.0254	0.3055	0.3288	0.3195	-0.0140	-4.5685	0.0315	0.0307	-2.8725	-1.6881	1.7082	-2.4395	0.6236	1.7050	1.6437	0.0613	3.5957	0.0000	-4.6809	204.6081	251.2575	242.5493	-8.7082	-3.5903	537.1729	546.5525	9.3796	1.7161	264.7910	3.8452	577.0775	0.5668	nan	242.1595	447.7256	81.9181	94.7103	77.5849	48.8972	64.3881	0.7630	562.1479	-15.5954	-2.8534	100.1610	49.1073	0.1792	
14003.1868	13994.3000	-8.8868	-0.0635	0.3229	0.3404	0.3310	-0.0081	-2.5227	0.0306	0.0315	-3.1334	-1.7341	1.8010	-2.2785	0.7354	1.7449	1.6925	0.0524	3.0020	0.0000	-12.3071	200.8707	246.6180	241.4216	-5.1964	-2.1524	574.2826	575.6380	1.3554	0.2355	264.7454	4.0256	607.2790	0.5698	nan	241.2941	473.2036	82.2073	94.7897	77.9240	49.7456	65.5842	0.7889	588.3716	-12.7336	-2.2121	100.0529	50.1999	0.1851	
13996.1762	13994.2222	-1.9540	-0.0140	0.3404	0.3689	0.3477	-0.0073	-2.1399	0.0311	0.0318	-2.8066	-1.4933	1.8872	-2.3793	0.7695	1.7936	1.7428	0.0508	2.8322	0.0000	-14.0210	202.4208	248.5602	240.0416	-8.5187	-3.5488	602.8010	608.3811	5.5801	0.9172	264.7650	4.2332	641.5789	0.5724	nan	240.3220	498.9117	82.0074	94.8256	77.7640	50.6049	66.8338	0.8158	625.1584	-16.7773	-2.7577	99.8834	54.1056	0.1898	
14002.7752	13996.0000	-6.7752	-0.0484	0.3600	0.3795	0.3862	-0.0262	-7.2887	0.0299	0.0301	-3.2282	-1.4642	2.2279	-2.5032	0.7290	1.8398	1.7836	0.0562	3.0522	0.0000	-0.8084	201.5771	247.0702	238.8409	-8.2293	-3.4455	676.9874	638.4889	-38.4985	-6.0296	264.7633	4.4171	673.0644	0.5755	nan	239.4831	527.6353	82.6382	94.8630	78.3931	51.4532	68.1084	0.8389	652.1897	-13.7008	-2.1458	99.7318	52.4207	0.1957	
13999.5623	13993.6250	-5.9373	-0.0424	0.3782	0.4036	0.4051	-0.0268	-7.0928	0.0296	0.0299	-3.3342	-1.4597	2.2916	-2.5160	0.8128	1.8933	1.8485	0.0448	2.3673	0.0000	-10.8666	200.4046	246.1423	237.4580	-8.6843	-3.6572	712.2196	671.2962	-40.9234	-6.0962	264.7019	4.6216	707.5512	0.5784	nan	238.5221	554.2905	82.5701	94.8760	78.3392	52.3659	69.4991	0.8621	689.3886	-18.0923	-2.6951	99.5541	54.9172	0.1998	
14000.2082	14004.8750	4.6668	0.0333	0.3975	0.4203	0.3995	-0.0020	-0.5085	0.0297	0.0301	-3.3178	-1.4834	2.2548	-2.5560	0.7957	1.9429	1.8941	0.0487	2.5084	0.0000	-4.0457	202.4109	248.1985	236.1683	-12.0303	-5.0939	692.1268	700.1775	8.0507	1.1498	264.6649	4.7988	737.9937	0.5811	nan	237.7065	582.9693	83.2599	94.8758	78.9935	53.2498	70.9390	0.8810	718.1081	-17.9306	-2.5609	99.3529	51.6178	0.2046	
13997.4560	14003.5556	6.0995	0.0436	0.4143	0.4417	0.4238	-0.0094	-2.2782	0.0293	0.0281	-3.2113	-1.3408	2.4565	-2.8975	0.7838	2.0005	1.9523	0.0482	2.4113	0.0000	-5.6898	204.5744	251.2901	234.7550	-16.5351	-7.0436	764.0532	731.6011	-32.4521	-4.4358	264.6620	4.9894	771.1611	0.5840	nan	236.8534	607.5990	83.0509	94.8701	78.7905	54.1900	72.4589	0.8994	750.9736	-19.3725	-2.6480	99.1141	54.2250	0.2071	
14003.3592	13997.1111	-6.2481	-0.0446	0.4326	0.4517	0.4469	-0.0143	-3.3070	0.0287	0.0307	-2.9930	-1.2049	2.6047	-2.6355	0.8168	2.0644	2.0211	0.0433	2.0985	0.0000	-11.2608	204.8593	251.5579	233.2058	-18.3521	-7.8695	821.8612	764.6411	-57.2201	-7.4833	264.6628	5.1910	806.1789	0.5868	nan	236.0389	634.0291	82.9186	94.8476	78.6462	55.2098	74.1828	0.9170	783.9831	-19.3420	-2.5296	98.7999	56.0355	0.2095	
13999.1331	14000.5556	1.4225	0.0102	0.4502	0.4819	0.4550	-0.0047	-1.0516	0.0291	0.0290	-3.1242	-1.2076	2.6385	-2.9157	0.8836	2.1306	2.0839	0.0467	2.1918	0.0000	0.1771	197.5965	242.6757	231.5966	-11.0792	-4.7838	782.3896	797.3278	14.9382	1.8735	264.6731	5.3897	841.0356	0.5896	nan	235.1167	660.0869	82.7874	94.8031	78.4850	56.2512	76.0439	0.9329	820.6178	-23.2900	-2.9210	98.5028	57.5032	0.2113	
13997.0045	13997.8750	0.8705	0.0062	0.4691	0.4854	0.4733	-0.0042	-0.8944	0.0268	0.0275	-2.5989	-0.8946	2.9505	-3.0844	0.9013	2.2003	2.1671	0.0332	1.5088	0.0000	-6.2337	198.0124	243.3724	229.3476	-14.0248	-6.1151	890.0832	832.6000	-57.4832	-6.9041	264.6389	5.5972	878.7463	0.5932	nan	233.5846	687.6688	82.5932	94.7486	78.2559	57.3694	78.1624	0.9526	856.4280	-23.8280	-2.8619	98.1862	59.5542	0.2132	
13963.7116	13867.3333	-96.3783	-0.6950	0.4843	0.4614	0.5217	-0.0373	-7.7104	0.0275	0.0262	-1.7787	-0.5854	3.2010	-3.1863	0.9163	2.2275	2.1990	0.0285	1.2798	0.0000	-3.1077	200.4283	245.5631	227.9997	-17.5634	-7.7033	964.2598	849.7411	-114.5187	-13.4769	264.5672	5.6869	896.6622	0.5960	nan	232.0704	703.3351	82.7705	94.7671	78.4393	58.5427	80.2685	0.9660	878.2246	-28.4835	-3.3520	98.2464	58.5415	0.2174	
13670.2014	13435.8750	-234.3264	-1.7440	0.5026	0.5146	0.5047	-0.0021	-0.4156	0.0265	0.0283	-1.7717	-0.5545	3.2808	-3.0199	0.9826	2.2324	2.2181	0.0143	0.6410	0.0000	-5.5479	200.8580	246.1600	227.3162	-18.8437	-8.2896	994.1360	852.4100	-141.7260	-16.6265	264.5462	5.7210	899.7162	0.5945	nan	231.7345	707.1746	82.9620	94.7421	78.6000	59.6238	82.2344	0.9698	882.3815	-29.9715	-3.5161	98.0934	56.6402	0.2251	
13201.0667	13017.6667	-183.4001	-1.4089	0.5224	0.5494	0.5388	-0.0163	-3.1251	0.0287	0.0297	-2.2475	-0.7259	3.1203	-3.0530	1.0250	2.2422	2.2235	0.0187	0.8336	0.0000	-4.5440	190.8836	233.9877	226.5877	-7.4001	-3.2659	900.9387	856.2111	-44.7276	-5.2239	264.5988	5.7708	904.1967	0.5922	nan	231.8600	712.1853	83.1788	94.6930	78.7645	60.7864	83.9631	0.9730	886.8497	-30.6386	-3.5784	97.7261	54.2895	0.2330	

Torque compensated Offset = 	0
Mean Torque Mainboard Error perc = 	-5.37508432499329


Step N. = 	3
Target Speed = 	12000

Speed Mainboard (rpm_M)	Speed TestBench (rpm_M)	Speed Error (rpm_M)	Speed Error %	Torque TestBench (Nm_M)	Torque Ref (Nm)	Torque MainBoard (Nm_M)	Torque MainBoard Error (Nm_M)	Torque MainBoard Error %	Flux Ref (V/rad/s)	Flux (V/rad/s)	Id * Iq (A^2)	Id (Apeak)	Iq (Apeak)	Id Rotor (Apeak)	Iq Rotor (Apeak)	IMotor Measured (Arms)	IMotor MainBoard (Arms)	IMotor Error (Arms)	IMotor Error %	Motor Current THD %	Vsdref (Vpeak)	Vsqref (Vpeak)	Vout MainBoard (Vrms)	Vout Measured (Vrms)	Vout Error (Vrms)	Vout Error %	Motor Power MainBoard (W)	Motor Power Measured (W)	Motor Power Error (W)	Motor Power Error %	Line Voltage (Vrms)	Line Current (Arms)	Line Power (W)	Line Power Factor	Bulk Ripple (V)	DC Bus Voltage (Vrms)	Motor Mechanical Power (W)	Motor Efficiency	Inverter Efficiency	Overall Efficiency	Temperature (deg C)	Estimated Temperature (deg C)	Motor cos-phi	Electrical Power Alpha-Beta [W]	Electrical Power Error [W]	Electrical Power Error [%]	Bus Voltage Usage [%]	Rotational Losses [W]	Kt [Nm/Arms]	
11998.7236	11996.1000	-2.6236	-0.0219	0.1619	0.1694	0.1943	-0.0324	-20.0296	0.0387	0.0387	-1.4244	-1.5718	0.8824	-1.7099	0.4294	1.2366	1.1920	0.0446	3.6101	0.0000	-5.9568	197.4693	242.0789	250.2926	8.2137	3.2816	275.8809	269.5910	-6.2899	-2.3331	264.9589	2.0173	290.5310	0.5434	nan	250.3060	203.3698	75.3988	92.7850	69.9595	42.5979	57.1647	0.5025	251.4024	18.1886	6.7467	99.9945	40.6725	0.1309	
12023.9601	11982.1111	-41.8490	-0.3493	0.2106	0.1933	0.1715	0.0390	18.5340	0.0382	0.0388	-0.9920	-1.4308	0.6832	-1.5693	0.5251	1.3227	1.2576	0.0651	4.9249	0.0000	-4.8820	197.0124	241.6838	247.7599	6.0761	2.4524	216.3371	339.1556	122.8184	36.2130	265.0343	2.4878	362.8522	0.5503	nan	248.3167	264.1977	77.9105	93.4677	72.8207	43.3326	58.5395	0.5975	330.8074	8.3482	2.4615	99.7758	45.6478	0.1592	
11985.7337	12002.4444	16.7108	0.1392	0.2430	0.2817	0.2877	-0.0447	-18.3991	0.0383	0.0371	-1.6572	-1.2807	1.2385	-2.0373	0.5716	1.3727	1.2989	0.0738	5.3743	0.0000	-2.7031	197.7692	242.4763	246.5826	4.1062	1.6652	373.4731	376.7533	3.2803	0.8707	265.0516	2.7526	401.4689	0.5503	nan	247.2324	305.4245	81.0752	93.8435	76.0838	44.0785	59.7748	0.6427	377.6923	-0.9390	-0.2492	99.7372	39.6731	0.1770	
12009.3867	12003.3333	-6.0534	-0.0504	0.2677	0.2674	0.3244	-0.0567	-21.1782	0.0375	0.0366	-2.4126	-1.5750	1.5156	-1.9532	0.6731	1.3972	1.3460	0.0512	3.6677	0.0000	-6.7571	191.9695	235.4098	245.6717	10.2618	4.1770	452.2348	409.2522	-42.9826	-10.5027	265.0238	2.9752	435.0467	0.5517	nan	246.6526	336.4487	82.2084	94.0707	77.3341	44.8016	60.8683	0.6884	406.0872	3.1650	0.7734	99.6024	39.9193	0.1916	
12001.8599	11999.8750	-1.9849	-0.0165	0.2916	0.3059	0.3077	-0.0161	-5.5234	0.0369	0.0378	-1.6709	-1.2363	1.3299	-1.9276	0.6547	1.4460	1.3720	0.0740	5.1175	0.0000	-7.7919	199.1933	244.2113	244.2106	-0.0006	-0.0003	411.1641	445.2613	34.0971	7.6578	264.9834	3.2214	472.5288	0.5536	nan	245.7325	366.4674	82.3037	94.2292	77.5542	45.5393	61.8925	0.7280	444.6099	0.6514	0.1463	99.3807	43.4757	0.2017	
11986.1549	11991.8889	5.7340	0.0478	0.3161	0.3516	0.3744	-0.0583	-18.4418	0.0362	0.0362	-2.4127	-1.3748	1.7585	-2.0228	0.6915	1.4859	1.4420	0.0439	2.9512	0.0000	-7.5349	197.0449	241.6060	243.2070	1.6010	0.6583	535.9303	475.1989	-60.7315	-12.7802	264.9470	3.4222	503.5656	0.5554	nan	244.8794	396.9683	83.5389	94.3668	78.8330	46.2260	62.9199	0.7592	477.4719	-2.2730	-0.4783	99.3171	40.8416	0.2127	
12005.8246	11984.8889	-20.9357	-0.1747	0.3413	0.3517	0.3878	-0.0465	-13.6154	0.0354	0.0369	-2.3510	-1.2640	1.8708	-1.7588	0.6716	1.5429	1.4931	0.0498	3.2283	0.0000	-7.6916	199.0346	243.9814	241.5782	-2.4032	-0.9948	577.2247	511.5989	-65.6258	-12.8276	264.9089	3.6602	541.4867	0.5584	nan	243.7841	428.3907	83.7355	94.4804	79.1136	46.9619	64.0203	0.7925	514.9462	-3.3473	-0.6543	99.0952	42.7861	0.2212	
11993.0728	11989.7500	-3.3228	-0.0277	0.3669	0.3923	0.3596	0.0073	1.9783	0.0370	0.0342	-2.0188	-1.2612	1.6070	-2.2539	0.7889	1.5912	1.5346	0.0566	3.5544	0.0000	-7.1008	196.1081	240.3625	240.4253	0.0627	0.0261	486.9004	541.9612	55.0608	10.1595	264.8338	3.8633	573.1813	0.5602	nan	242.7005	460.6342	84.9940	94.5532	80.3645	47.7144	65.2005	0.8179	549.1647	-7.2035	-1.3292	99.0626	38.2134	0.2306	
12000.7683	11988.0000	-12.7683	-0.1065	0.3890	0.4047	0.3951	-0.0061	-1.5724	0.0356	0.0351	-2.1652	-1.1974	1.8230	-2.2198	0.8114	1.6562	1.5884	0.0678	4.0925	0.0000	-8.3679	193.8621	237.8877	238.8607	0.9731	0.4074	547.4240	577.5162	30.0923	5.2106	264.7259	4.0922	610.4437	0.5635	nan	241.8893	488.3421	84.5609	94.6059	79.9996	48.4458	66.3207	0.8429	578.0110	-0.4948	-0.0857	98.7481	42.3422	0.2349	
11998.4955	12002.1111	3.6157	0.0301	0.4148	0.4329	0.4286	-0.0139	-3.3400	0.0345	0.0364	-2.8744	-1.3845	2.0734	-2.1245	0.8523	1.7186	1.6741	0.0445	2.5895	0.0000	1.6784	193.4991	237.4894	237.1964	-0.2930	-0.1235	598.8006	612.8111	14.0105	2.2863	264.6472	4.3217	647.5667	0.5662	nan	240.5884	521.3172	85.0698	94.6329	80.5040	49.2136	67.6175	0.8679	614.1574	-1.3463	-0.2197	98.5902	40.9192	0.2413	
12000.1008	12001.2500	1.1492	0.0096	0.4366	0.4533	0.4539	-0.0173	-3.9616	0.0348	0.0343	-2.4227	-1.1342	2.2412	-2.4730	0.8537	1.7947	1.7262	0.0685	3.8190	0.0000	-7.8936	197.6177	242.5084	235.6750	-6.8334	-2.8995	681.6708	651.3475	-30.3233	-4.6555	264.5960	4.5665	688.1275	0.5695	nan	239.6369	548.7377	84.2458	94.6550	79.7429	50.0360	69.0402	0.8891	654.2611	-2.9136	-0.4473	98.3470	47.2924	0.2433	
12004.3745	12003.6667	-0.7079	-0.0059	0.4628	0.4749	0.5256	-0.0628	-13.5798	0.0339	0.0346	-1.9293	-0.8074	2.6176	-2.3989	0.8591	1.8662	1.8176	0.0486	2.6042	0.0000	-14.1190	201.0730	246.9272	234.1332	-12.7940	-5.4644	808.8030	687.4700	-121.3330	-17.6492	264.5684	4.7902	726.1956	0.5730	nan	238.4313	581.7200	84.6182	94.6674	80.1059	50.9298	70.6142	0.9084	700.4761	-13.0061	-1.8919	98.1977	45.7429	0.2480	
11999.3775	12005.2500	5.8725	0.0489	0.4855	0.5049	0.4957	-0.0102	-2.0929	0.0335	0.0331	-2.4455	-0.9925	2.4940	-2.5752	1.0229	1.9415	1.8904	0.0512	2.6350	0.0000	-2.9582	192.4686	236.2127	232.7230	-3.4897	-1.4995	725.7953	720.8600	-4.9353	-0.6846	264.5702	5.0016	761.5475	0.5755	nan	237.4217	610.3653	84.6725	94.6572	80.1486	51.8815	72.4216	0.9211	727.0052	-6.1452	-0.8525	98.0210	45.3184	0.2501	
11997.6787	11982.7778	-14.9009	-0.1244	0.5097	0.5277	0.5084	0.0013	0.2519	0.0339	0.0329	-2.2757	-0.9447	2.5386	-2.6307	0.9944	2.0311	1.9772	0.0539	2.6552	0.0000	-7.2494	196.2833	240.6114	231.0903	-9.5210	-4.1200	759.9157	760.8433	0.9276	0.1219	264.6003	5.2457	803.9867	0.5792	nan	236.4629	639.5476	84.0576	94.6338	79.5469	52.8733	74.3301	0.9359	767.7415	-6.8981	-0.9066	97.7282	49.7099	0.2509	
11993.4106	12009.1111	15.7005	0.1307	0.5341	0.5580	0.5936	-0.0595	-11.1401	0.0336	0.0333	-1.2541	-0.4538	3.0362	-2.6542	0.9968	2.1227	2.0526	0.0701	3.3016	0.0000	-7.0512	199.0060	243.9623	229.1720	-14.7903	-6.4538	915.1044	799.9622	-115.1422	-14.3935	264.6869	5.4770	845.7233	0.5834	nan	235.5222	671.6917	83.9663	94.5891	79.4230	53.9893	76.5346	0.9494	813.3631	-13.4008	-1.6752	97.3041	49.7682	0.2516	
11987.4505	11993.2000	5.7495	0.0479	0.5598	0.5875	0.5669	-0.0071	-1.2669	0.0327	0.0332	-1.9619	-0.6921	2.9340	-2.9481	1.1460	2.2236	2.1736	0.0500	2.2485	0.0000	1.7890	182.4534	223.6212	226.5240	2.9028	1.2814	800.6245	842.9090	42.2845	5.0165	264.8613	5.7233	891.7940	0.5883	nan	233.8357	703.0672	83.4102	94.5184	78.8380	55.2457	79.1074	0.9662	852.4257	-9.5167	-1.1290	96.8741	53.3083	0.2518	
11989.6757	11870.3333	-119.3424	-1.0054	0.5807	0.5998	0.5988	-0.0181	-3.1146	0.0304	0.0322	-0.6447	-0.2134	3.3405	-3.0608	1.1286	2.2635	2.2167	0.0468	2.0665	0.0000	3.5005	191.5380	235.3548	225.1353	-10.2194	-4.5392	961.9302	864.2167	-97.7135	-11.3066	264.9333	5.8307	914.3500	0.5919	nan	232.9383	721.8004	83.5209	94.5171	78.9415	56.4987	81.7073	0.9791	874.8044	-10.5877	-1.2251	96.6508	52.3487	0.2565	
11701.7633	11476.8182	-224.9451	-1.9600	0.6031	0.6525	0.6127	-0.0096	-1.5946	0.0315	0.0339	-0.9296	-0.3037	3.2401	-3.0143	1.1422	2.2702	2.2560	0.0142	0.6261	0.0000	0.5074	184.9205	226.8898	224.7864	-2.1034	-0.9358	900.5963	867.6891	-32.9072	-3.7925	264.9703	5.8579	918.0564	0.5915	nan	231.9661	724.7784	83.5300	94.5137	78.9473	57.7232	84.2192	0.9817	893.3383	-25.6492	-2.9560	96.9049	51.9066	0.2657	
11237.2491	10967.6667	-269.5825	-2.4580	0.6330	0.6391	0.6577	-0.0247	-3.8945	0.0344	0.0339	-0.1586	-0.0842	3.2543	-2.9448	1.1654	2.2797	2.2698	0.0099	0.4321	0.0000	-3.0166	183.5155	224.8833	224.3423	-0.5410	-0.2411	898.8459	871.4156	-27.4303	-3.1478	264.9822	5.8891	922.1289	0.5909	nan	231.9056	726.9904	83.4264	94.5004	78.8383	59.0991	86.5615	0.9837	896.4469	-25.0314	-2.8725	96.7386	52.2110	0.2777	

Torque compensated Offset = 	0
Mean Torque Mainboard Error perc = 	-6.420040951387777


Step N. = 	4
Target Speed = 	10000

Speed Mainboard (rpm_M)	Speed TestBench (rpm_M)	Speed Error (rpm_M)	Speed Error %	Torque TestBench (Nm_M)	Torque Ref (Nm)	Torque MainBoard (Nm_M)	Torque MainBoard Error (Nm_M)	Torque MainBoard Error %	Flux Ref (V/rad/s)	Flux (V/rad/s)	Id * Iq (A^2)	Id (Apeak)	Iq (Apeak)	Id Rotor (Apeak)	Iq Rotor (Apeak)	IMotor Measured (Arms)	IMotor MainBoard (Arms)	IMotor Error (Arms)	IMotor Error %	Motor Current THD %	Vsdref (Vpeak)	Vsqref (Vpeak)	Vout MainBoard (Vrms)	Vout Measured (Vrms)	Vout Error (Vrms)	Vout Error %	Motor Power MainBoard (W)	Motor Power Measured (W)	Motor Power Error (W)	Motor Power Error %	Line Voltage (Vrms)	Line Current (Arms)	Line Power (W)	Line Power Factor	Bulk Ripple (V)	DC Bus Voltage (Vrms)	Motor Mechanical Power (W)	Motor Efficiency	Inverter Efficiency	Overall Efficiency	Temperature (deg C)	Estimated Temperature (deg C)	Motor cos-phi	Electrical Power Alpha-Beta [W]	Electrical Power Error [W]	Electrical Power Error [%]	Bus Voltage Usage [%]	Rotational Losses [W]	Kt [Nm/Arms]	
10005.7479	9996.8889	-8.8590	-0.0886	0.1528	0.1473	0.1478	0.0050	3.2832	0.0462	0.0465	-0.6539	-1.0758	0.5138	-0.9604	0.4183	0.8975	0.8705	0.0270	3.0062	0.0000	-9.0650	198.0229	243.1249	249.8153	6.6904	2.6781	171.9672	202.9600	30.9928	15.2704	264.9263	1.5439	221.1144	0.5404	nan	251.3071	159.9392	78.7080	91.7758	72.2398	41.9098	55.6779	0.5224	182.0298	20.9302	10.3125	99.4066	29.5986	0.1702	
10000.2245	9995.0000	-5.2245	-0.0523	0.2196	0.2297	0.2276	-0.0080	-3.6520	0.0459	0.0456	-0.9562	-1.1276	0.8461	-1.2819	0.5055	0.9860	0.9239	0.0621	6.2952	0.0000	-5.2507	197.4851	242.8127	247.6740	4.8613	1.9628	260.7080	280.0256	19.3176	6.8985	264.7477	2.0702	301.2256	0.5496	nan	248.9138	229.8028	82.0696	92.9614	76.2927	42.3151	56.2875	0.6620	266.5455	13.4800	4.8139	99.5022	33.9998	0.2227	
9996.4862	9996.2500	-0.2362	-0.0024	0.2602	0.2809	0.2852	-0.0250	-9.5912	0.0453	0.0452	-1.1114	-1.0855	1.0153	-1.4564	0.5942	1.0587	1.0090	0.0497	4.6928	0.0000	-2.5878	197.4844	242.1527	246.1025	3.9498	1.6050	305.0573	325.1912	20.1340	6.1914	264.6403	2.3948	347.7650	0.5487	nan	247.9186	272.4314	83.7765	93.5083	78.3379	42.7527	56.9751	0.7206	321.8902	3.3011	1.0151	99.2675	34.0237	0.2458	
10002.1113	9998.1111	-4.0002	-0.0400	0.2917	0.3070	0.3089	-0.0173	-5.9239	0.0451	0.0463	-1.2702	-1.0850	1.1602	-1.5125	0.6826	1.1162	1.0650	0.0513	4.5917	0.0000	0.0242	195.9592	240.3282	245.1659	4.8377	1.9732	340.7302	362.2811	21.5509	5.9487	264.7772	2.6582	386.0456	0.5485	nan	247.2227	305.3749	84.2984	93.8436	79.1084	43.1977	57.6863	0.7643	360.3382	1.9429	0.5363	99.1680	36.0442	0.2613	
9998.6295	10000.0000	1.3705	0.0137	0.3280	0.3473	0.3364	-0.0084	-2.5552	0.0451	0.0449	-1.2318	-1.0147	1.2099	-1.4751	0.7385	1.1846	1.1359	0.0487	4.1098	0.0000	-8.4257	196.8298	241.6927	244.2177	2.5251	1.0340	370.0948	402.4825	32.3877	8.0470	265.0010	2.9340	427.7675	0.5502	nan	246.4299	343.4812	85.3397	94.0889	80.2952	43.7080	58.4722	0.8032	397.6426	4.8399	1.2025	99.1024	35.4603	0.2769	
9997.1099	9995.5556	-1.5543	-0.0156	0.3612	0.3801	0.3792	-0.0180	-4.9856	0.0444	0.0445	-1.3237	-0.8891	1.4728	-1.5334	0.7864	1.2561	1.1947	0.0615	4.8924	0.0000	-4.1015	196.9706	241.4019	242.6662	1.2643	0.5210	440.6930	439.6222	-1.0708	-0.2436	265.0416	3.1867	466.3256	0.5521	nan	245.7091	378.1022	86.0080	94.2735	81.0827	44.2211	59.2722	0.8327	437.0751	2.5471	0.5794	98.7617	34.9993	0.2876	
9996.2789	9997.5714	1.2925	0.0129	0.3946	0.4176	0.4187	-0.0241	-6.1194	0.0437	0.0426	-1.7520	-1.0778	1.6199	-1.7965	0.8607	1.3322	1.2553	0.0769	5.7754	0.0000	-5.7623	196.2835	240.9363	241.1979	0.2616	0.1084	487.2027	479.0429	-8.1599	-1.7034	264.9249	3.4515	507.3929	0.5549	nan	244.4548	413.0935	86.2336	94.4125	81.4153	44.7916	60.2756	0.8607	480.0600	-1.0171	-0.2123	98.6678	36.0539	0.2962	
9990.7525	9998.1111	7.3586	0.0736	0.4277	0.4560	0.4576	-0.0300	-7.0091	0.0419	0.0445	-1.8499	-1.0236	1.8038	-1.6723	0.9042	1.4135	1.3412	0.0723	5.1152	0.0000	-9.3590	194.6702	239.1999	239.3667	0.1668	0.0697	541.9742	518.5756	-23.3987	-4.5121	264.7151	3.7159	548.8011	0.5579	nan	243.2515	447.7663	86.3452	94.4924	81.5897	45.3908	61.1869	0.8849	515.2796	3.2960	0.6356	98.4032	37.0781	0.3026	
9994.6652	9998.5556	3.8904	0.0389	0.4609	0.4841	0.4615	-0.0006	-0.1276	0.0428	0.0441	-1.6809	-0.9459	1.7843	-1.7107	0.9892	1.5013	1.4218	0.0795	5.2941	0.0000	-8.4583	192.9069	236.5593	237.4224	0.8631	0.3635	528.8399	558.6411	29.8012	5.3346	264.6247	3.9773	591.0100	0.5615	nan	241.9076	482.5721	86.3839	94.5231	81.6527	46.0660	62.4642	0.9048	554.7468	3.8943	0.6971	98.1462	37.9222	0.3070	
9999.0427	9998.5556	-0.4872	-0.0049	0.4950	0.5121	0.4931	0.0019	0.3820	0.0431	0.0424	-1.6189	-0.8313	1.9587	-1.8964	1.0359	1.5887	1.5296	0.0592	3.7249	0.0000	-5.1810	192.2527	235.7524	236.0724	0.3201	0.1356	571.2022	598.7978	27.5956	4.6085	264.9224	4.2332	633.2011	0.5646	nan	240.9749	518.2882	86.5552	94.5668	81.8525	46.8014	63.7817	0.9218	597.1550	1.6428	0.2744	97.9658	37.6741	0.3116	
9994.4267	9999.2222	4.7955	0.0480	0.5274	0.5513	0.5418	-0.0143	-2.7151	0.0415	0.0414	-1.6041	-0.7364	2.2048	-2.1505	1.1172	1.6830	1.6114	0.0716	4.2544	0.0000	-8.1646	191.8440	235.4046	234.5126	-0.8920	-0.3804	645.8932	639.6889	-6.2043	-0.9699	264.9940	4.4971	676.3656	0.5676	nan	240.0034	552.2954	86.3388	94.5774	81.6570	47.6043	65.3565	0.9358	638.9413	0.7476	0.1169	97.7124	39.1830	0.3134	
9999.8707	9997.4444	-2.4263	-0.0243	0.5612	0.5807	0.6011	-0.0399	-7.1008	0.0409	0.0406	-1.2271	-0.5402	2.4757	-2.2513	1.1636	1.7858	1.7344	0.0514	2.8783	0.0000	-12.2367	192.0214	235.8294	232.5377	-3.2917	-1.4156	726.1492	681.8178	-44.3314	-6.5019	264.7892	4.7694	720.9833	0.5709	nan	238.6205	587.5607	86.1755	94.5678	81.4942	48.4886	67.2881	0.9480	685.9512	-4.1335	-0.6062	97.4511	39.8009	0.3143	
9998.8066	9994.5714	-4.2352	-0.0424	0.5946	0.6145	0.6287	-0.0341	-5.7324	0.0399	0.0435	-1.0832	-0.4665	2.7293	-1.9293	1.2486	1.9059	1.8395	0.0664	3.4857	0.0000	-10.8286	192.9786	237.1716	230.4580	-6.7136	-2.9131	807.0651	727.4757	-79.5894	-10.9405	264.6144	5.0614	769.4871	0.5745	nan	237.2866	622.2963	85.5421	94.5403	80.8717	49.4517	69.0826	0.9562	724.2584	3.2173	0.4423	97.1226	42.9269	0.3120	
9996.0604	10004.4444	8.3841	0.0838	0.6269	0.6535	0.6612	-0.0343	-5.4763	0.0400	0.0410	-1.1798	-0.4520	2.7871	-2.3877	1.2719	2.0232	1.9713	0.0519	2.5644	0.0000	-7.1491	185.4825	227.6485	228.7830	1.1345	0.4959	780.2043	770.9289	-9.2754	-1.2032	264.5876	5.3336	815.7222	0.5780	nan	235.9018	656.7682	85.1919	94.5087	80.5138	50.4689	71.5975	0.9616	779.6315	-8.7026	-1.1288	96.9825	43.7527	0.3099	
9993.9549	9997.9000	3.9451	0.0395	0.6606	0.6840	0.6988	-0.0382	-5.7769	0.0402	0.0400	-0.3145	-0.1803	2.9549	-2.5352	1.3277	2.1546	2.0891	0.0655	3.0402	0.0000	0.8244	182.0475	223.2891	226.6891	3.4000	1.4998	805.3256	817.8580	12.5324	1.5323	264.8253	5.6120	866.2320	0.5829	nan	234.6695	691.6333	84.5662	94.4156	79.8437	51.7462	74.4306	0.9668	819.7584	-1.9004	-0.2324	96.5996	45.9989	0.3066	
9986.5981	9988.5556	1.9575	0.0196	0.6940	0.7076	0.7650	-0.0710	-10.2283	0.0396	0.0385	0.0912	0.0005	3.2538	-2.9515	1.3598	2.2747	2.2113	0.0634	2.7857	0.0000	-1.9323	183.4784	224.9515	224.1572	-0.7943	-0.3543	894.0998	866.8289	-27.2709	-3.1461	264.9920	5.8687	918.5589	0.5906	nan	232.8777	725.9234	83.7448	94.3683	79.0286	53.1774	77.7221	0.9815	881.4074	-14.5785	-1.6818	96.2564	51.0228	0.3051	
9879.1288	9677.6667	-201.4621	-2.0817	0.7290	0.7596	0.7175	0.0115	1.5781	0.0383	0.0400	-0.3107	-0.1181	3.1127	-2.9639	1.4695	2.3020	2.2792	0.0227	0.9876	0.0000	-8.3797	180.5419	221.5405	223.3457	1.8052	0.8082	844.7196	877.7211	33.0015	3.7599	264.8853	5.9241	929.9222	0.5926	nan	231.6681	738.7893	84.1713	94.3865	79.4464	54.6497	81.1518	0.9856	898.1513	-20.4302	-2.3276	96.4077	46.3880	0.3167	
9532.6420	9296.1111	-236.5309	-2.5444	0.7607	0.8185	0.7609	-0.0002	-0.0269	0.0384	0.0426	0.8541	0.2107	3.3914	-2.7011	1.5134	2.3079	2.2983	0.0096	0.4181	0.0000	-3.8566	189.9815	232.9558	222.8402	-10.1156	-4.5394	966.5658	877.9222	-88.6436	-10.0970	264.6052	5.9365	930.1100	0.5921	nan	231.2618	740.4704	84.3435	94.3891	79.6111	56.0947	84.1544	0.9856	898.9738	-21.0515	-2.3979	96.3584	43.9452	0.3296	

Torque compensated Offset = 	0
Mean Torque Mainboard Error perc = 	-3.9876276868902067


Step N. = 	5
Target Speed = 	8000

Speed Mainboard (rpm_M)	Speed TestBench (rpm_M)	Speed Error (rpm_M)	Speed Error %	Torque TestBench (Nm_M)	Torque Ref (Nm)	Torque MainBoard (Nm_M)	Torque MainBoard Error (Nm_M)	Torque MainBoard Error %	Flux Ref (V/rad/s)	Flux (V/rad/s)	Id * Iq (A^2)	Id (Apeak)	Iq (Apeak)	Id Rotor (Apeak)	Iq Rotor (Apeak)	IMotor Measured (Arms)	IMotor MainBoard (Arms)	IMotor Error (Arms)	IMotor Error %	Motor Current THD %	Vsdref (Vpeak)	Vsqref (Vpeak)	Vout MainBoard (Vrms)	Vout Measured (Vrms)	Vout Error (Vrms)	Vout Error %	Motor Power MainBoard (W)	Motor Power Measured (W)	Motor Power Error (W)	Motor Power Error %	Line Voltage (Vrms)	Line Current (Arms)	Line Power (W)	Line Power Factor	Bulk Ripple (V)	DC Bus Voltage (Vrms)	Motor Mechanical Power (W)	Motor Efficiency	Inverter Efficiency	Overall Efficiency	Temperature (deg C)	Estimated Temperature (deg C)	Motor cos-phi	Electrical Power Alpha-Beta [W]	Electrical Power Error [W]	Electrical Power Error [%]	Bus Voltage Usage [%]	Rotational Losses [W]	Kt [Nm/Arms]	
7995.6978	7996.3333	0.6355	0.0079	0.1367	0.1367	0.1291	0.0075	5.5165	0.0593	0.0595	-0.1014	-0.2755	0.3594	-0.4306	0.2873	0.4291	0.3423	0.0868	20.2294	0.0000	-0.0094	201.0009	246.3129	247.4443	1.1314	0.4573	108.6701	144.3833	35.7133	24.7350	264.9890	1.1146	159.3533	0.5394	nan	252.1300	114.4413	79.1386	90.5886	71.6956	41.1522	53.0611	0.7846	116.0274	28.3559	19.6393	98.1415	26.8833	0.3185	
7994.3011	7997.7273	3.4262	0.0428	0.2260	0.2277	0.2234	0.0026	1.1665	0.0582	0.0576	-0.2623	-0.4102	0.6370	-0.5964	0.5378	0.5965	0.5059	0.0906	15.1875	0.0000	-0.6752	195.9839	240.1445	245.1814	5.0369	2.0543	187.1360	221.9473	34.8113	15.6845	265.0248	1.6401	240.6382	0.5537	nan	249.6497	189.2825	85.2974	92.2249	78.6651	41.2660	53.0295	0.8759	198.6182	23.3291	10.5111	98.2105	26.7508	0.3789	
7996.2866	7996.7778	0.4912	0.0061	0.2871	0.2977	0.2930	-0.0058	-2.0362	0.0582	0.0590	-0.3754	-0.4362	0.8438	-0.5268	0.7243	0.7159	0.6459	0.0700	9.7821	0.0000	-3.1740	194.7344	238.6900	244.3522	5.6622	2.3172	248.7401	277.1733	28.4332	10.2583	265.0197	2.0395	297.7611	0.5509	nan	248.9541	240.4343	86.7511	93.0836	80.7509	41.4402	53.2732	0.9148	262.6126	14.5607	5.2533	98.1516	28.2146	0.4011	
7996.8309	7998.0000	1.1691	0.0146	0.3381	0.3515	0.3393	-0.0012	-0.3552	0.0578	0.0569	-0.4013	-0.4030	0.9822	-0.8238	0.8368	0.8225	0.7580	0.0645	7.8437	0.0000	-2.1734	195.0477	239.0594	243.3796	4.3202	1.7751	288.0091	324.1744	36.1654	11.1561	265.0034	2.3785	346.3389	0.5495	nan	248.2240	283.1850	87.3553	93.6000	81.7646	41.6991	53.7008	0.9350	310.9068	13.2676	4.0927	98.0486	29.7262	0.4111	
8001.4189	7996.7500	-4.6689	-0.0584	0.3872	0.3989	0.4015	-0.0143	-3.6905	0.0563	0.0566	-0.5136	-0.4121	1.2231	-0.8626	0.9324	0.9256	0.8571	0.0685	7.3976	0.0000	-4.9594	194.5561	238.5853	242.1444	3.5591	1.4698	359.9646	368.2325	8.2679	2.2453	265.0209	2.6907	392.0338	0.5498	nan	247.2230	324.2901	88.0703	93.9285	82.7229	41.9894	54.2800	0.9486	357.8825	10.3500	2.8107	97.9460	29.6625	0.4184	
7997.0905	7999.0000	1.9095	0.0239	0.4377	0.4475	0.4340	0.0036	0.8302	0.0575	0.0561	-0.4995	-0.3861	1.2601	-0.9386	1.0133	1.0304	0.9623	0.0681	6.6055	0.0000	-1.7473	193.8439	237.5671	240.6557	3.0886	1.2834	366.5228	411.4611	44.9383	10.9216	265.0460	2.9890	437.1744	0.5518	nan	246.2850	366.6128	89.1009	94.1181	83.8600	42.3539	54.9783	0.9580	401.9101	9.5510	2.3212	97.7145	27.1285	0.4248	
7999.6311	7999.1111	-0.5200	-0.0065	0.4860	0.4941	0.4949	-0.0089	-1.8283	0.0559	0.0556	-0.5832	-0.3686	1.5054	-0.9831	1.1554	1.1441	1.0706	0.0735	6.4275	0.0000	-8.2388	191.0333	234.2463	238.8500	4.6037	1.9274	435.2572	457.0600	21.8028	4.7702	264.9079	3.2989	484.8256	0.5548	nan	244.9917	407.1053	89.0711	94.2730	83.9700	42.7868	55.8632	0.9657	445.9764	11.0836	2.4250	97.4934	28.0709	0.4248	
7996.4130	7996.3333	-0.0797	-0.0010	0.5332	0.5434	0.5605	-0.0273	-5.1186	0.0532	0.0542	-0.7222	-0.3908	1.7908	-1.2910	1.1608	1.2618	1.1786	0.0832	6.5958	0.0000	-1.6723	194.1920	238.1754	236.9333	-1.2420	-0.5242	522.5114	502.8467	-19.6648	-3.9107	264.6946	3.6048	532.8922	0.5585	nan	243.5597	446.5058	88.7961	94.3618	83.7895	43.3007	56.9142	0.9711	487.0070	15.8396	3.1500	97.2799	29.6700	0.4226	
7997.4338	8000.2500	2.8162	0.0352	0.5821	0.5991	0.6158	-0.0337	-5.7850	0.0534	0.0537	-0.4457	-0.2406	1.9150	-1.3946	1.2857	1.3851	1.3179	0.0672	4.8530	0.0000	-2.4279	189.5026	232.2282	235.0954	2.8671	1.2196	546.6006	550.4112	3.8106	0.6923	264.6036	3.9186	582.9787	0.5622	nan	241.8902	487.6954	88.6057	94.4136	83.6558	43.9031	58.2582	0.9759	545.9471	4.4642	0.8111	97.1912	30.5054	0.4203	
7993.7146	7998.8889	5.1743	0.0647	0.6297	0.6485	0.6536	-0.0240	-3.8055	0.0527	0.0513	-0.4058	-0.1917	2.0873	-1.6633	1.3831	1.5120	1.4314	0.0806	5.3325	0.0000	-4.9137	186.1983	228.3054	233.2771	4.9717	2.1313	586.5438	597.5989	11.0550	1.8499	264.6226	4.2266	632.8644	0.5658	nan	240.6273	527.4351	88.2598	94.4276	83.3416	44.5623	59.7886	0.9782	587.1967	10.4022	1.7407	96.9458	31.6871	0.4164	
7997.5470	7998.7778	1.2308	0.0154	0.6791	0.6918	0.7150	-0.0359	-5.2920	0.0526	0.0519	0.0474	0.0128	2.2260	-1.7661	1.4870	1.6463	1.5711	0.0751	4.5624	0.0000	-3.6244	185.1029	226.8887	231.4544	4.5658	1.9726	617.7542	646.5844	28.8302	4.4588	264.6811	4.5437	684.7400	0.5694	nan	239.3267	568.8432	87.9773	94.4277	83.0749	45.3528	61.6416	0.9797	640.6682	5.9163	0.9150	96.7112	31.9949	0.4125	
7998.0215	7996.6667	-1.3549	-0.0169	0.7256	0.7395	0.7207	0.0049	0.6710	0.0530	0.0512	-0.4564	-0.2006	2.2662	-1.8678	1.5600	1.7884	1.7084	0.0800	4.4754	0.0000	3.0405	184.1317	225.8497	229.7696	3.9199	1.7060	622.0097	696.5522	74.5425	10.7016	264.7531	4.8650	737.8567	0.5729	nan	238.0144	607.5872	87.2283	94.4021	82.3453	46.2442	63.8224	0.9786	684.9281	11.6241	1.6688	96.5364	34.7961	0.4057	
7989.8685	7999.7000	9.8315	0.1229	0.7747	0.8009	0.7689	0.0058	0.7511	0.0517	0.0501	-0.1439	-0.0558	2.4809	-2.2829	1.6944	1.9457	1.8657	0.0800	4.1103	0.0000	4.5809	179.5996	220.7507	228.0184	7.2677	3.1873	661.8711	749.0970	87.2259	11.6441	264.8803	5.2024	793.9460	0.5762	nan	236.6782	648.9870	86.6367	94.3511	81.7427	47.2971	66.4675	0.9748	740.9071	8.1899	1.0933	96.3415	35.7445	0.3982	
7993.0962	7996.2857	3.1895	0.0399	0.8231	0.8453	0.8124	0.0108	1.3104	0.0520	0.0515	0.1100	0.0311	2.5907	-2.0688	1.6727	2.1223	2.0174	0.1048	4.9397	0.0000	5.2638	180.0599	220.8360	225.7011	4.8652	2.1556	696.3202	805.4100	109.0898	13.5446	264.9589	5.5445	854.4543	0.5816	nan	235.2573	689.2744	85.5806	94.2602	80.6684	48.4934	69.4506	0.9708	791.8847	13.5253	1.6793	95.9388	39.2200	0.3879	
7982.5648	7993.9000	11.3352	0.1418	0.8715	0.9263	0.9092	-0.0377	-4.3289	0.0497	0.0517	0.9866	0.3097	3.0606	-2.3172	1.7982	2.2738	2.2106	0.0632	2.7792	0.0000	13.4130	178.0077	219.2811	223.1637	3.8826	1.7398	819.3730	857.1550	37.7820	4.4078	264.9826	5.8269	909.9410	0.5893	nan	233.1757	729.5493	85.1129	94.1990	80.1755	49.8857	73.1701	0.9753	854.6267	2.5283	0.2950	95.7077	38.8638	0.3833	
7867.3103	7621.6667	-245.6436	-3.2230	0.9254	0.9680	0.9269	-0.0015	-0.1567	0.0500	0.0505	1.2542	0.4019	3.0841	-2.6667	1.8092	2.3231	2.3100	0.0131	0.5635	0.0000	2.8981	175.4330	215.3043	222.3391	7.0348	3.1640	814.5481	871.2689	56.7208	6.5101	264.9857	5.8867	924.8233	0.5929	nan	231.7599	738.6240	84.7758	94.2092	79.8666	51.5341	77.4309	0.9739	887.3873	-16.1184	-1.8500	95.9352	39.4542	0.3984	

Torque compensated Offset = 	0
Mean Torque Mainboard Error perc = 	-1.3844609049408705


Step N. = 	6
Target Speed = 	5250

Speed Mainboard (rpm_M)	Speed TestBench (rpm_M)	Speed Error (rpm_M)	Speed Error %	Torque TestBench (Nm_M)	Torque Ref (Nm)	Torque MainBoard (Nm_M)	Torque MainBoard Error (Nm_M)	Torque MainBoard Error %	Flux Ref (V/rad/s)	Flux (V/rad/s)	Id * Iq (A^2)	Id (Apeak)	Iq (Apeak)	Id Rotor (Apeak)	Iq Rotor (Apeak)	IMotor Measured (Arms)	IMotor MainBoard (Arms)	IMotor Error (Arms)	IMotor Error %	Motor Current THD %	Vsdref (Vpeak)	Vsqref (Vpeak)	Vout MainBoard (Vrms)	Vout Measured (Vrms)	Vout Error (Vrms)	Vout Error %	Motor Power MainBoard (W)	Motor Power Measured (W)	Motor Power Error (W)	Motor Power Error %	Line Voltage (Vrms)	Line Current (Arms)	Line Power (W)	Line Power Factor	Bulk Ripple (V)	DC Bus Voltage (Vrms)	Motor Mechanical Power (W)	Motor Efficiency	Inverter Efficiency	Overall Efficiency	Temperature (deg C)	Estimated Temperature (deg C)	Motor cos-phi	Electrical Power Alpha-Beta [W]	Electrical Power Error [W]	Electrical Power Error [%]	Bus Voltage Usage [%]	Rotational Losses [W]	Kt [Nm/Arms]	
5251.1394	5245.7143	-5.4252	-0.1034	0.1219	0.1440	0.1632	-0.0413	-33.9009	0.0709	0.0709	0.0948	0.2461	0.3871	0.1902	0.3972	0.3344	0.3462	-0.0117	-3.5108	0.0000	1.6601	158.6532	194.3214	193.7120	-0.6094	-0.3146	92.7665	84.9129	-7.8536	-9.2491	265.1091	0.6990	99.9057	0.5389	nan	251.0483	66.9425	78.7274	84.9368	66.8782	40.7031	55.7554	0.7554	86.5808	-1.6680	-1.9643	77.1616	16.1154	0.3644	
5252.6697	5246.8000	-5.8697	-0.1119	0.2560	0.2749	0.2819	-0.0259	-10.1244	0.0713	0.0713	0.1880	0.2841	0.6607	0.1122	0.7535	0.5367	0.5420	-0.0053	-0.9795	0.0000	2.8194	162.5782	199.1489	196.6122	-2.5367	-1.2902	162.3227	162.7910	0.4683	0.2877	265.0360	1.2246	182.3380	0.5618	nan	248.8348	140.6568	86.4197	89.2607	77.1379	40.7588	55.7991	0.8903	165.8439	-3.0529	-1.8754	79.0131	17.3553	0.4770	
5248.7173	5251.2500	2.5327	0.0482	0.3510	0.3865	0.3846	-0.0336	-9.5616	0.0722	0.0722	0.3548	0.3993	0.8931	0.0401	1.0179	0.7001	0.7030	-0.0029	-0.4158	0.0000	2.3191	165.8017	203.0884	200.1665	-2.9219	-1.4598	223.6074	220.2700	-3.3374	-1.5151	264.9787	1.6389	242.5050	0.5585	nan	248.6531	193.0174	87.6278	90.8288	79.5912	40.8197	56.1661	0.9075	221.2541	-0.9841	-0.4468	80.5003	19.1188	0.5014	
5245.3567	5245.5556	0.1988	0.0038	0.4332	0.4837	0.4767	-0.0435	-10.0417	0.0730	0.0731	0.5513	0.5058	1.0910	0.0324	1.1402	0.8442	0.8459	-0.0017	-0.1987	0.0000	2.4787	166.2220	203.6042	203.4381	-0.1661	-0.0816	273.9813	271.2589	-2.7224	-1.0036	264.8809	2.0095	295.6544	0.5555	nan	248.0039	237.9741	87.7310	91.7477	80.4911	40.9515	56.7806	0.9118	272.5127	-1.2538	-0.4622	82.0302	21.4513	0.5132	
5251.9794	5250.7778	-1.2016	-0.0229	0.5160	0.5405	0.5736	-0.0576	-11.1623	0.0736	0.0731	0.7616	0.5890	1.2923	-0.0941	1.3002	0.9811	0.9793	0.0018	0.1819	0.0000	4.1780	166.2081	203.6402	206.3224	2.6823	1.3000	325.8218	320.3844	-5.4373	-1.6971	264.8019	2.3652	346.7978	0.5537	nan	247.0988	283.7274	88.5597	92.3833	81.8143	41.1886	57.6511	0.9138	320.6797	-0.2952	-0.0922	83.4980	20.6619	0.5259	
5248.7956	5251.5556	2.7599	0.0526	0.5960	0.6355	0.6343	-0.0383	-6.4191	0.0738	0.0740	0.8738	0.6153	1.4211	-0.1060	1.5487	1.1202	1.1178	0.0023	0.2057	0.0000	5.3422	171.8133	210.6087	209.1699	-1.4388	-0.6879	371.2603	371.2011	-0.0592	-0.0159	264.7639	2.7194	399.9111	0.5554	nan	245.8195	327.7646	88.3027	92.8205	81.9628	41.5002	58.7693	0.9147	372.8892	-1.6881	-0.4548	85.0909	22.5609	0.5321	
5253.9476	5247.2222	-6.7254	-0.1282	0.6779	0.7025	0.7172	-0.0393	-5.8013	0.0746	0.0741	1.2491	0.7754	1.6173	-0.3150	1.7683	1.2637	1.2679	-0.0043	-0.3389	0.0000	0.3347	175.5130	215.1715	212.8566	-2.3150	-1.0876	424.4257	424.3433	-0.0824	-0.0194	264.7231	3.0819	455.5444	0.5584	nan	244.4381	372.4927	87.7807	93.1507	81.7684	41.9244	60.1975	0.9108	425.4023	-1.0590	-0.2496	87.0799	25.2411	0.5365	
5253.5708	5246.8750	-6.6958	-0.1276	0.7577	0.7809	0.7932	-0.0354	-4.6719	0.0757	0.0745	1.4728	0.8263	1.7739	-0.5100	1.9325	1.3935	1.3988	-0.0053	-0.3789	0.0000	3.3994	173.2931	212.3867	216.9822	4.5956	2.1180	466.8692	472.7412	5.8721	1.2421	264.7059	3.4048	506.2038	0.5616	nan	243.0178	416.3471	88.0709	93.3895	82.2489	42.3808	61.7984	0.9027	473.3508	-0.6096	-0.1289	89.2866	23.9797	0.5438	
5248.4190	5250.2222	1.8032	0.0343	0.8377	0.8880	0.9066	-0.0689	-8.2304	0.0771	0.0766	2.0570	1.0475	1.9521	-0.5809	2.0636	1.5411	1.5529	-0.0118	-0.7664	0.0000	7.0532	176.8214	216.7704	221.0439	4.2734	1.9333	529.6015	529.2422	-0.3593	-0.0679	264.6970	3.7750	565.5467	0.5660	nan	241.4018	460.5504	87.0209	93.5806	81.4346	43.0087	63.8668	0.8970	532.9282	-3.6860	-0.6965	91.5668	28.9551	0.5436	
5241.7926	5250.2500	8.4574	0.1611	0.9199	0.9901	0.9593	-0.0395	-4.2913	0.0763	0.0786	2.0952	0.9931	2.1320	-0.5009	2.2350	1.6807	1.6932	-0.0126	-0.7477	0.0000	16.7376	179.9428	221.7216	223.8717	2.1502	0.9605	598.4509	581.8350	-16.6159	-2.8558	264.6799	4.1206	620.7988	0.5692	nan	239.9767	505.7518	86.9236	93.7236	81.4679	43.7220	66.2213	0.8928	582.1535	-0.3185	-0.0547	93.2890	28.6936	0.5473	
5252.1351	5247.6000	-4.5351	-0.0864	0.9990	1.0366	1.0090	-0.0100	-1.0030	0.0766	0.0773	2.4449	1.1111	2.2038	-0.7963	2.5393	1.8313	1.8406	-0.0093	-0.5073	0.0000	7.9693	183.6015	225.3627	225.7648	0.4021	0.1781	620.1781	637.1240	16.9459	2.6597	264.6307	4.4777	679.1730	0.5732	nan	238.4514	548.9782	86.1658	93.8088	80.8311	44.6615	68.9960	0.8897	640.3996	-3.2756	-0.5141	94.6796	31.6830	0.5455	
5262.4529	5248.1111	-14.3418	-0.2733	1.0796	1.0765	1.0927	-0.0132	-1.2214	0.0786	0.0751	3.0284	1.3116	2.3199	-1.1339	2.6631	1.9949	1.9972	-0.0023	-0.1174	0.0000	2.3656	179.4390	219.9786	226.6217	6.6430	2.9313	627.3872	695.1922	67.8050	9.7534	264.6178	4.8468	740.6089	0.5775	nan	236.9320	593.3022	85.3436	93.8677	80.1101	45.7303	72.2353	0.8878	698.5712	-3.3789	-0.4860	95.6484	34.6225	0.5412	
5232.2101	5223.2500	-8.9601	-0.1715	1.1591	1.2323	1.2070	-0.0479	-4.1328	0.0705	0.0816	3.4991	1.2614	2.8433	-1.0230	2.8315	2.1529	2.1539	-0.0010	-0.0445	0.0000	16.0092	193.7898	238.3922	226.2700	-12.1222	-5.3574	854.8347	748.6225	-106.2122	-14.1877	264.6461	5.1542	797.2587	0.5845	nan	234.8710	634.0148	84.6909	93.8996	79.5244	46.8967	75.7085	0.8872	751.9695	-3.3470	-0.4471	96.3380	35.9183	0.5384	

Torque compensated Offset = 	0
Mean Torque Mainboard Error perc = 	-8.50477865927509


