WindyBPMp50_330uF__HefeiH24_ID12__HighSpeedPower_230Vac_20250616_090319
Report created on: 2025/06/16: 10:50:59


Step N. = 	0
Target Speed = 	18000

Speed Mainboard (rpm_M)	Speed TestBench (rpm_M)	Speed Error (rpm_M)	Speed Error %	Torque TestBench (Nm_M)	Torque Ref (Nm)	Torque MainBoard (Nm_M)	Torque MainBoard Error (Nm_M)	Torque MainBoard Error %	Flux Ref (V/rad/s)	Flux (V/rad/s)	Id * Iq (A^2)	Id (Apeak)	Iq (Apeak)	Id Rotor (Apeak)	Iq Rotor (Apeak)	IMotor Measured (Arms)	IMotor MainBoard (Arms)	IMotor Error (Arms)	IMotor Error %	Motor Current THD %	Vsdref (Vpeak)	Vsqref (Vpeak)	Vout MainBoard (Vrms)	Vout Measured (Vrms)	Vout Error (Vrms)	Vout Error %	Motor Power MainBoard (W)	Motor Power Measured (W)	Motor Power Error (W)	Motor Power Error %	Line Voltage (Vrms)	Line Current (Arms)	Line Power (W)	Line Power Factor	Bulk Ripple (V)	DC Bus Voltage (Vrms)	Motor Mechanical Power (W)	Motor Efficiency	Inverter Efficiency	Overall Efficiency	Temperature (deg C)	Estimated Temperature (deg C)	Motor cos-phi	Electrical Power Alpha-Beta [W]	Electrical Power Error [W]	Electrical Power Error [%]	Bus Voltage Usage [%]	Rotational Losses [W]	Kt [Nm/Arms]	
18005.8924	18005.8924	0.0000	0.0000	0.2040	0.2093	0.2220	-0.0180	-8.8460	0.0203	0.0210	-4.2484	-2.3511	1.8080	-2.8953	0.3492	2.0503	2.0188	0.0315	1.5342	0.0000	-9.9091	182.4142	223.7911	210.2260	-13.5651	-6.4526	529.0061	443.7922	-85.2139	-19.2013	230.7337	2.7678	472.6556	0.7401	nan	206.2757	384.6562	86.6764	93.8934	81.3833	40.0724	80.7535	0.5945	483.1390	-39.3467	-8.8660	101.9151	20.7276	0.0995	
17993.8033	17993.8033	0.0000	0.0000	0.2112	0.2321	0.2501	-0.0388	-18.3740	0.0205	0.0208	-4.5529	-2.2089	2.0766	-2.8854	0.3605	2.0575	2.0295	0.0280	1.3609	0.0000	-4.9156	179.5941	220.0473	209.4882	-10.5591	-5.0404	576.3732	457.1000	-119.2732	-26.0935	230.6352	2.8446	486.6975	0.7418	nan	205.8471	398.0588	87.0825	93.9187	81.7867	40.4753	81.3632	0.6123	496.4871	-39.3871	-8.6167	101.7689	20.2996	0.1027	
18001.7747	18001.7747	0.0000	0.0000	0.2218	0.2343	0.2212	0.0006	0.2733	0.0213	0.0207	-3.9620	-2.3390	1.6959	-3.0549	0.3904	2.0720	2.0538	0.0182	0.8775	0.0000	-8.7605	186.3951	228.5610	208.6481	-19.9129	-9.5438	505.0070	479.5456	-25.4615	-5.3095	230.4658	2.9744	510.5756	0.7448	nan	205.2654	418.0830	87.1822	93.9226	81.8837	40.8935	81.9729	0.6404	527.1689	-47.6233	-9.9309	101.6480	22.1048	0.1070	
17998.8098	17998.8098	0.0000	0.0000	0.2377	0.2526	0.2549	-0.0172	-7.2497	0.0216	0.0201	-4.6808	-2.3214	2.0185	-3.0603	0.4885	2.0933	2.0824	0.0109	0.5223	0.0000	-7.3170	188.0063	230.4375	207.6463	-22.7912	-10.9760	594.6294	509.3389	-85.2905	-16.7453	230.3128	3.1427	542.0000	0.7488	nan	204.5460	447.9607	87.9481	93.9740	82.6484	41.2943	82.6042	0.6765	562.0306	-52.6917	-10.3451	101.5157	21.1427	0.1135	
18003.5727	18003.5727	0.0000	0.0000	0.2508	0.2590	0.2809	-0.0302	-12.0301	0.0205	0.0205	-4.4047	-1.9274	2.3018	-2.9706	0.3830	2.1111	2.0837	0.0274	1.2978	0.0000	-4.6843	179.0712	219.4016	206.7989	-12.6027	-6.0942	631.7200	533.7663	-97.9538	-18.3514	230.2732	3.2819	568.0250	0.7516	nan	204.1842	472.7465	88.5683	93.9688	83.2265	41.7109	83.2330	0.7059	573.3069	-39.5406	-7.4079	101.2806	20.0269	0.1188	
17994.4823	17994.4823	0.0000	0.0000	0.2645	0.2817	0.2536	0.0109	4.1359	0.0200	0.0199	-4.5017	-2.1540	2.1127	-3.0012	0.4638	2.1298	2.1097	0.0201	0.9438	0.0000	-8.7935	184.2858	225.9904	205.9540	-20.0364	-9.7286	611.3541	555.1175	-56.2366	-10.1306	230.2942	3.4010	590.7075	0.7542	nan	203.8759	498.4174	89.7871	93.9750	84.3775	42.0800	83.8334	0.7307	598.8801	-43.7626	-7.8835	101.0193	14.9166	0.1242	
17999.9136	17999.9136	0.0000	0.0000	0.2764	0.2889	0.3048	-0.0284	-10.2749	0.0203	0.0192	-4.4686	-1.8107	2.4900	-3.1197	0.4390	2.1519	2.1377	0.0142	0.6600	0.0000	-5.8171	180.2642	220.9269	205.1787	-15.7482	-7.6754	688.8654	582.1922	-106.6732	-18.3227	230.3612	3.5540	619.7056	0.7569	nan	203.4809	521.0835	89.5032	93.9466	84.0853	42.4895	84.4445	0.7613	627.5215	-45.3292	-7.7860	100.8344	18.3820	0.1285	
17998.1495	17998.1495	0.0000	0.0000	0.2895	0.3069	0.2904	-0.0009	-0.2977	0.0201	0.0208	-4.9029	-2.0322	2.4349	-3.0795	0.4947	2.1788	2.1742	0.0046	0.2113	0.0000	-5.0460	181.6543	222.5814	204.1830	-18.3984	-9.0107	678.0895	612.8750	-65.2145	-10.6407	230.4008	3.7296	652.6575	0.7595	nan	203.1152	545.6386	89.0296	93.9045	83.6028	42.8970	85.0899	0.7954	661.8882	-49.0132	-7.9973	100.5257	23.3633	0.1329	
17998.2643	17998.2643	0.0000	0.0000	0.3033	0.3191	0.3400	-0.0366	-12.0766	0.0217	0.0201	-4.5913	-1.7411	2.6388	-3.0906	0.5862	2.2004	2.1832	0.0172	0.7811	0.0000	-9.6070	185.1309	227.0956	203.3974	-23.6982	-11.6512	758.4104	635.8244	-122.5860	-19.2798	230.4666	3.8572	677.3244	0.7619	nan	202.7522	571.7142	89.9175	93.8730	84.4082	43.3181	85.7116	0.8202	697.8437	-62.0192	-9.7541	100.3182	19.2912	0.1379	
18000.7277	18000.7277	0.0000	0.0000	0.3157	0.3275	0.3614	-0.0457	-14.4728	0.0216	0.0198	-4.3098	-1.5369	2.8262	-3.1114	0.5895	2.2245	2.2113	0.0132	0.5927	0.0000	-5.7448	185.5200	227.3389	202.7123	-24.6266	-12.1485	799.4795	659.7211	-139.7584	-21.1845	230.5168	3.9940	703.1611	0.7637	nan	202.4633	595.0417	90.1971	93.8222	84.6249	43.7278	86.3558	0.8447	721.6277	-61.9066	-9.3838	100.1230	18.7975	0.1419	
18003.1949	18003.1949	0.0000	0.0000	0.3290	0.3385	0.3895	-0.0605	-18.3938	0.0209	0.0206	-3.2022	-0.9892	3.2346	-3.0335	0.5597	2.2542	2.2431	0.0111	0.4935	0.0000	-4.6372	178.3996	218.5805	201.7881	-16.7923	-8.3218	872.5340	686.7900	-185.7440	-27.0452	230.5517	4.1485	732.6343	0.7660	nan	202.1561	620.2605	90.3141	93.7426	84.6628	44.1280	86.9666	0.8717	740.8437	-54.0537	-7.8705	99.8180	19.3389	0.1460	
18001.1131	18001.1131	0.0000	0.0000	0.3418	0.3565	0.3237	0.0181	5.2890	0.0198	0.0202	-4.0214	-1.5349	2.6699	-3.3012	0.5992	2.2930	2.2968	-0.0038	-0.1639	0.0000	-7.1379	180.6819	221.5337	200.3938	-21.1399	-10.5492	739.9248	712.6967	-27.2282	-3.8204	230.5976	4.2984	761.0333	0.7678	nan	201.7114	644.2756	90.3995	93.6485	84.6579	44.5811	87.6195	0.8955	766.1877	-53.4911	-7.5054	99.3468	19.5023	0.1491	
18002.6808	18002.6808	0.0000	0.0000	0.3560	0.3690	0.3525	0.0035	0.9801	0.0193	0.0204	-3.9492	-1.3138	3.0618	-3.3532	0.5297	2.3265	2.3225	0.0040	0.1712	0.0000	-7.0589	176.0337	215.7917	199.7780	-16.0137	-8.0158	824.4661	740.1625	-84.3036	-11.3899	230.5858	4.4575	791.1500	0.7697	nan	201.4046	671.1442	90.6749	93.5553	84.8312	45.0528	88.3075	0.9194	798.7802	-58.6177	-7.9196	99.1924	18.5655	0.1530	
17996.4566	17996.4566	0.0000	0.0000	0.3682	0.3935	0.3811	-0.0129	-3.5047	0.0190	0.0195	-1.8422	-0.6012	3.4226	-3.4701	0.5643	2.3792	2.3745	0.0047	0.1980	0.0000	2.3773	172.5550	211.3920	198.4577	-12.9343	-6.5174	882.2305	768.1744	-114.0561	-14.8477	230.5201	4.6313	822.4322	0.7703	nan	200.9504	693.9462	90.3365	93.4028	84.3768	45.5231	88.9804	0.9393	817.2235	-49.0491	-6.3851	98.7595	21.3676	0.1548	
18003.0104	18003.0104	0.0000	0.0000	0.3815	0.3995	0.4250	-0.0435	-11.4038	0.0211	0.0195	-1.9263	-0.5797	3.3985	-3.4339	0.6995	2.4246	2.4284	-0.0037	-0.1546	0.0000	-7.0685	182.4924	223.7661	197.4843	-26.2818	-13.3083	936.3304	793.1600	-143.1704	-18.0506	230.3953	4.7835	850.4275	0.7717	nan	200.5484	719.2301	90.6797	93.2660	84.5734	46.0301	89.6726	0.9564	862.0042	-68.8442	-8.6797	98.4722	18.9199	0.1573	
17993.8164	17993.8164	0.0000	0.0000	0.3958	0.2736	0.3524	0.0433	10.9507	0.0188	0.0187	-4.0430	-1.3713	2.9709	-3.7360	0.5758	2.5854	2.5839	0.0014	0.0558	0.0000	7.6388	144.5236	177.4035	196.0240	18.6205	9.4991	629.5553	827.5156	197.9603	23.9222	230.2711	5.2038	894.9878	0.7469	nan	201.2104	745.7679	90.1243	92.4610	83.3296	46.5649	90.4538	0.9427	870.1511	-42.6355	-5.1522	97.4224	19.0688	0.1531	
17996.2218	17996.2218	0.0000	0.0000	0.4063	0.3850	0.4454	-0.0391	-9.6155	0.0196	0.0183	3.0215	0.7904	3.7953	-3.5807	0.7137	2.6234	2.6175	0.0060	0.2269	0.0000	-2.5847	184.2631	225.7174	196.0368	-29.6806	-15.1403	1045.8389	854.4789	-191.3600	-22.3949	230.2160	5.2234	922.6767	0.7673	nan	200.5055	765.7599	89.6309	92.6088	83.0062	47.2092	91.2912	0.9592	917.3853	-62.9064	-7.3620	97.7713	24.0181	0.1549	
17880.8528	17880.8528	0.0000	0.0000	0.4211	0.3954	0.4169	0.0043	1.0092	0.0188	0.0190	4.5431	1.2549	3.6601	-3.8493	0.6903	2.7033	2.7086	-0.0053	-0.1977	0.0000	1.6582	169.4071	207.5801	196.0221	-11.5580	-5.8963	937.1546	877.6989	-59.4557	-6.7740	230.1934	5.3232	949.2911	0.7747	nan	200.1869	788.5173	89.8402	92.4584	83.0648	47.9053	92.1935	0.9563	943.7891	-66.0902	-7.5299	97.9196	20.2945	0.1558	
17539.0743	17539.0743	0.0000	0.0000	0.4347	0.4633	0.3872	0.0475	10.9268	0.0178	0.0192	0.6795	0.1532	3.5798	-3.7394	0.6082	2.7422	2.7460	-0.0037	-0.1367	0.0000	6.7593	174.1634	213.5485	195.5823	-17.9661	-9.1860	939.5027	881.3622	-58.1405	-6.5967	230.1261	5.3519	954.3211	0.7749	nan	200.1147	798.3054	90.5767	92.3550	83.6521	48.6276	93.0700	0.9488	927.2104	-45.8482	-5.2020	97.7351	11.9686	0.1585	
17085.0913	17085.0913	0.0000	0.0000	0.4450	0.4742	0.3874	0.0576	12.9433	0.0182	0.0197	3.8743	1.0857	3.5470	-3.7807	0.6447	2.7414	2.7543	-0.0130	-0.4724	0.0000	14.3876	151.5099	186.6687	194.9223	8.2535	4.2343	834.3416	879.4175	45.0759	5.1257	230.0920	5.3425	952.4025	0.7748	nan	200.0647	796.1677	90.5349	92.3370	83.5974	49.2876	93.8493	0.9502	933.0780	-53.6605	-6.1018	97.4296	12.0242	0.1623	
16509.6006	16509.6006	0.0000	0.0000	0.4603	0.4813	0.4935	-0.0331	-7.2002	0.0226	0.0208	5.5269	1.4974	3.6918	-3.8176	0.6960	2.7727	2.7866	-0.0138	-0.4995	0.0000	6.3130	175.3911	214.9613	194.5363	-20.4250	-10.4993	985.1564	879.9822	-105.1742	-11.9519	230.1468	5.3492	953.9733	0.7749	nan	200.1210	795.8406	90.4385	92.2439	83.4240	49.9515	94.5897	0.9419	927.0612	-47.0789	-5.3500	97.2093	11.0877	0.1660	

Torque compensated Offset = 	0
Mean Torque Mainboard Error perc = 	-4.153886093315903


Step N. = 	1
Target Speed = 	16296

Speed Mainboard (rpm_M)	Speed TestBench (rpm_M)	Speed Error (rpm_M)	Speed Error %	Torque TestBench (Nm_M)	Torque Ref (Nm)	Torque MainBoard (Nm_M)	Torque MainBoard Error (Nm_M)	Torque MainBoard Error %	Flux Ref (V/rad/s)	Flux (V/rad/s)	Id * Iq (A^2)	Id (Apeak)	Iq (Apeak)	Id Rotor (Apeak)	Iq Rotor (Apeak)	IMotor Measured (Arms)	IMotor MainBoard (Arms)	IMotor Error (Arms)	IMotor Error %	Motor Current THD %	Vsdref (Vpeak)	Vsqref (Vpeak)	Vout MainBoard (Vrms)	Vout Measured (Vrms)	Vout Error (Vrms)	Vout Error %	Motor Power MainBoard (W)	Motor Power Measured (W)	Motor Power Error (W)	Motor Power Error %	Line Voltage (Vrms)	Line Current (Arms)	Line Power (W)	Line Power Factor	Bulk Ripple (V)	DC Bus Voltage (Vrms)	Motor Mechanical Power (W)	Motor Efficiency	Inverter Efficiency	Overall Efficiency	Temperature (deg C)	Estimated Temperature (deg C)	Motor cos-phi	Electrical Power Alpha-Beta [W]	Electrical Power Error [W]	Electrical Power Error [%]	Bus Voltage Usage [%]	Rotational Losses [W]	Kt [Nm/Arms]	
16304.8564	16304.8564	0.0000	0.0000	0.1884	0.1905	0.2250	-0.0366	-19.4180	0.0227	0.0233	-4.0595	-2.3012	1.7582	-2.8076	0.3264	1.8963	1.8613	0.0351	1.8496	0.0000	-4.5113	176.9104	216.7610	210.7217	-6.0392	-2.8660	483.1673	371.0838	-112.0835	-30.2044	230.7242	2.3594	396.6887	0.7287	nan	207.8010	321.6392	86.6761	93.5453	81.0815	42.0609	72.9427	0.5361	398.3825	-27.2988	-7.3565	101.4055	16.3219	0.0993	
16298.8844	16298.8844	0.0000	0.0000	0.1951	0.1984	0.2015	-0.0064	-3.2755	0.0230	0.0239	-3.3178	-2.2372	1.4822	-2.6125	0.3441	1.8964	1.8774	0.0189	0.9979	0.0000	-8.6970	174.9975	214.6648	210.5827	-4.0821	-1.9385	417.7563	378.2800	-39.4763	-10.4357	230.7859	2.4000	404.1343	0.7296	nan	207.6734	333.0730	88.0489	93.6025	82.4161	42.5085	73.4074	0.5469	408.4998	-30.2198	-7.9887	101.4009	12.0248	0.1029	
16302.4130	16302.4130	0.0000	0.0000	0.2100	0.2082	0.2206	-0.0106	-5.0297	0.0223	0.0234	-4.0436	-2.3757	1.7054	-2.8025	0.3704	1.9152	1.9005	0.0147	0.7656	0.0000	-7.8194	170.8600	209.4930	209.7618	0.2688	0.1281	464.9793	403.3800	-61.5993	-15.2708	230.7308	2.5434	430.5925	0.7337	nan	207.0656	358.5086	88.8780	93.6802	83.2610	42.9389	73.8763	0.5797	431.2553	-27.8753	-6.9104	101.3021	10.9692	0.1097	
16296.9917	16296.9917	0.0000	0.0000	0.2272	0.2341	0.2610	-0.0337	-14.8468	0.0244	0.0233	-3.7932	-2.1062	1.8008	-2.7715	0.4631	1.9402	1.9149	0.0253	1.3060	0.0000	-9.7708	178.4062	218.8516	208.5881	-10.2635	-4.9205	512.4713	436.8911	-75.5801	-17.2995	230.5820	2.7356	466.0633	0.7389	nan	206.2335	387.7810	88.7591	93.7407	83.2033	43.3642	74.3360	0.6233	480.4293	-43.5381	-9.9654	101.1417	14.2551	0.1171	
16308.9074	16308.9074	0.0000	0.0000	0.2466	0.2378	0.2715	-0.0249	-10.1108	0.0243	0.0238	-3.8810	-2.0752	1.8859	-2.7846	0.4747	1.9645	1.9464	0.0180	0.9179	0.0000	-9.7844	178.6333	219.1522	207.4978	-11.6544	-5.6166	534.3662	468.7344	-65.6318	-14.0019	230.4286	2.9180	499.6911	0.7432	nan	205.4966	421.0845	89.8342	93.8049	84.2688	43.7983	74.8147	0.6639	511.2447	-42.5102	-9.0692	100.9739	11.8577	0.1255	
16291.0017	16291.0017	0.0000	0.0000	0.2639	0.2765	0.2422	0.0217	8.2327	0.0230	0.0219	-3.6409	-2.1451	1.6974	-2.8318	0.4158	1.9906	1.9794	0.0112	0.5631	0.0000	-8.9591	177.4265	217.6251	206.3283	-11.2968	-5.4752	480.2274	499.4267	19.1993	3.8443	230.3034	3.0937	532.3267	0.7471	nan	204.8712	450.1925	90.1420	93.8196	84.5708	44.1998	75.2866	0.7021	531.6412	-32.2145	-6.4503	100.7113	12.4243	0.1326	
16299.1423	16299.1423	0.0000	0.0000	0.2802	0.2836	0.2457	0.0345	12.3102	0.0236	0.0228	-3.7298	-2.2025	1.6943	-2.8251	0.4943	2.0184	1.9962	0.0222	1.1018	0.0000	-10.9210	176.9218	217.1829	205.3877	-11.7952	-5.7429	485.8146	530.4722	44.6576	8.4185	230.2852	3.2707	565.3167	0.7506	nan	204.3498	478.2945	90.1650	93.8363	84.6075	44.6365	75.7638	0.7388	574.3856	-43.9134	-8.2782	100.5079	14.2667	0.1388	
16296.5474	16296.5474	0.0000	0.0000	0.2978	0.3042	0.3202	-0.0224	-7.5144	0.0236	0.0223	-4.0776	-1.7981	2.2849	-2.8950	0.5768	2.0498	2.0396	0.0101	0.4944	0.0000	-11.2747	178.4984	219.1218	204.4256	-14.6962	-7.1890	642.2884	563.3889	-78.8995	-14.0044	230.2976	3.4559	600.4011	0.7544	nan	203.8681	508.1786	90.1998	93.8354	84.6393	45.0769	76.2441	0.7763	608.7540	-45.3651	-8.0522	100.2735	16.0433	0.1453	
16293.6100	16293.6100	0.0000	0.0000	0.3156	0.3211	0.3780	-0.0624	-19.7741	0.0232	0.0229	-3.6784	-1.3283	2.7786	-2.8583	0.5660	2.0761	2.0549	0.0212	1.0199	0.0000	-6.1195	177.7133	217.8243	203.6416	-14.1827	-6.9645	753.0412	588.1457	-164.8955	-28.0365	230.3529	3.5963	626.8914	0.7567	nan	203.5720	538.4477	91.5503	93.8194	85.8920	45.5158	76.7211	0.8032	634.8963	-46.7506	-7.9488	100.0342	9.4495	0.1520	
16296.7639	16296.7639	0.0000	0.0000	0.3319	0.3364	0.3997	-0.0678	-20.4289	0.0221	0.0228	-3.0995	-1.0009	3.1017	-2.9270	0.5862	2.1145	2.1071	0.0074	0.3506	0.0000	-1.1678	171.9939	210.6562	202.7064	-7.9497	-3.9218	802.0430	621.9533	-180.0896	-28.9555	230.4953	3.7868	663.2467	0.7599	nan	203.1632	566.3993	91.0679	93.7740	85.3981	45.9241	77.1937	0.8378	667.8880	-45.9347	-7.3856	99.7752	13.7334	0.1570	
16294.6222	16294.6222	0.0000	0.0000	0.3497	0.3560	0.3840	-0.0343	-9.8101	0.0209	0.0223	-3.0706	-0.9831	3.1368	-2.9767	0.5645	2.1532	2.1348	0.0185	0.8574	0.0000	2.0847	164.9917	202.1038	201.7681	-0.3357	-0.1664	773.6705	653.7678	-119.9027	-18.3403	230.5924	3.9662	697.5533	0.7627	nan	202.7899	596.6606	91.2650	93.7230	85.5362	46.3692	77.6960	0.8688	689.8843	-36.1165	-5.5244	99.4961	13.6649	0.1624	
16295.8752	16295.8752	0.0000	0.0000	0.3660	0.3704	0.3540	0.0120	3.2821	0.0204	0.0225	-3.8938	-1.3451	2.9025	-2.9678	0.5839	2.1911	2.1741	0.0170	0.7743	0.0000	-3.3894	165.5833	202.8563	200.8935	-1.9628	-0.9770	727.7448	681.6075	-46.1373	-6.7689	230.6352	4.1248	727.7500	0.7650	nan	202.3828	624.5793	91.6341	93.6596	85.8241	46.8518	78.2052	0.8940	716.9988	-35.3913	-5.1923	99.2641	11.9596	0.1670	
16292.7124	16292.7124	0.0000	0.0000	0.3831	0.3921	0.3574	0.0258	6.7236	0.0224	0.0219	-3.8506	-1.4967	2.5901	-3.1210	0.6083	2.2421	2.2301	0.0120	0.5333	0.0000	-7.5109	178.0319	218.2681	199.6082	-18.6599	-9.3483	707.8119	713.0489	5.2370	0.7345	230.5359	4.3086	762.2300	0.7674	nan	201.7877	653.6524	91.6697	93.5477	85.7549	47.3446	78.7491	0.9199	765.1168	-52.0679	-7.3022	98.9199	12.1135	0.1709	
16298.7308	16298.7308	0.0000	0.0000	0.4005	0.4035	0.3890	0.0115	2.8819	0.0218	0.0215	-3.4348	-1.1919	2.9019	-3.2403	0.6404	2.3058	2.2930	0.0128	0.5553	0.0000	-6.7761	175.0918	214.6508	198.1730	-16.4778	-8.3149	774.7792	747.7125	-27.0667	-3.6199	230.3470	4.5152	800.6300	0.7698	nan	201.1553	683.5732	91.4220	93.3905	85.3795	47.8015	79.2995	0.9447	793.2326	-45.5201	-6.0879	98.5174	14.0412	0.1737	
16298.0703	16298.0703	0.0000	0.0000	0.4176	0.4248	0.4141	0.0035	0.8342	0.0198	0.0220	-0.7171	-0.2178	3.5087	-3.3597	0.6505	2.3784	2.3743	0.0042	0.1753	0.0000	8.5763	165.1688	202.5848	196.8961	-5.6887	-2.8892	866.8574	779.8400	-87.0174	-11.1584	230.1766	4.7133	836.6762	0.7712	nan	200.5881	712.7730	91.4002	93.2069	85.1913	48.3477	79.8855	0.9614	816.7790	-36.9390	-4.7367	98.1594	13.6484	0.1756	
16296.3554	16296.3554	0.0000	0.0000	0.4353	0.4794	0.3829	0.0525	12.0521	0.0187	0.0217	6.0680	1.6951	3.5859	-3.5666	0.6394	2.6095	2.6034	0.0061	0.2332	0.0000	1.1255	177.2859	217.1563	195.1773	-21.9790	-11.2610	956.9432	823.7456	-133.1976	-16.1698	230.2174	5.1294	891.3222	0.7548	nan	201.2128	742.9182	90.1893	92.4183	83.3514	48.9715	80.6045	0.9338	873.3898	-49.6442	-6.0266	97.0004	16.3690	0.1668	
16293.5584	16293.5584	0.0000	0.0000	0.4525	0.4598	0.4260	0.0265	5.8547	0.0195	0.0216	2.9678	0.8235	3.6142	-3.7262	0.7082	2.6649	2.6724	-0.0076	-0.2835	0.0000	5.7209	166.6981	204.3393	194.8605	-9.4788	-4.8644	910.0184	856.0250	-53.9934	-6.3075	230.4323	5.2014	925.6100	0.7722	nan	200.6536	772.0813	90.2025	92.4824	83.4216	49.6657	81.4007	0.9518	908.4480	-52.4230	-6.1240	97.1129	16.5385	0.1698	
15943.4570	15943.4570	0.0000	0.0000	0.4682	0.4526	0.4683	-0.0001	-0.0213	0.0211	0.0223	4.9126	1.3650	3.6313	-3.9427	0.7796	2.7645	2.7749	-0.0104	-0.3764	0.0000	7.6856	170.4354	209.0779	194.1960	-14.8819	-7.6634	942.3963	866.8800	-75.5163	-8.7113	230.5345	5.2613	939.4850	0.7746	nan	200.5438	781.7814	90.1833	92.2718	83.2139	50.4575	82.2278	0.9323	927.5444	-60.6644	-6.9980	96.8347	12.3351	0.1694	
15373.0182	15373.0182	0.0000	0.0000	0.4878	0.4963	0.5132	-0.0254	-5.2060	0.0230	0.0226	6.7173	1.8228	3.6877	-3.9402	0.8348	2.7789	2.7893	-0.0104	-0.3731	0.0000	7.4957	166.9582	204.9639	193.7466	-11.2173	-5.7897	943.1861	864.7833	-78.4028	-9.0662	230.5151	5.2510	937.5944	0.7746	nan	200.5153	785.2192	90.7999	92.2343	83.7487	51.2274	82.9846	0.9273	920.9847	-56.2014	-6.4989	96.6243	5.8205	0.1755	
14934.3391	14934.3391	0.0000	0.0000	0.4979	0.4383	0.5395	-0.0417	-8.3668	0.0241	0.0227	5.3972	1.4548	3.7219	-3.7340	0.8621	2.7847	2.7996	-0.0149	-0.5349	0.0000	2.3860	164.2837	201.3607	193.1919	-8.1688	-4.2283	922.1974	862.0767	-60.1207	-6.9739	230.3440	5.2387	934.7789	0.7747	nan	200.3832	778.6422	90.3216	92.2225	83.2969	51.9848	83.6906	0.9252	912.6809	-50.6042	-5.8700	96.4112	9.1652	0.1788	

Torque compensated Offset = 	0
Mean Torque Mainboard Error perc = 	-3.5815433420001406


Step N. = 	2
Target Speed = 	13968

Speed Mainboard (rpm_M)	Speed TestBench (rpm_M)	Speed Error (rpm_M)	Speed Error %	Torque TestBench (Nm_M)	Torque Ref (Nm)	Torque MainBoard (Nm_M)	Torque MainBoard Error (Nm_M)	Torque MainBoard Error %	Flux Ref (V/rad/s)	Flux (V/rad/s)	Id * Iq (A^2)	Id (Apeak)	Iq (Apeak)	Id Rotor (Apeak)	Iq Rotor (Apeak)	IMotor Measured (Arms)	IMotor MainBoard (Arms)	IMotor Error (Arms)	IMotor Error %	Motor Current THD %	Vsdref (Vpeak)	Vsqref (Vpeak)	Vout MainBoard (Vrms)	Vout Measured (Vrms)	Vout Error (Vrms)	Vout Error %	Motor Power MainBoard (W)	Motor Power Measured (W)	Motor Power Error (W)	Motor Power Error %	Line Voltage (Vrms)	Line Current (Arms)	Line Power (W)	Line Power Factor	Bulk Ripple (V)	DC Bus Voltage (Vrms)	Motor Mechanical Power (W)	Motor Efficiency	Inverter Efficiency	Overall Efficiency	Temperature (deg C)	Estimated Temperature (deg C)	Motor cos-phi	Electrical Power Alpha-Beta [W]	Electrical Power Error [W]	Electrical Power Error [%]	Bus Voltage Usage [%]	Rotational Losses [W]	Kt [Nm/Arms]	
13970.3114	13961.0000	-9.3114	-0.0667	0.1908	0.1961	0.1988	-0.0080	-4.2033	0.0271	0.0281	-2.6885	-2.2116	1.2151	-2.4147	0.3471	1.7376	1.7279	0.0096	0.5546	0.0000	-7.8851	169.1574	207.4301	209.5275	2.0974	1.0010	333.3911	313.8225	-19.5686	-6.2356	230.3950	2.0359	337.6850	0.7199	nan	208.1813	278.8745	88.8397	92.9325	82.5615	41.6695	69.0295	0.4977	338.7370	-24.9145	-7.9391	100.6466	7.1839	0.1098	
13964.6465	13968.0000	3.3535	0.0240	0.2179	0.2239	0.2108	0.0071	3.2606	0.0278	0.0277	-2.7637	-2.1658	1.2761	-2.4668	0.4074	1.7627	1.7453	0.0174	0.9877	0.0000	-4.6900	173.1104	212.1549	208.6484	-3.5065	-1.6806	346.3560	347.6144	1.2584	0.3620	230.3747	2.2306	372.9800	0.7258	nan	207.6603	318.7122	91.6880	93.1990	85.4522	42.0282	69.4731	0.5457	371.1536	-23.5392	-6.7716	100.4759	0.2877	0.1236	
13964.0440	13962.8889	-1.1551	-0.0083	0.2403	0.2539	0.2632	-0.0229	-9.5175	0.0267	0.0273	-3.4227	-2.0662	1.6624	-2.5694	0.4321	1.7994	1.7742	0.0253	1.4035	0.0000	-7.6374	169.0897	207.4073	207.3753	-0.0320	-0.0154	445.3026	393.2244	-52.0782	-13.2439	230.3502	2.4924	420.9933	0.7333	nan	206.7903	351.4135	89.3671	93.4039	83.4724	42.4259	69.9078	0.6084	415.9963	-22.7719	-5.7911	100.2829	11.9440	0.1336	
13971.9967	13972.5556	0.5589	0.0040	0.2623	0.2576	0.2665	-0.0042	-1.5907	0.0271	0.0270	-3.3031	-2.0135	1.6462	-2.5216	0.4142	1.8169	1.7939	0.0230	1.2665	0.0000	-8.8732	171.0362	209.7928	206.9132	-2.8795	-1.3917	449.2454	414.0667	-35.1787	-8.4959	230.3474	2.6110	442.5944	0.7359	nan	206.5080	383.8472	92.7019	93.5544	86.7267	42.8080	70.3263	0.6359	434.8472	-20.7805	-5.0186	100.1963	-0.2783	0.1444	
13965.7957	13967.8889	2.0931	0.0150	0.2807	0.2940	0.3014	-0.0207	-7.3821	0.0262	0.0271	-3.6644	-1.9176	1.9206	-2.6628	0.4899	1.8564	1.8434	0.0129	0.6961	0.0000	-5.1524	169.3603	207.5370	205.7581	-1.7789	-0.8646	502.2911	456.5011	-45.7900	-10.0307	230.3973	2.8523	487.5000	0.7418	nan	205.7290	410.5356	89.9338	93.6411	84.2150	43.1867	70.7358	0.6900	485.8233	-29.3222	-6.4232	100.0142	14.0814	0.1512	
13967.1093	13973.4444	6.3351	0.0453	0.3049	0.3096	0.3000	0.0048	1.5899	0.0269	0.0270	-3.5119	-1.8875	1.8712	-2.6301	0.5209	1.8828	1.8728	0.0099	0.5265	0.0000	-5.5244	170.3409	208.8014	205.1759	-3.6255	-1.7670	492.6696	483.9778	-8.6919	-1.7959	230.5308	3.0070	516.4578	0.7450	nan	205.5236	446.1428	92.1824	93.7110	86.3851	43.5750	71.1500	0.7233	512.1192	-28.1414	-5.8146	99.8308	4.9872	0.1619	
13969.7284	13964.8889	-4.8395	-0.0347	0.3260	0.3229	0.3191	0.0069	2.1295	0.0264	0.0275	-3.5979	-1.8198	1.9816	-2.6229	0.5289	1.9090	1.8937	0.0153	0.8022	0.0000	-4.1383	170.1001	208.4178	204.6434	-3.7743	-1.8443	516.4606	509.7778	-6.6828	-1.3109	230.6970	3.1512	543.7078	0.7479	nan	205.2866	476.7419	93.5197	93.7595	87.6837	43.9898	71.5741	0.7534	537.5219	-27.7441	-5.4424	99.6867	-0.7903	0.1708	
13967.9809	13964.4444	-3.5364	-0.0253	0.3457	0.3541	0.3812	-0.0356	-10.2892	0.0261	0.0275	-3.5499	-1.4573	2.4448	-2.6698	0.6207	1.9612	1.9501	0.0111	0.5666	0.0000	-3.8870	169.7059	208.0182	203.2519	-4.7664	-2.3450	630.4383	554.4333	-76.0049	-13.7086	230.6732	3.4048	591.4722	0.7531	nan	204.4819	505.4874	91.1717	93.7378	85.4624	44.3791	71.9951	0.8030	586.3835	-31.9502	-5.7627	99.3985	13.1901	0.1763	
13969.3010	13971.3333	2.0324	0.0145	0.3686	0.3656	0.3503	0.0183	4.9660	0.0263	0.0282	-3.7184	-1.6978	2.1971	-2.6050	0.5745	1.9880	1.9786	0.0093	0.4693	0.0000	-5.3082	171.2521	209.8863	202.4637	-7.4227	-3.6662	577.4701	575.1867	-2.2835	-0.3970	230.4630	3.5253	613.5578	0.7552	nan	203.9974	539.2243	93.7479	93.7461	87.8851	44.8123	72.4249	0.8251	602.0689	-26.8823	-4.6737	99.2481	-0.8402	0.1854	
13966.2497	13966.3333	0.0836	0.0006	0.3874	0.3955	0.3847	0.0028	0.7127	0.0257	0.0276	-3.9268	-1.5627	2.5352	-2.6613	0.6274	2.0438	2.0376	0.0062	0.3043	0.0000	-7.7015	170.1366	208.6307	201.0071	-7.6236	-3.7927	665.0037	615.0367	-49.9671	-8.1242	230.2711	3.7551	656.5289	0.7593	nan	203.1697	566.6571	92.1358	93.6801	86.3130	45.2222	72.8619	0.8643	646.5807	-31.5440	-5.1288	98.9356	9.4177	0.1896	
13967.8542	13959.2222	-8.6320	-0.0618	0.4090	0.4146	0.4313	-0.0223	-5.4419	0.0261	0.0259	-3.1070	-1.1471	2.8058	-2.9030	0.6868	2.0947	2.0813	0.0133	0.6366	0.0000	-6.7558	171.9719	210.8566	199.9888	-10.8678	-5.4342	736.1572	648.9289	-87.2283	-13.4419	230.3174	3.9483	693.1533	0.7622	nan	202.7742	597.8790	92.1333	93.6198	86.2550	45.6621	73.3195	0.8944	682.4147	-33.4858	-5.1602	98.6264	10.0537	0.1953	
13967.9847	13961.5000	-6.4847	-0.0464	0.4317	0.4287	0.4279	0.0038	0.8834	0.0256	0.0251	-3.1429	-1.1597	2.8038	-3.0270	0.6840	2.1313	2.1244	0.0069	0.3259	0.0000	-4.1724	167.9237	205.8171	199.4822	-6.3349	-3.1756	713.3761	671.9450	-41.4311	-6.1658	230.5525	4.0769	718.0725	0.7640	nan	202.7031	631.2381	93.9419	93.5762	87.9072	46.0995	73.7799	0.9125	703.0857	-31.1407	-4.6344	98.4110	-1.8100	0.2026	
13966.3687	13966.5000	0.1313	0.0009	0.4522	0.4619	0.4750	-0.0228	-5.0333	0.0259	0.0263	-2.5515	-0.8362	3.0875	-3.0746	0.7790	2.2246	2.2243	0.0002	0.0111	0.0000	-2.4199	170.8425	209.3654	197.8746	-11.4908	-5.8071	792.6486	720.8900	-71.7586	-9.9542	230.6170	4.3597	771.8320	0.7677	nan	201.9402	661.3738	91.7447	93.3999	85.6895	46.6101	74.2951	0.9455	759.6801	-38.7901	-5.3809	97.9867	13.1027	0.2033	
13967.5259	13969.0000	1.4741	0.0106	0.4730	0.4758	0.4561	0.0169	3.5782	0.0244	0.0258	-2.6376	-0.8694	3.0830	-3.1606	0.7752	2.2840	2.2856	-0.0016	-0.0696	0.0000	-3.4429	171.2607	209.8430	196.7443	-13.0986	-6.6577	796.2531	746.1556	-50.0976	-6.7141	230.3338	4.5128	799.7611	0.7694	nan	201.2986	691.9190	92.7312	93.2973	86.5157	47.1510	74.8453	0.9587	779.7147	-33.5592	-4.4976	97.7376	5.2079	0.2071	
13969.3611	13966.7500	-2.6111	-0.0187	0.4932	0.4988	0.4972	-0.0039	-0.7913	0.0264	0.0255	-1.6078	-0.5691	3.1352	-3.2328	0.8567	2.3910	2.3917	-0.0007	-0.0291	0.0000	-7.1915	175.7474	215.4415	195.2520	-20.1895	-10.3402	833.1878	783.1775	-50.0103	-6.3856	230.1800	4.7388	841.5000	0.7715	nan	200.6634	721.4247	92.1151	93.0692	85.7308	47.6734	75.4046	0.9686	829.6791	-46.5016	-5.9376	97.3032	7.9106	0.2063	
13965.3156	13966.2222	0.9066	0.0065	0.5147	0.4935	0.5289	-0.0142	-2.7599	0.0249	0.0252	4.1719	1.1579	3.5105	-3.4326	0.8278	2.6400	2.6425	-0.0025	-0.0945	0.0000	4.8559	159.2585	195.1985	193.5419	-1.6566	-0.8559	855.7748	830.9167	-24.8582	-2.9917	230.3278	5.1146	899.4478	0.7635	nan	201.0373	752.7205	90.5890	92.3807	83.6868	48.3370	76.1463	0.9389	870.5397	-39.6230	-4.7686	96.2716	12.3846	0.1949	
13784.9858	13802.7500	17.7642	0.1287	0.5353	0.5372	0.5360	-0.0007	-0.1346	0.0244	0.0249	6.4231	1.7226	3.7180	-3.7418	0.8554	2.8114	2.8199	-0.0086	-0.3045	0.0000	4.1972	158.8428	194.7028	192.4735	-2.2293	-1.1582	894.6767	857.8250	-36.8517	-4.2959	230.5197	5.2133	930.8550	0.7746	nan	200.5499	773.6555	90.1880	92.1545	83.1123	49.1050	77.0081	0.9153	903.4457	-45.6207	-5.3182	95.9729	9.3132	0.1904	
13317.1337	13302.7778	-14.3559	-0.1079	0.5558	0.6355	0.5539	0.0019	0.3335	0.0256	0.0262	6.8136	1.8897	3.5923	-3.8216	0.8643	2.8218	2.8311	-0.0093	-0.3296	0.0000	5.1702	158.4022	194.1185	192.2196	-1.8990	-0.9879	867.5159	856.7456	-10.7704	-1.2571	230.5283	5.2075	929.8556	0.7746	nan	200.5484	774.2247	90.3680	92.1375	83.2628	49.9699	77.8405	0.9119	899.7960	-43.0505	-5.0249	95.8470	6.8509	0.1970	
12770.7852	12777.1250	6.3398	0.0496	0.5782	0.6405	0.5705	0.0078	1.3445	0.0269	0.0266	6.0667	1.7194	3.5221	-3.7449	0.9021	2.8297	2.8475	-0.0178	-0.6291	0.0000	5.9483	175.6615	215.5205	191.6289	-23.8916	-12.4677	940.1417	854.3750	-85.7667	-10.0385	230.3173	5.1987	927.4162	0.7746	nan	200.3433	773.7004	90.5574	92.1242	83.4254	50.7720	78.6005	0.9097	892.7120	-38.3370	-4.4871	95.6502	4.3448	0.2043	

Torque compensated Offset = 	0
Mean Torque Mainboard Error perc = 	-1.4918590684803703


Step N. = 	3
Target Speed = 	11640

Speed Mainboard (rpm_M)	Speed TestBench (rpm_M)	Speed Error (rpm_M)	Speed Error %	Torque TestBench (Nm_M)	Torque Ref (Nm)	Torque MainBoard (Nm_M)	Torque MainBoard Error (Nm_M)	Torque MainBoard Error %	Flux Ref (V/rad/s)	Flux (V/rad/s)	Id * Iq (A^2)	Id (Apeak)	Iq (Apeak)	Id Rotor (Apeak)	Iq Rotor (Apeak)	IMotor Measured (Arms)	IMotor MainBoard (Arms)	IMotor Error (Arms)	IMotor Error %	Motor Current THD %	Vsdref (Vpeak)	Vsqref (Vpeak)	Vout MainBoard (Vrms)	Vout Measured (Vrms)	Vout Error (Vrms)	Vout Error %	Motor Power MainBoard (W)	Motor Power Measured (W)	Motor Power Error (W)	Motor Power Error %	Line Voltage (Vrms)	Line Current (Arms)	Line Power (W)	Line Power Factor	Bulk Ripple (V)	DC Bus Voltage (Vrms)	Motor Mechanical Power (W)	Motor Efficiency	Inverter Efficiency	Overall Efficiency	Temperature (deg C)	Estimated Temperature (deg C)	Motor cos-phi	Electrical Power Alpha-Beta [W]	Electrical Power Error [W]	Electrical Power Error [%]	Bus Voltage Usage [%]	Rotational Losses [W]	Kt [Nm/Arms]	
11634.5368	11640.1429	5.6061	0.0482	0.1837	0.1587	0.1395	0.0443	24.0884	0.0344	0.0346	-1.4372	-2.0604	0.6988	-2.1013	0.3026	1.5414	1.4782	0.0632	4.0986	0.0000	-5.2383	171.8000	210.5183	209.9564	-0.5619	-0.2676	196.1022	252.4871	56.3849	22.3318	230.8523	1.6774	274.0586	0.7077	nan	211.3924	223.9416	88.6530	92.1269	81.6743	40.9441	74.1041	0.4504	223.8928	28.5943	11.3251	99.3213	6.7594	0.1192	
11645.1282	11640.8750	-4.2532	-0.0365	0.2213	0.2035	0.2270	-0.0058	-2.6179	0.0334	0.0333	-2.3099	-1.9906	1.1604	-2.1853	0.4179	1.5803	1.5439	0.0364	2.3055	0.0000	-9.1128	171.0366	209.8058	208.5532	-1.2526	-0.6006	325.0331	297.0788	-27.9544	-9.4097	230.7572	1.9383	320.7100	0.7170	nan	209.3492	269.7097	90.8002	92.6306	84.1082	41.2855	74.4733	0.5204	296.9071	0.1716	0.0578	99.6199	4.4373	0.1400	
11641.0013	11638.3333	-2.6680	-0.0229	0.2544	0.2450	0.2535	0.0010	0.3832	0.0332	0.0332	-2.2922	-1.8707	1.2336	-2.2013	0.4330	1.6105	1.5898	0.0207	1.2860	0.0000	-5.2900	169.5928	207.8213	207.6852	-0.1360	-0.0655	329.3298	333.2133	3.8836	1.1655	230.6907	2.1477	358.2600	0.7231	nan	208.4120	310.1073	93.0656	93.0088	86.5593	41.6366	74.8827	0.5752	343.2333	-10.0200	-3.0071	99.6514	-0.7438	0.1580	
11638.0125	11636.8889	-1.1236	-0.0097	0.2793	0.2696	0.2653	0.0140	5.0144	0.0328	0.0329	-2.5433	-1.8888	1.3474	-2.2584	0.4475	1.6442	1.6084	0.0357	2.1741	0.0000	-3.7112	166.8194	204.4370	206.6870	2.2500	1.0886	347.2329	367.3156	20.0827	5.4674	230.6321	2.3446	393.9700	0.7286	nan	207.9873	340.3981	92.6748	93.2342	86.4045	41.9749	75.2524	0.6240	370.0340	-2.7184	-0.7401	99.3750	2.0265	0.1699	
11640.2814	11635.6667	-4.6148	-0.0397	0.3076	0.2984	0.2902	0.0173	5.6326	0.0327	0.0328	-2.7094	-1.8317	1.4848	-2.3120	0.5253	1.6847	1.6478	0.0368	2.1862	0.0000	-4.8247	165.9337	203.3210	205.5026	2.1815	1.0616	383.0335	404.9489	21.9154	5.4119	230.4510	2.5622	433.5289	0.7342	nan	207.1550	374.7513	92.5447	93.4075	86.4436	42.3162	75.6221	0.6753	408.6125	-3.6636	-0.9047	99.2025	4.0305	0.1826	
11637.4947	11635.2500	-2.2447	-0.0193	0.3345	0.3289	0.3329	0.0016	0.4646	0.0320	0.0326	-2.8783	-1.6633	1.7329	-2.4048	0.5541	1.7219	1.6955	0.0265	1.5377	0.0000	-3.0474	162.2620	198.7687	204.5387	5.7701	2.8210	428.6511	436.7225	8.0714	1.8482	230.3415	2.7454	466.9750	0.7384	nan	206.4365	407.5683	93.3255	93.5215	87.2794	42.6671	75.9856	0.7159	444.9243	-8.2018	-1.8780	99.0808	1.7776	0.1943	
11640.6743	11643.1000	2.4257	0.0208	0.3613	0.3532	0.3622	-0.0009	-0.2382	0.0323	0.0326	-3.0893	-1.6695	1.8524	-2.3822	0.5967	1.7676	1.7375	0.0301	1.7054	0.0000	-6.5027	167.6845	205.5338	203.5380	-1.9958	-0.9806	482.6558	473.6290	-9.0268	-1.9059	230.3854	2.9562	506.0880	0.7431	nan	205.8574	440.5196	93.0095	93.5863	87.0441	43.0466	76.3757	0.7600	481.4858	-7.8568	-1.6588	98.8734	4.2167	0.2044	
11637.4978	11642.0000	4.5022	0.0387	0.3892	0.3850	0.4117	-0.0224	-5.7599	0.0313	0.0317	-3.2512	-1.4932	2.1983	-2.4876	0.6814	1.8137	1.7832	0.0305	1.6815	0.0000	-4.7642	162.5753	199.2170	202.7212	3.5042	1.7286	545.4615	508.6950	-36.7665	-7.2276	230.5573	3.1542	543.3525	0.7471	nan	205.4869	474.5529	93.2884	93.6215	87.3380	43.4311	76.7748	0.7988	522.3635	-13.6685	-2.6870	98.6542	3.6782	0.2146	
11635.0070	11641.6667	6.6597	0.0572	0.4164	0.4115	0.3862	0.0303	7.2699	0.0318	0.0315	-3.2510	-1.5956	2.0452	-2.5884	0.6602	1.8609	1.8295	0.0314	1.6857	0.0000	-5.9392	163.5382	200.4463	201.8503	1.4040	0.6956	515.1322	541.8478	26.7155	4.9304	230.6511	3.3420	578.6567	0.7507	nan	205.1592	507.6924	93.6964	93.6389	87.7363	43.8107	77.1550	0.8329	546.3962	-4.5484	-0.8394	98.3873	2.0368	0.2238	
11637.2000	11642.1111	4.9111	0.0422	0.4422	0.4365	0.4035	0.0387	8.7553	0.0323	0.0316	-3.1977	-1.5561	2.0643	-2.5975	0.7233	1.9154	1.8852	0.0302	1.5780	0.0000	-5.4020	165.9914	203.4069	200.8777	-2.5292	-1.2591	525.7504	577.1322	51.3818	8.9030	230.6942	3.5427	616.5333	0.7544	nan	204.6620	539.1391	93.4170	93.6092	87.4469	44.1900	77.5623	0.8660	589.6536	-12.5214	-2.1696	98.1511	3.9117	0.2309	
11637.7528	11634.1111	-3.6417	-0.0313	0.4702	0.4636	0.4615	0.0087	1.8575	0.0303	0.0313	-2.8840	-1.1650	2.5484	-2.7409	0.7608	1.9754	1.9485	0.0269	1.3624	0.0000	-1.0546	161.6475	198.1107	199.7544	1.6438	0.8229	619.7752	612.4700	-7.3052	-1.1927	230.6434	3.7451	654.6522	0.7579	nan	204.0872	572.8813	93.5361	93.5565	87.5091	44.6065	77.9812	0.8961	626.6448	-14.1748	-2.3144	97.8771	3.2797	0.2380	
11637.5616	11639.8889	2.3273	0.0200	0.4970	0.4917	0.4611	0.0359	7.2226	0.0317	0.0306	-3.0746	-1.2891	2.4276	-2.7953	0.8530	2.0457	2.0042	0.0415	2.0266	0.0000	-6.8806	164.3280	201.4985	198.5082	-2.9903	-1.5064	610.5808	649.3478	38.7669	5.9701	230.5027	3.9588	694.6489	0.7612	nan	203.4320	605.8063	93.2945	93.4786	87.2104	45.0495	78.4243	0.9232	663.2922	-13.9444	-2.1475	97.5798	4.5355	0.2430	
11637.4269	11638.1429	0.7160	0.0062	0.5234	0.5171	0.5902	-0.0668	-12.7601	0.0310	0.0301	-0.6424	-0.2059	3.2920	-2.8412	0.9409	2.1201	2.0785	0.0416	1.9640	0.0000	-4.0281	168.9301	207.0374	197.3293	-9.7081	-4.9198	837.0890	684.0400	-153.0490	-22.3743	230.3276	4.1620	732.5614	0.7642	nan	202.8115	637.9247	93.2584	93.3765	87.0814	45.4816	78.8736	0.9440	710.8761	-26.8361	-3.9232	97.2970	4.1472	0.2469	
11639.6702	11640.2222	0.5520	0.0047	0.5510	0.5417	0.5113	0.0397	7.1991	0.0309	0.0289	-2.5419	-0.9639	2.7813	-3.0946	0.9100	2.2132	2.1732	0.0400	1.8086	0.0000	-5.8061	164.3170	201.3764	196.1251	-5.2513	-2.6775	691.6631	721.7400	30.0769	4.1673	230.2047	4.3842	774.0833	0.7670	nan	202.1401	671.6471	93.0595	93.2380	86.7669	45.9652	79.3634	0.9600	736.0768	-14.3368	-1.9864	97.0245	4.2708	0.2490	
11634.9584	11643.6667	8.7083	0.0748	0.5770	0.5757	0.5934	-0.0164	-2.8361	0.0299	0.0300	1.3902	0.3141	3.3553	-3.3227	0.9326	2.3260	2.2913	0.0346	1.4891	0.0000	4.4242	160.6877	197.1824	195.1083	-2.0741	-1.0630	821.4164	759.3444	-62.0720	-8.1744	230.1942	4.6076	816.0056	0.7694	nan	201.5178	703.5487	92.6524	93.0563	86.2188	46.5080	79.9181	0.9661	778.1510	-18.8066	-2.4767	96.8195	5.0766	0.2481	
11635.7826	11638.2500	2.4674	0.0212	0.6052	0.6134	0.5690	0.0362	5.9833	0.0300	0.0308	-0.7042	-0.3309	3.1324	-2.9805	1.0368	2.5065	2.4518	0.0547	2.1833	0.0000	2.9119	153.8321	188.6048	193.6918	5.0869	2.6263	716.6900	801.3300	84.6400	10.5624	230.2387	4.9000	864.6975	0.7666	nan	201.2667	737.6513	92.0540	92.6721	85.3087	47.1106	80.5263	0.9530	819.5088	-18.1788	-2.2686	96.2364	4.6378	0.2415	
11612.8513	11607.6667	-5.1846	-0.0447	0.6310	0.6106	0.6252	0.0058	0.9250	0.0293	0.0290	3.7001	0.9918	3.5220	-3.7100	1.0080	2.8526	2.6707	0.1820	6.3784	0.0000	5.9054	153.1497	188.1702	190.8778	2.7076	1.4185	823.9001	854.0633	30.1632	3.5317	230.3220	5.1997	927.8989	0.7748	nan	200.7288	767.0135	89.8078	92.0427	82.6616	47.8465	81.2669	0.9056	868.7921	-14.7287	-1.7245	95.0926	10.3591	0.2212	
11441.2572	11120.0000	-321.2572	-2.8890	0.6609	0.6125	0.6914	-0.0305	-4.6139	0.0323	0.0297	7.1502	1.9793	3.6048	-3.7720	1.1071	2.8782	2.8809	-0.0027	-0.0936	0.0000	4.5544	167.4613	205.2743	190.4072	-14.8670	-7.8080	921.8933	852.3689	-69.5244	-8.1566	230.4281	5.1889	926.1289	0.7746	nan	200.4451	769.5859	90.2879	92.0357	83.0971	48.8374	82.3784	0.8980	891.7830	-39.4141	-4.6241	94.9922	4.4047	0.2296	
10935.4407	10641.5000	-293.9407	-2.7622	0.6895	0.7548	0.6473	0.0422	6.1273	0.0301	0.0327	6.7510	1.8301	3.6445	-3.9010	0.9948	2.8962	2.8998	-0.0036	-0.1238	0.0000	-0.1083	164.9511	202.2666	190.0598	-12.2069	-6.4227	897.5684	851.7250	-45.8434	-5.3824	230.4660	5.1864	925.7675	0.7745	nan	200.4977	768.3521	90.2113	92.0020	82.9963	49.7239	83.2757	0.8934	885.6566	-33.9316	-3.9839	94.7940	3.7403	0.2381	

Torque compensated Offset = 	0
Mean Torque Mainboard Error perc = 	2.7419529050894136


Step N. = 	4
Target Speed = 	9312

Speed Mainboard (rpm_M)	Speed TestBench (rpm_M)	Speed Error (rpm_M)	Speed Error %	Torque TestBench (Nm_M)	Torque Ref (Nm)	Torque MainBoard (Nm_M)	Torque MainBoard Error (Nm_M)	Torque MainBoard Error %	Flux Ref (V/rad/s)	Flux (V/rad/s)	Id * Iq (A^2)	Id (Apeak)	Iq (Apeak)	Id Rotor (Apeak)	Iq Rotor (Apeak)	IMotor Measured (Arms)	IMotor MainBoard (Arms)	IMotor Error (Arms)	IMotor Error %	Motor Current THD %	Vsdref (Vpeak)	Vsqref (Vpeak)	Vout MainBoard (Vrms)	Vout Measured (Vrms)	Vout Error (Vrms)	Vout Error %	Motor Power MainBoard (W)	Motor Power Measured (W)	Motor Power Error (W)	Motor Power Error %	Line Voltage (Vrms)	Line Current (Arms)	Line Power (W)	Line Power Factor	Bulk Ripple (V)	DC Bus Voltage (Vrms)	Motor Mechanical Power (W)	Motor Efficiency	Inverter Efficiency	Overall Efficiency	Temperature (deg C)	Estimated Temperature (deg C)	Motor cos-phi	Electrical Power Alpha-Beta [W]	Electrical Power Error [W]	Electrical Power Error [%]	Bus Voltage Usage [%]	Rotational Losses [W]	Kt [Nm/Arms]	
9306.8921	9309.0000	2.1079	0.0226	0.1801	0.1970	0.1908	-0.0107	-5.9603	0.0424	0.0419	-1.2107	-1.6308	0.7408	-1.8013	0.3869	1.2555	1.2528	0.0028	0.2209	0.0000	-4.4718	166.3095	203.8125	209.9854	6.1729	2.9397	195.6649	191.9722	-3.6927	-1.9236	230.4921	1.3168	210.5100	0.6933	nan	210.4153	175.5797	91.4664	91.1816	83.4004	40.6031	71.5880	0.4202	211.1171	-19.1449	-9.9727	99.7956	1.9580	0.1435	
9311.6599	9307.1111	-4.5488	-0.0489	0.2308	0.2430	0.2367	-0.0059	-2.5619	0.0423	0.0423	-1.4163	-1.5596	0.9066	-1.8292	0.4866	1.3145	1.2965	0.0180	1.3692	0.0000	-5.4832	169.4076	207.6309	208.0801	0.4492	0.2159	243.3803	248.6378	5.2574	2.1145	230.4918	1.6536	269.8189	0.7079	nan	209.4080	224.9247	90.4684	92.1488	83.3653	40.8121	71.9031	0.5248	263.6008	-14.9630	-6.0180	99.3659	7.8772	0.1756	
9311.9012	9308.4444	-3.4568	-0.0371	0.2687	0.2700	0.2815	-0.0129	-4.7834	0.0407	0.0422	-1.9261	-1.6545	1.1652	-1.8533	0.4946	1.3449	1.3285	0.0165	1.2263	0.0000	-1.1416	160.4476	196.6505	207.5534	10.9029	5.2531	283.5295	277.3233	-6.2061	-2.2379	230.5433	1.8213	299.3456	0.7129	nan	209.2208	261.8903	94.4369	92.6430	87.4890	41.0637	72.2131	0.5736	287.6780	-10.3547	-3.7338	99.2031	-1.1613	0.1998	
9317.8552	9312.7500	-5.1052	-0.0548	0.3037	0.3021	0.3117	-0.0080	-2.6212	0.0412	0.0421	-2.0451	-1.5927	1.2859	-1.9122	0.5639	1.3935	1.3734	0.0201	1.4456	0.0000	0.3766	165.8010	203.0961	206.4710	3.3749	1.6345	318.8305	317.3100	-1.5205	-0.4792	230.6427	2.0532	341.1875	0.7205	nan	208.5778	296.2259	93.3564	93.0015	86.8227	41.3164	72.5126	0.6367	330.2555	-12.9455	-4.0798	98.9899	3.2520	0.2180	
9312.4942	9310.4444	-2.0497	-0.0220	0.3386	0.3470	0.3536	-0.0150	-4.4294	0.0408	0.0413	-2.1233	-1.4579	1.4557	-1.9248	0.5731	1.4432	1.4316	0.0116	0.8016	0.0000	-4.2450	165.5473	202.9126	205.5078	2.5952	1.2628	370.6089	355.3411	-15.2678	-4.2967	230.7286	2.2726	381.0578	0.7267	nan	208.0026	330.0876	92.8951	93.2511	86.6256	41.5644	72.8215	0.6917	369.0025	-13.6614	-3.8446	98.8006	6.1081	0.2346	
9310.5281	9307.7143	-2.8138	-0.0302	0.3740	0.3801	0.3931	-0.0191	-5.0948	0.0412	0.0409	-2.3891	-1.4800	1.6131	-2.0291	0.7098	1.4876	1.4831	0.0045	0.3057	0.0000	-5.9187	165.6104	203.0056	204.7476	1.7420	0.8508	413.4856	387.1443	-26.3413	-6.8040	230.7913	2.4553	414.4471	0.7314	nan	207.5863	364.5384	94.1612	93.4122	87.9580	41.8508	73.1362	0.7338	405.0400	-17.8957	-4.6225	98.6325	2.2401	0.2514	
9310.7607	9309.3333	-1.4273	-0.0153	0.4090	0.4148	0.3926	0.0164	3.9979	0.0417	0.0404	-2.2483	-1.4181	1.5878	-2.0963	0.7176	1.5425	1.5328	0.0098	0.6338	0.0000	-5.8521	164.5071	201.6205	203.7260	2.1055	1.0335	403.4681	423.3156	19.8474	4.6886	230.7920	2.6628	452.6489	0.7366	nan	206.9675	398.7221	94.1907	93.5196	88.0867	42.1170	73.4479	0.7777	438.8300	-15.5144	-3.6650	98.4338	2.6729	0.2651	
9314.8799	9313.7778	-1.1021	-0.0118	0.4450	0.4451	0.4517	-0.0067	-1.5126	0.0393	0.0409	-2.5532	-1.3414	1.9085	-2.1749	0.7968	1.6027	1.5921	0.0107	0.6646	0.0000	-3.3714	158.2710	193.9474	202.6243	8.6769	4.2823	458.7993	460.2467	1.4474	0.3145	230.7570	2.8751	491.8433	0.7413	nan	206.3487	434.0245	94.3027	93.5759	88.2446	42.4047	73.7889	0.8182	473.2311	-12.9845	-2.8212	98.1951	2.5302	0.2777	
9315.4066	9307.2222	-8.1843	-0.0879	0.4802	0.4790	0.5155	-0.0353	-7.3537	0.0386	0.0405	-2.5424	-1.1352	2.2580	-2.1439	0.8825	1.6638	1.6531	0.0107	0.6460	0.0000	1.1386	162.4257	199.0375	201.5831	2.5456	1.2628	548.8672	495.4822	-53.3850	-10.7743	230.7216	3.0772	529.3933	0.7456	nan	205.7739	468.0485	94.4633	93.5944	88.4124	42.7360	74.1506	0.8529	512.7677	-17.2855	-3.4886	97.9634	1.8668	0.2886	
9312.3385	9313.6667	1.3282	0.0143	0.5148	0.5183	0.5339	-0.0191	-3.7107	0.0405	0.0390	-2.4301	-1.1049	2.1994	-2.3621	0.9410	1.7316	1.7187	0.0129	0.7457	0.0000	-5.1353	162.4184	199.1229	200.4741	1.3512	0.6740	543.9136	531.9300	-11.9836	-2.2528	230.6888	3.2861	568.3956	0.7498	nan	205.1659	502.0758	94.3876	93.5845	88.3321	43.0514	74.5225	0.8847	551.8010	-19.8710	-3.7356	97.7132	2.1270	0.2973	
9309.9058	9311.0000	1.0942	0.0118	0.5499	0.5601	0.5517	-0.0018	-0.3274	0.0395	0.0378	-2.4003	-1.0280	2.3529	-2.5456	0.9251	1.8094	1.8011	0.0083	0.4578	0.0000	-5.7932	161.1942	197.5932	199.3310	1.7378	0.8718	577.4278	570.9450	-6.4828	-1.1354	230.6634	3.5104	610.3900	0.7538	nan	204.5905	536.1532	93.9063	93.5377	87.8378	43.4619	74.9350	0.9140	584.5848	-13.6398	-2.3890	97.4293	4.4676	0.3039	
9315.3308	9304.0000	-11.3308	-0.1218	0.5840	0.5859	0.5721	0.0119	2.0430	0.0401	0.0380	-2.4387	-1.0209	2.3853	-2.6103	1.0447	1.8866	1.8834	0.0032	0.1702	0.0000	-6.5564	162.8593	199.6546	198.2951	-1.3595	-0.6856	591.8934	606.9371	15.0437	2.4786	230.6493	3.7176	649.3043	0.7572	nan	204.0909	568.9988	93.7493	93.4750	87.6321	43.8251	75.3373	0.9367	625.5682	-18.6310	-3.0697	97.1602	4.9216	0.3095	
9311.1826	9311.6667	0.4841	0.0052	0.6201	0.6274	0.5863	0.0338	5.4515	0.0402	0.0373	-2.2184	-0.9326	2.3925	-2.7436	1.0635	1.9766	1.9702	0.0064	0.3252	0.0000	-4.0172	163.9263	200.8406	197.2453	-3.5953	-1.8228	592.2916	645.3744	53.0828	8.2251	230.6330	3.9400	691.1067	0.7605	nan	203.5538	604.6795	93.6944	93.3828	87.4944	44.2093	75.7738	0.9557	666.7252	-21.3508	-3.3083	96.9009	4.3982	0.3137	
9313.3570	9311.6667	-1.6904	-0.0182	0.6549	0.6600	0.6198	0.0351	5.3552	0.0392	0.0372	-1.8646	-0.7436	2.6297	-2.8753	1.1211	2.0758	2.0722	0.0035	0.1697	0.0000	-2.7089	161.5432	197.9836	196.2228	-1.7608	-0.8974	639.4244	683.5644	44.1401	6.4573	230.6010	4.1625	732.9256	0.7636	nan	202.9940	638.5922	93.4211	93.2652	87.1293	44.6731	76.2692	0.9689	703.5363	-19.9718	-2.9217	96.6643	4.8700	0.3155	
9313.5702	9309.2222	-4.3479	-0.0467	0.6892	0.6944	0.6634	0.0258	3.7505	0.0387	0.0355	-1.1917	-0.4764	2.8548	-3.1297	1.0991	2.1919	2.1929	-0.0010	-0.0458	0.0000	-2.4469	161.3091	197.6973	195.2782	-2.4191	-1.2388	693.4901	722.5600	29.0699	4.0232	230.5682	4.3923	776.0089	0.7663	nan	202.4605	671.8952	92.9882	93.1123	86.5835	45.1705	76.8147	0.9746	744.5218	-21.9618	-3.0394	96.4525	5.8624	0.3144	
9310.9872	9308.5556	-2.4317	-0.0261	0.7254	0.7336	0.7180	0.0074	1.0258	0.0383	0.0355	0.8473	0.1614	3.1295	-3.5984	1.1560	2.3475	2.3524	-0.0048	-0.2064	0.0000	1.4083	159.4708	195.5100	194.2457	-1.2643	-0.6509	755.9735	764.5711	8.5976	1.1245	230.5276	4.6441	823.0867	0.7688	nan	201.8369	707.1559	92.4905	92.8907	85.9151	45.7535	77.4431	0.9680	786.7174	-22.1463	-2.8966	96.2389	5.9035	0.3090	
9310.2553	9312.2727	2.0175	0.0217	0.7593	0.7510	0.7642	-0.0049	-0.6440	0.0370	0.0373	3.5484	0.9784	3.4250	-3.2989	1.2575	2.5733	2.5807	-0.0074	-0.2891	0.0000	3.0594	167.8178	205.8426	192.8725	-12.9701	-6.7247	872.5139	808.3864	-64.1276	-7.9328	230.5073	4.9098	873.5836	0.7719	nan	201.5673	740.4265	91.5941	92.5369	84.7584	46.4637	78.2700	0.9404	834.9268	-26.5404	-3.2831	95.6864	5.8908	0.2951	
9091.1132	9113.2857	22.1725	0.2433	0.7970	0.7302	0.7657	0.0313	3.9219	0.0349	0.0375	7.4268	1.9961	3.7082	-4.0881	1.2470	2.9722	2.9886	-0.0164	-0.5503	0.0000	4.0237	164.6421	201.7525	189.1543	-12.5982	-6.6603	926.6803	851.0357	-75.6446	-8.8885	230.5513	5.1865	926.4643	0.7748	nan	200.4997	760.6087	89.3745	91.8584	82.0980	47.3234	79.2889	0.8740	880.9596	-29.9239	-3.5162	94.3414	7.3399	0.2681	
8667.8892	8674.2222	6.3330	0.0730	0.8360	0.8350	0.8535	-0.0175	-2.0939	0.0394	0.0381	7.9288	2.1936	3.6052	-4.1397	1.3682	3.0038	3.0202	-0.0164	-0.5455	0.0000	-0.3390	164.0954	201.3651	189.0634	-12.3017	-6.5066	885.9053	851.8967	-34.0086	-3.9921	230.5408	5.1952	927.7444	0.7746	nan	200.4913	759.3927	89.1414	91.8245	81.8537	48.3442	80.3862	0.8661	891.8533	-39.9567	-4.6903	94.3001	7.3030	0.2783	

Torque compensated Offset = 	0
Mean Torque Mainboard Error perc = 	-0.8182938986123783


Step N. = 	5
Target Speed = 	6984

Speed Mainboard (rpm_M)	Speed TestBench (rpm_M)	Speed Error (rpm_M)	Speed Error %	Torque TestBench (Nm_M)	Torque Ref (Nm)	Torque MainBoard (Nm_M)	Torque MainBoard Error (Nm_M)	Torque MainBoard Error %	Flux Ref (V/rad/s)	Flux (V/rad/s)	Id * Iq (A^2)	Id (Apeak)	Iq (Apeak)	Id Rotor (Apeak)	Iq Rotor (Apeak)	IMotor Measured (Arms)	IMotor MainBoard (Arms)	IMotor Error (Arms)	IMotor Error %	Motor Current THD %	Vsdref (Vpeak)	Vsqref (Vpeak)	Vout MainBoard (Vrms)	Vout Measured (Vrms)	Vout Error (Vrms)	Vout Error %	Motor Power MainBoard (W)	Motor Power Measured (W)	Motor Power Error (W)	Motor Power Error %	Line Voltage (Vrms)	Line Current (Arms)	Line Power (W)	Line Power Factor	Bulk Ripple (V)	DC Bus Voltage (Vrms)	Motor Mechanical Power (W)	Motor Efficiency	Inverter Efficiency	Overall Efficiency	Temperature (deg C)	Estimated Temperature (deg C)	Motor cos-phi	Electrical Power Alpha-Beta [W]	Electrical Power Error [W]	Electrical Power Error [%]	Bus Voltage Usage [%]	Rotational Losses [W]	Kt [Nm/Arms]	
6977.2133	6976.3333	-0.8800	-0.0126	0.1724	0.1960	0.1912	-0.0187	-10.8665	0.0572	0.0563	-0.5725	-1.0303	0.5556	-1.2114	0.3686	0.7944	0.7929	0.0015	0.1868	0.0000	-2.3429	167.3636	205.0466	210.3977	5.3510	2.5433	143.2091	134.2622	-8.9469	-6.6637	230.8256	0.9545	148.5211	0.6732	nan	211.9840	125.9852	93.9510	90.3486	84.8790	40.6103	67.6238	0.4627	149.7358	-15.4736	-11.5249	99.2512	2.4981	0.2171	
6982.5027	6980.7778	-1.7249	-0.0247	0.2481	0.2606	0.2622	-0.0141	-5.6841	0.0563	0.0563	-0.8460	-1.0691	0.7902	-1.1758	0.4998	0.8867	0.8733	0.0134	1.5125	0.0000	2.4225	167.1108	204.7257	207.9342	3.2086	1.5431	194.0886	193.4389	-0.6497	-0.3359	230.8900	1.3147	210.8756	0.6947	nan	210.8363	181.3756	93.7766	91.7292	86.0200	40.6437	67.8042	0.6057	199.3739	-5.9350	-3.0682	98.6236	4.8622	0.2798	
6983.8050	6982.5556	-1.2494	-0.0179	0.3001	0.3113	0.3170	-0.0168	-5.6116	0.0562	0.0558	-0.9379	-0.9971	0.9347	-1.2721	0.5808	0.9534	0.9403	0.0131	1.3709	0.0000	-6.1153	164.9537	202.2151	206.8128	4.5977	2.2231	240.8770	233.8389	-7.0381	-3.0098	230.8860	1.5552	252.8633	0.7042	nan	210.1567	219.4445	93.8455	92.4761	86.7844	40.7029	68.0034	0.6847	241.0302	-7.1913	-3.0753	98.4088	6.0675	0.3148	
6985.2358	6985.5000	0.2642	0.0038	0.3520	0.3583	0.3794	-0.0274	-7.7797	0.0559	0.0565	-1.0906	-0.9671	1.1274	-1.2739	0.6614	1.0200	1.0085	0.0114	1.1214	0.0000	1.9661	165.6595	202.9429	205.7510	2.8081	1.3648	277.2146	270.7700	-6.4446	-2.3801	230.8080	1.7736	291.3600	0.7118	nan	209.4969	257.4952	95.0971	92.9331	88.3767	40.8087	68.2238	0.7449	279.0229	-8.2529	-3.0479	98.2119	3.7409	0.3451	
6981.0797	6982.2222	1.1425	0.0164	0.4030	0.4144	0.3971	0.0059	1.4628	0.0560	0.0549	-1.0963	-0.9266	1.1807	-1.3842	0.7348	1.0946	1.0870	0.0076	0.6955	0.0000	-4.1413	163.9739	200.9607	204.5549	3.5942	1.7571	295.6701	309.2667	13.5966	4.3964	230.6709	1.9996	331.6589	0.7190	nan	208.6919	294.6643	95.2789	93.2483	88.8458	40.9349	68.4508	0.7975	316.6449	-7.3783	-2.3857	98.0176	3.6166	0.3682	
6987.9106	6981.4444	-6.4662	-0.0926	0.4547	0.4582	0.4649	-0.0103	-2.2573	0.0548	0.0548	-1.2848	-0.9101	1.4091	-1.4553	0.8480	1.1773	1.1671	0.0102	0.8622	0.0000	-4.3376	160.7865	197.0119	203.2767	6.2647	3.0819	344.9241	349.3389	4.4148	1.2638	230.5157	2.2339	373.8478	0.7260	nan	207.8579	332.4047	95.1525	93.4441	88.9144	41.1074	68.7011	0.8428	357.2370	-7.8981	-2.2609	97.7960	4.2171	0.3862	
6984.3687	6983.7500	-0.6187	-0.0089	0.5065	0.5155	0.4934	0.0131	2.5886	0.0545	0.0546	-1.3276	-0.8842	1.4961	-1.5079	0.9379	1.2653	1.2510	0.0143	1.1327	0.0000	-1.0913	161.9704	198.4180	202.0573	3.6393	1.8011	364.0789	389.9863	25.9074	6.6431	230.4049	2.4705	416.8537	0.7323	nan	207.0960	370.4221	94.9835	93.5547	88.8615	41.2946	68.9701	0.8807	398.5928	-8.6065	-2.2069	97.5670	4.8637	0.4003	
6982.8171	6988.0000	5.1829	0.0742	0.5563	0.5690	0.5351	0.0211	3.7990	0.0545	0.0526	-1.3464	-0.8151	1.6531	-1.7185	1.0027	1.3543	1.3431	0.0111	0.8221	0.0000	-8.0553	159.1609	195.2446	200.9607	5.7162	2.8444	404.5913	429.3725	24.7812	5.7715	230.3598	2.6985	458.6975	0.7379	nan	206.3896	407.0538	94.8019	93.6069	88.7411	41.4943	69.2500	0.9109	436.2615	-6.8890	-1.6044	97.3696	5.4644	0.4107	
6985.4109	6983.8889	-1.5220	-0.0218	0.6082	0.6174	0.6352	-0.0270	-4.4356	0.0516	0.0535	-1.4715	-0.7194	2.0489	-1.7138	1.1313	1.4489	1.4353	0.0136	0.9421	0.0000	-2.4512	155.0051	189.8867	199.9269	10.0402	5.0220	478.6508	469.6078	-9.0430	-1.9257	230.3468	2.9307	501.5756	0.7430	nan	205.7812	444.8239	94.7225	93.6265	88.6853	41.7712	69.5746	0.9360	480.3030	-10.6952	-2.2775	97.1551	5.4700	0.4198	
6982.7133	6982.7500	0.0367	0.0005	0.6587	0.6716	0.6895	-0.0308	-4.6749	0.0520	0.0513	-1.3965	-0.6207	2.2550	-2.0041	1.1604	1.5468	1.5318	0.0149	0.9658	0.0000	-1.8079	156.7031	191.9577	198.9343	6.9765	3.5070	531.0004	509.3125	-21.6879	-4.2583	230.3580	3.1593	544.1600	0.7477	nan	205.2079	481.6989	94.5782	93.5961	88.5215	42.0533	69.9103	0.9556	519.0179	-9.7054	-1.9056	96.9428	5.5781	0.4259	
6984.2775	6984.6667	0.3891	0.0056	0.7101	0.7234	0.7275	-0.0173	-2.4428	0.0532	0.0513	-1.1172	-0.4917	2.2735	-2.0954	1.2921	1.6521	1.6432	0.0089	0.5363	0.0000	-1.8803	159.5519	195.4698	197.9390	2.4692	1.2475	545.7154	549.9667	4.2513	0.7730	230.3931	3.3937	588.0567	0.7521	nan	204.6356	519.3989	94.4421	93.5227	88.3248	42.3797	70.2700	0.9710	563.4421	-13.4755	-2.4502	96.7276	5.3963	0.4298	
6984.0801	6985.1111	1.0310	0.0148	0.7606	0.7728	0.7546	0.0059	0.7769	0.0534	0.0519	-0.9320	-0.3956	2.3795	-2.1463	1.3002	1.7639	1.7562	0.0077	0.4381	0.0000	-4.2601	158.1409	193.7830	196.9544	3.1714	1.6102	565.9448	590.7478	24.8030	4.1986	230.4333	3.6288	632.2567	0.7561	nan	204.1024	556.3305	94.1740	93.4348	87.9913	42.7296	70.6782	0.9817	603.2827	-12.5350	-2.1219	96.4978	5.6814	0.4312	
6988.7088	6986.0000	-2.7088	-0.0388	0.8119	0.8187	0.8366	-0.0248	-3.0529	0.0528	0.0522	-0.5342	-0.2009	2.6909	-2.2256	1.4213	1.8859	1.8832	0.0027	0.1446	0.0000	-3.3577	160.7931	196.9954	195.9650	-1.0304	-0.5258	650.1319	632.3186	-17.8134	-2.8172	230.4306	3.8706	677.6771	0.7598	nan	203.5525	593.9324	93.9293	93.3068	87.6423	43.1470	71.1145	0.9878	645.8842	-13.5656	-2.1454	96.2725	5.4833	0.4305	
6986.3877	6984.5000	-1.8877	-0.0270	0.8630	0.8729	0.8783	-0.0153	-1.7763	0.0518	0.0511	0.2503	0.0490	2.8478	-2.4581	1.4957	2.0216	2.0143	0.0073	0.3613	0.0000	1.8074	159.3635	195.3028	194.9742	-0.3285	-0.1685	681.1094	674.7950	-6.3144	-0.9357	230.4255	4.1194	724.3575	0.7631	nan	203.0187	631.2112	93.5413	93.1577	87.1409	43.5806	71.6042	0.9884	692.8294	-18.0344	-2.6726	96.0376	5.7101	0.4269	
6981.9474	6985.0000	3.0526	0.0437	0.9140	0.9315	0.9294	-0.0154	-1.6822	0.0509	0.0519	0.5251	0.1721	3.0309	-2.6401	1.5946	2.1815	2.1845	-0.0030	-0.1360	0.0000	-2.6140	158.0203	193.5685	194.0169	0.4484	0.2311	717.1640	719.5044	2.3404	0.3253	230.4049	4.3849	773.9867	0.7661	nan	202.4629	668.5613	92.9197	92.9608	86.3790	44.1284	72.1854	0.9815	735.4409	-15.9364	-2.2149	95.8284	6.7461	0.4190	
6984.1985	6981.2222	-2.9762	-0.0426	0.9657	0.9803	0.9909	-0.0252	-2.6089	0.0496	0.0521	2.6554	0.7797	3.3153	-2.6889	1.6938	2.3803	2.3879	-0.0076	-0.3178	0.0000	4.2720	158.9311	194.8007	193.0422	-1.7585	-0.9109	795.4249	765.5356	-29.8894	-3.9044	230.4042	4.6634	825.7433	0.7685	nan	201.8857	705.9718	92.2194	92.7087	85.4954	44.7302	72.8610	0.9619	785.4042	-19.8687	-2.5954	95.6196	6.8182	0.4057	
6987.6998	6979.6667	-8.0332	-0.1151	1.0136	1.0686	0.9849	0.0287	2.8307	0.0491	0.0522	4.1547	1.1796	3.2830	-3.5021	1.8072	2.7965	2.8052	-0.0087	-0.3094	0.0000	1.2936	162.9700	199.7024	190.1142	-9.5881	-5.0434	810.3141	824.8344	14.5203	1.7604	230.3897	5.0206	895.4400	0.7741	nan	201.2649	740.8172	89.8154	92.1153	82.7339	45.5254	73.8080	0.8958	849.2117	-24.3772	-2.9554	94.4597	10.9831	0.3624	
6743.4209	6739.2222	-4.1987	-0.0623	1.0698	1.1744	1.0761	-0.0064	-0.5956	0.0493	0.0499	10.0257	2.7644	3.6308	-3.9630	1.7583	3.1906	3.2019	-0.0114	-0.3561	0.0000	6.6479	152.5426	187.5084	188.4923	0.9839	0.5220	856.3261	862.9211	6.5950	0.7643	230.3728	5.2806	942.8822	0.7751	nan	200.2068	754.9731	87.4904	91.5195	80.0708	46.6100	75.0849	0.8284	891.6846	-28.7635	-3.3333	94.1488	12.4742	0.3353	
6422.1731	6423.0000	0.8269	0.0129	1.1220	1.2188	1.1734	-0.0514	-4.5792	0.0541	0.0538	10.7803	2.9288	3.6869	-4.2132	1.7769	3.2308	3.2466	-0.0158	-0.4889	0.0000	3.5491	175.3313	214.7985	188.4683	-26.3302	-13.9707	984.4739	865.6250	-118.8489	-13.7298	230.3603	5.2996	946.2375	0.7751	nan	200.1789	754.6680	87.1819	91.4807	79.7547	47.8550	76.3837	0.8208	892.4349	-26.8099	-3.0972	94.1499	12.5789	0.3473	

Torque compensated Offset = 	0
Mean Torque Mainboard Error perc = 	-2.4520857041614725


Step N. = 	6
Target Speed = 	4190

Speed Mainboard (rpm_M)	Speed TestBench (rpm_M)	Speed Error (rpm_M)	Speed Error %	Torque TestBench (Nm_M)	Torque Ref (Nm)	Torque MainBoard (Nm_M)	Torque MainBoard Error (Nm_M)	Torque MainBoard Error %	Flux Ref (V/rad/s)	Flux (V/rad/s)	Id * Iq (A^2)	Id (Apeak)	Iq (Apeak)	Id Rotor (Apeak)	Iq Rotor (Apeak)	IMotor Measured (Arms)	IMotor MainBoard (Arms)	IMotor Error (Arms)	IMotor Error %	Motor Current THD %	Vsdref (Vpeak)	Vsqref (Vpeak)	Vout MainBoard (Vrms)	Vout Measured (Vrms)	Vout Error (Vrms)	Vout Error %	Motor Power MainBoard (W)	Motor Power Measured (W)	Motor Power Error (W)	Motor Power Error %	Line Voltage (Vrms)	Line Current (Arms)	Line Power (W)	Line Power Factor	Bulk Ripple (V)	DC Bus Voltage (Vrms)	Motor Mechanical Power (W)	Motor Efficiency	Inverter Efficiency	Overall Efficiency	Temperature (deg C)	Estimated Temperature (deg C)	Motor cos-phi	Electrical Power Alpha-Beta [W]	Electrical Power Error [W]	Electrical Power Error [%]	Bus Voltage Usage [%]	Rotational Losses [W]	Kt [Nm/Arms]	
4186.6924	4185.8571	-0.8352	-0.0200	0.1690	0.1080	0.1118	0.0572	33.8585	0.0876	0.0875	0.0568	0.2656	0.2195	0.2543	0.1982	0.3397	0.2807	0.0590	17.3622	0.0000	1.3755	154.8452	189.6535	189.3179	-0.3356	-0.1773	51.5140	80.2300	28.7160	35.7922	230.9416	0.6148	91.7600	0.6456	nan	217.3455	74.0825	92.4793	87.3654	80.7868	40.0315	74.6825	0.7180	48.3101	31.9199	39.7855	87.1063	5.0931	0.4974	
4186.6328	4191.0000	4.3672	0.1042	0.2897	0.2629	0.2459	0.0438	15.1044	0.0877	0.0880	0.1391	0.3044	0.4575	0.2156	0.5602	0.4901	0.4147	0.0754	15.3885	0.0000	3.0590	154.2339	189.0157	190.7457	1.7300	0.9070	107.2372	138.2367	30.9995	22.4249	230.9288	0.9779	153.2578	0.6786	nan	212.3966	127.1299	91.9643	90.1975	82.9496	40.0052	74.6913	0.8537	119.6180	18.6187	13.4687	89.8081	8.9127	0.5911	
4188.4666	4187.5556	-0.9110	-0.0218	0.3852	0.3678	0.3787	0.0065	1.6949	0.0889	0.0890	0.2844	0.3974	0.7181	0.2519	0.7953	0.6232	0.5569	0.0663	10.6351	0.0000	0.6954	155.7412	190.7734	193.8601	3.0867	1.5922	168.2214	181.3978	13.1764	7.2638	230.8796	1.2425	198.5522	0.6922	nan	211.1067	168.9269	93.1262	91.3597	85.0795	40.0367	74.7543	0.8669	167.8640	13.5338	7.4608	91.8315	8.9232	0.6182	
4185.8292	4190.5000	4.6708	0.1115	0.4782	0.4819	0.4811	-0.0028	-0.5947	0.0901	0.0899	0.4576	0.5151	0.8798	0.2005	1.0188	0.7572	0.7062	0.0510	6.7344	0.0000	-1.3673	158.0269	193.6713	197.1076	3.4363	1.7434	207.9565	224.6625	16.7060	7.4360	230.7244	1.5032	243.8537	0.7031	nan	210.0268	209.8694	93.4154	92.1300	86.0636	40.1224	74.8626	0.8691	217.8672	6.7953	3.0247	93.8493	9.5536	0.6316	
4184.0453	4187.1111	3.0658	0.0732	0.5707	0.5793	0.5771	-0.0064	-1.1200	0.0908	0.0913	0.5977	0.5534	1.0780	0.2052	1.1835	0.8893	0.8412	0.0481	5.4084	0.0000	5.6026	160.6435	196.9188	199.9261	3.0073	1.5042	264.5714	268.2500	3.6786	1.3713	230.5390	1.7632	289.5844	0.7124	nan	209.1865	250.2223	93.2793	92.6327	86.4072	40.2236	75.0046	0.8711	259.5049	8.7451	3.2601	95.5739	10.7969	0.6417	
4193.4290	4190.4444	-2.9845	-0.0712	0.6649	0.6470	0.6622	0.0027	0.4092	0.0925	0.0909	0.7611	0.6339	1.1968	0.0453	1.4170	1.0176	0.9668	0.0508	4.9917	0.0000	5.8694	162.6682	199.3975	201.1207	1.7232	0.8568	297.5597	311.8033	14.2436	4.5681	230.4282	2.0205	335.4822	0.7206	nan	208.3368	291.7680	93.5744	92.9418	86.9698	40.3659	75.1821	0.8796	304.4743	7.3290	2.3505	96.5368	10.5621	0.6534	
4187.1117	4189.8571	2.7454	0.0655	0.7576	0.7552	0.7747	-0.0172	-2.2664	0.0898	0.0923	0.8201	0.5628	1.4714	0.0101	1.5330	1.1447	1.0910	0.0537	4.6894	0.0000	2.1119	158.0781	193.6542	200.8076	7.1534	3.5623	350.6154	355.3114	4.6960	1.3217	230.4017	2.2750	381.5829	0.7280	nan	207.6168	332.3926	93.5498	93.1151	87.1090	40.5226	75.3788	0.8924	345.1352	10.1762	2.8640	96.7209	10.9242	0.6618	
4187.5416	4190.3333	2.7918	0.0666	0.8514	0.8585	0.8668	-0.0154	-1.8041	0.0899	0.0895	1.1338	0.7083	1.6005	-0.2758	1.7472	1.2744	1.2292	0.0452	3.5457	0.0000	3.2236	159.4966	195.4425	200.0803	4.6378	2.3180	385.7420	398.7367	12.9946	3.2590	230.4245	2.5277	427.7575	0.7344	nan	206.8111	373.6108	93.6986	93.2156	87.3417	40.7566	75.6330	0.9028	395.9749	2.7617	0.6926	96.7457	10.2450	0.6681	
4187.4036	4188.2500	0.8464	0.0202	0.9435	0.9462	0.9510	-0.0075	-0.7996	0.0885	0.0896	1.3340	0.7552	1.7826	-0.3974	1.8714	1.4115	1.3667	0.0449	3.1774	0.0000	0.9897	158.0280	193.5735	199.3515	5.7780	2.8984	421.9549	442.9175	20.9626	4.7329	230.4572	2.7839	475.0200	0.7404	nan	206.2333	413.8121	93.4287	93.2419	87.1147	41.0574	75.9137	0.9088	436.3004	6.6171	1.4940	96.6635	10.8277	0.6684	
4186.3618	4187.4444	1.0826	0.0259	1.0371	1.0397	1.0442	-0.0071	-0.6876	0.0883	0.0892	1.7150	0.8651	1.9737	-0.5310	2.1044	1.5559	1.5056	0.0503	3.2321	0.0000	2.2457	157.9867	193.5454	198.5586	5.0132	2.5248	471.4662	487.6722	16.2060	3.3231	230.4668	3.0437	523.3267	0.7460	nan	205.5243	454.7818	93.2556	93.1870	86.9021	41.3614	76.2246	0.9114	484.3088	3.3634	0.6897	96.6110	10.6562	0.6666	
4189.0521	4190.7778	1.7256	0.0412	1.1298	1.1273	1.1224	0.0074	0.6510	0.0893	0.0882	1.9857	0.9347	2.1274	-0.7514	2.2084	1.7104	1.6648	0.0456	2.6638	0.0000	1.4070	161.4964	197.8553	197.8763	0.0210	0.0106	517.0351	533.8522	16.8171	3.1502	230.5212	3.3109	573.3644	0.7512	nan	204.8766	495.8113	92.8743	93.1087	86.4740	41.7233	76.5910	0.9107	529.6444	4.2078	0.7882	96.5834	11.1330	0.6605	
4183.9072	4189.0000	5.0928	0.1216	1.2234	1.2326	1.2042	0.0193	1.5743	0.0905	0.0837	2.6695	1.2131	2.2029	-1.2921	2.4719	1.8705	1.8229	0.0476	2.5457	0.0000	2.6637	161.9076	198.4243	197.1429	-1.2814	-0.6500	539.2628	579.6811	40.4183	6.9725	230.6301	3.5758	623.3256	0.7558	nan	204.3043	536.6896	92.5836	92.9981	86.1010	42.1843	77.0144	0.9076	578.0855	1.5957	0.2753	96.4950	10.7481	0.6541	
4184.6069	4187.8571	3.2502	0.0776	1.3150	1.3125	1.3324	-0.0174	-1.3221	0.0874	0.0864	3.4338	1.3460	2.5433	-1.2449	2.5811	2.0459	1.9852	0.0608	2.9695	0.0000	2.2591	163.0712	199.7829	196.3779	-3.4051	-1.7339	627.8675	627.4643	-0.4032	-0.0643	230.6843	3.8544	675.8657	0.7601	nan	203.7873	576.6952	91.9088	92.8386	85.3269	42.6593	77.4671	0.9017	624.4740	2.9903	0.4766	96.3644	12.1217	0.6427	
4187.4405	4189.6667	2.2261	0.0531	1.4091	1.4129	1.4589	-0.0498	-3.5321	0.0858	0.0833	4.6953	1.6206	2.8705	-1.7622	2.6610	2.2391	2.2010	0.0381	1.7009	0.0000	2.3364	163.5165	200.4504	195.3586	-5.0919	-2.6064	712.6358	676.4078	-36.2281	-5.3560	230.6469	4.1433	730.1111	0.7640	nan	203.1186	618.2345	91.3997	92.6445	84.6768	43.2712	78.0604	0.8928	677.0567	-0.6489	-0.0959	96.1798	11.7696	0.6293	
4186.6354	4189.2500	2.6146	0.0624	1.5015	1.5062	1.4928	0.0087	0.5764	0.0823	0.0861	4.7851	1.5892	3.0068	-1.6929	2.8080	2.4611	2.4137	0.0473	1.9237	0.0000	11.0371	151.8503	186.4762	194.1447	7.6685	3.9499	709.4423	727.4800	18.0377	2.4795	230.5553	4.4511	787.2975	0.7672	nan	202.4893	658.7039	90.5460	92.4022	83.6665	43.9723	78.7097	0.8790	722.0387	5.4413	0.7480	95.8792	12.5612	0.6101	
4189.5075	4189.2222	-0.2853	-0.0068	1.5946	1.5885	1.6416	-0.0470	-2.9501	0.0844	0.0837	6.8370	2.0524	3.2657	-2.0834	2.9228	2.7538	2.6739	0.0799	2.9019	0.0000	0.6960	168.3104	206.3868	192.3707	-14.0161	-7.2860	820.9432	784.0456	-36.8976	-4.7061	230.4351	4.8030	851.6867	0.7695	nan	201.7739	699.5225	89.2196	92.0580	82.1338	44.7655	79.5057	0.8545	785.5470	-1.5014	-0.1915	95.3398	13.9187	0.5790	
4167.6305	4184.1111	16.4806	0.3939	1.6876	1.5577	1.6799	0.0077	0.4564	0.0806	0.0795	11.3509	3.1967	3.4787	-4.0455	2.9813	3.3636	3.1759	0.1876	5.5788	0.0000	18.1547	167.6909	207.3094	188.7829	-18.5265	-9.8137	981.7029	860.7489	-120.9540	-14.0522	230.2587	5.2746	942.9044	0.7764	nan	200.8012	739.4180	85.9041	91.2870	78.4192	45.8797	80.5995	0.7826	868.2348	-7.4859	-0.8697	94.0152	15.5284	0.5017	

Torque compensated Offset = 	0
Mean Torque Mainboard Error perc = 	2.3087293123694543


