WindyBPMp50_AtlasH32_Dyno_Speed_Torque__230Vac_40C_20241120_144232
Report created on: 2024/11/20: 15:18:33


Step N. = 	0
Target Speed = 	349

Speed Mainboard (rpm_M)	Speed TestBench (rpm_M)	Speed Error (rpm_M)	Speed Error %	Torque TestBench (Nm_M)	Torque Ref (Nm)	Torque MainBoard (Nm_M)	Torque MainBoard Error (Nm_M)	Torque MainBoard Error %	Flux Ref (V/rad/s)	Flux (V/rad/s)	Id * Iq (A^2)	Id (Apeak)	Iq (Apeak)	Id Rotor (Apeak)	Iq Rotor (Apeak)	IMotor Measured (Arms)	IMotor MainBoard (Arms)	IMotor Error (Arms)	IMotor Error %	Motor Current THD %	Vsdref (Vpeak)	Vsqref (Vpeak)	Vout MainBoard (Vrms)	Vout Measured (Vrms)	Vout Error (Vrms)	Vout Error %	Motor Power MainBoard (W)	Motor Power Measured (W)	Motor Power Error (W)	Motor Power Error %	Line Voltage (Vrms)	Line Current (Arms)	Line Power (W)	Line Power Factor	Bulk Ripple (V)	DC Bus Voltage (Vrms)	Motor Mechanical Power (W)	Motor Efficiency	Inverter Efficiency	Overall Efficiency	Temperature (deg C)	Estimated Temperature (deg C)	Motor cos-phi	Electrical Power Alpha-Beta [W]	Electrical Power Error [W]	Electrical Power Error [%]	Bus Voltage Usage [%]	Rotational Losses [W]	Kt [Nm/Arms]	
349.7719	349.2222	-0.5496	-0.1574	3.1011	3.4287	3.3967	-0.2956	-9.5305	0.1408	0.1408	15.6819	3.9041	4.0192	-1.9487	5.3589	3.9789	4.0100	-0.0311	-0.7828	0.0000	14.7097	34.6939	46.1640	45.2890	-0.8750	-1.9320	295.5336	288.6944	-6.8392	-2.3690	230.2794	2.0815	346.9311	0.7238	nan	207.5067	113.4092	39.2836	83.2137	32.6893	41.6290	47.9320	0.9250	299.1653	-10.4708	-3.6270	21.8253	7.0371	0.7794	
356.6612	347.7500	-8.9112	-2.5625	3.0011	3.3156	3.3154	-0.3142	-10.4711	0.1394	0.1388	15.0055	3.7985	3.9500	-1.8702	5.2143	3.8479	3.9058	-0.0579	-1.5052	0.0000	14.2356	34.9734	46.2507	44.6968	-1.5540	-3.4768	288.3818	276.7263	-11.6555	-4.2119	230.2833	2.0013	331.3887	0.7191	nan	208.3876	109.2900	39.4939	83.5050	32.9794	44.4820	50.9386	0.9289	291.1049	-14.3787	-5.1960	21.4489	8.3872	0.7799	
356.0544	349.1429	-6.9115	-1.9796	2.8981	3.2602	3.3093	-0.4112	-14.1880	0.1380	0.1379	14.4456	3.6081	4.0035	-1.7075	5.0814	3.7220	3.7998	-0.0778	-2.0898	0.0000	13.3518	35.0312	45.9157	44.0011	-1.9146	-4.3512	282.6947	264.5271	-18.1675	-6.8679	230.2941	1.9205	316.3400	0.7153	nan	208.9393	105.9627	40.0573	83.6211	33.4964	46.9059	52.1457	0.9325	281.5700	-17.0429	-6.4428	21.0593	8.4020	0.7786	
352.7416	347.8333	-4.9083	-1.4111	2.8000	3.1893	3.2562	-0.4562	-16.2917	0.1368	0.1364	13.4519	3.3836	3.9759	-1.6413	4.8618	3.5955	3.6581	-0.0626	-1.7417	0.0000	12.5244	34.5004	44.9589	43.2639	-1.6950	-3.9177	269.4502	252.2392	-17.2110	-6.8233	230.3067	1.8393	301.4008	0.7115	nan	209.5595	101.9900	40.4340	83.6889	33.8388	49.6953	52.8517	0.9362	265.0355	-12.7963	-5.0731	20.6452	8.6782	0.7788	
348.1151	347.1250	-0.9901	-0.2852	2.6997	3.1255	3.0647	-0.3650	-13.5187	0.1345	0.1349	12.1665	3.2129	3.7866	-1.7120	4.7372	3.4691	3.5176	-0.0484	-1.3964	0.0000	12.4313	33.3160	43.5539	42.4645	-1.0894	-2.5655	249.1961	239.7300	-9.4661	-3.9486	230.3048	1.7566	286.3600	0.7079	nan	210.0294	98.1381	40.9371	83.7163	34.2710	52.1424	53.3824	0.9395	252.1935	-12.4635	-5.1990	20.2184	8.6121	0.7782	
351.4099	348.0000	-3.4099	-0.9799	2.5995	2.9895	2.9632	-0.3637	-13.9904	0.1329	0.1328	11.1389	3.0060	3.7054	-1.4759	4.5435	3.3438	3.3862	-0.0424	-1.2689	0.0000	11.5333	32.8160	42.6042	41.6130	-0.9912	-2.3818	234.4308	227.1250	-7.3058	-3.2166	230.3182	1.6734	271.3900	0.7041	nan	210.5351	94.7322	41.7093	83.6895	34.9063	54.0849	53.7346	0.9424	236.7883	-9.6633	-4.2546	19.7653	7.9769	0.7774	
355.7148	349.5000	-6.2148	-1.7782	2.5000	2.8499	2.8651	-0.3651	-14.6030	0.1305	0.1303	10.0474	2.7404	3.6661	-1.4066	4.3898	3.2159	3.2731	-0.0572	-1.7778	0.0000	10.6459	32.8017	42.2399	40.7013	-1.5387	-3.7805	224.1746	214.2275	-9.9471	-4.6432	230.3438	1.5881	256.1475	0.7002	nan	210.9926	91.4989	42.7111	83.6344	35.7212	55.8184	53.9912	0.9449	222.9316	-8.7041	-4.0630	19.2904	6.9289	0.7774	
352.9520	348.8889	-4.0631	-1.1646	2.3994	2.7501	2.7059	-0.3065	-12.7731	0.1282	0.1287	9.0181	2.5683	3.5120	-1.3112	4.2350	3.0894	3.1305	-0.0411	-1.3293	0.0000	10.1095	31.7540	40.8189	39.7907	-1.0282	-2.5840	206.2618	201.6533	-4.6085	-2.2854	230.3580	1.5047	241.3378	0.6962	nan	211.4467	87.6651	43.4732	83.5565	36.3247	57.2493	54.1667	0.9471	209.4476	-7.7943	-3.8652	18.8183	6.5689	0.7767	
355.0960	349.7500	-5.3460	-1.5285	2.2988	2.6157	2.6505	-0.3518	-15.3038	0.1272	0.1265	8.4811	2.4404	3.4755	-1.1769	4.0281	2.9638	3.0143	-0.0505	-1.7047	0.0000	9.4496	30.7286	39.3783	38.8612	-0.5170	-1.3305	194.8762	189.3075	-5.5687	-2.9416	230.3593	1.4229	226.8525	0.6921	nan	211.8698	84.1936	44.4745	83.4496	37.1138	58.4549	54.2861	0.9490	195.8671	-6.5596	-3.4651	18.3420	5.8312	0.7756	
354.0892	349.2500	-4.8392	-1.3856	2.2000	2.5050	2.5154	-0.3154	-14.3347	0.1243	0.1245	7.4990	2.2216	3.3754	-1.1424	3.8571	2.8351	2.8927	-0.0576	-2.0307	0.0000	8.5308	30.9269	39.2964	37.8755	-1.4209	-3.7516	185.0325	176.8775	-8.1550	-4.6105	230.3570	1.3401	212.2950	0.6877	nan	212.3073	80.4615	45.4900	83.3168	37.9008	59.4288	54.3537	0.9510	184.1730	-7.2955	-4.1246	17.8399	5.2505	0.7760	
350.5235	349.2500	-1.2735	-0.3646	2.0987	2.4003	2.3799	-0.2811	-13.3959	0.1218	0.1224	6.7013	2.0559	3.2585	-1.1117	3.7239	2.7081	2.7487	-0.0407	-1.5019	0.0000	8.1011	29.9302	37.9838	36.8405	-1.1433	-3.1034	171.3222	164.7975	-6.5247	-3.9592	230.3515	1.2593	198.1800	0.6832	nan	212.7153	76.7584	46.5774	83.1555	38.7317	60.1989	54.3525	0.9537	171.9525	-7.1550	-4.3417	17.3192	4.6350	0.7750	
347.6520	348.6667	1.0146	0.2910	1.9996	2.3086	2.2784	-0.2788	-13.9435	0.1199	0.1204	6.0370	1.9043	3.1696	-1.0962	3.5429	2.5808	2.6360	-0.0552	-2.1381	0.0000	7.3217	29.1606	36.8264	35.7944	-1.0319	-2.8829	159.5999	153.0133	-6.5866	-4.3046	230.3564	1.1801	184.3922	0.6783	nan	213.1270	73.0084	47.7138	82.9825	39.5941	60.7401	54.3253	0.9563	160.2760	-7.2626	-4.7464	16.7949	4.1105	0.7748	
354.9699	349.0000	-5.9699	-1.7106	1.9000	2.1169	2.1441	-0.2441	-12.8452	0.1174	0.1172	5.4102	1.7758	3.0461	-0.9495	3.3820	2.4549	2.5017	-0.0468	-1.9051	0.0000	6.7420	28.5951	35.9861	34.7628	-1.2233	-3.5191	148.6703	141.7175	-6.9528	-4.9061	230.3860	1.1039	171.2100	0.6732	nan	213.6274	69.4397	48.9986	82.7741	40.5582	61.1462	54.2639	0.9588	148.6735	-6.9560	-4.9083	16.2726	3.5076	0.7739	
352.5827	348.6667	-3.9161	-1.1232	1.7994	2.0230	2.0448	-0.2454	-13.6374	0.1155	0.1153	4.8409	1.6372	2.9526	-0.9431	3.2237	2.3292	2.3819	-0.0527	-2.2625	0.0000	6.2709	27.7379	34.8297	33.7326	-1.0972	-3.2526	138.2779	130.7989	-7.4790	-5.7179	230.4302	1.0292	158.4811	0.6683	nan	214.0924	65.7018	50.2312	82.5328	41.4572	61.3777	54.1773	0.9611	138.1176	-7.3187	-5.5954	15.7561	3.1410	0.7726	
349.6509	349.1250	-0.5259	-0.1506	1.7007	1.9085	1.9132	-0.2125	-12.4922	0.1131	0.1129	4.1604	1.4737	2.8213	-0.9112	3.0632	2.2020	2.2386	-0.0366	-1.6612	0.0000	5.7239	26.9413	33.7358	32.6735	-1.0623	-3.2514	126.6930	120.1063	-6.5867	-5.4841	230.4844	0.9553	145.9475	0.6629	nan	214.6648	62.1799	51.7708	82.2941	42.6043	61.4132	54.0458	0.9638	125.7726	-5.6663	-4.7178	15.2207	2.5460	0.7724	
353.2877	350.2222	-3.0655	-0.8753	1.5992	1.7614	1.7657	-0.1664	-10.4069	0.1105	0.1107	3.4633	1.3018	2.6582	-0.7483	2.8899	2.0753	2.1194	-0.0441	-2.1239	0.0000	5.2359	26.1603	32.6769	31.6151	-1.0618	-3.3584	114.5251	109.8389	-4.6862	-4.2665	230.5029	0.8840	133.9733	0.6575	nan	215.2028	58.6518	53.3981	81.9856	43.7788	61.2864	53.8961	0.9665	114.5001	-4.6612	-4.2437	14.6908	2.0177	0.7706	
350.9634	348.4444	-2.5189	-0.7229	1.4999	1.6606	1.6624	-0.1625	-10.8358	0.1086	0.1086	2.9204	1.1444	2.5517	-0.7608	2.6712	1.9489	1.9805	-0.0316	-1.6216	0.0000	4.3758	25.3490	31.5097	30.5420	-0.9677	-3.1683	104.5529	99.9811	-4.5718	-4.5726	230.4697	0.8151	122.4567	0.6518	nan	215.6657	54.7296	54.7400	81.6461	44.6930	61.0650	53.7341	0.9698	104.2989	-4.3178	-4.3186	14.1617	1.9223	0.7696	
351.7183	350.0000	-1.7183	-0.4910	1.3998	1.5505	1.5341	-0.1343	-9.5978	0.1065	0.1068	2.3477	0.9779	2.3997	-0.6621	2.5484	1.8211	1.8697	-0.0485	-2.6640	0.0000	4.1408	24.5380	30.4831	29.4661	-1.0170	-3.4515	94.4595	90.4611	-3.9984	-4.4200	230.4338	0.7479	111.2878	0.6458	nan	216.0231	51.3046	56.7145	81.2858	46.1009	60.7339	53.5602	0.9733	95.1670	-4.7059	-5.2021	13.6403	1.3664	0.7686	
352.9525	348.6667	-4.2858	-1.2292	1.3003	1.4280	1.4679	-0.1676	-12.8861	0.1056	0.1047	2.0429	0.8804	2.3201	-0.6151	2.3280	1.6938	1.7406	-0.0468	-2.7604	0.0000	3.4383	23.5901	29.1988	28.3722	-0.8266	-2.9135	86.6521	81.3522	-5.2998	-6.5147	230.4309	0.6827	100.6256	0.6396	nan	216.5476	47.4781	58.3613	80.8465	47.1830	60.3062	53.3579	0.9774	85.6360	-4.2838	-5.2658	13.1021	1.2331	0.7677	
351.8583	349.7500	-2.1083	-0.6028	1.1995	1.3129	1.3237	-0.1242	-10.3556	0.1030	0.1028	1.5276	0.7132	2.1429	-0.5911	2.1735	1.5670	1.5908	-0.0238	-1.5175	0.0000	2.9551	22.7759	28.1305	27.2526	-0.8779	-3.2212	76.3900	72.6513	-3.7387	-5.1461	230.4571	0.6200	90.4062	0.6328	nan	217.1310	43.9326	60.4705	80.3609	48.5947	59.7476	53.1305	0.9822	76.6520	-4.0008	-5.5068	12.5512	0.8360	0.7655	
351.2021	347.6250	-3.5771	-1.0290	1.0996	1.2235	1.2291	-0.1295	-11.7731	0.1016	0.1015	1.1671	0.5777	2.0172	-0.5691	2.0362	1.4458	1.4830	-0.0372	-2.5752	0.0000	2.4121	22.1136	27.2454	26.1730	-1.0724	-4.0974	69.0228	64.6912	-4.3315	-6.6957	230.5295	0.5618	81.0925	0.6261	nan	217.6491	40.0296	61.8779	79.7746	49.3630	59.2133	52.9067	0.9870	69.4334	-4.7422	-7.3304	12.0253	0.9717	0.7606	
348.1588	348.0000	-0.1588	-0.0456	0.9983	1.1515	1.1156	-0.1173	-11.7454	0.1002	0.1006	0.7246	0.3880	1.8567	-0.4948	1.8600	1.3275	1.3697	-0.0422	-3.1777	0.0000	1.8440	21.4696	26.3940	25.0837	-1.3104	-5.2240	60.9342	57.2183	-3.7159	-6.4943	230.6043	0.5070	72.3117	0.6185	nan	218.2346	36.3817	63.5838	79.1274	50.3124	58.5556	52.6894	0.9921	61.4842	-4.2658	-7.4554	11.4939	0.9118	0.7521	
350.4134	349.0000	-1.4134	-0.4050	0.8995	1.0391	1.0255	-0.1260	-14.0045	0.0990	0.0992	0.4154	0.2387	1.7269	-0.4680	1.6840	1.2083	1.2585	-0.0502	-4.1508	0.0000	1.4362	20.8064	25.5448	23.9773	-1.5675	-6.5376	54.4496	50.0030	-4.4466	-8.8927	230.6962	0.4531	63.8660	0.6110	nan	218.8152	32.8742	65.7449	78.2935	51.4739	57.8436	52.4588	0.9964	54.4776	-4.4746	-8.9486	10.9578	0.6619	0.7444	
351.6983	349.6667	-2.0316	-0.5810	0.8002	0.9175	0.9296	-0.1294	-16.1725	0.0978	0.0977	0.2454	0.1547	1.5861	-0.4837	1.4712	1.0864	1.1313	-0.0448	-4.1264	0.0000	0.6942	19.8934	24.3823	22.8551	-1.5272	-6.6819	47.5140	42.9511	-4.5629	-10.6234	230.7940	0.3996	55.5567	0.6023	nan	219.5190	29.3018	68.2212	77.3105	52.7422	57.0546	52.2187	0.9987	47.7257	-4.7746	-11.1164	10.4115	0.3746	0.7366	
350.3870	348.1250	-2.2620	-0.6498	0.6997	0.8184	0.8139	-0.1142	-16.3193	0.0964	0.0965	-0.0108	-0.0086	1.4027	-0.4739	1.3351	0.9670	1.0095	-0.0425	-4.3998	0.0000	0.4769	19.2225	23.5504	21.7482	-1.8022	-8.2866	40.4461	36.3362	-4.1099	-11.3107	230.8512	0.3494	47.8250	0.5929	nan	220.1132	25.5094	70.2043	75.9775	53.3393	56.3609	51.9784	0.9975	40.7228	-4.3865	-12.0721	9.8805	0.3365	0.7236	
349.3980	349.9000	0.5020	0.1435	0.5999	0.7136	0.7020	-0.1021	-17.0120	0.0951	0.0952	-0.1270	-0.1037	1.2294	-0.5466	1.1226	0.8504	0.8873	-0.0370	-4.3474	0.0000	-0.0549	18.3295	22.4504	20.6934	-1.7570	-8.4904	33.8381	30.1940	-3.6441	-12.0691	230.8660	0.3018	40.5960	0.5827	nan	220.7745	21.9812	72.8002	74.3768	54.1466	55.4501	51.7380	0.9906	34.0169	-3.8229	-12.6611	9.3731	0.1265	0.7055	
350.7098	349.7500	-0.9598	-0.2744	0.5000	0.6040	0.5958	-0.0958	-19.1535	0.0941	0.0943	-0.2267	-0.2146	1.0589	-0.4813	0.9826	0.7400	0.7769	-0.0369	-4.9823	0.0000	-0.2229	17.6525	21.6242	19.7885	-1.8357	-9.2768	28.1196	24.8225	-3.2971	-13.2829	230.8553	0.2593	34.2750	0.5725	nan	221.3244	18.3129	73.7759	72.4215	53.4296	54.5944	51.5172	0.9787	28.3382	-3.5157	-14.1633	8.9410	0.4049	0.6757	
350.7395	348.5556	-2.1839	-0.6266	0.3983	0.5006	0.4908	-0.0924	-23.2090	0.0933	0.0934	-0.2027	-0.2360	0.8739	-0.4153	0.8038	0.6159	0.6661	-0.0502	-8.1568	0.0000	-0.4583	16.8751	20.6758	18.8690	-1.8068	-9.5755	22.3108	19.2656	-3.0452	-15.8067	230.8109	0.2141	27.6556	0.5596	nan	221.9264	14.5393	75.4673	69.6625	52.5725	53.7925	51.3131	0.9572	22.4144	-3.1488	-16.3443	8.5024	0.5104	0.6468	
352.1938	349.8571	-2.3366	-0.6679	0.2983	0.3714	0.3746	-0.0764	-25.6001	0.0924	0.0924	-0.1457	-0.2160	0.6733	-0.3661	0.6127	0.4742	0.5234	-0.0492	-10.3680	0.0000	-0.6522	15.9765	19.5838	18.0326	-1.5512	-8.6023	16.3567	13.7686	-2.5882	-18.7976	230.7303	0.1685	21.1143	0.5432	nan	222.6789	10.9284	79.3733	65.2097	51.7585	52.9307	51.0987	0.9296	16.3395	-2.5709	-18.6723	8.0980	0.3481	0.6290	
350.8165	350.5000	-0.3165	-0.0903	0.2057	0.2733	0.2721	-0.0664	-32.2622	0.0922	0.0922	-0.0795	-0.1533	0.4908	-0.2078	0.4602	0.2826	0.3811	-0.0985	-34.8325	0.0000	-0.3200	15.2916	18.7341	17.9387	-0.7954	-4.4337	11.3848	8.6000	-2.7848	-32.3812	230.6245	0.1229	14.7475	0.5202	nan	223.3261	7.5522	87.8222	58.3061	51.2042	52.1492	50.8977	0.9793	11.2549	-2.6549	-30.8712	8.0326	0.1650	0.7279	
350.3765	349.2500	-1.1265	-0.3225	0.1082	0.1521	0.1571	-0.0488	-45.1081	0.0921	0.0922	0.0353	0.1301	0.2862	0.0735	0.2958	0.1966	0.2284	-0.0318	-16.1647	0.0000	0.3177	14.5181	17.7873	17.7800	-0.0073	-0.0410	6.3121	4.9225	-1.3896	-28.2291	230.5150	0.0925	10.6175	0.4978	nan	224.1297	3.9588	80.4438	46.3351	37.2683	51.3412	50.6807	0.8124	5.7786	-0.8561	-17.3915	7.9329	0.5377	0.5505	



Step N. = 	1
Target Speed = 	466

Speed Mainboard (rpm_M)	Speed TestBench (rpm_M)	Speed Error (rpm_M)	Speed Error %	Torque TestBench (Nm_M)	Torque Ref (Nm)	Torque MainBoard (Nm_M)	Torque MainBoard Error (Nm_M)	Torque MainBoard Error %	Flux Ref (V/rad/s)	Flux (V/rad/s)	Id * Iq (A^2)	Id (Apeak)	Iq (Apeak)	Id Rotor (Apeak)	Iq Rotor (Apeak)	IMotor Measured (Arms)	IMotor MainBoard (Arms)	IMotor Error (Arms)	IMotor Error %	Motor Current THD %	Vsdref (Vpeak)	Vsqref (Vpeak)	Vout MainBoard (Vrms)	Vout Measured (Vrms)	Vout Error (Vrms)	Vout Error %	Motor Power MainBoard (W)	Motor Power Measured (W)	Motor Power Error (W)	Motor Power Error %	Line Voltage (Vrms)	Line Current (Arms)	Line Power (W)	Line Power Factor	Bulk Ripple (V)	DC Bus Voltage (Vrms)	Motor Mechanical Power (W)	Motor Efficiency	Inverter Efficiency	Overall Efficiency	Temperature (deg C)	Estimated Temperature (deg C)	Motor cos-phi	Electrical Power Alpha-Beta [W]	Electrical Power Error [W]	Electrical Power Error [%]	Bus Voltage Usage [%]	Rotational Losses [W]	Kt [Nm/Arms]	
461.9276	463.6667	1.7391	0.3751	3.2003	3.4326	3.4266	-0.2262	-7.0686	0.1399	0.1406	16.8745	4.1308	4.0861	-2.2574	5.4932	4.1366	4.1703	-0.0336	-0.8133	0.0000	16.1642	41.6343	54.7068	54.0383	-0.6685	-1.2371	355.2576	346.3733	-8.8842	-2.5649	230.6337	2.4256	411.2767	0.7352	nan	206.5447	155.3923	44.8627	84.2190	37.7829	42.9975	54.5199	0.8946	360.1514	-13.7781	-3.9778	26.1630	8.1879	0.7737	
467.9731	466.1111	-1.8620	-0.3995	3.1000	3.3265	3.3296	-0.2296	-7.4062	0.1392	0.1391	16.1363	4.0503	3.9850	-1.9313	5.3351	4.0016	4.0336	-0.0320	-0.8003	0.0000	15.1510	42.2886	55.0261	53.5909	-1.4352	-2.6781	344.6943	333.8667	-10.8276	-3.2431	230.6622	2.3411	394.4400	0.7305	nan	207.4819	151.3142	45.3220	84.6432	38.3619	46.2048	56.7263	0.8988	346.3020	-12.4353	-3.7246	25.8292	9.4336	0.7747	
463.9544	464.9091	0.9547	0.2054	3.0001	3.2903	3.2457	-0.2456	-8.1867	0.1377	0.1381	14.9698	3.8220	3.9187	-1.8714	5.1646	3.8688	3.9003	-0.0316	-0.8159	0.0000	14.0156	41.6781	53.8647	52.8739	-0.9908	-1.8738	325.2073	320.1673	-5.0401	-1.5742	230.6895	2.2511	377.2600	0.7265	nan	208.1423	146.0600	45.6200	84.8665	38.7161	49.5597	57.8655	0.9037	332.0971	-11.9298	-3.7261	25.4028	10.2789	0.7755	
464.8984	464.3750	-0.5234	-0.1127	2.8993	3.2090	3.1891	-0.2898	-9.9973	0.1366	0.1364	14.1303	3.6337	3.8891	-1.8366	5.0185	3.7376	3.7691	-0.0315	-0.8423	0.0000	13.5215	41.5855	53.5651	52.0839	-1.4813	-2.8440	316.2207	306.2262	-9.9944	-3.2637	230.7189	2.1603	360.3125	0.7229	nan	208.6976	140.9883	46.0407	84.9891	39.1295	52.7655	58.5912	0.9082	317.4772	-11.2510	-3.6741	24.9566	10.5309	0.7757	
468.6680	466.5000	-2.1680	-0.4647	2.8003	3.0854	3.1249	-0.3247	-11.5937	0.1354	0.1346	13.3474	3.4693	3.8482	-1.6596	4.8828	3.6094	3.6394	-0.0299	-0.8293	0.0000	13.2303	41.0622	52.8483	51.2133	-1.6350	-3.1926	305.7546	292.0450	-13.7096	-4.6943	230.7300	2.0688	343.3675	0.7194	nan	209.1929	136.7972	46.8412	85.0532	39.8399	55.4491	59.0235	0.9122	302.2913	-10.2463	-3.5085	24.4814	9.5657	0.7758	
466.1104	465.0000	-1.1104	-0.2388	2.6994	3.0079	3.0305	-0.3311	-12.2658	0.1338	0.1331	12.5502	3.3268	3.7720	-1.5811	4.7838	3.4831	3.5124	-0.0293	-0.8418	0.0000	12.8112	40.2305	51.7141	50.3133	-1.4008	-2.7841	291.5823	277.9357	-13.6466	-4.9100	230.7373	1.9775	326.6471	0.7159	nan	209.6332	131.4479	47.2944	85.0874	40.2416	57.8143	59.3511	0.9157	287.3318	-9.3961	-3.3807	24.0006	9.6759	0.7750	
464.0608	466.1250	2.0642	0.4428	2.5990	2.9194	2.8816	-0.2826	-10.8715	0.1313	0.1315	11.2788	3.0906	3.6499	-1.4855	4.5263	3.3576	3.3863	-0.0287	-0.8552	0.0000	11.0643	39.7160	50.5016	49.3652	-1.1363	-2.3019	268.6386	263.8175	-4.8211	-1.8274	230.7380	1.8863	310.0050	0.7123	nan	210.0450	126.8637	48.0877	85.1010	40.9231	59.8764	59.5912	0.9189	272.2815	-8.4640	-3.2083	23.5022	8.8871	0.7741	
470.3957	467.0000	-3.3957	-0.7271	2.5002	2.7553	2.7350	-0.2348	-9.3905	0.1285	0.1290	9.9496	2.8118	3.5393	-1.3212	4.3351	3.2288	3.2556	-0.0268	-0.8294	0.0000	11.1091	38.5199	49.1069	48.3618	-0.7452	-1.5408	251.2940	249.3300	-1.9640	-0.7877	230.7432	1.7926	293.0575	0.7085	nan	210.4979	122.2725	49.0404	85.0789	41.7231	61.7113	59.7508	0.9219	256.7271	-7.3971	-2.9668	22.9749	7.8577	0.7743	
466.4008	466.5556	0.1548	0.0332	2.3988	2.6685	2.6998	-0.3010	-12.5486	0.1276	0.1272	9.5819	2.7115	3.5344	-1.3162	4.2421	3.0984	3.1247	-0.0263	-0.8480	0.0000	10.5479	38.0357	48.3510	47.3299	-1.0211	-2.1574	244.4991	234.8044	-9.6947	-4.1288	230.7521	1.6985	276.1367	0.7045	nan	210.9523	117.1985	49.9132	85.0320	42.4422	63.2938	59.8656	0.9244	241.1573	-6.3529	-2.7056	22.4363	7.2315	0.7742	
469.5852	466.8889	-2.6963	-0.5775	2.3011	2.5216	2.5300	-0.2289	-9.9468	0.1251	0.1250	8.5692	2.5504	3.3589	-1.1680	4.0174	2.9672	2.9928	-0.0256	-0.8611	0.0000	9.5613	37.3630	47.2395	46.2563	-0.9832	-2.1254	224.8109	220.3589	-4.4520	-2.0204	230.7664	1.6046	259.3444	0.7004	nan	211.4217	112.5070	51.0563	84.9677	43.3813	64.5886	59.9170	0.9269	226.5935	-6.2346	-2.8293	21.8787	6.1703	0.7755	
464.5712	467.0000	2.4288	0.5201	2.1993	2.4431	2.4637	-0.2644	-12.0240	0.1233	0.1232	7.8311	2.3374	3.3504	-1.1216	3.9367	2.8419	2.8659	-0.0240	-0.8430	0.0000	9.8099	36.2588	46.0050	45.1690	-0.8360	-1.8509	216.5996	206.7675	-9.8321	-4.7552	230.7777	1.5159	243.5850	0.6963	nan	211.8818	107.5524	52.0161	84.8852	44.1540	65.5708	59.9234	0.9300	211.9614	-5.1939	-2.5119	21.3180	5.6204	0.7739	
470.5896	465.8750	-4.7146	-1.0120	2.0999	2.2839	2.3039	-0.2040	-9.7138	0.1208	0.1203	7.0677	2.2298	3.1686	-1.0558	3.6854	2.7236	2.7474	-0.0238	-0.8748	0.0000	7.8287	35.6871	44.7479	44.1045	-0.6434	-1.4589	195.7967	194.1338	-1.6629	-0.8566	230.7635	1.4334	228.9700	0.6922	nan	212.2621	102.4452	52.7704	84.7857	44.7417	66.3955	59.9003	0.9331	199.2442	-5.1105	-2.6324	20.7783	5.4825	0.7710	
467.8966	467.2857	-0.6109	-0.1307	1.9999	2.1856	2.2175	-0.2176	-10.8822	0.1185	0.1183	6.2570	2.0009	3.1268	-0.9965	3.5735	2.5962	2.6186	-0.0224	-0.8631	0.0000	8.3005	34.5221	43.4898	42.9590	-0.5308	-1.2356	186.8497	180.8757	-5.9740	-3.3028	230.7183	1.3464	213.6029	0.6876	nan	212.6902	97.8612	54.1041	84.6785	45.8145	66.9802	59.8387	0.9363	185.4240	-4.5483	-2.5146	20.1979	4.5258	0.7703	
465.9004	466.2222	0.3218	0.0690	1.9001	2.0791	2.0914	-0.1913	-10.0652	0.1164	0.1163	5.5999	1.8665	2.9997	-0.9112	3.3966	2.4652	2.4868	-0.0215	-0.8738	0.0000	7.1647	34.0843	42.6631	41.7871	-0.8760	-2.0963	173.3625	167.6278	-5.7348	-3.4211	230.6423	1.2591	198.2956	0.6828	nan	213.0951	92.7684	55.3420	84.5343	46.7829	67.3467	59.7137	0.9395	171.4556	-3.8279	-2.2836	19.6096	3.9997	0.7708	
468.1220	465.3333	-2.7887	-0.5993	1.7988	1.9407	1.9260	-0.1273	-7.0751	0.1135	0.1137	4.6916	1.6631	2.8212	-0.8529	3.1900	2.3340	2.3541	-0.0201	-0.8609	0.0000	6.6603	32.9433	41.1677	40.5997	-0.5680	-1.3991	155.9828	154.7400	-1.2428	-0.8031	230.5177	1.1742	183.3778	0.6775	nan	213.4303	87.6537	56.6458	84.3832	47.7995	67.5600	59.5522	0.9428	158.5173	-3.7773	-2.4411	19.0225	3.5221	0.7707	
464.1392	466.2000	2.0608	0.4420	1.6994	1.8522	1.8414	-0.1420	-8.3535	0.1117	0.1120	4.1204	1.4941	2.7575	-0.8248	3.0851	2.2024	2.2213	-0.0189	-0.8571	0.0000	6.3371	32.0099	39.9709	39.4040	-0.5669	-1.4388	146.5378	142.2400	-4.2978	-3.0215	230.4264	1.0910	168.9500	0.6721	nan	213.8448	82.9652	58.3275	84.1906	49.1063	67.5924	59.3623	0.9463	145.3531	-3.1131	-2.1886	18.4264	2.6686	0.7716	
464.3924	464.6250	0.2326	0.0501	1.5989	1.7455	1.7461	-0.1472	-9.2052	0.1102	0.1100	3.7654	1.4277	2.6379	-0.7612	2.9106	2.0867	2.1051	-0.0183	-0.8776	0.0000	5.4546	31.4994	39.1571	38.3349	-0.8222	-2.1448	136.2726	131.5662	-4.7064	-3.5772	230.4074	1.0190	156.6687	0.6673	nan	214.2688	77.7941	59.1291	83.9773	49.6551	67.4728	59.1820	0.9496	135.0680	-3.5018	-2.6616	17.8910	2.9775	0.7662	
467.2426	465.6667	-1.5759	-0.3384	1.4997	1.6120	1.6175	-0.1179	-7.8591	0.1080	0.1079	3.1877	1.2860	2.4779	-0.6491	2.7026	1.9624	1.9793	-0.0169	-0.8588	0.0000	4.6248	30.5940	37.8967	37.1857	-0.7110	-1.9121	122.6436	120.5178	-2.1258	-1.7639	230.4532	0.9436	143.9011	0.6618	nan	214.7864	73.1305	60.6803	83.7504	50.8200	67.2629	58.9848	0.9535	123.8620	-3.3442	-2.7749	17.3129	2.4970	0.7642	
465.9828	466.5000	0.5172	0.1109	1.4002	1.5068	1.4956	-0.0954	-6.8147	0.1056	0.1061	2.4538	1.0384	2.3627	-0.5470	2.5418	1.8302	1.8462	-0.0160	-0.8761	0.0000	4.5860	29.4538	36.5088	35.9723	-0.5364	-1.4912	111.5329	109.2333	-2.2996	-2.1052	230.5125	0.8661	130.8850	0.6556	nan	215.3859	68.4008	62.6191	83.4575	52.2603	66.9327	58.7542	0.9579	112.3473	-3.1139	-2.8507	16.7013	1.8337	0.7650	
464.3480	465.7778	1.4298	0.3070	1.3008	1.4062	1.4006	-0.0999	-7.6762	0.1043	0.1044	2.1247	0.9458	2.2465	-0.4867	2.3735	1.6972	1.7117	-0.0145	-0.8534	0.0000	3.7428	28.7353	35.4971	34.7356	-0.7616	-2.1924	102.1003	98.3433	-3.7569	-3.8202	230.5442	0.7906	118.3078	0.6491	nan	215.9486	63.4469	64.5157	83.1250	53.6287	66.4690	58.4772	0.9631	101.0556	-2.7123	-2.7580	16.0851	1.4109	0.7664	
468.8520	464.5000	-4.3520	-0.9369	1.2000	1.2604	1.2905	-0.0905	-7.5400	0.1026	0.1022	1.7357	0.8319	2.0865	-0.4444	2.1732	1.5648	1.5786	-0.0138	-0.8824	0.0000	2.8234	27.8479	34.2816	33.4915	-0.7901	-2.3591	90.6811	87.9613	-2.7199	-3.0921	230.5489	0.7179	106.2975	0.6423	nan	216.5284	58.3708	66.3596	82.7501	54.9126	65.9362	58.2047	0.9690	91.0825	-3.1213	-3.5485	15.4675	1.1798	0.7669	
465.3268	467.2500	1.9232	0.4116	1.0996	1.1865	1.1892	-0.0896	-8.1503	0.1011	0.1011	1.2884	0.6567	1.9612	-0.4338	1.9946	1.4395	1.4520	-0.0125	-0.8703	0.0000	2.4193	27.0494	33.2610	32.3170	-0.9440	-2.9210	81.9619	78.5300	-3.4319	-4.3701	230.5805	0.6509	95.3825	0.6356	nan	217.0882	53.8049	68.5154	82.3317	56.4099	65.2948	57.9066	0.9746	81.4946	-2.9646	-3.7752	14.8866	0.7346	0.7639	
464.8087	467.0000	2.1913	0.4692	0.9995	1.0997	1.0956	-0.0961	-9.6158	0.0999	0.1000	0.9496	0.5194	1.8297	-0.4110	1.8502	1.3263	1.3383	-0.0120	-0.9050	0.0000	2.0365	26.3367	32.3524	31.2097	-1.1426	-3.6610	73.8646	70.3200	-3.5446	-5.0407	230.6048	0.5925	85.9250	0.6289	nan	217.5885	48.8797	69.5105	81.8388	56.8866	64.6059	57.6313	0.9808	73.3589	-3.0389	-4.3215	14.3435	1.1230	0.7536	
467.9823	465.5000	-2.4823	-0.5332	0.8980	0.9699	0.9938	-0.0958	-10.6689	0.0986	0.0984	0.6556	0.3917	1.6757	-0.4021	1.6557	1.1979	1.2087	-0.0108	-0.9046	0.0000	1.5295	25.4614	31.2405	29.9488	-1.2917	-4.3132	64.8898	61.3875	-3.5023	-5.7053	230.6223	0.5279	75.6100	0.6211	nan	218.2039	43.7748	71.3090	81.1897	57.8955	63.8509	57.3536	0.9879	64.4905	-3.1030	-5.0548	13.7251	1.0831	0.7497	
466.4542	466.7778	0.3236	0.0693	0.7997	0.8731	0.8748	-0.0751	-9.3914	0.0972	0.0972	0.4087	0.2727	1.4978	-0.3760	1.4669	1.0677	1.0775	-0.0098	-0.9202	0.0000	1.0407	24.5763	30.1274	28.6970	-1.4304	-4.9844	55.6568	52.7444	-2.9124	-5.5217	230.6263	0.4646	65.6056	0.6123	nan	218.8245	39.0884	74.1090	80.3963	59.5809	63.0311	57.0550	0.9939	55.9854	-3.2409	-6.1446	13.1142	0.5622	0.7490	
467.5780	466.1111	-1.4669	-0.3147	0.6997	0.7546	0.7577	-0.0580	-8.2964	0.0958	0.0959	0.1600	0.1210	1.3211	-0.3954	1.2720	0.9384	0.9478	-0.0094	-1.0012	0.0000	0.5943	23.6277	28.9473	27.4613	-1.4859	-5.4110	46.9302	44.5489	-2.3813	-5.3453	230.5570	0.4043	56.1300	0.6022	nan	219.4088	34.1515	76.6609	79.3674	60.8437	62.1749	56.7556	0.9980	47.3820	-2.8331	-6.3595	12.5161	0.3118	0.7456	
466.9982	466.1111	-0.8871	-0.1903	0.6006	0.6529	0.6581	-0.0575	-9.5799	0.0946	0.0946	-0.0606	-0.0516	1.1595	-0.3702	1.1125	0.8142	0.8221	-0.0079	-0.9653	0.0000	0.2632	22.6570	27.7511	26.3208	-1.4303	-5.4340	39.3809	37.0622	-2.3186	-6.2561	230.4857	0.3487	47.5722	0.5919	nan	219.9856	29.3138	79.0936	77.9072	61.6196	61.2886	56.4820	0.9985	39.5174	-2.4551	-6.6244	11.9648	0.1801	0.7376	
466.7968	466.7778	-0.0190	-0.0041	0.4992	0.5579	0.5594	-0.0602	-12.0568	0.0939	0.0939	-0.0670	-0.0672	0.9965	-0.3547	0.9403	0.7038	0.7112	-0.0074	-1.0580	0.0000	-0.0013	22.0049	26.9505	25.3847	-1.5658	-6.1683	32.8921	30.7878	-2.1043	-6.8348	230.4729	0.3003	40.2500	0.5816	nan	220.5673	24.4024	79.2605	76.4915	60.6277	60.4170	56.2185	0.9950	33.0168	-2.2290	-7.2398	11.5088	0.7479	0.7093	
464.8205	466.0000	1.1795	0.2531	0.3993	0.4614	0.4524	-0.0530	-13.2804	0.0930	0.0930	-0.1182	-0.1457	0.8095	-0.2812	0.7789	0.5735	0.5802	-0.0068	-1.1780	0.0000	-0.1349	21.1317	25.8816	24.4216	-1.4600	-5.9783	25.6890	23.9211	-1.7679	-7.3905	230.5281	0.2471	32.3156	0.5673	nan	221.3747	19.4872	81.4648	74.0237	60.3034	59.5445	55.9622	0.9861	25.7104	-1.7892	-7.4798	11.0318	0.7024	0.6963	
465.4636	467.3333	1.8698	0.4001	0.3012	0.3391	0.3354	-0.0342	-11.3515	0.0923	0.0922	-0.0505	-0.0814	0.6010	-0.1464	0.5755	0.4294	0.4346	-0.0053	-1.2274	0.0000	-0.1607	20.2559	24.8091	23.6780	-1.1311	-4.7771	18.2782	17.2789	-0.9994	-5.7837	230.6506	0.1943	24.6589	0.5502	nan	222.3714	14.7414	85.3159	70.0716	59.7819	58.6643	55.7083	0.9812	18.4164	-1.1375	-6.5830	10.6480	0.4521	0.7015	
467.3118	467.8571	0.5454	0.1166	0.2044	0.2067	0.1999	0.0045	2.1979	0.0921	0.0921	0.0326	0.0906	0.3591	0.0438	0.3756	0.2797	0.2823	-0.0026	-0.9475	0.0000	0.2027	19.4568	23.8313	23.6073	-0.2241	-0.9491	10.5095	11.2257	0.7162	6.3802	230.7451	0.1442	17.6243	0.5295	nan	223.4350	10.0159	89.2328	63.6897	56.8311	57.7940	55.4591	0.9816	11.2369	-0.0111	-0.0992	10.5656	0.3279	0.7310	
464.8580	466.5714	1.7134	0.3672	0.1103	0.1330	0.1233	-0.0130	-11.7974	0.0921	0.0921	0.0372	0.1682	0.2236	0.1460	0.2437	0.2038	0.2050	-0.0012	-0.5871	0.0000	0.4187	18.8604	23.1050	23.3894	0.2845	1.2163	6.4273	6.5843	0.1570	2.3848	230.7817	0.1079	12.5914	0.5058	nan	224.3419	5.3886	81.9360	52.2471	42.7876	56.9332	55.2440	0.7966	6.2771	0.3071	4.6649	10.4258	0.7286	0.5411	



Step N. = 	2
Target Speed = 	582

Speed Mainboard (rpm_M)	Speed TestBench (rpm_M)	Speed Error (rpm_M)	Speed Error %	Torque TestBench (Nm_M)	Torque Ref (Nm)	Torque MainBoard (Nm_M)	Torque MainBoard Error (Nm_M)	Torque MainBoard Error %	Flux Ref (V/rad/s)	Flux (V/rad/s)	Id * Iq (A^2)	Id (Apeak)	Iq (Apeak)	Id Rotor (Apeak)	Iq Rotor (Apeak)	IMotor Measured (Arms)	IMotor MainBoard (Arms)	IMotor Error (Arms)	IMotor Error %	Motor Current THD %	Vsdref (Vpeak)	Vsqref (Vpeak)	Vout MainBoard (Vrms)	Vout Measured (Vrms)	Vout Error (Vrms)	Vout Error %	Motor Power MainBoard (W)	Motor Power Measured (W)	Motor Power Error (W)	Motor Power Error %	Line Voltage (Vrms)	Line Current (Arms)	Line Power (W)	Line Power Factor	Bulk Ripple (V)	DC Bus Voltage (Vrms)	Motor Mechanical Power (W)	Motor Efficiency	Inverter Efficiency	Overall Efficiency	Temperature (deg C)	Estimated Temperature (deg C)	Motor cos-phi	Electrical Power Alpha-Beta [W]	Electrical Power Error [W]	Electrical Power Error [%]	Bus Voltage Usage [%]	Rotational Losses [W]	Kt [Nm/Arms]	
574.9139	577.1429	2.2290	0.3862	3.1997	3.4496	3.4826	-0.2829	-8.8405	0.1416	0.1414	17.6723	4.3082	4.1019	-2.1289	5.5655	4.1785	4.2120	-0.0336	-0.8031	0.0000	15.6550	49.6443	63.7545	61.8564	-1.8980	-3.0684	406.6504	390.0586	-16.5918	-4.2537	230.3380	2.6794	457.8743	0.7419	nan	204.8783	193.3852	49.5786	85.1890	42.2355	43.7030	48.8941	0.8713	403.4453	-13.3867	-3.4320	30.1918	9.6683	0.7658	
587.9851	582.0000	-5.9851	-1.0284	3.0996	3.3526	3.3234	-0.2237	-7.2181	0.1392	0.1399	16.2736	4.0961	3.9737	-1.9208	5.4871	4.0432	4.1155	-0.0723	-1.7877	0.0000	16.0710	49.4090	63.6409	61.4984	-2.1426	-3.4839	393.2383	377.3450	-15.8933	-4.2119	230.6380	2.5910	440.5362	0.7372	nan	206.2559	188.9125	50.0636	85.6558	42.8824	47.1755	52.4275	0.8762	393.1929	-15.8479	-4.1998	29.8166	11.0593	0.7666	
584.3030	581.8182	-2.4848	-0.4271	2.9993	3.3069	3.2311	-0.2318	-7.7284	0.1383	0.1387	15.4326	3.9803	3.8774	-1.8824	5.2607	3.9071	3.9789	-0.0717	-1.8361	0.0000	14.3149	49.0027	62.5283	60.6911	-1.8372	-3.0271	370.4871	362.1745	-8.3126	-2.2952	230.6905	2.4925	421.6591	0.7333	nan	207.1447	182.7392	50.4563	85.8927	43.3382	50.7054	53.9701	0.8818	379.6462	-17.4717	-4.8241	29.2989	11.6373	0.7676	
584.5704	581.0000	-3.5704	-0.6145	2.9000	3.2216	3.1940	-0.2940	-10.1368	0.1368	0.1369	14.5026	3.7410	3.8760	-1.8275	5.1120	3.7711	3.8407	-0.0695	-1.8442	0.0000	14.2887	48.3056	61.6985	59.7770	-1.9215	-3.2145	361.0478	346.3725	-14.6753	-4.2369	230.4427	2.3932	402.5475	0.7299	nan	207.5393	176.4423	50.9401	86.0451	43.8315	54.1183	54.8592	0.8871	361.8525	-15.4800	-4.4692	28.8027	11.6651	0.7690	
585.5027	584.0000	-1.5027	-0.2573	2.8007	3.1292	3.1419	-0.3412	-12.1828	0.1359	0.1354	13.9512	3.6205	3.8527	-1.7104	4.9481	3.6383	3.7194	-0.0810	-2.2269	0.0000	13.5871	47.0261	59.9511	58.7817	-1.1694	-1.9894	345.5210	330.3411	-15.1799	-4.5952	230.3358	2.2920	383.5667	0.7266	nan	207.7860	171.2784	51.8491	86.1235	44.6542	56.9279	55.3479	0.8918	346.0695	-15.7284	-4.7612	28.2895	10.2520	0.7698	
579.5876	582.0000	2.4124	0.4145	2.6997	3.0645	3.0573	-0.3576	-13.2442	0.1340	0.1335	12.9200	3.3993	3.8011	-1.7614	4.7800	3.5157	3.5707	-0.0550	-1.5650	0.0000	12.8185	46.1641	58.6814	57.8259	-0.8555	-1.4795	328.5690	315.4529	-13.1162	-4.1579	230.5936	2.1952	366.0614	0.7232	nan	208.4495	164.5392	52.1597	86.1748	44.9485	59.5341	55.7158	0.8959	328.1237	-12.6709	-4.0167	27.7410	10.6748	0.7679	
583.7740	582.2500	-1.5240	-0.2617	2.5998	2.9314	2.9706	-0.3709	-14.2664	0.1324	0.1317	12.0235	3.2092	3.7466	-1.4883	4.5974	3.3916	3.4539	-0.0623	-1.8377	0.0000	12.2495	45.5295	57.7542	56.8017	-0.9525	-1.6769	314.9122	300.2075	-14.7047	-4.8982	230.7677	2.0970	348.2850	0.7197	nan	209.1433	158.5148	52.8018	86.1959	45.5130	61.7406	55.9774	0.8997	312.1492	-11.9417	-3.9778	27.1593	10.1594	0.7665	
582.6494	580.3333	-2.3160	-0.3991	2.5000	2.8359	2.7992	-0.2992	-11.9693	0.1297	0.1301	10.7758	2.9991	3.5909	-1.4051	4.4614	3.2601	3.3324	-0.0723	-2.2190	0.0000	11.2724	45.0952	56.9435	55.6878	-1.2557	-2.2549	293.8085	284.0356	-9.7730	-3.4408	230.6646	1.9948	329.4744	0.7160	nan	209.5150	151.9313	53.4902	86.2087	46.1132	63.6755	56.1790	0.9033	296.7506	-12.7151	-4.4766	26.5794	9.7484	0.7668	
583.4344	582.4444	-0.9900	-0.1700	2.3996	2.7146	2.6637	-0.2642	-11.0093	0.1270	0.1279	9.5531	2.7385	3.4872	-1.3426	4.3451	3.1269	3.1997	-0.0728	-2.3298	0.0000	10.7067	44.5590	56.1304	54.5407	-1.5897	-2.9147	277.1290	267.7811	-9.3479	-3.4909	230.4980	1.8924	310.6622	0.7122	nan	209.7950	146.3572	54.6555	86.1969	47.1114	65.3702	56.3103	0.9065	279.5690	-11.7879	-4.4021	25.9971	8.1974	0.7674	
586.7932	582.0000	-4.7932	-0.8236	2.2992	2.5575	2.5734	-0.2742	-11.9237	0.1253	0.1256	8.8655	2.5884	3.4262	-1.1845	4.1688	2.9939	3.0562	-0.0623	-2.0822	0.0000	10.2915	43.5591	54.8221	53.3642	-1.4578	-2.7318	263.8772	251.7325	-12.1447	-4.8244	230.3870	1.7907	292.1800	0.7082	nan	210.1506	140.1322	55.6671	86.1567	47.9609	66.7977	56.3761	0.9097	261.8631	-10.1306	-4.0244	25.3934	7.2892	0.7680	
581.0077	582.0000	0.9923	0.1705	2.1999	2.4930	2.4768	-0.2769	-12.5876	0.1238	0.1239	8.3460	2.4957	3.3412	-1.2032	3.9239	2.8661	2.9422	-0.0761	-2.6553	0.0000	9.2384	42.2594	52.9924	52.1583	-0.8342	-1.5993	246.5919	236.5475	-10.0444	-4.2462	230.3884	1.6933	274.6950	0.7041	nan	210.4724	134.0756	56.6802	86.1128	48.8089	67.9775	56.3858	0.9136	247.5397	-10.9922	-4.6469	24.7815	6.4834	0.7675	
587.7705	580.3333	-7.4371	-1.2815	2.0999	2.3113	2.3327	-0.2328	-11.0886	0.1211	0.1210	7.3220	2.2878	3.2024	-1.0424	3.8159	2.7512	2.8012	-0.0500	-1.8170	0.0000	8.8934	41.3916	51.8641	51.0349	-0.8292	-1.6249	229.5437	223.0544	-6.4892	-2.9093	230.5810	1.6053	259.2122	0.7003	nan	211.0877	127.6152	57.2126	86.0509	49.2319	68.8814	56.3582	0.9172	231.4465	-8.3921	-3.7623	24.1771	6.7186	0.7633	
586.4286	582.7500	-3.6786	-0.6312	1.9990	2.2128	2.1889	-0.1899	-9.5010	0.1184	0.1190	6.4447	2.1040	3.0631	-0.9954	3.6504	2.6216	2.6802	-0.0585	-2.2326	0.0000	8.0979	40.6880	50.8162	49.7685	-1.0477	-2.1051	212.5488	208.2025	-4.3463	-2.0875	230.8187	1.5082	242.2000	0.6957	nan	211.8195	121.9898	58.5919	85.9630	50.3674	69.5753	56.3553	0.9213	216.9226	-8.7201	-4.1883	23.4957	5.4617	0.7625	
582.7450	582.7778	0.0328	0.0056	1.8987	2.1302	2.1117	-0.2130	-11.2180	0.1168	0.1170	5.9154	1.9596	3.0138	-0.9984	3.4771	2.4882	2.5574	-0.0693	-2.7844	0.0000	7.5176	39.9279	49.7667	48.4886	-1.2782	-2.6360	202.7467	193.3467	-9.4001	-4.8618	230.6834	1.4125	225.1356	0.6910	nan	212.2426	115.8725	59.9299	85.8801	51.4679	70.0308	56.2744	0.9253	203.1365	-9.7898	-5.0634	22.8459	4.6227	0.7631	
580.3138	581.3333	1.0195	0.1754	1.7997	2.0162	1.9756	-0.1760	-9.7770	0.1143	0.1149	5.0623	1.7485	2.8937	-0.8916	3.2645	2.3557	2.4119	-0.0562	-2.3875	0.0000	6.5394	38.6991	48.0747	47.1736	-0.9011	-1.9103	185.2103	178.8811	-6.3292	-3.5382	230.4207	1.3193	208.5467	0.6860	nan	212.5028	109.5585	61.2466	85.7751	52.5343	70.3367	56.1218	0.9294	186.3413	-7.4601	-4.1704	22.1990	3.9541	0.7640	
585.9680	582.5000	-3.4680	-0.5954	1.6984	1.8522	1.8656	-0.1673	-9.8487	0.1127	0.1123	4.6313	1.6855	2.7480	-0.7889	3.1352	2.2228	2.2838	-0.0610	-2.7444	0.0000	6.6020	37.7426	46.9331	45.8726	-1.0605	-2.3118	172.3334	164.8925	-7.4409	-4.5126	230.5710	1.2275	192.6337	0.6806	nan	212.9937	103.5997	62.8286	85.5990	53.7807	70.4406	55.9372	0.9337	173.2050	-8.3125	-5.0411	21.5371	3.0714	0.7641	
584.2666	581.3333	-2.9333	-0.5046	1.5996	1.7606	1.8033	-0.2038	-12.7404	0.1112	0.1105	4.1696	1.5450	2.6965	-0.7337	2.9590	2.1073	2.1705	-0.0632	-3.0000	0.0000	5.8304	36.8790	45.7315	44.7273	-1.0042	-2.2451	162.7406	153.0567	-9.6839	-6.3270	230.8409	1.1482	179.0967	0.6757	nan	213.7595	97.3763	63.6211	85.4604	54.3709	70.3917	55.7370	0.9376	160.2879	-7.2312	-4.7245	20.9242	3.3617	0.7591	
585.5941	581.1667	-4.4274	-0.7618	1.4995	1.6465	1.6729	-0.1734	-11.5624	0.1092	0.1086	3.5882	1.4053	2.5521	-0.6179	2.7452	1.9817	2.0601	-0.0784	-3.9558	0.0000	4.9572	35.9385	44.4343	43.4745	-0.9598	-2.2078	148.0392	140.6100	-7.4292	-5.2836	230.7563	1.0662	164.8567	0.6701	nan	214.2875	91.2590	64.9022	85.2923	55.3566	70.2102	55.5508	0.9423	147.2650	-6.6550	-4.7329	20.2879	3.1090	0.7567	
584.7391	581.2222	-3.5168	-0.6051	1.3988	1.5296	1.5257	-0.1269	-9.0754	0.1065	0.1065	2.8998	1.2140	2.3786	-0.5895	2.6520	1.8479	1.8983	-0.0505	-2.7303	0.0000	4.7089	35.1144	43.3984	42.1524	-1.2460	-2.9559	134.0123	127.8222	-6.1900	-4.8427	230.5243	0.9813	150.2656	0.6643	nan	214.6129	85.1374	66.6062	85.0642	56.6580	69.9103	55.3039	0.9474	134.2153	-6.3930	-5.0015	19.6412	2.5195	0.7570	
583.4080	582.1111	-1.2969	-0.2228	1.2992	1.4285	1.4126	-0.1134	-8.7250	0.1045	0.1047	2.3200	1.0291	2.2516	-0.4927	2.4590	1.7141	1.7677	-0.0536	-3.1272	0.0000	4.2243	33.9392	41.8892	40.8226	-1.0666	-2.6128	121.1738	115.5178	-5.6561	-4.8963	230.4580	0.8984	136.2122	0.6579	nan	214.9687	79.1988	68.5599	84.8072	58.1437	69.4847	55.0296	0.9531	121.8040	-6.2862	-5.4418	18.9900	1.8102	0.7580	
580.9309	583.5000	2.5691	0.4403	1.1987	1.3389	1.3189	-0.1201	-10.0188	0.1031	0.1031	1.9728	0.9230	2.1299	-0.4632	2.2948	1.5775	1.6461	-0.0686	-4.3480	0.0000	3.8816	33.0298	40.7327	39.4580	-1.2747	-3.2305	110.9877	103.4650	-7.5227	-7.2708	230.6910	0.8155	122.4600	0.6509	nan	215.6535	73.2486	70.7955	84.4888	59.8143	68.9457	54.7396	0.9597	110.3859	-6.9209	-6.6891	18.2970	1.0420	0.7599	
583.2660	583.1250	-0.1410	-0.0242	1.0996	1.2111	1.2118	-0.1122	-10.2010	0.1015	0.1013	1.5078	0.7555	1.9892	-0.4301	2.0800	1.4518	1.5165	-0.0648	-4.4606	0.0000	3.0284	32.0582	39.4403	38.2206	-1.2196	-3.1911	99.1575	92.7963	-6.3613	-6.8551	230.8731	0.7416	110.2525	0.6439	nan	216.4876	67.1483	72.3618	84.1670	60.9047	68.3286	54.4396	0.9656	98.5465	-5.7503	-6.1967	17.6549	0.9906	0.7574	
583.5106	581.6364	-1.8742	-0.3222	0.9990	1.1072	1.1008	-0.1018	-10.1869	0.0999	0.1000	1.0425	0.5668	1.8373	-0.3875	1.8909	1.3377	1.3801	-0.0424	-3.1678	0.0000	2.2596	31.3754	38.5275	37.0536	-1.4739	-3.9777	88.4235	83.4382	-4.9853	-5.9749	230.8388	0.6765	99.5864	0.6377	nan	217.0613	60.8479	72.9258	83.7847	61.1007	67.6168	54.1342	0.9719	88.5939	-5.1557	-6.1791	17.0706	1.7062	0.7468	
586.3783	582.0000	-4.3783	-0.7523	0.8998	0.9816	1.0003	-0.1005	-11.1724	0.0986	0.0985	0.7947	0.4709	1.6855	-0.3460	1.7080	1.2038	1.2513	-0.0474	-3.9407	0.0000	1.8575	30.3707	37.2686	35.6760	-1.5926	-4.4641	78.1324	72.9025	-5.2299	-7.1739	230.6338	0.6029	87.5625	0.6297	nan	217.5216	54.8370	75.2197	83.2577	62.6262	66.8348	53.8473	0.9800	78.3247	-5.4222	-7.4376	16.4011	1.1979	0.7474	
585.3892	581.1429	-4.2464	-0.7307	0.8004	0.8908	0.9192	-0.1188	-14.8425	0.0977	0.0974	0.5305	0.3361	1.5773	-0.3284	1.5334	1.0720	1.1296	-0.0576	-5.3717	0.0000	1.5490	29.3391	35.9833	34.3676	-1.6157	-4.7012	70.2129	62.9943	-7.2187	-11.4592	230.4730	0.5326	76.2186	0.6210	nan	217.9399	48.7120	77.3277	82.6495	63.9111	66.0285	53.5590	0.9872	68.5540	-5.5597	-8.8257	15.7693	0.9437	0.7467	
585.0278	582.2500	-2.7778	-0.4771	0.6995	0.7890	0.7826	-0.0831	-11.8734	0.0960	0.0962	0.2922	0.2123	1.3559	-0.3056	1.3687	0.9363	1.0027	-0.0664	-7.0914	0.0000	0.9425	28.6352	35.0906	33.0290	-2.0616	-6.2417	58.5897	53.2425	-5.3472	-10.0432	230.5265	0.4624	65.1550	0.6113	nan	218.5237	42.6506	80.1063	81.7167	65.4602	65.2945	53.2710	0.9940	59.6288	-6.3863	-11.9948	15.1147	0.4420	0.7471	
584.9267	583.1250	-1.8017	-0.3090	0.6013	0.6799	0.6862	-0.0849	-14.1277	0.0950	0.0948	0.1397	0.1136	1.2013	-0.2873	1.1802	0.8084	0.8698	-0.0614	-7.5992	0.0000	0.6276	27.7010	33.9359	31.8175	-2.1184	-6.6581	50.0657	44.4575	-5.6082	-12.6148	230.6893	0.3983	55.2013	0.6008	nan	219.3850	36.7153	82.5867	80.5370	66.5127	64.4246	52.9653	0.9979	49.8834	-5.4259	-12.2048	14.5031	0.1993	0.7438	
584.2263	582.0000	-2.2263	-0.3825	0.4998	0.5748	0.5689	-0.0692	-13.8419	0.0939	0.0940	0.0642	0.0636	1.0048	-0.2579	1.0025	0.6933	0.7392	-0.0459	-6.6268	0.0000	0.3414	26.7359	32.7478	30.8374	-1.9104	-6.1951	40.3503	36.9763	-3.3741	-9.1250	230.8695	0.3429	46.6988	0.5899	nan	220.2744	30.4583	82.3729	79.1804	65.2234	63.5465	52.6723	0.9986	41.1911	-4.2148	-11.3987	13.9996	0.9873	0.7209	
583.3520	582.2500	-1.1020	-0.1893	0.4000	0.4826	0.4697	-0.0697	-17.4275	0.0931	0.0932	-0.0263	-0.0318	0.8400	-0.2080	0.8206	0.5619	0.6136	-0.0517	-9.2005	0.0000	0.0641	25.8892	31.7080	29.8453	-1.8628	-6.2414	32.6502	28.9400	-3.7102	-12.8203	230.9120	0.2824	37.5775	0.5762	nan	221.0807	24.3892	84.2754	77.0143	64.9042	62.6918	52.4052	0.9963	33.0348	-4.0948	-14.1492	13.4997	0.9285	0.7119	
585.1735	580.5000	-4.6735	-0.8051	0.2980	0.3635	0.3698	-0.0718	-24.1068	0.0924	0.0924	-0.0102	-0.0155	0.6634	-0.1739	0.6383	0.4213	0.4857	-0.0644	-15.2931	0.0000	-0.0771	24.9956	30.6136	29.1215	-1.4921	-5.1236	24.8939	21.1625	-3.7314	-17.6323	230.8040	0.2226	28.7350	0.5592	nan	221.8047	18.1154	85.6032	73.6473	63.0446	61.8075	52.1394	0.9958	25.0126	-3.8501	-18.1930	13.1294	1.0169	0.7073	
583.8461	582.0000	-1.8461	-0.3172	0.2026	0.2610	0.2555	-0.0529	-26.1195	0.0922	0.0922	0.0167	0.0463	0.4604	-0.0337	0.4736	0.2864	0.3509	-0.0645	-22.5176	0.0000	0.1811	24.2951	29.7562	29.0414	-0.7148	-2.4614	16.8205	13.8925	-2.9280	-21.0761	230.6338	0.1655	20.5000	0.5369	nan	222.5668	12.3497	88.8862	67.7631	60.2333	60.8998	51.8726	0.9641	17.2879	-3.3954	-24.4402	13.0484	0.6073	0.7074	
583.4725	582.7500	-0.7225	-0.1240	0.1110	0.1682	0.1782	-0.0672	-60.5520	0.0921	0.0921	0.0515	0.1693	0.3205	0.1474	0.3174	0.2122	0.2548	-0.0427	-20.1029	0.0000	0.4415	23.6228	28.9372	28.8105	-0.1267	-0.4396	11.4788	8.3075	-3.1713	-38.1736	230.5085	0.1227	14.5650	0.5149	nan	223.2919	6.7738	81.6898	56.9961	46.5228	60.0188	51.6324	0.7841	10.8148	-2.5073	-30.1808	12.9027	1.0221	0.5232	



