Time	speed	torque	motor_current	motor_current_thd	motor_voltage	motor_power	line_voltage	line_current	line_power	motor_temperature	Test_Marker	BD_Target_Speed	BD_Target_Accel	BD_Update_Cmd	Mcl_Quantities.Speed_Rot_Mech	Mcl_Quantities.Torque	Mcl_Quantities.Torque_Ref	Mcl_Quantities.Stator_Flux_Mag	Mcl_Quantities.Flux_Ref	Mcl_Quantities.Id_stator_current	Mcl_Quantities.Iq_stator_current	Mcl_Quantities.Id_rotor_current	Rotor_Curr_Iq	Flux_Controller.Out	Torque_Controller.Out	DC_Bus_RMS	Mcl_Quantities.Electrical_Power	Mcl_Quantities.Stator_Temperature	Mcl_Quantities.Is_Abs	Mcl_Quantities.IsRMS	SR_Overheating_Temp
0.7477	0.0000	0.0000	0.0082	0.0000	0.6540	-0.0300	230.4460	0.0305	1.9700	65.7328	NOT CONNECTED	NOT CONNECTED	NOT CONNECTED	NOT CONNECTED	NOT CONNECTED	NOT CONNECTED	NOT CONNECTED	NOT CONNECTED	NOT CONNECTED	NOT CONNECTED	NOT CONNECTED	NOT CONNECTED	NOT CONNECTED	NOT CONNECTED	NOT CONNECTED	NOT CONNECTED	NOT CONNECTED	NOT CONNECTED	NOT CONNECTED	NOT CONNECTED	NOT CONNECTED
1.4853	0.0000	0.0000	0.0081	0.0000	0.6550	-0.0300	230.4360	0.0305	1.9800	65.7196	NOT CONNECTED	NOT CONNECTED	NOT CONNECTED	NOT CONNECTED	NOT CONNECTED	NOT CONNECTED	NOT CONNECTED	NOT CONNECTED	NOT CONNECTED	NOT CONNECTED	NOT CONNECTED	NOT CONNECTED	NOT CONNECTED	NOT CONNECTED	NOT CONNECTED	NOT CONNECTED	NOT CONNECTED	NOT CONNECTED	NOT CONNECTED	NOT CONNECTED	NOT CONNECTED
2.1072	0.0000	0.0000	0.0082	0.0000	0.6540	-0.0300	230.4220	0.0305	1.9800	65.6288	NOT CONNECTED	0.0000	500.0000	0.0000	0.0000	0.0000	0.0000	0.0672	0.0348	-1.4762	0.1565	-1.4826	0.0752	0.0000	0.0000	320.9996	0.0000	73.4196	1.4845	0.0049	69.0502
2.2333	0.0000	0.0000	0.0082	0.0000	0.6540	-0.0300	230.4220	0.0305	1.9800	65.6288	NOT CONNECTED	0.0000	500.0000	0.0000	0.0000	0.0000	0.0000	0.0672	0.0348	-1.4762	0.1565	-1.4826	0.0752	0.0000	0.0000	320.9996	0.0000	73.4196	1.4845	0.0049	69.0502
2.7120	0.0000	0.0000	0.0082	0.0000	0.6540	-0.0300	230.4160	0.0305	1.9800	65.5765	NOT CONNECTED	0.0000	500.0000	0.0000	0.0000	0.0000	0.0000	0.0672	0.0348	-1.4762	0.1565	-1.4826	0.0752	0.0000	0.0000	321.0077	0.0000	73.3581	1.4845	0.0049	69.0502
2.9818	0.0000	0.0000	0.0082	0.0000	0.6540	-0.0300	230.4160	0.0305	1.9800	65.5765	NOT CONNECTED	0.0000	500.0000	0.0000	0.0000	0.0000	0.0000	0.0672	0.0348	-1.4762	0.1565	-1.4826	0.0752	0.0000	0.0000	321.0077	0.0000	73.3581	1.4845	0.0049	69.0502
3.3175	0.0000	0.0000	0.0082	0.0000	0.6540	-0.0300	230.4160	0.0305	1.9800	65.5765	NOT CONNECTED	0.0000	500.0000	0.0000	0.0000	0.0000	0.0000	0.0672	0.0348	-1.4762	0.1565	-1.4826	0.0752	0.0000	0.0000	321.0064	0.0000	73.2986	1.4845	0.0050	69.0062
3.7240	0.0000	0.0000	0.0082	0.0000	0.6540	-0.0300	230.4090	0.0305	1.9800	65.5289	NOT CONNECTED	0.0000	500.0000	0.0000	0.0000	0.0000	0.0000	0.0672	0.0348	-1.4762	0.1565	-1.4826	0.0752	0.0000	0.0000	320.9766	0.0000	73.2385	1.4845	0.0049	68.9624
3.9229	0.0000	0.0000	0.0082	0.0000	0.6540	-0.0300	230.4090	0.0305	1.9800	65.5289	NOT CONNECTED	0.0000	500.0000	0.0000	0.0000	0.0000	0.0000	0.0672	0.0348	-1.4762	0.1565	-1.4826	0.0752	0.0000	0.0000	320.9766	0.0000	73.2385	1.4845	0.0049	68.9624
4.4702	0.0000	0.0000	0.0081	0.0000	0.6540	-0.0300	230.4060	0.0305	1.9900	65.4874	NOT CONNECTED	0.0000	500.0000	0.0000	0.0000	0.0000	0.0000	0.0672	0.0348	-1.4762	0.1565	-1.4826	0.0752	0.0000	0.0000	320.9698	0.0000	73.1826	1.4845	0.0051	68.9624
4.5294	0.0000	0.0000	0.0081	0.0000	0.6540	-0.0300	230.4060	0.0305	1.9900	65.4874	NOT CONNECTED	0.0000	500.0000	0.0000	0.0000	0.0000	0.0000	0.0672	0.0348	-1.4762	0.1565	-1.4826	0.0752	0.0000	0.0000	320.9698	0.0000	73.1826	1.4845	0.0051	68.9624
5.1336	0.0000	0.0000	0.0082	0.0000	0.6540	-0.0300	230.4070	0.0304	1.9900	65.4199	NOT CONNECTED	0.0000	500.0000	0.0000	0.0000	0.0000	0.0000	0.0672	0.0348	-1.4762	0.1565	-1.4826	0.0752	0.0000	0.0000	320.9401	0.0000	73.1285	1.4845	0.0051	68.9187
5.2094	0.0000	0.0000	0.0082	0.0000	0.6540	-0.0300	230.4070	0.0304	1.9900	65.4199	NOT CONNECTED	0.0000	500.0000	0.0000	0.0000	0.0000	0.0000	0.0672	0.0348	-1.4762	0.1565	-1.4826	0.0752	0.0000	0.0000	320.9401	0.0000	73.1285	1.4845	0.0051	68.9187
5.7407	0.0000	0.0000	0.0082	0.0000	0.6530	-0.0300	230.4090	0.0304	1.9800	65.3204	NOT CONNECTED	0.0000	500.0000	0.0000	0.0000	0.0000	0.0000	0.0672	0.0348	-1.4762	0.1565	-1.4826	0.0752	0.0000	0.0000	320.9901	0.0000	73.0760	1.4845	0.0048	68.9187
5.9515	0.0000	0.0000	0.0082	0.0000	0.6530	-0.0300	230.4090	0.0304	1.9800	65.3204	NOT CONNECTED	0.0000	500.0000	0.0000	0.0000	0.0000	0.0000	0.0672	0.0348	-1.4762	0.1565	-1.4826	0.0752	0.0000	0.0000	320.9901	0.0000	73.0760	1.4845	0.0048	68.9187
6.3464	0.0000	0.0000	0.0081	0.0000	0.6540	-0.0300	230.4190	0.0301	1.9700	65.2936	NOT CONNECTED	0.0000	500.0000	0.0000	0.0000	0.0000	0.0000	0.0672	0.0348	-1.4762	0.1565	-1.4826	0.0752	0.0000	0.0000	321.0078	0.0000	73.0229	1.4845	0.0052	68.8751
6.6981	0.0000	0.0000	0.0081	0.0000	0.6540	-0.0300	230.4190	0.0301	1.9700	65.2936	NOT CONNECTED	0.0000	500.0000	0.0000	0.0000	0.0000	0.0000	0.0672	0.0348	-1.4762	0.1565	-1.4826	0.0752	0.0000	0.0000	320.9685	0.0000	72.9736	1.4845	0.0050	68.8316
6.9510	0.0000	0.0000	0.0081	0.0000	0.6540	-0.0300	230.4190	0.0301	1.9700	65.2936	NOT CONNECTED	0.0000	500.0000	0.0000	0.0000	0.0000	0.0000	0.0672	0.0348	-1.4762	0.1565	-1.4826	0.0752	0.0000	0.0000	320.9685	0.0000	72.9736	1.4845	0.0050	68.8316
7.4371	0.0000	0.0000	0.0082	0.0000	0.6540	-0.0300	230.4250	0.0300	1.9700	65.2140	NOT CONNECTED	0.0000	500.0000	0.0000	0.0000	0.0000	0.0000	0.0672	0.0348	-1.4762	0.1565	-1.4826	0.0752	0.0000	0.0000	321.0091	0.0000	72.9257	1.4845	0.0051	68.8316
7.5574	0.0000	0.0000	0.0082	0.0000	0.6540	-0.0300	230.4250	0.0300	1.9700	65.2140	NOT CONNECTED	0.0000	500.0000	0.0000	0.0000	0.0000	0.0000	0.0672	0.0348	-1.4762	0.1565	-1.4826	0.0752	0.0000	0.0000	321.0091	0.0000	72.9257	1.4845	0.0051	68.8316
8.1659	0.0000	0.0000	0.0082	0.0000	0.6540	-0.0300	230.4330	0.0301	1.9700	65.1783	NOT CONNECTED	0.0000	500.0000	0.0000	0.0000	0.0000	0.0000	0.0672	0.0348	-1.4762	0.1565	-1.4826	0.0752	0.0000	0.0000	320.9983	0.0000	72.8773	1.4845	0.0049	68.7882
8.1780	0.0000	0.0000	0.0082	0.0000	0.6540	-0.0300	230.4330	0.0301	1.9700	65.1783	NOT CONNECTED	0.0000	500.0000	0.0000	0.0000	0.0000	0.0000	0.0672	0.0348	-1.4762	0.1565	-1.4826	0.0752	0.0000	0.0000	320.9983	0.0000	72.8773	1.4845	0.0049	68.7882
8.8002	0.0000	0.0000	0.0082	0.0000	0.6540	-0.0300	230.4570	0.0300	1.9700	65.1056	NOT CONNECTED	0.0000	500.0000	0.0000	0.0000	0.0000	0.0000	0.0672	0.0348	-1.4762	0.1565	-1.4826	0.0752	0.0000	0.0000	321.0429	0.0000	72.8303	1.4845	0.0051	68.7882
8.9083	0.0000	0.0000	0.0082	0.0000	0.6540	-0.0300	230.4570	0.0300	1.9700	65.1056	NOT CONNECTED	0.0000	500.0000	0.0000	0.0000	0.0000	0.0000	0.0672	0.0348	-1.4762	0.1565	-1.4826	0.0752	0.0000	0.0000	321.0429	0.0000	72.8303	1.4845	0.0051	68.7882
9.4064	0.0000	0.0000	0.0082	0.0000	0.6540	-0.0300	230.4730	0.0000	1.9600	65.0115	NOT CONNECTED	0.0000	500.0000	0.0000	0.0000	0.0000	0.0000	0.0672	0.0348	-1.4762	0.1565	-1.4826	0.0752	0.0000	0.0000	321.0943	0.0000	72.7866	1.4845	0.0053	68.7449
9.6470	0.0000	0.0000	0.0082	0.0000	0.6540	-0.0300	230.4730	0.0000	1.9600	65.0115	NOT CONNECTED	0.0000	500.0000	0.0000	0.0000	0.0000	0.0000	0.0672	0.0348	-1.4762	0.1565	-1.4826	0.0752	0.0000	0.0000	321.0943	0.0000	72.7866	1.4845	0.0053	68.7449
10.0118	0.0000	0.0000	0.0082	0.0000	0.6540	-0.0300	230.4730	0.0000	1.9600	65.0115	NOT CONNECTED	0.0000	500.0000	0.0000	0.0000	0.0000	0.0000	0.0672	0.0348	-1.4762	0.1565	-1.4826	0.0752	0.0000	0.0000	321.0659	0.0000	72.7441	1.4845	0.0050	68.7018
10.3814	0.0000	0.0000	0.0082	0.0000	0.6540	-0.0300	230.5090	0.0000	1.9600	64.9243	NOT CONNECTED	0.0000	500.0000	0.0000	0.0000	0.0000	0.0000	0.0672	0.0348	-1.4762	0.1565	-1.4826	0.0752	0.0000	0.0000	321.1227	0.0000	72.7028	1.4845	0.0050	68.7018
10.6178	0.0000	0.0000	0.0082	0.0000	0.6540	-0.0300	230.5090	0.0000	1.9600	64.9243	NOT CONNECTED	0.0000	500.0000	0.0000	0.0000	0.0000	0.0000	0.0672	0.0348	-1.4762	0.1565	-1.4826	0.0752	0.0000	0.0000	321.1227	0.0000	72.7028	1.4845	0.0050	68.7018
11.1247	0.0000	0.0000	0.0082	0.0000	0.6540	-0.0300	230.5270	0.0000	1.9600	64.8920	NOT CONNECTED	0.0000	500.0000	0.0000	0.0000	0.0000	0.0000	0.0672	0.0348	-1.4762	0.1565	-1.4826	0.0752	0.0000	0.0000	321.1322	0.0000	72.6611	1.4845	0.0050	68.6588
11.2229	0.0000	0.0000	0.0082	0.0000	0.6540	-0.0300	230.5270	0.0000	1.9600	64.8920	NOT CONNECTED	0.0000	500.0000	0.0000	0.0000	0.0000	0.0000	0.0672	0.0348	-1.4762	0.1565	-1.4826	0.0752	0.0000	0.0000	321.1322	0.0000	72.6611	1.4845	0.0050	68.6588
11.8438	0.0000	0.0000	0.0082	0.0000	0.6540	-0.0300	230.5710	0.0000	1.9700	64.7953	NOT CONNECTED	0.0000	500.0000	0.0000	0.0000	0.0000	0.0000	0.0672	0.0348	-1.4762	0.1565	-1.4826	0.0752	0.0000	0.0000	321.1958	0.0000	72.6222	1.4845	0.0051	68.6588
11.8624	0.0000	0.0000	0.0082	0.0000	0.6540	-0.0300	230.5710	0.0000	1.9700	64.7953	NOT CONNECTED	0.0000	500.0000	0.0000	0.0000	0.0000	0.0000	0.0672	0.0348	-1.4762	0.1565	-1.4826	0.0752	0.0000	0.0000	321.1958	0.0000	72.6222	1.4845	0.0051	68.6588
12.4503	0.0000	0.0000	0.0082	0.0000	0.6540	-0.0300	230.5940	0.0000	1.9700	64.7710	NOT CONNECTED	0.0000	500.0000	0.0000	0.0000	0.0000	0.0000	0.0672	0.0348	-1.4762	0.1565	-1.4826	0.0752	0.0000	0.0000	321.2270	0.0000	72.5828	1.4845	0.0048	68.6158
12.6037	0.0000	0.0000	0.0082	0.0000	0.6540	-0.0300	230.5940	0.0000	1.9700	64.7710	NOT CONNECTED	0.0000	500.0000	0.0000	0.0000	0.0000	0.0000	0.0672	0.0348	-1.4762	0.1565	-1.4826	0.0752	0.0000	0.0000	321.2270	0.0000	72.5828	1.4845	0.0048	68.6158
13.0559	0.0000	0.0000	0.0082	0.0000	0.6530	-0.0300	230.6430	0.0000	1.9900	64.7180	NOT CONNECTED	0.0000	500.0000	0.0000	0.0000	0.0000	0.0000	0.0672	0.0348	-1.4762	0.1565	-1.4826	0.0752	0.0000	0.0000	321.2134	0.0000	72.5460	1.4845	0.0050	68.5730
13.3459	0.0000	0.0000	0.0082	0.0000	0.6530	-0.0300	230.6430	0.0000	1.9900	64.7180	NOT CONNECTED	0.0000	500.0000	0.0000	0.0000	0.0000	0.0000	0.0672	0.0348	-1.4762	0.1565	-1.4826	0.0752	0.0000	0.0000	321.2134	0.0000	72.5460	1.4845	0.0050	68.5730
13.6617	0.0000	0.0000	0.0082	0.0000	0.6530	-0.0300	230.6430	0.0000	1.9900	64.7180	NOT CONNECTED	0.0000	500.0000	0.0000	0.0000	0.0000	0.0000	0.0672	0.0348	-1.4762	0.1565	-1.4826	0.0752	0.0000	0.0000	321.2635	0.0000	72.5103	1.4845	0.0051	68.5730
14.2673	0.0000	0.0000	0.0082	0.0000	0.6530	-0.0300	230.6930	0.0300	1.9900	64.5971	NOT CONNECTED	0.0000	500.0000	0.0000	0.0000	0.0000	0.0000	0.0672	0.0348	-1.4762	0.1565	-1.4826	0.0752	0.0000	0.0000	321.2905	0.0000	72.4741	1.4845	0.0049	68.5303
14.3103	0.0000	0.0000	0.0082	0.0000	0.6530	-0.0300	230.6930	0.0300	1.9900	64.5971	NOT CONNECTED	0.0000	500.0000	0.0000	0.0000	0.0000	0.0000	0.0672	0.0348	-1.4762	0.1565	-1.4826	0.0752	0.0000	0.0000	321.2905	0.0000	72.4741	1.4845	0.0049	68.5303
14.8728	0.0000	0.0000	0.0082	0.0000	0.6530	-0.0300	230.7170	0.0301	1.9900	64.5140	NOT CONNECTED	0.0000	500.0000	0.0000	0.0000	0.0000	0.0000	0.0672	0.0348	-1.4762	0.1565	-1.4826	0.0752	0.0000	0.0000	321.3703	0.0000	72.4416	1.4845	0.0049	68.4877
15.0570	0.0000	0.0000	0.0082	0.0000	0.6530	-0.0300	230.7170	0.0301	1.9900	64.5140	NOT CONNECTED	0.0000	500.0000	0.0000	0.0000	0.0000	0.0000	0.0672	0.0348	-1.4762	0.1565	-1.4826	0.0752	0.0000	0.0000	321.3703	0.0000	72.4416	1.4845	0.0049	68.4877
15.4787	0.0000	0.0000	0.0082	0.0000	0.6530	-0.0300	230.7570	0.0000	1.9900	64.4975	NOT CONNECTED	0.0000	500.0000	0.0000	0.0000	0.0000	0.0000	0.0672	0.0348	-1.4762	0.1565	-1.4826	0.0752	0.0000	0.0000	321.3730	0.0000	72.4074	1.4845	0.0050	68.4877
15.7936	0.0000	0.0000	0.0082	0.0000	0.6530	-0.0300	230.7570	0.0000	1.9900	64.4975	NOT CONNECTED	750.0000	500.0000	0.0000	0.0000	0.0000	0.0000	0.0672	0.0348	-1.4762	0.1565	-1.4826	0.0752	0.0000	0.0000	321.4109	0.0000	72.3741	1.4845	0.0051	68.4453
16.1002	0.0000	0.0000	0.0082	0.0000	0.6530	-0.0300	230.7570	0.0000	1.9900	64.4975	NOT CONNECTED	750.0000	500.0000	0.0000	0.0000	0.0000	0.0000	0.0672	0.0348	-1.4762	0.1565	-1.4826	0.0752	0.0000	0.0000	321.4109	0.0000	72.3741	1.4845	0.0051	68.4453
16.5338	0.0000	0.0000	0.0082	0.0000	0.6530	-0.0300	230.7730	0.0000	1.9900	64.4236	NOT CONNECTED	750.0000	500.0000	0.0000	0.0000	0.0000	0.0000	0.0672	0.0348	-1.4762	0.1565	-1.4826	0.0752	0.0000	0.0000	321.4109	0.0000	72.3429	1.4845	0.0050	68.4453
16.7059	0.0000	0.0000	0.0082	0.0000	0.6530	-0.0300	230.7730	0.0000	1.9900	64.4236	NOT CONNECTED	750.0000	500.0000	0.0000	0.0000	0.0000	0.0000	0.0672	0.0348	-1.4762	0.1565	-1.4826	0.0752	0.0000	0.0000	321.4109	0.0000	72.3429	1.4845	0.0050	68.4453
17.2694	0.0000	0.0000	0.0082	0.0000	0.6530	-0.0300	230.7990	0.0000	2.0000	64.3734	NOT CONNECTED	750.0000	500.0000	0.0000	0.0000	0.0000	0.0000	0.0672	0.0348	-1.4762	0.1565	-1.4826	0.0752	0.0000	0.0000	321.4379	0.0000	72.3113	1.4845	0.0049	68.4029
17.3269	0.0000	0.0000	0.0082	0.0000	0.6530	-0.0300	230.7990	0.0000	2.0000	64.3734	NOT CONNECTED	750.0000	500.0000	0.0000	0.0000	0.0000	0.0000	0.0672	0.0348	-1.4762	0.1565	-1.4826	0.0752	0.0000	0.0000	321.4379	0.0000	72.3113	1.4845	0.0049	68.4029
17.9329	0.0000	0.0000	0.0082	0.0000	0.6530	-0.0300	230.8090	0.0000	1.9800	64.3136	NOT CONNECTED	750.0000	500.0000	0.0000	0.0000	0.0000	0.0000	0.0672	0.0348	-1.4762	0.1565	-1.4826	0.0752	0.0000	0.0000	321.4691	0.0000	72.2817	1.4845	0.0050	68.3606
18.0029	0.0000	0.0000	0.0082	0.0000	0.6530	-0.0300	230.8090	0.0000	1.9800	64.3136	NOT CONNECTED	750.0000	500.0000	0.0000	0.0000	0.0000	0.0000	0.0672	0.0348	-1.4762	0.1565	-1.4826	0.0752	0.0000	0.0000	321.4691	0.0000	72.2817	1.4845	0.0050	68.3606
18.5387	0.0000	0.0000	0.0082	0.0000	0.6530	-0.0300	230.8170	0.0000	1.9900	64.2410	NOT CONNECTED	750.0000	500.0000	0.0000	0.0000	0.0000	0.0000	0.0672	0.0348	-1.4762	0.1565	-1.4826	0.0752	0.0000	0.0000	321.4528	0.0000	72.2530	1.4845	0.0049	68.3606
18.7486	0.0000	0.0000	0.0082	0.0000	0.6530	-0.0300	230.8170	0.0000	1.9900	64.2410	NOT CONNECTED	750.0000	500.0000	0.0000	0.0000	0.0000	0.0000	0.0672	0.0348	-1.4762	0.1565	-1.4826	0.0752	0.0000	0.0000	321.4528	0.0000	72.2530	1.4845	0.0049	68.3606
19.1433	0.0000	0.0000	0.0082	0.0000	0.6530	-0.0300	230.8180	0.0000	1.9900	64.1887	NOT CONNECTED	750.0000	500.0000	0.0000	0.0000	0.0000	0.0000	0.0672	0.0348	-1.4762	0.1565	-1.4826	0.0752	0.0000	0.0000	321.4825	0.0000	72.2249	1.4845	0.0049	68.3185
19.4870	0.0000	0.0000	0.0082	0.0000	0.6530	-0.0300	230.8180	0.0000	1.9900	64.1887	NOT CONNECTED	750.0000	500.0000	0.0000	0.0000	0.0000	0.0000	0.0672	0.0348	-1.4762	0.1565	-1.4826	0.0752	0.0000	0.0000	321.4271	0.0000	72.1964	1.4845	0.0049	68.3185
19.7491	0.0000	0.0000	0.0082	0.0000	0.6530	-0.0300	230.8180	0.0000	1.9900	64.1887	NOT CONNECTED	750.0000	500.0000	0.0000	0.0000	0.0000	0.0000	0.0672	0.0348	-1.4762	0.1565	-1.4826	0.0752	0.0000	0.0000	321.4271	0.0000	72.1964	1.4845	0.0049	68.3185
20.2240	0.0000	0.0000	0.0082	0.0000	0.6530	-0.0300	230.8130	0.0000	1.9900	64.1246	NOT CONNECTED	750.0000	500.0000	0.0000	0.0000	0.0000	0.0000	0.0672	0.0348	-1.4762	0.1565	-1.4826	0.0027	0.6300	0.0000	320.7342	0.0000	72.1697	1.4845	0.0051	68.2765
20.3662	0.0000	0.0000	0.0082	0.0000	0.6530	-0.0300	230.8130	0.0000	1.9900	64.1246	NOT CONNECTED	750.0000	500.0000	0.0000	0.0000	0.0000	0.0000	0.0672	0.0348	-1.4762	0.1565	-1.4826	0.0027	0.6300	0.0000	320.7342	0.0000	72.1697	1.4845	0.0051	68.2765
20.9637	6.0000	0.0020	1.2537	0.0000	11.4520	31.6600	230.7730	0.3906	45.4100	64.0882	NOT CONNECTED	750.0000	500.0000	0.0000	0.9717	-0.0098	0.0000	0.1175	0.0348	2.0350	-0.0163	2.0082	-0.1040	13.9650	0.0000	311.2050	42.6361	72.1807	2.0309	1.1040	68.2362
21.5701	0.0000	0.0020	2.0216	0.0000	18.6650	84.0300	230.7350	0.8380	111.8100	64.1916	NOT CONNECTED	750.0000	500.0000	0.0000	-0.0706	-0.0017	0.0000	0.1289	0.0348	3.0183	-0.0024	3.0183	-0.0008	20.0199	0.0000	304.3325	91.0433	72.5571	3.0183	1.4704	68.2362
21.7074	0.0000	0.0020	2.0216	0.0000	18.6650	84.0300	230.7350	0.8380	111.8100	64.1916	NOT CONNECTED	750.0000	500.0000	0.0000	-0.0706	-0.0017	0.0000	0.1289	0.0348	3.0183	-0.0024	3.0183	-0.0008	20.0199	0.0000	304.3325	91.0433	72.5571	3.0183	1.4704	68.2362
22.1751	0.0000	0.0020	2.0216	0.0000	18.6650	84.0300	230.7350	0.8380	111.8100	64.1916	NOT CONNECTED	750.0000	500.0000	0.0000	-0.0286	-0.0016	0.0000	0.1291	0.0348	3.0424	-0.0021	3.0424	-0.0010	18.2049	0.0000	304.8702	91.7533	73.4337	3.0464	2.1495	68.3973
22.7779	0.0000	0.0020	2.0216	0.0000	18.6650	84.0300	230.7350	0.8380	111.8100	64.1916	NOT CONNECTED	750.0000	500.0000	0.0000	-0.2554	0.0072	0.0036	0.0680	0.0806	0.8791	0.0152	0.0562	0.0234	7.2336	0.3401	317.6932	7.8573	66.8818	0.0724	0.6994	68.3973
23.3848	662.0000	-0.1070	0.2748	0.0000	17.0270	6.6300	230.7240	0.1351	12.9700	64.3625	NOT CONNECTED	750.0000	500.0000	0.0000	187.0706	0.2000	0.2168	0.0808	0.0800	0.8773	0.4216	0.8342	0.4855	4.6571	10.8644	316.6434	14.9152	66.8736	1.0106	0.6603	68.6706
23.9680	662.0000	-0.1070	0.2748	0.0000	17.0270	6.6300	230.7240	0.1351	12.9700	64.3625	NOT CONNECTED	750.0000	500.0000	0.0000	510.2682	0.1434	0.1590	0.0708	0.0709	0.2953	0.3387	0.2516	0.3135	1.8620	18.0688	318.0474	8.8560	66.8481	0.4435	0.2796	68.6665
23.9900	662.0000	-0.1070	0.2748	0.0000	17.0270	6.6300	230.7240	0.1351	12.9700	64.3625	NOT CONNECTED	750.0000	500.0000	0.0000	510.2682	0.1434	0.1590	0.0708	0.0709	0.2953	0.3387	0.2516	0.3135	1.8620	18.0688	318.0474	8.8560	66.8481	0.4435	0.2796	68.6665
24.5956	754.0000	-0.0160	0.2661	0.0000	27.9310	3.7900	230.6870	0.1164	10.8400	64.3916	NOT CONNECTED	750.0000	500.0000	0.0000	769.9235	0.0323	0.0132	0.0705	0.0706	0.3870	0.0762	0.3532	0.0885	1.9932	23.0335	318.6290	4.3688	66.7730	0.3733	0.3081	68.6665
24.7174	754.0000	-0.0160	0.2661	0.0000	27.9310	3.7900	230.6870	0.1164	10.8400	64.3916	NOT CONNECTED	750.0000	500.0000	0.0000	769.9235	0.0323	0.0132	0.0705	0.0706	0.3870	0.0762	0.3532	0.0885	1.9932	23.0335	318.6290	4.3688	66.7730	0.3733	0.3081	68.6665
25.2019	752.0000	-0.0190	0.2646	0.0000	27.7370	4.0600	230.6620	0.1184	10.9700	64.3877	NOT CONNECTED	750.0000	500.0000	0.0000	753.4702	0.0394	0.0333	0.0706	0.0706	0.3215	0.0942	0.3324	0.1258	2.1674	22.8519	318.6520	4.0730	66.7014	0.3808	0.2654	68.6362
25.4660	752.0000	-0.0190	0.2646	0.0000	27.7370	4.0600	230.6620	0.1184	10.9700	64.3877	NOT CONNECTED	750.0000	500.0000	0.0000	753.4702	0.0394	0.0333	0.0706	0.0706	0.3215	0.0942	0.3324	0.1258	2.1674	22.8519	318.6520	4.0730	66.7014	0.3808	0.2654	68.6362
25.8078	752.0000	-0.0190	0.2646	0.0000	27.7370	4.0600	230.6620	0.1184	10.9700	64.3877	NOT CONNECTED	750.0000	500.0000	0.0000	747.8847	0.0572	0.0535	0.0705	0.0707	0.3429	0.1384	0.3973	0.1136	1.8884	22.7479	318.5600	4.4875	66.6295	0.4130	0.2659	68.6362
26.2260	751.0000	-0.0210	0.2654	0.0000	27.7090	4.1400	230.6150	0.1191	11.1000	64.3809	NOT CONNECTED	750.0000	500.0000	0.0000	751.2530	0.0301	0.0358	0.0705	0.0705	0.3049	0.0761	0.3552	0.1064	2.2392	22.8537	318.5276	4.4182	66.5641	0.3960	0.2652	68.6047
26.3974	751.0000	-0.0210	0.2654	0.0000	27.7090	4.1400	230.6150	0.1191	11.1000	64.3809	NOT CONNECTED	750.0000	500.0000	0.0000	751.2530	0.0301	0.0358	0.0705	0.0705	0.3049	0.0761	0.3552	0.1064	2.2392	22.8537	318.5276	4.4182	66.5641	0.3960	0.2652	68.6047
26.9691	752.0000	-0.0200	0.2658	0.0000	27.7090	4.1400	230.5920	0.1188	11.0800	64.3866	NOT CONNECTED	750.0000	500.0000	0.0000	751.7093	0.0323	0.0333	0.0707	0.0706	0.3230	0.0783	0.3261	0.0485	2.1158	22.6262	318.4734	4.1435	66.5016	0.3219	0.2666	68.5733
27.0028	752.0000	-0.0200	0.2658	0.0000	27.7090	4.1400	230.5920	0.1188	11.0800	64.3866	NOT CONNECTED	750.0000	500.0000	0.0000	751.7093	0.0323	0.0333	0.0707	0.0706	0.3230	0.0783	0.3261	0.0485	2.1158	22.6262	318.4734	4.1435	66.5016	0.3219	0.2666	68.5733
27.6086	751.0000	-0.0190	0.2659	0.0000	27.7100	4.1400	230.5440	0.1188	11.0400	64.3350	NOT CONNECTED	750.0000	500.0000	0.0000	755.3120	0.0620	0.0153	0.0705	0.0707	0.4088	0.1428	0.3577	0.1039	2.0135	22.7420	318.3597	4.6656	66.4418	0.3933	0.2655	68.5733
27.8350	751.0000	-0.0190	0.2659	0.0000	27.7100	4.1400	230.5440	0.1188	11.0400	64.3350	NOT CONNECTED	750.0000	500.0000	0.0000	755.3120	0.0620	0.0153	0.0705	0.0707	0.4088	0.1428	0.3577	0.1039	2.0135	22.7420	318.3597	4.6656	66.4418	0.3933	0.2655	68.5733
28.2138	752.0000	-0.0210	0.2657	0.0000	27.7080	4.1200	230.5220	0.1188	11.0500	64.3229	NOT CONNECTED	750.0000	500.0000	0.0000	746.8511	0.0377	0.0574	0.0706	0.0705	0.3874	0.0741	0.3513	0.1873	2.1012	22.9778	318.3557	4.7045	66.3844	0.3753	0.2667	68.5420
28.5756	752.0000	-0.0210	0.2657	0.0000	27.7080	4.1200	230.5220	0.1188	11.0500	64.3229	NOT CONNECTED	750.0000	500.0000	0.0000	750.1823	0.0417	0.0412	0.0705	0.0706	0.3038	0.1030	0.3732	0.1088	2.1474	22.7763	318.2596	4.2840	66.3290	0.3814	0.2663	68.5420
28.8202	752.0000	-0.0210	0.2657	0.0000	27.7080	4.1200	230.5220	0.1188	11.0500	64.3229	NOT CONNECTED	750.0000	500.0000	0.0000	750.1823	0.0417	0.0412	0.0705	0.0706	0.3038	0.1030	0.3732	0.1088	2.1474	22.7763	318.2596	4.2840	66.3290	0.3814	0.2663	68.5420
29.3212	747.0000	-0.0220	0.2643	0.0000	27.6970	4.1300	230.4820	0.1184	11.0300	64.3302	NOT CONNECTED	750.0000	500.0000	0.0000	751.6087	0.0529	0.0336	0.0707	0.0706	0.3311	0.1282	0.3255	0.0945	1.9458	22.7027	318.2339	4.3710	66.2734	0.3291	0.2653	68.5108
29.4255	747.0000	-0.0220	0.2643	0.0000	27.6970	4.1300	230.4820	0.1184	11.0300	64.3302	NOT CONNECTED	750.0000	500.0000	0.0000	751.6087	0.0529	0.0336	0.0707	0.0706	0.3311	0.1282	0.3255	0.0945	1.9458	22.7027	318.2339	4.3710	66.2734	0.3291	0.2653	68.5108
30.0308	751.0000	-0.0210	0.2653	0.0000	27.7080	4.1500	230.4480	0.1184	11.0000	64.2596	NOT CONNECTED	750.0000	500.0000	0.0000	750.1956	0.0386	0.0406	0.0706	0.0706	0.3966	0.0847	0.3180	0.1379	1.9985	22.8069	318.1771	4.6684	66.2219	0.3318	0.2649	68.4796
30.2255	751.0000	-0.0210	0.2653	0.0000	27.7080	4.1500	230.4480	0.1184	11.0000	64.2596	NOT CONNECTED	750.0000	500.0000	0.0000	750.1956	0.0386	0.0406	0.0706	0.0706	0.3966	0.0847	0.3180	0.1379	1.9985	22.8069	318.1771	4.6684	66.2219	0.3318	0.2649	68.4796
30.6371	751.0000	-0.0280	0.2660	0.0000	27.7300	4.2600	230.4340	0.1192	11.1900	64.1918	NOT CONNECTED	750.0000	500.0000	0.0000	750.9451	0.0310	0.0377	0.0705	0.0705	0.2941	0.0752	0.3816	0.1159	2.2606	22.8860	318.1216	4.3075	66.1721	0.4221	0.2662	68.4796
30.9773	751.0000	-0.0280	0.2660	0.0000	27.7300	4.2600	230.4340	0.1192	11.1900	64.1918	NOT CONNECTED	750.0000	500.0000	0.0000	747.1384	0.0703	0.0580	0.0707	0.0707	0.3260	0.1735	0.3234	0.1019	1.9546	22.7523	318.0716	4.6701	66.1239	0.3418	0.2670	68.4485
31.2266	751.0000	-0.0280	0.2660	0.0000	27.7300	4.2600	230.4340	0.1192	11.1900	64.1918	NOT CONNECTED	750.0000	500.0000	0.0000	747.1384	0.0703	0.0580	0.0707	0.0707	0.3260	0.1735	0.3234	0.1019	1.9546	22.7523	318.0716	4.6701	66.1239	0.3418	0.2670	68.4485
31.7185	747.0000	-0.0330	0.2667	0.0000	27.7880	4.5900	230.4140	0.1221	11.4600	64.1577	NOT CONNECTED	750.0000	500.0000	0.0000	742.5951	0.0376	0.0834	0.0707	0.0706	0.3844	0.0829	0.3304	0.1593	1.9731	22.9292	317.9809	5.1644	66.0773	0.3658	0.2670	68.4485
31.8320	747.0000	-0.0330	0.2667	0.0000	27.7880	4.5900	230.4140	0.1221	11.4600	64.1577	NOT CONNECTED	750.0000	500.0000	0.0000	742.5951	0.0376	0.0834	0.0707	0.0706	0.3844	0.0829	0.3304	0.1593	1.9731	22.9292	317.9809	5.1644	66.0773	0.3658	0.2670	68.4485
32.6051	747.0000	-0.0420	0.2669	0.0000	27.8180	4.7500	230.4070	0.1237	11.6200	64.1341	NOT CONNECTED	750.0000	500.0000	0.0000	748.1417	0.0746	0.0607	0.0705	0.0707	0.3243	0.1782	0.3675	0.1770	1.8699	22.9980	317.8131	5.4913	65.9960	0.3884	0.2676	68.3868
32.9480	747.0000	-0.0420	0.2669	0.0000	27.8180	4.7500	230.4070	0.1237	11.6200	64.1341	NOT CONNECTED	750.0000	500.0000	0.0000	748.1417	0.0746	0.0607	0.0705	0.0707	0.3243	0.1782	0.3675	0.1770	1.8699	22.9980	317.8131	5.4913	65.9960	0.3884	0.2676	68.3868
33.3490	748.0000	-0.0540	0.2703	0.0000	27.9490	5.5300	230.4040	0.1302	12.4500	64.1049	NOT CONNECTED	750.0000	500.0000	0.0000	749.6331	0.0633	0.0600	0.0707	0.0706	0.4007	0.1456	0.3133	0.1829	2.0002	23.1108	317.5940	6.6381	65.9519	0.3294	0.2708	68.3868
33.5530	748.0000	-0.0540	0.2703	0.0000	27.9490	5.5300	230.4040	0.1302	12.4500	64.1049	NOT CONNECTED	750.0000	500.0000	0.0000	749.6331	0.0633	0.0600	0.0707	0.0706	0.4007	0.1456	0.3133	0.1829	2.0002	23.1108	317.5940	6.6381	65.9519	0.3294	0.2708	68.3868
34.1593	750.0000	-0.0560	0.2769	0.0000	28.1850	6.8900	230.4100	0.1416	13.8400	64.0420	NOT CONNECTED	750.0000	500.0000	0.0000	745.9750	0.0599	0.0875	0.0708	0.0706	0.2791	0.1331	0.3145	0.2276	2.2301	23.3994	317.4099	7.0232	65.9114	0.3794	0.2762	68.3562
34.2199	750.0000	-0.0560	0.2769	0.0000	28.1850	6.8900	230.4100	0.1416	13.8400	64.0420	NOT CONNECTED	750.0000	500.0000	0.0000	745.9750	0.0599	0.0875	0.0708	0.0706	0.2791	0.1331	0.3145	0.2276	2.2301	23.3994	317.4099	7.0232	65.9114	0.3794	0.2762	68.3562
34.7640	749.0000	-0.1000	0.2872	0.0000	28.4210	8.5000	230.4160	0.1555	15.4500	64.0175	NOT CONNECTED	750.0000	500.0000	0.0000	751.7757	0.0780	0.0738	0.0706	0.0707	0.3380	0.1899	0.3446	0.2925	2.1314	23.7049	317.0014	8.5925	65.8727	0.4384	0.2827	68.3562
34.9561	749.0000	-0.1000	0.2872	0.0000	28.4210	8.5000	230.4160	0.1555	15.4500	64.0175	NOT CONNECTED	750.0000	500.0000	0.0000	751.7757	0.0780	0.0738	0.0706	0.0707	0.3380	0.1899	0.3446	0.2925	2.1314	23.7049	317.0014	8.5925	65.8727	0.4384	0.2827	68.3562
35.3707	750.0000	-0.1120	0.3126	0.0000	28.8980	11.7200	230.4400	0.1831	18.8900	63.9707	NOT CONNECTED	750.0000	500.0000	0.0000	748.8930	0.1293	0.1108	0.0708	0.0708	0.2886	0.3022	0.2620	0.3050	1.7652	23.8116	316.5618	10.7337	65.8350	0.3923	0.2940	68.3259
35.7131	750.0000	-0.1120	0.3126	0.0000	28.8980	11.7200	230.4400	0.1831	18.8900	63.9707	NOT CONNECTED	750.0000	500.0000	0.0000	748.8930	0.1293	0.1108	0.0708	0.0708	0.2886	0.3022	0.2620	0.3050	1.7652	23.8116	316.5618	10.7337	65.8350	0.3923	0.2940	68.3259
36.5340	749.0000	-0.1560	0.3289	0.0000	29.1180	13.4300	230.4550	0.1977	20.7600	63.9212	NOT CONNECTED	750.0000	500.0000	0.0000	750.3935	0.1731	0.1485	0.0710	0.0710	0.2758	0.3965	0.1956	0.3981	1.6054	24.4283	315.7678	14.6328	65.7742	0.4567	0.3321	68.2967
36.5905	749.0000	-0.1560	0.3289	0.0000	29.1180	13.4300	230.4550	0.1977	20.7600	63.9212	NOT CONNECTED	750.0000	500.0000	0.0000	750.3935	0.1731	0.1485	0.0710	0.0710	0.2758	0.3965	0.1956	0.3981	1.6054	24.4283	315.7678	14.6328	65.7742	0.4567	0.3321	68.2967
37.1397	745.0000	-0.1860	0.3791	0.0000	29.6260	17.4300	230.4890	0.2320	25.1100	63.8993	0.0000	750.0000	500.0000	0.0000	748.4575	0.2018	0.1816	0.0708	0.0711	0.2921	0.4753	0.2272	0.4958	1.4976	24.9031	315.2593	17.5616	65.7476	0.5540	0.3506	68.2692
37.3423	745.0000	-0.1860	0.3791	0.0000	29.6260	17.4300	230.4890	0.2320	25.1100	63.8993	0.0000	750.0000	500.0000	0.0000	748.4575	0.2018	0.1816	0.0708	0.0711	0.2921	0.4753	0.2272	0.4958	1.4976	24.9031	315.2593	17.5616	65.7476	0.5540	0.3506	68.2692
37.7452	748.0000	-0.2160	0.4065	0.0000	29.8890	19.4600	230.5070	0.2501	27.4300	63.8778	0.0000	750.0000	500.0000	0.0000	749.0555	0.2185	0.2108	0.0710	0.0711	0.2655	0.5179	0.1535	0.5744	1.3576	25.4597	314.7008	20.6409	65.7262	0.5810	0.4002	68.2692
38.0850	748.0000	-0.2160	0.4065	0.0000	29.8890	19.4600	230.5070	0.2501	27.4300	63.8778	0.0000	750.0000	500.0000	0.0000	750.0556	0.2395	0.2265	0.0711	0.0711	0.2054	0.5628	0.1085	0.5713	1.5388	25.6868	314.4737	21.6538	65.7112	0.5631	0.4183	68.2445
38.3345	748.0000	-0.2160	0.4065	0.0000	29.8890	19.4600	230.5070	0.2501	27.4300	63.8778	0.0000	750.0000	500.0000	0.0000	750.0556	0.2395	0.2265	0.0711	0.0711	0.2054	0.5628	0.1085	0.5713	1.5388	25.6868	314.4737	21.6538	65.7112	0.5631	0.4183	68.2445
38.8251	750.0000	-0.2200	0.4318	0.0000	30.1520	21.2700	230.5440	0.2654	29.4900	63.8134	0.0000	750.0000	500.0000	0.0000	744.8600	0.2489	0.2652	0.0713	0.0712	0.1732	0.5855	0.0863	0.6007	1.2970	25.7175	314.3480	22.5390	65.6999	0.6440	0.4315	68.2234
38.9406	750.0000	-0.2200	0.4318	0.0000	30.1520	21.2700	230.5440	0.2654	29.4900	63.8134	0.0000	750.0000	500.0000	0.0000	744.8600	0.2489	0.2652	0.0713	0.0712	0.1732	0.5855	0.0863	0.6007	1.2970	25.7175	314.3480	22.5390	65.6999	0.6440	0.4315	68.2234
39.5303	751.0000	-0.2220	0.4431	0.0000	30.2590	22.0200	230.5650	0.2720	30.3000	63.8141	0.0000	750.0000	500.0000	0.0000	749.0651	0.2537	0.2544	0.0711	0.0712	0.2230	0.6082	0.1037	0.6641	1.3849	26.0085	314.1560	23.7960	65.6912	0.6547	0.4481	68.2234
39.5617	751.0000	-0.2220	0.4431	0.0000	30.2590	22.0200	230.5650	0.2720	30.3000	63.8141	0.0000	750.0000	500.0000	0.0000	749.0651	0.2537	0.2544	0.0711	0.0712	0.2230	0.6082	0.1037	0.6641	1.3849	26.0085	314.1560	23.7960	65.6912	0.6547	0.4481	68.2234
40.1360	751.0000	-0.2220	0.4431	0.0000	30.2590	22.0200	230.5650	0.2720	30.3000	63.8141	0.0000	750.0000	500.0000	0.0000	749.1923	0.2622	0.2588	0.0712	0.0712	0.1896	0.6096	0.0453	0.6352	1.4738	26.1483	314.0600	24.4013	65.6852	0.6435	0.4595	68.2044
40.7416	751.0000	-0.2330	0.4659	0.0000	30.4930	23.5300	230.6250	0.2846	32.0500	63.7963	1.0000	750.0000	500.0000	0.0000	751.2651	0.2670	0.2585	0.0711	0.0712	0.1684	0.6273	0.0892	0.6313	1.3644	26.0685	314.0168	24.7076	65.6813	0.6452	0.4649	68.2044
40.8294	751.0000	-0.2330	0.4659	0.0000	30.4930	23.5300	230.6250	0.2846	32.0500	63.7963	1.0000	750.0000	500.0000	0.0000	751.2651	0.2670	0.2585	0.0711	0.0712	0.1684	0.6273	0.0892	0.6313	1.3644	26.0685	314.0168	24.7076	65.6813	0.6452	0.4649	68.2044
41.3461	751.0000	-0.2330	0.4673	0.0000	30.5120	23.6300	230.6640	0.2854	32.1600	63.7618	1.0000	750.0000	500.0000	0.0000	753.5514	0.2713	0.2487	0.0713	0.0714	0.2890	0.6345	0.0496	0.6425	1.2627	26.1560	314.0547	25.2323	65.6782	0.6350	0.4684	68.1871
41.7138	751.0000	-0.2330	0.4673	0.0000	30.5120	23.6300	230.6640	0.2854	32.1600	63.7618	1.0000	750.0000	500.0000	0.0000	747.9080	0.2652	0.2779	0.0712	0.0712	0.2406	0.6186	0.1104	0.6959	1.4173	26.3002	314.0831	25.1481	65.6755	0.6911	0.4693	68.1705
41.9521	751.0000	-0.2330	0.4673	0.0000	30.5120	23.6300	230.6640	0.2854	32.1600	63.7618	1.0000	750.0000	500.0000	0.0000	747.9080	0.2652	0.2779	0.0712	0.0712	0.2406	0.6186	0.1104	0.6959	1.4173	26.3002	314.0831	25.1481	65.6755	0.6911	0.4693	68.1705
42.4606	748.0000	-0.2330	0.4679	0.0000	30.5180	23.6700	230.6810	0.2858	32.2500	63.7338	1.0000	750.0000	500.0000	0.0000	748.7084	0.2756	0.2744	0.0713	0.0714	0.1768	0.6568	0.0460	0.6471	1.2819	26.0923	314.0506	24.8903	65.6731	0.6513	0.4700	68.1705
42.5421	748.0000	-0.2330	0.4679	0.0000	30.5180	23.6700	230.6810	0.2858	32.2500	63.7338	1.0000	750.0000	500.0000	0.0000	748.7084	0.2756	0.2744	0.0713	0.0714	0.1768	0.6568	0.0460	0.6471	1.2819	26.0923	314.0506	24.8903	65.6731	0.6513	0.4700	68.1705
43.1481	752.0000	-0.2340	0.4695	0.0000	30.5310	23.7700	230.7140	0.2868	32.3800	63.7080	1.0000	750.0000	500.0000	0.0000	750.9723	0.2670	0.2648	0.0712	0.0713	0.2745	0.6180	0.0564	0.6586	1.3202	26.1716	314.1197	25.4589	65.6710	0.6671	0.4707	68.1541
43.2206	752.0000	-0.2340	0.4695	0.0000	30.5310	23.7700	230.7140	0.2868	32.3800	63.7080	1.0000	750.0000	500.0000	0.0000	750.9723	0.2670	0.2648	0.0712	0.0713	0.2745	0.6180	0.0564	0.6586	1.3202	26.1716	314.1197	25.4589	65.6710	0.6671	0.4707	68.1541
43.7541	752.0000	-0.2340	0.4696	0.0000	30.5370	23.7700	230.7290	0.2870	32.3100	63.7115	1.0000	750.0000	500.0000	0.0000	748.3332	0.2609	0.2774	0.0713	0.0712	0.2341	0.6062	0.0578	0.7069	1.4960	26.3737	314.0817	25.3479	65.6687	0.6647	0.4709	68.1541
43.9562	752.0000	-0.2340	0.4696	0.0000	30.5370	23.7700	230.7290	0.2870	32.3100	63.7115	1.0000	750.0000	500.0000	0.0000	748.3332	0.2609	0.2774	0.0713	0.0712	0.2341	0.6062	0.0578	0.7069	1.4960	26.3737	314.0817	25.3479	65.6687	0.6647	0.4709	68.1541
44.3595	750.0000	-0.2330	0.4700	0.0000	30.5390	23.8000	230.7560	0.2869	32.3800	63.6904	1.0000	750.0000	500.0000	0.0000	745.4889	0.2725	0.2920	0.0714	0.0713	0.2047	0.6438	0.0958	0.6638	1.4409	26.2214	314.1684	24.9731	65.6665	0.7036	0.4723	68.1380
44.7119	750.0000	-0.2330	0.4700	0.0000	30.5390	23.8000	230.7560	0.2869	32.3800	63.6904	1.0000	750.0000	500.0000	0.0000	751.2286	0.2760	0.2633	0.0712	0.0714	0.2094	0.6442	0.0546	0.6333	1.2489	26.0883	314.1779	25.2064	65.6643	0.6575	0.4727	68.1218
44.9641	750.0000	-0.2330	0.4700	0.0000	30.5390	23.8000	230.7560	0.2869	32.3800	63.6904	1.0000	750.0000	500.0000	0.0000	751.2286	0.2760	0.2633	0.0712	0.0714	0.2094	0.6442	0.0546	0.6333	1.2489	26.0883	314.1779	25.2064	65.6643	0.6575	0.4727	68.1218
45.4535	749.0000	-0.2340	0.4701	0.0000	30.5410	23.8100	230.7670	0.2869	32.3400	63.6503	1.0000	750.0000	500.0000	0.0000	751.5789	0.2597	0.2615	0.0713	0.0712	0.2281	0.6176	0.0456	0.6705	1.2734	26.2234	314.1522	25.2997	65.6621	0.6647	0.4723	68.1218
45.5707	749.0000	-0.2340	0.4701	0.0000	30.5410	23.8100	230.7670	0.2869	32.3400	63.6503	1.0000	750.0000	500.0000	0.0000	751.5789	0.2597	0.2615	0.0713	0.0712	0.2281	0.6176	0.0456	0.6705	1.2734	26.2234	314.1522	25.2997	65.6621	0.6647	0.4723	68.1218
46.1750	752.0000	-0.2340	0.4702	0.0000	30.5450	23.8100	230.7860	0.2869	32.3600	63.6638	1.0000	750.0000	500.0000	0.0000	747.4806	0.2647	0.2821	0.0712	0.0712	0.1952	0.6184	0.1209	0.6519	1.3834	26.2588	314.1846	25.1294	65.6598	0.7077	0.4719	68.1058
46.2197	752.0000	-0.2340	0.4702	0.0000	30.5450	23.8100	230.7860	0.2869	32.3600	63.6638	1.0000	750.0000	500.0000	0.0000	747.4806	0.2647	0.2821	0.0712	0.0712	0.1952	0.6184	0.1209	0.6519	1.3834	26.2588	314.1846	25.1294	65.6598	0.7077	0.4719	68.1058
46.7814	749.0000	-0.2330	0.4702	0.0000	30.5480	23.8100	230.7930	0.2870	32.3800	63.6325	2.0000	750.0000	500.0000	0.0000	753.1018	0.2745	0.2543	0.0711	0.0713	0.1779	0.6432	0.0929	0.6435	1.4326	26.1741	314.1724	25.0324	65.6576	0.6539	0.4722	68.1058
46.9551	749.0000	-0.2330	0.4702	0.0000	30.5480	23.8100	230.7930	0.2870	32.3800	63.6325	2.0000	750.0000	500.0000	0.0000	753.1018	0.2745	0.2543	0.0711	0.0713	0.1779	0.6432	0.0929	0.6435	1.4326	26.1741	314.1724	25.0324	65.6576	0.6539	0.4722	68.1058
47.3878	751.0000	-0.2340	0.4707	0.0000	30.5460	23.8500	230.8010	0.2872	32.4400	63.6379	2.0000	750.0000	500.0000	0.0000	749.6016	0.2655	0.2716	0.0713	0.0713	0.2713	0.6271	0.0088	0.6380	1.2471	26.1597	314.2171	25.4678	65.6554	0.6506	0.4729	68.0897
47.8044	751.0000	-0.2340	0.4707	0.0000	30.5460	23.8500	230.8010	0.2872	32.4400	63.6379	2.0000	750.0000	500.0000	0.0000	745.7812	0.2588	0.2909	0.0714	0.0712	0.2355	0.6080	0.0390	0.7088	1.5942	26.4178	314.2050	25.2587	65.6532	0.6827	0.4734	68.0737
47.9931	751.0000	-0.2340	0.4707	0.0000	30.5460	23.8500	230.8010	0.2872	32.4400	63.6379	2.0000	750.0000	500.0000	0.0000	745.7812	0.2588	0.2909	0.0714	0.0712	0.2355	0.6080	0.0390	0.7088	1.5942	26.4178	314.2050	25.2587	65.6532	0.6827	0.4734	68.0737
48.5412	749.0000	-0.2340	0.4704	0.0000	30.5480	23.8300	230.8020	0.2868	32.4000	63.6165	2.0000	750.0000	500.0000	0.0000	752.0995	0.2710	0.2594	0.0711	0.0712	0.1854	0.6227	0.0799	0.6802	1.4477	26.2551	314.1820	25.1030	65.6509	0.6455	0.4730	68.0737
48.5988	749.0000	-0.2340	0.4704	0.0000	30.5480	23.8300	230.8020	0.2868	32.4000	63.6165	2.0000	750.0000	500.0000	0.0000	752.0995	0.2710	0.2594	0.0711	0.0712	0.1854	0.6227	0.0799	0.6802	1.4477	26.2551	314.1820	25.1030	65.6509	0.6455	0.4730	68.0737
49.2032	750.0000	-0.2330	0.4702	0.0000	30.5500	23.8100	230.8000	0.2867	32.3700	63.5794	2.0000	750.0000	500.0000	0.0000	749.7977	0.2887	0.2705	0.0714	0.0715	0.2207	0.6665	0.0131	0.6450	1.2228	26.0857	314.2144	25.3361	65.6487	0.6531	0.4725	68.0577
49.2952	750.0000	-0.2330	0.4702	0.0000	30.5500	23.8100	230.8000	0.2867	32.3700	63.5794	2.0000	750.0000	500.0000	0.0000	749.7977	0.2887	0.2705	0.0714	0.0715	0.2207	0.6665	0.0131	0.6450	1.2228	26.0857	314.2144	25.3361	65.6487	0.6531	0.4725	68.0577
49.8091	752.0000	-0.2340	0.4697	0.0000	30.5490	23.7800	230.7950	0.2865	32.3600	63.5722	2.0000	750.0000	500.0000	0.0000	750.9701	0.2576	0.2644	0.0712	0.0712	0.2334	0.6056	0.0639	0.6751	1.3187	26.2184	314.1982	25.3044	65.6465	0.6349	0.4721	68.0577
50.0329	752.0000	-0.2340	0.4697	0.0000	30.5490	23.7800	230.7950	0.2865	32.3600	63.5722	2.0000	750.0000	500.0000	0.0000	750.9701	0.2576	0.2644	0.0712	0.0712	0.2334	0.6056	0.0639	0.6751	1.3187	26.2184	314.1982	25.3044	65.6465	0.6349	0.4721	68.0577
50.4150	749.0000	-0.2340	0.4688	0.0000	30.5300	23.7300	230.7820	0.2862	32.2700	63.5633	2.0000	750.0000	500.0000	0.0000	746.1747	0.2647	0.2883	0.0713	0.0712	0.1993	0.6141	0.1026	0.6523	1.4314	26.2676	314.2063	25.1336	65.6443	0.6946	0.4720	68.0419
50.7813	749.0000	-0.2340	0.4688	0.0000	30.5300	23.7300	230.7820	0.2862	32.2700	63.5633	2.0000	750.0000	500.0000	0.0000	753.1813	0.2700	0.2529	0.0713	0.0713	0.1859	0.6392	0.0472	0.6383	1.3610	26.1020	314.1969	24.8923	65.6420	0.6506	0.4710	68.0259
51.0219	749.0000	-0.2340	0.4688	0.0000	30.5300	23.7300	230.7820	0.2862	32.2700	63.5633	2.0000	750.0000	500.0000	0.0000	753.1813	0.2700	0.2529	0.0713	0.0713	0.1859	0.6392	0.0472	0.6383	1.3610	26.1020	314.1969	24.8923	65.6420	0.6506	0.4710	68.0259
51.5284	751.0000	-0.2340	0.4691	0.0000	30.5360	23.7300	230.7740	0.2861	32.2800	63.5744	2.0000	750.0000	500.0000	0.0000	753.1813	0.2700	0.2529	0.0713	0.0713	0.1859	0.6392	0.0472	0.6383	1.3610	26.1020	314.1969	24.8923	65.6420	0.6506	0.4710	68.0259
52.1841	751.0000	-0.2330	0.4688	0.0000	30.5400	23.7100	230.7500	0.2861	32.2700	63.5062	2.0000	750.0000	500.0000	0.0000	749.8574	0.2822	0.2696	0.0712	0.0714	0.1856	0.6614	0.0896	0.6579	1.2305	26.1155	314.1738	25.1026	65.6378	0.6913	0.4706	68.0100
52.2744	751.0000	-0.2330	0.4688	0.0000	30.5400	23.7100	230.7500	0.2861	32.2700	63.5062	2.0000	750.0000	500.0000	0.0000	749.8574	0.2822	0.2696	0.0712	0.0714	0.1856	0.6614	0.0896	0.6579	1.2305	26.1155	314.1738	25.1026	65.6378	0.6913	0.4706	68.0100
52.7903	748.0000	-0.2340	0.4685	0.0000	30.5340	23.7000	230.7350	0.2859	32.2600	63.5060	3.0000	750.0000	500.0000	0.0000	752.3249	0.2586	0.2569	0.0713	0.0712	0.2366	0.6051	0.0489	0.6774	1.3670	26.2436	314.1183	25.2014	65.6356	0.6355	0.4707	68.0100
53.0195	748.0000	-0.2340	0.4685	0.0000	30.5340	23.7000	230.7350	0.2859	32.2600	63.5060	3.0000	750.0000	500.0000	0.0000	752.3249	0.2586	0.2569	0.0713	0.0712	0.2366	0.6051	0.0489	0.6774	1.3670	26.2436	314.1183	25.2014	65.6356	0.6355	0.4707	68.0100
53.3955	748.0000	-0.2340	0.4685	0.0000	30.5340	23.7000	230.7350	0.2859	32.2600	63.5060	3.0000	750.0000	500.0000	0.0000	747.0223	0.2613	0.2832	0.0714	0.0712	0.1933	0.6130	0.0430	0.6361	1.4795	26.2533	314.1211	24.9564	65.6334	0.6816	0.4705	67.9941
53.8870	746.0000	-0.2320	0.4681	0.0000	30.5270	23.6800	230.7010	0.2855	32.2100	63.5075	3.0000	750.0000	500.0000	0.0000	752.4528	0.2717	0.2561	0.0711	0.0713	0.1864	0.6317	0.0716	0.6389	1.3011	26.0807	314.0927	24.9613	65.6311	0.6466	0.4710	67.9782
54.0007	746.0000	-0.2320	0.4681	0.0000	30.5270	23.6800	230.7010	0.2855	32.2100	63.5075	3.0000	750.0000	500.0000	0.0000	752.4528	0.2717	0.2561	0.0711	0.0713	0.1864	0.6317	0.0716	0.6389	1.3011	26.0807	314.0927	24.9613	65.6311	0.6466	0.4710	67.9782
54.6059	752.0000	-0.2330	0.4685	0.0000	30.5330	23.7000	230.6810	0.2857	32.1900	63.5177	3.0000	750.0000	500.0000	0.0000	755.7416	0.2703	0.2396	0.0711	0.0714	0.2869	0.6323	0.0729	0.6503	1.3108	26.1940	314.0251	25.2268	65.6289	0.6401	0.4708	67.9782
54.6241	752.0000	-0.2330	0.4685	0.0000	30.5330	23.7000	230.6810	0.2857	32.1900	63.5177	3.0000	750.0000	500.0000	0.0000	755.7416	0.2703	0.2396	0.0711	0.0714	0.2869	0.6323	0.0729	0.6503	1.3108	26.1940	314.0251	25.2268	65.6289	0.6401	0.4708	67.9782
55.2122	749.0000	-0.2320	0.4677	0.0000	30.5260	23.6400	230.6450	0.2854	32.1500	63.4754	3.0000	750.0000	500.0000	0.0000	743.1088	0.2602	0.3024	0.0715	0.0712	0.2338	0.6041	0.0441	0.7157	1.5836	26.4053	314.0304	25.1538	65.6264	0.7051	0.4702	67.9624
55.3601	749.0000	-0.2320	0.4677	0.0000	30.5260	23.6400	230.6450	0.2854	32.1500	63.4754	3.0000	750.0000	500.0000	0.0000	743.1088	0.2602	0.3024	0.0715	0.0712	0.2338	0.6041	0.0441	0.7157	1.5836	26.4053	314.0304	25.1538	65.6264	0.7051	0.4702	67.9624
55.8016	752.0000	-0.2320	0.4678	0.0000	30.5240	23.6600	230.6260	0.2855	32.1600	63.4759	3.0000	750.0000	500.0000	0.0000	749.1757	0.2735	0.2720	0.0712	0.0713	0.2116	0.6375	0.0720	0.6399	1.2199	26.0492	313.9723	24.9459	65.6237	0.6449	0.4698	67.9624
56.0917	752.0000	-0.2320	0.4678	0.0000	30.5240	23.6600	230.6260	0.2855	32.1600	63.4759	3.0000	750.0000	500.0000	0.0000	749.1757	0.2735	0.2720	0.0712	0.0713	0.2116	0.6375	0.0720	0.6399	1.2199	26.0492	313.9723	24.9459	65.6237	0.6449	0.4698	67.9624
56.4074	752.0000	-0.2320	0.4678	0.0000	30.5240	23.6600	230.6260	0.2855	32.1600	63.4759	3.0000	750.0000	500.0000	0.0000	754.4484	0.2665	0.2459	0.0712	0.0713	0.2532	0.6244	0.0590	0.6585	1.3753	26.1824	313.9600	25.4385	65.6213	0.6329	0.4706	67.9466
56.8403	751.0000	-0.2320	0.4678	0.0000	30.5250	23.6700	230.5840	0.2855	32.2200	63.4752	3.0000	750.0000	500.0000	0.0000	744.5754	0.2614	0.2955	0.0714	0.0712	0.1906	0.6122	0.0968	0.6664	1.5586	26.3544	313.9195	24.9366	65.6191	0.7234	0.4708	67.9307
57.0130	751.0000	-0.2320	0.4678	0.0000	30.5250	23.6700	230.5840	0.2855	32.2200	63.4752	3.0000	750.0000	500.0000	0.0000	744.5754	0.2614	0.2955	0.0714	0.0712	0.1906	0.6122	0.0968	0.6664	1.5586	26.3544	313.9195	24.9366	65.6191	0.7234	0.4708	67.9307
57.5815	752.0000	-0.2330	0.4681	0.0000	30.5250	23.6800	230.5640	0.2860	32.2700	63.4422	3.0000	750.0000	500.0000	0.0000	752.0505	0.2600	0.2581	0.0711	0.0712	0.1975	0.6062	0.1168	0.6424	1.4188	26.1516	313.8559	24.9126	65.6169	0.6805	0.4704	67.9307
57.6192	752.0000	-0.2330	0.4681	0.0000	30.5250	23.6800	230.5640	0.2860	32.2700	63.4422	3.0000	750.0000	500.0000	0.0000	752.0505	0.2600	0.2581	0.0711	0.0712	0.1975	0.6062	0.1168	0.6424	1.4188	26.1516	313.8559	24.9126	65.6169	0.6805	0.4704	67.9307
58.2248	750.0000	-0.2330	0.4675	0.0000	30.5210	23.6400	230.5270	0.2854	32.1800	63.4312	3.0000	750.0000	500.0000	0.0000	752.8083	0.2882	0.2539	0.0711	0.0715	0.2437	0.6722	0.0946	0.6585	1.2520	26.1653	313.8518	25.1787	65.6145	0.6404	0.4693	67.9149
58.3202	750.0000	-0.2330	0.4675	0.0000	30.5210	23.6400	230.5270	0.2854	32.1800	63.4312	3.0000	750.0000	500.0000	0.0000	752.8083	0.2882	0.2539	0.0711	0.0715	0.2437	0.6722	0.0946	0.6585	1.2520	26.1653	313.8518	25.1787	65.6145	0.6404	0.4693	67.9149
58.8139	751.0000	-0.2330	0.4672	0.0000	30.5220	23.6200	230.5100	0.2851	32.1500	63.4129	4.0000	750.0000	500.0000	0.0000	752.0780	0.2646	0.2575	0.0712	0.0712	0.2009	0.6192	0.0890	0.6506	1.4766	26.2587	313.7936	25.1252	65.6115	0.6759	0.4693	67.9149
59.0584	751.0000	-0.2330	0.4672	0.0000	30.5220	23.6200	230.5100	0.2851	32.1500	63.4129	4.0000	750.0000	500.0000	0.0000	752.0780	0.2646	0.2575	0.0712	0.0712	0.2009	0.6192	0.0890	0.6506	1.4766	26.2587	313.7936	25.1252	65.6115	0.6759	0.4693	67.9149
59.4191	751.0000	-0.2330	0.4672	0.0000	30.5220	23.6200	230.5100	0.2851	32.1500	63.4129	4.0000	750.0000	500.0000	0.0000	747.0938	0.2650	0.2822	0.0713	0.0713	0.2140	0.6231	0.1129	0.6331	1.4873	26.1268	313.8017	24.7426	65.6086	0.6986	0.4693	67.8992
59.9436	751.0000	-0.2320	0.4666	0.0000	30.5050	23.5900	230.4770	0.2850	32.0600	63.3984	4.0000	750.0000	500.0000	0.0000	751.1087	0.2760	0.2618	0.0711	0.0714	0.2571	0.6333	0.0813	0.6427	1.1975	26.0952	313.7760	25.2517	65.6057	0.6463	0.4687	67.8834
60.0254	751.0000	-0.2320	0.4666	0.0000	30.5050	23.5900	230.4770	0.2850	32.0600	63.3984	4.0000	750.0000	500.0000	0.0000	751.1087	0.2760	0.2618	0.0711	0.0714	0.2571	0.6333	0.0813	0.6427	1.1975	26.0952	313.7760	25.2517	65.6057	0.6463	0.4687	67.8834
60.6154	751.0000	-0.2320	0.4662	0.0000	30.5080	23.5600	230.4530	0.2850	32.0800	63.3864	4.0000	750.0000	500.0000	0.0000	751.8606	0.2639	0.2580	0.0712	0.0712	0.1956	0.6140	0.0962	0.6456	1.4580	26.2477	313.7286	24.8471	65.6027	0.6860	0.4687	67.8834
60.7144	751.0000	-0.2320	0.4662	0.0000	30.5080	23.5600	230.4530	0.2850	32.0800	63.3864	4.0000	750.0000	500.0000	0.0000	751.8606	0.2639	0.2580	0.0712	0.0712	0.1956	0.6140	0.0962	0.6456	1.4580	26.2477	313.7286	24.8471	65.6027	0.6860	0.4687	67.8834
61.2202	751.0000	-0.2320	0.4660	0.0000	30.5050	23.5400	230.4430	0.2846	32.0400	63.3678	4.0000	750.0000	500.0000	0.0000	749.4746	0.2754	0.2694	0.0713	0.0713	0.1961	0.6444	0.0417	0.6551	1.2760	26.0914	313.7638	24.7496	65.5997	0.6495	0.4677	67.8676
61.4511	751.0000	-0.2320	0.4660	0.0000	30.5050	23.5400	230.4430	0.2846	32.0400	63.3678	4.0000	750.0000	500.0000	0.0000	749.4746	0.2754	0.2694	0.0713	0.0713	0.1961	0.6444	0.0417	0.6551	1.2760	26.0914	313.7638	24.7496	65.5997	0.6495	0.4677	67.8676
61.8263	751.0000	-0.2320	0.4660	0.0000	30.5050	23.5400	230.4430	0.2846	32.0400	63.3678	4.0000	750.0000	500.0000	0.0000	750.5351	0.2642	0.2638	0.0713	0.0712	0.2338	0.6219	0.0389	0.6452	1.2476	26.1198	313.7110	25.1996	65.5968	0.6468	0.4674	67.8676
62.2243	752.0000	-0.2310	0.4648	0.0000	30.4900	23.4800	230.4230	0.2840	31.9900	63.3235	4.0000	750.0000	500.0000	0.0000	752.2859	0.2557	0.2547	0.0713	0.0712	0.2423	0.5944	0.0476	0.6791	1.5692	26.3355	313.7030	24.9110	65.5939	0.6423	0.4674	67.8518
62.4317	752.0000	-0.2310	0.4648	0.0000	30.4900	23.4800	230.4230	0.2840	31.9900	63.3235	4.0000	750.0000	500.0000	0.0000	752.2859	0.2557	0.2547	0.0713	0.0712	0.2423	0.5944	0.0476	0.6791	1.5692	26.3355	313.7030	24.9110	65.5939	0.6423	0.4674	67.8518
62.9674	750.0000	-0.2320	0.4650	0.0000	30.4850	23.5000	230.4140	0.2843	32.0100	63.3057	4.0000	750.0000	500.0000	0.0000	742.0449	0.2618	0.3059	0.0714	0.0712	0.2060	0.6096	0.0582	0.6460	1.4398	26.1463	313.6975	24.8706	65.5909	0.6836	0.4679	67.8359
63.0383	750.0000	-0.2320	0.4650	0.0000	30.4850	23.5000	230.4140	0.2843	32.0100	63.3057	4.0000	750.0000	500.0000	0.0000	742.0449	0.2618	0.3059	0.0714	0.0712	0.2060	0.6096	0.0582	0.6460	1.4398	26.1463	313.6975	24.8706	65.5909	0.6836	0.4679	67.8359
63.6430	751.0000	-0.2310	0.4648	0.0000	30.4940	23.4800	230.4020	0.2840	31.9700	63.3083	4.0000	750.0000	500.0000	0.0000	753.5372	0.2911	0.2487	0.0711	0.0716	0.2416	0.6816	0.0944	0.6481	1.2092	26.0648	313.6475	25.0056	65.5880	0.6440	0.4670	67.8359
63.7177	751.0000	-0.2310	0.4648	0.0000	30.4940	23.4800	230.4020	0.2840	31.9700	63.3083	4.0000	750.0000	500.0000	0.0000	753.5372	0.2911	0.2487	0.0711	0.0716	0.2416	0.6816	0.0944	0.6481	1.2092	26.0648	313.6475	25.0056	65.5880	0.6440	0.4670	67.8359
64.4585	747.0000	-0.2290	0.4647	0.0000	30.4900	23.4700	230.3980	0.2842	31.9800	63.2720	4.0000	750.0000	500.0000	0.0000	754.7471	0.2655	0.2426	0.0712	0.0712	0.1595	0.6246	0.0596	0.6369	1.4371	26.1149	313.6487	24.6657	65.5825	0.6376	0.4672	67.8201
64.7596	747.0000	-0.2290	0.4647	0.0000	30.4900	23.4700	230.3980	0.2842	31.9800	63.2720	4.0000	750.0000	500.0000	0.0000	754.7471	0.2655	0.2426	0.0712	0.0712	0.1595	0.6246	0.0596	0.6369	1.4371	26.1149	313.6487	24.6657	65.5825	0.6376	0.4672	67.8201
65.2239	749.0000	-0.2320	0.4649	0.0000	30.4900	23.4900	230.3940	0.2842	32.0000	63.2668	5.0000	750.0000	500.0000	0.0000	748.6789	0.2675	0.2728	0.0713	0.0713	0.2794	0.6222	0.0375	0.6254	1.2780	26.0925	313.6690	25.1250	65.5796	0.6582	0.4681	67.8044
65.3651	749.0000	-0.2320	0.4649	0.0000	30.4900	23.4900	230.3940	0.2842	32.0000	63.2668	5.0000	750.0000	500.0000	0.0000	748.6789	0.2675	0.2728	0.0713	0.0713	0.2794	0.6222	0.0375	0.6254	1.2780	26.0925	313.6690	25.1250	65.5796	0.6582	0.4681	67.8044
65.9709	750.0000	-0.2320	0.4651	0.0000	30.4930	23.5000	230.3920	0.2842	31.9600	63.2558	5.0000	750.0000	500.0000	0.0000	754.4928	0.2641	0.2439	0.0712	0.0712	0.2164	0.6178	0.0603	0.7009	1.4993	26.3238	313.6379	24.9115	65.5767	0.6356	0.4676	67.7886
66.0844	750.0000	-0.2320	0.4651	0.0000	30.4930	23.5000	230.3920	0.2842	31.9600	63.2558	5.0000	750.0000	500.0000	0.0000	754.4928	0.2641	0.2439	0.0712	0.0712	0.2164	0.6178	0.0603	0.7009	1.4993	26.3238	313.6379	24.9115	65.5767	0.6356	0.4676	67.7886
66.5764	751.0000	-0.2300	0.4644	0.0000	30.4880	23.4500	230.3930	0.2835	31.9600	63.2254	5.0000	750.0000	500.0000	0.0000	751.0911	0.2679	0.2606	0.0712	0.0712	0.1706	0.6308	0.0607	0.6405	1.4504	26.1665	313.6231	24.7761	65.5737	0.6308	0.4669	67.7886
66.8247	751.0000	-0.2300	0.4644	0.0000	30.4880	23.4500	230.3930	0.2835	31.9600	63.2254	5.0000	750.0000	500.0000	0.0000	751.0911	0.2679	0.2606	0.0712	0.0712	0.1706	0.6308	0.0607	0.6405	1.4504	26.1665	313.6231	24.7761	65.5737	0.6308	0.4669	67.7886
67.1822	751.0000	-0.2300	0.4644	0.0000	30.4880	23.4500	230.3930	0.2835	31.9600	63.2254	5.0000	750.0000	500.0000	0.0000	751.8927	0.2734	0.2566	0.0711	0.0714	0.2071	0.6497	0.1038	0.6382	1.2707	26.0632	313.6474	24.7208	65.5707	0.6510	0.4663	67.7729
67.5729	748.0000	-0.2310	0.4641	0.0000	30.4840	23.4300	230.3960	0.2838	31.9300	63.1943	5.0000	750.0000	500.0000	0.0000	753.1327	0.2562	0.2499	0.0712	0.0712	0.2407	0.6002	0.0569	0.6659	1.2879	26.1618	313.6690	25.0095	65.5677	0.6539	0.4653	67.7729
67.7877	748.0000	-0.2310	0.4641	0.0000	30.4840	23.4300	230.3960	0.2838	31.9300	63.1943	5.0000	750.0000	500.0000	0.0000	753.1327	0.2562	0.2499	0.0712	0.0712	0.2407	0.6002	0.0569	0.6659	1.2879	26.1618	313.6690	25.0095	65.5677	0.6539	0.4653	67.7729
68.3216	750.0000	-0.2300	0.4638	0.0000	30.4860	23.4000	230.4020	0.2835	31.8900	63.1913	5.0000	750.0000	500.0000	0.0000	745.5751	0.2641	0.2875	0.0714	0.0712	0.1961	0.6159	0.0224	0.6394	1.5175	26.2391	313.6651	24.7369	65.5648	0.6935	0.4663	67.7572
68.3931	750.0000	-0.2300	0.4638	0.0000	30.4860	23.4000	230.4020	0.2835	31.8900	63.1913	5.0000	750.0000	500.0000	0.0000	745.5751	0.2641	0.2875	0.0714	0.0712	0.1961	0.6159	0.0224	0.6394	1.5175	26.2391	313.6651	24.7369	65.5648	0.6935	0.4663	67.7572
68.9988	751.0000	-0.2300	0.4636	0.0000	30.4740	23.4100	230.4060	0.2833	31.9200	63.1791	5.0000	750.0000	500.0000	0.0000	753.3339	0.2654	0.2486	0.0712	0.0712	0.1634	0.6216	0.0550	0.6378	1.2895	26.0369	313.6853	24.5661	65.5618	0.6562	0.4663	67.7414
69.0669	751.0000	-0.2300	0.4636	0.0000	30.4740	23.4100	230.4060	0.2833	31.9200	63.1791	5.0000	750.0000	500.0000	0.0000	753.3339	0.2654	0.2486	0.0712	0.0712	0.1634	0.6216	0.0550	0.6378	1.2895	26.0369	313.6853	24.5661	65.5618	0.6562	0.4663	67.7414
69.6043	745.0000	-0.2310	0.4637	0.0000	30.4800	23.4000	230.4160	0.2835	31.9600	63.1400	5.0000	750.0000	500.0000	0.0000	750.7657	0.2643	0.2612	0.0713	0.0713	0.2865	0.6182	0.0218	0.6377	1.2777	26.1169	313.6556	25.1097	65.5588	0.6327	0.4654	67.7414
69.8131	745.0000	-0.2310	0.4637	0.0000	30.4800	23.4000	230.4160	0.2835	31.9600	63.1400	5.0000	750.0000	500.0000	0.0000	750.7657	0.2643	0.2612	0.0713	0.0713	0.2865	0.6182	0.0218	0.6377	1.2777	26.1169	313.6556	25.1097	65.5588	0.6327	0.4654	67.7414
70.2093	750.0000	-0.2290	0.4639	0.0000	30.4860	23.4100	230.4220	0.2834	31.9400	63.1474	5.0000	750.0000	500.0000	0.0000	752.2626	0.2637	0.2541	0.0712	0.0712	0.2288	0.6132	0.0690	0.6941	1.4053	26.2431	313.7070	24.7530	65.5559	0.6390	0.4657	67.7257
70.5559	750.0000	-0.2290	0.4639	0.0000	30.4860	23.4100	230.4220	0.2834	31.9400	63.1474	5.0000	750.0000	500.0000	0.0000	750.5340	0.2664	0.2629	0.0712	0.0712	0.1756	0.6238	0.1016	0.6703	1.5670	26.2613	313.6690	24.6871	65.5530	0.6850	0.4662	67.7257
70.8153	750.0000	-0.2290	0.4639	0.0000	30.4860	23.4100	230.4220	0.2834	31.9400	63.1474	5.0000	750.0000	500.0000	0.0000	750.5340	0.2664	0.2629	0.0712	0.0712	0.1756	0.6238	0.1016	0.6703	1.5670	26.2613	313.6690	24.6871	65.5530	0.6850	0.4662	67.7257
71.2918	751.0000	-0.2300	0.4631	0.0000	30.4800	23.3700	230.4370	0.2831	31.9100	63.1385	6.0000	750.0000	500.0000	0.0000	751.7976	0.2780	0.2560	0.0713	0.0714	0.1804	0.6516	0.0425	0.6451	1.3142	26.0871	313.7192	24.7405	65.5499	0.6417	0.4652	67.7101
71.4212	751.0000	-0.2300	0.4631	0.0000	30.4800	23.3700	230.4370	0.2831	31.9100	63.1385	6.0000	750.0000	500.0000	0.0000	751.7976	0.2780	0.2560	0.0713	0.0714	0.1804	0.6516	0.0425	0.6451	1.3142	26.0871	313.7192	24.7405	65.5499	0.6417	0.4652	67.7101
72.0271	752.0000	-0.2290	0.4630	0.0000	30.4730	23.3600	230.4440	0.2831	31.8800	63.1353	NOT CONNECTED	750.0000	500.0000	0.0000	746.3702	0.2542	0.2831	0.0713	0.0712	0.2367	0.5955	0.0354	0.6566	1.2002	26.1318	313.7558	24.9171	65.5470	0.6632	0.4659	67.6945
72.0338	752.0000	-0.2290	0.4630	0.0000	30.4730	23.3600	230.4440	0.2831	31.8800	63.1353	NOT CONNECTED	750.0000	500.0000	0.0000	746.3702	0.2542	0.2831	0.0713	0.0712	0.2367	0.5955	0.0354	0.6566	1.2002	26.1318	313.7558	24.9171	65.5470	0.6632	0.4659	67.6945
72.6323	776.0000	-0.0030	0.4631	0.0000	30.4780	23.3700	230.4630	0.2831	31.8900	63.1396	NOT CONNECTED	750.0000	500.0000	0.0000	750.5249	0.2669	0.2626	0.0711	0.0712	0.1851	0.6236	0.1029	0.6489	1.4695	26.2619	313.7205	24.7282	65.5441	0.6784	0.4649	67.6945
73.0554	776.0000	-0.0030	0.4631	0.0000	30.4780	23.3700	230.4630	0.2831	31.8900	63.1396	NOT CONNECTED	0.0000	500.0000	0.0000	787.4860	0.0399	0.0198	0.0704	0.0706	0.3376	0.1007	0.3713	0.0485	1.9351	23.3486	317.6497	3.9368	65.5410	0.4102	0.4660	67.6788
73.2542	776.0000	-0.0030	0.4631	0.0000	30.4780	23.3700	230.4630	0.2831	31.8900	63.1396	NOT CONNECTED	0.0000	500.0000	0.0000	787.4860	0.0399	0.0198	0.0704	0.0706	0.3376	0.1007	0.3713	0.0485	1.9351	23.3486	317.6497	3.9368	65.5410	0.4102	0.4660	67.6788
73.7923	750.0000	-0.0190	0.2629	0.0000	27.8720	3.8600	230.4970	0.1146	10.6900	63.0784	NOT CONNECTED	0.0000	500.0000	0.0000	760.9790	0.0321	0.0078	0.0705	0.0706	0.3423	0.0771	0.3417	0.0559	2.1407	22.7574	318.0932	4.0018	65.5153	0.3526	0.2628	67.6788
73.8601	750.0000	-0.0190	0.2629	0.0000	27.8720	3.8600	230.4970	0.1146	10.6900	63.0784	NOT CONNECTED	0.0000	500.0000	0.0000	760.9790	0.0321	0.0078	0.0705	0.0706	0.3423	0.0771	0.3417	0.0559	2.1407	22.7574	318.0932	4.0018	65.5153	0.3526	0.2628	67.6788
74.4655	750.0000	-0.0200	0.2633	0.0000	27.7380	4.0700	230.5080	0.1159	10.9500	63.0486	NOT CONNECTED	0.0000	500.0000	0.0000	750.8447	0.0407	0.0401	0.0706	0.0706	0.3754	0.1056	0.3283	0.1006	2.0403	22.7652	318.0878	4.6001	65.4822	0.3452	0.2638	67.6573
74.5464	750.0000	-0.0200	0.2633	0.0000	27.7380	4.0700	230.5080	0.1159	10.9500	63.0486	NOT CONNECTED	0.0000	500.0000	0.0000	750.8447	0.0407	0.0401	0.0706	0.0706	0.3754	0.1056	0.3283	0.1006	2.0403	22.7652	318.0878	4.6001	65.4822	0.3452	0.2638	67.6573
75.0711	751.0000	-0.0200	0.2624	0.0000	27.7010	4.1200	230.5370	0.1164	10.9800	62.9611	NOT CONNECTED	0.0000	500.0000	0.0000	750.4245	0.0365	0.0398	0.0707	0.0705	0.3925	0.0759	0.3282	0.1214	2.2834	22.9001	318.0851	4.6057	65.4503	0.3098	0.2639	67.6282
75.2827	751.0000	-0.0200	0.2624	0.0000	27.7010	4.1200	230.5370	0.1164	10.9800	62.9611	NOT CONNECTED	0.0000	500.0000	0.0000	750.4245	0.0365	0.0398	0.0707	0.0705	0.3925	0.0759	0.3282	0.1214	2.2834	22.9001	318.0851	4.6057	65.4503	0.3098	0.2639	67.6282
75.6770	746.0000	-0.0200	0.2638	0.0000	27.7130	4.1100	230.5520	0.1166	10.9700	62.9708	NOT CONNECTED	0.0000	500.0000	0.0000	749.8677	0.0388	0.0424	0.0706	0.0706	0.3258	0.0897	0.3335	0.1242	2.0477	22.7803	318.0607	4.1052	65.4196	0.3509	0.2641	67.6282
76.0296	746.0000	-0.0200	0.2638	0.0000	27.7130	4.1100	230.5520	0.1166	10.9700	62.9708	NOT CONNECTED	0.0000	500.0000	0.0000	746.1977	0.0344	0.0611	0.0705	0.0706	0.3795	0.0788	0.4202	0.1430	2.0070	22.8307	318.0783	4.7135	65.3887	0.4040	0.2639	67.5992
76.2666	746.0000	-0.0200	0.2638	0.0000	27.7130	4.1100	230.5520	0.1166	10.9700	62.9708	NOT CONNECTED	0.0000	500.0000	0.0000	746.1977	0.0344	0.0611	0.0705	0.0706	0.3795	0.0788	0.4202	0.1430	2.0070	22.8307	318.0783	4.7135	65.3887	0.4040	0.2639	67.5992
76.7766	750.0000	-0.0200	0.2636	0.0000	27.7140	4.1300	230.5830	0.1164	11.0300	62.9552	NOT CONNECTED	0.0000	500.0000	0.0000	748.0816	0.0191	0.0514	0.0707	0.0705	0.3358	0.0440	0.3064	0.1040	2.2304	22.8573	318.0729	4.3833	65.3611	0.3178	0.2631	67.5703
76.8722	750.0000	-0.0200	0.2636	0.0000	27.7140	4.1300	230.5830	0.1164	11.0300	62.9552	NOT CONNECTED	0.0000	500.0000	0.0000	748.0816	0.0191	0.0514	0.0707	0.0705	0.3358	0.0440	0.3064	0.1040	2.2304	22.8573	318.0729	4.3833	65.3611	0.3178	0.2631	67.5703
77.4933	574.0000	0.0600	0.2633	0.0000	27.7090	4.1100	230.5980	0.1161	11.0100	62.9244	NOT CONNECTED	0.0000	500.0000	0.0000	748.6189	0.0514	-0.0000	0.0602	0.0477	-0.9527	0.1673	-0.2154	-0.1932	-7.0554	11.1528	318.0865	10.3660	65.3321	0.3217	0.2641	67.5703
77.5209	574.0000	0.0600	0.2633	0.0000	27.7090	4.1100	230.5980	0.1161	11.0100	62.9244	NOT CONNECTED	0.0000	500.0000	0.0000	748.6189	0.0514	-0.0000	0.0602	0.0477	-0.9527	0.1673	-0.2154	-0.1932	-7.0554	11.1528	318.0865	10.3660	65.3321	0.3217	0.2641	67.5703
78.0995	178.0000	0.0680	1.1528	0.0000	12.9450	22.5800	230.6170	0.3049	35.0800	62.9682	NOT CONNECTED	0.0000	500.0000	0.0000	430.7891	0.0065	0.0199	0.0345	0.0349	-1.5292	0.0324	-1.5582	0.0595	-10.8133	6.5490	313.3825	26.5236	65.4096	1.5390	1.1384	67.5461
78.2645	178.0000	0.0680	1.1528	0.0000	12.9450	22.5800	230.6170	0.3049	35.0800	62.9682	NOT CONNECTED	0.0000	500.0000	0.0000	430.7891	0.0065	0.0199	0.0345	0.0349	-1.5292	0.0324	-1.5582	0.0595	-10.8133	6.5490	313.3825	26.5236	65.4096	1.5390	1.1384	67.5461
78.7049	178.0000	0.0680	1.1528	0.0000	12.9450	22.5800	230.6170	0.3049	35.0800	62.9682	NOT CONNECTED	0.0000	500.0000	0.0000	0.0000	0.0000	0.0000	0.0672	0.0349	-1.7114	0.2168	-1.7224	0.0971	-10.8729	4.3088	320.8900	0.0000	65.6542	1.7251	0.7197	67.5461
79.3095	0.0000	-0.0160	0.0082	0.0000	0.6540	-0.0300	230.6720	0.0306	2.1200	62.9252	NOT CONNECTED	0.0000	500.0000	0.0000	0.0000	0.0000	0.0000	0.0672	0.0349	-1.7114	0.2168	-1.7224	0.0971	-10.8729	4.3088	321.1119	0.0000	65.6595	1.7251	0.0060	67.6247
79.5134	0.0000	-0.0160	0.0082	0.0000	0.6540	-0.0300	230.6720	0.0306	2.1200	62.9252	NOT CONNECTED	0.0000	500.0000	0.0000	0.0000	0.0000	0.0000	0.0672	0.0349	-1.7114	0.2168	-1.7224	0.0971	-10.8729	4.3088	321.1119	0.0000	65.6595	1.7251	0.0060	67.6247
79.9163	0.0000	-0.0180	0.0082	0.0000	0.6540	-0.0300	230.7020	0.0000	2.0300	62.9015	NOT CONNECTED	0.0000	500.0000	0.0000	0.0000	0.0000	0.0000	0.0672	0.0349	-1.7114	0.2168	-1.7224	0.0971	-10.8729	4.3088	321.1404	0.0000	65.6042	1.7251	0.0058	67.5878
80.2453	0.0000	-0.0180	0.0082	0.0000	0.6540	-0.0300	230.7020	0.0000	2.0300	62.9015	NOT CONNECTED	0.0000	500.0000	0.0000	0.0000	0.0000	0.0000	0.0672	0.0349	-1.7114	0.2168	-1.7224	0.0971	0.0000	0.0000	321.1674	0.0000	65.5497	1.7251	0.0048	67.5878
80.5221	0.0000	-0.0180	0.0082	0.0000	0.6540	-0.0300	230.7020	0.0000	2.0300	62.9015	NOT CONNECTED	0.0000	500.0000	0.0000	0.0000	0.0000	0.0000	0.0672	0.0349	-1.7114	0.2168	-1.7224	0.0971	0.0000	0.0000	321.1674	0.0000	65.5497	1.7251	0.0048	67.5878
80.9823	0.0000	-0.0200	0.0082	0.0000	0.6540	-0.0300	230.7190	0.0000	1.9900	62.8524	NOT CONNECTED	0.0000	500.0000	0.0000	0.0000	0.0000	0.0000	0.0672	0.0349	-1.7114	0.2168	-1.7224	0.0971	0.0000	0.0000	321.2161	0.0000	65.5017	1.7251	0.0052	67.5477
81.1117	0.0000	-0.0200	0.0082	0.0000	0.6540	-0.0300	230.7190	0.0000	1.9900	62.8524	NOT CONNECTED	0.0000	500.0000	0.0000	0.0000	0.0000	0.0000	0.0672	0.0349	-1.7114	0.2168	-1.7224	0.0971	0.0000	0.0000	321.2161	0.0000	65.5017	1.7251	0.0052	67.5477
81.7127	0.0000	-0.0180	0.0082	0.0000	0.6540	-0.0300	230.7460	0.0000	1.9900	62.8424	NOT CONNECTED	0.0000	500.0000	0.0000	0.0000	0.0000	0.0000	0.0672	0.0349	-1.7114	0.2168	-1.7224	0.0971	0.0000	0.0000	321.2418	0.0000	65.4536	1.7251	0.0050	67.5477
81.7167	0.0000	-0.0180	0.0082	0.0000	0.6540	-0.0300	230.7460	0.0000	1.9900	62.8424	NOT CONNECTED	0.0000	500.0000	0.0000	0.0000	0.0000	0.0000	0.0672	0.0349	-1.7114	0.2168	-1.7224	0.0971	0.0000	0.0000	321.2418	0.0000	65.4536	1.7251	0.0050	67.5477
82.3224	0.0000	-0.0190	0.0082	0.0000	0.6540	-0.0300	230.7580	0.0000	1.9800	62.7764	NOT CONNECTED	0.0000	500.0000	0.0000	0.0000	0.0000	0.0000	0.0672	0.0349	-1.7114	0.2168	-1.7224	0.0971	0.0000	0.0000	321.2743	0.0000	65.4073	1.7251	0.0050	67.5076
82.4495	0.0000	-0.0190	0.0082	0.0000	0.6540	-0.0300	230.7580	0.0000	1.9800	62.7764	NOT CONNECTED	0.0000	500.0000	0.0000	0.0000	0.0000	0.0000	0.0672	0.0349	-1.7114	0.2168	-1.7224	0.0971	0.0000	0.0000	321.2743	0.0000	65.4073	1.7251	0.0050	67.5076
82.9112	NOT CONNECTED	NOT CONNECTED	NOT CONNECTED	NOT CONNECTED	NOT CONNECTED	NOT CONNECTED	NOT CONNECTED	NOT CONNECTED	NOT CONNECTED	NOT CONNECTED	NOT CONNECTED	0.0000	500.0000	0.0000	0.0000	0.0000	0.0000	0.0672	0.0349	-1.7114	0.2168	-1.7224	0.0971	0.0000	0.0000	321.2865	0.0000	65.3627	1.7251	0.0049	67.4676
83.5170	NOT CONNECTED	NOT CONNECTED	NOT CONNECTED	NOT CONNECTED	NOT CONNECTED	NOT CONNECTED	NOT CONNECTED	NOT CONNECTED	NOT CONNECTED	NOT CONNECTED	NOT CONNECTED	0.0000	500.0000	0.0000	0.0000	0.0000	0.0000	0.0672	0.0349	-1.7114	0.2168	-1.7224	0.0971	0.0000	0.0000	321.2743	0.0000	65.3195	1.7251	0.0053	67.4676
