Time	speed	torque	motor_current	motor_current_thd	motor_voltage	motor_power	line_voltage	line_current	line_power	motor_temperature	Test_Marker	BD_Target_Speed	BD_Target_Accel	BD_Update_Cmd	Mcl_Quantities.Speed_Rot_Mech	Mcl_Quantities.Torque	Mcl_Quantities.Torque_Ref	Mcl_Quantities.Stator_Flux_Mag	Mcl_Quantities.Flux_Ref	Mcl_Quantities.Id_stator_current	Mcl_Quantities.Iq_stator_current	Mcl_Quantities.Id_rotor_current	Rotor_Curr_Iq	Flux_Controller.Out	Torque_Controller.Out	DC_Bus_RMS	Mcl_Quantities.Electrical_Power	Mcl_Quantities.Stator_Temperature	Mcl_Quantities.Is_Abs	Mcl_Quantities.IsRMS	SR_Overheating_Temp
0.7351	0.0000	0.0010	0.0081	0.0000	0.6520	-0.0300	230.5930	0.0324	1.9600	70.2831	NOT CONNECTED	NOT CONNECTED	NOT CONNECTED	NOT CONNECTED	NOT CONNECTED	NOT CONNECTED	NOT CONNECTED	NOT CONNECTED	NOT CONNECTED	NOT CONNECTED	NOT CONNECTED	NOT CONNECTED	NOT CONNECTED	NOT CONNECTED	NOT CONNECTED	NOT CONNECTED	NOT CONNECTED	NOT CONNECTED	NOT CONNECTED	NOT CONNECTED	NOT CONNECTED
1.4738	0.0000	0.0010	0.0081	0.0000	0.6520	-0.0300	230.5290	0.0325	1.9600	70.2154	NOT CONNECTED	NOT CONNECTED	NOT CONNECTED	NOT CONNECTED	NOT CONNECTED	NOT CONNECTED	NOT CONNECTED	NOT CONNECTED	NOT CONNECTED	NOT CONNECTED	NOT CONNECTED	NOT CONNECTED	NOT CONNECTED	NOT CONNECTED	NOT CONNECTED	NOT CONNECTED	NOT CONNECTED	NOT CONNECTED	NOT CONNECTED	NOT CONNECTED	NOT CONNECTED
1.5097	0.0000	0.0010	0.0081	0.0000	0.6520	-0.0300	230.5290	0.0325	1.9600	70.2154	NOT CONNECTED	0.0000	500.0000	0.0000	0.0000	0.0000	0.0000	0.0672	0.0353	-1.8178	0.2646	-1.8334	0.1156	0.0000	0.0000	321.3460	0.0000	74.0790	1.8370	0.0050	69.7108
2.1160	0.0000	0.0010	0.0081	0.0000	0.6520	-0.0300	230.5010	0.0327	1.9800	70.1050	NOT CONNECTED	0.0000	500.0000	0.0000	0.0000	0.0000	0.0000	0.0672	0.0353	-1.8178	0.2646	-1.8334	0.1156	0.0000	0.0000	321.3081	0.0000	73.9831	1.8370	0.0049	69.7108
2.2050	0.0000	0.0010	0.0081	0.0000	0.6520	-0.0300	230.5010	0.0327	1.9800	70.1050	NOT CONNECTED	0.0000	500.0000	0.0000	0.0000	0.0000	0.0000	0.0672	0.0353	-1.8178	0.2646	-1.8334	0.1156	0.0000	0.0000	321.3081	0.0000	73.9831	1.8370	0.0049	69.7108
2.7218	0.0000	0.0010	0.0081	0.0000	0.6520	-0.0300	230.4530	0.0325	1.9700	70.0638	NOT CONNECTED	0.0000	500.0000	0.0000	0.0000	0.0000	0.0000	0.0672	0.0353	-1.8178	0.2646	-1.8334	0.1156	0.0000	0.0000	321.2878	0.0000	73.8904	1.8370	0.0049	69.6651
2.9455	0.0000	0.0010	0.0081	0.0000	0.6520	-0.0300	230.4530	0.0325	1.9700	70.0638	NOT CONNECTED	0.0000	500.0000	0.0000	0.0000	0.0000	0.0000	0.0672	0.0353	-1.8178	0.2646	-1.8334	0.1156	0.0000	0.0000	321.2878	0.0000	73.8904	1.8370	0.0049	69.6651
3.3275	0.0000	0.0010	0.0081	0.0000	0.6520	-0.0300	230.4350	0.0325	1.9800	69.9276	NOT CONNECTED	0.0000	500.0000	0.0000	0.0000	0.0000	0.0000	0.0672	0.0353	-1.8178	0.2646	-1.8334	0.1156	0.0000	0.0000	321.2810	0.0000	73.8007	1.8370	0.0050	69.6195
3.6868	0.0000	0.0010	0.0081	0.0000	0.6520	-0.0300	230.4350	0.0325	1.9800	69.9276	NOT CONNECTED	0.0000	500.0000	0.0000	0.0000	0.0000	0.0000	0.0672	0.0353	-1.8178	0.2646	-1.8334	0.1156	0.0000	0.0000	321.2215	0.0000	73.7141	1.8370	0.0050	69.6195
3.9332	0.0000	0.0010	0.0081	0.0000	0.6520	-0.0300	230.4350	0.0325	1.9800	69.9276	NOT CONNECTED	0.0000	500.0000	0.0000	0.0000	0.0000	0.0000	0.0672	0.0353	-1.8178	0.2646	-1.8334	0.1156	0.0000	0.0000	321.2215	0.0000	73.7141	1.8370	0.0050	69.6195
4.4204	0.0000	0.0010	0.0081	0.0000	0.6520	-0.0300	230.4140	0.0325	1.9800	69.8573	NOT CONNECTED	0.0000	500.0000	0.0000	0.0000	0.0000	0.0000	0.0672	0.0353	-1.8178	0.2646	-1.8334	0.1156	0.0000	0.0000	321.2418	0.0000	73.6268	1.8370	0.0049	69.5740
4.5388	0.0000	0.0010	0.0081	0.0000	0.6520	-0.0300	230.4140	0.0325	1.9800	69.8573	NOT CONNECTED	0.0000	500.0000	0.0000	0.0000	0.0000	0.0000	0.0672	0.0353	-1.8178	0.2646	-1.8334	0.1156	0.0000	0.0000	321.2418	0.0000	73.6268	1.8370	0.0049	69.5740
5.1445	0.0000	0.0010	0.0081	0.0000	0.6520	-0.0300	230.4120	0.0325	1.9800	69.8253	NOT CONNECTED	0.0000	500.0000	0.0000	0.0000	0.0000	0.0000	0.0672	0.0353	-1.8178	0.2646	-1.8334	0.1156	0.0000	0.0000	321.2432	0.0000	73.5458	1.8370	0.0052	69.5740
5.1674	0.0000	0.0010	0.0081	0.0000	0.6520	-0.0300	230.4120	0.0325	1.9800	69.8253	NOT CONNECTED	0.0000	500.0000	0.0000	0.0000	0.0000	0.0000	0.0672	0.0353	-1.8178	0.2646	-1.8334	0.1156	0.0000	0.0000	321.2432	0.0000	73.5458	1.8370	0.0052	69.5740
5.7505	0.0000	0.0010	0.0081	0.0000	0.6530	-0.0300	230.4220	0.0323	1.9600	69.6918	NOT CONNECTED	0.0000	500.0000	0.0000	0.0000	0.0000	0.0000	0.0672	0.0353	-1.8178	0.2646	-1.8334	0.1156	0.0000	0.0000	321.2580	0.0000	73.4675	1.8370	0.0049	69.5287
5.9120	0.0000	0.0010	0.0081	0.0000	0.6530	-0.0300	230.4220	0.0323	1.9600	69.6918	NOT CONNECTED	0.0000	500.0000	0.0000	0.0000	0.0000	0.0000	0.0672	0.0353	-1.8178	0.2646	-1.8334	0.1156	0.0000	0.0000	321.2580	0.0000	73.4675	1.8370	0.0049	69.5287
6.3404	0.0000	0.0010	0.0081	0.0000	0.6520	-0.0300	230.4340	0.0322	1.9700	69.6144	NOT CONNECTED	0.0000	500.0000	0.0000	0.0000	0.0000	0.0000	0.0672	0.0353	-1.8178	0.2646	-1.8334	0.1156	0.0000	0.0000	321.3230	0.0000	73.3917	1.8370	0.0051	69.4835
6.6554	0.0000	0.0010	0.0081	0.0000	0.6520	-0.0300	230.4340	0.0322	1.9700	69.6144	NOT CONNECTED	0.0000	500.0000	0.0000	0.0000	0.0000	0.0000	0.0672	0.0353	-1.8178	0.2646	-1.8334	0.1156	0.0000	0.0000	321.3000	0.0000	73.3183	1.8370	0.0053	69.4835
6.9294	0.0000	0.0010	0.0081	0.0000	0.6520	-0.0300	230.4340	0.0322	1.9700	69.6144	NOT CONNECTED	0.0000	500.0000	0.0000	0.0000	0.0000	0.0000	0.0672	0.0353	-1.8178	0.2646	-1.8334	0.1156	0.0000	0.0000	321.3000	0.0000	73.3183	1.8370	0.0053	69.4835
7.3944	0.0000	0.0010	0.0081	0.0000	0.6530	-0.0300	230.4730	0.0321	1.9600	69.5405	NOT CONNECTED	0.0000	500.0000	0.0000	0.0000	0.0000	0.0000	0.0672	0.0353	-1.8178	0.2646	-1.8334	0.1156	0.0000	0.0000	321.3879	0.0000	73.2474	1.8370	0.0049	69.4384
7.5514	0.0000	0.0010	0.0081	0.0000	0.6530	-0.0300	230.4730	0.0321	1.9600	69.5405	NOT CONNECTED	0.0000	500.0000	0.0000	0.0000	0.0000	0.0000	0.0672	0.0353	-1.8178	0.2646	-1.8334	0.1156	0.0000	0.0000	321.3879	0.0000	73.2474	1.8370	0.0049	69.4384
8.1329	0.0000	0.0010	0.0081	0.0000	0.6530	-0.0300	230.5000	0.0321	1.9600	69.4577	NOT CONNECTED	0.0000	500.0000	0.0000	0.0000	0.0000	0.0000	0.0672	0.0353	-1.8178	0.2646	-1.8334	0.1156	0.0000	0.0000	321.3973	0.0000	73.1759	1.8370	0.0051	69.4384
8.1725	0.0000	0.0010	0.0081	0.0000	0.6530	-0.0300	230.5000	0.0321	1.9600	69.4577	NOT CONNECTED	0.0000	500.0000	0.0000	0.0000	0.0000	0.0000	0.0672	0.0353	-1.8178	0.2646	-1.8334	0.1156	0.0000	0.0000	321.3973	0.0000	73.1759	1.8370	0.0051	69.4384
8.7773	0.0000	0.0010	0.0081	0.0000	0.6530	-0.0300	230.5610	0.0324	1.9900	69.3827	NOT CONNECTED	0.0000	500.0000	0.0000	0.0000	0.0000	0.0000	0.0672	0.0353	-1.8178	0.2646	-1.8334	0.1156	0.0000	0.0000	321.5056	0.0000	73.1095	1.8370	0.0049	69.3934
8.8631	0.0000	0.0010	0.0081	0.0000	0.6530	-0.0300	230.5610	0.0324	1.9900	69.3827	NOT CONNECTED	0.0000	500.0000	0.0000	0.0000	0.0000	0.0000	0.0672	0.0353	-1.8178	0.2646	-1.8334	0.1156	0.0000	0.0000	321.5056	0.0000	73.1095	1.8370	0.0049	69.3934
9.3835	0.0000	0.0010	0.0081	0.0000	0.6530	-0.0300	230.5930	0.0321	1.9800	69.2737	NOT CONNECTED	0.0000	500.0000	0.0000	0.0000	0.0000	0.0000	0.0672	0.0353	-1.8178	0.2646	-1.8334	0.1156	0.0000	0.0000	321.5421	0.0000	73.0426	1.8370	0.0049	69.3485
9.5935	0.0000	0.0010	0.0081	0.0000	0.6530	-0.0300	230.5930	0.0321	1.9800	69.2737	NOT CONNECTED	0.0000	500.0000	0.0000	0.0000	0.0000	0.0000	0.0672	0.0353	-1.8178	0.2646	-1.8334	0.1156	0.0000	0.0000	321.5421	0.0000	73.0426	1.8370	0.0049	69.3485
9.9723	0.0000	0.0010	0.0081	0.0000	0.6530	-0.0300	230.6580	0.0323	2.0000	69.2275	NOT CONNECTED	0.0000	500.0000	0.0000	0.0000	0.0000	0.0000	0.0672	0.0353	-1.8178	0.2646	-1.8334	0.1156	0.0000	0.0000	321.5596	0.0000	72.9829	1.8370	0.0048	69.3485
10.3374	0.0000	0.0010	0.0081	0.0000	0.6530	-0.0300	230.6580	0.0323	2.0000	69.2275	NOT CONNECTED	0.0000	500.0000	0.0000	0.0000	0.0000	0.0000	0.0672	0.0353	-1.8178	0.2646	-1.8334	0.1156	0.0000	0.0000	321.6125	0.0000	72.9227	1.8370	0.0051	69.3038
10.5633	0.0000	0.0010	0.0081	0.0000	0.6530	-0.0300	230.6580	0.0323	2.0000	69.2275	NOT CONNECTED	0.0000	500.0000	0.0000	0.0000	0.0000	0.0000	0.0672	0.0353	-1.8178	0.2646	-1.8334	0.1156	0.0000	0.0000	321.6125	0.0000	72.9227	1.8370	0.0051	69.3038
11.0783	0.0000	0.0010	0.0081	0.0000	0.6530	-0.0300	230.6880	0.0323	2.0000	69.1270	NOT CONNECTED	0.0000	500.0000	0.0000	0.0000	0.0000	0.0000	0.0672	0.0353	-1.8178	0.2646	-1.8334	0.1156	0.0000	0.0000	321.6639	0.0000	72.8643	1.8370	0.0054	69.3038
11.1682	0.0000	0.0010	0.0081	0.0000	0.6530	-0.0300	230.6880	0.0323	2.0000	69.1270	NOT CONNECTED	0.0000	500.0000	0.0000	0.0000	0.0000	0.0000	0.0672	0.0353	-1.8178	0.2646	-1.8334	0.1156	0.0000	0.0000	321.6639	0.0000	72.8643	1.8370	0.0054	69.3038
11.7746	0.0000	0.0010	0.0081	0.0000	0.6540	-0.0300	230.7420	0.0321	1.9900	69.0232	NOT CONNECTED	0.0000	500.0000	0.0000	0.0000	0.0000	0.0000	0.0672	0.0353	-1.8178	0.2646	-1.8334	0.1156	0.0000	0.0000	321.6977	0.0000	72.8077	1.8370	0.0050	69.2592
11.8120	0.0000	0.0010	0.0081	0.0000	0.6540	-0.0300	230.7420	0.0321	1.9900	69.0232	NOT CONNECTED	0.0000	500.0000	0.0000	0.0000	0.0000	0.0000	0.0672	0.0353	-1.8178	0.2646	-1.8334	0.1156	0.0000	0.0000	321.6977	0.0000	72.8077	1.8370	0.0050	69.2592
12.3805	0.0000	0.0010	0.0081	0.0000	0.6530	-0.0300	230.7650	0.0320	1.9900	68.9807	NOT CONNECTED	0.0000	500.0000	0.0000	0.0000	0.0000	0.0000	0.0672	0.0353	-1.8178	0.2646	-1.8334	0.1156	0.0000	0.0000	321.7654	0.0000	72.7529	1.8370	0.0051	69.2147
12.5569	0.0000	0.0010	0.0081	0.0000	0.6530	-0.0300	230.7650	0.0320	1.9900	68.9807	NOT CONNECTED	0.0000	500.0000	0.0000	0.0000	0.0000	0.0000	0.0672	0.0353	-1.8178	0.2646	-1.8334	0.1156	0.0000	0.0000	321.7654	0.0000	72.7529	1.8370	0.0051	69.2147
12.9873	0.0000	0.0010	0.0081	0.0000	0.6530	-0.0300	230.7980	0.0320	1.9800	68.8678	NOT CONNECTED	0.0000	500.0000	0.0000	0.0000	0.0000	0.0000	0.0672	0.0353	-1.8178	0.2646	-1.8334	0.1156	0.0000	0.0000	321.7451	0.0000	72.6997	1.8370	0.0048	69.2147
13.3049	0.0000	0.0010	0.0081	0.0000	0.6530	-0.0300	230.7980	0.0320	1.9800	68.8678	NOT CONNECTED	0.0000	500.0000	0.0000	0.0000	0.0000	0.0000	0.0672	0.0353	-1.8178	0.2646	-1.8334	0.1156	0.0000	0.0000	321.7695	0.0000	72.6483	1.8370	0.0052	69.1703
13.5914	0.0000	0.0010	0.0081	0.0000	0.6530	-0.0300	230.7980	0.0320	1.9800	68.8678	NOT CONNECTED	0.0000	500.0000	0.0000	0.0000	0.0000	0.0000	0.0672	0.0353	-1.8178	0.2646	-1.8334	0.1156	0.0000	0.0000	321.7695	0.0000	72.6483	1.8370	0.0052	69.1703
14.1972	0.0000	0.0010	0.0081	0.0000	0.6540	-0.0300	230.8090	0.0320	1.9900	68.7778	NOT CONNECTED	0.0000	500.0000	0.0000	0.0000	0.0000	0.0000	0.0672	0.0353	-1.8178	0.2646	-1.8334	0.1156	0.0000	0.0000	321.7411	0.0000	72.5963	1.8370	0.0051	69.1703
14.3039	0.0000	0.0010	0.0081	0.0000	0.6540	-0.0300	230.8090	0.0320	1.9900	68.7778	NOT CONNECTED	0.0000	500.0000	0.0000	0.0000	0.0000	0.0000	0.0672	0.0353	-1.8178	0.2646	-1.8334	0.1156	0.0000	0.0000	321.7411	0.0000	72.5963	1.8370	0.0051	69.1703
14.8028	0.0000	0.0010	0.0081	0.0000	0.6530	-0.0300	230.8190	0.0319	1.9800	68.6922	NOT CONNECTED	0.0000	500.0000	0.0000	0.0000	0.0000	0.0000	0.0672	0.0353	-1.8178	0.2646	-1.8334	0.1156	0.0000	0.0000	321.7695	0.0000	72.5480	1.8370	0.0049	69.1260
15.0425	0.0000	0.0010	0.0081	0.0000	0.6530	-0.0300	230.8190	0.0319	1.9800	68.6922	NOT CONNECTED	0.0000	500.0000	0.0000	0.0000	0.0000	0.0000	0.0672	0.0353	-1.8178	0.2646	-1.8334	0.1156	0.0000	0.0000	321.7695	0.0000	72.5480	1.8370	0.0049	69.1260
15.4246	0.0000	0.0010	0.0081	0.0000	0.6530	-0.0300	230.8130	0.0318	1.9900	68.6226	NOT CONNECTED	4000.0000	500.0000	0.0000	0.0000	0.0000	0.0000	0.0672	0.0353	-1.8178	0.2646	-1.8334	0.1156	0.0000	0.0000	321.7505	0.0000	72.4992	1.8370	0.0046	69.0819
15.7974	0.0000	0.0010	0.0081	0.0000	0.6530	-0.0300	230.8130	0.0318	1.9900	68.6226	NOT CONNECTED	4000.0000	500.0000	0.0000	0.0000	0.0000	0.0000	0.0672	0.0353	-1.8178	0.2646	-1.8334	0.1156	0.0000	0.0000	321.7289	0.0000	72.4538	1.8370	0.0049	69.0819
16.0300	0.0000	0.0010	0.0081	0.0000	0.6530	-0.0300	230.8130	0.0318	1.9900	68.6226	NOT CONNECTED	4000.0000	500.0000	0.0000	0.0000	0.0000	0.0000	0.0672	0.0353	-1.8178	0.2646	-1.8334	0.1156	0.0000	0.0000	321.7289	0.0000	72.4538	1.8370	0.0049	69.0819
16.5355	0.0000	0.0010	0.0081	0.0000	0.6540	-0.0300	230.8050	0.0316	1.9700	68.5551	NOT CONNECTED	4000.0000	500.0000	0.0000	0.0000	0.0000	0.0000	0.0672	0.0353	-1.8178	0.2646	-1.8334	0.1156	0.0000	0.0000	321.7018	0.0000	72.4079	1.8370	0.0048	69.0378
16.6518	0.0000	0.0010	0.0081	0.0000	0.6540	-0.0300	230.8050	0.0316	1.9700	68.5551	NOT CONNECTED	4000.0000	500.0000	0.0000	0.0000	0.0000	0.0000	0.0672	0.0353	-1.8178	0.2646	-1.8334	0.1156	0.0000	0.0000	321.7018	0.0000	72.4079	1.8370	0.0048	69.0378
17.2569	0.0000	0.0010	0.0081	0.0000	0.6530	-0.0300	230.7800	0.0315	1.9600	68.4998	NOT CONNECTED	4000.0000	500.0000	0.0000	0.0000	0.0000	0.0000	0.0672	0.0353	-1.8178	0.2646	-1.8334	0.1156	0.0000	0.0000	321.6612	0.0000	72.3652	1.8370	0.0049	69.0378
17.3066	0.0000	0.0010	0.0081	0.0000	0.6530	-0.0300	230.7800	0.0315	1.9600	68.4998	NOT CONNECTED	4000.0000	500.0000	0.0000	0.0000	0.0000	0.0000	0.0672	0.0353	-1.8178	0.2646	-1.8334	0.1156	0.0000	0.0000	321.6612	0.0000	72.3652	1.8370	0.0049	69.0378
17.8622	0.0000	0.0010	0.0081	0.0000	0.6530	-0.0300	230.7590	0.0314	1.9500	68.3996	NOT CONNECTED	4000.0000	500.0000	0.0000	0.0000	0.0000	0.0000	0.0672	0.0353	-1.8178	0.2646	-1.8334	0.1156	0.0000	0.0000	321.6801	0.0000	72.3238	1.8370	0.0049	68.9939
18.0413	0.0000	0.0010	0.0081	0.0000	0.6530	-0.0300	230.7590	0.0314	1.9500	68.3996	NOT CONNECTED	4000.0000	500.0000	0.0000	0.0000	0.0000	0.0000	0.0672	0.0353	-1.8178	0.2646	-1.8334	0.1156	0.0000	0.0000	321.6801	0.0000	72.3238	1.8370	0.0049	68.9939
18.4673	0.0000	0.0010	0.0081	0.0000	0.6530	-0.0300	230.7370	0.0311	1.9400	68.3213	NOT CONNECTED	4000.0000	500.0000	0.0000	0.0000	0.0000	0.0000	0.0672	0.0353	-1.8178	0.2646	-1.8334	0.1156	0.0000	0.0000	321.5678	0.0000	72.2820	1.8370	0.0048	68.9501
18.7984	0.0000	0.0010	0.0081	0.0000	0.6530	-0.0300	230.7370	0.0311	1.9400	68.3213	NOT CONNECTED	4000.0000	500.0000	0.0000	0.0000	0.0000	0.0000	0.0672	0.0353	-1.8178	0.2646	-1.8334	0.1156	0.0000	0.0000	321.5407	0.0000	72.2429	1.8370	0.0050	68.9501
19.0740	0.0000	0.0010	0.0081	0.0000	0.6530	-0.0300	230.7370	0.0311	1.9400	68.3213	NOT CONNECTED	4000.0000	500.0000	0.0000	0.0000	0.0000	0.0000	0.0672	0.0353	-1.8178	0.2646	-1.8334	0.1156	0.0000	0.0000	321.5407	0.0000	72.2429	1.8370	0.0050	68.9501
19.5363	0.0000	0.0010	0.0081	0.0000	0.6530	-0.0300	230.6840	0.0311	1.9400	68.2838	NOT CONNECTED	4000.0000	500.0000	0.0000	0.0000	0.0000	0.0000	0.0672	0.0353	-1.8178	0.2646	-1.8334	0.1156	0.0000	0.0000	321.5407	0.0000	72.2429	1.8370	0.0050	68.9501
20.2975	89.0000	-0.1180	0.0081	0.0000	0.6530	-0.0300	230.6570	0.0311	1.9400	68.1946	NOT CONNECTED	4000.0000	500.0000	0.0000	-5.9918	0.0952	0.0000	0.1182	0.0353	2.0346	0.1349	1.9906	-0.0402	14.0700	0.0000	313.7316	43.2699	72.1999	2.0679	1.4007	68.9064
20.9033	0.0000	-0.0000	1.3643	0.0000	13.8150	39.6500	230.5610	0.4855	54.4400	68.2337	NOT CONNECTED	4000.0000	500.0000	0.0000	0.0199	0.0374	0.0000	0.1315	0.0353	3.0380	0.0473	3.0202	0.1140	20.2649	0.0000	308.4132	91.8679	72.6104	3.0223	1.7574	68.8646
21.0404	0.0000	-0.0000	1.3643	0.0000	13.8150	39.6500	230.5610	0.4855	54.4400	68.2337	NOT CONNECTED	4000.0000	500.0000	0.0000	0.0199	0.0374	0.0000	0.1315	0.0353	3.0380	0.0473	3.0202	0.1140	20.2649	0.0000	308.4132	91.8679	72.6104	3.0223	1.7574	68.8646
21.5094	0.0000	-0.0020	2.0228	0.0000	20.2090	87.9000	230.4890	0.9055	111.9800	68.3125	NOT CONNECTED	4000.0000	500.0000	0.0000	-0.2448	0.0365	0.0000	0.1317	0.0353	2.8855	0.0447	3.0638	0.0910	16.5849	0.0000	308.6315	89.2993	73.4544	3.0504	2.1517	69.0498
21.7954	0.0000	-0.0020	2.0228	0.0000	20.2090	87.9000	230.4890	0.9055	111.9800	68.3125	NOT CONNECTED	4000.0000	500.0000	0.0000	-0.2448	0.0365	0.0000	0.1317	0.0353	2.8855	0.0447	3.0638	0.0910	16.5849	0.0000	308.6315	89.2993	73.4544	3.0504	2.1517	69.0498
22.1179	0.0000	-0.0020	2.0228	0.0000	20.2090	87.9000	230.4890	0.9055	111.9800	68.3125	NOT CONNECTED	4000.0000	500.0000	0.0000	-2.5999	0.0237	0.0250	0.0784	0.0806	0.9180	0.0507	0.7602	0.0716	7.2183	0.5022	319.0435	9.5751	72.8274	0.7466	0.6707	69.0498
22.5386	0.0000	-0.0170	0.6576	0.0000	7.1380	9.1900	230.5360	0.1875	17.3500	68.3596	NOT CONNECTED	4000.0000	500.0000	0.0000	198.4734	0.1843	0.2291	0.0807	0.0794	0.8275	0.3862	0.8110	0.5108	4.7666	11.2188	317.5203	14.4141	72.8130	1.0176	0.6824	69.3005
22.7071	0.0000	-0.0170	0.6576	0.0000	7.1380	9.1900	230.5360	0.1875	17.3500	68.3596	NOT CONNECTED	4000.0000	500.0000	0.0000	198.4734	0.1843	0.2291	0.0807	0.0794	0.8275	0.3862	0.8110	0.5108	4.7666	11.2188	317.5203	14.4141	72.8130	1.0176	0.6824	69.3005
23.3018	350.0000	-0.0950	0.5430	0.0000	13.3600	9.1400	230.4510	0.1872	17.4100	68.4256	NOT CONNECTED	4000.0000	500.0000	0.0000	508.4662	0.1473	0.1871	0.0710	0.0710	0.3091	0.3528	0.2114	0.3335	1.9892	18.3853	318.4777	8.7188	72.7757	0.4502	0.2804	69.3005
23.3128	350.0000	-0.0950	0.5430	0.0000	13.3600	9.1400	230.4510	0.1872	17.4100	68.4256	NOT CONNECTED	4000.0000	500.0000	0.0000	508.4662	0.1473	0.1871	0.0710	0.0710	0.3091	0.3528	0.2114	0.3335	1.9892	18.3853	318.4777	8.7188	72.7757	0.4502	0.2804	69.3005
23.9188	736.0000	-0.1060	0.2923	0.0000	20.1170	7.9600	230.4350	0.1598	14.5000	68.4557	NOT CONNECTED	4000.0000	500.0000	0.0000	822.1455	0.1271	0.1171	0.0709	0.0708	0.3006	0.2998	0.2889	0.3269	2.0130	27.1766	317.7623	13.1701	72.6928	0.4375	0.3179	69.2944
24.0448	736.0000	-0.1060	0.2923	0.0000	20.1170	7.9600	230.4350	0.1598	14.5000	68.4557	NOT CONNECTED	4000.0000	500.0000	0.0000	822.1455	0.1271	0.1171	0.0709	0.0708	0.3006	0.2998	0.2889	0.3269	2.0130	27.1766	317.7623	13.1701	72.6928	0.4375	0.3179	69.2944
24.5235	1105.0000	-0.1090	0.3330	0.0000	38.2400	15.5300	230.4080	0.2360	23.1600	68.4585	NOT CONNECTED	4000.0000	500.0000	0.0000	1116.1058	0.1205	0.1717	0.0708	0.0708	0.3561	0.2837	0.3331	0.3983	2.1204	36.3956	316.9239	18.0986	72.6189	0.5259	0.3321	69.2639
24.8132	1105.0000	-0.1090	0.3330	0.0000	38.2400	15.5300	230.4080	0.2360	23.1600	68.4585	NOT CONNECTED	4000.0000	500.0000	0.0000	1116.1058	0.1205	0.1717	0.0708	0.0708	0.3561	0.2837	0.3331	0.3983	2.1204	36.3956	316.9239	18.0986	72.6189	0.5259	0.3321	69.2639
25.1295	1105.0000	-0.1090	0.3330	0.0000	38.2400	15.5300	230.4080	0.2360	23.1600	68.4585	NOT CONNECTED	4000.0000	500.0000	0.0000	1429.6538	0.1280	0.1298	0.0709	0.0708	0.3523	0.2891	0.3035	0.3863	2.0627	45.3328	316.2654	22.5930	72.5513	0.4574	0.3434	69.2639
25.5456	1484.0000	-0.1100	0.3432	0.0000	47.4030	19.4800	230.4020	0.2728	27.6400	68.4157	NOT CONNECTED	4000.0000	500.0000	0.0000	1729.3622	0.1534	0.1303	0.0709	0.0709	0.3049	0.3606	0.3075	0.4046	2.0234	54.5239	315.4720	27.2605	72.4887	0.4886	0.3554	69.2400
25.7360	1484.0000	-0.1100	0.3432	0.0000	47.4030	19.4800	230.4020	0.2728	27.6400	68.4157	NOT CONNECTED	4000.0000	500.0000	0.0000	1729.3622	0.1534	0.1303	0.0709	0.0709	0.3049	0.3606	0.3075	0.4046	2.0234	54.5239	315.4720	27.2605	72.4887	0.4886	0.3554	69.2400
26.3222	1856.0000	-0.1100	0.3601	0.0000	65.6190	27.7700	230.4030	0.3471	36.7500	68.3940	NOT CONNECTED	4000.0000	500.0000	0.0000	2030.2261	0.1314	0.1419	0.0709	0.0708	0.3668	0.3086	0.2628	0.4240	2.3407	63.8066	314.8654	32.8580	72.4304	0.4465	0.3626	69.2212
26.3410	1856.0000	-0.1100	0.3601	0.0000	65.6190	27.7700	230.4030	0.3471	36.7500	68.3940	NOT CONNECTED	4000.0000	500.0000	0.0000	2030.2261	0.1314	0.1419	0.0709	0.0708	0.3668	0.3086	0.2628	0.4240	2.3407	63.8066	314.8654	32.8580	72.4304	0.4465	0.3626	69.2212
26.9473	2241.0000	-0.1100	0.3667	0.0000	74.6330	32.0500	230.4110	0.3841	41.4800	68.3359	NOT CONNECTED	4000.0000	500.0000	0.0000	2334.8183	0.1461	0.1344	0.0708	0.0709	0.4193	0.3446	0.4295	0.3797	2.4417	72.0796	314.1712	38.7143	72.3737	0.5649	0.3689	69.2212
27.0618	2241.0000	-0.1100	0.3667	0.0000	74.6330	32.0500	230.4110	0.3841	41.4800	68.3359	NOT CONNECTED	4000.0000	500.0000	0.0000	2334.8183	0.1461	0.1344	0.0708	0.0709	0.4193	0.3446	0.4295	0.3797	2.4417	72.0796	314.1712	38.7143	72.3737	0.5649	0.3689	69.2212
27.5524	2614.0000	-0.1100	0.3788	0.0000	92.8990	41.0700	230.4440	0.4593	51.2500	68.2815	NOT CONNECTED	4000.0000	500.0000	0.0000	2626.8475	0.1398	0.1773	0.0709	0.0709	0.4285	0.3324	0.4007	0.3990	2.7712	81.6916	313.4679	43.9256	72.3221	0.6177	0.3784	69.2071
27.8171	2614.0000	-0.1100	0.3788	0.0000	92.8990	41.0700	230.4440	0.4593	51.2500	68.2815	NOT CONNECTED	4000.0000	500.0000	0.0000	2626.8475	0.1398	0.1773	0.0709	0.0709	0.4285	0.3324	0.4007	0.3990	2.7712	81.6916	313.4679	43.9256	72.3221	0.6177	0.3784	69.2071
28.1585	2614.0000	-0.1100	0.3788	0.0000	92.8990	41.0700	230.4440	0.4593	51.2500	68.2815	NOT CONNECTED	4000.0000	500.0000	0.0000	2939.0982	0.1316	0.1416	0.0708	0.0708	0.3757	0.3169	0.4136	0.4253	3.1575	91.3156	312.9361	49.1250	72.2739	0.5959	0.3848	69.2071
28.5557	2985.0000	-0.1100	0.3852	0.0000	102.1170	46.1100	230.4700	0.5000	56.6900	68.1730	NOT CONNECTED	4000.0000	500.0000	0.0000	3236.1461	0.1666	0.1627	0.0709	0.0709	0.3494	0.4032	0.2785	0.4417	1.9683	99.9951	312.2725	54.9805	72.2285	0.5368	0.3947	69.1980
28.7641	2985.0000	-0.1100	0.3852	0.0000	102.1170	46.1100	230.4700	0.5000	56.6900	68.1730	NOT CONNECTED	4000.0000	500.0000	0.0000	3236.1461	0.1666	0.1627	0.0709	0.0709	0.3494	0.4032	0.2785	0.4417	1.9683	99.9951	312.2725	54.9805	72.2285	0.5368	0.3947	69.1980
29.3240	3360.0000	-0.1110	0.3967	0.0000	120.4220	56.1700	230.5310	0.5795	67.4500	68.1470	NOT CONNECTED	4000.0000	500.0000	0.0000	3549.2501	0.1403	0.1324	0.0708	0.0708	0.4406	0.3204	0.3794	0.4097	2.4139	108.7405	311.7357	61.7333	72.1842	0.5689	0.4004	69.1941
29.3696	3360.0000	-0.1110	0.3967	0.0000	120.4220	56.1700	230.5310	0.5795	67.4500	68.1470	NOT CONNECTED	4000.0000	500.0000	0.0000	3549.2501	0.1403	0.1324	0.0708	0.0708	0.4406	0.3204	0.3794	0.4097	2.4139	108.7405	311.7357	61.7333	72.1842	0.5689	0.4004	69.1941
29.9748	3743.0000	-0.1120	0.4020	0.0000	129.4900	61.3200	230.5620	0.6198	72.9400	68.0439	NOT CONNECTED	4000.0000	500.0000	0.0000	3837.7174	0.1634	0.1809	0.0710	0.0709	0.4699	0.3670	0.4088	0.4355	2.2241	117.2605	311.2010	68.3424	72.1441	0.6571	0.4055	69.1941
30.0626	3743.0000	-0.1120	0.4020	0.0000	129.4900	61.3200	230.5620	0.6198	72.9400	68.0439	NOT CONNECTED	4000.0000	500.0000	0.0000	3837.7174	0.1634	0.1809	0.0710	0.0709	0.4699	0.3670	0.4088	0.4355	2.2241	117.2605	311.2010	68.3424	72.1441	0.6571	0.4055	69.1941
30.5806	4018.0000	-0.0390	0.3879	0.0000	147.1640	61.5700	230.6370	0.6418	74.7700	67.9432	NOT CONNECTED	4000.0000	500.0000	0.0000	4016.3698	0.0616	0.0541	0.0706	0.0706	0.3617	0.1545	0.3590	0.1268	2.4694	119.8258	315.3798	29.1968	72.1053	0.3594	0.3358	69.1955
30.8154	4018.0000	-0.0390	0.3879	0.0000	147.1640	61.5700	230.6370	0.6418	74.7700	67.9432	NOT CONNECTED	4000.0000	500.0000	0.0000	4016.3698	0.0616	0.0541	0.0706	0.0706	0.3617	0.1545	0.3590	0.1268	2.4694	119.8258	315.3798	29.1968	72.1053	0.3594	0.3358	69.1955
31.1860	4018.0000	-0.0390	0.3879	0.0000	147.1640	61.5700	230.6370	0.6418	74.7700	67.9432	NOT CONNECTED	4000.0000	500.0000	0.0000	3999.1258	0.0581	0.0790	0.0707	0.0706	0.3342	0.1504	0.3504	0.1948	2.1057	120.6627	315.0568	31.1308	72.0557	0.3893	0.3268	69.1955
31.5570	3999.0000	-0.0470	0.3200	0.0000	146.1630	32.0800	230.6890	0.3920	42.3700	67.8945	NOT CONNECTED	4000.0000	500.0000	0.0000	4004.9857	0.0835	0.0547	0.0706	0.0707	0.3308	0.2111	0.3770	0.2303	1.9024	120.6046	315.0405	31.3268	72.0055	0.4153	0.3298	69.1928
31.7922	3999.0000	-0.0470	0.3200	0.0000	146.1630	32.0800	230.6890	0.3920	42.3700	67.8945	NOT CONNECTED	4000.0000	500.0000	0.0000	4004.9857	0.0835	0.0547	0.0706	0.0707	0.3308	0.2111	0.3770	0.2303	1.9024	120.6046	315.0405	31.3268	72.0055	0.4153	0.3298	69.1928
32.3250	4002.0000	-0.0480	0.3230	0.0000	146.0360	33.7100	230.7340	0.4047	44.0500	67.8011	NOT CONNECTED	4000.0000	500.0000	0.0000	4004.9857	0.0835	0.0547	0.0706	0.0707	0.3308	0.2111	0.3770	0.2303	1.9024	120.6046	315.0405	31.3268	72.0055	0.4153	0.3298	69.1928
32.9078	4001.0000	-0.0490	0.3225	0.0000	146.0020	33.7900	230.7560	0.4050	44.1600	67.7516	NOT CONNECTED	4000.0000	500.0000	0.0000	3997.5789	0.0546	0.0797	0.0707	0.0706	0.3777	0.1274	0.4119	0.1838	2.2392	119.5380	315.0835	31.9515	71.9214	0.3895	0.3207	69.1883
33.0762	4001.0000	-0.0490	0.3225	0.0000	146.0020	33.7900	230.7560	0.4050	44.1600	67.7516	NOT CONNECTED	4000.0000	500.0000	0.0000	3997.5789	0.0546	0.0797	0.0707	0.0706	0.3777	0.1274	0.4119	0.1838	2.2392	119.5380	315.0835	31.9515	71.9214	0.3895	0.3207	69.1883
33.5133	4000.0000	-0.0480	0.3220	0.0000	145.9870	33.5200	230.7910	0.4025	43.9100	67.6728	NOT CONNECTED	4000.0000	500.0000	0.0000	3996.2664	0.0551	0.0843	0.0707	0.0706	0.4038	0.1271	0.4120	0.1604	1.6643	119.4806	315.0768	31.3884	71.8742	0.4851	0.3266	69.1846
33.9273	4000.0000	-0.0480	0.3220	0.0000	145.9870	33.5200	230.7910	0.4025	43.9100	67.6728	NOT CONNECTED	4000.0000	500.0000	0.0000	3995.1220	0.0706	0.0882	0.0707	0.0707	0.4098	0.1690	0.4503	0.1737	2.0460	120.2782	315.0701	31.5278	71.8317	0.4187	0.3274	69.1846
34.1185	4000.0000	-0.0480	0.3220	0.0000	145.9870	33.5200	230.7910	0.4025	43.9100	67.6728	NOT CONNECTED	4000.0000	500.0000	0.0000	3995.1220	0.0706	0.0882	0.0707	0.0707	0.4098	0.1690	0.4503	0.1737	2.0460	120.2782	315.0701	31.5278	71.8317	0.4187	0.3274	69.1846
34.6637	4001.0000	-0.0490	0.3219	0.0000	145.9760	33.4900	230.7980	0.4019	43.8000	67.5909	NOT CONNECTED	4000.0000	500.0000	0.0000	3999.5204	0.0899	0.0727	0.0707	0.0707	0.4376	0.1998	0.4127	0.2605	3.1415	120.7195	314.9862	31.5042	71.7903	0.5129	0.3270	69.1799
34.7248	4001.0000	-0.0490	0.3219	0.0000	145.9760	33.4900	230.7980	0.4019	43.8000	67.5909	NOT CONNECTED	4000.0000	500.0000	0.0000	3999.5204	0.0899	0.0727	0.0707	0.0707	0.4376	0.1998	0.4127	0.2605	3.1415	120.7195	314.9862	31.5042	71.7903	0.5129	0.3270	69.1799
35.3305	4001.0000	-0.0500	0.3223	0.0000	145.9890	33.6100	230.7980	0.4025	44.0100	67.5590	NOT CONNECTED	4000.0000	500.0000	0.0000	4001.5618	0.0575	0.0656	0.0706	0.0706	0.4085	0.1384	0.3596	0.2115	2.9158	120.8476	315.0066	31.6257	71.7503	0.4779	0.3273	69.1754
35.4049	4001.0000	-0.0500	0.3223	0.0000	145.9890	33.6100	230.7980	0.4025	44.0100	67.5590	NOT CONNECTED	4000.0000	500.0000	0.0000	4001.5618	0.0575	0.0656	0.0706	0.0706	0.4085	0.1384	0.3596	0.2115	2.9158	120.8476	315.0066	31.6257	71.7503	0.4779	0.3273	69.1754
35.9359	4000.0000	-0.0470	0.3221	0.0000	145.9810	33.5700	230.7930	0.4016	43.9900	67.4569	NOT CONNECTED	4000.0000	500.0000	0.0000	4003.6114	0.0864	0.0584	0.0707	0.0707	0.4279	0.1845	0.3858	0.2699	2.1419	119.7933	315.0244	32.0129	71.7098	0.4733	0.3148	69.1754
36.2612	4000.0000	-0.0470	0.3221	0.0000	145.9810	33.5700	230.7930	0.4016	43.9900	67.4569	NOT CONNECTED	4000.0000	500.0000	0.0000	4004.1473	0.0563	0.0591	0.0706	0.0706	0.3409	0.1194	0.3219	0.2358	2.8224	120.4828	314.7285	33.1815	71.6707	0.3767	0.3307	69.1716
36.5411	4000.0000	-0.0470	0.3221	0.0000	145.9810	33.5700	230.7930	0.4016	43.9900	67.4569	NOT CONNECTED	4000.0000	500.0000	0.0000	4004.1473	0.0563	0.0591	0.0706	0.0706	0.3409	0.1194	0.3219	0.2358	2.8224	120.4828	314.7285	33.1815	71.6707	0.3767	0.3307	69.1716
36.9951	4000.0000	-0.0500	0.3244	0.0000	146.0520	34.6400	230.7660	0.4097	45.0400	67.4382	NOT CONNECTED	4000.0000	500.0000	0.0000	3993.2146	0.0838	0.1011	0.0708	0.0707	0.3480	0.2047	0.4379	0.2034	2.4651	119.9882	314.5014	34.5221	71.6348	0.3854	0.3322	69.1716
37.1317	4000.0000	-0.0500	0.3244	0.0000	146.0520	34.6400	230.7660	0.4097	45.0400	67.4382	NOT CONNECTED	4000.0000	500.0000	0.0000	3993.2146	0.0838	0.1011	0.0708	0.0707	0.3480	0.2047	0.4379	0.2034	2.4651	119.9882	314.5014	34.5221	71.6348	0.3854	0.3322	69.1716
37.7366	3998.0000	-0.0520	0.3318	0.0000	146.1980	37.8000	230.7180	0.4343	48.3000	67.3502	NOT CONNECTED	4000.0000	500.0000	0.0000	4005.8839	0.1201	0.0626	0.0707	0.0708	0.4359	0.2805	0.4191	0.3330	3.1177	121.0448	313.9394	39.6487	71.6018	0.5161	0.3380	69.1671
37.8756	3998.0000	-0.0520	0.3318	0.0000	146.1980	37.8000	230.7180	0.4343	48.3000	67.3502	NOT CONNECTED	4000.0000	500.0000	0.0000	4005.8839	0.1201	0.0626	0.0707	0.0708	0.4359	0.2805	0.4191	0.3330	3.1177	121.0448	313.9394	39.6487	71.6018	0.5161	0.3380	69.1671
38.3427	3998.0000	-0.0520	0.3318	0.0000	146.1980	37.8000	230.7180	0.4343	48.3000	67.3502	NOT CONNECTED	4000.0000	500.0000	0.0000	3999.7608	0.0967	0.0959	0.0707	0.0707	0.3546	0.2248	0.3342	0.2380	2.7633	121.1829	313.1507	44.3511	71.5681	0.4801	0.3472	69.1633
38.9484	3995.0000	-0.0790	0.3479	0.0000	146.5350	46.3200	230.6510	0.5008	57.1600	67.2632	NOT CONNECTED	4000.0000	500.0000	0.0000	4000.5106	0.1398	0.1071	0.0708	0.0709	0.4778	0.3262	0.3419	0.2722	1.7253	120.1993	312.5471	51.9583	71.5384	0.4503	0.3577	69.1633
39.1385	3995.0000	-0.0790	0.3479	0.0000	146.5350	46.3200	230.6510	0.5008	57.1600	67.2632	NOT CONNECTED	4000.0000	500.0000	0.0000	4000.5106	0.1398	0.1071	0.0708	0.0709	0.4778	0.3262	0.3419	0.2722	1.7253	120.1993	312.5471	51.9583	71.5384	0.4503	0.3577	69.1633
39.5539	3995.0000	-0.0790	0.3479	0.0000	146.5350	46.3200	230.6510	0.5008	57.1600	67.2632	NOT CONNECTED	4000.0000	500.0000	0.0000	4001.8894	0.1045	0.1160	0.0708	0.0708	0.4442	0.2406	0.3721	0.3921	2.5149	120.7775	311.9046	57.0238	71.5102	0.4897	0.3759	69.1613
39.9985	3997.0000	-0.1060	0.3715	0.0000	147.0040	56.2800	230.5780	0.5774	67.5900	67.1927	NOT CONNECTED	4000.0000	500.0000	0.0000	4005.2500	0.1611	0.1229	0.0707	0.0709	0.3935	0.3901	0.3724	0.4220	1.8263	121.5196	310.8634	67.8400	71.4865	0.5781	0.3943	69.1613
40.1591	3997.0000	-0.1060	0.3715	0.0000	147.0040	56.2800	230.5780	0.5774	67.5900	67.1927	NOT CONNECTED	4000.0000	500.0000	0.0000	4005.2500	0.1611	0.1229	0.0707	0.0709	0.3935	0.3901	0.3724	0.4220	1.8263	121.5196	310.8634	67.8400	71.4865	0.5781	0.3943	69.1613
40.7472	3998.0000	-0.1250	0.3873	0.0000	147.2660	62.4800	230.5400	0.6253	74.0900	67.1459	NOT CONNECTED	4000.0000	500.0000	0.0000	3994.6397	0.1693	0.1830	0.0709	0.0710	0.4400	0.4098	0.3368	0.4989	2.2819	122.0494	309.8083	77.6898	71.4669	0.5917	0.4289	69.1600
40.7642	3998.0000	-0.1250	0.3873	0.0000	147.2660	62.4800	230.5400	0.6253	74.0900	67.1459	NOT CONNECTED	4000.0000	500.0000	0.0000	3994.6397	0.1693	0.1830	0.0709	0.0710	0.4400	0.4098	0.3368	0.4989	2.2819	122.0494	309.8083	77.6898	71.4669	0.5917	0.4289	69.1600
41.3699	3999.0000	-0.1570	0.4336	0.0000	148.0070	79.2500	230.4640	0.7583	91.8600	67.1054	NOT CONNECTED	4000.0000	500.0000	0.0000	3985.5167	0.1647	0.2322	0.0711	0.0709	0.4375	0.3824	0.3349	0.4768	2.6990	122.4355	309.3749	84.1271	71.4534	0.5668	0.4450	69.1619
41.4919	3999.0000	-0.1570	0.4336	0.0000	148.0070	79.2500	230.4640	0.7583	91.8600	67.1054	NOT CONNECTED	4000.0000	500.0000	0.0000	3985.5167	0.1647	0.2322	0.0711	0.0709	0.4375	0.3824	0.3349	0.4768	2.6990	122.4355	309.3749	84.1271	71.4534	0.5668	0.4450	69.1619
41.9607	4000.0000	-0.1660	0.4602	0.0000	148.4660	88.0700	230.4110	0.8267	101.2600	67.0433	NOT CONNECTED	4000.0000	500.0000	0.0000	3993.9239	0.1881	0.2154	0.0710	0.0710	0.3479	0.4503	0.3093	0.5089	1.8893	121.7265	308.9448	87.4175	71.4435	0.6221	0.4547	69.1619
42.3320	4000.0000	-0.1660	0.4602	0.0000	148.4660	88.0700	230.4110	0.8267	101.2600	67.0433	NOT CONNECTED	4000.0000	500.0000	0.0000	3985.4185	0.2623	0.2685	0.0712	0.0713	0.4361	0.6302	0.2946	0.7024	2.3418	122.5544	307.8825	101.5878	71.4368	0.6976	0.5015	69.1671
42.5663	4000.0000	-0.1660	0.4602	0.0000	148.4660	88.0700	230.4110	0.8267	101.2600	67.0433	NOT CONNECTED	4000.0000	500.0000	0.0000	3985.4185	0.2623	0.2685	0.0712	0.0713	0.4361	0.6302	0.2946	0.7024	2.3418	122.5544	307.8825	101.5878	71.4368	0.6976	0.5015	69.1671
43.0696	3996.0000	-0.2090	0.4913	0.0000	148.8540	97.9500	230.3850	0.8994	111.7200	67.0500	0.0000	4000.0000	500.0000	0.0000	3997.5169	0.2211	0.2445	0.0711	0.0711	0.3913	0.5205	0.3642	0.6340	3.1004	123.6506	307.5061	107.5557	71.4384	0.7729	0.5176	69.1671
43.1717	3996.0000	-0.2090	0.4913	0.0000	148.8540	97.9500	230.3850	0.8994	111.7200	67.0500	0.0000	4000.0000	500.0000	0.0000	3997.5169	0.2211	0.2445	0.0711	0.0711	0.3913	0.5205	0.3642	0.6340	3.1004	123.6506	307.5061	107.5557	71.4384	0.7729	0.5176	69.1671
43.7775	3997.0000	-0.2200	0.5282	0.0000	149.4780	109.4100	230.3670	0.9867	124.0500	66.9907	0.0000	4000.0000	500.0000	0.0000	4005.4240	0.2410	0.2280	0.0710	0.0711	0.3986	0.5654	0.2807	0.6041	1.9052	122.9565	307.2884	110.4798	71.4440	0.6863	0.5305	69.1755
43.8146	3997.0000	-0.2200	0.5282	0.0000	149.4780	109.4100	230.3670	0.9867	124.0500	66.9907	0.0000	4000.0000	500.0000	0.0000	4005.4240	0.2410	0.2280	0.0710	0.0711	0.3986	0.5654	0.2807	0.6041	1.9052	122.9565	307.2884	110.4798	71.4440	0.6863	0.5305	69.1755
44.3821	3999.0000	-0.2200	0.5382	0.0000	149.6780	112.2900	230.3670	1.0094	127.1700	66.9611	0.0000	4000.0000	500.0000	0.0000	3999.3989	0.2934	0.2575	0.0712	0.0715	0.4755	0.6756	0.2590	0.7994	3.6542	124.9546	307.1621	114.8460	71.4520	0.7483	0.5457	69.1870
44.5646	3999.0000	-0.2200	0.5382	0.0000	149.6780	112.2900	230.3670	1.0094	127.1700	66.9611	0.0000	4000.0000	500.0000	0.0000	3999.3989	0.2934	0.2575	0.0712	0.0715	0.4755	0.6756	0.2590	0.7994	3.6542	124.9546	307.1621	114.8460	71.4520	0.7483	0.5457	69.1870
44.9729	3996.0000	-0.2240	0.5575	0.0000	150.0250	118.0500	230.3920	1.0549	133.2400	66.9618	0.0000	4000.0000	500.0000	0.0000	4008.8969	0.2630	0.2322	0.0712	0.0712	0.4380	0.6078	0.3642	0.7203	1.4647	124.2662	307.1255	118.0496	71.4622	0.8844	0.5494	69.1870
45.3174	3996.0000	-0.2240	0.5575	0.0000	150.0250	118.0500	230.3920	1.0549	133.2400	66.9618	0.0000	4000.0000	500.0000	0.0000	4000.7511	0.2608	0.2661	0.0712	0.0712	0.3280	0.6298	0.1897	0.7123	2.4678	123.3036	307.1781	118.6739	71.4731	0.7195	0.5621	69.2013
45.5785	3996.0000	-0.2240	0.5575	0.0000	150.0250	118.0500	230.3920	1.0549	133.2400	66.9618	0.0000	4000.0000	500.0000	0.0000	4000.7511	0.2608	0.2661	0.0712	0.0712	0.3280	0.6298	0.1897	0.7123	2.4678	123.3036	307.1781	118.6739	71.4731	0.7195	0.5621	69.2013
46.0546	4000.0000	-0.2310	0.5642	0.0000	150.1840	119.9300	230.4140	1.0703	135.1500	66.9458	1.0000	4000.0000	500.0000	0.0000	4006.2050	0.2776	0.2497	0.0713	0.0714	0.5096	0.6571	0.4439	0.8049	2.3967	124.8095	307.3326	120.6874	71.4862	0.8661	0.5659	69.2013
46.1841	4000.0000	-0.2310	0.5642	0.0000	150.1840	119.9300	230.4140	1.0703	135.1500	66.9458	1.0000	4000.0000	500.0000	0.0000	4006.2050	0.2776	0.2497	0.0713	0.0714	0.5096	0.6571	0.4439	0.8049	2.3967	124.8095	307.3326	120.6874	71.4862	0.8661	0.5659	69.2013
46.7897	3998.0000	-0.2380	0.5703	0.0000	150.3320	121.6200	230.4830	1.0859	136.8200	66.9016	1.0000	4000.0000	500.0000	0.0000	4006.3898	0.2877	0.2507	0.0712	0.0714	0.4519	0.6705	0.2519	0.7396	3.1954	124.1460	307.4092	120.6394	71.5004	0.8002	0.5703	69.2160
46.9386	3998.0000	-0.2380	0.5703	0.0000	150.3320	121.6200	230.4830	1.0859	136.8200	66.9016	1.0000	4000.0000	500.0000	0.0000	4006.3898	0.2877	0.2507	0.0712	0.0714	0.4519	0.6705	0.2519	0.7396	3.1954	124.1460	307.4092	120.6394	71.5004	0.8002	0.5703	69.2160
47.3952	4002.0000	-0.2350	0.5710	0.0000	150.2950	121.8300	230.5220	1.0904	137.2100	66.9174	1.0000	4000.0000	500.0000	0.0000	4000.9469	0.2629	0.2703	0.0713	0.0712	0.4173	0.6183	0.3326	0.7945	2.9660	124.7391	307.6204	120.3662	71.5136	0.8195	0.5703	69.2315
47.6764	4002.0000	-0.2350	0.5710	0.0000	150.2950	121.8300	230.5220	1.0904	137.2100	66.9174	1.0000	4000.0000	500.0000	0.0000	4000.9469	0.2629	0.2703	0.0713	0.0712	0.4173	0.6183	0.3326	0.7945	2.9660	124.7391	307.6204	120.3662	71.5136	0.8195	0.5703	69.2315
48.0006	4002.0000	-0.2350	0.5710	0.0000	150.2950	121.8300	230.5220	1.0904	137.2100	66.9174	1.0000	4000.0000	500.0000	0.0000	4006.4358	0.2954	0.2506	0.0712	0.0715	0.3981	0.7017	0.3331	0.6245	2.0519	122.0822	307.8249	120.2128	71.5261	0.7902	0.5596	69.2315
48.4159	3999.0000	-0.2340	0.5702	0.0000	150.2990	121.5800	230.6020	1.0921	136.8800	66.9081	1.0000	4000.0000	500.0000	0.0000	4005.8690	0.2860	0.2520	0.0713	0.0714	0.4590	0.6577	0.1656	0.8339	4.8889	124.4041	308.0681	120.4383	71.5363	0.7117	0.5676	69.2478
48.6066	3999.0000	-0.2340	0.5702	0.0000	150.2990	121.5800	230.6020	1.0921	136.8800	66.9081	1.0000	4000.0000	500.0000	0.0000	4005.8690	0.2860	0.2520	0.0713	0.0714	0.4590	0.6577	0.1656	0.8339	4.8889	124.4041	308.0681	120.4383	71.5363	0.7117	0.5676	69.2478
49.1566	3996.0000	-0.2320	0.5691	0.0000	150.2830	121.2700	230.6390	1.0916	136.5300	66.8824	1.0000	4000.0000	500.0000	0.0000	3996.6548	0.2948	0.2843	0.0714	0.0715	0.3310	0.7023	0.2024	0.7352	2.7547	123.4523	308.2236	119.9031	71.5477	0.7102	0.5680	69.2478
49.2114	3996.0000	-0.2320	0.5691	0.0000	150.2830	121.2700	230.6390	1.0916	136.5300	66.8824	1.0000	4000.0000	500.0000	0.0000	3996.6548	0.2948	0.2843	0.0714	0.0715	0.3310	0.7023	0.2024	0.7352	2.7547	123.4523	308.2236	119.9031	71.5477	0.7102	0.5680	69.2478
49.8180	4002.0000	-0.2330	0.5706	0.0000	150.2910	121.7000	230.7040	1.0974	136.9200	66.8762	1.0000	4000.0000	500.0000	0.0000	4005.2427	0.2558	0.2547	0.0712	0.0712	0.5266	0.5815	0.1511	0.7238	2.2957	123.0418	308.3284	121.1112	71.5591	0.6698	0.5687	69.2628
49.9038	4002.0000	-0.2330	0.5706	0.0000	150.2910	121.7000	230.7040	1.0974	136.9200	66.8762	1.0000	4000.0000	500.0000	0.0000	4005.2427	0.2558	0.2547	0.0712	0.0712	0.5266	0.5815	0.1511	0.7238	2.2957	123.0418	308.3284	121.1112	71.5591	0.6698	0.5687	69.2628
50.4228	3997.0000	-0.2340	0.5710	0.0000	150.3010	121.8500	230.7300	1.0998	136.9900	66.8643	1.0000	4000.0000	500.0000	0.0000	3994.2565	0.2842	0.2940	0.0714	0.0714	0.4408	0.6664	0.2769	0.6866	2.9349	122.6118	308.4255	120.3732	71.5701	0.7762	0.5706	69.2781
50.6523	3997.0000	-0.2340	0.5710	0.0000	150.3010	121.8500	230.7300	1.0998	136.9900	66.8643	1.0000	4000.0000	500.0000	0.0000	3994.2565	0.2842	0.2940	0.0714	0.0714	0.4408	0.6664	0.2769	0.6866	2.9349	122.6118	308.4255	120.3732	71.5701	0.7762	0.5706	69.2781
51.0296	4001.0000	-0.2360	0.5705	0.0000	150.2980	121.7100	230.7630	1.1016	136.8300	66.8514	1.0000	4000.0000	500.0000	0.0000	4009.2821	0.3029	0.2410	0.0712	0.0716	0.5349	0.7099	0.2432	0.7805	3.2322	125.1423	308.5695	121.1750	71.5807	0.7668	0.5587	69.2781
51.3963	4001.0000	-0.2360	0.5705	0.0000	150.2980	121.7100	230.7630	1.1016	136.8300	66.8514	1.0000	4000.0000	500.0000	0.0000	3991.2338	0.2766	0.3040	0.0713	0.0713	0.3382	0.6607	0.3372	0.6965	3.8987	123.7851	308.6451	119.7206	71.5898	0.8954	0.5696	69.2942
51.6338	4001.0000	-0.2360	0.5705	0.0000	150.2980	121.7100	230.7630	1.1016	136.8300	66.8514	1.0000	4000.0000	500.0000	0.0000	3991.2338	0.2766	0.3040	0.0713	0.0713	0.3382	0.6607	0.3372	0.6965	3.8987	123.7851	308.6451	119.7206	71.5898	0.8954	0.5696	69.2942
52.1378	4000.0000	-0.2330	0.5710	0.0000	150.3170	121.7600	230.7680	1.1032	136.8600	66.8048	2.0000	4000.0000	500.0000	0.0000	4014.4432	0.2845	0.2225	0.0711	0.0714	0.4640	0.6666	0.3391	0.8098	3.5724	125.8692	308.6980	120.3107	71.5992	0.9243	0.5691	69.2942
52.2244	4000.0000	-0.2330	0.5710	0.0000	150.3170	121.7600	230.7680	1.1032	136.8600	66.8048	2.0000	4000.0000	500.0000	0.0000	4014.4432	0.2845	0.2225	0.0711	0.0714	0.4640	0.6666	0.3391	0.8098	3.5724	125.8692	308.6980	120.3107	71.5992	0.9243	0.5691	69.2942
52.8302	3998.0000	-0.2340	0.5707	0.0000	150.3010	121.7700	230.7600	1.1053	136.8000	66.8110	2.0000	4000.0000	500.0000	0.0000	3996.2378	0.2338	0.2863	0.0714	0.0711	0.3751	0.5507	0.3138	0.7083	2.3152	123.9608	308.7157	120.8599	71.6087	0.7925	0.5694	69.3093
52.9869	3998.0000	-0.2340	0.5707	0.0000	150.3010	121.7700	230.7600	1.1053	136.8000	66.8110	2.0000	4000.0000	500.0000	0.0000	3996.2378	0.2338	0.2863	0.0714	0.0711	0.3751	0.5507	0.3138	0.7083	2.3152	123.9608	308.7157	120.8599	71.6087	0.7925	0.5694	69.3093
53.4193	4002.0000	-0.2320	0.5706	0.0000	150.3030	121.6800	230.7480	1.1059	136.7200	66.8156	2.0000	4000.0000	500.0000	0.0000	4003.4592	0.2724	0.2609	0.0712	0.0713	0.4559	0.6466	0.3061	0.7066	2.7896	123.7094	308.7025	120.4128	71.6180	0.8289	0.5688	69.3246
53.7216	4002.0000	-0.2320	0.5706	0.0000	150.3030	121.6800	230.7480	1.1059	136.7200	66.8156	2.0000	4000.0000	500.0000	0.0000	4003.4592	0.2724	0.2609	0.0712	0.0713	0.4559	0.6466	0.3061	0.7066	2.7896	123.7094	308.7025	120.4128	71.6180	0.8289	0.5688	69.3246
54.0254	4002.0000	-0.2320	0.5706	0.0000	150.3030	121.6800	230.7480	1.1059	136.7200	66.8156	2.0000	4000.0000	500.0000	0.0000	3995.5509	0.2822	0.2885	0.0714	0.0714	0.4258	0.6660	0.2403	0.8328	2.0697	123.8084	308.7588	120.4725	71.6264	0.7447	0.5644	69.3246
54.4685	3997.0000	-0.2340	0.5701	0.0000	150.2910	121.6000	230.7070	1.1068	136.5200	66.8063	2.0000	4000.0000	500.0000	0.0000	4003.1981	0.2413	0.2614	0.0711	0.0711	0.3044	0.5684	0.2564	0.6244	1.6916	122.7502	308.8116	119.7843	71.6334	0.8171	0.5680	69.3405
54.6314	3997.0000	-0.2340	0.5701	0.0000	150.2910	121.6000	230.7070	1.1068	136.5200	66.8063	2.0000	4000.0000	500.0000	0.0000	4003.1981	0.2413	0.2614	0.0711	0.0711	0.3044	0.5684	0.2564	0.6244	1.6916	122.7502	308.8116	119.7843	71.6334	0.8171	0.5680	69.3405
55.2014	3997.0000	-0.2350	0.5702	0.0000	150.3000	121.5100	230.6780	1.1079	136.5200	66.8082	2.0000	4000.0000	500.0000	0.0000	4010.5146	0.2898	0.2353	0.0712	0.0715	0.4818	0.6755	0.1986	0.8301	2.1660	123.8487	308.8373	119.9211	71.6417	0.7737	0.5672	69.3405
55.2355	3997.0000	-0.2350	0.5702	0.0000	150.3000	121.5100	230.6780	1.1079	136.5200	66.8082	2.0000	4000.0000	500.0000	0.0000	4010.5146	0.2898	0.2353	0.0712	0.0715	0.4818	0.6755	0.1986	0.8301	2.1660	123.8487	308.8373	119.9211	71.6417	0.7737	0.5672	69.3405
55.8414	4000.0000	-0.2320	0.5692	0.0000	150.2960	121.2100	230.6110	1.1071	136.0900	66.7418	2.0000	4000.0000	500.0000	0.0000	3994.1282	0.2704	0.2933	0.0715	0.0713	0.3789	0.6421	0.3980	0.6872	3.2749	123.1366	308.7860	119.7175	71.6492	0.8208	0.5689	69.3553
55.9404	4000.0000	-0.2320	0.5692	0.0000	150.2960	121.2100	230.6110	1.1071	136.0900	66.7418	2.0000	4000.0000	500.0000	0.0000	3994.1282	0.2704	0.2933	0.0715	0.0713	0.3789	0.6421	0.3980	0.6872	3.2749	123.1366	308.7860	119.7175	71.6492	0.8208	0.5689	69.3553
56.4309	4001.0000	-0.2310	0.5702	0.0000	150.2920	121.6100	230.5760	1.1111	136.4700	66.8015	2.0000	4000.0000	500.0000	0.0000	4007.5823	0.2850	0.2464	0.0713	0.0714	0.3006	0.6878	0.3235	0.6605	1.7415	123.4949	308.7657	119.3813	71.6562	0.8224	0.5686	69.3703
56.6812	4001.0000	-0.2310	0.5702	0.0000	150.2920	121.6100	230.5760	1.1111	136.4700	66.8015	2.0000	4000.0000	500.0000	0.0000	4007.5823	0.2850	0.2464	0.0713	0.0714	0.3006	0.6878	0.3235	0.6605	1.7415	123.4949	308.7657	119.3813	71.6562	0.8224	0.5686	69.3703
57.0369	4001.0000	-0.2310	0.5702	0.0000	150.2920	121.6100	230.5760	1.1111	136.4700	66.8015	2.0000	4000.0000	500.0000	0.0000	4009.4535	0.2730	0.2399	0.0712	0.0714	0.5270	0.6407	0.1828	0.7783	2.2974	124.5173	308.7860	121.0054	71.6633	0.7027	0.5620	69.3703
57.4197	3998.0000	-0.2310	0.5701	0.0000	150.2960	121.5600	230.5030	1.1125	136.4300	66.7845	2.0000	4000.0000	500.0000	0.0000	4005.1311	0.2915	0.2549	0.0711	0.0715	0.4068	0.6932	0.2288	0.6961	1.5468	122.9554	308.8036	120.2794	71.6694	0.7358	0.5699	69.3861
57.6432	3998.0000	-0.2310	0.5701	0.0000	150.2960	121.5600	230.5030	1.1125	136.4300	66.7845	2.0000	4000.0000	500.0000	0.0000	4005.1311	0.2915	0.2549	0.0711	0.0715	0.4068	0.6932	0.2288	0.6961	1.5468	122.9554	308.8036	120.2794	71.6694	0.7358	0.5699	69.3861
58.1553	4000.0000	-0.2350	0.5705	0.0000	150.3070	121.6500	230.4710	1.1139	136.4900	66.7472	3.0000	4000.0000	500.0000	0.0000	4005.8337	0.2768	0.2519	0.0712	0.0713	0.5070	0.6422	0.3393	0.7668	1.2309	124.3141	308.8048	120.5468	71.6764	0.8556	0.5682	69.3861
58.2479	4000.0000	-0.2350	0.5705	0.0000	150.3070	121.6500	230.4710	1.1139	136.4900	66.7472	3.0000	4000.0000	500.0000	0.0000	4005.8337	0.2768	0.2519	0.0712	0.0713	0.5070	0.6422	0.3393	0.7668	1.2309	124.3141	308.8048	120.5468	71.6764	0.8556	0.5682	69.3861
58.8537	3999.0000	-0.2310	0.5695	0.0000	150.2850	121.3300	230.4160	1.1129	136.1000	66.7394	3.0000	4000.0000	500.0000	0.0000	4012.2366	0.2541	0.2295	0.0711	0.0712	0.3619	0.6072	0.3258	0.6547	2.8583	122.4174	308.7942	119.3597	71.6830	0.8346	0.5692	69.4008
59.0017	3999.0000	-0.2310	0.5695	0.0000	150.2850	121.3300	230.4160	1.1129	136.1000	66.7394	3.0000	4000.0000	500.0000	0.0000	4012.2366	0.2541	0.2295	0.0711	0.0712	0.3619	0.6072	0.3258	0.6547	2.8583	122.4174	308.7942	119.3597	71.6830	0.8346	0.5692	69.4008
59.4592	4002.0000	-0.2330	0.5692	0.0000	150.2770	121.2800	230.3940	1.1138	136.0600	66.7258	3.0000	4000.0000	500.0000	0.0000	4005.3299	0.2749	0.2538	0.0712	0.0713	0.5955	0.6211	0.2696	0.8578	1.2376	125.9724	308.7402	121.3188	71.6895	0.7368	0.5690	69.4158
59.7318	4002.0000	-0.2330	0.5692	0.0000	150.2770	121.2800	230.3940	1.1138	136.0600	66.7258	3.0000	4000.0000	500.0000	0.0000	4005.3299	0.2749	0.2538	0.0712	0.0713	0.5955	0.6211	0.2696	0.8578	1.2376	125.9724	308.7402	121.3188	71.6895	0.7368	0.5690	69.4158
60.0655	4002.0000	-0.2330	0.5692	0.0000	150.2770	121.2800	230.3940	1.1138	136.0600	66.7258	3.0000	4000.0000	500.0000	0.0000	4010.0975	0.2817	0.2372	0.0711	0.0714	0.3169	0.6825	0.3823	0.7144	3.9777	122.6856	308.7789	119.1370	71.6956	0.8162	0.5575	69.4158
60.4634	4000.0000	-0.2340	0.5698	0.0000	150.2940	121.4800	230.3700	1.1165	136.2300	66.7524	3.0000	4000.0000	500.0000	0.0000	3999.8042	0.2604	0.2731	0.0713	0.0712	0.3931	0.6205	0.2620	0.7351	3.1985	123.4506	308.8832	119.6282	71.7003	0.7891	0.5674	69.4315
60.6708	4000.0000	-0.2340	0.5698	0.0000	150.2940	121.4800	230.3700	1.1165	136.2300	66.7524	3.0000	4000.0000	500.0000	0.0000	3999.8042	0.2604	0.2731	0.0713	0.0712	0.3931	0.6205	0.2620	0.7351	3.1985	123.4506	308.8832	119.6282	71.7003	0.7891	0.5674	69.4315
61.1967	4001.0000	-0.2310	0.5696	0.0000	150.2890	121.3600	230.3630	1.1168	136.1600	66.7172	3.0000	4000.0000	500.0000	0.0000	4000.5366	0.2704	0.2703	0.0711	0.0712	0.4196	0.6193	0.2486	0.6260	3.9205	122.9777	308.9115	119.9103	71.7059	0.7828	0.5676	69.4315
61.2767	4001.0000	-0.2310	0.5696	0.0000	150.2890	121.3600	230.3630	1.1168	136.1600	66.7172	3.0000	4000.0000	500.0000	0.0000	4000.5366	0.2704	0.2703	0.0711	0.0712	0.4196	0.6193	0.2486	0.6260	3.9205	122.9777	308.9115	119.9103	71.7059	0.7828	0.5676	69.4315
61.8817	4001.0000	-0.2350	0.5695	0.0000	150.3130	121.1900	230.3710	1.1166	135.9100	66.7508	3.0000	4000.0000	500.0000	0.0000	4011.5800	0.2527	0.2315	0.0710	0.0712	0.5670	0.5646	0.2628	0.7788	1.7298	125.6313	308.9618	120.3557	71.7112	0.7323	0.5673	69.4461
61.9407	4001.0000	-0.2350	0.5695	0.0000	150.3130	121.1900	230.3710	1.1166	135.9100	66.7508	3.0000	4000.0000	500.0000	0.0000	4011.5800	0.2527	0.2315	0.0710	0.0712	0.5670	0.5646	0.2628	0.7788	1.7298	125.6313	308.9618	120.3557	71.7112	0.7323	0.5673	69.4461
62.4875	4001.0000	-0.2310	0.5696	0.0000	150.3350	121.1400	230.3840	1.1161	135.7400	66.7304	3.0000	4000.0000	500.0000	0.0000	4007.0767	0.2845	0.2472	0.0712	0.0714	0.3922	0.6975	0.3588	0.6114	2.5978	122.8333	309.0145	119.5282	71.7163	0.8702	0.5674	69.4608
62.6810	4001.0000	-0.2310	0.5696	0.0000	150.3350	121.1400	230.3840	1.1161	135.7400	66.7304	3.0000	4000.0000	500.0000	0.0000	4007.0767	0.2845	0.2472	0.0712	0.0714	0.3922	0.6975	0.3588	0.6114	2.5978	122.8333	309.0145	119.5282	71.7163	0.8702	0.5674	69.4608
63.4194	3998.0000	-0.2340	0.5698	0.0000	150.3370	121.1800	230.4210	1.1181	135.8300	66.7135	3.0000	4000.0000	500.0000	0.0000	4007.5237	0.2543	0.2457	0.0708	0.0712	0.4830	0.5819	0.3536	0.7805	4.6220	125.7363	309.2173	119.5787	71.7241	0.9028	0.5695	69.4762
63.6023	3998.0000	-0.2340	0.5698	0.0000	150.3370	121.1800	230.4210	1.1181	135.8300	66.7135	3.0000	4000.0000	500.0000	0.0000	4007.5237	0.2543	0.2457	0.0708	0.0712	0.4830	0.5819	0.3536	0.7805	4.6220	125.7363	309.2173	119.5787	71.7241	0.9028	0.5695	69.4762
64.1562	4003.0000	-0.2290	0.5692	0.0000	150.3360	121.1000	230.4450	1.1174	135.6000	66.7394	4.0000	4000.0000	500.0000	0.0000	3985.2935	0.2768	0.3235	0.0715	0.0713	0.4499	0.6515	0.2593	0.6945	1.3802	123.8457	309.2779	120.3315	71.7292	0.7540	0.5686	69.4762
64.2097	4003.0000	-0.2290	0.5692	0.0000	150.3360	121.1000	230.4450	1.1174	135.6000	66.7394	4.0000	4000.0000	500.0000	0.0000	3985.2935	0.2768	0.3235	0.0715	0.0713	0.4499	0.6515	0.2593	0.6945	1.3802	123.8457	309.2779	120.3315	71.7292	0.7540	0.5686	69.4762
64.8152	4000.0000	-0.2330	0.5703	0.0000	150.3170	121.4700	230.5060	1.1215	136.1400	66.6894	4.0000	4000.0000	500.0000	0.0000	4000.9344	0.2784	0.2689	0.0711	0.0714	0.4713	0.6569	0.2590	0.8386	4.8548	125.0416	309.2928	120.7263	71.7343	0.8184	0.5686	69.4907
65.0326	4000.0000	-0.2330	0.5703	0.0000	150.3170	121.4700	230.5060	1.1215	136.1400	66.6894	4.0000	4000.0000	500.0000	0.0000	4000.9344	0.2784	0.2689	0.0711	0.0714	0.4713	0.6569	0.2590	0.8386	4.8548	125.0416	309.2928	120.7263	71.7343	0.8184	0.5686	69.4907
65.4209	4000.0000	-0.2330	0.5703	0.0000	150.3170	121.4700	230.5060	1.1215	136.1400	66.6894	4.0000	4000.0000	500.0000	0.0000	4001.2130	0.2758	0.2678	0.0713	0.0713	0.3007	0.6657	0.2993	0.6419	1.8303	122.6202	309.4107	118.6559	71.7393	0.7623	0.5690	69.5055
65.8162	4001.0000	-0.2320	0.5695	0.0000	150.3050	121.3000	230.5370	1.1207	135.9500	66.6989	4.0000	4000.0000	500.0000	0.0000	4008.5734	0.2749	0.2418	0.0712	0.0713	0.5135	0.6392	0.2006	0.7507	3.5284	123.9337	309.4752	120.5066	71.7434	0.7353	0.5624	69.5055
66.0263	4001.0000	-0.2320	0.5695	0.0000	150.3050	121.3000	230.5370	1.1207	135.9500	66.6989	4.0000	4000.0000	500.0000	0.0000	4008.5734	0.2749	0.2418	0.0712	0.0713	0.5135	0.6392	0.2006	0.7507	3.5284	123.9337	309.4752	120.5066	71.7434	0.7353	0.5624	69.5055
66.5687	3998.0000	-0.2320	0.5690	0.0000	150.3370	121.1200	230.6050	1.1195	135.6500	66.6475	4.0000	4000.0000	500.0000	0.0000	4000.5750	0.2689	0.2698	0.0713	0.0713	0.3797	0.6427	0.2524	0.6715	2.7414	123.8265	309.5891	119.1193	71.7465	0.7404	0.5680	69.5209
66.6320	3998.0000	-0.2320	0.5690	0.0000	150.3370	121.1200	230.6050	1.1195	135.6500	66.6475	4.0000	4000.0000	500.0000	0.0000	4000.5750	0.2689	0.2698	0.0713	0.0713	0.3797	0.6427	0.2524	0.6715	2.7414	123.8265	309.5891	119.1193	71.7465	0.7404	0.5680	69.5209
67.2377	3999.0000	-0.2290	0.5685	0.0000	150.3370	121.0100	230.6660	1.1195	135.4900	66.6771	4.0000	4000.0000	500.0000	0.0000	3987.4165	0.2668	0.3158	0.0717	0.0712	0.5232	0.6110	0.3085	0.7639	2.8369	124.3004	309.7003	120.6372	71.7506	0.7826	0.5678	69.5209
67.3209	3999.0000	-0.2290	0.5685	0.0000	150.3370	121.0100	230.6660	1.1195	135.4900	66.6771	4.0000	4000.0000	500.0000	0.0000	3987.4165	0.2668	0.3158	0.0717	0.0712	0.5232	0.6110	0.3085	0.7639	2.8369	124.3004	309.7003	120.6372	71.7506	0.7826	0.5678	69.5209
67.8434	4001.0000	-0.2310	0.5685	0.0000	150.3300	120.9400	230.6910	1.1191	135.4100	66.6395	4.0000	4000.0000	500.0000	0.0000	4000.0441	0.2493	0.2717	0.0713	0.0711	0.3991	0.5740	0.3434	0.6931	2.2044	123.9988	309.7031	120.1184	71.7545	0.8192	0.5665	69.5352
68.0588	4001.0000	-0.2310	0.5685	0.0000	150.3300	120.9400	230.6910	1.1191	135.4100	66.6395	4.0000	4000.0000	500.0000	0.0000	4000.0441	0.2493	0.2717	0.0713	0.0711	0.3991	0.5740	0.3434	0.6931	2.2044	123.9988	309.7031	120.1184	71.7545	0.8192	0.5665	69.5352
68.4487	4002.0000	-0.2320	0.5676	0.0000	150.3150	120.7300	230.7350	1.1180	135.2000	66.6628	4.0000	4000.0000	500.0000	0.0000	3999.6285	0.2530	0.2728	0.0713	0.0712	0.5870	0.5630	0.1670	0.8450	1.8606	125.5061	309.8069	120.4076	71.7583	0.7103	0.5662	69.5496
68.8169	4002.0000	-0.2320	0.5676	0.0000	150.3150	120.7300	230.7350	1.1180	135.2000	66.6628	4.0000	4000.0000	500.0000	0.0000	4009.4573	0.2781	0.2374	0.0712	0.0713	0.2957	0.6787	0.2823	0.6980	1.7795	123.4403	309.9078	117.8433	71.7612	0.7120	0.5535	69.5496
69.0538	4002.0000	-0.2320	0.5676	0.0000	150.3150	120.7300	230.7350	1.1180	135.2000	66.6628	4.0000	4000.0000	500.0000	0.0000	4009.4573	0.2781	0.2374	0.0712	0.0713	0.2957	0.6787	0.2823	0.6980	1.7795	123.4403	309.9078	117.8433	71.7612	0.7120	0.5535	69.5496
69.5671	4000.0000	-0.2290	0.5642	0.0000	150.1270	120.4400	230.7530	1.1158	134.9000	66.6471	4.0000	4000.0000	500.0000	0.0000	4004.2630	0.2478	0.2558	0.0712	0.0711	0.4180	0.5758	0.2683	0.7931	0.4351	124.4158	309.9572	120.0189	71.7626	0.8268	0.5634	69.5646
69.6598	4000.0000	-0.2290	0.5642	0.0000	150.1270	120.4400	230.7530	1.1158	134.9000	66.6471	4.0000	4000.0000	500.0000	0.0000	4004.2630	0.2478	0.2558	0.0712	0.0711	0.4180	0.5758	0.2683	0.7931	0.4351	124.4158	309.9572	120.0189	71.7626	0.8268	0.5634	69.5646
70.2649	3999.0000	-0.2340	0.5647	0.0000	150.1120	120.6000	230.7680	1.1175	134.9900	66.6697	5.0000	4000.0000	500.0000	0.0000	3998.6557	0.2655	0.2754	0.0714	0.0712	0.3808	0.6313	0.2728	0.6645	3.1471	122.3397	309.9758	119.4262	71.7657	0.7636	0.5635	69.5646
70.3239	3999.0000	-0.2340	0.5647	0.0000	150.1120	120.6000	230.7680	1.1175	134.9900	66.6697	5.0000	4000.0000	500.0000	0.0000	3998.6557	0.2655	0.2754	0.0714	0.0712	0.3808	0.6313	0.2728	0.6645	3.1471	122.3397	309.9758	119.4262	71.7657	0.7636	0.5635	69.5646
70.8705	4001.0000	-0.2340	0.5655	0.0000	150.1230	120.8000	230.7670	1.1195	135.1700	66.6339	5.0000	4000.0000	500.0000	0.0000	4000.6400	0.2935	0.2687	0.0713	0.0715	0.5199	0.6817	0.3626	0.7666	0.8608	123.7484	309.9975	119.8546	71.7686	0.7989	0.5640	69.5784
71.2070	4001.0000	-0.2340	0.5655	0.0000	150.1230	120.8000	230.7670	1.1195	135.1700	66.6339	5.0000	4000.0000	500.0000	0.0000	4003.3485	0.2518	0.2592	0.0713	0.0712	0.3934	0.6121	0.1572	0.6134	1.6020	122.5617	309.9381	119.6241	71.7715	0.6732	0.5641	69.5923
71.4772	4001.0000	-0.2340	0.5655	0.0000	150.1230	120.8000	230.7670	1.1195	135.1700	66.6339	5.0000	4000.0000	500.0000	0.0000	4003.3485	0.2518	0.2592	0.0713	0.0712	0.3934	0.6121	0.1572	0.6134	1.6020	122.5617	309.9381	119.6241	71.7715	0.6732	0.5641	69.5923
71.9552	3998.0000	-0.2310	0.5655	0.0000	150.1570	120.7500	230.7560	1.1201	135.1500	66.6363	5.0000	4000.0000	500.0000	0.0000	4000.5191	0.2709	0.2693	0.0712	0.0713	0.5526	0.6171	0.3209	0.7950	2.9971	124.9298	309.9169	120.0276	71.7740	0.8528	0.5530	69.5923
72.0829	3998.0000	-0.2310	0.5655	0.0000	150.1570	120.7500	230.7560	1.1201	135.1500	66.6363	5.0000	4000.0000	500.0000	0.0000	4000.5191	0.2709	0.2693	0.0712	0.0713	0.5526	0.6171	0.3209	0.7950	2.9971	124.9298	309.9169	120.0276	71.7740	0.8528	0.5530	69.5923
72.6885	4000.0000	-0.2280	0.5653	0.0000	150.1570	120.6800	230.7420	1.1200	135.0500	66.6214	5.0000	4000.0000	500.0000	0.0000	3990.6236	0.2882	0.3037	0.0716	0.0714	0.5364	0.6679	0.2726	0.7159	1.1195	123.3815	309.9026	120.1716	71.7756	0.7919	0.5639	69.6071
72.6921	4000.0000	-0.2280	0.5653	0.0000	150.1570	120.6800	230.7420	1.1200	135.0500	66.6214	5.0000	4000.0000	500.0000	0.0000	3990.6236	0.2882	0.3037	0.0716	0.0714	0.5364	0.6679	0.2726	0.7159	1.1195	123.3815	309.9026	120.1716	71.7756	0.7919	0.5639	69.6071
73.2941	4002.0000	-0.2320	0.5652	0.0000	150.1520	120.7500	230.6940	1.1214	135.1600	66.6283	5.0000	4000.0000	500.0000	0.0000	3999.0133	0.2695	0.2742	0.0713	0.0712	0.4323	0.6270	0.2598	0.7692	2.7932	124.0579	309.8781	118.9822	71.7778	0.7740	0.5628	69.6071
73.4254	4002.0000	-0.2320	0.5652	0.0000	150.1520	120.7500	230.6940	1.1214	135.1600	66.6283	5.0000	4000.0000	500.0000	0.0000	3999.0133	0.2695	0.2742	0.0713	0.0712	0.4323	0.6270	0.2598	0.7692	2.7932	124.0579	309.8781	118.9822	71.7778	0.7740	0.5628	69.6071
73.8998	3999.0000	-0.2280	0.5645	0.0000	150.1020	120.5200	230.6670	1.1200	134.8900	66.6266	5.0000	4000.0000	500.0000	0.0000	4000.8842	0.2385	0.2675	0.0712	0.0711	0.4835	0.5375	0.2474	0.6804	2.0245	123.3868	309.8447	119.8405	71.7801	0.7465	0.5626	69.6208
74.1740	3999.0000	-0.2280	0.5645	0.0000	150.1020	120.5200	230.6670	1.1200	134.8900	66.6266	5.0000	4000.0000	500.0000	0.0000	4000.8842	0.2385	0.2675	0.0712	0.0711	0.4835	0.5375	0.2474	0.6804	2.0245	123.3868	309.8447	119.8405	71.7801	0.7465	0.5626	69.6208
74.5053	3999.0000	-0.2280	0.5645	0.0000	150.1020	120.5200	230.6670	1.1200	134.8900	66.6266	5.0000	4000.0000	500.0000	0.0000	4002.4471	0.2851	0.2626	0.0712	0.0714	0.4874	0.6481	0.3978	0.7483	3.5893	123.6845	309.7395	119.8350	71.7823	0.8619	0.5634	69.6346
74.9186	4001.0000	-0.2320	0.5653	0.0000	150.1260	120.7100	230.6030	1.1225	135.1100	66.6041	5.0000	4000.0000	500.0000	0.0000	3999.2986	0.2887	0.2735	0.0713	0.0714	0.3829	0.6882	0.2605	0.6877	1.7877	123.3773	309.7690	118.7963	71.7842	0.7746	0.5543	69.6346
75.1105	4001.0000	-0.2320	0.5653	0.0000	150.1260	120.7100	230.6030	1.1225	135.1100	66.6041	5.0000	4000.0000	500.0000	0.0000	3999.2986	0.2887	0.2735	0.0713	0.0714	0.3829	0.6882	0.2605	0.6877	1.7877	123.3773	309.7690	118.7963	71.7842	0.7746	0.5543	69.6346
75.6678	4000.0000	-0.2300	0.5655	0.0000	150.1850	120.6900	230.5680	1.1225	135.0000	66.6110	5.0000	4000.0000	500.0000	0.0000	3996.2113	0.2835	0.2840	0.0714	0.0714	0.5080	0.6762	0.3672	0.7207	3.1825	123.4208	309.7483	119.6888	71.7855	0.8830	0.5638	69.6492
75.7164	4000.0000	-0.2300	0.5655	0.0000	150.1850	120.6900	230.5680	1.1225	135.0000	66.6110	5.0000	4000.0000	500.0000	0.0000	3996.2113	0.2835	0.2840	0.0714	0.0714	0.5080	0.6762	0.3672	0.7207	3.1825	123.4208	309.7483	119.6888	71.7855	0.8830	0.5638	69.6492
76.3218	4000.0000	-0.2300	0.5648	0.0000	150.1110	120.5500	230.4960	1.1225	134.8700	66.6192	6.0000	4000.0000	500.0000	0.0000	3999.5207	0.2640	0.2720	0.0714	0.0712	0.4375	0.6079	0.3016	0.6963	1.9743	123.3316	309.7179	119.0429	71.7877	0.7713	0.5630	69.6492
76.4111	4000.0000	-0.2300	0.5648	0.0000	150.1110	120.5500	230.4960	1.1225	134.8700	66.6192	6.0000	4000.0000	500.0000	0.0000	3999.5207	0.2640	0.2720	0.0714	0.0712	0.4375	0.6079	0.3016	0.6963	1.9743	123.3316	309.7179	119.0429	71.7877	0.7713	0.5630	69.6492
76.9284	4000.0000	-0.2300	0.5648	0.0000	150.1110	120.5500	230.4960	1.1225	134.8700	66.6192	6.0000	4000.0000	500.0000	0.0000	4006.5877	0.2811	0.2469	0.0712	0.0714	0.5748	0.6511	0.1193	0.8158	2.3715	124.8786	309.6393	119.9064	71.7899	0.7180	0.5639	69.6628
77.5329	4003.0000	-0.2290	0.5657	0.0000	150.2160	120.3700	230.4300	1.1224	134.8000	66.6186	NOT CONNECTED	4000.0000	500.0000	0.0000	3993.4268	0.2413	0.2759	0.0714	0.0711	0.3222	0.5604	0.3920	0.7025	1.7063	122.9680	309.5875	118.3062	71.7921	0.8432	0.5628	69.6765
77.6558	4003.0000	-0.2290	0.5657	0.0000	150.2160	120.3700	230.4300	1.1224	134.8000	66.6186	NOT CONNECTED	4000.0000	500.0000	0.0000	3993.4268	0.2413	0.2759	0.0714	0.0711	0.3222	0.5604	0.3920	0.7025	1.7063	122.9680	309.5875	118.3062	71.7921	0.8432	0.5628	69.6765
78.1541	4003.0000	-0.2290	0.5657	0.0000	150.2160	120.3700	230.4300	1.1224	134.8000	66.6186	NOT CONNECTED	0.0000	500.0000	0.0000	4013.2061	0.1308	0.2219	0.0711	0.0708	0.3899	0.3121	0.3174	0.2677	2.7169	121.2018	310.1882	74.9290	71.7939	0.6753	0.5460	69.6765
78.6598	4037.0000	-0.0390	0.5654	0.0000	150.2050	120.3700	230.3870	1.1229	134.7800	66.5927	NOT CONNECTED	0.0000	500.0000	0.0000	4007.2378	0.0501	0.0706	0.0707	0.0706	0.4410	0.1222	0.3052	0.1666	2.5262	119.5617	316.5417	29.5282	71.7696	0.3819	0.3198	69.6913
78.7771	4037.0000	-0.0390	0.5654	0.0000	150.2050	120.3700	230.3870	1.1229	134.7800	66.5927	NOT CONNECTED	0.0000	500.0000	0.0000	4007.2378	0.0501	0.0706	0.0707	0.0706	0.4410	0.1222	0.3052	0.1666	2.5262	119.5617	316.5417	29.5282	71.7696	0.3819	0.3198	69.6913
79.3821	4006.0000	-0.0460	0.3177	0.0000	146.1870	30.7300	230.4110	0.4059	40.8000	66.5674	NOT CONNECTED	0.0000	500.0000	0.0000	4003.6790	0.0766	0.0601	0.0706	0.0707	0.4420	0.1641	0.2716	0.2452	1.8516	120.8328	316.2985	31.8743	71.7265	0.3557	0.3257	69.6888
79.4014	4006.0000	-0.0460	0.3177	0.0000	146.1870	30.7300	230.4110	0.4059	40.8000	66.5674	NOT CONNECTED	0.0000	500.0000	0.0000	4003.6790	0.0766	0.0601	0.0706	0.0707	0.4420	0.1641	0.2716	0.2452	1.8516	120.8328	316.2985	31.8743	71.7265	0.3557	0.3257	69.6888
79.9878	4002.0000	-0.0460	0.3204	0.0000	146.0020	32.7700	230.3930	0.4232	43.0100	66.5491	NOT CONNECTED	0.0000	500.0000	0.0000	4004.5734	0.0768	0.0548	0.0706	0.0707	0.4623	0.1757	0.3594	0.1971	2.7466	119.4210	316.1822	31.6764	71.6857	0.4620	0.3255	69.6888
80.1449	4002.0000	-0.0460	0.3204	0.0000	146.0020	32.7700	230.3930	0.4232	43.0100	66.5491	NOT CONNECTED	0.0000	500.0000	0.0000	4004.5734	0.0768	0.0548	0.0706	0.0707	0.4623	0.1757	0.3594	0.1971	2.7466	119.4210	316.1822	31.6764	71.6857	0.4620	0.3255	69.6888
80.5924	4001.0000	-0.0460	0.3213	0.0000	145.9720	33.3300	230.4120	0.4267	43.5900	66.4869	NOT CONNECTED	0.0000	500.0000	0.0000	4007.8306	0.0789	0.0487	0.0706	0.0707	0.3149	0.1960	0.4134	0.1886	2.0757	119.3892	316.1811	31.5195	71.6448	0.5000	0.3257	69.6829
80.8822	4001.0000	-0.0460	0.3213	0.0000	145.9720	33.3300	230.4120	0.4267	43.5900	66.4869	NOT CONNECTED	0.0000	500.0000	0.0000	4007.8306	0.0789	0.0487	0.0706	0.0707	0.3149	0.1960	0.4134	0.1886	2.0757	119.3892	316.1811	31.5195	71.6448	0.5000	0.3257	69.6829
81.1829	4001.0000	-0.0460	0.3213	0.0000	145.9720	33.3300	230.4120	0.4267	43.5900	66.4869	NOT CONNECTED	0.0000	500.0000	0.0000	3996.8530	0.0757	0.0817	0.0707	0.0707	0.4096	0.1717	0.3228	0.2607	3.0061	120.5530	316.1596	31.8606	71.6078	0.3741	0.3114	69.6829
81.6253	4000.0000	-0.0490	0.3215	0.0000	145.9830	33.2700	230.4320	0.4257	43.5600	66.5005	NOT CONNECTED	0.0000	500.0000	0.0000	4001.7521	0.0699	0.0429	0.0706	0.0618	-0.1745	0.1928	0.3704	0.1349	-7.5283	81.1203	316.8858	19.1574	71.5692	0.4099	0.3265	69.6777
81.8051	4000.0000	-0.0490	0.3215	0.0000	145.9830	33.2700	230.4320	0.4257	43.5600	66.5005	NOT CONNECTED	0.0000	500.0000	0.0000	4001.7521	0.0699	0.0429	0.0706	0.0618	-0.1745	0.1928	0.3704	0.1349	-7.5283	81.1203	316.8858	19.1574	71.5692	0.4099	0.3265	69.6777
82.3706	3930.0000	0.0070	0.3353	0.0000	140.1710	28.4000	230.4910	0.3899	39.0200	66.4518	NOT CONNECTED	0.0000	500.0000	0.0000	3728.8327	-0.0775	-0.0829	0.0348	0.0349	-1.4602	-0.3827	-1.8952	-0.1831	-7.9694	68.6124	317.8311	21.6341	71.6314	2.3137	1.1890	69.6783
82.4094	3930.0000	0.0070	0.3353	0.0000	140.1710	28.4000	230.4910	0.3899	39.0200	66.4518	NOT CONNECTED	0.0000	500.0000	0.0000	3728.8327	-0.0775	-0.0829	0.0348	0.0349	-1.4602	-0.3827	-1.8952	-0.1831	-7.9694	68.6124	317.8311	21.6341	71.6314	2.3137	1.1890	69.6783
83.0155	3560.0000	0.0490	1.2099	0.0000	72.5080	13.7000	230.5330	0.2934	28.0200	66.5439	NOT CONNECTED	0.0000	500.0000	0.0000	3467.9698	-0.0225	-0.0000	0.0350	0.0348	-0.9994	-0.1442	-2.3080	-0.0207	-13.0040	22.1273	317.7944	17.5564	71.8875	1.5241	1.2130	69.6783
83.1065	3560.0000	0.0490	1.2099	0.0000	72.5080	13.7000	230.5330	0.2934	28.0200	66.5439	NOT CONNECTED	0.0000	500.0000	0.0000	3467.9698	-0.0225	-0.0000	0.0350	0.0348	-0.9994	-0.1442	-2.3080	-0.0207	-13.0040	22.1273	317.7944	17.5564	71.8875	1.5241	1.2130	69.6783
83.6206	3179.0000	0.0480	1.2082	0.0000	62.9120	14.0700	230.6030	0.2922	28.1200	66.6428	NOT CONNECTED	0.0000	500.0000	0.0000	3128.6358	-0.0778	-0.0000	0.0347	0.0351	-2.1023	-0.3434	-1.0264	-0.0140	-7.0658	13.7923	317.7648	17.9003	72.1445	1.1472	1.2138	69.7935
83.8444	3179.0000	0.0480	1.2082	0.0000	62.9120	14.0700	230.6030	0.2922	28.1200	66.6428	NOT CONNECTED	0.0000	500.0000	0.0000	3128.6358	-0.0778	-0.0000	0.0347	0.0351	-2.1023	-0.3434	-1.0264	-0.0140	-7.0658	13.7923	317.7648	17.9003	72.1445	1.1472	1.2138	69.7935
84.5769	2795.0000	0.0500	1.2067	0.0000	58.0520	13.8600	230.6400	0.2911	28.0200	66.7584	NOT CONNECTED	0.0000	500.0000	0.0000	2482.6933	-0.0899	-0.0480	0.0350	0.0350	-2.1292	-0.3357	-2.1790	-0.0047	-9.9135	37.1191	317.8894	16.2722	72.6097	2.1997	1.2100	69.9045
84.8323	2795.0000	0.0500	1.2067	0.0000	58.0520	13.8600	230.6400	0.2911	28.0200	66.7584	NOT CONNECTED	0.0000	500.0000	0.0000	2482.6933	-0.0899	-0.0480	0.0350	0.0350	-2.1292	-0.3357	-2.1790	-0.0047	-9.9135	37.1191	317.8894	16.2722	72.6097	2.1997	1.2100	69.9045
85.3190	2426.0000	0.0490	1.2027	0.0000	48.6080	15.1700	230.7070	0.2966	28.7600	66.9441	NOT CONNECTED	0.0000	500.0000	0.0000	2162.3289	-0.1434	0.0046	0.0349	0.0353	-2.1440	-0.5818	-1.8239	-0.0676	-11.2134	0.7192	317.7392	19.0121	72.8372	2.1458	1.2008	70.0107
85.4380	2426.0000	0.0490	1.2027	0.0000	48.6080	15.1700	230.7070	0.2966	28.7600	66.9441	NOT CONNECTED	0.0000	500.0000	0.0000	2162.3289	-0.1434	0.0046	0.0349	0.0353	-2.1440	-0.5818	-1.8239	-0.0676	-11.2134	0.7192	317.7392	19.0121	72.8372	2.1458	1.2008	70.0107
86.0441	2043.0000	0.0470	1.1986	0.0000	43.9980	16.0600	230.7380	0.3016	29.4400	67.0950	NOT CONNECTED	0.0000	500.0000	0.0000	1856.6724	-0.0286	0.0158	0.0349	0.0348	-1.0559	-0.1021	-1.8757	-0.0618	-8.2098	30.7911	317.6228	20.0258	73.0463	2.0595	1.1969	70.0107
86.0699	2043.0000	0.0470	1.1986	0.0000	43.9980	16.0600	230.7380	0.3016	29.4400	67.0950	NOT CONNECTED	0.0000	500.0000	0.0000	1856.6724	-0.0286	0.0158	0.0349	0.0348	-1.0559	-0.1021	-1.8757	-0.0618	-8.2098	30.7911	317.6228	20.0258	73.0463	2.0595	1.1969	70.0107
86.6486	1668.0000	0.0470	1.1907	0.0000	34.8730	17.4000	230.7810	0.3109	30.5800	67.2871	NOT CONNECTED	0.0000	500.0000	0.0000	1626.6446	-0.0388	-0.1033	0.0349	0.0348	-1.0521	-0.1602	-1.6094	-0.3206	-15.6590	18.0880	317.5689	22.3179	73.2471	1.3939	1.1950	70.1119
86.8126	1668.0000	0.0470	1.1907	0.0000	34.8730	17.4000	230.7810	0.3109	30.5800	67.2871	NOT CONNECTED	0.0000	500.0000	0.0000	1626.6446	-0.0388	-0.1033	0.0349	0.0348	-1.0521	-0.1602	-1.6094	-0.3206	-15.6590	18.0880	317.5689	22.3179	73.2471	1.3939	1.1950	70.1119
87.2553	1271.0000	0.0470	1.1797	0.0000	29.8080	16.3900	230.7980	0.3012	29.5400	67.4782	NOT CONNECTED	0.0000	500.0000	0.0000	1280.9525	-0.0424	-0.0858	0.0351	0.0349	-1.3846	-0.2182	-1.7882	0.0890	-10.7646	18.5546	317.5545	22.6593	73.4362	1.7311	1.1622	70.1119
87.5454	1271.0000	0.0470	1.1797	0.0000	29.8080	16.3900	230.7980	0.3012	29.5400	67.4782	NOT CONNECTED	0.0000	500.0000	0.0000	1280.9525	-0.0424	-0.0858	0.0351	0.0349	-1.3846	-0.2182	-1.7882	0.0890	-10.7646	18.5546	317.5545	22.6593	73.4362	1.7311	1.1622	70.1119
87.8608	1271.0000	0.0470	1.1797	0.0000	29.8080	16.3900	230.7980	0.3012	29.5400	67.4782	NOT CONNECTED	0.0000	500.0000	0.0000	965.6013	-0.0006	-0.0395	0.0347	0.0348	-1.8691	0.0070	-1.3648	0.0807	-12.0571	15.3229	317.4625	22.3844	73.6053	1.3452	1.1616	70.2063
88.3188	904.0000	0.0550	1.1514	0.0000	21.0480	19.2100	230.8060	0.3201	31.7600	67.6898	NOT CONNECTED	0.0000	500.0000	0.0000	664.9645	-0.0110	-0.0311	0.0352	0.0349	-1.3792	-0.0702	-1.8424	-0.1426	-10.9987	7.8047	317.4067	25.2269	73.7672	1.8176	1.1470	70.2903
88.4659	904.0000	0.0550	1.1514	0.0000	21.0480	19.2100	230.8060	0.3201	31.7600	67.6898	NOT CONNECTED	0.0000	500.0000	0.0000	664.9645	-0.0110	-0.0311	0.0352	0.0349	-1.3792	-0.0702	-1.8424	-0.1426	-10.9987	7.8047	317.4067	25.2269	73.7672	1.8176	1.1470	70.2903
89.0612	519.0000	0.0530	1.1409	0.0000	17.4690	20.0800	230.8020	0.3251	32.4800	67.8889	NOT CONNECTED	0.0000	500.0000	0.0000	378.8853	-0.0001	-0.0974	0.0351	0.0349	-1.4403	-0.0056	-1.5054	0.0550	-10.8435	5.7146	317.0905	25.7764	73.9243	1.4779	1.1300	70.2903
89.0711	519.0000	0.0530	1.1409	0.0000	17.4690	20.0800	230.8020	0.3251	32.4800	67.8889	NOT CONNECTED	0.0000	500.0000	0.0000	378.8853	-0.0001	-0.0974	0.0351	0.0349	-1.4403	-0.0056	-1.5054	0.0550	-10.8435	5.7146	317.0905	25.7764	73.9243	1.4779	1.1300	70.2903
89.6781	90.0000	0.1150	1.1125	0.0000	12.3960	21.6800	230.7780	0.3400	33.9400	68.0538	NOT CONNECTED	0.0000	500.0000	0.0000	0.0000	0.0000	0.0000	0.0672	0.0349	-1.5529	0.2447	-1.5678	0.1145	-10.3696	4.6407	321.7614	0.0000	74.0441	1.5720	0.1051	70.3678
89.8026	90.0000	0.1150	1.1125	0.0000	12.3960	21.6800	230.7780	0.3400	33.9400	68.0538	NOT CONNECTED	0.0000	500.0000	0.0000	0.0000	0.0000	0.0000	0.0672	0.0349	-1.5529	0.2447	-1.5678	0.1145	-10.3696	4.6407	321.7614	0.0000	74.0441	1.5720	0.1051	70.3678
90.2837	0.0000	0.0010	0.0081	0.0000	0.9210	-0.0200	230.7780	0.0336	2.0900	68.1898	NOT CONNECTED	0.0000	500.0000	0.0000	0.0000	0.0000	0.0000	0.0672	0.0349	-1.5529	0.2447	-1.5678	0.1145	-10.3696	4.6407	321.7140	0.0000	73.9119	1.5720	0.0057	70.3678
90.5415	0.0000	0.0010	0.0081	0.0000	0.9210	-0.0200	230.7780	0.0336	2.0900	68.1898	NOT CONNECTED	0.0000	500.0000	0.0000	0.0000	0.0000	0.0000	0.0672	0.0349	-1.5529	0.2447	-1.5678	0.1145	-10.3696	4.6407	321.7140	0.0000	73.9119	1.5720	0.0057	70.3678
90.8889	0.0000	0.0010	0.0081	0.0000	0.9210	-0.0200	230.7780	0.0336	2.0900	68.1898	NOT CONNECTED	0.0000	500.0000	0.0000	0.0000	0.0000	0.0000	0.0672	0.0349	-1.5529	0.2447	-1.5678	0.1145	-10.3696	4.6407	321.6341	0.0000	73.7778	1.5720	0.0054	70.3710
91.3063	0.0000	0.0000	0.0082	0.0000	0.6530	-0.0300	230.7120	0.0332	2.0600	68.2053	NOT CONNECTED	0.0000	500.0000	0.0000	0.0000	0.0000	0.0000	0.0672	0.0349	-1.5529	0.2447	-1.5678	0.1145	0.0000	0.0000	321.5976	0.0000	73.6452	1.5720	0.0046	70.3235
91.4953	0.0000	0.0000	0.0082	0.0000	0.6530	-0.0300	230.7120	0.0332	2.0600	68.2053	NOT CONNECTED	0.0000	500.0000	0.0000	0.0000	0.0000	0.0000	0.0672	0.0349	-1.5529	0.2447	-1.5678	0.1145	0.0000	0.0000	321.5976	0.0000	73.6452	1.5720	0.0046	70.3235
92.0510	0.0000	0.0000	0.0082	0.0000	0.6530	-0.0300	230.6780	0.0318	1.9400	68.2443	NOT CONNECTED	0.0000	500.0000	0.0000	0.0000	0.0000	0.0000	0.0672	0.0349	-1.5529	0.2447	-1.5678	0.1145	0.0000	0.0000	321.5231	0.0000	73.5240	1.5720	0.0050	70.3235
92.1001	NOT CONNECTED	NOT CONNECTED	NOT CONNECTED	NOT CONNECTED	NOT CONNECTED	NOT CONNECTED	NOT CONNECTED	NOT CONNECTED	NOT CONNECTED	NOT CONNECTED	NOT CONNECTED	0.0000	500.0000	0.0000	0.0000	0.0000	0.0000	0.0672	0.0349	-1.5529	0.2447	-1.5678	0.1145	0.0000	0.0000	321.5231	0.0000	73.5240	1.5720	0.0050	70.3235
