Time	speed	torque	motor_current	motor_current_thd	motor_voltage	motor_power	line_voltage	line_current	line_power	motor_temperature	Test_Marker	BD_Target_Speed	BD_Target_Accel	BD_Update_Cmd	Mcl_Quantities.Speed_Rot_Mech	Mcl_Quantities.Torque	Mcl_Quantities.Torque_Ref	Mcl_Quantities.Stator_Flux_Mag	Mcl_Quantities.Flux_Ref	Mcl_Quantities.Id_stator_current	Mcl_Quantities.Iq_stator_current	Mcl_Quantities.Id_rotor_current	Rotor_Curr_Iq	Flux_Controller.Out	Torque_Controller.Out	DC_Bus_RMS	Mcl_Quantities.Electrical_Power	Mcl_Quantities.Stator_Temperature	Mcl_Quantities.Is_Abs	Mcl_Quantities.IsRMS	SR_Overheating_Temp
0.7406	0.0000	0.0000	0.0080	0.0000	0.6380	-0.0300	230.7930	0.0345	2.0000	79.4473	NOT CONNECTED	NOT CONNECTED	NOT CONNECTED	NOT CONNECTED	NOT CONNECTED	NOT CONNECTED	NOT CONNECTED	NOT CONNECTED	NOT CONNECTED	NOT CONNECTED	NOT CONNECTED	NOT CONNECTED	NOT CONNECTED	NOT CONNECTED	NOT CONNECTED	NOT CONNECTED	NOT CONNECTED	NOT CONNECTED	NOT CONNECTED	NOT CONNECTED	NOT CONNECTED
1.4979	0.0000	0.0000	0.0080	0.0000	0.6380	-0.0300	230.7930	0.0345	2.0000	79.4473	NOT CONNECTED	0.0000	500.0000	0.0000	0.0000	0.0000	0.0000	0.0672	0.0349	-1.5048	0.0161	-1.5049	0.0077	0.0000	0.0000	321.9792	0.0000	81.4581	1.5049	0.0211	102.4120
2.1036	0.0000	0.0000	0.0080	0.0000	0.6380	-0.0300	230.8040	0.0343	1.9900	78.8717	NOT CONNECTED	0.0000	500.0000	0.0000	0.0000	0.0000	0.0000	0.0672	0.0349	-1.5048	0.0161	-1.5049	0.0077	0.0000	0.0000	321.9860	0.0000	81.1937	1.5049	0.0052	102.4120
2.7096	0.0000	0.0000	0.0080	0.0000	0.6380	-0.0300	230.8040	0.0343	1.9900	78.8717	NOT CONNECTED	0.0000	500.0000	0.0000	0.0000	0.0000	0.0000	0.0672	0.0349	-1.5048	0.0161	-1.5049	0.0077	0.0000	0.0000	321.9900	0.0000	80.9586	1.5049	0.0049	102.2367
2.9841	0.0000	0.0000	0.0080	0.0000	0.6380	-0.0300	230.8040	0.0343	1.9900	78.8717	NOT CONNECTED	0.0000	500.0000	0.0000	0.0000	0.0000	0.0000	0.0672	0.0349	-1.5048	0.0161	-1.5049	0.0077	0.0000	0.0000	321.9900	0.0000	80.9586	1.5049	0.0049	102.2367
3.3150	0.0000	0.0000	0.0080	0.0000	0.6380	-0.0300	230.8040	0.0343	1.9900	78.8717	NOT CONNECTED	0.0000	500.0000	0.0000	0.0000	0.0000	0.0000	0.0672	0.0349	-1.5048	0.0161	-1.5049	0.0077	0.0000	0.0000	322.0157	0.0000	80.7212	1.5049	0.0050	102.0623
3.7250	0.0000	0.0000	0.0080	0.0000	0.6380	-0.0300	230.8040	0.0342	1.9900	78.6658	NOT CONNECTED	0.0000	500.0000	0.0000	0.0000	0.0000	0.0000	0.0672	0.0349	-1.5048	0.0161	-1.5049	0.0077	0.0000	0.0000	321.9819	0.0000	80.4824	1.5049	0.0052	102.0623
3.9208	0.0000	0.0000	0.0080	0.0000	0.6380	-0.0300	230.8040	0.0342	1.9900	78.6658	NOT CONNECTED	0.0000	500.0000	0.0000	0.0000	0.0000	0.0000	0.0672	0.0349	-1.5048	0.0161	-1.5049	0.0077	0.0000	0.0000	321.9819	0.0000	80.4824	1.5049	0.0052	102.0623
4.4552	0.0000	0.0000	0.0080	0.0000	0.6380	-0.0300	230.7990	0.0342	1.9900	78.4414	NOT CONNECTED	0.0000	500.0000	0.0000	0.0000	0.0000	0.0000	0.0672	0.0349	-1.5048	0.0161	-1.5049	0.0077	0.0000	0.0000	321.9792	0.0000	80.2608	1.5049	0.0047	101.8888
4.5097	0.0000	0.0000	0.0080	0.0000	0.6380	-0.0300	230.7990	0.0342	1.9900	78.4414	NOT CONNECTED	0.0000	500.0000	0.0000	0.0000	0.0000	0.0000	0.0672	0.0349	-1.5048	0.0161	-1.5049	0.0077	0.0000	0.0000	321.9792	0.0000	80.2608	1.5049	0.0047	101.8888
5.1158	0.0000	0.0000	0.0080	0.0000	0.6380	-0.0300	230.7950	0.0341	1.9900	78.2453	NOT CONNECTED	0.0000	500.0000	0.0000	0.0000	0.0000	0.0000	0.0672	0.0349	-1.5048	0.0161	-1.5049	0.0077	0.0000	0.0000	321.9331	0.0000	80.0553	1.5049	0.0054	101.8888
5.1835	0.0000	0.0000	0.0080	0.0000	0.6380	-0.0300	230.7950	0.0341	1.9900	78.2453	NOT CONNECTED	0.0000	500.0000	0.0000	0.0000	0.0000	0.0000	0.0672	0.0349	-1.5048	0.0161	-1.5049	0.0077	0.0000	0.0000	321.9331	0.0000	80.0553	1.5049	0.0054	101.8888
5.7209	0.0000	0.0000	0.0080	0.0000	0.6380	-0.0300	230.7840	0.0341	1.9800	78.0131	NOT CONNECTED	0.0000	500.0000	0.0000	0.0000	0.0000	0.0000	0.0672	0.0349	-1.5048	0.0161	-1.5049	0.0077	0.0000	0.0000	321.9291	0.0000	79.8392	1.5049	0.0051	101.7162
5.9217	0.0000	0.0000	0.0080	0.0000	0.6380	-0.0300	230.7840	0.0341	1.9800	78.0131	NOT CONNECTED	0.0000	500.0000	0.0000	0.0000	0.0000	0.0000	0.0672	0.0349	-1.5048	0.0161	-1.5049	0.0077	0.0000	0.0000	321.9291	0.0000	79.8392	1.5049	0.0051	101.7162
6.3116	0.0000	0.0000	0.0080	0.0000	0.6380	-0.0300	230.7770	0.0340	1.9900	77.8272	NOT CONNECTED	0.0000	500.0000	0.0000	0.0000	0.0000	0.0000	0.0672	0.0349	-1.5048	0.0161	-1.5049	0.0077	0.0000	0.0000	321.9494	0.0000	79.6387	1.5049	0.0049	101.5445
6.6580	0.0000	0.0000	0.0080	0.0000	0.6380	-0.0300	230.7770	0.0340	1.9900	77.8272	NOT CONNECTED	0.0000	500.0000	0.0000	0.0000	0.0000	0.0000	0.0672	0.0349	-1.5048	0.0161	-1.5049	0.0077	0.0000	0.0000	321.9074	0.0000	79.4447	1.5049	0.0050	101.5445
6.9161	0.0000	0.0000	0.0080	0.0000	0.6380	-0.0300	230.7770	0.0340	1.9900	77.8272	NOT CONNECTED	0.0000	500.0000	0.0000	0.0000	0.0000	0.0000	0.0672	0.0349	-1.5048	0.0161	-1.5049	0.0077	0.0000	0.0000	321.9074	0.0000	79.4447	1.5049	0.0050	101.5445
7.3869	0.0000	0.0000	0.0080	0.0000	0.6370	-0.0300	230.7550	0.0339	1.9900	77.6146	NOT CONNECTED	0.0000	500.0000	0.0000	0.0000	0.0000	0.0000	0.0672	0.0349	-1.5048	0.0161	-1.5049	0.0077	0.0000	0.0000	321.8939	0.0000	79.2570	1.5049	0.0048	101.3737
7.5223	0.0000	0.0000	0.0080	0.0000	0.6370	-0.0300	230.7550	0.0339	1.9900	77.6146	NOT CONNECTED	0.0000	500.0000	0.0000	0.0000	0.0000	0.0000	0.0672	0.0349	-1.5048	0.0161	-1.5049	0.0077	0.0000	0.0000	321.8939	0.0000	79.2570	1.5049	0.0048	101.3737
8.1244	0.0000	0.0000	0.0080	0.0000	0.6370	-0.0300	230.7400	0.0340	1.9900	77.3974	NOT CONNECTED	0.0000	500.0000	0.0000	0.0000	0.0000	0.0000	0.0672	0.0349	-1.5048	0.0161	-1.5049	0.0077	0.0000	0.0000	321.8385	0.0000	79.0753	1.5049	0.0049	101.3737
8.1286	0.0000	0.0000	0.0080	0.0000	0.6370	-0.0300	230.7400	0.0340	1.9900	77.3974	NOT CONNECTED	0.0000	500.0000	0.0000	0.0000	0.0000	0.0000	0.0672	0.0349	-1.5048	0.0161	-1.5049	0.0077	0.0000	0.0000	321.8385	0.0000	79.0753	1.5049	0.0049	101.3737
8.7181	0.0000	0.0000	0.0080	0.0000	0.6370	-0.0300	230.7070	0.0339	1.9900	77.2081	NOT CONNECTED	0.0000	500.0000	0.0000	0.0000	0.0000	0.0000	0.0672	0.0349	-1.5048	0.0161	-1.5049	0.0077	0.0000	0.0000	321.7952	0.0000	78.8995	1.5049	0.0050	101.2037
8.8668	0.0000	0.0000	0.0080	0.0000	0.6370	-0.0300	230.7070	0.0339	1.9900	77.2081	NOT CONNECTED	0.0000	500.0000	0.0000	0.0000	0.0000	0.0000	0.0672	0.0349	-1.5048	0.0161	-1.5049	0.0077	0.0000	0.0000	321.7952	0.0000	78.8995	1.5049	0.0050	101.2037
9.3240	0.0000	0.0000	0.0080	0.0000	0.6370	-0.0300	230.6880	0.0339	1.9900	77.0232	NOT CONNECTED	0.0000	500.0000	0.0000	0.0000	0.0000	0.0000	0.0672	0.0349	-1.5048	0.0161	-1.5049	0.0077	0.0000	0.0000	321.7749	0.0000	78.7294	1.5049	0.0047	101.0347
9.6146	0.0000	0.0000	0.0080	0.0000	0.6370	-0.0300	230.6880	0.0339	1.9900	77.0232	NOT CONNECTED	0.0000	500.0000	0.0000	0.0000	0.0000	0.0000	0.0672	0.0349	-1.5048	0.0161	-1.5049	0.0077	0.0000	0.0000	321.7749	0.0000	78.7294	1.5049	0.0047	101.0347
9.9296	0.0000	0.0000	0.0080	0.0000	0.6370	-0.0300	230.6880	0.0339	1.9900	77.0232	NOT CONNECTED	0.0000	500.0000	0.0000	0.0000	0.0000	0.0000	0.0672	0.0349	-1.5048	0.0161	-1.5049	0.0077	0.0000	0.0000	321.7303	0.0000	78.5647	1.5049	0.0049	101.0347
10.3591	0.0000	0.0000	0.0080	0.0000	0.6380	-0.0300	230.6520	0.0337	1.9700	76.8037	NOT CONNECTED	0.0000	500.0000	0.0000	0.0000	0.0000	0.0000	0.0672	0.0349	-1.5048	0.0161	-1.5049	0.0077	0.0000	0.0000	321.7275	0.0000	78.4052	1.5049	0.0051	100.8665
10.5347	0.0000	0.0000	0.0080	0.0000	0.6380	-0.0300	230.6520	0.0337	1.9700	76.8037	NOT CONNECTED	0.0000	500.0000	0.0000	0.0000	0.0000	0.0000	0.0672	0.0349	-1.5048	0.0161	-1.5049	0.0077	0.0000	0.0000	321.7275	0.0000	78.4052	1.5049	0.0051	100.8665
11.0981	0.0000	0.0000	0.0080	0.0000	0.6380	-0.0300	230.6330	0.0336	1.9700	76.6153	NOT CONNECTED	0.0000	500.0000	0.0000	0.0000	0.0000	0.0000	0.0672	0.0349	-1.5048	0.0161	-1.5049	0.0077	0.0000	0.0000	321.6612	0.0000	78.2444	1.5049	0.0048	100.8665
11.1409	0.0000	0.0000	0.0080	0.0000	0.6380	-0.0300	230.6330	0.0336	1.9700	76.6153	NOT CONNECTED	0.0000	500.0000	0.0000	0.0000	0.0000	0.0000	0.0672	0.0349	-1.5048	0.0161	-1.5049	0.0077	0.0000	0.0000	321.6612	0.0000	78.2444	1.5049	0.0048	100.8665
11.7460	0.0000	0.0000	0.0080	0.0000	0.6380	-0.0300	230.5940	0.0335	1.9600	76.4251	NOT CONNECTED	0.0000	500.0000	0.0000	0.0000	0.0000	0.0000	0.0672	0.0349	-1.5048	0.0161	-1.5049	0.0077	0.0000	0.0000	321.6205	0.0000	78.0951	1.5049	0.0051	100.6992
11.8347	0.0000	0.0000	0.0080	0.0000	0.6380	-0.0300	230.5940	0.0335	1.9600	76.4251	NOT CONNECTED	0.0000	500.0000	0.0000	0.0000	0.0000	0.0000	0.0672	0.0349	-1.5048	0.0161	-1.5049	0.0077	0.0000	0.0000	321.6205	0.0000	78.0951	1.5049	0.0051	100.6992
12.3516	0.0000	0.0000	0.0080	0.0000	0.6380	-0.0300	230.5730	0.0334	1.9500	76.2187	NOT CONNECTED	0.0000	500.0000	0.0000	0.0000	0.0000	0.0000	0.0672	0.0349	-1.5048	0.0161	-1.5049	0.0077	0.0000	0.0000	321.6070	0.0000	77.9504	1.5049	0.0050	100.5327
12.5778	0.0000	0.0000	0.0080	0.0000	0.6380	-0.0300	230.5730	0.0334	1.9500	76.2187	NOT CONNECTED	0.0000	500.0000	0.0000	0.0000	0.0000	0.0000	0.0672	0.0349	-1.5048	0.0161	-1.5049	0.0077	0.0000	0.0000	321.6070	0.0000	77.9504	1.5049	0.0050	100.5327
12.9590	0.0000	0.0000	0.0080	0.0000	0.6390	-0.0300	230.5310	0.0332	1.9500	76.0206	NOT CONNECTED	0.0000	500.0000	0.0000	0.0000	0.0000	0.0000	0.0672	0.0349	-1.5048	0.0161	-1.5049	0.0077	0.0000	0.0000	321.5529	0.0000	77.8104	1.5049	0.0049	100.5327
13.3189	0.0000	0.0000	0.0080	0.0000	0.6390	-0.0300	230.5310	0.0332	1.9500	76.0206	NOT CONNECTED	0.0000	500.0000	0.0000	0.0000	0.0000	0.0000	0.0672	0.0349	-1.5048	0.0161	-1.5049	0.0077	0.0000	0.0000	321.5272	0.0000	77.6691	1.5049	0.0050	100.3671
13.5634	0.0000	0.0000	0.0080	0.0000	0.6390	-0.0300	230.5310	0.0332	1.9500	76.0206	NOT CONNECTED	0.0000	500.0000	0.0000	0.0000	0.0000	0.0000	0.0672	0.0349	-1.5048	0.0161	-1.5049	0.0077	0.0000	0.0000	321.5272	0.0000	77.6691	1.5049	0.0050	100.3671
14.1688	0.0000	0.0000	0.0080	0.0000	0.6390	-0.0300	230.4860	0.0332	1.9600	75.7459	NOT CONNECTED	0.0000	500.0000	0.0000	0.0000	0.0000	0.0000	0.0672	0.0349	-1.5048	0.0161	-1.5049	0.0077	0.0000	0.0000	321.4690	0.0000	77.5378	1.5049	0.0051	100.3671
14.2958	0.0000	0.0000	0.0080	0.0000	0.6390	-0.0300	230.4860	0.0332	1.9600	75.7459	NOT CONNECTED	0.0000	500.0000	0.0000	0.0000	0.0000	0.0000	0.0672	0.0349	-1.5048	0.0161	-1.5049	0.0077	0.0000	0.0000	321.4690	0.0000	77.5378	1.5049	0.0051	100.3671
14.7750	0.0000	0.0000	0.0080	0.0000	0.6380	-0.0300	230.4660	0.0332	1.9600	75.5616	NOT CONNECTED	0.0000	500.0000	0.0000	0.0000	0.0000	0.0000	0.0672	0.0349	-1.5048	0.0161	-1.5049	0.0077	0.0000	0.0000	321.4095	0.0000	77.4105	1.5049	0.0050	100.2023
15.0281	0.0000	0.0000	0.0080	0.0000	0.6380	-0.0300	230.4660	0.0332	1.9600	75.5616	NOT CONNECTED	0.0000	500.0000	0.0000	0.0000	0.0000	0.0000	0.0672	0.0349	-1.5048	0.0161	-1.5049	0.0077	0.0000	0.0000	321.4095	0.0000	77.4105	1.5049	0.0050	100.2023
15.3970	0.0000	0.0000	0.0080	0.0000	0.6380	-0.0300	230.4660	0.0332	1.9600	75.5616	NOT CONNECTED	12000.0000	500.0000	0.0000	0.0000	0.0000	0.0000	0.0672	0.0349	-1.5048	0.0161	-1.5049	0.0077	0.0000	0.0000	321.3852	0.0000	77.2820	1.5049	0.0050	100.0383
15.7846	0.0000	0.0000	0.0080	0.0000	0.6390	-0.0300	230.4490	0.0332	1.9600	75.3438	NOT CONNECTED	12000.0000	500.0000	0.0000	0.0000	0.0000	0.0000	0.0672	0.0349	-1.5048	0.0161	-1.5049	0.0077	0.0000	0.0000	321.3703	0.0000	77.1626	1.5049	0.0050	100.0383
16.0022	0.0000	0.0000	0.0080	0.0000	0.6390	-0.0300	230.4490	0.0332	1.9600	75.3438	NOT CONNECTED	12000.0000	500.0000	0.0000	0.0000	0.0000	0.0000	0.0672	0.0349	-1.5048	0.0161	-1.5049	0.0077	0.0000	0.0000	321.3703	0.0000	77.1626	1.5049	0.0050	100.0383
16.5265	0.0000	0.0000	0.0080	0.0000	0.6390	-0.0300	230.4200	0.0332	1.9800	75.1756	NOT CONNECTED	12000.0000	500.0000	0.0000	0.0000	0.0000	0.0000	0.0672	0.0349	-1.5048	0.0161	-1.5049	0.0077	0.0000	0.0000	321.3636	0.0000	77.0421	1.5049	0.0052	99.8752
16.6238	0.0000	0.0000	0.0080	0.0000	0.6390	-0.0300	230.4200	0.0332	1.9800	75.1756	NOT CONNECTED	12000.0000	500.0000	0.0000	0.0000	0.0000	0.0000	0.0672	0.0349	-1.5048	0.0161	-1.5049	0.0077	0.0000	0.0000	321.3636	0.0000	77.0421	1.5049	0.0052	99.8752
17.2294	0.0000	0.0000	0.0080	0.0000	0.6390	-0.0300	230.4090	0.0334	1.9800	74.9962	NOT CONNECTED	12000.0000	500.0000	0.0000	0.0000	0.0000	0.0000	0.0672	0.0349	-1.5048	0.0161	-1.5049	0.0077	0.0000	0.0000	321.3744	0.0000	76.9300	1.5049	0.0049	99.8752
17.2937	0.0000	0.0000	0.0080	0.0000	0.6390	-0.0300	230.4090	0.0334	1.9800	74.9962	NOT CONNECTED	12000.0000	500.0000	0.0000	0.0000	0.0000	0.0000	0.0672	0.0349	-1.5048	0.0161	-1.5049	0.0077	0.0000	0.0000	321.3744	0.0000	76.9300	1.5049	0.0049	99.8752
17.8356	0.0000	0.0000	0.0080	0.0000	0.6390	-0.0300	230.3990	0.0333	1.9900	74.8214	NOT CONNECTED	12000.0000	500.0000	0.0000	0.0000	0.0000	0.0000	0.0672	0.0349	-1.5048	0.0161	-1.5049	0.0077	0.0000	0.0000	321.3162	0.0000	76.8213	1.5049	0.0050	99.7129
18.0261	0.0000	0.0000	0.0080	0.0000	0.6390	-0.0300	230.3990	0.0333	1.9900	74.8214	NOT CONNECTED	12000.0000	500.0000	0.0000	0.0000	0.0000	0.0000	0.0672	0.0349	-1.5048	0.0161	-1.5049	0.0077	0.0000	0.0000	321.3162	0.0000	76.8213	1.5049	0.0050	99.7129
18.4406	0.0000	0.0000	0.0080	0.0000	0.6380	-0.0300	230.3960	0.0333	1.9900	74.6544	NOT CONNECTED	12000.0000	500.0000	0.0000	0.0000	0.0000	0.0000	0.0672	0.0349	-1.5048	0.0161	-1.5049	0.0077	0.0000	0.0000	321.3216	0.0000	76.7115	1.5049	0.0052	99.5514
18.7792	0.0000	0.0000	0.0080	0.0000	0.6380	-0.0300	230.3960	0.0333	1.9900	74.6544	NOT CONNECTED	12000.0000	500.0000	0.0000	0.0000	0.0000	0.0000	0.0672	0.0349	-1.5048	0.0161	-1.5049	0.0077	0.0000	0.0000	321.3243	0.0000	76.6094	1.5049	0.0052	99.5514
19.0462	0.0000	0.0000	0.0080	0.0000	0.6380	-0.0300	230.3960	0.0333	1.9900	74.6544	NOT CONNECTED	12000.0000	500.0000	0.0000	0.0000	0.0000	0.0000	0.0672	0.0349	-1.5048	0.0161	-1.5049	0.0077	0.0000	0.0000	321.3243	0.0000	76.6094	1.5049	0.0052	99.5514
19.5151	0.0000	0.0000	0.0079	0.0000	0.6390	-0.0300	230.3980	0.0333	1.9900	74.4687	NOT CONNECTED	12000.0000	500.0000	0.0000	0.0000	0.0043	0.0000	0.0672	0.0349	-0.0205	0.0157	-1.5049	-0.0077	1.0850	0.0000	317.8080	0.0000	76.5103	1.5049	0.0048	99.3907
19.6447	0.0000	0.0000	0.0079	0.0000	0.6390	-0.0300	230.3980	0.0333	1.9900	74.4687	NOT CONNECTED	12000.0000	500.0000	0.0000	0.0000	0.0043	0.0000	0.0672	0.0349	-0.0205	0.0157	-1.5049	-0.0077	1.0850	0.0000	317.8080	0.0000	76.5103	1.5049	0.0048	99.3907
20.2528	93.0000	-0.1250	0.0080	0.0000	0.6390	-0.0300	230.4030	0.0332	1.9900	74.2982	NOT CONNECTED	12000.0000	500.0000	0.0000	-6.9114	0.0547	0.0000	0.1203	0.0349	2.0819	0.0771	2.0109	-0.1716	14.4550	0.0000	315.0596	44.7218	76.4615	2.0717	0.9103	99.2309
20.9948	0.0000	-0.0370	1.3723	0.0000	12.9620	39.4100	230.3810	0.5265	55.8900	74.2176	NOT CONNECTED	12000.0000	500.0000	0.0000	-0.0607	-0.0103	0.0000	0.1336	0.0349	3.0744	-0.0143	3.0343	-0.0132	20.6849	0.0000	310.8879	94.2819	77.5235	3.0183	2.1518	99.2113
21.4011	0.0000	-0.0400	1.9782	0.0000	18.8980	83.2900	230.3770	0.9292	107.8000	74.2246	NOT CONNECTED	12000.0000	500.0000	0.0000	-0.0607	-0.0103	0.0000	0.1336	0.0349	3.0744	-0.0143	3.0343	-0.0132	20.6849	0.0000	310.8879	94.2819	77.5235	3.0183	2.1518	99.2113
21.7350	0.0000	-0.0400	1.9782	0.0000	18.8980	83.2900	230.3770	0.9292	107.8000	74.2246	NOT CONNECTED	12000.0000	500.0000	0.0000	-0.1298	-0.0123	0.0000	0.1098	0.0349	0.9712	-0.0177	0.9591	0.0029	3.6800	0.1073	319.0245	11.4467	78.1394	0.9633	0.6924	99.2113
21.9834	0.0000	-0.0400	1.9782	0.0000	18.8980	83.2900	230.3770	0.9292	107.8000	74.2246	NOT CONNECTED	12000.0000	500.0000	0.0000	-0.1298	-0.0123	0.0000	0.1098	0.0349	0.9712	-0.0177	0.9591	0.0029	3.6800	0.1073	319.0245	11.4467	78.1394	0.9633	0.6924	99.2113
22.4677	0.0000	-0.0330	0.6489	0.0000	5.9830	8.4300	230.5060	0.1953	17.2700	74.1905	NOT CONNECTED	12000.0000	500.0000	0.0000	110.6382	0.1999	0.2018	0.0806	0.0806	0.9223	0.4111	0.8370	0.5621	6.7578	8.2179	318.8217	13.2682	77.1979	0.9853	0.6512	99.4821
22.5895	0.0000	-0.0330	0.6489	0.0000	5.9830	8.4300	230.5060	0.1953	17.2700	74.1905	NOT CONNECTED	12000.0000	500.0000	0.0000	110.6382	0.1999	0.2018	0.0806	0.0806	0.9223	0.4111	0.8370	0.5621	6.7578	8.2179	318.8217	13.2682	77.1979	0.9853	0.6512	99.4821
23.1952	299.0000	-0.1120	0.6040	0.0000	5.8360	7.7800	230.4980	0.1837	16.0400	74.1499	NOT CONNECTED	12000.0000	500.0000	0.0000	447.3880	0.1121	0.1000	0.0707	0.0708	0.2902	0.2563	0.2310	0.2525	1.7164	15.7703	319.5885	7.7833	77.1252	0.3820	0.2728	99.4821
23.2068	299.0000	-0.1120	0.6040	0.0000	5.8360	7.7800	230.4980	0.1837	16.0400	74.1499	NOT CONNECTED	12000.0000	500.0000	0.0000	447.3880	0.1121	0.1000	0.0707	0.0708	0.2902	0.2563	0.2310	0.2525	1.7164	15.7703	319.5885	7.7833	77.1252	0.3820	0.2728	99.4821
23.8000	663.0000	-0.1060	0.2741	0.0000	19.3690	7.5000	230.5270	0.1626	14.0200	74.0813	NOT CONNECTED	12000.0000	500.0000	0.0000	745.4381	0.1325	0.1272	0.0708	0.0709	0.2559	0.3117	0.2919	0.3200	1.7702	24.8502	318.9800	11.7946	76.9883	0.4322	0.2898	99.3675
23.9487	663.0000	-0.1060	0.2741	0.0000	19.3690	7.5000	230.5270	0.1626	14.0200	74.0813	NOT CONNECTED	12000.0000	500.0000	0.0000	745.4381	0.1325	0.1272	0.0708	0.0709	0.2559	0.3117	0.2919	0.3200	1.7702	24.8502	318.9800	11.7946	76.9883	0.4322	0.2898	99.3675
24.4065	1037.0000	-0.1090	0.2944	0.0000	28.5120	11.2100	230.5490	0.2034	18.2800	73.9731	NOT CONNECTED	12000.0000	500.0000	0.0000	1048.1460	0.1234	0.1364	0.0710	0.0708	0.2872	0.2935	0.2227	0.3729	1.7218	34.0007	318.3403	16.6802	76.8612	0.3974	0.3050	99.2305
24.7019	1037.0000	-0.1090	0.2944	0.0000	28.5120	11.2100	230.5490	0.2034	18.2800	73.9731	NOT CONNECTED	12000.0000	500.0000	0.0000	1048.1460	0.1234	0.1364	0.0710	0.0708	0.2872	0.2935	0.2227	0.3729	1.7218	34.0007	318.3403	16.6802	76.8612	0.3974	0.3050	99.2305
25.0123	1037.0000	-0.1090	0.2944	0.0000	28.5120	11.2100	230.5490	0.2034	18.2800	73.9731	NOT CONNECTED	12000.0000	500.0000	0.0000	1349.6245	0.1205	0.1326	0.0709	0.0708	0.3460	0.2888	0.2520	0.3324	1.9256	42.9820	317.7794	21.4969	76.7418	0.4248	0.3192	99.2305
25.4478	1417.0000	-0.1090	0.3167	0.0000	46.6850	18.8600	230.5870	0.2808	26.8000	73.8526	NOT CONNECTED	12000.0000	500.0000	0.0000	1653.5436	0.1401	0.1236	0.0708	0.0709	0.2683	0.3363	0.2842	0.3844	2.2179	52.1447	317.2199	26.0687	76.6290	0.4548	0.3272	99.0904
25.6173	1417.0000	-0.1090	0.3167	0.0000	46.6850	18.8600	230.5870	0.2808	26.8000	73.8526	NOT CONNECTED	12000.0000	500.0000	0.0000	1653.5436	0.1401	0.1236	0.0708	0.0709	0.2683	0.3363	0.2842	0.3844	2.2179	52.1447	317.2199	26.0687	76.6290	0.4548	0.3272	99.0904
26.1929	1787.0000	-0.1100	0.3255	0.0000	55.7030	22.9200	230.6060	0.3197	31.2700	73.7058	NOT CONNECTED	12000.0000	500.0000	0.0000	1943.2476	0.1698	0.1698	0.0709	0.0710	0.3614	0.3994	0.2516	0.3619	2.2571	60.8026	316.7173	31.5594	76.5171	0.4454	0.3357	99.0904
26.2075	1787.0000	-0.1100	0.3255	0.0000	55.7030	22.9200	230.6060	0.3197	31.2700	73.7058	NOT CONNECTED	12000.0000	500.0000	0.0000	1943.2476	0.1698	0.1698	0.0709	0.0710	0.3614	0.3994	0.2516	0.3619	2.2571	60.8026	316.7173	31.5594	76.5171	0.4454	0.3357	99.0904
26.8134	2153.0000	-0.1100	0.3376	0.0000	73.9200	31.3700	230.6400	0.3974	40.5400	73.5223	NOT CONNECTED	12000.0000	500.0000	0.0000	2255.3238	0.1326	0.1337	0.0708	0.0708	0.3629	0.3025	0.3077	0.4062	2.3973	70.8065	316.1691	36.6589	76.4150	0.4801	0.3424	98.9563
26.9287	2153.0000	-0.1100	0.3376	0.0000	73.9200	31.3700	230.6400	0.3974	40.5400	73.5223	NOT CONNECTED	12000.0000	500.0000	0.0000	2255.3238	0.1326	0.1337	0.0708	0.0708	0.3629	0.3025	0.3077	0.4062	2.3973	70.8065	316.1691	36.6589	76.4150	0.4801	0.3424	98.9563
27.4185	2527.0000	-0.1100	0.3435	0.0000	83.1440	35.9300	230.6560	0.4375	45.4800	73.3174	NOT CONNECTED	12000.0000	500.0000	0.0000	2551.6450	0.1544	0.1550	0.0709	0.0709	0.3055	0.3586	0.3294	0.3613	2.2194	78.9251	315.6603	42.1186	76.3174	0.5365	0.3491	98.8274
27.6793	2527.0000	-0.1100	0.3435	0.0000	83.1440	35.9300	230.6560	0.4375	45.4800	73.3174	NOT CONNECTED	12000.0000	500.0000	0.0000	2551.6450	0.1544	0.1550	0.0709	0.0709	0.3055	0.3586	0.3294	0.3613	2.2194	78.9251	315.6603	42.1186	76.3174	0.5365	0.3491	98.8274
28.0242	2527.0000	-0.1100	0.3435	0.0000	83.1440	35.9300	230.6560	0.4375	45.4800	73.3174	NOT CONNECTED	12000.0000	500.0000	0.0000	2857.0649	0.1383	0.1464	0.0709	0.0709	0.3082	0.3307	0.3626	0.4011	2.0342	88.7221	315.0354	47.6984	76.2241	0.5098	0.3567	98.8274
28.4239	2898.0000	-0.1100	0.3549	0.0000	101.4150	45.3000	230.6840	0.5174	55.5000	73.1033	NOT CONNECTED	12000.0000	500.0000	0.0000	3153.6645	0.1649	0.1474	0.0709	0.0709	0.3620	0.3875	0.3861	0.4089	1.8304	96.8364	314.5664	53.6718	76.1348	0.5749	0.3632	98.7038
28.6142	2898.0000	-0.1100	0.3549	0.0000	101.4150	45.3000	230.6840	0.5174	55.5000	73.1033	NOT CONNECTED	12000.0000	500.0000	0.0000	3153.6645	0.1649	0.1474	0.0709	0.0709	0.3620	0.3875	0.3861	0.4089	1.8304	96.8364	314.5664	53.6718	76.1348	0.5749	0.3632	98.7038
29.1700	3274.0000	-0.1120	0.3605	0.0000	110.4640	50.2200	230.6960	0.5582	60.7400	72.9030	NOT CONNECTED	12000.0000	500.0000	0.0000	3455.6945	0.1873	0.1422	0.0708	0.0710	0.4024	0.4408	0.3368	0.3560	1.6112	106.4736	314.0478	59.4210	76.0486	0.5437	0.3608	98.7038
29.2198	3274.0000	-0.1120	0.3605	0.0000	110.4640	50.2200	230.6960	0.5582	60.7400	72.9030	NOT CONNECTED	12000.0000	500.0000	0.0000	3455.6945	0.1873	0.1422	0.0708	0.0710	0.4024	0.4408	0.3368	0.3560	1.6112	106.4736	314.0478	59.4210	76.0486	0.5437	0.3608	98.7038
29.8255	3643.0000	-0.1120	0.3713	0.0000	128.7850	60.3800	230.7170	0.6444	71.5500	72.6930	NOT CONNECTED	12000.0000	500.0000	0.0000	3750.4323	0.1779	0.1729	0.0710	0.0710	0.3635	0.4255	0.3055	0.4402	1.5866	115.8947	313.7196	65.4553	75.9665	0.5289	0.3778	98.5864
29.9137	3643.0000	-0.1120	0.3713	0.0000	128.7850	60.3800	230.7170	0.6444	71.5500	72.6930	NOT CONNECTED	12000.0000	500.0000	0.0000	3750.4323	0.1779	0.1729	0.0710	0.0710	0.3635	0.4255	0.3055	0.4402	1.5866	115.8947	313.7196	65.4553	75.9665	0.5289	0.3778	98.5864
30.4306	4015.0000	-0.1120	0.3765	0.0000	138.0460	65.7300	230.7280	0.6877	77.0500	72.4757	NOT CONNECTED	12000.0000	500.0000	0.0000	4056.9100	0.1698	0.1409	0.0709	0.0709	0.3602	0.4001	0.2493	0.5343	2.3558	125.5693	313.1501	72.1020	75.8882	0.4874	0.3847	98.4744
30.6593	4015.0000	-0.1120	0.3765	0.0000	138.0460	65.7300	230.7280	0.6877	77.0500	72.4757	NOT CONNECTED	12000.0000	500.0000	0.0000	4056.9100	0.1698	0.1409	0.0709	0.0709	0.3602	0.4001	0.2493	0.5343	2.3558	125.5693	313.1501	72.1020	75.8882	0.4874	0.3847	98.4744
31.0366	4381.0000	-0.1140	0.3887	0.0000	156.4430	77.2400	230.7440	0.7798	89.0400	72.3213	NOT CONNECTED	12000.0000	500.0000	0.0000	4343.5629	0.1386	0.2028	0.0710	0.0709	0.3601	0.3227	0.3821	0.4632	2.2461	133.4087	312.5895	79.4432	75.8134	0.4976	0.3915	98.4744
31.3886	4381.0000	-0.1140	0.3887	0.0000	156.4430	77.2400	230.7440	0.7798	89.0400	72.3213	NOT CONNECTED	12000.0000	500.0000	0.0000	4650.7677	0.1702	0.1823	0.0710	0.0710	0.4018	0.4004	0.1688	0.4384	1.3243	142.1014	312.0633	85.4938	75.7421	0.4577	0.4016	98.3680
31.6266	4381.0000	-0.1140	0.3887	0.0000	156.4430	77.2400	230.7440	0.7798	89.0400	72.3213	NOT CONNECTED	12000.0000	500.0000	0.0000	4650.7677	0.1702	0.1823	0.0710	0.0710	0.4018	0.4004	0.1688	0.4384	1.3243	142.1014	312.0633	85.4938	75.7421	0.4577	0.4016	98.3680
32.1395	4751.0000	-0.1160	0.3935	0.0000	165.5900	83.0600	230.7510	0.8244	95.0300	72.0869	NOT CONNECTED	12000.0000	500.0000	0.0000	4650.7677	0.1702	0.1823	0.0710	0.0710	0.4018	0.4004	0.1688	0.4384	1.3243	142.1014	312.0633	85.4938	75.7421	0.4577	0.4016	98.3680
32.7422	5121.0000	-0.1240	0.4063	0.0000	184.0470	95.6700	230.7570	0.9199	108.0800	71.9219	NOT CONNECTED	12000.0000	500.0000	0.0000	5213.5010	0.1837	0.1655	0.0708	0.0710	0.3446	0.4554	0.3223	0.4037	3.2246	160.1426	311.1465	100.1963	75.6151	0.5637	0.4139	98.2685
32.8787	5121.0000	-0.1240	0.4063	0.0000	184.0470	95.6700	230.7570	0.9199	108.0800	71.9219	NOT CONNECTED	12000.0000	500.0000	0.0000	5213.5010	0.1837	0.1655	0.0708	0.0710	0.3446	0.4554	0.3223	0.4037	3.2246	160.1426	311.1465	100.1963	75.6151	0.5637	0.4139	98.2685
33.3480	5500.0000	-0.1290	0.4111	0.0000	193.4230	101.9700	230.7580	0.9669	114.5200	71.7017	NOT CONNECTED	12000.0000	500.0000	0.0000	5515.8687	0.1686	0.1682	0.0717	0.0709	0.3639	0.3997	0.3176	0.4926	-6.7867	163.0359	310.5936	109.8322	75.5509	0.6618	0.4050	97.9791
33.6319	5500.0000	-0.1290	0.4111	0.0000	193.4230	101.9700	230.7580	0.9669	114.5200	71.7017	NOT CONNECTED	12000.0000	500.0000	0.0000	5515.8687	0.1686	0.1682	0.0717	0.0709	0.3639	0.3997	0.3176	0.4926	-6.7867	163.0359	310.5936	109.8322	75.5509	0.6618	0.4050	97.9791
33.9531	5500.0000	-0.1290	0.4111	0.0000	193.4230	101.9700	230.7580	0.9669	114.5200	71.7017	NOT CONNECTED	12000.0000	500.0000	0.0000	5807.5256	0.1891	0.2070	0.0706	0.0710	0.3229	0.4500	0.3267	0.4479	-0.1886	169.5429	310.0689	118.6563	75.4889	0.6005	0.4137	97.9791
34.3654	5865.0000	-0.1270	0.4216	0.0000	211.9730	114.8000	230.7570	1.0555	127.1500	71.5210	NOT CONNECTED	12000.0000	500.0000	0.0000	6117.2687	0.2167	0.1853	0.0686	0.0652	0.1610	0.5350	0.1078	0.4509	2.2842	172.7061	309.9412	124.6627	75.4272	0.5900	0.3829	97.6969
34.5586	5865.0000	-0.1270	0.4216	0.0000	211.9730	114.8000	230.7570	1.0555	127.1500	71.5210	NOT CONNECTED	12000.0000	500.0000	0.0000	6117.2687	0.2167	0.1853	0.0686	0.0652	0.1610	0.5350	0.1078	0.4509	2.2842	172.7061	309.9412	124.6627	75.4272	0.5900	0.3829	97.6969
35.0930	6233.0000	-0.1270	0.3843	0.0000	214.9370	120.7900	230.7550	1.0959	132.8400	71.3484	NOT CONNECTED	12000.0000	500.0000	0.0000	6414.1397	0.2053	0.1793	0.0647	0.0620	-0.2534	0.5733	-0.1012	0.4125	-6.7934	177.0029	309.5867	131.8696	75.3599	0.5174	0.3521	97.6969
35.1488	6233.0000	-0.1270	0.3843	0.0000	214.9370	120.7900	230.7550	1.0959	132.8400	71.3484	NOT CONNECTED	12000.0000	500.0000	0.0000	6414.1397	0.2053	0.1793	0.0647	0.0620	-0.2534	0.5733	-0.1012	0.4125	-6.7934	177.0029	309.5867	131.8696	75.3599	0.5174	0.3521	97.6969
35.7538	6593.0000	-0.1300	0.3606	0.0000	213.2370	129.7100	230.7490	1.1597	141.6600	71.1875	NOT CONNECTED	12000.0000	500.0000	0.0000	6710.2046	0.1861	0.1784	0.0603	0.0612	-0.2597	0.5218	-0.3816	0.5074	2.5989	170.6278	309.1998	137.8300	75.2918	0.5587	0.3647	97.4209
35.8226	6593.0000	-0.1300	0.3606	0.0000	213.2370	129.7100	230.7490	1.1597	141.6600	71.1875	NOT CONNECTED	12000.0000	500.0000	0.0000	6710.2046	0.1861	0.1784	0.0603	0.0612	-0.2597	0.5218	-0.3816	0.5074	2.5989	170.6278	309.1998	137.8300	75.2918	0.5587	0.3647	97.4209
36.3443	6966.0000	-0.1340	0.3996	0.0000	213.5750	135.7400	230.7420	1.2061	148.0900	70.9987	NOT CONNECTED	12000.0000	500.0000	0.0000	7011.8560	0.1790	0.1769	0.0587	0.0588	-0.3481	0.4928	-0.3000	0.4386	9.3486	169.1590	308.9059	142.6759	75.2311	0.7782	0.4097	97.1491
36.5604	6966.0000	-0.1340	0.3996	0.0000	213.5750	135.7400	230.7420	1.2061	148.0900	70.9987	NOT CONNECTED	12000.0000	500.0000	0.0000	7011.8560	0.1790	0.1769	0.0587	0.0588	-0.3481	0.4928	-0.3000	0.4386	9.3486	169.1590	308.9059	142.6759	75.2311	0.7782	0.4097	97.1491
36.9490	7332.0000	-0.1380	0.5093	0.0000	214.4620	148.4300	230.7260	1.3016	161.7500	70.8389	NOT CONNECTED	12000.0000	500.0000	0.0000	7301.6787	0.1763	0.1988	0.0566	0.0538	-0.6222	0.5216	-0.5996	0.5253	-6.5157	174.7628	308.4437	158.8493	75.1822	0.7318	0.4637	97.1491
37.3164	7332.0000	-0.1380	0.5093	0.0000	214.4620	148.4300	230.7260	1.3016	161.7500	70.8389	NOT CONNECTED	12000.0000	500.0000	0.0000	7608.8409	0.1902	0.1863	0.0522	0.0534	-0.5670	0.6058	-0.7010	0.4610	-4.0523	169.0215	307.6192	164.7782	75.1488	0.9727	0.5693	96.8910
37.5550	7332.0000	-0.1380	0.5093	0.0000	214.4620	148.4300	230.7260	1.3016	161.7500	70.8389	NOT CONNECTED	12000.0000	500.0000	0.0000	7608.8409	0.1902	0.1863	0.0522	0.0534	-0.5670	0.6058	-0.7010	0.4610	-4.0523	169.0215	307.6192	164.7782	75.1488	0.9727	0.5693	96.8910
38.0455	7703.0000	-0.1400	0.5844	0.0000	214.6900	157.3000	230.7130	1.3661	171.1700	70.6734	NOT CONNECTED	12000.0000	500.0000	0.0000	7911.5724	0.2054	0.1919	0.0504	0.0520	-0.7075	0.7011	-0.9064	0.3865	1.2252	175.8104	307.1850	177.2553	75.1394	1.0368	0.6666	96.8910
38.1600	7703.0000	-0.1400	0.5844	0.0000	214.6900	157.3000	230.7130	1.3661	171.1700	70.6734	NOT CONNECTED	12000.0000	500.0000	0.0000	7911.5724	0.2054	0.1919	0.0504	0.0520	-0.7075	0.7011	-0.9064	0.3865	1.2252	175.8104	307.1850	177.2553	75.1394	1.0368	0.6666	96.8910
38.7662	8068.0000	-0.1430	0.6955	0.0000	215.1210	172.2700	230.6900	1.4834	187.3500	70.5371	NOT CONNECTED	12000.0000	500.0000	0.0000	8207.9346	0.2029	0.2043	0.0489	0.0485	-0.9542	0.7096	-0.9714	0.5535	-5.8317	166.1488	306.4803	187.3513	75.1463	0.9507	0.7185	96.6487
38.8102	8068.0000	-0.1430	0.6955	0.0000	215.1210	172.2700	230.6900	1.4834	187.3500	70.5371	NOT CONNECTED	12000.0000	500.0000	0.0000	8207.9346	0.2029	0.2043	0.0489	0.0485	-0.9542	0.7096	-0.9714	0.5535	-5.8317	166.1488	306.4803	187.3513	75.1463	0.9507	0.7185	96.6487
39.3712	8068.0000	-0.1430	0.6955	0.0000	215.1210	172.2700	230.6900	1.4834	187.3500	70.5371	NOT CONNECTED	12000.0000	500.0000	0.0000	8519.6960	0.1688	0.1991	0.0472	0.0481	-0.8702	0.5201	-1.1341	0.4504	-11.7788	172.5546	305.9166	204.3686	75.1742	1.1641	0.7844	96.4319
39.9606	8714.0000	-0.1530	0.8277	0.0000	214.8030	194.2900	230.6560	1.6450	210.9800	70.3845	NOT CONNECTED	12000.0000	500.0000	0.0000	8809.3036	0.1667	0.2107	0.0437	0.0464	-0.9273	0.5590	-1.3707	0.4702	-2.4534	171.7322	305.4319	215.2755	75.2241	1.4785	0.8453	96.4319
40.0627	8714.0000	-0.1530	0.8277	0.0000	214.8030	194.2900	230.6560	1.6450	210.9800	70.3845	NOT CONNECTED	12000.0000	500.0000	0.0000	8809.3036	0.1667	0.2107	0.0437	0.0464	-0.9273	0.5590	-1.3707	0.4702	-2.4534	171.7322	305.4319	215.2755	75.2241	1.4785	0.8453	96.4319
40.5665	9071.0000	-0.1580	0.9440	0.0000	214.5670	212.3500	230.6220	1.7857	230.3300	70.3254	NOT CONNECTED	12000.0000	500.0000	0.0000	9109.6781	0.2169	0.2088	0.0444	0.0428	-1.0953	0.8047	-1.1872	0.5495	-3.0069	165.6284	304.7963	222.8474	75.2929	1.1704	0.9315	96.2442
40.8101	9071.0000	-0.1580	0.9440	0.0000	214.5670	212.3500	230.6220	1.7857	230.3300	70.3254	NOT CONNECTED	12000.0000	500.0000	0.0000	9109.6781	0.2169	0.2088	0.0444	0.0428	-1.0953	0.8047	-1.1872	0.5495	-3.0069	165.6284	304.7963	222.8474	75.2929	1.1704	0.9315	96.2442
41.1727	9071.0000	-0.1580	0.9440	0.0000	214.5670	212.3500	230.6220	1.7857	230.3300	70.3254	NOT CONNECTED	12000.0000	500.0000	0.0000	9397.1536	0.1863	0.2307	0.0403	0.0431	-1.3446	0.7870	-1.6563	0.4552	-19.5785	173.6288	304.2350	238.1446	75.4018	1.5976	1.0364	96.2442
41.5533	9443.0000	-0.1590	0.9979	0.0000	214.4120	222.6700	230.6020	1.8610	241.4000	70.2448	NOT CONNECTED	12000.0000	500.0000	0.0000	9723.9845	0.2341	0.2067	0.0392	0.0383	-1.4385	0.9985	-1.6102	0.4116	-14.2051	173.8543	303.4139	254.6998	75.5279	1.9161	1.0438	96.0759
41.7785	9443.0000	-0.1590	0.9979	0.0000	214.4120	222.6700	230.6020	1.8610	241.4000	70.2448	NOT CONNECTED	12000.0000	500.0000	0.0000	9723.9845	0.2341	0.2067	0.0392	0.0383	-1.4385	0.9985	-1.6102	0.4116	-14.2051	173.8543	303.4139	254.6998	75.5279	1.9161	1.0438	96.0759
42.3168	9820.0000	-0.1580	1.1116	0.0000	213.7390	246.4600	230.5580	2.0371	266.8300	70.2013	NOT CONNECTED	12000.0000	500.0000	0.0000	10018.2158	0.1877	0.2290	0.0385	0.0396	-1.2467	0.7403	-1.7922	0.4869	-23.4895	167.5938	302.7692	270.8270	75.6707	1.7332	1.1326	95.9427
42.3835	9820.0000	-0.1580	1.1116	0.0000	213.7390	246.4600	230.5580	2.0371	266.8300	70.2013	NOT CONNECTED	12000.0000	500.0000	0.0000	10018.2158	0.1877	0.2290	0.0385	0.0396	-1.2467	0.7403	-1.7922	0.4869	-23.4895	167.5938	302.7692	270.8270	75.6707	1.7332	1.1326	95.9427
42.9888	10192.0000	-0.1600	1.1659	0.0000	213.4630	261.2400	230.5360	2.1455	282.6700	70.2124	NOT CONNECTED	12000.0000	500.0000	0.0000	10324.8972	0.2880	0.2210	0.0383	0.0352	-1.3555	1.4084	-1.5338	0.4787	4.5880	173.5327	302.3966	287.3460	75.8401	1.6596	1.1691	95.9427
43.0440	10192.0000	-0.1600	1.1659	0.0000	213.4630	261.2400	230.5360	2.1455	282.6700	70.2124	NOT CONNECTED	12000.0000	500.0000	0.0000	10324.8972	0.2880	0.2210	0.0383	0.0352	-1.3555	1.4084	-1.5338	0.4787	4.5880	173.5327	302.3966	287.3460	75.8401	1.6596	1.1691	95.9427
43.5952	10580.0000	-0.1620	1.2516	0.0000	213.0220	278.4400	230.4980	2.2803	300.9400	70.2525	NOT CONNECTED	12000.0000	500.0000	0.0000	10623.0481	0.2544	0.2332	0.0345	0.0363	-1.5240	1.1924	-2.0282	0.5145	-13.5083	164.3198	301.7517	298.7853	76.0268	1.8785	1.2144	95.8454
43.8099	10580.0000	-0.1620	1.2516	0.0000	213.0220	278.4400	230.4980	2.2803	300.9400	70.2525	NOT CONNECTED	12000.0000	500.0000	0.0000	10623.0481	0.2544	0.2332	0.0345	0.0363	-1.5240	1.1924	-2.0282	0.5145	-13.5083	164.3198	301.7517	298.7853	76.0268	1.8785	1.2144	95.8454
44.2009	10965.0000	-0.1660	1.3065	0.0000	212.4740	294.8200	230.4750	2.4019	318.4000	70.2831	NOT CONNECTED	12000.0000	500.0000	0.0000	10938.4546	0.2218	0.2271	0.0347	0.0373	-1.3998	0.9608	-2.1383	0.4113	-6.2900	177.2533	301.0438	326.2430	76.2633	1.8326	1.3319	95.8454
44.5457	10965.0000	-0.1660	1.3065	0.0000	212.4740	294.8200	230.4750	2.4019	318.4000	70.2831	NOT CONNECTED	12000.0000	500.0000	0.0000	11227.5225	0.2753	0.2537	0.0349	0.0328	-1.7659	1.4500	-1.6869	0.6166	-5.8415	159.3691	300.4796	332.2076	76.5051	1.7562	1.3306	95.7648
44.8062	10965.0000	-0.1660	1.3065	0.0000	212.4740	294.8200	230.4750	2.4019	318.4000	70.2831	NOT CONNECTED	12000.0000	500.0000	0.0000	11227.5225	0.2753	0.2537	0.0349	0.0328	-1.7659	1.4500	-1.6869	0.6166	-5.8415	159.3691	300.4796	332.2076	76.5051	1.7562	1.3306	95.7648
45.3181	11318.0000	-0.1710	1.3934	0.0000	211.8310	319.8400	230.4340	2.5880	344.9100	70.3582	NOT CONNECTED	12000.0000	500.0000	0.0000	11531.8364	0.1802	0.2618	0.0328	0.0343	-1.6588	0.8616	-1.9114	0.5547	-5.9515	168.3861	299.7888	347.0511	76.7580	1.9025	1.3952	95.7261
45.4125	11318.0000	-0.1710	1.3934	0.0000	211.8310	319.8400	230.4340	2.5880	344.9100	70.3582	NOT CONNECTED	12000.0000	500.0000	0.0000	11531.8364	0.1802	0.2618	0.0328	0.0343	-1.6588	0.8616	-1.9114	0.5547	-5.9515	168.3861	299.7888	347.0511	76.7580	1.9025	1.3952	95.7261
46.0027	11710.0000	-0.1710	1.4296	0.0000	211.5850	330.7500	230.4140	2.6720	356.4500	70.4724	NOT CONNECTED	12000.0000	500.0000	0.0000	11845.4618	0.1984	0.2475	0.0300	0.0337	-1.5757	0.8955	-2.2336	0.4861	-6.1456	172.0876	299.0054	366.8525	77.0311	2.4105	1.4408	95.7261
46.0659	11710.0000	-0.1710	1.4296	0.0000	211.5850	330.7500	230.4140	2.6720	356.4500	70.4724	NOT CONNECTED	12000.0000	500.0000	0.0000	11845.4618	0.1984	0.2475	0.0300	0.0337	-1.5757	0.8955	-2.2336	0.4861	-6.1456	172.0876	299.0054	366.8525	77.0311	2.4105	1.4408	95.7261
46.6083	12060.0000	-0.1310	1.5195	0.0000	210.7370	358.5700	230.3730	2.8841	386.4600	70.5896	NOT CONNECTED	12000.0000	500.0000	0.0000	12043.1970	0.1722	0.1575	0.0316	0.0315	-1.7238	0.8756	-1.9296	0.2678	-15.2360	179.1319	305.7521	244.6785	77.3235	1.9147	1.4418	95.7228
46.8137	12060.0000	-0.1310	1.5195	0.0000	210.7370	358.5700	230.3730	2.8841	386.4600	70.5896	NOT CONNECTED	12000.0000	500.0000	0.0000	12043.1970	0.1722	0.1575	0.0316	0.0315	-1.7238	0.8756	-1.9296	0.2678	-15.2360	179.1319	305.7521	244.6785	77.3235	1.9147	1.4418	95.7228
47.2136	11988.0000	-0.1010	1.3377	0.0000	217.6740	220.5600	230.4340	1.9172	238.8400	70.6969	NOT CONNECTED	12000.0000	500.0000	0.0000	12029.8429	0.1607	0.1246	0.0344	0.0333	-1.7537	0.7976	-1.7435	0.3142	-20.0629	171.8683	305.6246	240.4715	77.5544	1.5462	1.3505	95.7228
47.5487	11988.0000	-0.1010	1.3377	0.0000	217.6740	220.5600	230.4340	1.9172	238.8400	70.6969	NOT CONNECTED	12000.0000	500.0000	0.0000	11976.0326	0.1675	0.1938	0.0337	0.0331	-1.9988	0.8949	-1.8772	0.3176	-17.4823	181.4585	305.4828	256.8642	77.7617	1.5663	1.3163	95.7158
47.8194	11988.0000	-0.1010	1.3377	0.0000	217.6740	220.5600	230.4340	1.9172	238.8400	70.6969	NOT CONNECTED	12000.0000	500.0000	0.0000	11976.0326	0.1675	0.1938	0.0337	0.0331	-1.9988	0.8949	-1.8772	0.3176	-17.4823	181.4585	305.4828	256.8642	77.7617	1.5663	1.3163	95.7158
48.4125	11993.0000	-0.1060	1.3726	0.0000	216.6660	239.4300	230.3550	2.0477	258.5500	70.8713	NOT CONNECTED	12000.0000	500.0000	0.0000	11991.9010	0.1815	0.1740	0.0316	0.0331	-1.8193	0.9687	-1.8218	0.4133	-16.4713	171.4536	305.3712	250.0793	77.9469	1.8595	1.3133	95.6871
48.4252	11993.0000	-0.1060	1.3726	0.0000	216.6660	239.4300	230.3550	2.0477	258.5500	70.8713	NOT CONNECTED	12000.0000	500.0000	0.0000	11991.9010	0.1815	0.1740	0.0316	0.0331	-1.8193	0.9687	-1.8218	0.4133	-16.4713	171.4536	305.3712	250.0793	77.9469	1.8595	1.3133	95.6871
49.0303	11986.0000	-0.1070	1.3557	0.0000	216.9560	239.1200	230.3480	2.0424	258.1700	70.9580	NOT CONNECTED	12000.0000	500.0000	0.0000	12011.4659	0.1536	0.1490	0.0350	0.0343	-1.9258	0.8858	-1.9637	0.3444	-2.1031	174.7344	305.0979	258.3738	78.1197	2.0631	1.3076	95.6871
49.1483	11986.0000	-0.1070	1.3557	0.0000	216.9560	239.1200	230.3480	2.0424	258.1700	70.9580	NOT CONNECTED	12000.0000	500.0000	0.0000	12011.4659	0.1536	0.1490	0.0350	0.0343	-1.9258	0.8858	-1.9637	0.3444	-2.1031	174.7344	305.0979	258.3738	78.1197	2.0631	1.3076	95.6871
49.6361	12003.0000	-0.1070	1.3778	0.0000	216.5670	240.1900	230.3310	2.0502	259.7500	71.1301	NOT CONNECTED	12000.0000	500.0000	0.0000	11987.4551	0.1961	0.1802	0.0329	0.0323	-1.9502	1.0914	-2.1737	0.5283	-11.6360	166.1132	305.2986	251.7990	78.2979	1.8469	1.3480	95.6679
50.0061	12003.0000	-0.1070	1.3778	0.0000	216.5670	240.1900	230.3310	2.0502	259.7500	71.1301	NOT CONNECTED	12000.0000	500.0000	0.0000	12033.0766	0.1926	0.1230	0.0355	0.0342	-1.2111	0.8081	-1.8269	0.3457	-15.4035	176.9652	305.0805	260.8661	78.5005	1.3962	1.4130	95.6335
50.2415	12003.0000	-0.1070	1.3778	0.0000	216.5670	240.1900	230.3310	2.0502	259.7500	71.1301	NOT CONNECTED	12000.0000	500.0000	0.0000	12033.0766	0.1926	0.1230	0.0355	0.0342	-1.2111	0.8081	-1.8269	0.3457	-15.4035	176.9652	305.0805	260.8661	78.5005	1.3962	1.4130	95.6335
50.7491	12014.0000	-0.1070	1.3728	0.0000	216.5320	240.6000	230.3240	2.0565	260.1200	71.2069	NOT CONNECTED	12000.0000	500.0000	0.0000	11965.0891	0.1835	0.2139	0.0327	0.0319	-1.3999	0.8307	-1.7098	0.4156	-13.2888	176.5170	304.6877	262.4814	78.7021	2.2642	1.3470	95.6335
50.8486	12014.0000	-0.1070	1.3728	0.0000	216.5320	240.6000	230.3240	2.0565	260.1200	71.2069	NOT CONNECTED	12000.0000	500.0000	0.0000	11965.0891	0.1835	0.2139	0.0327	0.0319	-1.3999	0.8307	-1.7098	0.4156	-13.2888	176.5170	304.6877	262.4814	78.7021	2.2642	1.3470	95.6335
51.4525	12018.0000	-0.1100	1.3771	0.0000	216.1530	248.3000	230.3090	2.1131	267.9000	71.3403	NOT CONNECTED	12000.0000	500.0000	0.0000	12045.0761	0.1001	0.1147	0.0358	0.0338	-1.7389	0.4150	-1.5499	0.4502	-15.0130	171.4747	304.4628	272.5481	78.8716	1.2122	1.3709	95.6188
51.4852	12018.0000	-0.1100	1.3771	0.0000	216.1530	248.3000	230.3090	2.1131	267.9000	71.3403	NOT CONNECTED	12000.0000	500.0000	0.0000	12045.0761	0.1001	0.1147	0.0358	0.0338	-1.7389	0.4150	-1.5499	0.4502	-15.0130	171.4747	304.4628	272.5481	78.8716	1.2122	1.3709	95.6188
52.0591	12013.0000	-0.1130	1.3864	0.0000	215.8360	258.6300	230.3020	2.1924	278.8000	71.4870	NOT CONNECTED	12000.0000	500.0000	0.0000	12010.6418	0.1497	0.1640	0.0335	0.0308	-2.1846	0.7894	-2.4603	0.4313	-7.0551	175.4965	303.9541	286.5280	79.0442	1.8807	1.3496	95.6188
52.3411	12013.0000	-0.1130	1.3864	0.0000	215.8360	258.6300	230.3020	2.1924	278.8000	71.4870	NOT CONNECTED	12000.0000	500.0000	0.0000	12010.6418	0.1497	0.1640	0.0335	0.0308	-2.1846	0.7894	-2.4603	0.4313	-7.0551	175.4965	303.9541	286.5280	79.0442	1.8807	1.3496	95.6188
52.6649	12013.0000	-0.1130	1.3864	0.0000	215.8360	258.6300	230.3020	2.1924	278.8000	71.4870	NOT CONNECTED	12000.0000	500.0000	0.0000	11995.3363	0.2091	0.1931	0.0302	0.0330	-1.7853	1.1121	-1.7132	0.4944	-8.1341	167.6460	303.1419	296.0621	79.2269	2.1400	1.3724	95.6091
53.0842	11995.0000	-0.1310	1.4122	0.0000	215.2990	269.0200	230.2990	2.2765	289.8500	71.6562	NOT CONNECTED	12000.0000	500.0000	0.0000	11984.1784	0.2086	0.2187	0.0336	0.0342	-1.3176	0.9876	-2.1850	0.5184	-7.0383	174.2063	302.6433	313.0673	79.4346	1.8452	1.4521	95.5880
53.2705	11995.0000	-0.1310	1.4122	0.0000	215.2990	269.0200	230.2990	2.2765	289.8500	71.6562	NOT CONNECTED	12000.0000	500.0000	0.0000	11984.1784	0.2086	0.2187	0.0336	0.0342	-1.3176	0.9876	-2.1850	0.5184	-7.0383	174.2063	302.6433	313.0673	79.4346	1.8452	1.4521	95.5880
53.8150	11989.0000	-0.1480	1.4343	0.0000	214.0850	293.2900	230.3020	2.4444	315.2600	71.7905	NOT CONNECTED	12000.0000	500.0000	0.0000	11969.2693	0.1843	0.2457	0.0330	0.0321	-1.3652	0.8050	-1.6340	0.5432	-8.8515	160.6293	302.0110	320.0040	79.6219	1.5143	1.4145	95.5880
53.8763	11989.0000	-0.1480	1.4343	0.0000	214.0850	293.2900	230.3020	2.4444	315.2600	71.7905	NOT CONNECTED	12000.0000	500.0000	0.0000	11969.2693	0.1843	0.2457	0.0330	0.0321	-1.3652	0.8050	-1.6340	0.5432	-8.8515	160.6293	302.0110	320.0040	79.6219	1.5143	1.4145	95.5880
54.4819	11991.0000	-0.1570	1.4386	0.0000	213.8280	300.0600	230.3090	2.4926	322.4900	71.9454	NOT CONNECTED	12000.0000	500.0000	0.0000	12014.0852	0.1097	0.1937	0.0322	0.0337	-1.8585	0.5135	-2.4064	0.3164	-17.5843	175.3545	301.8384	330.4547	79.8129	1.9243	1.4092	95.5858
54.6651	11991.0000	-0.1570	1.4386	0.0000	213.8280	300.0600	230.3090	2.4926	322.4900	71.9454	NOT CONNECTED	12000.0000	500.0000	0.0000	12014.0852	0.1097	0.1937	0.0322	0.0337	-1.8585	0.5135	-2.4064	0.3164	-17.5843	175.3545	301.8384	330.4547	79.8129	1.9243	1.4092	95.5858
55.0877	11988.0000	-0.1690	1.4716	0.0000	212.8140	324.8600	230.3240	2.6712	348.5400	72.0957	NOT CONNECTED	12000.0000	500.0000	0.0000	11990.0767	0.2961	0.2386	0.0320	0.0301	-1.3040	1.6310	-1.6491	0.6094	2.5606	165.4393	300.5842	350.6177	79.9960	2.0777	1.4451	95.5858
55.3995	11988.0000	-0.1690	1.4716	0.0000	212.8140	324.8600	230.3240	2.6712	348.5400	72.0957	NOT CONNECTED	12000.0000	500.0000	0.0000	11962.8102	0.2671	0.2849	0.0301	0.0332	-1.4456	1.3077	-1.7574	0.6015	-9.8792	167.0466	300.2252	362.1372	80.1915	3.0923	1.4701	95.5937
55.6925	11988.0000	-0.1690	1.4716	0.0000	212.8140	324.8600	230.3240	2.6712	348.5400	72.0957	NOT CONNECTED	12000.0000	500.0000	0.0000	11962.8102	0.2671	0.2849	0.0301	0.0332	-1.4456	1.3077	-1.7574	0.6015	-9.8792	167.0466	300.2252	362.1372	80.1915	3.0923	1.4701	95.5937
56.2983	11983.0000	-0.1840	1.4967	0.0000	212.1320	338.1100	230.3320	2.7733	363.1100	72.3129	NOT CONNECTED	12000.0000	500.0000	0.0000	11996.1908	0.3031	0.2540	0.0334	0.0289	-1.2162	1.5946	-2.4367	0.5217	-4.1584	176.5639	299.1062	391.1375	80.4162	1.5496	1.5206	95.5948
56.3015	11983.0000	-0.1840	1.4967	0.0000	212.1320	338.1100	230.3320	2.7733	363.1100	72.3129	NOT CONNECTED	12000.0000	500.0000	0.0000	11996.1908	0.3031	0.2540	0.0334	0.0289	-1.2162	1.5946	-2.4367	0.5217	-4.1584	176.5639	299.1062	391.1375	80.4162	1.5496	1.5206	95.5948
56.9097	11983.0000	-0.2050	1.5434	0.0000	210.7610	369.6400	230.3500	2.9945	396.0000	72.4530	NOT CONNECTED	12000.0000	500.0000	0.0000	12010.5089	0.2254	0.2512	0.0320	0.0317	-1.9194	1.1851	-2.2837	0.5933	-8.3486	163.4092	298.1766	398.0504	80.6468	2.4666	1.5205	95.5948
57.0515	11983.0000	-0.2050	1.5434	0.0000	210.7610	369.6400	230.3500	2.9945	396.0000	72.4530	NOT CONNECTED	12000.0000	500.0000	0.0000	12010.5089	0.2254	0.2512	0.0320	0.0317	-1.9194	1.1851	-2.2837	0.5933	-8.3486	163.4092	298.1766	398.0504	80.6468	2.4666	1.5205	95.5948
57.5261	12015.0000	-0.2210	1.5858	0.0000	209.4880	400.3300	230.3800	3.2251	428.8900	72.6561	0.0000	12000.0000	500.0000	0.0000	11999.8872	0.2708	0.2781	0.0275	0.0310	-1.2253	1.3020	-3.0190	0.8135	-2.9781	159.1643	297.5485	415.7025	80.8745	2.0628	1.5440	95.6213
57.8076	12015.0000	-0.2210	1.5858	0.0000	209.4880	400.3300	230.3800	3.2251	428.8900	72.6561	0.0000	12000.0000	500.0000	0.0000	11999.8872	0.2708	0.2781	0.0275	0.0310	-1.2253	1.3020	-3.0190	0.8135	-2.9781	159.1643	297.5485	415.7025	80.8745	2.0628	1.5440	95.6213
58.1320	12015.0000	-0.2210	1.5858	0.0000	209.4880	400.3300	230.3800	3.2251	428.8900	72.6561	0.0000	12000.0000	500.0000	0.0000	11970.1109	0.2498	0.3228	0.0293	0.0332	-2.0317	1.4436	-2.2219	0.4843	-23.3307	172.2342	297.4287	428.6744	81.1173	2.6763	1.5703	95.6213
58.5498	11977.0000	-0.2230	1.5847	0.0000	209.5030	404.3500	230.4040	3.2562	432.9000	72.8245	0.0000	12000.0000	500.0000	0.0000	11986.3815	0.2868	0.3066	0.0328	0.0296	-1.8580	1.5956	-1.8160	0.4856	6.7703	170.8022	297.1337	429.5098	81.3545	2.0560	1.5801	95.6660
58.7363	11977.0000	-0.2230	1.5847	0.0000	209.5030	404.3500	230.4040	3.2562	432.9000	72.8245	0.0000	12000.0000	500.0000	0.0000	11986.3815	0.2868	0.3066	0.0328	0.0296	-1.8580	1.5956	-1.8160	0.4856	6.7703	170.8022	297.1337	429.5098	81.3545	2.0560	1.5801	95.6660
59.3146	11997.0000	-0.2270	1.6007	0.0000	208.9100	415.4600	230.4450	3.3413	444.5800	73.0327	0.0000	12000.0000	500.0000	0.0000	12017.9879	0.2761	0.2704	0.0305	0.0327	-1.7559	1.4195	-2.0137	0.5818	-7.5802	174.0481	297.1508	431.9090	81.6053	2.3595	1.5762	95.7016
59.3428	11997.0000	-0.2270	1.6007	0.0000	208.9100	415.4600	230.4450	3.3413	444.5800	73.0327	0.0000	12000.0000	500.0000	0.0000	12017.9879	0.2761	0.2704	0.0305	0.0327	-1.7559	1.4195	-2.0137	0.5818	-7.5802	174.0481	297.1508	431.9090	81.6053	2.3595	1.5762	95.7016
59.9332	11993.0000	-0.2290	1.6169	0.0000	208.7590	421.3600	230.4650	3.3837	450.7500	73.2492	0.0000	12000.0000	500.0000	0.0000	11984.5094	0.2170	0.3165	0.0275	0.0331	-2.0590	0.8992	-2.7698	0.6228	-21.4274	165.9935	297.0068	436.2634	81.8334	2.5465	1.5827	95.7016
60.0552	11993.0000	-0.2290	1.6169	0.0000	208.7590	421.3600	230.4650	3.3837	450.7500	73.2492	0.0000	12000.0000	500.0000	0.0000	11984.5094	0.2170	0.3165	0.0275	0.0331	-2.0590	0.8992	-2.7698	0.6228	-21.4274	165.9935	297.0068	436.2634	81.8334	2.5465	1.5827	95.7016
60.5388	12011.0000	-0.2290	1.6208	0.0000	208.7720	424.3100	230.5080	3.4153	453.5100	73.4579	1.0000	12000.0000	500.0000	0.0000	11969.1387	0.3749	0.3378	0.0334	0.0270	-1.7881	2.4092	-2.0321	0.4556	-18.5667	181.0038	297.1361	449.9880	82.0583	2.4132	1.5917	95.7514
60.8067	12011.0000	-0.2290	1.6208	0.0000	208.7720	424.3100	230.5080	3.4153	453.5100	73.4579	1.0000	12000.0000	500.0000	0.0000	11969.1387	0.3749	0.3378	0.0334	0.0270	-1.7881	2.4092	-2.0321	0.4556	-18.5667	181.0038	297.1361	449.9880	82.0583	2.4132	1.5917	95.7514
61.1280	12011.0000	-0.2290	1.6208	0.0000	208.7720	424.3100	230.5080	3.4153	453.5100	73.4579	1.0000	12000.0000	500.0000	0.0000	12004.0999	0.3290	0.2944	0.0312	0.0278	-1.5910	1.9771	-2.1535	0.4399	-11.9675	176.1742	297.2260	444.1999	82.2818	2.3718	1.6094	95.7514
61.6694	11994.0000	-0.2340	1.6138	0.0000	208.6250	427.5000	230.5280	3.4402	456.8400	73.6406	1.0000	12000.0000	500.0000	0.0000	12005.5314	0.3403	0.2915	0.0307	0.0275	-1.8364	2.1495	-2.0708	0.4876	-7.4402	178.9469	297.2516	443.9647	82.5047	2.4221	1.5956	95.8145
61.7178	11994.0000	-0.2340	1.6138	0.0000	208.6250	427.5000	230.5280	3.4402	456.8400	73.6406	1.0000	12000.0000	500.0000	0.0000	12005.5314	0.3403	0.2915	0.0307	0.0275	-1.8364	2.1495	-2.0708	0.4876	-7.4402	178.9469	297.2516	443.9647	82.5047	2.4221	1.5956	95.8145
62.3229	11988.0000	-0.2350	1.6098	0.0000	209.0250	425.2200	230.5690	3.4275	454.0400	73.8436	1.0000	12000.0000	500.0000	0.0000	11991.3718	0.2340	0.3102	0.0273	0.0321	-1.9215	1.2732	-2.9503	0.7100	-11.5528	166.8443	297.2513	436.2022	82.7375	2.5856	1.5800	95.8601
62.4146	11988.0000	-0.2350	1.6098	0.0000	209.0250	425.2200	230.5690	3.4275	454.0400	73.8436	1.0000	12000.0000	500.0000	0.0000	11991.3718	0.2340	0.3102	0.0273	0.0321	-1.9215	1.2732	-2.9503	0.7100	-11.5528	166.8443	297.2513	436.2022	82.7375	2.5856	1.5800	95.8601
63.1629	12023.0000	-0.2350	1.6229	0.0000	208.9770	427.0400	230.5870	3.4465	455.8300	74.0598	1.0000	12000.0000	500.0000	0.0000	12006.7915	0.3946	0.2898	0.0304	0.0288	-0.9904	2.3086	-1.8844	0.6503	-9.8018	175.5990	297.4915	453.1211	83.0887	2.6389	1.5789	95.9161
63.4391	12023.0000	-0.2350	1.6229	0.0000	208.9770	427.0400	230.5870	3.4465	455.8300	74.0598	1.0000	12000.0000	500.0000	0.0000	12006.7915	0.3946	0.2898	0.0304	0.0288	-0.9904	2.3086	-1.8844	0.6503	-9.8018	175.5990	297.4915	453.1211	83.0887	2.6389	1.5789	95.9161
63.9084	11992.0000	-0.2330	1.6221	0.0000	209.0100	426.0700	230.6210	3.4441	454.7300	74.2591	1.0000	12000.0000	500.0000	0.0000	11980.7734	0.2751	0.3233	0.0317	0.0315	-1.5714	1.4033	-2.0392	0.6459	-19.1651	162.0224	297.7429	435.1885	83.2671	2.3980	1.5641	95.9161
64.0445	11992.0000	-0.2330	1.6221	0.0000	209.0100	426.0700	230.6210	3.4441	454.7300	74.2591	1.0000	12000.0000	500.0000	0.0000	11980.7734	0.2751	0.3233	0.0317	0.0315	-1.5714	1.4033	-2.0392	0.6459	-19.1651	162.0224	297.7429	435.1885	83.2671	2.3980	1.5641	95.9161
64.6393	12003.0000	-0.2340	1.6161	0.0000	208.9540	424.2200	230.6360	3.4281	452.6600	74.4308	1.0000	12000.0000	500.0000	0.0000	11991.0373	0.2525	0.3094	0.0336	0.0334	-1.4269	1.2655	-1.9857	0.5202	-5.4861	175.5624	297.6280	449.2547	83.4321	2.1931	1.5577	95.9757
64.6495	12003.0000	-0.2340	1.6161	0.0000	208.9540	424.2200	230.6360	3.4281	452.6600	74.4308	1.0000	12000.0000	500.0000	0.0000	11991.0373	0.2525	0.3094	0.0336	0.0334	-1.4269	1.2655	-1.9857	0.5202	-5.4861	175.5624	297.6280	449.2547	83.4321	2.1931	1.5577	95.9757
65.2556	11990.0000	-0.2360	1.6047	0.0000	209.0520	424.0100	230.6590	3.4242	452.2300	74.6432	1.0000	12000.0000	500.0000	0.0000	12008.5529	0.3169	0.2868	0.0303	0.0300	-1.5288	1.8120	-2.3101	0.7202	-3.8170	154.2598	297.7693	435.6644	83.6186	2.2803	1.6151	96.0055
65.3913	11990.0000	-0.2360	1.6047	0.0000	209.0520	424.0100	230.6590	3.4242	452.2300	74.6432	1.0000	12000.0000	500.0000	0.0000	12008.5529	0.3169	0.2868	0.0303	0.0300	-1.5288	1.8120	-2.3101	0.7202	-3.8170	154.2598	297.7693	435.6644	83.6186	2.2803	1.6151	96.0055
65.8615	11984.0000	-0.2370	1.6009	0.0000	209.1640	422.5300	230.6670	3.4160	450.6200	74.8161	1.0000	12000.0000	500.0000	0.0000	11995.4028	0.2426	0.3034	0.0317	0.0334	-1.3463	1.0754	-2.4886	0.7037	-9.7666	171.5195	297.8107	444.8103	83.7892	2.4669	1.5754	96.0055
66.1213	11984.0000	-0.2370	1.6009	0.0000	209.1640	422.5300	230.6670	3.4160	450.6200	74.8161	1.0000	12000.0000	500.0000	0.0000	11995.4028	0.2426	0.3034	0.0317	0.0334	-1.3463	1.0754	-2.4886	0.7037	-9.7666	171.5195	297.8107	444.8103	83.7892	2.4669	1.5754	96.0055
66.4668	11984.0000	-0.2370	1.6009	0.0000	209.1640	422.5300	230.6670	3.4160	450.6200	74.8161	1.0000	12000.0000	500.0000	0.0000	11990.4847	0.2684	0.3090	0.0341	0.0297	-1.8130	1.4534	-2.3502	0.6742	-4.5318	170.9663	297.8921	435.1634	83.9492	1.6954	1.5719	96.0512
66.8557	11981.0000	-0.2370	1.6175	0.0000	209.3840	423.3700	230.6740	3.4342	451.3000	74.9662	2.0000	12000.0000	500.0000	0.0000	12030.7837	0.2984	0.2559	0.0305	0.0326	-1.9025	1.6908	-2.1261	0.5939	-10.3859	173.7247	298.0809	437.6375	84.0956	2.5768	1.5548	96.0512
67.0730	11981.0000	-0.2370	1.6175	0.0000	209.3840	423.3700	230.6740	3.4342	451.3000	74.9662	2.0000	12000.0000	500.0000	0.0000	12030.7837	0.2984	0.2559	0.0305	0.0326	-1.9025	1.6908	-2.1261	0.5939	-10.3859	173.7247	298.0809	437.6375	84.0956	2.5768	1.5548	96.0512
67.6791	11990.0000	-0.2360	1.6226	0.0000	209.1000	423.5000	230.6760	3.4365	451.5200	75.2008	2.0000	12000.0000	500.0000	0.0000	12008.9340	0.3155	0.2827	0.0335	0.0278	-1.5847	1.8635	-2.1309	0.5640	-14.1071	176.4439	298.0988	436.8312	84.2307	1.8257	1.5628	96.1081
67.7353	11990.0000	-0.2360	1.6226	0.0000	209.1000	423.5000	230.6760	3.4365	451.5200	75.2008	2.0000	12000.0000	500.0000	0.0000	12008.9340	0.3155	0.2827	0.0335	0.0278	-1.5847	1.8635	-2.1309	0.5640	-14.1071	176.4439	298.0988	436.8312	84.2307	1.8257	1.5628	96.1081
68.2848	11987.0000	-0.2340	1.5906	0.0000	209.6690	416.7700	230.6770	3.3844	444.2300	75.3844	2.0000	12000.0000	500.0000	0.0000	12019.8763	0.2831	0.2665	0.0344	0.0314	-1.8826	1.5624	-1.8356	0.6618	-15.1192	164.2576	298.2922	425.5569	84.3996	1.9272	1.6006	96.1396
68.4736	11987.0000	-0.2340	1.5906	0.0000	209.6690	416.7700	230.6770	3.3844	444.2300	75.3844	2.0000	12000.0000	500.0000	0.0000	12019.8763	0.2831	0.2665	0.0344	0.0314	-1.8826	1.5624	-1.8356	0.6618	-15.1192	164.2576	298.2922	425.5569	84.3996	1.9272	1.6006	96.1396
68.8901	11993.0000	-0.2310	1.5944	0.0000	209.7600	416.1500	230.6680	3.3849	443.3900	75.5240	2.0000	12000.0000	500.0000	0.0000	11986.5855	0.2386	0.3098	0.0312	0.0336	-1.3496	1.1335	-2.3575	0.4585	-16.5778	176.4157	298.2744	441.7934	84.5477	2.2838	1.5684	96.1396
69.2110	11993.0000	-0.2310	1.5944	0.0000	209.7600	416.1500	230.6680	3.3849	443.3900	75.5240	2.0000	12000.0000	500.0000	0.0000	12024.5845	0.3440	0.2609	0.0292	0.0295	-1.6786	1.9826	-2.4342	0.7905	-8.6007	154.8023	298.1360	429.7253	84.6853	2.6170	1.5946	96.1828
69.4955	11993.0000	-0.2310	1.5944	0.0000	209.7600	416.1500	230.6680	3.3849	443.3900	75.5240	2.0000	12000.0000	500.0000	0.0000	12024.5845	0.3440	0.2609	0.0292	0.0295	-1.6786	1.9826	-2.4342	0.7905	-8.6007	154.8023	298.1360	429.7253	84.6853	2.6170	1.5946	96.1828
69.9521	12016.0000	-0.2340	1.6046	0.0000	209.4720	419.0400	230.6500	3.4083	446.5200	75.7325	2.0000	12000.0000	500.0000	0.0000	11993.1332	0.2490	0.3018	0.0332	0.0334	-1.3087	1.0650	-2.3600	0.5135	-18.1640	171.1197	298.0526	436.8739	84.8400	1.5770	1.5939	96.1828
70.1007	12016.0000	-0.2340	1.6046	0.0000	209.4720	419.0400	230.6500	3.4083	446.5200	75.7325	2.0000	12000.0000	500.0000	0.0000	11993.1332	0.2490	0.3018	0.0332	0.0334	-1.3087	1.0650	-2.3600	0.5135	-18.1640	171.1197	298.0526	436.8739	84.8400	1.5770	1.5939	96.1828
70.6979	12003.0000	-0.2360	1.6103	0.0000	209.6090	418.1900	230.6410	3.4026	445.5100	75.9083	2.0000	12000.0000	500.0000	0.0000	12015.8267	0.2868	0.2723	0.0305	0.0291	-1.8510	1.6209	-1.9045	0.5861	-6.3733	170.3269	298.0449	431.3186	84.9817	2.1903	1.5917	96.2354
70.7072	12003.0000	-0.2360	1.6103	0.0000	209.6090	418.1900	230.6410	3.4026	445.5100	75.9083	2.0000	12000.0000	500.0000	0.0000	12015.8267	0.2868	0.2723	0.0305	0.0291	-1.8510	1.6209	-1.9045	0.5861	-6.3733	170.3269	298.0449	431.3186	84.9817	2.1903	1.5917	96.2354
71.3130	11988.0000	-0.2340	1.5934	0.0000	209.6580	414.2500	230.6150	3.3713	441.2300	76.0182	2.0000	12000.0000	500.0000	0.0000	11995.9903	0.2718	0.2970	0.0299	0.0328	-1.4489	1.3223	-2.3773	0.6040	-4.5928	168.7866	298.2831	431.5901	85.1339	2.5683	1.5451	96.2764
71.4449	11988.0000	-0.2340	1.5934	0.0000	209.6580	414.2500	230.6150	3.3713	441.2300	76.0182	2.0000	12000.0000	500.0000	0.0000	11995.9903	0.2718	0.2970	0.0299	0.0328	-1.4489	1.3223	-2.3773	0.6040	-4.5928	168.7866	298.2831	431.5901	85.1339	2.5683	1.5451	96.2764
71.9184	11991.0000	-0.2340	1.5882	0.0000	209.4820	415.0400	230.5950	3.3790	442.1200	76.1897	2.0000	12000.0000	500.0000	0.0000	12009.3432	0.3443	0.2783	0.0332	0.0276	-1.8770	2.1134	-1.7314	0.4257	-21.3565	180.6304	298.2880	429.9672	85.2371	2.2570	1.5714	96.2764
72.1817	11991.0000	-0.2340	1.5882	0.0000	209.4820	415.0400	230.5950	3.3790	442.1200	76.1897	2.0000	12000.0000	500.0000	0.0000	12009.3432	0.3443	0.2783	0.0332	0.0276	-1.8770	2.1134	-1.7314	0.4257	-21.3565	180.6304	298.2880	429.9672	85.2371	2.2570	1.5714	96.2764
72.5243	11991.0000	-0.2340	1.5882	0.0000	209.4820	415.0400	230.5950	3.3790	442.1200	76.1897	2.0000	12000.0000	500.0000	0.0000	11977.0187	0.3098	0.3199	0.0294	0.0319	-1.7990	1.7039	-2.6769	0.6063	-19.4779	162.4322	298.4614	422.6277	85.3547	2.1064	1.5715	96.3187
72.9336	11991.0000	-0.2330	1.5949	0.0000	209.6790	413.6000	230.5550	3.3758	440.5200	76.3496	3.0000	12000.0000	500.0000	0.0000	11969.8253	0.3365	0.3288	0.0304	0.0323	-1.9846	1.8010	-2.7602	0.4395	-8.4471	177.4401	298.3124	443.8783	85.4789	1.6582	1.5936	96.3187
73.1293	11991.0000	-0.2330	1.5949	0.0000	209.6790	413.6000	230.5550	3.3758	440.5200	76.3496	3.0000	12000.0000	500.0000	0.0000	11969.8253	0.3365	0.3288	0.0304	0.0323	-1.9846	1.8010	-2.7602	0.4395	-8.4471	177.4401	298.3124	443.8783	85.4789	1.6582	1.5936	96.3187
73.7358	11986.0000	-0.2350	1.6164	0.0000	209.4060	416.5200	230.5050	3.3963	443.6500	76.5303	3.0000	12000.0000	500.0000	0.0000	12011.0241	0.2611	0.2758	0.0312	0.0306	-1.8788	1.3936	-2.5565	0.6574	-19.6675	158.4344	298.2241	430.1663	85.6103	2.2154	1.6001	96.3671
73.8129	11986.0000	-0.2350	1.6164	0.0000	209.4060	416.5200	230.5050	3.3963	443.6500	76.5303	3.0000	12000.0000	500.0000	0.0000	12011.0241	0.2611	0.2758	0.0312	0.0306	-1.8788	1.3936	-2.5565	0.6574	-19.6675	158.4344	298.2241	430.1663	85.6103	2.2154	1.6001	96.3671
74.3405	12028.0000	-0.2350	1.6121	0.0000	209.2770	416.7800	230.4770	3.4001	443.8100	76.6712	3.0000	12000.0000	500.0000	0.0000	11969.2646	0.2747	0.3301	0.0319	0.0330	-1.3651	1.3652	-1.8482	0.6045	-24.2005	170.4559	298.2202	434.0370	85.7523	2.4122	1.5345	96.4086
74.5552	12028.0000	-0.2350	1.6121	0.0000	209.2770	416.7800	230.4770	3.4001	443.8100	76.6712	3.0000	12000.0000	500.0000	0.0000	11969.2646	0.2747	0.3301	0.0319	0.0330	-1.3651	1.3652	-1.8482	0.6045	-24.2005	170.4559	298.2202	434.0370	85.7523	2.4122	1.5345	96.4086
74.9457	11988.0000	-0.2270	1.5978	0.0000	209.3620	414.8600	230.4260	3.3816	441.6300	76.7857	3.0000	12000.0000	500.0000	0.0000	12007.0002	0.2849	0.2812	0.0278	0.0291	-1.8167	1.6030	-2.1483	0.5775	-5.1956	179.0249	297.9817	434.1969	85.8324	2.8104	1.5304	96.4086
75.3185	11988.0000	-0.2270	1.5978	0.0000	209.3620	414.8600	230.4260	3.3816	441.6300	76.7857	3.0000	12000.0000	500.0000	0.0000	11976.8719	0.2082	0.3212	0.0336	0.0331	-1.4099	0.8756	-2.1108	0.4985	-21.6474	170.6046	297.7471	437.5805	85.9170	2.2724	1.5737	96.4578
75.5525	11988.0000	-0.2270	1.5978	0.0000	209.3620	414.8600	230.4260	3.3816	441.6300	76.7857	3.0000	12000.0000	500.0000	0.0000	11976.8719	0.2082	0.3212	0.0336	0.0331	-1.4099	0.8756	-2.1108	0.4985	-21.6474	170.6046	297.7471	437.5805	85.9170	2.2724	1.5737	96.4578
76.0634	12032.0000	-0.2290	1.6142	0.0000	209.4410	418.2100	230.3990	3.3986	444.9800	76.9715	3.0000	12000.0000	500.0000	0.0000	11993.2229	0.3143	0.3003	0.0287	0.0280	-1.4083	1.8129	-2.9081	0.4561	-23.8099	178.7094	297.6970	440.4636	86.0169	2.8041	1.5731	96.4578
76.1575	12032.0000	-0.2290	1.6142	0.0000	209.4410	418.2100	230.3990	3.3986	444.9800	76.9715	3.0000	12000.0000	500.0000	0.0000	11993.2229	0.3143	0.3003	0.0287	0.0280	-1.4083	1.8129	-2.9081	0.4561	-23.8099	178.7094	297.6970	440.4636	86.0169	2.8041	1.5731	96.4578
76.7640	11993.0000	-0.2270	1.5951	0.0000	209.3960	416.4400	230.3570	3.3985	443.2500	77.0815	3.0000	12000.0000	500.0000	0.0000	12004.3692	0.2605	0.2860	0.0340	0.0318	-1.6342	1.3821	-2.0591	0.6115	-16.7160	167.7646	297.9241	425.1264	86.1114	2.5149	1.5691	96.5106
76.8144	11993.0000	-0.2270	1.5951	0.0000	209.3960	416.4400	230.3570	3.3985	443.2500	77.0815	3.0000	12000.0000	500.0000	0.0000	12004.3692	0.2605	0.2860	0.0340	0.0318	-1.6342	1.3821	-2.0591	0.6115	-16.7160	167.7646	297.9241	425.1264	86.1114	2.5149	1.5691	96.5106
77.3692	12028.0000	-0.2270	1.5921	0.0000	209.2890	416.5700	230.3330	3.3977	443.3300	77.2045	3.0000	12000.0000	500.0000	0.0000	12013.1830	0.3566	0.2759	0.0336	0.0313	-1.0419	1.8466	-2.0442	0.5906	-12.3832	174.3885	297.6531	449.6797	86.2216	2.3291	1.5919	96.5418
77.5630	12028.0000	-0.2270	1.5921	0.0000	209.2890	416.5700	230.3330	3.3977	443.3300	77.2045	3.0000	12000.0000	500.0000	0.0000	12013.1830	0.3566	0.2759	0.0336	0.0313	-1.0419	1.8466	-2.0442	0.5906	-12.3832	174.3885	297.6531	449.6797	86.2216	2.3291	1.5919	96.5418
77.9588	12028.0000	-0.2270	1.5921	0.0000	209.2890	416.5700	230.3330	3.3977	443.3300	77.2045	3.0000	12000.0000	500.0000	0.0000	12001.1508	0.3158	0.2926	0.0300	0.0328	-1.7896	1.5821	-2.4190	0.5673	1.9986	175.5619	297.6682	449.2327	86.3102	2.1849	1.5699	96.5418
78.5650	11984.0000	-0.2300	1.6034	0.0000	209.2320	419.8900	230.2820	3.4222	446.9200	77.4357	4.0000	12000.0000	500.0000	0.0000	12002.8760	0.2908	0.2910	0.0316	0.0310	-1.9844	1.6314	-2.4609	0.6881	-6.0691	163.4744	297.4603	430.4757	86.3976	2.2755	1.5665	96.5848
78.8075	11984.0000	-0.2300	1.6034	0.0000	209.2320	419.8900	230.2820	3.4222	446.9200	77.4357	4.0000	12000.0000	500.0000	0.0000	12002.8760	0.2908	0.2910	0.0316	0.0310	-1.9844	1.6314	-2.4609	0.6881	-6.0691	163.4744	297.4603	430.4757	86.3976	2.2755	1.5665	96.5848
79.1716	11984.0000	-0.2300	1.6034	0.0000	209.2320	419.8900	230.2820	3.4222	446.9200	77.4357	4.0000	12000.0000	500.0000	0.0000	11984.1317	0.2011	0.3167	0.0329	0.0337	-1.6094	0.9351	-2.3481	0.6265	-5.6672	178.7523	297.6523	450.0524	86.4832	1.6436	1.5645	96.5848
79.6873	12035.0000	-0.2330	1.6347	0.0000	208.9680	424.1800	230.2730	3.4541	451.5600	77.5947	4.0000	12000.0000	500.0000	0.0000	11975.9521	0.3752	0.3266	0.0331	0.0288	-1.7381	2.3347	-1.6065	0.7060	-11.2397	160.7052	297.7368	434.7615	86.5596	2.5980	1.5747	96.6323
79.7763	12035.0000	-0.2330	1.6347	0.0000	208.9680	424.1800	230.2730	3.4541	451.5600	77.5947	4.0000	12000.0000	500.0000	0.0000	11975.9521	0.3752	0.3266	0.0331	0.0288	-1.7381	2.3347	-1.6065	0.7060	-11.2397	160.7052	297.7368	434.7615	86.5596	2.5980	1.5747	96.6323
80.3810	12004.0000	-0.2300	1.6216	0.0000	209.1120	421.5200	230.2690	3.4371	448.6000	77.7018	4.0000	12000.0000	500.0000	0.0000	11988.9647	0.2368	0.3082	0.0322	0.0331	-1.5960	1.1277	-1.9629	0.5910	-6.8320	170.1012	297.8628	435.4705	86.6740	2.1479	1.5919	96.6608
80.4242	12004.0000	-0.2300	1.6216	0.0000	209.1120	421.5200	230.2690	3.4371	448.6000	77.7018	4.0000	12000.0000	500.0000	0.0000	11988.9647	0.2368	0.3082	0.0322	0.0331	-1.5960	1.1277	-1.9629	0.5910	-6.8320	170.1012	297.8628	435.4705	86.6740	2.1479	1.5919	96.6608
80.9874	12019.0000	-0.2300	1.5914	0.0000	209.4700	418.0600	230.2740	3.4161	444.7700	77.8238	4.0000	12000.0000	500.0000	0.0000	12013.4243	0.3231	0.2763	0.0320	0.0286	-1.8099	1.9408	-2.0074	0.5712	7.7069	170.2224	297.8456	432.3894	86.7712	2.1094	1.5976	96.6608
81.1732	12019.0000	-0.2300	1.5914	0.0000	209.4700	418.0600	230.2740	3.4161	444.7700	77.8238	4.0000	12000.0000	500.0000	0.0000	12013.4243	0.3231	0.2763	0.0320	0.0286	-1.8099	1.9408	-2.0074	0.5712	7.7069	170.2224	297.8456	432.3894	86.7712	2.1094	1.5976	96.6608
81.5927	11997.0000	-0.2290	1.6093	0.0000	209.2470	419.7600	230.2860	3.4278	446.6700	77.9417	4.0000	12000.0000	500.0000	0.0000	12014.2414	0.2931	0.2751	0.0297	0.0324	-1.4924	1.5125	-2.6100	0.5707	-9.6802	170.6727	297.7403	432.2973	86.8694	2.4023	1.6008	96.7027
81.9175	11997.0000	-0.2290	1.6093	0.0000	209.2470	419.7600	230.2860	3.4278	446.6700	77.9417	4.0000	12000.0000	500.0000	0.0000	12024.6067	0.2414	0.2627	0.0307	0.0326	-1.6622	1.1666	-2.1842	0.6778	-17.4758	166.9173	297.6905	433.5751	86.9626	2.9060	1.5800	96.7027
82.1830	11997.0000	-0.2290	1.6093	0.0000	209.2470	419.7600	230.2860	3.4278	446.6700	77.9417	4.0000	12000.0000	500.0000	0.0000	12024.6067	0.2414	0.2627	0.0307	0.0326	-1.6622	1.1666	-2.1842	0.6778	-17.4758	166.9173	297.6905	433.5751	86.9626	2.9060	1.5800	96.7027
82.6576	11998.0000	-0.2300	1.5996	0.0000	209.2070	420.7500	230.3020	3.4394	447.7200	78.0542	4.0000	12000.0000	500.0000	0.0000	11977.1738	0.2217	0.3248	0.0273	0.0322	-1.6516	1.1253	-2.8858	0.5326	-18.3990	171.3779	297.8515	433.0073	87.0386	2.1268	1.5784	96.7505
82.7725	11998.0000	-0.2300	1.5996	0.0000	209.2070	420.7500	230.3020	3.4394	447.7200	78.0542	4.0000	12000.0000	500.0000	0.0000	11977.1738	0.2217	0.3248	0.0273	0.0322	-1.6516	1.1253	-2.8858	0.5326	-18.3990	171.3779	297.8515	433.0073	87.0386	2.1268	1.5784	96.7505
83.3619	12026.0000	-0.2290	1.6214	0.0000	209.2200	422.3900	230.3360	3.4559	449.6800	78.1994	4.0000	12000.0000	500.0000	0.0000	11982.2970	0.2771	0.3175	0.0279	0.0326	-1.8073	1.4756	-2.7484	0.6241	-10.1216	169.9231	297.9980	432.0002	87.1407	2.2766	1.5893	96.7842
83.3929	12026.0000	-0.2290	1.6214	0.0000	209.2200	422.3900	230.3360	3.4559	449.6800	78.1994	4.0000	12000.0000	500.0000	0.0000	11982.2970	0.2771	0.3175	0.0279	0.0326	-1.8073	1.4756	-2.7484	0.6241	-10.1216	169.9231	297.9980	432.0002	87.1407	2.2766	1.5893	96.7842
83.9677	11986.0000	-0.2330	1.6139	0.0000	209.2890	420.0300	230.3580	3.4343	447.1500	78.3765	4.0000	12000.0000	500.0000	0.0000	12010.7840	0.3251	0.2804	0.0325	0.0279	-1.4408	1.8431	-2.2609	0.5707	-2.4504	176.2255	297.9453	439.5864	87.2167	1.9788	1.5763	96.7842
84.1389	11986.0000	-0.2330	1.6139	0.0000	209.2890	420.0300	230.3580	3.4343	447.1500	78.3765	4.0000	12000.0000	500.0000	0.0000	12010.7840	0.3251	0.2804	0.0325	0.0279	-1.4408	1.8431	-2.2609	0.5707	-2.4504	176.2255	297.9453	439.5864	87.2167	1.9788	1.5763	96.7842
84.5738	11979.0000	-0.2310	1.5983	0.0000	209.5100	419.0900	230.4040	3.4198	445.9700	78.4866	5.0000	12000.0000	500.0000	0.0000	12016.0750	0.2408	0.2740	0.0323	0.0324	-1.5185	1.1360	-2.2633	0.7136	-15.4907	165.6176	297.7400	432.0625	87.2783	2.2086	1.5567	96.8294
84.8929	11979.0000	-0.2310	1.5983	0.0000	209.5100	419.0900	230.4040	3.4198	445.9700	78.4866	5.0000	12000.0000	500.0000	0.0000	12013.1830	0.3262	0.2773	0.0332	0.0277	-1.4682	1.8837	-1.9639	0.5039	-8.6756	176.7702	297.8319	442.4774	87.3379	2.1010	1.5596	96.8294
85.1790	11979.0000	-0.2310	1.5983	0.0000	209.5100	419.0900	230.4040	3.4198	445.9700	78.4866	5.0000	12000.0000	500.0000	0.0000	12013.1830	0.3262	0.2773	0.0332	0.0277	-1.4682	1.8837	-1.9639	0.5039	-8.6756	176.7702	297.8319	442.4774	87.3379	2.1010	1.5596	96.8294
85.7386	11992.0000	-0.2300	1.6262	0.0000	209.3600	422.3000	230.4260	3.4399	449.3200	78.6225	5.0000	12000.0000	500.0000	0.0000	12020.3951	0.2731	0.2687	0.0332	0.0313	-1.2745	1.3496	-1.8273	0.7152	-6.2558	164.0403	297.8705	436.5805	87.3955	1.9674	1.5544	96.8740
85.7849	11992.0000	-0.2300	1.6262	0.0000	209.3600	422.3000	230.4260	3.4399	449.3200	78.6225	5.0000	12000.0000	500.0000	0.0000	12020.3951	0.2731	0.2687	0.0332	0.0313	-1.2745	1.3496	-1.8273	0.7152	-6.2558	164.0403	297.8705	436.5805	87.3955	1.9674	1.5544	96.8740
86.3908	11987.0000	-0.2340	1.6066	0.0000	209.3390	422.4200	230.4730	3.4459	449.4800	78.6838	5.0000	12000.0000	500.0000	0.0000	11986.2416	0.2347	0.3123	0.0306	0.0335	-1.6061	1.1300	-2.1133	0.6240	-14.9150	173.2257	298.1765	439.4517	87.4911	2.4676	1.5736	96.9004
86.4708	11987.0000	-0.2340	1.6066	0.0000	209.3390	422.4200	230.4730	3.4459	449.4800	78.6838	5.0000	12000.0000	500.0000	0.0000	11986.2416	0.2347	0.3123	0.0306	0.0335	-1.6061	1.1300	-2.1133	0.6240	-14.9150	173.2257	298.1765	439.4517	87.4911	2.4676	1.5736	96.9004
86.9956	11991.0000	-0.2310	1.5945	0.0000	209.7500	419.2000	230.5020	3.4235	445.9300	78.8236	5.0000	12000.0000	500.0000	0.0000	12010.5100	0.2580	0.2790	0.0328	0.0306	-1.4609	1.3331	-1.7624	0.7272	-3.0991	158.9615	298.4260	425.4997	87.5578	1.8952	1.5890	96.9004
87.2230	11991.0000	-0.2310	1.5945	0.0000	209.7500	419.2000	230.5020	3.4235	445.9300	78.8236	5.0000	12000.0000	500.0000	0.0000	12010.5100	0.2580	0.2790	0.0328	0.0306	-1.4609	1.3331	-1.7624	0.7272	-3.0991	158.9615	298.4260	425.4997	87.5578	1.8952	1.5890	96.9004
87.6018	11984.0000	-0.2300	1.6013	0.0000	209.5860	418.1800	230.5410	3.4174	444.9200	78.9494	5.0000	12000.0000	500.0000	0.0000	11982.1291	0.2518	0.3158	0.0304	0.0333	-1.3267	1.1162	-2.3414	0.5071	-19.3163	171.4299	298.2140	435.6311	87.6275	2.5629	1.5812	96.9384
87.9597	11984.0000	-0.2300	1.6013	0.0000	209.5860	418.1800	230.5410	3.4174	444.9200	78.9494	5.0000	12000.0000	500.0000	0.0000	12008.3920	0.2992	0.2818	0.0326	0.0290	-1.5772	1.7227	-1.9832	0.5475	6.7688	175.7714	298.1881	432.9710	87.6948	1.9291	1.5732	96.9384
88.2067	11984.0000	-0.2300	1.6013	0.0000	209.5860	418.1800	230.5410	3.4174	444.9200	78.9494	5.0000	12000.0000	500.0000	0.0000	12008.3920	0.2992	0.2818	0.0326	0.0290	-1.5772	1.7227	-1.9832	0.5475	6.7688	175.7714	298.1881	432.9710	87.6948	1.9291	1.5732	96.9384
88.7051	11992.0000	-0.2300	1.5923	0.0000	209.7220	416.3700	230.5610	3.4058	442.8500	79.0548	5.0000	12000.0000	500.0000	0.0000	11992.9548	0.2852	0.3018	0.0280	0.0324	-1.6148	1.4642	-2.2758	0.6401	-13.8916	171.1700	298.3717	431.2199	87.7574	2.5752	1.5829	96.9816
88.8132	11992.0000	-0.2300	1.5923	0.0000	209.7220	416.3700	230.5610	3.4058	442.8500	79.0548	5.0000	12000.0000	500.0000	0.0000	11992.9548	0.2852	0.3018	0.0280	0.0324	-1.6148	1.4642	-2.2758	0.6401	-13.8916	171.1700	298.3717	431.2199	87.7574	2.5752	1.5829	96.9816
89.4185	11982.0000	-0.2320	1.5845	0.0000	209.9400	415.1400	230.5930	3.3933	441.5100	79.1396	5.0000	12000.0000	500.0000	0.0000	11990.0289	0.3014	0.3047	0.0327	0.0280	-1.7289	1.8418	-2.3075	0.3850	-19.0978	181.0270	298.6218	434.3389	87.8306	1.8262	1.5718	97.0132
89.4471	11982.0000	-0.2320	1.5845	0.0000	209.9400	415.1400	230.5930	3.3933	441.5100	79.1396	5.0000	12000.0000	500.0000	0.0000	11990.0289	0.3014	0.3047	0.0327	0.0280	-1.7289	1.8418	-2.3075	0.3850	-19.0978	181.0270	298.6218	434.3389	87.8306	1.8262	1.5718	97.0132
90.0243	11994.0000	-0.2320	1.5843	0.0000	209.9540	415.1300	230.6070	3.4003	441.4200	79.2099	5.0000	12000.0000	500.0000	0.0000	12019.2270	0.2902	0.2657	0.0301	0.0312	-2.0602	1.6857	-1.9201	0.6999	-9.6215	164.9013	298.6636	417.6663	87.8812	2.4297	1.5855	97.0132
90.1852	11994.0000	-0.2320	1.5843	0.0000	209.9540	415.1300	230.6070	3.4003	441.4200	79.2099	5.0000	12000.0000	500.0000	0.0000	12019.2270	0.2902	0.2657	0.0301	0.0312	-2.0602	1.6857	-1.9201	0.6999	-9.6215	164.9013	298.6636	417.6663	87.8812	2.4297	1.5855	97.0132
90.6301	11989.0000	-0.2330	1.6084	0.0000	209.8280	417.3600	230.6290	3.4227	443.7800	79.3279	6.0000	12000.0000	500.0000	0.0000	12018.7643	0.2589	0.2659	0.0333	0.0338	-1.1852	1.0503	-1.6819	0.4440	-21.4603	177.7238	298.8573	441.6531	87.9515	1.8061	1.5967	97.0509
90.9166	11989.0000	-0.2330	1.6084	0.0000	209.8280	417.3600	230.6290	3.4227	443.7800	79.3279	6.0000	12000.0000	500.0000	0.0000	12018.7643	0.2589	0.2659	0.0333	0.0338	-1.1852	1.0503	-1.6819	0.4440	-21.4603	177.7238	298.8573	441.6531	87.9515	1.8061	1.5967	97.0509
91.2357	11989.0000	-0.2330	1.6084	0.0000	209.8280	417.3600	230.6290	3.4227	443.7800	79.3279	6.0000	12000.0000	500.0000	0.0000	12012.9475	0.2503	0.2730	0.0299	0.0306	-1.8033	1.3579	-1.8872	0.8078	-7.2233	153.3185	298.8491	422.7869	88.0203	2.2919	1.5971	97.0509
91.6669	11998.0000	-0.2320	1.6013	0.0000	209.7050	414.9600	230.6410	3.4026	441.3300	79.3851	NOT CONNECTED	12000.0000	500.0000	0.0000	12019.2877	0.2475	0.2639	0.0319	0.0333	-1.8376	1.2832	-2.3035	0.5260	-9.6945	173.1608	298.7951	425.6176	88.0850	2.2559	1.6119	97.0980
91.8413	11998.0000	-0.2320	1.6013	0.0000	209.7050	414.9600	230.6410	3.4026	441.3300	79.3851	NOT CONNECTED	12000.0000	500.0000	0.0000	12019.2877	0.2475	0.2639	0.0319	0.0333	-1.8376	1.2832	-2.3035	0.5260	-9.6945	173.1608	298.7951	425.6176	88.0850	2.2559	1.6119	97.0980
92.4135	11976.0000	-0.2300	1.6022	0.0000	210.1780	412.4500	230.6580	3.3690	438.6200	79.5070	NOT CONNECTED	0.0000	500.0000	0.0000	12000.2905	0.3053	0.2879	0.0314	0.0287	-1.5133	1.7593	-2.0440	0.5088	-10.8142	179.8264	298.6748	430.3936	88.1500	2.2692	1.5439	97.1338
92.4469	11976.0000	-0.2300	1.6022	0.0000	210.1780	412.4500	230.6580	3.3690	438.6200	79.5070	NOT CONNECTED	0.0000	500.0000	0.0000	12000.2905	0.3053	0.2879	0.0314	0.0287	-1.5133	1.7593	-2.0440	0.5088	-10.8142	179.8264	298.6748	430.3936	88.1500	2.2692	1.5439	97.1338
93.0531	12059.0000	-0.1290	1.5722	0.0000	210.3170	408.7600	230.6700	3.3519	434.6000	79.6156	NOT CONNECTED	0.0000	500.0000	0.0000	12073.0467	0.1350	0.1694	0.0335	0.0341	-1.7495	0.6852	-2.0642	0.3397	-21.1986	174.9411	304.7790	272.0047	88.1736	1.7619	1.4526	97.1338
93.4205	12059.0000	-0.1290	1.5722	0.0000	210.3170	408.7600	230.6700	3.3519	434.6000	79.6156	NOT CONNECTED	0.0000	500.0000	0.0000	12073.0467	0.1350	0.1694	0.0335	0.0341	-1.7495	0.6852	-2.0642	0.3397	-21.1986	174.9411	304.7790	272.0047	88.1736	1.7619	1.4526	97.1338
94.1552	12023.0000	-0.0960	1.2952	0.0000	220.3080	203.8000	230.7830	1.8853	219.7700	79.6306	NOT CONNECTED	0.0000	500.0000	0.0000	12032.5846	0.1557	0.1103	0.0347	0.0319	-1.4245	0.6566	-1.9570	0.2832	-8.5168	185.8644	308.2585	250.6898	87.9572	1.5237	1.2959	97.1711
94.1682	12023.0000	-0.0960	1.2952	0.0000	220.3080	203.8000	230.7830	1.8853	219.7700	79.6306	NOT CONNECTED	0.0000	500.0000	0.0000	12032.5846	0.1557	0.1103	0.0347	0.0319	-1.4245	0.6566	-1.9570	0.2832	-8.5168	185.8644	308.2585	250.6898	87.9572	1.5237	1.2959	97.1711
94.7743	11989.0000	-0.1070	1.3666	0.0000	218.6010	229.2000	230.7100	2.0714	246.3400	79.6612	NOT CONNECTED	0.0000	500.0000	0.0000	11976.2331	0.1219	0.1849	0.0312	0.0335	-2.2635	0.7258	-1.6461	0.2173	-12.7751	175.2125	308.1411	228.2914	87.8445	2.2671	1.3157	97.1530
94.9023	11989.0000	-0.1070	1.3666	0.0000	218.6010	229.2000	230.7100	2.0714	246.3400	79.6612	NOT CONNECTED	0.0000	500.0000	0.0000	11976.2331	0.1219	0.1849	0.0312	0.0335	-2.2635	0.7258	-1.6461	0.2173	-12.7751	175.2125	308.1411	228.2914	87.8445	2.2671	1.3157	97.1530
95.3639	11977.0000	-0.1050	1.3610	0.0000	218.8270	229.1200	230.7180	2.0595	246.0100	79.6377	NOT CONNECTED	0.0000	500.0000	0.0000	12032.4972	0.1211	0.1110	0.0347	0.0334	-2.2235	0.7042	-1.8029	0.1950	-14.4321	178.8181	308.3606	229.3014	87.7663	1.5595	1.3140	97.1045
95.6413	11977.0000	-0.1050	1.3610	0.0000	218.8270	229.1200	230.7180	2.0595	246.0100	79.6377	NOT CONNECTED	0.0000	500.0000	0.0000	12032.4972	0.1211	0.1110	0.0347	0.0334	-2.2235	0.7042	-1.8029	0.1950	-14.4321	178.8181	308.3606	229.3014	87.7663	1.5595	1.3140	97.1045
95.9695	11977.0000	-0.1050	1.3610	0.0000	218.8270	229.1200	230.7180	2.0595	246.0100	79.6377	NOT CONNECTED	0.0000	500.0000	0.0000	11975.5220	0.1935	0.1854	0.0334	0.0344	-1.3615	0.8473	-2.1658	0.2546	-20.7885	182.9089	308.3929	243.7548	87.6636	1.8131	1.2958	97.1045
96.3826	12023.0000	-0.1060	1.3370	0.0000	219.0560	227.6700	230.7270	2.0349	244.2900	79.6711	NOT CONNECTED	0.0000	500.0000	0.0000	11981.9228	0.0567	0.1704	0.0337	0.0346	-1.8110	0.2610	-1.5547	0.0365	-25.1337	179.3617	309.4445	209.2083	87.5537	1.9374	1.3060	97.0685
96.5908	12023.0000	-0.1060	1.3370	0.0000	219.0560	227.6700	230.7270	2.0349	244.2900	79.6711	NOT CONNECTED	0.0000	500.0000	0.0000	11981.9228	0.0567	0.1704	0.0337	0.0346	-1.8110	0.2610	-1.5547	0.0365	-25.1337	179.3617	309.4445	209.2083	87.5537	1.9374	1.3060	97.0685
97.1296	11928.0000	-0.0370	1.3390	0.0000	219.0340	226.6600	230.7240	2.0247	243.4600	79.6664	NOT CONNECTED	0.0000	500.0000	0.0000	11705.6611	0.0527	0.0547	0.0364	0.0360	-1.5923	0.1646	-1.7008	0.1648	0.3764	177.7045	316.5385	87.4379	87.4120	1.7465	1.0939	97.0685
97.1963	11928.0000	-0.0370	1.3390	0.0000	219.0340	226.6600	230.7240	2.0247	243.4600	79.6664	NOT CONNECTED	0.0000	500.0000	0.0000	11705.6611	0.0527	0.0547	0.0364	0.0360	-1.5923	0.1646	-1.7008	0.1648	0.3764	177.7045	316.5385	87.4379	87.4120	1.7465	1.0939	97.0685
97.8024	11512.0000	-0.0070	1.1273	0.0000	226.1640	82.6400	230.7810	0.9089	94.1300	79.6017	NOT CONNECTED	0.0000	500.0000	0.0000	11390.6148	0.0467	0.0512	0.0356	0.0349	-1.7579	0.2946	-1.7467	0.1317	-3.0918	169.9029	315.4386	94.3881	87.2023	1.5689	1.1181	97.0299
97.8636	11512.0000	-0.0070	1.1273	0.0000	226.1640	82.6400	230.7810	0.9089	94.1300	79.6017	NOT CONNECTED	0.0000	500.0000	0.0000	11390.6148	0.0467	0.0512	0.0356	0.0349	-1.7579	0.2946	-1.7467	0.1317	-3.0918	169.9029	315.4386	94.3881	87.2023	1.5689	1.1181	97.0299
98.4079	11126.0000	-0.0090	1.1795	0.0000	214.5260	88.9200	230.7550	0.9760	102.3300	79.5420	NOT CONNECTED	0.0000	500.0000	0.0000	11091.5896	0.0645	0.0393	0.0344	0.0349	-1.7238	0.3817	-1.8693	0.0226	-11.8651	167.1834	315.9747	88.4269	87.0462	1.6422	1.1294	96.9221
98.6016	11126.0000	-0.0090	1.1795	0.0000	214.5260	88.9200	230.7550	0.9760	102.3300	79.5420	NOT CONNECTED	0.0000	500.0000	0.0000	11091.5896	0.0645	0.0393	0.0344	0.0349	-1.7238	0.3817	-1.8693	0.0226	-11.8651	167.1834	315.9747	88.4269	87.0462	1.6422	1.1294	96.9221
99.0129	10756.0000	-0.0070	1.1789	0.0000	205.0280	79.3500	230.7550	0.9001	93.2400	79.4661	NOT CONNECTED	0.0000	500.0000	0.0000	10792.1005	0.0295	0.0263	0.0347	0.0349	-1.6030	0.1274	-1.5601	-0.0856	-20.7090	159.4369	316.3140	79.4817	86.8685	1.8084	1.1370	96.9221
99.3447	10756.0000	-0.0070	1.1789	0.0000	205.0280	79.3500	230.7550	0.9001	93.2400	79.4661	NOT CONNECTED	0.0000	500.0000	0.0000	10461.8687	0.0456	0.0553	0.0349	0.0349	-1.7669	0.2369	-1.7840	0.1593	-11.4015	156.6485	316.4246	73.2037	86.7068	1.6713	1.1395	96.8248
99.6185	10756.0000	-0.0070	1.1789	0.0000	205.0280	79.3500	230.7550	0.9001	93.2400	79.4661	NOT CONNECTED	0.0000	500.0000	0.0000	10461.8687	0.0456	0.0553	0.0349	0.0349	-1.7669	0.2369	-1.7840	0.1593	-11.4015	156.6485	316.4246	73.2037	86.7068	1.6713	1.1395	96.8248
100.0840	10386.0000	-0.0030	1.1758	0.0000	200.3170	74.5700	230.7520	0.8593	88.4800	79.4475	NOT CONNECTED	0.0000	500.0000	0.0000	10154.5905	0.0512	0.0537	0.0348	0.0349	-1.5309	0.2318	-1.6311	0.0709	-10.0508	152.8319	316.7102	71.0958	86.5514	1.6434	1.1371	96.8248
100.2253	10386.0000	-0.0030	1.1758	0.0000	200.3170	74.5700	230.7520	0.8593	88.4800	79.4475	NOT CONNECTED	0.0000	500.0000	0.0000	10154.5905	0.0512	0.0537	0.0348	0.0349	-1.5309	0.2318	-1.6311	0.0709	-10.0508	152.8319	316.7102	71.0958	86.5514	1.6434	1.1371	96.8248
100.8157	10018.0000	-0.0000	1.1710	0.0000	190.6300	66.3700	230.7460	0.7860	80.4900	79.3743	NOT CONNECTED	0.0000	500.0000	0.0000	9856.9700	0.0377	0.0396	0.0349	0.0349	-1.7915	0.2050	-1.7471	0.0449	-11.3431	149.2569	316.7820	71.0918	86.3967	1.7191	1.1572	96.7268
100.8303	10018.0000	-0.0000	1.1710	0.0000	190.6300	66.3700	230.7460	0.7860	80.4900	79.3743	NOT CONNECTED	0.0000	500.0000	0.0000	9856.9700	0.0377	0.0396	0.0349	0.0349	-1.7915	0.2050	-1.7471	0.0449	-11.3431	149.2569	316.7820	71.0918	86.3967	1.7191	1.1572	96.7268
101.4352	9657.0000	-0.0000	1.1713	0.0000	185.8030	64.8800	230.7370	0.7733	79.1500	79.3148	NOT CONNECTED	0.0000	500.0000	0.0000	9574.1560	0.0372	0.0152	0.0349	0.0349	-1.8031	0.2042	-1.6376	0.0507	-12.7978	144.8465	317.0671	63.3277	86.2718	1.6013	1.1532	96.6077
101.5443	9657.0000	-0.0000	1.1713	0.0000	185.8030	64.8800	230.7370	0.7733	79.1500	79.3148	NOT CONNECTED	0.0000	500.0000	0.0000	9574.1560	0.0372	0.0152	0.0349	0.0349	-1.8031	0.2042	-1.6376	0.0507	-12.7978	144.8465	317.0671	63.3277	86.2718	1.6013	1.1532	96.6077
102.0414	9295.0000	-0.0020	1.1698	0.0000	176.0510	52.5000	230.7230	0.6563	66.8100	79.2762	NOT CONNECTED	0.0000	500.0000	0.0000	9250.1123	0.0160	0.0372	0.0348	0.0349	-1.6419	0.0514	-1.6476	0.0490	-12.3681	139.5758	317.5103	55.2565	86.1359	1.7810	1.1404	96.6077
102.3180	9295.0000	-0.0020	1.1698	0.0000	176.0510	52.5000	230.7230	0.6563	66.8100	79.2762	NOT CONNECTED	0.0000	500.0000	0.0000	9250.1123	0.0160	0.0372	0.0348	0.0349	-1.6419	0.0514	-1.6476	0.0490	-12.3681	139.5758	317.5103	55.2565	86.1359	1.7810	1.1404	96.6077
102.6467	9295.0000	-0.0020	1.1698	0.0000	176.0510	52.5000	230.7230	0.6563	66.8100	79.2762	NOT CONNECTED	0.0000	500.0000	0.0000	8950.8348	0.0375	0.0310	0.0347	0.0349	-1.7426	0.2228	-1.5823	0.0654	-12.0948	133.7617	317.4022	51.0646	86.0051	1.8176	1.1425	96.4926
103.0536	8910.0000	0.0020	1.1701	0.0000	171.2570	48.9200	230.7190	0.6277	63.2200	79.2198	NOT CONNECTED	0.0000	500.0000	0.0000	8658.0011	0.0385	0.0157	0.0349	0.0349	-1.7090	0.2218	-1.6556	0.0678	-10.4709	128.1623	317.4468	47.0821	85.8807	1.8062	1.1440	96.3755
103.2534	8910.0000	0.0020	1.1701	0.0000	171.2570	48.9200	230.7190	0.6277	63.2200	79.2198	NOT CONNECTED	0.0000	500.0000	0.0000	8658.0011	0.0385	0.0157	0.0349	0.0349	-1.7090	0.2218	-1.6556	0.0678	-10.4709	128.1623	317.4468	47.0821	85.8807	1.8062	1.1440	96.3755
103.8121	8535.0000	0.0060	1.1699	0.0000	161.6530	42.5900	230.7000	0.5832	57.0500	79.1466	NOT CONNECTED	0.0000	500.0000	0.0000	8344.1467	0.0176	0.0276	0.0348	0.0348	-1.7855	0.0934	-1.5774	0.0105	-10.3792	123.6126	317.6026	44.3389	85.7622	1.7542	1.1707	96.3755
103.8590	8535.0000	0.0060	1.1699	0.0000	161.6530	42.5900	230.7000	0.5832	57.0500	79.1466	NOT CONNECTED	0.0000	500.0000	0.0000	8344.1467	0.0176	0.0276	0.0348	0.0348	-1.7855	0.0934	-1.5774	0.0105	-10.3792	123.6126	317.6026	44.3389	85.7622	1.7542	1.1707	96.3755
104.4640	8157.0000	0.0040	1.1701	0.0000	156.8210	39.5900	230.6960	0.5582	54.1200	79.1194	NOT CONNECTED	0.0000	500.0000	0.0000	8037.6873	0.0045	0.0263	0.0348	0.0348	-1.6079	-0.0249	-1.5373	0.0357	-11.5825	118.8832	317.7315	40.9453	85.6593	1.7848	1.1506	96.2425
104.5534	8157.0000	0.0040	1.1701	0.0000	156.8210	39.5900	230.6960	0.5582	54.1200	79.1194	NOT CONNECTED	0.0000	500.0000	0.0000	8037.6873	0.0045	0.0263	0.0348	0.0348	-1.6079	-0.0249	-1.5373	0.0357	-11.5825	118.8832	317.7315	40.9453	85.6593	1.7848	1.1506	96.2425
105.0700	7787.0000	0.0050	1.1706	0.0000	147.2910	34.0400	230.6750	0.5076	48.6200	79.0529	NOT CONNECTED	0.0000	500.0000	0.0000	7740.6677	-0.0074	0.0172	0.0348	0.0348	-1.6451	-0.0348	-1.7687	-0.0143	-11.4069	115.4330	317.9677	37.5776	85.5529	1.7077	1.1525	96.2425
105.3178	7787.0000	0.0050	1.1706	0.0000	147.2910	34.0400	230.6750	0.5076	48.6200	79.0529	NOT CONNECTED	0.0000	500.0000	0.0000	7740.6677	-0.0074	0.0172	0.0348	0.0348	-1.6451	-0.0348	-1.7687	-0.0143	-11.4069	115.4330	317.9677	37.5776	85.5529	1.7077	1.1525	96.2425
105.6749	7787.0000	0.0050	1.1706	0.0000	147.2910	34.0400	230.6750	0.5076	48.6200	79.0529	NOT CONNECTED	0.0000	500.0000	0.0000	7436.2688	0.0114	0.0228	0.0348	0.0348	-1.6026	0.0431	-1.6318	0.0451	-10.9094	109.8057	317.9551	34.1470	85.4522	1.6855	1.1547	96.1121
106.0593	7409.0000	0.0080	1.1710	0.0000	142.6100	31.7900	230.6700	0.4879	46.3700	79.0706	NOT CONNECTED	0.0000	500.0000	0.0000	7144.1928	0.0094	-0.0000	0.0348	0.0348	-1.7983	0.0483	-1.6985	-0.0470	-12.2119	108.4641	318.1886	33.3413	85.3569	1.7225	1.1575	95.9793
106.2811	7409.0000	0.0080	1.1710	0.0000	142.6100	31.7900	230.6700	0.4879	46.3700	79.0706	NOT CONNECTED	0.0000	500.0000	0.0000	7144.1928	0.0094	-0.0000	0.0348	0.0348	-1.7983	0.0483	-1.6985	-0.0470	-12.2119	108.4641	318.1886	33.3413	85.3569	1.7225	1.1575	95.9793
106.8140	7044.0000	0.0080	1.1711	0.0000	133.2430	26.8100	230.6480	0.4405	41.4500	79.0079	NOT CONNECTED	0.0000	500.0000	0.0000	6854.9961	0.0134	-0.0000	0.0349	0.0348	-1.6709	0.0508	-1.7288	-0.0455	-10.6950	103.1126	318.2331	30.8505	85.2631	1.5813	1.1821	95.9793
106.8861	7044.0000	0.0080	1.1711	0.0000	133.2430	26.8100	230.6480	0.4405	41.4500	79.0079	NOT CONNECTED	0.0000	500.0000	0.0000	6854.9961	0.0134	-0.0000	0.0349	0.0348	-1.6709	0.0508	-1.7288	-0.0455	-10.6950	103.1126	318.2331	30.8505	85.2631	1.5813	1.1821	95.9793
107.4930	6668.0000	0.0180	1.1717	0.0000	128.5300	25.4200	230.6370	0.4269	40.0300	79.0022	NOT CONNECTED	0.0000	500.0000	0.0000	6550.9084	0.0099	-0.0000	0.0348	0.0348	-1.6432	0.0149	-1.8063	0.0293	-10.8204	93.7228	318.3886	29.8885	85.1873	1.6943	1.1605	95.8359
107.5608	6668.0000	0.0180	1.1717	0.0000	128.5300	25.4200	230.6370	0.4269	40.0300	79.0022	NOT CONNECTED	0.0000	500.0000	0.0000	6550.9084	0.0099	-0.0000	0.0348	0.0348	-1.6432	0.0149	-1.8063	0.0293	-10.8204	93.7228	318.3886	29.8885	85.1873	1.6943	1.1605	95.8359
108.0986	6309.0000	0.0190	1.1724	0.0000	119.3570	23.3500	230.6170	0.4069	38.0100	79.0117	NOT CONNECTED	0.0000	500.0000	0.0000	6251.4105	-0.0107	-0.0000	0.0347	0.0348	-1.6239	-0.0797	-1.6808	-0.0235	-10.6152	92.0895	318.3698	29.2924	85.1067	1.8004	1.1625	95.8359
108.3210	6309.0000	0.0190	1.1724	0.0000	119.3570	23.3500	230.6170	0.4069	38.0100	79.0117	NOT CONNECTED	0.0000	500.0000	0.0000	6251.4105	-0.0107	-0.0000	0.0347	0.0348	-1.6239	-0.0797	-1.6808	-0.0235	-10.6152	92.0895	318.3698	29.2924	85.1067	1.8004	1.1625	95.8359
108.6883	6309.0000	0.0190	1.1724	0.0000	119.3570	23.3500	230.6170	0.4069	38.0100	79.0117	NOT CONNECTED	0.0000	500.0000	0.0000	5985.5969	0.0161	-0.0000	0.0349	0.0348	-1.8078	0.1148	-1.7740	-0.0407	-12.2204	92.1896	318.3670	28.5863	85.0307	1.5458	1.1652	95.6930
109.0627	5957.0000	0.0220	1.1730	0.0000	114.9730	23.2900	230.6080	0.4065	37.9400	79.0396	NOT CONNECTED	0.0000	500.0000	0.0000	5696.4101	0.0046	-0.0000	0.0347	0.0348	-1.7673	0.0378	-1.5376	0.0473	-11.3576	79.8396	318.2615	28.6384	84.9598	1.5708	1.1678	95.5479
109.2940	5957.0000	0.0220	1.1730	0.0000	114.9730	23.2900	230.6080	0.4065	37.9400	79.0396	NOT CONNECTED	0.0000	500.0000	0.0000	5696.4101	0.0046	-0.0000	0.0347	0.0348	-1.7673	0.0378	-1.5376	0.0473	-11.3576	79.8396	318.2615	28.6384	84.9598	1.5708	1.1678	95.5479
109.8152	5618.0000	0.0210	1.1746	0.0000	106.3790	23.5100	230.5890	0.4076	38.0000	79.0107	NOT CONNECTED	0.0000	500.0000	0.0000	5399.5461	-0.0166	-0.0000	0.0347	0.0348	-1.3827	-0.1235	-1.6776	0.0808	-11.3961	71.3351	317.9889	30.1476	84.8976	1.9377	1.1913	95.5479
109.8993	5618.0000	0.0210	1.1746	0.0000	106.3790	23.5100	230.5890	0.4076	38.0000	79.0107	NOT CONNECTED	0.0000	500.0000	0.0000	5399.5461	-0.0166	-0.0000	0.0347	0.0348	-1.3827	-0.1235	-1.6776	0.0808	-11.3961	71.3351	317.9889	30.1476	84.8976	1.9377	1.1913	95.5479
110.5039	5280.0000	0.0180	1.1997	0.0000	103.0850	25.7800	230.5740	0.4303	40.5100	79.0100	NOT CONNECTED	0.0000	500.0000	0.0000	5193.7402	0.0360	-0.0000	0.0348	0.0348	-2.1482	0.1669	-1.2386	-0.0055	-10.1487	74.9963	318.0039	28.9761	84.8528	1.5735	1.1940	95.3969
110.5658	5280.0000	0.0180	1.1997	0.0000	103.0850	25.7800	230.5740	0.4303	40.5100	79.0100	NOT CONNECTED	0.0000	500.0000	0.0000	5193.7402	0.0360	-0.0000	0.0348	0.0348	-2.1482	0.1669	-1.2386	-0.0055	-10.1487	74.9963	318.0039	28.9761	84.8528	1.5735	1.1940	95.3969
111.1111	4976.0000	0.0140	1.2027	0.0000	95.2250	25.9000	230.5560	0.4303	40.6200	79.0712	NOT CONNECTED	0.0000	500.0000	0.0000	4891.8790	-0.0369	-0.0000	0.0347	0.0348	-1.1650	-0.2075	-1.3863	0.0209	-8.6487	68.2062	317.9306	29.1457	84.8050	2.2054	1.2013	95.3969
111.3196	4976.0000	0.0140	1.2027	0.0000	95.2250	25.9000	230.5560	0.4303	40.6200	79.0712	NOT CONNECTED	0.0000	500.0000	0.0000	4891.8790	-0.0369	-0.0000	0.0347	0.0348	-1.1650	-0.2075	-1.3863	0.0209	-8.6487	68.2062	317.9306	29.1457	84.8050	2.2054	1.2013	95.3969
111.7164	4663.0000	0.0120	1.2023	0.0000	91.4230	25.9600	230.5400	0.4290	40.6200	79.1333	NOT CONNECTED	0.0000	500.0000	0.0000	4705.0921	0.0307	-0.0000	0.0348	0.0348	-2.0811	0.1433	-2.0384	0.0091	-10.5396	66.5048	317.7793	28.6543	84.7631	1.2291	1.2006	95.4428
112.0623	4663.0000	0.0120	1.2023	0.0000	91.4230	25.9600	230.5400	0.4290	40.6200	79.1333	NOT CONNECTED	0.0000	500.0000	0.0000	4387.2222	-0.0178	-0.0000	0.0345	0.0348	-1.2384	-0.1411	-1.2961	0.0670	-14.0338	56.7176	318.7097	26.1891	84.7247	2.1115	1.2233	95.4861
112.3223	4663.0000	0.0120	1.2023	0.0000	91.4230	25.9600	230.5400	0.4290	40.6200	79.1333	NOT CONNECTED	0.0000	500.0000	0.0000	4387.2222	-0.0178	-0.0000	0.0345	0.0348	-1.2384	-0.1411	-1.2961	0.0670	-14.0338	56.7176	318.7097	26.1891	84.7247	2.1115	1.2233	95.4861
112.8155	4328.0000	0.0240	1.2291	0.0000	83.9760	17.9200	230.5430	0.3529	32.1300	79.1850	NOT CONNECTED	0.0000	500.0000	0.0000	4113.2138	-0.0057	-0.1111	0.0351	0.0348	-1.6665	0.0276	-1.9080	0.0528	-13.1902	57.4943	318.4625	14.0253	84.6984	2.2812	1.2178	95.4861
112.9280	4328.0000	0.0240	1.2291	0.0000	83.9760	17.9200	230.5430	0.3529	32.1300	79.1850	NOT CONNECTED	0.0000	500.0000	0.0000	4113.2138	-0.0057	-0.1111	0.0351	0.0348	-1.6665	0.0276	-1.9080	0.0528	-13.1902	57.4943	318.4625	14.0253	84.6984	2.2812	1.2178	95.4861
113.5336	3972.0000	0.0510	1.2221	0.0000	79.6170	20.1700	230.5260	0.3755	34.4800	79.2669	NOT CONNECTED	0.0000	500.0000	0.0000	3820.2624	-0.0352	-0.0000	0.0346	0.0348	-1.0683	-0.1494	-1.0560	0.0001	-13.1605	27.4639	319.0204	14.7648	84.6786	1.0026	1.2395	95.5247
113.5457	3972.0000	0.0510	1.2221	0.0000	79.6170	20.1700	230.5260	0.3755	34.4800	79.2669	NOT CONNECTED	0.0000	500.0000	0.0000	3820.2624	-0.0352	-0.0000	0.0346	0.0348	-1.0683	-0.1494	-1.0560	0.0001	-13.1605	27.4639	319.0204	14.7648	84.6786	1.0026	1.2395	95.5247
114.1390	3529.0000	0.0550	1.2444	0.0000	69.3080	10.1400	230.5090	0.2819	24.4800	79.3538	NOT CONNECTED	0.0000	500.0000	0.0000	3384.5924	-0.0005	-0.1102	0.0348	0.0348	-1.7731	0.0494	-1.3319	-0.2372	-9.2236	70.1306	319.0715	9.5418	84.6660	2.0677	1.2468	95.5247
114.3200	3529.0000	0.0550	1.2444	0.0000	69.3080	10.1400	230.5090	0.2819	24.4800	79.3538	NOT CONNECTED	0.0000	500.0000	0.0000	3384.5924	-0.0005	-0.1102	0.0348	0.0348	-1.7731	0.0494	-1.3319	-0.2372	-9.2236	70.1306	319.0715	9.5418	84.6660	2.0677	1.2468	95.5247
114.7449	3016.0000	0.0620	1.2429	0.0000	63.4210	9.1400	230.4990	0.2689	23.4500	79.4306	NOT CONNECTED	0.0000	500.0000	0.0000	3027.8244	-0.0990	-0.1665	0.0358	0.0353	-1.5919	-0.4023	-2.3209	0.0143	-12.5626	40.9645	319.3667	14.4116	84.6585	2.3896	1.2484	95.5645
115.0625	3016.0000	0.0620	1.2429	0.0000	63.4210	9.1400	230.4990	0.2689	23.4500	79.4306	NOT CONNECTED	0.0000	500.0000	0.0000	2641.4879	-0.0937	-0.0991	0.0346	0.0352	-2.0876	-0.5743	-1.1219	0.0079	-10.9622	38.0895	318.4756	19.7367	84.6523	1.7359	1.2242	95.6021
115.3501	3016.0000	0.0620	1.2429	0.0000	63.4210	9.1400	230.4990	0.2689	23.4500	79.4306	NOT CONNECTED	0.0000	500.0000	0.0000	2641.4879	-0.0937	-0.0991	0.0346	0.0352	-2.0876	-0.5743	-1.1219	0.0079	-10.9622	38.0895	318.4756	19.7367	84.6523	1.7359	1.2242	95.6021
115.8128	2581.0000	0.0510	1.2205	0.0000	51.5690	15.9100	230.4770	0.3266	29.6800	79.5475	NOT CONNECTED	0.0000	500.0000	0.0000	2302.2445	-0.1397	0.0175	0.0347	0.0356	-2.1167	-0.7379	-1.5640	-0.1093	-13.6366	33.7801	318.3714	19.7012	84.6369	2.0177	1.2276	95.6021
115.9404	2581.0000	0.0510	1.2205	0.0000	51.5690	15.9100	230.4770	0.3266	29.6800	79.5475	NOT CONNECTED	0.0000	500.0000	0.0000	2302.2445	-0.1397	0.0175	0.0347	0.0356	-2.1167	-0.7379	-1.5640	-0.1093	-13.6366	33.7801	318.3714	19.7012	84.6369	2.0177	1.2276	95.6021
116.5454	1930.0000	0.0440	1.2108	0.0000	42.0970	17.7700	230.4640	0.3401	31.1900	79.7575	NOT CONNECTED	0.0000	500.0000	0.0000	2049.2727	-0.1150	-0.0000	0.0347	0.0352	-2.1307	-0.4816	-1.1775	-0.1738	-7.1180	22.5942	318.3228	20.1467	84.6197	1.1886	1.2140	95.6315
117.0701	1930.0000	0.0440	1.2108	0.0000	42.0970	17.7700	230.4640	0.3401	31.1900	79.7575	NOT CONNECTED	0.0000	500.0000	0.0000	1747.8558	-0.0078	-0.1384	0.0357	0.0348	-1.2914	-0.0509	-2.0087	0.0118	-9.7677	24.1258	318.2243	20.9914	84.5997	1.8751	1.2093	95.6315
117.1354	1930.0000	0.0440	1.2108	0.0000	42.0970	17.7700	230.4640	0.3401	31.1900	79.7575	NOT CONNECTED	0.0000	500.0000	0.0000	1747.8558	-0.0078	-0.1384	0.0357	0.0348	-1.2914	-0.0509	-2.0087	0.0118	-9.7677	24.1258	318.2243	20.9914	84.5997	1.8751	1.2093	95.6315
117.7413	1536.0000	0.0540	1.1973	0.0000	32.7070	18.8900	230.4430	0.3470	32.0400	79.8946	NOT CONNECTED	0.0000	500.0000	0.0000	1398.3476	-0.1034	0.0515	0.0349	0.0352	-1.5685	-0.4681	-1.6063	-0.2146	-10.7884	18.5903	317.8472	21.4776	84.5749	1.6773	1.1868	95.6533
117.8130	1536.0000	0.0540	1.1973	0.0000	32.7070	18.8900	230.4430	0.3470	32.0400	79.8946	NOT CONNECTED	0.0000	500.0000	0.0000	1398.3476	-0.1034	0.0515	0.0349	0.0352	-1.5685	-0.4681	-1.6063	-0.2146	-10.7884	18.5903	317.8472	21.4776	84.5749	1.6773	1.1868	95.6533
118.3468	1165.0000	0.0450	1.1747	0.0000	27.7800	19.6400	230.4320	0.3517	32.6300	80.0334	NOT CONNECTED	0.0000	500.0000	0.0000	1095.0722	0.0399	0.0542	0.0349	0.0349	-1.5866	0.1802	-1.6014	-0.2083	-11.0358	14.1359	317.8986	25.9514	84.5413	1.6411	1.1796	95.6671
118.5515	1165.0000	0.0450	1.1747	0.0000	27.7800	19.6400	230.4320	0.3517	32.6300	80.0334	NOT CONNECTED	0.0000	500.0000	0.0000	1095.0722	0.0399	0.0542	0.0349	0.0349	-1.5866	0.1802	-1.6014	-0.2083	-11.0358	14.1359	317.8986	25.9514	84.5413	1.6411	1.1796	95.6671
118.9516	805.0000	0.0540	1.1662	0.0000	19.9920	21.6500	230.4130	0.3655	34.2500	80.2218	NOT CONNECTED	0.0000	500.0000	0.0000	801.7355	-0.1024	0.0189	0.0350	0.0353	-1.4828	-0.4839	-1.8446	-0.0225	-9.7571	10.3467	317.9299	23.4391	84.5076	1.8641	1.1767	95.6671
119.3162	805.0000	0.0540	1.1662	0.0000	19.9920	21.6500	230.4130	0.3655	34.2500	80.2218	NOT CONNECTED	0.0000	500.0000	0.0000	513.0478	-0.0391	-0.0428	0.0351	0.0349	-1.6763	-0.1797	-1.6925	-0.0802	-11.1675	5.8155	317.8079	24.5786	84.4695	1.6699	1.1613	95.6721
119.5579	805.0000	0.0540	1.1662	0.0000	19.9920	21.6500	230.4130	0.3655	34.2500	80.2218	NOT CONNECTED	0.0000	500.0000	0.0000	513.0478	-0.0391	-0.0428	0.0351	0.0349	-1.6763	-0.1797	-1.6925	-0.0802	-11.1675	5.8155	317.8079	24.5786	84.4695	1.6699	1.1613	95.6721
120.0634	410.0000	0.0530	1.1545	0.0000	16.6720	22.4300	230.4090	0.3709	34.7300	80.3440	NOT CONNECTED	0.0000	500.0000	0.0000	0.0000	0.0000	0.0000	0.0672	0.0352	-1.7916	0.2377	-1.8043	0.1044	-11.9938	4.5543	317.8064	0.0000	84.4322	1.8073	1.1766	95.6721
120.1637	410.0000	0.0530	1.1545	0.0000	16.6720	22.4300	230.4090	0.3709	34.7300	80.3440	NOT CONNECTED	0.0000	500.0000	0.0000	0.0000	0.0000	0.0000	0.0672	0.0352	-1.7916	0.2377	-1.8043	0.1044	-11.9938	4.5543	317.8064	0.0000	84.4322	1.8073	1.1766	95.6721
120.7693	28.0000	0.0140	0.2288	0.0000	2.5520	0.0000	230.4340	0.0677	2.9700	80.4470	NOT CONNECTED	0.0000	500.0000	0.0000	0.0000	0.0000	0.0000	0.0672	0.0352	-1.7916	0.2377	-1.8043	0.1044	-11.9938	4.5543	321.4555	0.0000	84.2255	1.8073	0.0060	95.6719
120.8078	28.0000	0.0140	0.2288	0.0000	2.5520	0.0000	230.4340	0.0677	2.9700	80.4470	NOT CONNECTED	0.0000	500.0000	0.0000	0.0000	0.0000	0.0000	0.0672	0.0352	-1.7916	0.2377	-1.8043	0.1044	-11.9938	4.5543	321.4555	0.0000	84.2255	1.8073	0.0060	95.6719
121.3753	0.0000	-0.0000	0.0080	0.0000	0.6390	-0.0300	230.4130	0.0360	2.1000	80.4798	NOT CONNECTED	0.0000	500.0000	0.0000	0.0000	0.0000	0.0000	0.0672	0.0352	-1.7916	0.2377	-1.8043	0.1044	-11.9938	4.5543	321.3798	0.0000	83.8924	1.8073	0.0058	95.6012
121.5480	0.0000	-0.0000	0.0080	0.0000	0.6390	-0.0300	230.4130	0.0360	2.1000	80.4798	NOT CONNECTED	0.0000	500.0000	0.0000	0.0000	0.0000	0.0000	0.0672	0.0352	-1.7916	0.2377	-1.8043	0.1044	-11.9938	4.5543	321.3798	0.0000	83.8924	1.8073	0.0058	95.6012
121.9816	0.0000	-0.0000	0.0080	0.0000	0.6420	-0.0300	230.3950	0.0358	2.0900	80.4731	NOT CONNECTED	0.0000	500.0000	0.0000	0.0000	0.0000	0.0000	0.0672	0.0352	-1.7916	0.2377	-1.8043	0.1044	0.0000	0.0000	321.4366	0.0000	83.5738	1.8073	0.0079	95.6012
122.3161	0.0000	-0.0000	0.0080	0.0000	0.6420	-0.0300	230.3950	0.0358	2.0900	80.4731	NOT CONNECTED	0.0000	500.0000	0.0000	0.0000	0.0000	0.0000	0.0672	0.0352	-1.7916	0.2377	-1.8043	0.1044	0.0000	0.0000	321.3919	0.0000	83.2555	1.8073	0.0050	95.4597
122.5878	NOT CONNECTED	NOT CONNECTED	NOT CONNECTED	NOT CONNECTED	NOT CONNECTED	NOT CONNECTED	NOT CONNECTED	NOT CONNECTED	NOT CONNECTED	NOT CONNECTED	NOT CONNECTED	0.0000	500.0000	0.0000	0.0000	0.0000	0.0000	0.0672	0.0352	-1.7916	0.2377	-1.8043	0.1044	0.0000	0.0000	321.3919	0.0000	83.2555	1.8073	0.0050	95.4597
