WindyBPMp50_OrcaH34_Dyno_High_Speed_Torque__230Vac_Yongchang_Y108_20250312_151111
Report created on: 2025/03/12: 17:33:22


Step N. = 	0
Target Speed = 	4445

Speed Mainboard (rpm_M)	Speed TestBench (rpm_M)	Speed Error (rpm_M)	Speed Error %	Torque TestBench (Nm_M)	Torque Ref (Nm)	Torque MainBoard (Nm_M)	Torque MainBoard Error (Nm_M)	Torque MainBoard Error %	Flux Ref (V/rad/s)	Flux (V/rad/s)	Id * Iq (A^2)	Id (Apeak)	Iq (Apeak)	Id Rotor (Apeak)	Iq Rotor (Apeak)	IMotor Measured (Arms)	IMotor MainBoard (Arms)	IMotor Error (Arms)	IMotor Error %	Motor Current THD %	Vsdref (Vpeak)	Vsqref (Vpeak)	Vout MainBoard (Vrms)	Vout Measured (Vrms)	Vout Error (Vrms)	Vout Error %	Motor Power MainBoard (W)	Motor Power Measured (W)	Motor Power Error (W)	Motor Power Error %	Line Voltage (Vrms)	Line Current (Arms)	Line Power (W)	Line Power Factor	Bulk Ripple (V)	DC Bus Voltage (Vrms)	Motor Mechanical Power (W)	Motor Efficiency	Inverter Efficiency	Overall Efficiency	Temperature (deg C)	Estimated Temperature (deg C)	Motor cos-phi	Electrical Power Alpha-Beta [W]	Electrical Power Error [W]	Electrical Power Error [%]	Bus Voltage Usage [%]	Rotational Losses [W]	Kt [Nm/Arms]	
4443.2671	4440.2222	-3.0449	-0.0686	0.1666	0.1336	0.1440	0.0225	13.5204	0.0924	0.0922	-0.0376	-0.1357	0.2667	-0.1851	0.2590	0.2956	0.1894	0.1062	35.9166	0.0000	2.0735	169.1344	207.2497	212.0377	4.7879	2.2581	67.0242	93.8778	26.8536	28.6048	230.8493	0.6905	102.8167	0.6442	nan	217.9698	77.4490	82.4463	91.2658	75.2471	34.2806	52.0532	0.8649	64.7905	29.0873	30.9842	97.2787	14.9331	0.5634	
4444.4762	4442.1250	-2.3512	-0.0529	0.2885	0.2828	0.2974	-0.0089	-3.0891	0.0897	0.0900	-0.1432	-0.2585	0.5465	-0.3479	0.4716	0.4829	0.4170	0.0659	13.6500	0.0000	-3.9970	168.2754	206.2390	207.9611	1.7221	0.8281	139.5432	155.8400	16.2968	10.4574	230.7484	1.0760	168.6350	0.6792	nan	213.1547	134.2050	86.1235	92.4114	79.5878	33.5889	52.0829	0.8959	138.9703	16.8697	10.8250	97.5651	17.6547	0.5975	
4440.2125	4444.4286	4.2160	0.0949	0.3829	0.3870	0.3709	0.0119	3.1149	0.0891	0.0885	-0.1722	-0.2552	0.6991	-0.4993	0.6420	0.6110	0.5408	0.0701	11.4813	0.0000	-4.1443	165.7788	203.1203	206.1031	2.9829	1.4473	175.2775	200.1257	24.8482	12.4163	230.6037	1.3450	215.4529	0.6947	nan	211.4342	178.1891	89.0421	92.8857	82.7071	33.1701	52.2101	0.9176	183.2835	16.8422	8.4158	97.4795	15.5748	0.6266	
4445.5315	4444.4000	-1.1315	-0.0255	0.4767	0.4696	0.4813	-0.0046	-0.9639	0.0859	0.0863	-0.3922	-0.4038	0.9531	-0.6033	0.7436	0.7414	0.6842	0.0572	7.7208	0.0000	-5.4531	167.2296	205.1753	204.6991	-0.4762	-0.2326	240.8249	246.4410	5.6161	2.2789	230.4368	1.6225	264.2790	0.7068	nan	209.9438	221.8638	90.0297	93.2499	83.9523	32.9721	52.4154	0.9375	233.8331	12.6079	5.1160	97.5028	15.2160	0.6430	
4448.2882	4445.4444	-2.8437	-0.0640	0.5714	0.5585	0.5698	0.0016	0.2860	0.0873	0.0862	-0.2274	-0.2124	1.0770	-0.7676	0.9416	0.8791	0.8241	0.0550	6.2563	0.0000	-4.1242	165.5989	202.9391	203.5311	0.5920	0.2909	269.2563	295.3122	26.0559	8.8232	230.3444	1.9120	315.8678	0.7172	nan	208.7771	266.0222	90.0816	93.4923	84.2194	32.9633	52.6927	0.9529	285.3097	10.0026	3.3871	97.4880	16.1285	0.6500	
4441.6254	4448.2222	6.5968	0.1483	0.6639	0.6796	0.6867	-0.0228	-3.4410	0.0831	0.0849	-0.5908	-0.4235	1.3889	-0.9309	1.0417	1.0235	0.9579	0.0657	6.4146	0.0000	2.6597	165.3908	202.9014	202.4364	-0.4650	-0.2297	343.0580	346.4044	3.3465	0.9661	230.3301	2.2118	370.1033	0.7265	nan	207.8548	309.2510	89.2759	93.5966	83.5592	33.1639	53.0327	0.9652	335.2938	11.1106	3.2074	97.3937	19.2991	0.6486	
4435.6618	4445.1429	9.4810	0.2133	0.7584	0.8002	0.7854	-0.0270	-3.5583	0.0807	0.0840	-0.5663	-0.3544	1.6064	-1.0907	1.1640	1.1443	1.1025	0.0418	3.6497	0.0000	-7.0032	163.9247	201.0311	201.6969	0.6658	0.3301	399.5633	388.8800	-10.6833	-2.7472	230.3236	2.4589	415.1014	0.7329	nan	206.9837	353.0441	90.7849	93.6831	85.0501	33.6084	53.4568	0.9728	387.8592	1.0208	0.2625	97.4460	13.4818	0.6628	
4434.8861	4444.0000	9.1139	0.2051	0.8500	0.8986	0.8806	-0.0306	-3.6003	0.0801	0.0802	-0.8313	-0.4453	1.8304	-1.3333	1.3583	1.3017	1.2480	0.0537	4.1248	0.0000	4.4139	160.7050	197.0830	200.7390	3.6560	1.8213	438.1732	443.8275	5.6543	1.2740	230.2925	2.7784	473.9050	0.7407	nan	206.1640	395.5683	89.1268	93.6533	83.4701	34.2959	53.9567	0.9807	439.6570	4.1705	0.9397	97.3690	19.2557	0.6530	
4439.7080	4444.2500	4.5420	0.1022	0.9440	0.9738	0.9593	-0.0153	-1.6194	0.0804	0.0800	-0.7808	-0.3912	1.9869	-1.4272	1.4292	1.4543	1.4041	0.0503	3.4565	0.0000	1.5917	159.7519	196.0352	199.8695	3.8343	1.9184	476.2722	495.8525	19.5803	3.9488	230.2370	3.0802	529.8000	0.7471	nan	205.3379	439.3378	88.6026	93.5924	82.9252	35.2390	54.5973	0.9849	491.0602	4.7923	0.9665	97.3371	20.1753	0.6491	
4440.4004	4445.8182	5.4177	0.1219	1.0372	1.0563	1.0493	-0.0121	-1.1708	0.0769	0.0825	-0.8081	-0.3556	2.2896	-1.4511	1.5735	1.5871	1.5440	0.0431	2.7168	0.0000	5.3477	162.3148	198.9947	199.2117	0.2170	0.1089	555.1546	541.0918	-14.0627	-2.5990	230.2048	3.3420	578.5482	0.7520	nan	204.7131	482.8758	89.2410	93.5258	83.4633	36.4561	55.3745	0.9881	535.3463	5.7455	1.0618	97.3129	14.7335	0.6535	
4442.9018	4444.5000	1.5982	0.0360	1.1305	1.1485	1.1804	-0.0499	-4.4175	0.0735	0.0804	-0.6530	-0.2477	2.6689	-1.6524	1.7438	1.7630	1.7208	0.0422	2.3964	0.0000	1.3279	153.5768	188.1348	198.3983	10.2635	5.1732	615.7396	599.3925	-16.3471	-2.7273	230.1718	3.6803	641.9200	0.7578	nan	203.7843	526.1653	87.7832	93.3749	81.9675	38.0615	56.2762	0.9894	598.1938	1.1987	0.2000	97.3571	19.2423	0.6412	
4441.8416	4444.3333	2.4918	0.0561	1.2227	1.2447	1.2534	-0.0307	-2.5126	0.0804	0.0757	-0.3107	-0.1222	2.6375	-2.0642	1.7254	1.9467	1.8909	0.0558	2.8660	0.0000	-5.1442	159.3435	195.4914	197.5631	2.0717	1.0486	632.9258	658.0611	25.1353	3.8196	230.1556	4.0225	706.2011	0.7628	nan	203.1706	569.0408	86.4727	93.1832	80.5780	39.8809	57.3520	0.9879	650.1793	7.8818	1.1977	97.2404	22.7433	0.6281	
4442.5664	4445.1111	2.5447	0.0572	1.3167	1.3472	1.3219	-0.0052	-0.3968	0.0747	0.0753	0.4987	0.1617	2.9445	-2.3216	1.8980	2.1347	2.1013	0.0334	1.5632	0.0000	7.5529	167.1077	205.0575	196.4789	-8.5786	-4.3662	742.2754	714.9689	-27.3065	-3.8193	230.1663	4.3558	768.7567	0.7668	nan	202.4379	612.8964	85.7236	93.0033	79.7258	42.2160	58.6975	0.9842	710.5038	4.4651	0.6245	97.0567	21.6650	0.6168	
4434.8520	4445.5556	10.7036	0.2408	1.4093	1.4869	1.4407	-0.0313	-2.2228	0.0789	0.0749	0.8814	0.2938	3.0308	-2.5228	2.0037	2.3763	2.3412	0.0351	1.4751	0.0000	-1.2845	160.8684	197.1536	194.8591	-2.2945	-1.1775	728.5364	782.4133	53.8769	6.8860	230.2279	4.7619	843.8411	0.7697	nan	201.7826	656.0978	83.8555	92.7205	77.7512	45.0975	60.2825	0.9756	781.5272	0.8861	0.1133	96.5692	25.6007	0.5931	
4446.4416	4436.1111	-10.3305	-0.2329	1.5017	1.5443	1.5574	-0.0557	-3.7124	0.0746	0.0784	1.8309	0.5023	3.4726	-2.5549	2.0584	2.6093	2.5549	0.0544	2.0832	0.0000	0.9198	162.0531	199.6270	193.6639	-5.9631	-3.0791	859.4883	848.3589	-11.1295	-1.3119	230.2973	5.1624	917.8367	0.7720	nan	201.1896	697.5975	82.2301	92.4304	76.0057	48.5970	62.2886	0.9693	843.5702	4.7887	0.5645	96.2597	27.7432	0.5755	
4358.4741	4317.3750	-41.0991	-0.9519	1.5962	1.6360	1.5747	0.0216	1.3509	0.0709	0.0765	2.6633	0.7222	3.6891	-3.0642	2.1611	2.7177	2.7119	0.0058	0.2142	0.0000	5.1659	157.2771	193.1065	194.1996	1.0931	0.5629	877.5695	886.2987	8.7293	0.9849	230.3736	5.3948	960.4938	0.7728	nan	200.6880	721.6889	81.4271	92.2753	75.1371	52.6397	64.5235	0.9695	892.6062	-6.3074	-0.7117	96.7671	29.1684	0.5874	
4111.7367	4027.2500	-84.4867	-2.0979	1.6880	1.7903	1.6619	0.0261	1.5471	0.0721	0.0811	3.5072	0.9163	3.8280	-2.9867	2.2722	2.7088	2.7405	-0.0318	-1.1723	0.0000	15.0482	157.3330	193.9146	194.8317	0.9171	0.4707	924.6751	882.4150	-42.2601	-4.7891	230.4045	5.3643	955.9100	0.7734	nan	200.6297	711.8828	80.6744	92.3115	74.4718	56.6768	66.3831	0.9653	902.0215	-19.6065	-2.2219	97.1101	34.0071	0.6232	

Torque compensated Offset = 	0
Mean Torque Mainboard Error perc = 	-0.6403377028581237


Step N. = 	1
Target Speed = 	7620

Speed Mainboard (rpm_M)	Speed TestBench (rpm_M)	Speed Error (rpm_M)	Speed Error %	Torque TestBench (Nm_M)	Torque Ref (Nm)	Torque MainBoard (Nm_M)	Torque MainBoard Error (Nm_M)	Torque MainBoard Error %	Flux Ref (V/rad/s)	Flux (V/rad/s)	Id * Iq (A^2)	Id (Apeak)	Iq (Apeak)	Id Rotor (Apeak)	Iq Rotor (Apeak)	IMotor Measured (Arms)	IMotor MainBoard (Arms)	IMotor Error (Arms)	IMotor Error %	Motor Current THD %	Vsdref (Vpeak)	Vsqref (Vpeak)	Vout MainBoard (Vrms)	Vout Measured (Vrms)	Vout Error (Vrms)	Vout Error %	Motor Power MainBoard (W)	Motor Power Measured (W)	Motor Power Error (W)	Motor Power Error %	Line Voltage (Vrms)	Line Current (Arms)	Line Power (W)	Line Power Factor	Bulk Ripple (V)	DC Bus Voltage (Vrms)	Motor Mechanical Power (W)	Motor Efficiency	Inverter Efficiency	Overall Efficiency	Temperature (deg C)	Estimated Temperature (deg C)	Motor cos-phi	Electrical Power Alpha-Beta [W]	Electrical Power Error [W]	Electrical Power Error [%]	Bus Voltage Usage [%]	Rotational Losses [W]	Kt [Nm/Arms]	
7615.0941	7615.2222	0.1281	0.0017	0.1732	0.1685	0.1645	0.0087	5.0300	0.0519	0.0519	-0.9780	-1.8597	0.5258	-1.9319	0.2436	1.4269	1.3723	0.0546	3.8263	0.0000	-10.4822	168.4611	206.8051	208.8651	2.0600	0.9863	162.1532	207.1333	44.9801	21.7155	230.5470	1.4133	227.6089	0.6983	nan	211.8531	138.1395	66.6193	90.9913	60.6202	40.9772	55.1313	0.4011	176.2559	30.8774	14.9070	98.5904	33.2360	0.1214	
7620.1564	7619.0000	-1.1564	-0.0152	0.2429	0.2643	0.2752	-0.0323	-13.3004	0.0497	0.0506	-1.8207	-1.9665	0.9218	-2.1000	0.4008	1.4895	1.4608	0.0287	1.9256	0.0000	-14.9166	162.4855	199.9096	207.4216	7.5120	3.6216	269.5454	265.9444	-3.6009	-1.3540	230.7397	1.7600	289.1789	0.7121	nan	209.4761	193.7917	72.8692	91.9646	67.0138	42.0272	55.7780	0.4970	261.2767	4.6677	1.7552	99.0195	33.0331	0.1631	
7615.7047	7619.7778	4.0731	0.0535	0.2896	0.3176	0.3149	-0.0254	-8.7658	0.0500	0.0499	-2.0073	-1.8882	1.0625	-2.1748	0.4756	1.5341	1.4998	0.0342	2.2321	0.0000	-12.3755	163.0108	200.4510	206.5960	6.1450	2.9744	293.6427	304.7022	11.0595	3.6296	230.7474	1.9858	329.4467	0.7190	nan	208.9818	231.0489	75.8285	92.4887	70.1327	43.1223	56.3073	0.5551	301.4234	3.2788	1.0761	98.8586	31.9876	0.1888	
7617.1703	7619.2222	2.0519	0.0269	0.3379	0.3657	0.3614	-0.0235	-6.9566	0.0491	0.0484	-2.3035	-1.8790	1.2248	-2.2444	0.5311	1.5908	1.5625	0.0282	1.7740	0.0000	-12.8242	160.8471	197.6487	205.4446	7.7959	3.7946	331.6773	348.5856	16.9083	4.8505	230.5741	2.2410	375.4522	0.7266	nan	208.1334	269.5959	77.3406	92.8441	71.8061	44.1852	56.8049	0.6158	345.5042	3.0813	0.8840	98.7085	34.0073	0.2124	
7617.3987	7620.5714	3.1727	0.0416	0.3840	0.4184	0.4227	-0.0387	-10.0656	0.0495	0.0488	-2.6979	-1.8588	1.4516	-2.2400	0.6009	1.6476	1.6248	0.0228	1.3826	0.0000	-15.0276	158.8804	195.5949	204.3957	8.8008	4.3058	387.9501	389.6157	1.6656	0.4275	230.3997	2.4788	418.6157	0.7330	nan	207.1400	306.4416	78.6518	93.0723	73.2031	45.2912	57.3296	0.6680	394.1331	-4.5173	-1.1594	98.6753	34.7227	0.2331	
7616.7418	7618.5556	1.8137	0.0238	0.4284	0.4627	0.4616	-0.0331	-7.7328	0.0497	0.0477	-2.7626	-1.7958	1.5405	-2.3832	0.6662	1.7095	1.6810	0.0285	1.6685	0.0000	-11.9692	157.0407	193.1084	203.3661	10.2578	5.0440	395.5435	431.7822	36.2387	8.3928	230.2978	2.7224	463.2044	0.7388	nan	206.4873	341.8185	79.1737	93.2162	73.8026	46.4893	57.8933	0.7170	433.2246	-1.4424	-0.3340	98.4886	37.5663	0.2506	
7613.7435	7620.8889	7.1454	0.0938	0.4751	0.5217	0.5238	-0.0487	-10.2564	0.0464	0.0473	-3.4350	-1.8254	1.8811	-2.3736	0.7217	1.7792	1.7598	0.0194	1.0913	0.0000	-5.1808	158.7193	194.5489	202.3579	7.8089	3.8590	461.9653	476.4189	14.4536	3.0338	230.2490	2.9786	510.6422	0.7446	nan	205.6518	379.1660	79.5899	93.2982	74.2561	47.7192	58.5165	0.7640	482.2424	-5.8235	-1.2223	98.3986	40.2360	0.2670	
7616.6549	7619.6667	3.0118	0.0395	0.5216	0.5630	0.5513	-0.0297	-5.7033	0.0477	0.0473	-3.1986	-1.6730	1.9001	-2.4885	0.7946	1.8520	1.8202	0.0318	1.7159	0.0000	-11.6831	162.1182	199.1528	201.4499	2.2971	1.1403	492.4244	520.7944	28.3700	5.4474	230.3181	3.2319	557.9656	0.7496	nan	205.1070	416.1646	79.9098	93.3381	74.5862	49.0674	59.1971	0.8059	522.4211	-1.6266	-0.3123	98.2172	42.5485	0.2816	
7613.1503	7619.5000	6.3497	0.0833	0.5676	0.6148	0.6013	-0.0337	-5.9406	0.0470	0.0475	-3.5159	-1.6608	2.1044	-2.5800	0.8324	1.9187	1.8911	0.0276	1.4399	0.0000	-11.0294	160.4563	197.0412	200.7784	3.7371	1.8613	533.5471	559.8412	26.2942	4.6967	230.4721	3.4533	599.6838	0.7535	nan	204.6208	452.9146	80.9019	93.3561	75.5268	50.4601	59.9409	0.8390	567.7851	-7.9438	-1.4189	98.1223	39.9479	0.2958	
7617.0566	7618.4000	1.3434	0.0176	0.6145	0.6602	0.6544	-0.0399	-6.4979	0.0473	0.0464	-3.4924	-1.5313	2.2809	-2.6981	0.9123	1.9997	1.9764	0.0233	1.1630	0.0000	-10.9190	158.5001	194.6763	199.9612	5.2849	2.6430	566.5440	604.1600	37.6160	6.2262	230.5773	3.7061	647.3780	0.7576	nan	204.1741	490.2463	81.1469	93.3241	75.7296	52.1315	60.7837	0.8723	612.9565	-8.7965	-1.4560	97.9367	40.7207	0.3073	
7616.4210	7620.0000	3.5790	0.0470	0.6596	0.7066	0.7263	-0.0667	-10.1062	0.0422	0.0472	-3.7649	-1.3203	2.8734	-2.6863	0.9582	2.0928	2.0590	0.0339	1.6179	0.0000	-5.5275	160.7005	197.0406	198.9761	1.9356	0.9728	704.6187	651.3863	-53.2325	-8.1722	230.5840	3.9788	698.6500	0.7615	nan	203.6873	526.3574	80.8061	93.2350	75.3395	53.8075	61.6682	0.9031	659.6480	-8.2618	-1.2683	97.6872	44.3700	0.3152	
7619.4648	7617.6250	-1.8398	-0.0242	0.7050	0.7532	0.7667	-0.0617	-8.7492	0.0445	0.0436	-3.5083	-1.2217	2.9172	-2.9752	1.0022	2.1827	2.1612	0.0214	0.9823	0.0000	-9.0813	165.0507	202.5082	198.1199	-4.3883	-2.2150	744.3367	693.8825	-50.4542	-7.2713	230.5466	4.2266	744.9250	0.7645	nan	203.0897	562.3894	81.0508	93.1480	75.4971	55.6447	62.6611	0.9264	707.8613	-13.9788	-2.0146	97.5530	43.1783	0.3230	
7614.5486	7620.5000	5.9514	0.0781	0.7512	0.8112	0.7958	-0.0445	-5.9261	0.0461	0.0450	-3.2967	-1.1620	2.8590	-3.0557	1.0820	2.3100	2.2866	0.0234	1.0138	0.0000	-8.2096	160.9349	197.4223	196.9666	-0.4557	-0.2314	703.7972	748.7050	44.9078	5.9981	230.4903	4.5531	805.2950	0.7674	nan	202.5013	599.5102	80.0736	92.9728	74.4467	57.7111	63.7771	0.9500	759.2580	-10.5530	-1.4095	97.2670	49.5385	0.3252	
7616.0324	7618.5000	2.4676	0.0324	0.7973	0.8604	0.8643	-0.0671	-8.4114	0.0430	0.0428	-2.5110	-0.7585	3.3419	-3.2829	1.1443	2.4363	2.4180	0.0183	0.7520	0.0000	-1.2572	150.8059	184.9500	196.1037	11.1538	5.6877	758.4716	797.4700	38.9984	4.8903	230.4617	4.8521	859.4600	0.7686	nan	202.0107	636.0520	79.7587	92.7873	74.0060	60.0410	65.1242	0.9637	812.5876	-15.1176	-1.8957	97.0760	49.6470	0.3272	
7612.7868	7619.2500	6.4632	0.0848	0.8432	0.9126	0.9096	-0.0663	-7.8668	0.0435	0.0413	-1.0135	-0.3603	3.5199	-3.7684	1.1827	2.6216	2.5805	0.0412	1.5710	0.0000	-5.5122	164.3107	201.8495	195.4020	-6.4475	-3.2996	868.7060	854.3425	-14.3635	-1.6812	230.4483	5.2903	924.4075	0.7582	nan	201.7073	672.8173	78.7527	92.4206	72.7837	62.8007	66.6845	0.9629	870.0736	-15.7311	-1.8413	96.8741	50.8443	0.3216	
7604.8046	7618.0000	13.1954	0.1732	0.8895	0.9496	0.9321	-0.0426	-4.7946	0.0471	0.0403	-2.3897	-0.7465	3.2358	-4.1184	1.2175	2.7800	2.7573	0.0227	0.8172	0.0000	-3.1289	166.1934	203.5874	194.1250	-9.4624	-4.8744	811.2943	914.1450	102.8507	11.2510	230.4307	5.5903	991.2450	0.7695	nan	201.3594	709.6033	77.6249	92.2219	71.5871	66.1252	68.6594	0.9780	928.4823	-14.3373	-1.5684	96.4074	55.8889	0.3200	
7548.6093	7509.6667	-38.9426	-0.5186	0.9363	1.0139	1.0372	-0.1008	-10.7681	0.0448	0.0410	0.8498	0.1887	3.8992	-3.8957	1.2579	2.8772	2.8772	0.0000	0.0001	0.0000	-0.8483	162.8791	199.5505	193.1739	-6.3766	-3.3010	952.0144	954.1356	2.1211	0.2223	230.4082	5.8265	1036.8867	0.7724	nan	200.4621	736.3423	77.1737	92.0193	71.0147	69.9941	70.8592	0.9911	976.3192	-22.1836	-2.3250	96.3646	56.4365	0.3254	
7283.7212	7130.5000	-153.2212	-2.1488	0.9883	1.0787	1.0666	-0.0783	-7.9253	0.0432	0.0449	1.6087	0.3907	4.1014	-3.8171	1.2297	2.8823	2.9084	-0.0261	-0.9039	0.0000	7.2874	154.6437	189.7825	193.0052	3.2228	1.6698	955.5435	954.0525	-1.4910	-0.1563	230.3885	5.8274	1037.0350	0.7724	nan	200.2271	737.9245	77.3463	91.9981	71.1572	73.9561	72.7956	0.9901	987.8219	-33.7694	-3.5396	96.3932	52.0050	0.3429	

Torque compensated Offset = 	0
Mean Torque Mainboard Error perc = 	-7.485393100965061


Step N. = 	2
Target Speed = 	10160

Speed Mainboard (rpm_M)	Speed TestBench (rpm_M)	Speed Error (rpm_M)	Speed Error %	Torque TestBench (Nm_M)	Torque Ref (Nm)	Torque MainBoard (Nm_M)	Torque MainBoard Error (Nm_M)	Torque MainBoard Error %	Flux Ref (V/rad/s)	Flux (V/rad/s)	Id * Iq (A^2)	Id (Apeak)	Iq (Apeak)	Id Rotor (Apeak)	Iq Rotor (Apeak)	IMotor Measured (Arms)	IMotor MainBoard (Arms)	IMotor Error (Arms)	IMotor Error %	Motor Current THD %	Vsdref (Vpeak)	Vsqref (Vpeak)	Vout MainBoard (Vrms)	Vout Measured (Vrms)	Vout Error (Vrms)	Vout Error %	Motor Power MainBoard (W)	Motor Power Measured (W)	Motor Power Error (W)	Motor Power Error %	Line Voltage (Vrms)	Line Current (Arms)	Line Power (W)	Line Power Factor	Bulk Ripple (V)	DC Bus Voltage (Vrms)	Motor Mechanical Power (W)	Motor Efficiency	Inverter Efficiency	Overall Efficiency	Temperature (deg C)	Estimated Temperature (deg C)	Motor cos-phi	Electrical Power Alpha-Beta [W]	Electrical Power Error [W]	Electrical Power Error [%]	Bus Voltage Usage [%]	Rotational Losses [W]	Kt [Nm/Arms]	
10147.1834	10151.7143	4.5309	0.0446	0.1804	0.2619	0.2449	-0.0645	-35.7240	0.0374	0.0360	-2.5557	-2.3352	1.0949	-2.6292	0.3825	1.8173	1.8130	0.0043	0.2351	0.0000	-16.6430	162.1247	199.8085	207.7311	7.9227	3.8139	325.4411	312.9286	-12.5125	-3.9985	230.3177	2.0431	339.8343	0.7220	nan	207.5461	191.8132	61.2672	92.0767	56.4134	45.9327	58.9796	0.4785	339.8392	-26.9106	-8.5996	100.0891	62.0245	0.0993	
10158.7732	10158.7778	0.0045	0.0000	0.2240	0.2941	0.2809	-0.0569	-25.4136	0.0373	0.0369	-2.9284	-2.3488	1.2475	-2.5555	0.4372	1.8660	1.8547	0.0113	0.6036	0.0000	-10.4127	164.0716	201.6970	206.7483	5.0513	2.4432	343.0380	370.1511	27.1131	7.3249	230.3378	2.3734	399.6667	0.7311	nan	206.9056	238.2960	64.3803	92.6142	59.6253	47.9583	59.7915	0.5539	393.1787	-23.0276	-6.2211	99.9240	69.0886	0.1200	
10160.5833	10161.8889	1.3056	0.0128	0.2591	0.3179	0.3209	-0.0618	-23.8334	0.0361	0.0363	-3.5200	-2.3252	1.5112	-2.6698	0.4149	1.8933	1.8828	0.0105	0.5521	0.0000	-0.1177	169.2893	207.4864	206.4548	-1.0316	-0.4997	383.7792	400.8789	17.0997	4.2655	230.4268	2.5482	431.3878	0.7347	nan	206.7563	275.7334	68.7821	92.9277	63.9176	49.9126	60.5204	0.5921	422.0664	-21.1875	-5.2853	99.8542	60.0644	0.1369	
10161.0740	10158.7778	-2.2963	-0.0226	0.2876	0.3517	0.3601	-0.0726	-25.2385	0.0362	0.0355	-3.7191	-2.1959	1.6971	-2.6989	0.4913	1.9335	1.9315	0.0020	0.1044	0.0000	-12.9630	164.0183	201.9885	205.7377	3.7492	1.8223	457.4515	441.2811	-16.1704	-3.6644	230.4814	2.7786	473.9444	0.7401	nan	206.2090	305.9091	69.3226	93.1081	64.5450	51.7466	61.2020	0.6404	463.2299	-21.9488	-4.9739	99.7714	67.0361	0.1487	
10160.4938	10160.5000	0.0062	0.0001	0.3187	0.3770	0.3926	-0.0738	-23.1558	0.0337	0.0356	-4.2487	-2.1673	1.9625	-2.7275	0.5112	1.9637	1.9644	-0.0006	-0.0319	0.0000	-1.7966	166.5354	205.0779	205.2195	0.1416	0.0690	494.2990	469.6225	-24.6765	-5.2545	230.4808	2.9400	503.6950	0.7433	nan	205.8655	339.1520	72.2181	93.2355	67.3330	53.4763	61.9117	0.6728	492.0900	-22.4675	-4.7842	99.6862	59.5411	0.1623	
10159.6231	10160.7500	1.1269	0.0111	0.3488	0.4149	0.4027	-0.0540	-15.4720	0.0364	0.0343	-3.8628	-2.0945	1.8429	-2.9176	0.5740	2.0143	2.0161	-0.0018	-0.0909	0.0000	-14.5989	163.9416	202.2016	204.1293	1.9276	0.9443	498.7669	512.7838	14.0168	2.7335	230.4424	3.1868	549.6175	0.7484	nan	205.1646	371.0809	72.3667	93.2983	67.5169	55.1905	62.6525	0.7200	535.4678	-22.6841	-4.4237	99.4953	66.6106	0.1731	
10170.9641	10161.4444	-9.5197	-0.0937	0.3791	0.4210	0.4436	-0.0645	-17.0136	0.0335	0.0371	-4.5633	-2.0120	2.2730	-2.8058	0.6078	2.0456	2.0445	0.0011	0.0546	0.0000	-13.8613	163.2974	201.0032	203.5377	2.5345	1.2452	599.7193	538.6933	-61.0259	-11.3285	230.3972	3.3346	577.0122	0.7510	nan	204.8064	403.4133	74.8876	93.3591	69.9143	56.9068	63.4378	0.7470	563.1160	-24.4227	-4.5337	99.3805	57.3562	0.1853	
10156.7269	10168.6250	11.8981	0.1170	0.4090	0.4774	0.4776	-0.0686	-16.7775	0.0343	0.0352	-4.5875	-1.9537	2.3476	-2.9056	0.6690	2.1052	2.1048	0.0003	0.0165	0.0000	-17.6187	151.9615	187.7995	202.3025	14.5030	7.1689	586.7779	582.9963	-3.7817	-0.6487	230.2929	3.5897	624.6100	0.7556	nan	204.0826	435.5244	74.7047	93.3376	69.7276	58.6447	64.2869	0.7903	605.5759	-22.5796	-3.8730	99.1278	64.4336	0.1943	
10157.9337	10163.2500	5.3163	0.0523	0.4387	0.5018	0.5035	-0.0647	-14.7528	0.0349	0.0349	-4.3375	-1.8005	2.4124	-2.9709	0.6966	2.1489	2.1496	-0.0007	-0.0321	0.0000	-19.8296	158.1403	195.5356	201.4112	5.8756	2.9172	624.2141	613.6500	-10.5641	-1.7215	230.2155	3.7665	657.5700	0.7583	nan	203.5984	466.9585	76.0952	93.3209	71.0127	60.2676	65.1402	0.8186	642.2492	-28.5992	-4.6605	98.9258	59.6683	0.2042	
10158.7655	10164.2857	5.5202	0.0543	0.4694	0.5341	0.5364	-0.0670	-14.2710	0.0340	0.0353	-4.4552	-1.6952	2.6346	-3.0282	0.7403	2.2114	2.2122	-0.0007	-0.0334	0.0000	-14.3221	156.9189	193.6944	200.3479	6.6535	3.3210	655.9585	654.8257	-1.1327	-0.1730	230.1771	4.0044	702.0629	0.7617	nan	203.0683	499.6608	76.3042	93.2717	71.1701	61.9826	66.0429	0.8533	679.4596	-24.6339	-3.7619	98.6603	62.4465	0.2123	
10160.8954	10158.7500	-2.1454	-0.0211	0.4992	0.5663	0.5681	-0.0688	-13.7844	0.0326	0.0337	-4.3425	-1.5148	2.9362	-3.1985	0.7511	2.2819	2.2842	-0.0023	-0.1025	0.0000	-5.6657	163.7423	200.7752	199.3413	-1.4339	-0.7193	738.0397	697.7425	-40.2972	-5.7754	230.1832	4.2541	748.7850	0.7647	nan	202.5482	531.1136	76.1207	93.1833	70.9318	63.7102	67.0512	0.8856	724.9700	-27.2275	-3.9022	98.4167	67.3104	0.2188	
10157.5537	10160.2500	2.6963	0.0265	0.5295	0.5985	0.6078	-0.0783	-14.7914	0.0313	0.0334	-3.9295	-1.2274	3.2696	-3.2036	0.8024	2.3465	2.3499	-0.0033	-0.1428	0.0000	-13.9520	158.4029	194.7910	198.5622	3.7713	1.8993	804.3192	733.8800	-70.4392	-9.5982	230.2482	4.4656	788.1625	0.7665	nan	202.2377	563.3767	76.7668	93.1128	71.4797	65.6547	68.1534	0.9094	763.3342	-29.4542	-4.0135	98.1826	64.7659	0.2257	
10158.6795	10161.7778	3.0983	0.0305	0.5596	0.6308	0.6222	-0.0627	-11.2018	0.0319	0.0330	-3.2994	-1.0846	3.2775	-3.2875	0.8379	2.4377	2.4476	-0.0099	-0.4062	0.0000	-2.1159	163.7375	200.7740	197.5432	-3.2308	-1.6355	809.9969	778.3556	-31.6413	-4.0652	230.2927	4.7326	837.2111	0.7682	nan	201.8313	595.4450	76.5005	92.9701	71.1226	67.7104	69.3848	0.9332	810.1974	-31.8419	-4.0909	97.8754	67.9871	0.2295	
10157.1204	10152.4286	-4.6918	-0.0462	0.5903	0.6621	0.6712	-0.0810	-13.7151	0.0318	0.0320	-0.7896	-0.3354	3.6269	-3.6266	0.8492	2.5446	2.5616	-0.0169	-0.6651	0.0000	-6.6649	169.7625	208.6568	196.5663	-12.0905	-6.1508	920.8910	820.6971	-100.1939	-12.2084	230.3129	4.9927	884.3029	0.7690	nan	201.4590	627.5677	76.4679	92.8073	70.9678	69.8541	70.7909	0.9473	859.6844	-38.9873	-4.7505	97.5714	66.9771	0.2320	
10161.2584	10158.0000	-3.2584	-0.0321	0.6200	0.6869	0.6902	-0.0702	-11.3304	0.0331	0.0307	-0.4774	-0.2597	3.5438	-4.0871	0.8360	2.7124	2.7286	-0.0162	-0.5975	0.0000	6.6530	140.4459	174.1660	195.9979	21.8319	11.1388	730.5882	876.7600	146.1718	16.6718	230.3171	5.4684	949.6986	0.7541	nan	201.5115	659.5205	75.2226	92.3198	69.4454	72.4392	72.5879	0.9522	908.7864	-32.0264	-3.6528	97.2639	72.6418	0.2286	
10160.1095	10152.3333	-7.7762	-0.0766	0.6497	0.7524	0.7300	-0.0802	-12.3479	0.0315	0.0318	0.2325	0.0113	3.9365	-3.9399	0.8975	2.8539	2.8800	-0.0261	-0.9152	0.0000	-1.9754	166.1422	203.6803	194.5687	-9.1115	-4.6829	980.6052	929.7033	-50.9019	-5.4751	230.3194	5.6711	1007.9050	0.7717	nan	200.6393	690.7814	74.3014	92.2412	68.5365	75.7583	74.7079	0.9667	963.8262	-34.1229	-3.6703	96.9744	77.0480	0.2277	
9980.2577	9986.1111	5.8534	0.0586	0.6812	0.7821	0.7899	-0.1087	-15.9550	0.0331	0.0328	-0.0397	-0.0239	3.9606	-4.0056	0.9506	2.9008	2.9362	-0.0354	-1.2188	0.0000	7.7361	166.7744	205.3361	194.0970	-11.2391	-5.7904	996.2693	954.9600	-41.3093	-4.3258	230.3693	5.8304	1036.7956	0.7719	nan	200.1773	712.3831	74.5982	92.1069	68.7101	79.4988	76.7204	0.9792	1012.4682	-57.5082	-6.0221	96.9625	73.2419	0.2348	
9576.0576	9578.6667	2.6091	0.0272	0.7147	0.7846	0.7852	-0.0705	-9.8703	0.0328	0.0333	4.0442	0.9791	4.1051	-4.1307	1.0550	2.9064	2.9341	-0.0277	-0.9526	0.0000	-4.9363	164.6419	202.0918	193.9629	-8.1289	-4.1909	1005.5007	956.1822	-49.3184	-5.1578	230.4069	5.8378	1038.3689	0.7720	nan	200.1419	716.8640	74.9716	92.0850	69.0377	82.9481	78.2166	0.9793	985.8477	-29.6655	-3.1025	96.9127	67.3937	0.2459	
9215.5017	9226.7500	11.2483	0.1219	0.7434	0.7768	0.8369	-0.0935	-12.5759	0.0348	0.0319	1.5605	0.3692	3.9751	-4.0365	1.0843	2.9145	2.9405	-0.0259	-0.8900	0.0000	2.7088	162.7379	199.3843	193.6551	-5.7291	-2.9584	973.5968	957.2563	-16.3406	-1.7070	230.4180	5.8472	1040.1400	0.7720	nan	200.0456	718.2609	75.0333	92.0315	69.0543	86.2406	79.5494	0.9792	992.2720	-35.0157	-3.6579	96.8055	64.2434	0.2551	

Torque compensated Offset = 	0
Mean Torque Mainboard Error perc = 	-17.222335817757234


Step N. = 	3
Target Speed = 	12700

Speed Mainboard (rpm_M)	Speed TestBench (rpm_M)	Speed Error (rpm_M)	Speed Error %	Torque TestBench (Nm_M)	Torque Ref (Nm)	Torque MainBoard (Nm_M)	Torque MainBoard Error (Nm_M)	Torque MainBoard Error %	Flux Ref (V/rad/s)	Flux (V/rad/s)	Id * Iq (A^2)	Id (Apeak)	Iq (Apeak)	Id Rotor (Apeak)	Iq Rotor (Apeak)	IMotor Measured (Arms)	IMotor MainBoard (Arms)	IMotor Error (Arms)	IMotor Error %	Motor Current THD %	Vsdref (Vpeak)	Vsqref (Vpeak)	Vout MainBoard (Vrms)	Vout Measured (Vrms)	Vout Error (Vrms)	Vout Error %	Motor Power MainBoard (W)	Motor Power Measured (W)	Motor Power Error (W)	Motor Power Error %	Line Voltage (Vrms)	Line Current (Arms)	Line Power (W)	Line Power Factor	Bulk Ripple (V)	DC Bus Voltage (Vrms)	Motor Mechanical Power (W)	Motor Efficiency	Inverter Efficiency	Overall Efficiency	Temperature (deg C)	Estimated Temperature (deg C)	Motor cos-phi	Electrical Power Alpha-Beta [W]	Electrical Power Error [W]	Electrical Power Error [%]	Bus Voltage Usage [%]	Rotational Losses [W]	Kt [Nm/Arms]	
12705.0797	12694.0000	-11.0797	-0.0873	0.1802	0.2116	0.2249	-0.0447	-24.8025	0.0289	0.0298	-3.4879	-2.6485	1.3021	-2.7737	0.3098	2.0588	2.0156	0.0431	2.0958	0.0000	-13.2870	167.5590	206.1220	207.7980	1.6760	0.8066	377.2394	408.7211	31.4817	7.7025	230.6958	2.5908	439.9422	0.7360	nan	207.6237	239.5635	58.5629	92.9010	54.4062	49.1302	59.0367	0.5515	390.1303	18.5908	4.5485	100.0839	92.4213	0.0875	
12705.2711	12691.6667	-13.6044	-0.1072	0.2168	0.2649	0.2862	-0.0695	-32.0421	0.0287	0.0299	-4.2603	-2.5213	1.6937	-3.0144	0.3690	2.0915	2.0653	0.0262	1.2536	0.0000	-17.0870	170.1468	209.4868	206.9296	-2.5572	-1.2358	497.9672	453.9778	-43.9894	-9.6898	230.6666	2.8486	487.3578	0.7417	nan	206.2232	288.1125	63.4651	93.1507	59.1182	51.7038	60.0769	0.6056	468.0851	-14.1073	-3.1075	100.3426	85.9171	0.1036	
12695.1725	12693.0000	-2.1725	-0.0171	0.2374	0.3011	0.3025	-0.0651	-27.4256	0.0280	0.0282	-4.3307	-2.4223	1.7872	-3.0187	0.4005	2.1233	2.0969	0.0264	1.2410	0.0000	-13.1876	168.4306	207.1097	206.0471	-1.0626	-0.5157	500.0489	491.0070	-9.0419	-1.8415	230.5827	3.0598	526.2960	0.7460	nan	205.8107	315.5516	64.2647	93.2947	59.9557	54.1181	61.0271	0.6480	500.8359	-9.8289	-2.0018	100.1150	92.3392	0.1118	
12702.2812	12693.1429	-9.1383	-0.0720	0.2601	0.3103	0.3055	-0.0453	-17.4219	0.0286	0.0289	-4.3644	-2.4579	1.7819	-3.0876	0.4403	2.1432	2.1270	0.0162	0.7570	0.0000	-16.5235	164.6959	202.8406	205.4421	2.6015	1.2663	500.9719	512.9786	12.0067	2.3406	230.3913	3.1863	549.2971	0.7483	nan	205.3798	345.7863	67.4082	93.3882	62.9513	56.2519	61.8833	0.6726	525.1452	-12.1666	-2.3718	100.0304	81.8576	0.1214	
12697.1708	12688.5000	-8.6708	-0.0683	0.2768	0.3325	0.3291	-0.0523	-18.8866	0.0284	0.0281	-4.7870	-2.4478	1.9555	-3.1102	0.4588	2.1692	2.1396	0.0295	1.3612	0.0000	-13.5741	165.9674	204.0007	204.6395	0.6388	0.3122	534.6467	539.7620	5.1153	0.9477	230.2224	3.3412	577.8070	0.7512	nan	204.8655	367.7922	68.1421	93.4156	63.6553	58.2642	62.7226	0.7020	553.6724	-13.9104	-2.5771	99.8897	83.9253	0.1276	
12701.3163	12694.7778	-6.5385	-0.0515	0.3000	0.3561	0.3455	-0.0455	-15.1525	0.0289	0.0265	-4.6289	-2.3273	1.9894	-3.2539	0.5069	2.2039	2.1877	0.0162	0.7364	0.0000	-17.9790	164.4898	202.7607	203.8472	1.0865	0.5330	552.7048	574.8544	22.1497	3.8531	230.2676	3.5399	615.1111	0.7546	nan	204.1869	398.8180	69.3772	93.4554	64.8368	60.2596	63.6360	0.7388	596.1565	-21.3020	-3.7056	99.8337	84.5045	0.1361	
12696.8669	12713.3333	16.4664	0.1295	0.3210	0.3773	0.3861	-0.0651	-20.2851	0.0274	0.0278	-5.1811	-2.1874	2.3799	-3.1149	0.5140	2.2259	2.2125	0.0135	0.6049	0.0000	-9.6420	166.1278	203.8274	203.4769	-0.3505	-0.1723	626.9702	596.6822	-30.2880	-5.0761	230.4237	3.6615	638.2822	0.7565	nan	204.0306	427.3592	71.6263	93.4826	66.9583	62.0622	64.5230	0.7606	621.4323	-24.7500	-4.1479	99.7287	75.3577	0.1442	
12698.7415	12708.0000	9.2585	0.0729	0.3382	0.3905	0.4008	-0.0626	-18.4952	0.0280	0.0283	-5.2715	-2.1394	2.4652	-3.1253	0.5300	2.2652	2.2317	0.0334	1.4757	0.0000	-14.5581	167.4304	205.9045	202.6372	-3.2673	-1.6124	665.0874	631.8067	-33.2807	-5.2675	230.5199	3.8611	676.1356	0.7597	nan	203.8500	450.0992	71.2410	93.4438	66.5703	63.7966	65.3940	0.7947	647.0439	-15.2373	-2.4117	99.4051	83.8101	0.1493	
12705.0014	12698.6667	-6.3348	-0.0499	0.3594	0.4087	0.4257	-0.0663	-18.4440	0.0252	0.0281	-5.1549	-1.8244	2.8464	-3.1701	0.5767	2.3033	2.2781	0.0252	1.0927	0.0000	-14.6743	167.2655	205.8550	201.8574	-3.9975	-1.9804	755.1562	663.5178	-91.6384	-13.8110	230.5682	4.0420	710.3344	0.7622	nan	203.3757	477.9884	72.0396	93.4092	67.2917	65.4868	66.3340	0.8240	685.0436	-21.5258	-3.2442	99.2536	83.7149	0.1561	
12698.7905	12689.0000	-9.7905	-0.0772	0.3794	0.4333	0.4377	-0.0582	-15.3474	0.0261	0.0275	-5.1674	-1.8730	2.7892	-3.1570	0.6091	2.3344	2.3133	0.0211	0.9020	0.0000	-12.9524	163.2091	200.5778	201.1108	0.5330	0.2650	719.1044	687.2689	-31.8355	-4.6322	230.4896	4.1803	736.0600	0.7639	nan	203.0516	504.2006	73.3635	93.3713	68.5005	67.2341	67.3001	0.8452	707.9150	-20.6461	-3.0041	99.0442	77.8485	0.1625	
12696.3579	12697.8750	1.5171	0.0119	0.3996	0.4553	0.4566	-0.0570	-14.2555	0.0261	0.0252	-4.5840	-1.5796	2.9492	-3.4426	0.6127	2.3887	2.3544	0.0343	1.4348	0.0000	-13.1889	166.6906	204.8205	199.8359	-4.9846	-2.4943	768.3413	724.2888	-44.0526	-6.0822	230.2655	4.3994	776.4837	0.7665	nan	202.4907	531.3889	73.3675	93.2780	68.4358	69.0088	68.2938	0.8760	743.7667	-19.4779	-2.6892	98.6890	82.0579	0.1673	
12695.2773	12701.1111	5.8338	0.0459	0.4197	0.4802	0.4856	-0.0659	-15.7039	0.0264	0.0269	-4.5663	-1.4991	3.1013	-3.3475	0.6531	2.4352	2.4183	0.0169	0.6937	0.0000	-13.9922	165.6151	203.6600	198.8798	-4.7803	-2.4036	804.0356	752.8756	-51.1601	-6.7953	230.1099	4.5712	807.9011	0.7681	nan	201.8285	558.1826	74.1404	93.1891	69.0908	70.7779	69.3722	0.8975	782.1729	-29.2974	-3.8914	98.5391	78.7901	0.1723	
12701.7041	12690.2222	-11.4819	-0.0905	0.4396	0.4922	0.5030	-0.0635	-14.4351	0.0262	0.0266	-3.7239	-1.2136	3.2483	-3.3484	0.6601	2.5050	2.4715	0.0335	1.3389	0.0000	-9.0028	172.2961	211.4276	197.8629	-13.5647	-6.8556	855.8744	790.3700	-65.5044	-8.2878	230.1911	4.7943	849.2611	0.7695	nan	201.4219	584.1330	73.9066	93.0656	68.7816	72.6596	70.5365	0.9207	815.5423	-25.1723	-3.1849	98.2331	82.8111	0.1755	
12698.1368	12693.3750	-4.7618	-0.0375	0.4601	0.5250	0.5139	-0.0538	-11.6927	0.0250	0.0240	-3.2203	-1.0150	3.4498	-3.6770	0.7032	2.6182	2.5819	0.0362	1.3845	0.0000	-5.7428	169.1237	207.9216	196.9146	-11.0070	-5.5897	883.0028	836.3250	-46.6778	-5.5813	230.3751	5.1466	901.8050	0.7606	nan	201.0417	611.6192	73.1321	92.7391	67.8221	74.8172	71.8552	0.9366	857.5626	-21.2376	-2.5394	97.9474	88.8928	0.1757	
12699.5508	12706.3333	6.7825	0.0534	0.4786	0.5479	0.5577	-0.0792	-16.5417	0.0252	0.0258	-0.2360	-0.1377	3.7423	-3.7134	0.7029	2.7006	2.6784	0.0222	0.8230	0.0000	-2.8135	176.8581	217.1484	197.2097	-19.9387	-10.1104	989.8962	872.3567	-117.5395	-13.4738	230.4751	5.5841	946.0500	0.7351	nan	201.6722	636.7671	72.9941	92.2104	67.3082	77.1776	73.4385	0.9457	908.7038	-36.3472	-4.1666	97.7873	89.9453	0.1772	
12682.8315	12687.6250	4.7935	0.0378	0.4982	0.6079	0.5266	-0.0284	-5.6900	0.0232	0.0259	4.5293	1.0715	3.9006	-4.1703	0.7539	2.8801	2.8313	0.0488	1.6951	0.0000	-1.2665	176.5017	216.3256	195.7885	-20.5371	-10.4895	1030.3848	928.0600	-102.3248	-11.0257	230.3660	5.9043	1010.0575	0.7426	nan	201.5148	661.9956	71.3310	91.8819	65.5403	79.9823	75.1404	0.9502	955.5772	-27.5172	-2.9650	97.1589	98.8691	0.1730	
12681.1941	12645.0000	-36.1941	-0.2862	0.5209	0.6077	0.6063	-0.0855	-16.4068	0.0255	0.0250	4.1419	0.9927	4.0117	-4.0666	0.7225	2.8808	2.9069	-0.0261	-0.9073	0.0000	2.7936	159.2356	195.3153	194.7828	-0.5326	-0.2734	973.3855	948.5100	-24.8755	-2.6226	230.1461	5.8322	1029.3312	0.7669	nan	200.3388	689.7325	72.7175	92.1482	67.0079	83.0316	77.2911	0.9759	987.1741	-38.6641	-4.0763	97.2271	89.8224	0.1808	
12548.2181	12249.8750	-298.3431	-2.4355	0.5418	0.5547	0.6392	-0.0975	-17.9929	0.0265	0.0234	2.5466	0.6105	4.0300	-4.0372	0.7073	2.8844	2.9007	-0.0164	-0.5671	0.0000	10.7784	162.1238	200.0351	194.3762	-5.6589	-2.9113	975.3047	951.0325	-24.2722	-2.5522	230.0250	5.8357	1032.2725	0.7690	nan	199.6828	694.9508	73.0735	92.1300	67.3226	86.0198	78.8249	0.9794	991.4662	-40.4337	-4.2516	97.3425	85.0525	0.1878	
12141.4868	11892.5000	-248.9868	-2.0936	0.5595	0.6509	0.6631	-0.1036	-18.5165	0.0275	0.0267	1.4901	0.3557	3.9869	-4.0217	0.8064	2.8781	2.9032	-0.0251	-0.8707	0.0000	1.9124	166.4868	204.4362	194.2880	-10.1482	-5.2233	996.2774	950.9875	-45.2899	-4.7624	230.2090	5.8033	1031.8650	0.7724	nan	199.7293	696.7705	73.2682	92.1620	67.5255	88.7865	80.1274	0.9819	994.7850	-43.7975	-4.6055	97.2757	82.4033	0.1944	
11727.4171	11527.5556	-199.8615	-1.7338	0.5821	0.6072	0.6383	-0.0562	-9.6506	0.0262	0.0250	2.1167	0.5177	4.0370	-4.0934	0.8604	2.8826	2.9015	-0.0189	-0.6562	0.0000	2.7835	167.6515	205.5306	194.3882	-11.1424	-5.7320	1016.9424	951.3867	-65.5558	-6.8905	230.4258	5.8009	1032.9722	0.7728	nan	199.9117	702.7063	73.8611	92.1019	68.0275	91.5612	81.3620	0.9803	992.9849	-41.5982	-4.3724	97.2370	74.8009	0.2019	

Torque compensated Offset = 	0
Mean Torque Mainboard Error perc = 	-17.459428435779678


Step N. = 	4
Target Speed = 	15240

Speed Mainboard (rpm_M)	Speed TestBench (rpm_M)	Speed Error (rpm_M)	Speed Error %	Torque TestBench (Nm_M)	Torque Ref (Nm)	Torque MainBoard (Nm_M)	Torque MainBoard Error (Nm_M)	Torque MainBoard Error %	Flux Ref (V/rad/s)	Flux (V/rad/s)	Id * Iq (A^2)	Id (Apeak)	Iq (Apeak)	Id Rotor (Apeak)	Iq Rotor (Apeak)	IMotor Measured (Arms)	IMotor MainBoard (Arms)	IMotor Error (Arms)	IMotor Error %	Motor Current THD %	Vsdref (Vpeak)	Vsqref (Vpeak)	Vout MainBoard (Vrms)	Vout Measured (Vrms)	Vout Error (Vrms)	Vout Error %	Motor Power MainBoard (W)	Motor Power Measured (W)	Motor Power Error (W)	Motor Power Error %	Line Voltage (Vrms)	Line Current (Arms)	Line Power (W)	Line Power Factor	Bulk Ripple (V)	DC Bus Voltage (Vrms)	Motor Mechanical Power (W)	Motor Efficiency	Inverter Efficiency	Overall Efficiency	Temperature (deg C)	Estimated Temperature (deg C)	Motor cos-phi	Electrical Power Alpha-Beta [W]	Electrical Power Error [W]	Electrical Power Error [%]	Bus Voltage Usage [%]	Rotational Losses [W]	Kt [Nm/Arms]	
15240.8737	15235.4444	-5.4293	-0.0356	0.1919	0.2704	0.2771	-0.0852	-44.4263	0.0234	0.0241	-5.3153	-2.6134	2.0374	-3.2200	0.3610	2.2584	2.2439	0.0145	0.6422	0.0000	-16.3715	173.4788	213.5692	206.6901	-6.8791	-3.3282	597.0564	523.6611	-73.3953	-14.0158	230.2704	3.2495	561.0189	0.7498	nan	204.6319	306.1483	58.4569	93.3410	54.5643	52.3628	62.9101	0.6477	565.7815	-42.1204	-8.0435	101.0058	124.0780	0.0850	
15241.9792	15238.7778	-3.2014	-0.0210	0.2127	0.2797	0.2711	-0.0584	-27.4644	0.0239	0.0235	-4.9009	-2.5968	1.8948	-3.1789	0.3791	2.2737	2.2555	0.0182	0.8017	0.0000	-14.7189	169.3690	208.4880	206.2509	-2.2371	-1.0846	537.9601	544.0711	6.1110	1.1232	230.2273	3.3652	582.2756	0.7516	nan	204.5102	339.3740	62.3768	93.4388	58.2841	55.1916	64.0307	0.6698	582.1333	-38.0622	-6.9958	100.8512	109.0151	0.0935	
15238.7959	15242.4444	3.6485	0.0239	0.2227	0.3024	0.3013	-0.0787	-35.3236	0.0226	0.0226	-5.2579	-2.4438	2.1530	-3.4176	0.4127	2.2982	2.2892	0.0089	0.3881	0.0000	-13.7967	166.7732	205.0141	205.6418	0.6277	0.3052	588.4291	574.9933	-13.4358	-2.3367	230.3892	3.5390	615.1244	0.7544	nan	204.2020	355.4184	61.8149	93.4759	57.7820	57.7286	65.0871	0.7024	614.2572	-39.2639	-6.8286	100.7051	120.9351	0.0969	
15238.2099	15234.1111	-4.0987	-0.0269	0.2418	0.3196	0.3059	-0.0642	-26.5370	0.0238	0.0226	-5.1604	-2.4760	2.1012	-3.4130	0.4277	2.3242	2.3176	0.0066	0.2836	0.0000	-12.7806	168.3564	206.8062	205.0051	-1.8011	-0.8785	576.9939	606.2378	29.2439	4.8238	230.5621	3.7144	648.4033	0.7571	nan	204.0198	385.7107	63.6233	93.4970	59.4859	60.0944	66.1798	0.7346	645.9125	-39.6747	-6.5444	100.4830	118.7924	0.1040	
15238.5125	15235.0000	-3.5125	-0.0231	0.2548	0.3266	0.3589	-0.1041	-40.8545	0.0217	0.0232	-5.9015	-2.1103	2.8128	-3.2915	0.4098	2.3348	2.3275	0.0073	0.3118	0.0000	-19.5695	177.8123	219.3211	204.7383	-14.5828	-7.1226	813.2848	619.3689	-193.9159	-31.3086	230.5928	3.7886	662.2611	0.7581	nan	203.8927	406.4734	65.6267	93.5234	61.3763	62.2717	67.2094	0.7481	665.1343	-45.7654	-7.3890	100.4148	109.4411	0.1091	
15239.3329	15236.0000	-3.3329	-0.0219	0.2686	0.3360	0.3404	-0.0718	-26.7162	0.0225	0.0233	-5.4924	-2.2250	2.5040	-3.2292	0.4325	2.3537	2.3439	0.0098	0.4162	0.0000	-13.8267	175.1870	215.3278	204.0716	-11.2561	-5.5158	708.2746	639.2513	-69.0234	-10.7975	230.5006	3.9037	683.6012	0.7597	nan	203.5694	428.5947	67.0462	93.5123	62.6964	64.3467	68.2161	0.7684	681.2889	-42.0377	-6.5761	100.2467	104.7578	0.1141	
15238.0206	15234.3333	-3.6873	-0.0242	0.2824	0.3587	0.3547	-0.0723	-25.5812	0.0221	0.0213	-5.6464	-2.1198	2.6983	-3.4821	0.4710	2.3929	2.3874	0.0055	0.2292	0.0000	-16.4267	172.0277	211.7801	202.7763	-9.0038	-4.4402	749.4321	675.8089	-73.6232	-10.8941	230.2958	4.1181	723.2856	0.7626	nan	202.8282	450.5936	66.6746	93.4360	62.2981	66.2106	69.2813	0.8041	719.1169	-43.3080	-6.4083	99.9744	115.0431	0.1180	
15240.1840	15246.0000	5.8160	0.0381	0.2980	0.3699	0.3920	-0.0940	-31.5363	0.0221	0.0218	-5.2063	-1.7752	3.0302	-3.4197	0.4876	2.4261	2.4235	0.0026	0.1081	0.0000	-13.8298	173.7414	213.5070	201.7945	-11.7125	-5.8042	833.2736	704.1825	-129.0911	-18.3320	230.1407	4.2856	754.1200	0.7646	nan	202.4023	475.7737	67.5650	93.3781	63.0909	68.1644	70.4501	0.8304	752.5274	-48.3449	-6.8654	99.6997	114.3969	0.1228	
15238.3022	15241.1111	2.8089	0.0184	0.3106	0.3824	0.3803	-0.0698	-22.4695	0.0226	0.0233	-5.1491	-1.8703	2.8336	-3.3439	0.5013	2.4481	2.4377	0.0104	0.4229	0.0000	-17.7902	174.2175	214.6466	201.3286	-13.3181	-6.6151	796.0921	722.3567	-73.7354	-10.2076	230.2049	4.3911	773.8400	0.7655	nan	202.2483	495.6604	68.6178	93.3470	64.0527	69.9785	71.5497	0.8462	770.9983	-48.6416	-6.7337	99.5452	109.8881	0.1269	
15240.7240	15236.1111	-4.6129	-0.0303	0.3248	0.3943	0.3741	-0.0493	-15.1949	0.0220	0.0221	-5.4571	-1.9520	2.8735	-3.4811	0.5153	2.4843	2.4857	-0.0014	-0.0553	0.0000	-8.0994	170.8848	209.5965	200.7394	-8.8571	-4.4122	755.9053	749.3589	-6.5464	-0.8736	230.4436	4.5462	803.3922	0.7669	nan	202.0756	518.1904	69.1512	93.2744	64.5003	71.9163	72.7032	0.8675	796.6516	-47.2927	-6.3111	99.3388	110.0819	0.1307	
15242.7174	15245.3333	2.6159	0.0172	0.3398	0.4081	0.4131	-0.0734	-21.5884	0.0220	0.0227	-5.0538	-1.6555	3.1486	-3.4266	0.5858	2.5388	2.5402	-0.0015	-0.0587	0.0000	-10.9466	166.6158	205.6325	199.6251	-6.0074	-3.0093	815.3790	781.9800	-33.3990	-4.2711	230.5129	4.7372	839.3622	0.7687	nan	201.6656	542.4506	69.3692	93.1636	64.6268	73.8180	73.9580	0.8908	833.4863	-51.5063	-6.5866	98.9882	112.2602	0.1338	
15240.2555	15240.5000	0.2445	0.0016	0.3540	0.4317	0.4531	-0.0991	-27.9970	0.0228	0.0220	-4.3951	-1.4121	3.2919	-3.7734	0.5711	2.5997	2.6052	-0.0055	-0.2123	0.0000	-19.6303	180.4583	222.5917	199.2881	-23.3036	-11.6934	932.4272	812.2862	-120.1410	-14.7905	230.4534	5.0408	874.8913	0.7532	nan	201.9743	564.9771	69.5543	92.8445	64.5773	75.8223	75.3454	0.9052	867.8592	-55.5729	-6.8415	98.6700	112.9524	0.1362	
15238.4859	15244.7500	6.2641	0.0411	0.3678	0.4652	0.4505	-0.0828	-22.5048	0.0220	0.0213	-1.4803	-0.6216	3.4273	-3.7374	0.5942	2.6656	2.6717	-0.0061	-0.2273	0.0000	-4.0903	173.5921	212.6985	199.4395	-13.2590	-6.6481	896.5193	843.7175	-52.8018	-6.2582	230.3030	5.5255	915.1250	0.7192	nan	202.5468	587.0850	69.5836	92.1973	64.1543	78.0315	76.8341	0.9163	892.1241	-48.4066	-5.7373	98.4659	114.3324	0.1380	
15235.6578	15229.6667	-5.9911	-0.0393	0.3821	0.4422	0.4618	-0.0797	-20.8533	0.0215	0.0197	0.1775	-0.1241	3.6770	-3.9846	0.5911	2.7991	2.8163	-0.0171	-0.6118	0.0000	-0.6005	182.0422	223.7020	197.4558	-26.2462	-13.2922	1000.3336	885.5556	-114.7781	-12.9611	230.1186	5.8375	964.5211	0.7180	nan	201.8428	609.4089	68.8177	91.8129	63.1834	80.3906	78.5958	0.9250	936.1129	-50.5573	-5.7091	97.8266	118.0078	0.1365	
15229.6580	15234.3333	4.6753	0.0307	0.3956	0.5460	0.4581	-0.0626	-15.8144	0.0191	0.0246	2.1755	0.4944	4.0516	-3.6248	0.6511	2.8349	2.8552	-0.0203	-0.7163	0.0000	-12.1348	179.7264	221.4174	196.2791	-25.1383	-12.8074	1084.9441	914.2889	-170.6552	-18.6653	230.0349	5.8026	993.2278	0.7441	nan	200.5924	631.0432	69.0204	92.0522	63.5348	83.0627	80.4089	0.9487	968.7259	-54.4370	-5.9540	97.8497	119.6136	0.1395	
15159.4297	15152.7778	-6.6519	-0.0439	0.4084	0.4473	0.5030	-0.0945	-23.1440	0.0207	0.0188	0.2250	0.0283	4.0116	-4.2485	0.6106	2.8444	2.8629	-0.0185	-0.6501	0.0000	-4.9664	157.6019	193.6414	195.8908	2.2494	1.1483	944.0274	934.1322	-9.8952	-1.0593	230.0818	5.7592	1012.7411	0.7643	nan	199.9684	648.1167	69.3843	92.2379	63.9985	85.8570	82.0132	0.9679	995.6781	-61.5459	-6.5886	97.9609	119.7778	0.1436	
14779.5089	14804.3333	24.8244	0.1677	0.4232	0.4775	0.4566	-0.0334	-7.8927	0.0203	0.0200	2.0879	0.4845	3.8903	-3.8620	0.7098	2.8398	2.8613	-0.0215	-0.7577	0.0000	-5.7406	178.2303	218.8230	195.7533	-23.0697	-11.7851	1025.3453	931.7500	-93.5953	-10.0451	230.2129	5.7435	1010.3344	0.7641	nan	200.1098	656.0912	70.4156	92.2219	64.9385	88.3225	83.3283	0.9677	970.7390	-38.9890	-4.1845	97.8230	108.6383	0.1490	
14395.7583	14411.8333	16.0750	0.1115	0.4383	0.4943	0.5166	-0.0783	-17.8605	0.0210	0.0188	3.3048	0.7800	4.2099	-3.9504	0.7087	2.8210	2.8405	-0.0196	-0.6938	0.0000	-5.8611	175.4918	215.3181	195.6343	-19.6838	-10.0615	1097.3870	926.3917	-170.9953	-18.4582	230.3707	5.7104	1004.1967	0.7634	nan	200.0324	661.5285	71.4100	92.2520	65.8772	90.5609	84.4514	0.9692	973.4224	-47.0307	-5.0768	97.8013	98.8674	0.1554	
14108.2144	14119.7000	11.4856	0.0813	0.4518	0.5435	0.5132	-0.0614	-13.5837	0.0215	0.0232	3.9135	0.9653	3.9851	-3.9081	0.6548	2.8242	2.8485	-0.0243	-0.8592	0.0000	2.9938	169.7856	208.7649	195.5044	-13.2605	-6.7827	1012.0415	931.1630	-80.8785	-8.6858	230.4452	5.6931	1009.1450	0.7692	nan	199.9256	668.0181	71.7404	92.2725	66.1967	92.7024	85.5370	0.9737	985.0260	-53.8630	-5.7845	97.7886	95.6307	0.1600	
13782.6639	13803.5556	20.8916	0.1513	0.4662	0.5732	0.5023	-0.0361	-7.7407	0.0219	0.0234	0.2364	0.0433	3.8737	-4.0351	0.6642	2.8335	2.8539	-0.0204	-0.7216	0.0000	-3.4447	176.1626	215.8982	195.1843	-20.7139	-10.6125	1020.1376	934.9644	-85.1731	-9.1098	230.3999	5.7071	1013.7256	0.7709	nan	199.7548	673.9176	72.0826	92.2305	66.4822	94.8014	86.7536	0.9760	982.7451	-47.7807	-5.1104	97.7120	91.3094	0.1645	

Torque compensated Offset = 	0
Mean Torque Mainboard Error perc = 	-23.754176794193942


Step N. = 	5
Target Speed = 	17780

Speed Mainboard (rpm_M)	Speed TestBench (rpm_M)	Speed Error (rpm_M)	Speed Error %	Torque TestBench (Nm_M)	Torque Ref (Nm)	Torque MainBoard (Nm_M)	Torque MainBoard Error (Nm_M)	Torque MainBoard Error %	Flux Ref (V/rad/s)	Flux (V/rad/s)	Id * Iq (A^2)	Id (Apeak)	Iq (Apeak)	Id Rotor (Apeak)	Iq Rotor (Apeak)	IMotor Measured (Arms)	IMotor MainBoard (Arms)	IMotor Error (Arms)	IMotor Error %	Motor Current THD %	Vsdref (Vpeak)	Vsqref (Vpeak)	Vout MainBoard (Vrms)	Vout Measured (Vrms)	Vout Error (Vrms)	Vout Error %	Motor Power MainBoard (W)	Motor Power Measured (W)	Motor Power Error (W)	Motor Power Error %	Line Voltage (Vrms)	Line Current (Arms)	Line Power (W)	Line Power Factor	Bulk Ripple (V)	DC Bus Voltage (Vrms)	Motor Mechanical Power (W)	Motor Efficiency	Inverter Efficiency	Overall Efficiency	Temperature (deg C)	Estimated Temperature (deg C)	Motor cos-phi	Electrical Power Alpha-Beta [W]	Electrical Power Error [W]	Electrical Power Error [%]	Bus Voltage Usage [%]	Rotational Losses [W]	Kt [Nm/Arms]	
17776.1526	17776.1526	0.0000	0.0000	0.1981	0.3010	0.3080	-0.1098	-55.4483	0.0190	0.0197	-6.0958	-2.2474	2.7682	-3.4322	0.3595	2.4277	2.4198	0.0079	0.3236	0.0000	-16.8404	187.7137	230.9147	204.4491	-26.4656	-12.9448	842.7440	644.6122	-198.1318	-30.7366	230.5758	3.9176	688.3556	0.7620	nan	202.9912	368.7864	57.2103	93.6453	53.5747	56.3221	64.2960	0.7498	694.4915	-49.8793	-7.7379	100.7182	166.3058	0.0816	
17776.7408	17776.7408	0.0000	0.0000	0.2049	0.3049	0.2801	-0.0752	-36.7153	0.0196	0.0184	-5.8989	-2.4689	2.3944	-3.5603	0.3910	2.4365	2.4258	0.0107	0.4393	0.0000	-13.6773	180.7299	222.0019	204.2172	-17.7847	-8.7087	696.9692	657.4156	-39.5537	-6.0165	230.4812	3.9907	701.8522	0.7631	nan	202.8489	381.4151	58.0174	93.6687	54.3443	59.3388	65.5041	0.7628	705.0814	-47.6659	-7.2505	100.6746	164.4955	0.0841	
17780.9007	17780.9007	0.0000	0.0000	0.2132	0.3057	0.2856	-0.0724	-33.9443	0.0195	0.0190	-5.5989	-2.3491	2.3981	-3.5250	0.4036	2.4463	2.4266	0.0196	0.8024	0.0000	-13.0205	175.8984	216.1264	203.6626	-12.4639	-6.1199	674.5554	669.0233	-5.5321	-0.8269	230.3587	4.0579	714.3067	0.7642	nan	202.5924	397.0219	59.3441	93.6605	55.5820	62.0920	66.7333	0.7753	719.1701	-50.1467	-7.4955	100.5282	158.5028	0.0872	
17775.8330	17775.8330	0.0000	0.0000	0.2213	0.3212	0.3120	-0.0907	-40.9569	0.0194	0.0185	-5.8009	-2.2064	2.6504	-3.5862	0.3847	2.4631	2.4501	0.0130	0.5262	0.0000	-15.1778	182.8127	224.7603	202.6530	-22.1073	-10.9090	777.1290	685.6522	-91.4768	-13.3416	230.2511	4.1575	732.4611	0.7652	nan	202.2383	412.0078	60.0900	93.6094	56.2499	64.6467	67.9774	0.7931	735.9379	-50.2857	-7.3340	100.2051	157.5462	0.0899	
17777.5652	17777.5652	0.0000	0.0000	0.2313	0.3295	0.3019	-0.0707	-30.5561	0.0187	0.0193	-5.9019	-2.2174	2.6669	-3.4090	0.4097	2.4790	2.4733	0.0057	0.2312	0.0000	-9.9491	177.2633	217.9050	201.9120	-15.9930	-7.9208	741.6351	702.3850	-39.2501	-5.5881	230.1590	4.2555	750.6175	0.7664	nan	201.9225	430.5094	61.2928	93.5743	57.3542	67.0068	69.2546	0.8102	754.5537	-52.1687	-7.4274	99.9948	153.3118	0.0933	
17780.5631	17780.5631	0.0000	0.0000	0.2386	0.3320	0.3093	-0.0708	-29.6571	0.0184	0.0193	-5.8997	-2.1627	2.7462	-3.5774	0.4400	2.4922	2.4706	0.0216	0.8667	0.0000	-9.1011	169.9707	208.6856	201.3877	-7.2979	-3.6238	725.4059	717.3529	-8.0531	-1.1226	230.1350	4.3423	766.8100	0.7673	nan	201.6979	444.2143	61.9245	93.5503	57.9305	69.0220	70.4029	0.8252	765.7839	-48.4310	-6.7514	99.8462	152.4779	0.0957	
17782.2191	17782.2191	0.0000	0.0000	0.2472	0.3396	0.3127	-0.0655	-26.5088	0.0186	0.0198	-5.9653	-2.1638	2.7860	-3.4675	0.4639	2.5088	2.5000	0.0088	0.3505	0.0000	-12.6948	172.1528	211.5047	200.7008	-10.8039	-5.3831	756.3037	732.9200	-23.3837	-3.1905	230.2433	4.4318	783.8430	0.7682	nan	201.5143	460.3235	62.8065	93.5034	58.7262	71.1537	71.6666	0.8404	782.4823	-49.5623	-6.7623	99.5963	149.4241	0.0985	
17782.8955	17782.8955	0.0000	0.0000	0.2552	0.3483	0.3545	-0.0993	-38.9030	0.0188	0.0175	-5.1048	-1.6698	3.1315	-3.6654	0.4412	2.5271	2.5134	0.0137	0.5416	0.0000	-13.5654	183.0390	224.8396	200.1683	-24.6713	-12.3253	897.8562	750.5167	-147.3395	-19.6317	230.3572	4.5328	803.0211	0.7691	nan	201.4287	475.2800	63.3277	93.4617	59.1871	73.2166	72.9420	0.8566	805.9523	-55.4356	-7.3863	99.3743	149.3933	0.1010	
17776.9426	17776.9426	0.0000	0.0000	0.2639	0.3684	0.3387	-0.0748	-28.3589	0.0179	0.0190	-5.3735	-1.7240	3.1366	-3.4532	0.4934	2.5699	2.5429	0.0271	1.0539	0.0000	-2.9622	162.6047	199.6035	199.6153	0.0119	0.0059	774.5160	772.2900	-2.2260	-0.2882	230.4034	4.8099	829.7267	0.7496	nan	201.3276	491.2553	63.6121	93.0810	59.2118	75.1650	74.2075	0.8692	819.0764	-46.7864	-6.0581	99.1495	150.0276	0.1027	
17776.4259	17776.4259	0.0000	0.0000	0.2692	0.3671	0.3285	-0.0592	-21.9881	0.0183	0.0165	-4.2824	-1.6555	3.0227	-3.8851	0.4994	2.6248	2.6168	0.0080	0.3049	0.0000	5.7657	169.6334	208.9872	200.4313	-8.5560	-4.2688	748.1631	795.4475	47.2844	5.9444	230.4165	5.3172	861.7225	0.7034	nan	203.2437	501.2204	63.0107	92.3090	58.1645	77.2682	75.6940	0.8730	834.7680	-39.3205	-4.9432	98.6162	156.6044	0.1026	
17776.0314	17776.0314	0.0000	0.0000	0.2798	0.4261	0.3510	-0.0712	-25.4507	0.0176	0.0179	-0.1175	-0.3713	3.4546	-3.8615	0.4700	2.6689	2.6646	0.0043	0.1621	0.0000	-20.3561	178.7047	220.7479	199.8153	-20.9325	-10.4759	971.5100	817.5378	-153.9723	-18.8337	230.4264	5.5654	888.3200	0.6927	nan	203.3702	520.8063	63.7045	92.0319	58.6285	79.4282	77.1949	0.8851	874.7575	-57.2197	-6.9990	98.2522	153.4197	0.1048	
17781.0817	17781.0817	0.0000	0.0000	0.2886	0.4318	0.3846	-0.0961	-33.2993	0.0170	0.0187	2.2468	0.5400	3.9420	-3.7750	0.4931	2.6894	2.6836	0.0057	0.2137	0.0000	-6.3239	175.3334	214.9677	199.1600	-15.8077	-7.9372	1037.0385	830.8033	-206.2351	-24.8236	230.4244	5.6239	903.0444	0.6969	nan	203.0847	537.2992	64.6721	92.0002	59.4984	81.5867	78.6799	0.8955	905.9871	-75.1838	-9.0495	98.0675	146.9481	0.1073	
17775.2552	17775.2552	0.0000	0.0000	0.2960	0.3529	0.3770	-0.0810	-27.3681	0.0191	0.0161	-4.6123	-1.4700	3.2725	-4.1348	0.4630	2.7057	2.7054	0.0003	0.0116	0.0000	-6.5344	189.2473	233.2746	198.3918	-34.8828	-17.5828	944.9675	847.7956	-97.1719	-11.4617	230.4199	5.5692	919.3544	0.7164	nan	202.4559	550.9807	64.9905	92.2164	59.9320	83.6592	80.0603	0.9119	887.3139	-39.5183	-4.6613	97.9930	147.4658	0.1094	
17773.9372	17773.9372	0.0000	0.0000	0.3020	0.4316	0.3874	-0.0854	-28.2798	0.0171	0.0189	1.2125	0.2742	3.9176	-3.5321	0.5086	2.7204	2.7166	0.0038	0.1403	0.0000	-10.8570	177.8276	218.2903	197.7578	-20.5326	-10.3827	1037.3202	866.8444	-170.4757	-19.6662	230.4468	5.4810	937.3667	0.7421	nan	201.4848	562.1071	64.8496	92.4760	59.9699	85.6540	81.4229	0.9303	929.8745	-63.0300	-7.2712	98.1504	152.7797	0.1110	
17764.5726	17764.5726	0.0000	0.0000	0.3085	0.4271	0.3840	-0.0755	-24.4806	0.0182	0.0183	-4.3944	-1.2955	3.5000	-4.0157	0.5170	2.7609	2.7596	0.0013	0.0456	0.0000	1.1861	167.8644	205.7522	196.8688	-8.8834	-4.5123	867.4406	881.8225	14.3819	1.6309	230.4578	5.3939	952.5200	0.7663	nan	200.4549	573.9024	65.0826	92.5780	60.2522	87.7383	82.8018	0.9367	925.1537	-43.3312	-4.9138	98.2110	150.3483	0.1117	
17573.7439	17573.7439	0.0000	0.0000	0.3168	0.4556	0.4047	-0.0880	-27.7643	0.0173	0.0191	-0.3411	-0.1313	3.9356	-3.8486	0.5193	2.7616	2.7669	-0.0053	-0.1934	0.0000	4.8866	180.5060	221.5717	196.7523	-24.8194	-12.6145	1072.8856	887.5911	-185.2945	-20.8761	230.3813	5.4255	959.1011	0.7673	nan	200.4209	582.9669	65.6864	92.5442	60.7892	89.7903	84.2728	0.9431	961.1171	-73.5260	-8.2838	98.1697	145.9374	0.1147	
17317.9513	17317.9513	0.0000	0.0000	0.3270	0.4484	0.3489	-0.0219	-6.7119	0.0172	0.0187	-0.4621	-0.5188	3.3673	-4.0770	0.5680	2.7646	2.7763	-0.0118	-0.4250	0.0000	-5.2493	182.0662	223.1863	196.4058	-26.7806	-13.6353	923.6606	883.5222	-40.1384	-4.5430	230.1710	5.4013	954.9989	0.7682	nan	200.0929	593.0226	67.1238	92.5156	62.1001	91.8666	85.6134	0.9395	941.6283	-58.1061	-6.5766	98.1573	130.4102	0.1183	
17108.0988	17108.0988	0.0000	0.0000	0.3337	0.4229	0.4118	-0.0781	-23.4180	0.0178	0.0181	1.6181	0.3187	4.0241	-3.7252	0.5237	2.7738	2.7787	-0.0049	-0.1752	0.0000	4.7772	172.6781	211.8275	196.0197	-15.8078	-8.0644	1052.0079	893.5940	-158.4139	-17.7277	230.0476	5.4586	966.5820	0.7697	nan	199.8532	597.8355	66.9026	92.4490	61.8507	93.8452	86.9146	0.9489	959.8005	-66.2065	-7.4090	98.0819	133.5819	0.1203	
16932.2702	16932.2702	0.0000	0.0000	0.3440	0.4304	0.3622	-0.0182	-5.2938	0.0177	0.0175	-1.9033	-0.8772	3.3157	-3.7776	0.5714	2.7713	2.7833	-0.0120	-0.4346	0.0000	-15.4697	187.2597	230.4782	196.0780	-34.4002	-17.5441	962.1207	893.5400	-68.5807	-7.6752	230.0590	5.4392	966.1600	0.7721	nan	199.8764	609.9613	68.2635	92.4836	63.1325	95.4568	88.0462	0.9494	965.5727	-72.0327	-8.0615	98.0997	120.8814	0.1241	
16669.2097	16669.2097	0.0000	0.0000	0.3506	0.4150	0.4081	-0.0575	-16.3979	0.0195	0.0177	-2.2413	-0.7062	3.5442	-3.8781	0.5581	2.7792	2.7918	-0.0126	-0.4544	0.0000	-3.4255	175.7904	215.6550	195.8597	-19.7953	-10.1069	937.8466	896.1230	-41.7236	-4.6560	230.0538	5.4598	969.7320	0.7720	nan	199.6261	611.9931	68.2940	92.4095	63.1101	97.3753	89.1897	0.9505	935.2386	-39.1156	-4.3650	98.1134	119.5172	0.1262	
16482.3054	16482.3054	0.0000	0.0000	0.3574	0.4220	0.4282	-0.0708	-19.8166	0.0192	0.0185	0.0459	-0.1272	3.7151	-4.0630	0.5331	2.7849	2.7958	-0.0109	-0.3903	0.0000	-6.5248	177.7478	218.3061	195.7744	-22.5317	-11.5090	993.7474	908.5190	-85.2284	-9.3810	230.0265	5.5402	983.8850	0.7720	nan	199.4221	616.8670	67.8995	92.3399	62.6983	99.2724	90.4942	0.9621	969.8780	-61.3590	-6.7537	98.1709	125.3755	0.1283	
16269.5787	16269.5787	0.0000	0.0000	0.3677	0.4229	0.4469	-0.0792	-21.5532	0.0192	0.0182	-0.3182	-0.0860	3.9069	-3.8808	0.5680	2.7860	2.8006	-0.0146	-0.5256	0.0000	0.4375	178.0351	218.8278	195.6757	-23.1522	-11.8319	1039.2386	905.0344	-134.2042	-14.8286	230.0337	5.5155	980.4311	0.7728	nan	199.4431	626.4154	69.2158	92.3098	63.8930	101.0697	91.6852	0.9585	964.0950	-59.0605	-6.5258	98.1110	111.2889	0.1320	

Torque compensated Offset = 	0
Mean Torque Mainboard Error perc = 	-27.403226419937422


Step N. = 	6
Target Speed = 	18000

Speed Mainboard (rpm_M)	Speed TestBench (rpm_M)	Speed Error (rpm_M)	Speed Error %	Torque TestBench (Nm_M)	Torque Ref (Nm)	Torque MainBoard (Nm_M)	Torque MainBoard Error (Nm_M)	Torque MainBoard Error %	Flux Ref (V/rad/s)	Flux (V/rad/s)	Id * Iq (A^2)	Id (Apeak)	Iq (Apeak)	Id Rotor (Apeak)	Iq Rotor (Apeak)	IMotor Measured (Arms)	IMotor MainBoard (Arms)	IMotor Error (Arms)	IMotor Error %	Motor Current THD %	Vsdref (Vpeak)	Vsqref (Vpeak)	Vout MainBoard (Vrms)	Vout Measured (Vrms)	Vout Error (Vrms)	Vout Error %	Motor Power MainBoard (W)	Motor Power Measured (W)	Motor Power Error (W)	Motor Power Error %	Line Voltage (Vrms)	Line Current (Arms)	Line Power (W)	Line Power Factor	Bulk Ripple (V)	DC Bus Voltage (Vrms)	Motor Mechanical Power (W)	Motor Efficiency	Inverter Efficiency	Overall Efficiency	Temperature (deg C)	Estimated Temperature (deg C)	Motor cos-phi	Electrical Power Alpha-Beta [W]	Electrical Power Error [W]	Electrical Power Error [%]	Bus Voltage Usage [%]	Rotational Losses [W]	Kt [Nm/Arms]	
17995.2188	17995.2188	0.0000	0.0000	0.1983	0.3101	0.2846	-0.0862	-43.4797	0.0190	0.0189	-5.5779	-2.2699	2.5256	-3.4311	0.3526	2.4325	2.4121	0.0204	0.8400	0.0000	-15.5893	184.8763	227.3030	203.6708	-23.6322	-11.6031	757.6348	653.9733	-103.6615	-15.8510	230.2453	3.9742	698.1678	0.7630	nan	202.4773	373.7502	57.1509	93.6700	53.5333	58.2715	64.9239	0.7621	710.5562	-56.5829	-8.6522	100.5895	169.4976	0.0815	
18003.4428	18003.4428	0.0000	0.0000	0.2040	0.2966	0.2665	-0.0625	-30.6305	0.0189	0.0197	-5.8970	-2.5299	2.3529	-3.4431	0.4150	2.4311	2.4196	0.0115	0.4741	0.0000	-14.3602	174.5834	214.6420	203.8133	-10.8286	-5.3130	666.7304	656.6722	-10.0582	-1.5317	230.1901	3.9901	700.8322	0.7630	nan	202.5525	384.6047	58.5687	93.6989	54.8782	61.2243	66.0892	0.7652	705.3133	-48.6411	-7.4072	100.6225	160.3132	0.0839	
17996.0169	17996.0169	0.0000	0.0000	0.2121	0.3095	0.2827	-0.0706	-33.2614	0.0187	0.0191	-5.9896	-2.3992	2.5118	-3.4189	0.4215	2.4442	2.4189	0.0253	1.0357	0.0000	-19.6329	179.7484	221.6082	203.0943	-18.5138	-9.1159	748.7019	671.1311	-77.5708	-11.5582	230.1401	4.0725	716.4556	0.7644	nan	202.4344	399.7322	59.5602	93.6738	55.7922	63.8860	67.2527	0.7806	715.3325	-44.2014	-6.5861	100.3260	157.3759	0.0868	
17998.3455	17998.3455	0.0000	0.0000	0.2187	0.3136	0.2939	-0.0751	-34.3587	0.0186	0.0194	-6.1294	-2.3618	2.6069	-3.4368	0.4250	2.4539	2.4391	0.0148	0.6022	0.0000	-13.0153	173.2084	212.8081	202.8306	-9.9775	-4.9191	719.4778	683.5657	-35.9121	-5.2536	230.2334	4.1445	729.9114	0.7650	nan	202.2429	412.2289	60.3058	93.6505	56.4767	66.3124	68.4464	0.7929	728.9630	-45.3972	-6.6412	100.2906	155.4368	0.0891	
18000.6374	18000.6374	0.0000	0.0000	0.2244	0.3197	0.3294	-0.1050	-46.7753	0.0187	0.0188	-5.5062	-1.8855	2.9871	-3.4971	0.4117	2.4677	2.4439	0.0239	0.9681	0.0000	-14.6192	180.6802	222.0691	202.4024	-19.6666	-9.7166	855.6060	700.2689	-155.3371	-22.1825	230.3818	4.2374	747.9322	0.7661	nan	202.1471	423.0821	60.4175	93.6273	56.5673	68.5717	69.6290	0.8094	748.4017	-48.1328	-6.8735	100.1263	159.0618	0.0910	
17999.6986	17999.6986	0.0000	0.0000	0.2342	0.3316	0.3130	-0.0788	-33.6274	0.0186	0.0179	-5.3817	-1.9940	2.8496	-3.6191	0.4074	2.4868	2.4705	0.0163	0.6550	0.0000	-13.5297	183.3574	225.3217	201.6379	-23.6838	-11.7457	833.6367	718.8367	-114.8000	-15.9703	230.4861	4.3458	768.1500	0.7669	nan	201.9733	441.4911	61.4173	93.5803	57.4745	70.8708	70.9288	0.8277	768.2301	-49.3934	-6.8713	99.8339	156.4483	0.0942	
17999.2275	17999.2275	0.0000	0.0000	0.2405	0.3405	0.3236	-0.0831	-34.5496	0.0182	0.0188	-4.9864	-1.7607	3.0358	-3.5793	0.4305	2.4987	2.4888	0.0099	0.3958	0.0000	-13.7487	177.7103	218.4076	201.0025	-17.4051	-8.6591	847.4830	729.8012	-117.6817	-16.1252	230.5369	4.4087	780.1900	0.7676	nan	201.8548	453.3122	62.1142	93.5415	58.1024	73.0744	72.2174	0.8389	783.3362	-53.5349	-7.3355	99.5778	153.5116	0.0962	
17997.6247	17997.6247	0.0000	0.0000	0.2498	0.3490	0.3269	-0.0772	-30.8887	0.0182	0.0183	-5.6583	-1.9195	2.9687	-3.5821	0.4345	2.5116	2.4899	0.0217	0.8644	0.0000	-13.5537	175.8684	216.2012	200.5062	-15.6949	-7.8277	819.8522	741.6278	-78.2244	-10.5477	230.4951	4.4831	793.1378	0.7676	nan	201.7088	470.7574	63.4770	93.5056	59.3544	75.0103	73.4213	0.8502	794.7144	-53.0866	-7.1581	99.4038	145.8059	0.0994	
18001.5962	18001.5962	0.0000	0.0000	0.2553	0.3509	0.3244	-0.0691	-27.0654	0.0184	0.0181	-6.0336	-2.0862	2.9085	-3.6633	0.4703	2.5255	2.5052	0.0203	0.8021	0.0000	-18.2665	177.2627	218.7536	199.7118	-19.0418	-9.5347	834.6855	753.7833	-80.9022	-10.7328	230.3262	4.5513	806.5922	0.7694	nan	201.3921	481.3348	63.8562	93.4529	59.6755	76.9013	74.6159	0.8629	804.5690	-50.7857	-6.7374	99.1656	145.2005	0.1011	
18000.1169	18000.1169	0.0000	0.0000	0.2625	0.3622	0.3223	-0.0598	-22.7994	0.0180	0.0188	-4.9189	-1.7938	2.9843	-3.5269	0.4561	2.5592	2.5380	0.0212	0.8278	0.0000	-15.2439	176.0930	216.8317	199.3041	-17.5276	-8.7944	833.7796	771.5340	-62.2456	-8.0678	230.1419	4.7937	828.6110	0.7523	nan	200.9741	494.8038	64.1334	93.1140	59.7166	78.7579	75.9115	0.8734	816.2918	-44.7578	-5.8011	99.1692	145.2547	0.1026	
17996.3553	17996.3553	0.0000	0.0000	0.2697	0.3967	0.3101	-0.0404	-14.9961	0.0197	0.0176	-5.5030	-2.2659	2.5383	-3.6836	0.4691	2.6232	2.6109	0.0124	0.4715	0.0000	-11.4100	179.0665	219.7726	200.0546	-19.7180	-9.8563	725.8159	797.7867	71.9707	9.0213	230.1126	5.3552	864.8533	0.7019	nan	202.7528	508.2071	63.7022	92.2454	58.7621	80.8343	77.3906	0.8777	843.2228	-45.4362	-5.6953	98.6694	150.4873	0.1028	
17990.8650	17990.8650	0.0000	0.0000	0.2779	0.4209	0.3526	-0.0747	-26.8969	0.0170	0.0187	-1.0798	-0.3549	3.6835	-3.7024	0.4700	2.6574	2.6437	0.0137	0.5142	0.0000	-20.3720	196.2157	241.6641	199.6128	-42.0513	-21.0665	1095.8186	816.6425	-279.1761	-34.1858	230.2846	5.5250	886.8775	0.6971	nan	203.0035	523.5171	64.1059	92.0807	59.0290	82.8881	78.9505	0.8889	859.7052	-43.0627	-5.2731	98.3297	149.4242	0.1046	
17992.9269	17992.9269	0.0000	0.0000	0.2843	0.3623	0.3633	-0.0790	-27.7670	0.0175	0.0157	-1.7866	-0.6946	3.5369	-3.9434	0.4428	2.6827	2.6765	0.0062	0.2311	0.0000	-8.5176	170.0519	208.9430	198.9077	-10.0353	-5.0452	930.3911	834.1022	-96.2888	-11.5440	230.4403	5.5666	905.6689	0.7061	nan	202.8415	535.7451	64.2319	92.0974	59.1556	84.9204	80.3447	0.9025	886.3902	-52.2880	-6.2688	98.0607	150.9384	0.1060	
17990.5875	17990.5875	0.0000	0.0000	0.2923	0.4381	0.4009	-0.1086	-37.1324	0.0177	0.0195	0.7122	0.1660	3.8510	-3.5785	0.5200	2.6957	2.6916	0.0041	0.1519	0.0000	-14.6613	191.3096	235.1162	198.1458	-36.9705	-18.6582	1106.7598	850.8656	-255.8942	-30.0746	230.4838	5.4839	920.7756	0.7285	nan	202.1627	550.7471	64.7299	92.4074	59.8151	87.0105	81.7640	0.9197	909.7681	-58.9026	-6.9227	98.0131	150.2520	0.1084	
17988.6438	17988.6438	0.0000	0.0000	0.2981	0.3929	0.3721	-0.0740	-24.8208	0.0179	0.0163	-2.1466	-0.7432	3.6010	-3.8741	0.5045	2.7072	2.7013	0.0060	0.2206	0.0000	-3.2760	177.8272	218.3293	197.7286	-20.6007	-10.4187	968.6684	857.4189	-111.2495	-12.9749	230.4430	5.4052	927.1144	0.7444	nan	201.6621	561.5723	65.5010	92.4815	60.5757	88.9595	83.0781	0.9248	918.6258	-61.2069	-7.1385	98.0505	143.7449	0.1101	
18000.6121	18000.6121	0.0000	0.0000	0.3035	0.4414	0.3478	-0.0443	-14.6071	0.0175	0.0188	-2.8488	-1.1565	3.2246	-3.6442	0.5262	2.7339	2.7110	0.0229	0.8389	0.0000	5.5551	173.1882	212.4889	197.2107	-15.2783	-7.7472	820.9195	882.6867	61.7671	6.9976	230.3107	5.3853	952.7900	0.7682	nan	200.7005	572.1036	64.8205	92.6423	60.0512	90.7951	84.3611	0.9452	931.1425	-48.4558	-5.4896	98.2613	154.5529	0.1110	
17908.7086	17908.7086	0.0000	0.0000	0.3106	0.4081	0.3768	-0.0662	-21.3189	0.0172	0.0173	-0.7311	-0.2988	3.6334	-3.6800	0.5155	2.7398	2.7456	-0.0058	-0.2103	0.0000	-7.2091	186.3934	228.5742	196.7103	-31.8638	-16.1984	1013.8205	875.7689	-138.0516	-15.7635	230.1964	5.3451	945.8122	0.7687	nan	200.3178	582.4114	66.5052	92.5947	61.5804	92.7095	85.7701	0.9382	949.3378	-73.5689	-8.4005	98.1992	135.7036	0.1133	
17599.0754	17599.0754	0.0000	0.0000	0.3190	0.4456	0.4297	-0.1107	-34.7076	0.0187	0.0182	-1.0969	-0.3711	3.8212	-3.7967	0.4733	2.7521	2.7639	-0.0118	-0.4283	0.0000	-0.3971	177.0958	217.4167	196.1900	-21.2267	-10.8195	1019.4363	877.3600	-142.0763	-16.1936	230.1149	5.3621	948.3338	0.7686	nan	200.1742	587.8985	67.0109	92.5160	61.9958	94.6794	87.1162	0.9382	935.2419	-57.8819	-6.5973	98.0098	129.3987	0.1159	
17314.9165	17314.9165	0.0000	0.0000	0.3259	0.4237	0.3885	-0.0626	-19.2179	0.0167	0.0182	6.5099	1.6085	4.0634	-3.8547	0.5077	2.7552	2.7664	-0.0112	-0.4059	0.0000	24.6048	173.5654	215.3400	196.2152	-19.1248	-9.7468	1113.0512	884.3200	-228.7312	-25.8652	230.0531	5.4043	956.3356	0.7692	nan	200.1472	590.9020	66.8213	92.4698	61.7895	96.5011	88.3574	0.9444	968.1972	-83.8772	-9.4849	98.0356	132.0737	0.1183	
17141.7694	17141.7694	0.0000	0.0000	0.3318	0.4319	0.3862	-0.0545	-16.4158	0.0172	0.0173	4.7139	1.1856	3.9149	-3.9002	0.5512	2.7525	2.7623	-0.0098	-0.3578	0.0000	-10.7075	172.1360	211.3422	196.0451	-15.2971	-7.8028	993.4977	886.2133	-107.2843	-12.1059	230.0410	5.3999	958.1267	0.7713	nan	199.9233	595.5661	67.2041	92.4944	62.1601	98.2898	89.5547	0.9482	947.0096	-60.7963	-6.8602	98.0602	128.7168	0.1205	
17026.6367	17026.6367	0.0000	0.0000	0.3376	0.4322	0.3987	-0.0611	-18.1132	0.0184	0.0183	0.2547	-0.0798	3.6244	-3.9860	0.5575	2.7553	2.7710	-0.0157	-0.5716	0.0000	-4.0179	178.7935	219.6132	196.1316	-23.4817	-11.9724	992.5556	890.7067	-101.8489	-11.4346	230.0873	5.4394	963.8244	0.7701	nan	199.8209	601.8620	67.5721	92.4139	62.4460	100.0415	90.7318	0.9516	932.0205	-41.3139	-4.6383	98.1537	125.7055	0.1225	
16789.5285	16789.5285	0.0000	0.0000	0.3453	0.4109	0.3909	-0.0457	-13.2330	0.0190	0.0182	-0.1897	-0.3463	3.3089	-3.8387	0.5392	2.7634	2.7648	-0.0014	-0.0520	0.0000	0.3277	179.2317	219.6493	195.8485	-23.8008	-12.1527	894.8984	890.3025	-4.5959	-0.5162	230.1312	5.4202	963.6350	0.7725	nan	199.7163	607.0127	68.1833	92.3901	62.9948	101.8400	91.8705	0.9498	949.2886	-58.9861	-6.6254	98.0634	118.2759	0.1249	
16589.2172	16589.2172	0.0000	0.0000	0.3544	0.4232	0.4273	-0.0729	-20.5845	0.0181	0.0192	4.4930	1.1458	3.9774	-3.9251	0.5437	2.7694	2.7730	-0.0036	-0.1294	0.0000	-6.3487	174.0149	214.1654	195.8707	-18.2947	-9.3402	1035.9437	898.7237	-137.2199	-15.2683	230.1795	5.4690	973.2338	0.7731	nan	199.7367	615.6198	68.5016	92.3441	63.2573	103.4343	93.0184	0.9565	966.9702	-68.2464	-7.5937	98.0645	116.5507	0.1280	
16449.8813	16449.8813	0.0000	0.0000	0.3588	0.4167	0.4396	-0.0808	-22.5323	0.0194	0.0195	-1.8865	-0.5273	3.7151	-3.9120	0.5460	2.7778	2.7871	-0.0093	-0.3353	0.0000	3.8960	172.6891	211.8874	195.7441	-16.1433	-8.2471	956.3180	899.3467	-56.9714	-6.3348	230.2373	5.4710	974.4311	0.7736	nan	199.5888	618.0410	68.7217	92.2945	63.4264	105.0028	94.1417	0.9550	961.4298	-62.0832	-6.9031	98.0737	112.9456	0.1292	

Torque compensated Offset = 	0
Mean Torque Mainboard Error perc = 	-27.074147369685722


