Time	speed	torque	motor_current	motor_current_thd	motor_voltage	motor_power	line_voltage	line_current	line_power	motor_temperature	Test_Marker	BD_Target_Speed	BD_Target_Accel	BD_Update_Cmd	Mcl_Quantities.Speed_Rot_Mech	Mcl_Quantities.Torque	Mcl_Quantities.Torque_Ref	Mcl_Quantities.Stator_Flux_Mag	Mcl_Quantities.Flux_Ref	Mcl_Quantities.Id_stator_current	Mcl_Quantities.Iq_stator_current	Mcl_Quantities.Id_rotor_current	Rotor_Curr_Iq	Flux_Controller.Out	Torque_Controller.Out	DC_Bus_RMS	Mcl_Quantities.Electrical_Power	Mcl_Quantities.Stator_Temperature	Mcl_Quantities.Is_Abs	Mcl_Quantities.IsRMS	SR_Overheating_Temp
0.7340	0.0000	0.0020	0.0147	0.0000	0.6760	-0.0400	230.7830	0.0000	1.3000	72.5154	NOT CONNECTED	NOT CONNECTED	NOT CONNECTED	NOT CONNECTED	NOT CONNECTED	NOT CONNECTED	NOT CONNECTED	NOT CONNECTED	NOT CONNECTED	NOT CONNECTED	NOT CONNECTED	NOT CONNECTED	NOT CONNECTED	NOT CONNECTED	NOT CONNECTED	NOT CONNECTED	NOT CONNECTED	NOT CONNECTED	NOT CONNECTED	NOT CONNECTED	NOT CONNECTED
1.4497	0.0000	0.0020	0.0147	0.0000	0.6750	-0.0400	230.7560	0.0000	1.3000	72.3619	NOT CONNECTED	0.0000	500.0000	0.0000	0.0000	0.0000	0.0000	0.0931	0.0531	-1.4604	0.0716	-1.4616	0.0381	0.0000	0.0000	321.3054	0.0000	88.6473	1.4621	0.0054	80.1575
1.4670	0.0000	0.0020	0.0147	0.0000	0.6750	-0.0400	230.7560	0.0000	1.3000	72.3619	NOT CONNECTED	0.0000	500.0000	0.0000	0.0000	0.0000	0.0000	0.0931	0.0531	-1.4604	0.0716	-1.4616	0.0381	0.0000	0.0000	321.3054	0.0000	88.6473	1.4621	0.0054	80.1575
2.0554	0.0000	0.0020	0.0147	0.0000	0.6750	-0.0400	230.7020	0.0000	1.2900	72.2012	NOT CONNECTED	0.0000	500.0000	0.0000	0.0000	0.0000	0.0000	0.0931	0.0531	-1.4604	0.0716	-1.4616	0.0381	0.0000	0.0000	321.2350	0.0000	88.5943	1.4621	0.0054	80.1575
2.2087	0.0000	0.0020	0.0147	0.0000	0.6750	-0.0400	230.7020	0.0000	1.2900	72.2012	NOT CONNECTED	0.0000	500.0000	0.0000	0.0000	0.0000	0.0000	0.0931	0.0531	-1.4604	0.0716	-1.4616	0.0381	0.0000	0.0000	321.2350	0.0000	88.5943	1.4621	0.0054	80.1575
2.6613	0.0000	0.0020	0.0147	0.0000	0.6750	-0.0400	230.6750	0.0000	1.2900	72.0574	NOT CONNECTED	0.0000	500.0000	0.0000	0.0000	0.0000	0.0000	0.0931	0.0531	-1.4604	0.0716	-1.4616	0.0381	0.0000	0.0000	321.2269	0.0000	88.5443	1.4621	0.0052	80.1003
2.9528	0.0000	0.0020	0.0147	0.0000	0.6750	-0.0400	230.6750	0.0000	1.2900	72.0574	NOT CONNECTED	0.0000	500.0000	0.0000	0.0000	0.0000	0.0000	0.0931	0.0531	-1.4604	0.0716	-1.4616	0.0381	0.0000	0.0000	321.2269	0.0000	88.5443	1.4621	0.0052	80.1003
3.2667	0.0000	0.0020	0.0147	0.0000	0.6750	-0.0400	230.6750	0.0000	1.2900	72.0574	NOT CONNECTED	0.0000	500.0000	0.0000	0.0000	0.0000	0.0000	0.0931	0.0531	-1.4604	0.0716	-1.4616	0.0381	0.0000	0.0000	321.1309	0.0000	88.4968	1.4621	0.0051	80.0432
3.6863	0.0000	0.0020	0.0147	0.0000	0.6750	-0.0400	230.6210	0.0000	1.2900	71.9023	NOT CONNECTED	0.0000	500.0000	0.0000	0.0000	0.0000	0.0000	0.0931	0.0531	-1.4604	0.0716	-1.4616	0.0381	0.0000	0.0000	321.0916	0.0000	88.4498	1.4621	0.0054	80.0432
3.8727	0.0000	0.0020	0.0147	0.0000	0.6750	-0.0400	230.6210	0.0000	1.2900	71.9023	NOT CONNECTED	0.0000	500.0000	0.0000	0.0000	0.0000	0.0000	0.0931	0.0531	-1.4604	0.0716	-1.4616	0.0381	0.0000	0.0000	321.0916	0.0000	88.4498	1.4621	0.0054	80.0432
4.4303	0.0000	0.0020	0.0147	0.0000	0.6750	-0.0400	230.5990	0.0000	1.2900	71.7392	NOT CONNECTED	0.0000	500.0000	0.0000	0.0000	0.0000	0.0000	0.0931	0.0531	-1.4604	0.0716	-1.4616	0.0381	0.0000	0.0000	321.0294	0.0000	88.4068	1.4621	0.0054	79.9863
4.4778	0.0000	0.0020	0.0147	0.0000	0.6750	-0.0400	230.5990	0.0000	1.2900	71.7392	NOT CONNECTED	0.0000	500.0000	0.0000	0.0000	0.0000	0.0000	0.0931	0.0531	-1.4604	0.0716	-1.4616	0.0381	0.0000	0.0000	321.0294	0.0000	88.4068	1.4621	0.0054	79.9863
5.0837	0.0000	0.0020	0.0147	0.0000	0.6750	-0.0400	230.5700	0.0000	1.3000	71.5976	NOT CONNECTED	0.0000	500.0000	0.0000	0.0000	0.0000	0.0000	0.0931	0.0531	-1.4604	0.0716	-1.4616	0.0381	0.0000	0.0000	321.0334	0.0000	88.3657	1.4621	0.0055	79.9863
5.1686	0.0000	0.0020	0.0147	0.0000	0.6750	-0.0400	230.5700	0.0000	1.3000	71.5976	NOT CONNECTED	0.0000	500.0000	0.0000	0.0000	0.0000	0.0000	0.0931	0.0531	-1.4604	0.0716	-1.4616	0.0381	0.0000	0.0000	321.0334	0.0000	88.3657	1.4621	0.0055	79.9863
5.6892	0.0000	0.0020	0.0147	0.0000	0.6750	-0.0400	230.5580	0.0000	1.3000	71.4432	NOT CONNECTED	0.0000	500.0000	0.0000	0.0000	0.0000	0.0000	0.0931	0.0531	-1.4604	0.0716	-1.4616	0.0381	0.0000	0.0000	321.0822	0.0000	88.3261	1.4621	0.0051	79.9296
5.9014	0.0000	0.0020	0.0147	0.0000	0.6750	-0.0400	230.5580	0.0000	1.3000	71.4432	NOT CONNECTED	0.0000	500.0000	0.0000	0.0000	0.0000	0.0000	0.0931	0.0531	-1.4604	0.0716	-1.4616	0.0381	0.0000	0.0000	321.0822	0.0000	88.3261	1.4621	0.0051	79.9296
6.2942	0.0000	0.0020	0.0147	0.0000	0.6740	-0.0400	230.5490	0.0000	1.3000	71.3146	NOT CONNECTED	0.0000	500.0000	0.0000	0.0000	0.0000	0.0000	0.0931	0.0531	-1.4604	0.0716	-1.4616	0.0381	0.0000	0.0000	321.0321	0.0000	88.2881	1.4621	0.0053	79.8729
6.6367	0.0000	0.0020	0.0147	0.0000	0.6740	-0.0400	230.5490	0.0000	1.3000	71.3146	NOT CONNECTED	0.0000	500.0000	0.0000	0.0000	0.0000	0.0000	0.0931	0.0531	-1.4604	0.0716	-1.4616	0.0381	0.0000	0.0000	321.0362	0.0000	88.2515	1.4621	0.0051	79.8729
6.9002	0.0000	0.0020	0.0147	0.0000	0.6740	-0.0400	230.5490	0.0000	1.3000	71.3146	NOT CONNECTED	0.0000	500.0000	0.0000	0.0000	0.0000	0.0000	0.0931	0.0531	-1.4604	0.0716	-1.4616	0.0381	0.0000	0.0000	321.0362	0.0000	88.2515	1.4621	0.0051	79.8729
7.3846	0.0000	0.0020	0.0147	0.0000	0.6750	-0.0400	230.5510	0.0000	1.3200	71.1629	NOT CONNECTED	0.0000	500.0000	0.0000	0.0000	0.0000	0.0000	0.0931	0.0531	-1.4604	0.0716	-1.4616	0.0381	0.0000	0.0000	321.0294	0.0000	88.2145	1.4621	0.0052	79.8164
7.5206	0.0000	0.0020	0.0147	0.0000	0.6750	-0.0400	230.5510	0.0000	1.3200	71.1629	NOT CONNECTED	0.0000	500.0000	0.0000	0.0000	0.0000	0.0000	0.0931	0.0531	-1.4604	0.0716	-1.4616	0.0381	0.0000	0.0000	321.0294	0.0000	88.2145	1.4621	0.0052	79.8164
8.1356	0.0000	0.0020	0.0147	0.0000	0.6750	-0.0400	230.5650	0.0000	1.3000	70.9835	NOT CONNECTED	0.0000	500.0000	0.0000	0.0000	0.0000	0.0000	0.0931	0.0531	-1.4604	0.0716	-1.4616	0.0381	0.0000	0.0000	321.0794	0.0000	88.1789	1.4621	0.0053	79.8164
8.1424	0.0000	0.0020	0.0147	0.0000	0.6750	-0.0400	230.5650	0.0000	1.3000	70.9835	NOT CONNECTED	0.0000	500.0000	0.0000	0.0000	0.0000	0.0000	0.0931	0.0531	-1.4604	0.0716	-1.4616	0.0381	0.0000	0.0000	321.0794	0.0000	88.1789	1.4621	0.0053	79.8164
8.7479	0.0000	0.0020	0.0147	0.0000	0.6750	-0.0400	230.5790	0.0000	1.2900	70.8314	NOT CONNECTED	0.0000	500.0000	0.0000	0.0000	0.0000	0.0000	0.0931	0.0531	-1.4604	0.0716	-1.4616	0.0381	0.0000	0.0000	321.1052	0.0000	88.1456	1.4621	0.0052	79.7600
8.8682	0.0000	0.0020	0.0147	0.0000	0.6750	-0.0400	230.5790	0.0000	1.2900	70.8314	NOT CONNECTED	0.0000	500.0000	0.0000	0.0000	0.0000	0.0000	0.0931	0.0531	-1.4604	0.0716	-1.4616	0.0381	0.0000	0.0000	321.1052	0.0000	88.1456	1.4621	0.0052	79.7600
9.3537	0.0000	0.0020	0.0147	0.0000	0.6750	-0.0400	230.6220	0.0000	1.3000	70.6712	NOT CONNECTED	0.0000	500.0000	0.0000	0.0000	0.0000	0.0000	0.0931	0.0531	-1.4604	0.0716	-1.4616	0.0381	0.0000	0.0000	321.1498	0.0000	88.1132	1.4621	0.0051	79.7038
9.6279	0.0000	0.0020	0.0147	0.0000	0.6750	-0.0400	230.6220	0.0000	1.3000	70.6712	NOT CONNECTED	0.0000	500.0000	0.0000	0.0000	0.0000	0.0000	0.0931	0.0531	-1.4604	0.0716	-1.4616	0.0381	0.0000	0.0000	321.1498	0.0000	88.1132	1.4621	0.0051	79.7038
9.9597	0.0000	0.0020	0.0147	0.0000	0.6750	-0.0400	230.6220	0.0000	1.3000	70.6712	NOT CONNECTED	0.0000	500.0000	0.0000	0.0000	0.0000	0.0000	0.0931	0.0531	-1.4604	0.0716	-1.4616	0.0381	0.0000	0.0000	321.2283	0.0000	88.0802	1.4621	0.0052	79.7038
10.3614	0.0000	0.0020	0.0147	0.0000	0.6750	-0.0400	230.6490	0.0000	1.2900	70.5223	NOT CONNECTED	0.0000	500.0000	0.0000	0.0000	0.0000	0.0000	0.0931	0.0531	-1.4604	0.0716	-1.4616	0.0381	0.0000	0.0000	321.2743	0.0000	88.0494	1.4621	0.0057	79.6477
10.5495	0.0000	0.0020	0.0147	0.0000	0.6750	-0.0400	230.6490	0.0000	1.2900	70.5223	NOT CONNECTED	0.0000	500.0000	0.0000	0.0000	0.0000	0.0000	0.0931	0.0531	-1.4604	0.0716	-1.4616	0.0381	0.0000	0.0000	321.2743	0.0000	88.0494	1.4621	0.0057	79.6477
11.1274	0.0000	0.0020	0.0147	0.0000	0.6760	-0.0400	230.6780	0.0000	1.2900	70.3629	NOT CONNECTED	0.0000	500.0000	0.0000	0.0000	0.0000	0.0000	0.0931	0.0531	-1.4604	0.0716	-1.4616	0.0381	0.0000	0.0000	321.3324	0.0000	88.0193	1.4621	0.0052	79.6477
11.1550	0.0000	0.0020	0.0147	0.0000	0.6760	-0.0400	230.6780	0.0000	1.2900	70.3629	NOT CONNECTED	0.0000	500.0000	0.0000	0.0000	0.0000	0.0000	0.0931	0.0531	-1.4604	0.0716	-1.4616	0.0381	0.0000	0.0000	321.3324	0.0000	88.0193	1.4621	0.0052	79.6477
11.7604	0.0000	0.0020	0.0147	0.0000	0.6750	-0.0400	230.7380	0.0000	1.2800	70.2456	NOT CONNECTED	0.0000	500.0000	0.0000	0.0000	0.0000	0.0000	0.0931	0.0531	-1.4604	0.0716	-1.4616	0.0381	0.0000	0.0000	321.4122	0.0000	87.9897	1.4621	0.0051	79.5918
11.8723	0.0000	0.0020	0.0147	0.0000	0.6750	-0.0400	230.7380	0.0000	1.2800	70.2456	NOT CONNECTED	0.0000	500.0000	0.0000	0.0000	0.0000	0.0000	0.0931	0.0531	-1.4604	0.0716	-1.4616	0.0381	0.0000	0.0000	321.4122	0.0000	87.9897	1.4621	0.0051	79.5918
12.3661	0.0000	0.0020	0.0147	0.0000	0.6760	-0.0400	230.8000	0.0000	1.2800	70.1033	NOT CONNECTED	0.0000	500.0000	0.0000	0.0000	0.0000	0.0000	0.0931	0.0531	-1.4604	0.0716	-1.4616	0.0381	0.0000	0.0000	321.4447	0.0000	87.9607	1.4621	0.0056	79.5360
12.6299	0.0000	0.0020	0.0147	0.0000	0.6760	-0.0400	230.8000	0.0000	1.2800	70.1033	NOT CONNECTED	0.0000	500.0000	0.0000	0.0000	0.0000	0.0000	0.0931	0.0531	-1.4604	0.0716	-1.4616	0.0381	0.0000	0.0000	321.4447	0.0000	87.9607	1.4621	0.0056	79.5360
12.9705	0.0000	0.0020	0.0147	0.0000	0.6760	-0.0400	230.8000	0.0000	1.2800	70.1033	NOT CONNECTED	0.0000	500.0000	0.0000	0.0000	0.0000	0.0000	0.0931	0.0531	-1.4604	0.0716	-1.4616	0.0381	0.0000	0.0000	321.5001	0.0000	87.9321	1.4621	0.0052	79.5360
13.3671	0.0000	0.0020	0.0147	0.0000	0.6770	-0.0400	230.8320	0.0000	1.2900	69.9617	NOT CONNECTED	0.0000	500.0000	0.0000	0.0000	0.0000	0.0000	0.0931	0.0531	-1.4604	0.0716	-1.4616	0.0381	0.0000	0.0000	321.5123	0.0000	87.9030	1.4621	0.0053	79.4803
13.5776	0.0000	0.0020	0.0147	0.0000	0.6770	-0.0400	230.8320	0.0000	1.2900	69.9617	NOT CONNECTED	0.0000	500.0000	0.0000	0.0000	0.0000	0.0000	0.0931	0.0531	-1.4604	0.0716	-1.4616	0.0381	0.0000	0.0000	321.5123	0.0000	87.9030	1.4621	0.0053	79.4803
14.1831	0.0000	0.0020	0.0147	0.0000	0.6760	-0.0400	230.8930	0.0000	1.3200	69.7680	NOT CONNECTED	0.0000	500.0000	0.0000	0.0000	0.0000	0.0000	0.0931	0.0531	-1.4604	0.0716	-1.4616	0.0381	0.0000	0.0000	321.5434	0.0000	87.8752	1.4621	0.0055	79.4248
14.3222	0.0000	0.0020	0.0147	0.0000	0.6760	-0.0400	230.8930	0.0000	1.3200	69.7680	NOT CONNECTED	0.0000	500.0000	0.0000	0.0000	0.0000	0.0000	0.0931	0.0531	-1.4604	0.0716	-1.4616	0.0381	0.0000	0.0000	321.5434	0.0000	87.8752	1.4621	0.0055	79.4248
14.7877	0.0000	0.0020	0.0147	0.0000	0.6760	-0.0400	230.9210	0.0000	1.3200	69.6277	NOT CONNECTED	0.0000	500.0000	0.0000	0.0000	0.0000	0.0000	0.0931	0.0531	-1.4604	0.0716	-1.4616	0.0381	0.0000	0.0000	321.5826	0.0000	87.8481	1.4621	0.0055	79.4248
15.0585	0.0000	0.0020	0.0147	0.0000	0.6760	-0.0400	230.9210	0.0000	1.3200	69.6277	NOT CONNECTED	0.0000	500.0000	0.0000	0.0000	0.0000	0.0000	0.0931	0.0531	-1.4604	0.0716	-1.4616	0.0381	0.0000	0.0000	321.5826	0.0000	87.8481	1.4621	0.0055	79.4248
15.4089	0.0000	0.0020	0.0147	0.0000	0.6760	-0.0400	230.9210	0.0000	1.3200	69.6277	NOT CONNECTED	10000.0000	500.0000	0.0000	0.0000	0.0000	0.0000	0.0931	0.0531	-1.4604	0.0716	-1.4616	0.0381	0.0000	0.0000	321.6029	0.0000	87.8201	1.4621	0.0053	79.3694
15.8015	0.0000	0.0020	0.0147	0.0000	0.6770	-0.0400	230.9660	0.0000	1.3100	69.5274	NOT CONNECTED	10000.0000	500.0000	0.0000	0.0000	0.0000	0.0000	0.0931	0.0531	-1.4604	0.0716	-1.4616	0.0381	0.0000	0.0000	321.6328	0.0000	87.7937	1.4621	0.0056	79.3694
16.0157	0.0000	0.0020	0.0147	0.0000	0.6770	-0.0400	230.9660	0.0000	1.3100	69.5274	NOT CONNECTED	10000.0000	500.0000	0.0000	0.0000	0.0000	0.0000	0.0931	0.0531	-1.4604	0.0716	-1.4616	0.0381	0.0000	0.0000	321.6328	0.0000	87.7937	1.4621	0.0056	79.3694
16.5334	0.0000	0.0020	0.0147	0.0000	0.6760	-0.0400	230.9810	0.0000	1.3300	69.4025	NOT CONNECTED	10000.0000	500.0000	0.0000	0.0000	0.0000	0.0000	0.0931	0.0531	-1.4604	0.0716	-1.4616	0.0381	0.0000	0.0000	321.6450	0.0000	87.7662	1.4621	0.0052	79.3141
16.6364	0.0000	0.0020	0.0147	0.0000	0.6760	-0.0400	230.9810	0.0000	1.3300	69.4025	NOT CONNECTED	10000.0000	500.0000	0.0000	0.0000	0.0000	0.0000	0.0931	0.0531	-1.4604	0.0716	-1.4616	0.0381	0.0000	0.0000	321.6450	0.0000	87.7662	1.4621	0.0052	79.3141
17.2423	0.0000	0.0020	0.0147	0.0000	0.6770	-0.0400	230.9940	0.0000	1.3300	69.2956	NOT CONNECTED	10000.0000	500.0000	0.0000	0.0000	0.0000	0.0000	0.0931	0.0531	-1.4604	0.0716	-1.4616	0.0381	0.0000	0.0000	321.6259	0.0000	87.7404	1.4621	0.0054	79.2589
17.2806	0.0000	0.0020	0.0147	0.0000	0.6770	-0.0400	230.9940	0.0000	1.3300	69.2956	NOT CONNECTED	10000.0000	500.0000	0.0000	0.0000	0.0000	0.0000	0.0931	0.0531	-1.4604	0.0716	-1.4616	0.0381	0.0000	0.0000	321.6259	0.0000	87.7404	1.4621	0.0054	79.2589
17.8479	0.0000	0.0020	0.0147	0.0000	0.6760	-0.0400	230.9950	0.0000	1.3300	69.1594	NOT CONNECTED	10000.0000	500.0000	0.0000	0.0000	0.0000	0.0000	0.0931	0.0531	-1.4604	0.0716	-1.4616	0.0381	0.0000	0.0000	321.6098	0.0000	87.7148	1.4621	0.0056	79.2589
18.0261	0.0000	0.0020	0.0147	0.0000	0.6760	-0.0400	230.9950	0.0000	1.3300	69.1594	NOT CONNECTED	10000.0000	500.0000	0.0000	0.0000	0.0000	0.0000	0.0931	0.0531	-1.4604	0.0716	-1.4616	0.0381	0.0000	0.0000	321.6098	0.0000	87.7148	1.4621	0.0056	79.2589
18.4375	0.0000	0.0020	0.0147	0.0000	0.6760	-0.0400	230.9810	0.0000	1.3100	69.0238	NOT CONNECTED	10000.0000	500.0000	0.0000	0.0000	0.0000	0.0000	0.0931	0.0531	-1.4604	0.0716	-1.4616	0.0381	0.0000	0.0000	321.5894	0.0000	87.6892	1.4621	0.0053	79.2039
18.7733	0.0000	0.0020	0.0147	0.0000	0.6760	-0.0400	230.9810	0.0000	1.3100	69.0238	NOT CONNECTED	10000.0000	500.0000	0.0000	0.0000	0.0000	0.0000	0.0931	0.0531	-1.4604	0.0716	-1.4616	0.0381	0.0000	0.0000	321.5813	0.0000	87.6642	1.4621	0.0054	79.2039
19.0423	0.0000	0.0020	0.0147	0.0000	0.6760	-0.0400	230.9810	0.0000	1.3100	69.0238	NOT CONNECTED	10000.0000	500.0000	0.0000	0.0000	0.0000	0.0000	0.0931	0.0531	-1.4604	0.0716	-1.4616	0.0381	0.0000	0.0000	321.5813	0.0000	87.6642	1.4621	0.0054	79.2039
19.5169	0.0000	0.0020	0.0147	0.0000	0.6760	-0.0400	230.9690	0.0000	1.3100	68.9100	NOT CONNECTED	10000.0000	500.0000	0.0000	0.0000	-0.0027	0.0000	0.0931	0.0531	-0.0080	-0.0001	-1.4616	-0.0199	1.4350	0.0000	316.4956	0.0027	87.6393	1.4621	0.0053	79.1491
19.6479	0.0000	0.0020	0.0147	0.0000	0.6760	-0.0400	230.9690	0.0000	1.3100	68.9100	NOT CONNECTED	10000.0000	500.0000	0.0000	0.0000	-0.0027	0.0000	0.0931	0.0531	-0.0080	-0.0001	-1.4616	-0.0199	1.4350	0.0000	316.4956	0.0027	87.6393	1.4621	0.0053	79.1491
20.2538	51.0000	-0.0820	0.0147	0.0000	0.6750	-0.0400	230.9330	0.0000	1.3300	68.7993	NOT CONNECTED	10000.0000	500.0000	0.0000	0.9634	0.0755	0.0000	0.1528	0.0531	2.0253	0.0831	2.0248	0.1523	15.5400	0.0000	310.5520	47.2219	87.6480	2.0269	1.1496	79.0943
20.8596	0.0000	-0.0000	1.1736	0.0000	13.4550	32.9300	230.8800	0.3218	42.4700	68.7299	NOT CONNECTED	10000.0000	500.0000	0.0000	-0.0549	0.0957	0.0000	0.1710	0.0531	3.0289	0.0931	3.0344	0.2232	22.6099	0.0000	304.4194	102.3734	87.9243	3.0223	1.5227	79.0943
21.0066	0.0000	-0.0000	1.1736	0.0000	13.4550	32.9300	230.8800	0.3218	42.4700	68.7299	NOT CONNECTED	10000.0000	500.0000	0.0000	-0.0549	0.0957	0.0000	0.1710	0.0531	3.0289	0.0931	3.0344	0.2232	22.6099	0.0000	304.4194	102.3734	87.9243	3.0223	1.5227	79.0943
21.4658	0.0000	-0.0000	2.0079	0.0000	22.3450	96.5800	230.7950	0.7975	120.2900	68.6619	NOT CONNECTED	10000.0000	500.0000	0.0000	-0.0993	0.0895	0.0000	0.1714	0.0531	2.7921	0.0901	3.0266	0.1482	18.0399	0.0000	304.3062	94.2745	88.5230	3.0103	2.1542	79.0875
21.7403	0.0000	-0.0000	2.0079	0.0000	22.3450	96.5800	230.7950	0.7975	120.2900	68.6619	NOT CONNECTED	10000.0000	500.0000	0.0000	-0.0993	0.0895	0.0000	0.1714	0.0531	2.7921	0.0901	3.0266	0.1482	18.0399	0.0000	304.3062	94.2745	88.5230	3.0103	2.1542	79.0875
22.0715	0.0000	-0.0000	2.0079	0.0000	22.3450	96.5800	230.7950	0.7975	120.2900	68.6619	NOT CONNECTED	10000.0000	500.0000	0.0000	-5.7154	0.0330	0.0383	0.1015	0.1117	0.9982	0.0496	0.4594	0.1023	8.7183	0.4410	316.9612	12.1719	90.0200	0.4229	0.6869	79.0875
22.4836	0.0000	-0.0020	1.2345	0.0000	13.8650	35.8800	230.8400	0.4252	55.1100	68.6574	NOT CONNECTED	10000.0000	500.0000	0.0000	199.8682	0.2219	0.3046	0.1124	0.1090	0.8697	0.3377	0.9616	0.4368	5.6317	14.3215	315.1113	16.1701	89.9401	1.1379	0.7398	79.2828
22.6767	0.0000	-0.0020	1.2345	0.0000	13.8650	35.8800	230.8400	0.4252	55.1100	68.6574	NOT CONNECTED	10000.0000	500.0000	0.0000	199.8682	0.2219	0.3046	0.1124	0.1090	0.8697	0.3377	0.9616	0.4368	5.6317	14.3215	315.1113	16.1701	89.9401	1.1379	0.7398	79.2828
23.2322	336.0000	-0.1250	0.7727	0.0000	14.4830	15.2500	230.7660	0.1904	24.0600	68.6187	NOT CONNECTED	10000.0000	500.0000	0.0000	530.2767	0.1190	0.1305	0.0933	0.0934	0.3140	0.2099	0.3606	0.3512	1.7587	23.8517	316.8050	9.1575	89.8512	0.4435	0.2893	79.3195
23.2824	336.0000	-0.1250	0.7727	0.0000	14.4830	15.2500	230.7660	0.1904	24.0600	68.6187	NOT CONNECTED	10000.0000	500.0000	0.0000	530.2767	0.1190	0.1305	0.0933	0.0934	0.3140	0.2099	0.3606	0.3512	1.7587	23.8517	316.8050	9.1575	89.8512	0.4435	0.2893	79.3195
23.8867	697.0000	-0.1130	0.2854	0.0000	22.5500	7.3800	230.7390	0.1141	13.3100	68.5400	NOT CONNECTED	10000.0000	500.0000	0.0000	837.7638	0.1499	0.1345	0.0934	0.0935	0.3060	0.2664	0.3178	0.2581	1.9081	35.5847	315.5562	13.8879	89.7186	0.4407	0.2984	79.3195
23.9694	697.0000	-0.1130	0.2854	0.0000	22.5500	7.3800	230.7390	0.1141	13.3100	68.5400	NOT CONNECTED	10000.0000	500.0000	0.0000	837.7638	0.1499	0.1345	0.0934	0.0935	0.3060	0.2664	0.3178	0.2581	1.9081	35.5847	315.5562	13.8879	89.7186	0.4407	0.2984	79.3195
24.4763	1071.0000	-0.1140	0.3036	0.0000	46.2690	15.1600	230.6720	0.1769	22.0000	68.4936	NOT CONNECTED	10000.0000	500.0000	0.0000	1123.5719	0.1562	0.1829	0.0936	0.0936	0.3015	0.2780	0.3388	0.2423	2.3178	47.3290	314.5835	19.1089	89.6043	0.4797	0.3063	79.2836
24.7159	1071.0000	-0.1140	0.3036	0.0000	46.2690	15.1600	230.6720	0.1769	22.0000	68.4936	NOT CONNECTED	10000.0000	500.0000	0.0000	1123.5719	0.1562	0.1829	0.0936	0.0936	0.3015	0.2780	0.3388	0.2423	2.3178	47.3290	314.5835	19.1089	89.6043	0.4797	0.3063	79.2836
25.0832	1071.0000	-0.1140	0.3036	0.0000	46.2690	15.1600	230.6720	0.1769	22.0000	68.4936	NOT CONNECTED	10000.0000	500.0000	0.0000	1429.8725	0.1787	0.1335	0.0934	0.0937	0.3818	0.3140	0.3464	0.2945	2.2519	59.2983	313.5541	24.7208	89.5054	0.4298	0.3156	79.2836
25.4634	1445.0000	-0.1130	0.3100	0.0000	58.3790	19.4100	230.6430	0.2096	26.6900	68.3671	NOT CONNECTED	10000.0000	500.0000	0.0000	1728.5136	0.1207	0.1559	0.0935	0.0934	0.3706	0.2185	0.3541	0.2623	2.4256	71.9652	312.6626	29.7649	89.4082	0.4656	0.3185	79.2347
25.6888	1445.0000	-0.1130	0.3100	0.0000	58.3790	19.4100	230.6430	0.2096	26.6900	68.3671	NOT CONNECTED	10000.0000	500.0000	0.0000	1728.5136	0.1207	0.1559	0.0935	0.0934	0.3706	0.2185	0.3541	0.2623	2.4256	71.9652	312.6626	29.7649	89.4082	0.4656	0.3185	79.2347
26.2097	1819.0000	-0.1170	0.3194	0.0000	82.4030	28.1500	230.5880	0.2739	36.1200	68.2565	NOT CONNECTED	10000.0000	500.0000	0.0000	2036.7585	0.1703	0.1317	0.0935	0.0937	0.4112	0.2986	0.3230	0.2703	2.4273	83.1234	311.6916	35.3849	89.3236	0.4712	0.3267	79.1871
26.2938	1819.0000	-0.1170	0.3194	0.0000	82.4030	28.1500	230.5880	0.2739	36.1200	68.2565	NOT CONNECTED	10000.0000	500.0000	0.0000	2036.7585	0.1703	0.1317	0.0935	0.0937	0.4112	0.2986	0.3230	0.2703	2.4273	83.1234	311.6916	35.3849	89.3236	0.4712	0.3267	79.1871
26.9000	2192.0000	-0.1230	0.3242	0.0000	94.3160	32.7100	230.5630	0.3067	40.9400	68.0891	NOT CONNECTED	10000.0000	500.0000	0.0000	2343.1911	0.1875	0.1277	0.0934	0.0937	0.3577	0.3335	0.3430	0.3113	2.5149	96.1069	310.8951	40.2630	89.2468	0.4578	0.3247	79.1871
26.9563	2192.0000	-0.1230	0.3242	0.0000	94.3160	32.7100	230.5630	0.3067	40.9400	68.0891	NOT CONNECTED	10000.0000	500.0000	0.0000	2343.1911	0.1875	0.1277	0.0934	0.0937	0.3577	0.3335	0.3430	0.3113	2.5149	96.1069	310.8951	40.2630	89.2468	0.4578	0.3247	79.1871
27.5054	2569.0000	-0.1240	0.3327	0.0000	118.4160	42.5100	230.5330	0.3745	51.2700	67.9632	NOT CONNECTED	10000.0000	500.0000	0.0000	2640.4324	0.1872	0.1526	0.0936	0.0937	0.4214	0.3251	0.3873	0.3301	2.4713	106.1268	310.0676	47.0558	89.1766	0.5219	0.3342	79.1411
27.7008	2569.0000	-0.1240	0.3327	0.0000	118.4160	42.5100	230.5330	0.3745	51.2700	67.9632	NOT CONNECTED	10000.0000	500.0000	0.0000	2640.4324	0.1872	0.1526	0.0936	0.0937	0.4214	0.3251	0.3873	0.3301	2.4713	106.1268	310.0676	47.0558	89.1766	0.5219	0.3342	79.1411
28.1100	2938.0000	-0.1280	0.3365	0.0000	130.5930	47.6500	230.5250	0.4088	56.6000	67.8125	NOT CONNECTED	10000.0000	500.0000	0.0000	2945.6660	0.1615	0.1427	0.0934	0.0936	0.4143	0.2908	0.3173	0.4236	3.4148	120.9338	309.2360	53.4972	89.1101	0.4559	0.3411	79.1411
28.4561	2938.0000	-0.1280	0.3365	0.0000	130.5930	47.6500	230.5250	0.4088	56.6000	67.8125	NOT CONNECTED	10000.0000	500.0000	0.0000	3238.7476	0.1493	0.1750	0.0936	0.0935	0.3701	0.2624	0.3179	0.3268	0.6446	129.0116	308.4927	58.3734	89.0520	0.4511	0.3466	79.0971
28.7162	2938.0000	-0.1280	0.3365	0.0000	130.5930	47.6500	230.5250	0.4088	56.6000	67.8125	NOT CONNECTED	10000.0000	500.0000	0.0000	3238.7476	0.1493	0.1750	0.0936	0.0935	0.3701	0.2624	0.3179	0.3268	0.6446	129.0116	308.4927	58.3734	89.0520	0.4511	0.3466	79.0971
29.1855	3304.0000	-0.1340	0.3452	0.0000	154.7580	58.4200	230.5260	0.4794	67.7400	67.6338	NOT CONNECTED	10000.0000	500.0000	0.0000	3542.3685	0.1827	0.1750	0.0938	0.0937	0.4177	0.3235	0.3914	0.3586	2.6543	141.8139	307.6791	66.2372	88.9987	0.5563	0.3501	79.0550
29.3221	3304.0000	-0.1340	0.3452	0.0000	154.7580	58.4200	230.5260	0.4794	67.7400	67.6338	NOT CONNECTED	10000.0000	500.0000	0.0000	3542.3685	0.1827	0.1750	0.0938	0.0937	0.4177	0.3235	0.3914	0.3586	2.6543	141.8139	307.6791	66.2372	88.9987	0.5563	0.3501	79.0550
29.9226	3671.0000	-0.1360	0.3486	0.0000	166.6970	63.9100	230.5350	0.5144	73.3400	67.4586	NOT CONNECTED	10000.0000	500.0000	0.0000	3842.8566	0.1162	0.1834	0.0936	0.0933	0.3800	0.1915	0.3861	0.3790	4.2401	148.1842	307.0168	72.0125	88.9496	0.5447	0.3462	79.0550
29.9270	3671.0000	-0.1360	0.3486	0.0000	166.6970	63.9100	230.5350	0.5144	73.3400	67.4586	NOT CONNECTED	10000.0000	500.0000	0.0000	3842.8566	0.1162	0.1834	0.0936	0.0933	0.3800	0.1915	0.3861	0.3790	4.2401	148.1842	307.0168	72.0125	88.9496	0.5447	0.3462	79.0550
30.5325	4040.0000	-0.1390	0.3579	0.0000	191.1670	75.5400	230.5680	0.5870	85.1800	67.2724	NOT CONNECTED	10000.0000	500.0000	0.0000	4146.7683	0.1855	0.1774	0.0938	0.0937	0.4173	0.2837	0.2970	0.3014	8.3983	165.6822	306.4266	82.7235	88.9039	0.4499	0.3581	79.0160
30.6697	4040.0000	-0.1390	0.3579	0.0000	191.1670	75.5400	230.5680	0.5870	85.1800	67.2724	NOT CONNECTED	10000.0000	500.0000	0.0000	4146.7683	0.1855	0.1774	0.0938	0.0937	0.4173	0.2837	0.2970	0.3014	8.3983	165.6822	306.4266	82.7235	88.9039	0.4499	0.3581	79.0160
31.1378	4417.0000	-0.1420	0.3663	0.0000	203.7420	82.0200	230.5920	0.6244	91.2700	67.0877	NOT CONNECTED	10000.0000	500.0000	0.0000	4444.7593	0.1811	0.2013	0.0909	0.0916	0.4000	0.3317	0.1893	0.3892	-8.3662	171.0238	305.8971	88.1186	88.8605	0.3629	0.3653	79.0160
31.4086	4417.0000	-0.1420	0.3663	0.0000	203.7420	82.0200	230.5920	0.6244	91.2700	67.0877	NOT CONNECTED	10000.0000	500.0000	0.0000	4444.7593	0.1811	0.2013	0.0909	0.0916	0.4000	0.3317	0.1893	0.3892	-8.3662	171.0238	305.8971	88.1186	88.8605	0.3629	0.3653	79.0160
32.1637	4794.0000	-0.1460	0.2654	0.0000	212.4500	91.0200	230.6540	0.6737	99.4500	66.9495	NOT CONNECTED	10000.0000	500.0000	0.0000	5005.4698	0.1869	0.1934	0.0803	0.0801	-0.1754	0.3721	-0.2296	0.2819	2.0758	172.1602	305.1915	98.7296	88.7769	0.4216	0.2609	78.9456
32.2533	4794.0000	-0.1460	0.2654	0.0000	212.4500	91.0200	230.6540	0.6737	99.4500	66.9495	NOT CONNECTED	10000.0000	500.0000	0.0000	5005.4698	0.1869	0.1934	0.0803	0.0801	-0.1754	0.3721	-0.2296	0.2819	2.0758	172.1602	305.1915	98.7296	88.7769	0.4216	0.2609	78.9456
32.8589	5162.0000	-0.1480	0.2703	0.0000	212.7680	95.9400	230.6860	0.7034	104.4000	66.7606	NOT CONNECTED	10000.0000	500.0000	0.0000	5309.1513	0.1836	0.1916	0.0765	0.0760	-0.3456	0.4104	-0.4567	0.3753	-3.8959	173.0181	304.5757	105.7873	88.7335	0.5248	0.3354	78.9456
32.9072	5162.0000	-0.1480	0.2703	0.0000	212.7680	95.9400	230.6860	0.7034	104.4000	66.7606	NOT CONNECTED	10000.0000	500.0000	0.0000	5309.1513	0.1836	0.1916	0.0765	0.0760	-0.3456	0.4104	-0.4567	0.3753	-3.8959	173.0181	304.5757	105.7873	88.7335	0.5248	0.3354	78.9456
33.4488	5541.0000	-0.1470	0.4174	0.0000	212.7080	108.0300	230.7500	0.7816	117.5300	66.5871	NOT CONNECTED	10000.0000	500.0000	0.0000	5612.1083	0.1414	0.1717	0.0728	0.0720	-0.5412	0.3317	-0.5891	0.3045	2.3415	165.4619	304.0190	114.3293	88.7056	0.6194	0.4102	78.7190
33.6511	5541.0000	-0.1470	0.4174	0.0000	212.7080	108.0300	230.7500	0.7816	117.5300	66.5871	NOT CONNECTED	10000.0000	500.0000	0.0000	5612.1083	0.1414	0.1717	0.0728	0.0720	-0.5412	0.3317	-0.5891	0.3045	2.3415	165.4619	304.0190	114.3293	88.7056	0.6194	0.4102	78.7190
34.0552	5909.0000	-0.1510	0.5073	0.0000	212.5780	115.0500	230.7810	0.8279	125.3500	66.4129	NOT CONNECTED	10000.0000	500.0000	0.0000	5908.4524	0.1554	0.1875	0.0688	0.0678	-0.7432	0.3931	-0.8293	0.3449	-10.8590	174.2016	303.2251	125.7619	88.6898	0.7532	0.5468	78.7190
34.4014	5909.0000	-0.1510	0.5073	0.0000	212.5780	115.0500	230.7810	0.8279	125.3500	66.4129	NOT CONNECTED	10000.0000	500.0000	0.0000	6221.1890	0.1502	0.1457	0.0642	0.0639	-0.8482	0.3898	-0.9143	0.2803	1.4933	167.5226	302.6875	136.4764	88.6932	0.8915	0.6399	78.5024
34.6603	5909.0000	-0.1510	0.5073	0.0000	212.5780	115.0500	230.7810	0.8279	125.3500	66.4129	NOT CONNECTED	10000.0000	500.0000	0.0000	6221.1890	0.1502	0.1457	0.0642	0.0639	-0.8482	0.3898	-0.9143	0.2803	1.4933	167.5226	302.6875	136.4764	88.6932	0.8915	0.6399	78.5024
35.1633	6272.0000	-0.1520	0.6838	0.0000	212.2200	130.6800	230.8290	0.9274	142.4200	66.2631	NOT CONNECTED	10000.0000	500.0000	0.0000	6530.2128	0.2060	0.1236	0.0621	0.0617	-1.4875	0.5447	-1.3794	0.2034	1.5303	155.9105	301.6770	149.1844	88.7142	0.7793	0.8026	78.3029
35.2660	6272.0000	-0.1520	0.6838	0.0000	212.2200	130.6800	230.8290	0.9274	142.4200	66.2631	NOT CONNECTED	10000.0000	500.0000	0.0000	6530.2128	0.2060	0.1236	0.0621	0.0617	-1.4875	0.5447	-1.3794	0.2034	1.5303	155.9105	301.6770	149.1844	88.7142	0.7793	0.8026	78.3029
35.8706	6651.0000	-0.1570	0.7942	0.0000	211.4280	140.2400	230.8480	0.9872	152.7300	66.1305	NOT CONNECTED	10000.0000	500.0000	0.0000	6814.0258	0.1946	0.1944	0.0574	0.0576	-1.1167	0.5744	-1.2367	0.3607	-13.2782	162.5922	301.1911	158.3109	88.7626	1.4050	0.8619	78.3029
35.9044	6651.0000	-0.1570	0.7942	0.0000	211.4280	140.2400	230.8480	0.9872	152.7300	66.1305	NOT CONNECTED	10000.0000	500.0000	0.0000	6814.0258	0.1946	0.1944	0.0574	0.0576	-1.1167	0.5744	-1.2367	0.3607	-13.2782	162.5922	301.1911	158.3109	88.7626	1.4050	0.8619	78.3029
36.4761	7029.0000	-0.1570	0.9058	0.0000	211.4590	157.3800	230.8820	1.0953	171.5300	66.0100	NOT CONNECTED	10000.0000	500.0000	0.0000	7117.3430	0.2271	0.1957	0.0575	0.0563	-1.1686	0.6891	-1.2299	0.4003	-7.6428	169.6877	300.2766	174.2081	88.8220	1.3371	0.9040	78.1224
36.6498	7029.0000	-0.1570	0.9058	0.0000	211.4590	157.3800	230.8820	1.0953	171.5300	66.0100	NOT CONNECTED	10000.0000	500.0000	0.0000	7117.3430	0.2271	0.1957	0.0575	0.0563	-1.1686	0.6891	-1.2299	0.4003	-7.6428	169.6877	300.2766	174.2081	88.8220	1.3371	0.9040	78.1224
37.0817	7400.0000	-0.1630	0.9780	0.0000	211.1070	169.6300	230.8890	1.1706	184.7600	65.9519	NOT CONNECTED	10000.0000	500.0000	0.0000	7415.7096	0.2190	0.2040	0.0512	0.0517	-1.3895	0.7128	-1.4582	0.3108	-11.1635	171.7617	299.7982	184.2427	88.8961	1.5181	1.0067	78.1224
37.3955	7400.0000	-0.1630	0.9780	0.0000	211.1070	169.6300	230.8890	1.1706	184.7600	65.9519	NOT CONNECTED	10000.0000	500.0000	0.0000	7717.0271	0.1929	0.2049	0.0506	0.0512	-1.5255	0.6368	-1.4737	0.3098	-5.9020	172.1850	299.2870	194.5623	88.9833	1.5712	1.0672	77.9636
37.6876	7400.0000	-0.1630	0.9780	0.0000	211.1070	169.6300	230.8890	1.1706	184.7600	65.9519	NOT CONNECTED	10000.0000	500.0000	0.0000	7717.0271	0.1929	0.2049	0.0506	0.0512	-1.5255	0.6368	-1.4737	0.3098	-5.9020	172.1850	299.2870	194.5623	88.9833	1.5712	1.0672	77.9636
38.2937	8025.0000	-0.1670	1.1499	0.0000	210.5970	193.9200	230.8950	1.3203	211.1300	65.8810	NOT CONNECTED	10000.0000	500.0000	0.0000	8018.9408	0.2156	0.2073	0.0468	0.0473	-1.6514	0.7738	-1.7430	0.3250	-16.8202	169.6585	298.5839	207.8588	89.0827	1.8186	1.1258	77.8305
38.6534	8025.0000	-0.1670	1.1499	0.0000	210.5970	193.9200	230.8950	1.3203	211.1300	65.8810	NOT CONNECTED	10000.0000	500.0000	0.0000	8329.7190	0.1985	0.2003	0.0464	0.0470	-1.6193	0.6945	-1.7103	0.3795	-22.1132	161.5330	298.1479	218.5236	89.1955	1.7427	1.2430	77.8305
38.8980	8025.0000	-0.1670	1.1499	0.0000	210.5970	193.9200	230.8950	1.3203	211.1300	65.8810	NOT CONNECTED	10000.0000	500.0000	0.0000	8329.7190	0.1985	0.2003	0.0464	0.0470	-1.6193	0.6945	-1.7103	0.3795	-22.1132	161.5330	298.1479	218.5236	89.1955	1.7427	1.2430	77.8305
39.3979	8389.0000	-0.1700	1.2032	0.0000	210.3900	203.6800	230.8820	1.3796	221.6300	65.8585	NOT CONNECTED	10000.0000	500.0000	0.0000	8624.5168	0.2024	0.2047	0.0445	0.0454	-1.7762	0.7580	-1.8003	0.3903	-13.9704	162.1755	297.4807	231.8152	89.3262	1.9547	1.2576	77.7146
39.4881	8389.0000	-0.1700	1.2032	0.0000	210.3900	203.6800	230.8820	1.3796	221.6300	65.8585	NOT CONNECTED	10000.0000	500.0000	0.0000	8624.5168	0.2024	0.2047	0.0445	0.0454	-1.7762	0.7580	-1.8003	0.3903	-13.9704	162.1755	297.4807	231.8152	89.3262	1.9547	1.2576	77.7146
40.0774	8774.0000	-0.1720	1.3021	0.0000	209.8750	224.0200	230.8460	1.5030	243.5300	65.8397	NOT CONNECTED	10000.0000	500.0000	0.0000	8911.5750	0.2207	0.2151	0.0421	0.0441	-1.7266	0.8252	-2.0238	0.3516	-17.0875	164.6371	296.9646	244.0240	89.4517	2.0149	1.3072	77.7146
40.1606	8774.0000	-0.1720	1.3021	0.0000	209.8750	224.0200	230.8460	1.5030	243.5300	65.8397	NOT CONNECTED	10000.0000	500.0000	0.0000	8911.5750	0.2207	0.2151	0.0421	0.0441	-1.7266	0.8252	-2.0238	0.3516	-17.0875	164.6371	296.9646	244.0240	89.4517	2.0149	1.3072	77.7146
40.6674	9150.0000	-0.1780	1.3470	0.0000	209.6160	234.0600	230.8140	1.5631	254.2800	65.8996	NOT CONNECTED	10000.0000	500.0000	0.0000	9207.2862	0.2322	0.2177	0.0408	0.0422	-1.8963	1.0214	-2.0084	0.3665	-18.2682	164.5769	296.4203	258.9036	89.5914	2.1492	1.3739	77.6244
40.9038	9150.0000	-0.1780	1.3470	0.0000	209.6160	234.0600	230.8140	1.5631	254.2800	65.8996	NOT CONNECTED	10000.0000	500.0000	0.0000	9207.2862	0.2322	0.2177	0.0408	0.0422	-1.8963	1.0214	-2.0084	0.3665	-18.2682	164.5769	296.4203	258.9036	89.5914	2.1492	1.3739	77.6244
41.2721	9150.0000	-0.1780	1.3470	0.0000	209.6160	234.0600	230.8140	1.5631	254.2800	65.8996	NOT CONNECTED	10000.0000	500.0000	0.0000	9506.1808	0.2375	0.2240	0.0419	0.0386	-2.0846	1.0754	-2.1072	0.3560	0.2254	174.6815	295.8861	273.7422	89.7394	1.9520	1.4142	77.5601
41.6549	9527.0000	-0.1810	1.4322	0.0000	209.2060	255.4300	230.7450	1.6908	277.0800	65.9722	NOT CONNECTED	10000.0000	500.0000	0.0000	9818.4068	0.2223	0.2136	0.0381	0.0392	-1.9129	0.9865	-2.2789	0.3442	-4.0590	165.8050	295.3182	284.8963	89.8968	2.1198	1.4784	77.5601
41.8797	9527.0000	-0.1810	1.4322	0.0000	209.2060	255.4300	230.7450	1.6908	277.0800	65.9722	NOT CONNECTED	10000.0000	500.0000	0.0000	9818.4068	0.2223	0.2136	0.0381	0.0392	-1.9129	0.9865	-2.2789	0.3442	-4.0590	165.8050	295.3182	284.8963	89.8968	2.1198	1.4784	77.5601
42.3967	9887.0000	-0.1830	1.4723	0.0000	209.0770	265.9900	230.7030	1.7539	288.3700	66.0074	NOT CONNECTED	10000.0000	500.0000	0.0000	10033.1051	0.0716	0.1512	0.0400	0.0389	-1.8422	0.2262	-2.4482	0.1746	-14.0525	180.6450	299.7962	197.2455	90.0729	1.6131	1.4935	77.5119
42.4845	9887.0000	-0.1830	1.4723	0.0000	209.0770	265.9900	230.7030	1.7539	288.3700	66.0074	NOT CONNECTED	10000.0000	500.0000	0.0000	10033.1051	0.0716	0.1512	0.0400	0.0389	-1.8422	0.2262	-2.4482	0.1746	-14.0525	180.6450	299.7962	197.2455	90.0729	1.6131	1.4935	77.5119
43.0739	10025.0000	-0.1000	1.4586	0.0000	212.9990	170.2500	230.7110	1.1928	187.2600	66.0858	NOT CONNECTED	10000.0000	500.0000	0.0000	10029.3329	0.1678	0.0953	0.0387	0.0388	-1.5779	0.5866	-1.6567	0.0922	-2.4810	183.8742	300.7657	188.1321	90.2003	2.6344	1.4368	77.5119
43.1634	10025.0000	-0.1000	1.4586	0.0000	212.9990	170.2500	230.7110	1.1928	187.2600	66.0858	NOT CONNECTED	10000.0000	500.0000	0.0000	10029.3329	0.1678	0.0953	0.0387	0.0388	-1.5779	0.5866	-1.6567	0.0922	-2.4810	183.8742	300.7657	188.1321	90.2003	2.6344	1.4368	77.5119
43.6641	10006.0000	-0.1080	1.4583	0.0000	212.7160	171.8300	230.6380	1.1970	188.0500	66.2329	NOT CONNECTED	10000.0000	500.0000	0.0000	10024.2948	0.1090	0.0999	0.0386	0.0385	-2.2942	0.5776	-2.0130	0.0833	-10.4908	186.2048	300.2708	198.0984	90.3069	1.9254	1.4083	77.4825
44.0111	10006.0000	-0.1080	1.4583	0.0000	212.7160	171.8300	230.6380	1.1970	188.0500	66.2329	NOT CONNECTED	10000.0000	500.0000	0.0000	10012.0959	0.1616	0.1162	0.0399	0.0396	-1.6997	0.6490	-1.5830	0.1958	-4.3131	169.0707	300.2930	198.1789	90.3927	2.6534	1.4166	77.4525
44.2700	10006.0000	-0.1080	1.4583	0.0000	212.7160	171.8300	230.6380	1.1970	188.0500	66.2329	NOT CONNECTED	10000.0000	500.0000	0.0000	10012.0959	0.1616	0.1162	0.0399	0.0396	-1.6997	0.6490	-1.5830	0.1958	-4.3131	169.0707	300.2930	198.1789	90.3927	2.6534	1.4166	77.4525
44.7648	9997.0000	-0.1090	1.4504	0.0000	212.1980	179.0300	230.5410	1.2424	196.0500	66.3177	NOT CONNECTED	10000.0000	500.0000	0.0000	10003.8673	0.1992	0.1269	0.0406	0.0392	-2.0848	0.9571	-2.3520	0.3610	-17.8130	153.2858	300.1984	183.7974	90.4757	2.1634	1.4394	77.4525
44.8584	9997.0000	-0.1090	1.4504	0.0000	212.1980	179.0300	230.5410	1.2424	196.0500	66.3177	NOT CONNECTED	10000.0000	500.0000	0.0000	10003.8673	0.1992	0.1269	0.0406	0.0392	-2.0848	0.9571	-2.3520	0.3610	-17.8130	153.2858	300.1984	183.7974	90.4757	2.1634	1.4394	77.4525
45.4643	10007.0000	-0.1090	1.4501	0.0000	212.2070	178.5300	230.5090	1.2402	195.5700	66.3715	NOT CONNECTED	10000.0000	500.0000	0.0000	10002.5886	0.0831	0.1285	0.0406	0.0387	-2.2216	0.4035	-2.3292	0.1258	-20.4682	180.8109	300.2364	185.8022	90.5600	2.1409	1.4543	77.4082
45.5038	10007.0000	-0.1090	1.4501	0.0000	212.2070	178.5300	230.5090	1.2402	195.5700	66.3715	NOT CONNECTED	10000.0000	500.0000	0.0000	10002.5886	0.0831	0.1285	0.0406	0.0387	-2.2216	0.4035	-2.3292	0.1258	-20.4682	180.8109	300.2364	185.8022	90.5600	2.1409	1.4543	77.4082
46.0702	9988.0000	-0.1080	1.4510	0.0000	212.1600	178.7100	230.4690	1.2408	195.6300	66.4800	NOT CONNECTED	10000.0000	500.0000	0.0000	10026.0900	0.0640	0.0980	0.0395	0.0394	-1.7402	0.0995	-1.7234	0.0567	-15.8365	180.5874	300.2270	185.0100	90.6454	2.3524	1.4548	77.4082
46.3528	9988.0000	-0.1080	1.4510	0.0000	212.1600	178.7100	230.4690	1.2408	195.6300	66.4800	NOT CONNECTED	10000.0000	500.0000	0.0000	10026.0900	0.0640	0.0980	0.0395	0.0394	-1.7402	0.0995	-1.7234	0.0567	-15.8365	180.5874	300.2270	185.0100	90.6454	2.3524	1.4548	77.4082
46.6597	9988.0000	-0.1080	1.4510	0.0000	212.1600	178.7100	230.4690	1.2408	195.6300	66.4800	NOT CONNECTED	10000.0000	500.0000	0.0000	9971.0720	0.1446	0.1715	0.0398	0.0390	-2.3237	0.7873	-1.7969	0.2852	-24.3758	164.6568	300.0805	197.6826	90.7184	2.4455	1.4409	77.3662
47.0871	9989.0000	-0.1120	1.4536	0.0000	212.0750	179.5600	230.4630	1.2457	196.4200	66.5903	NOT CONNECTED	10000.0000	500.0000	0.0000	10028.1532	0.0971	0.1006	0.0396	0.0391	-1.6190	0.2661	-2.2433	0.2785	-32.1373	167.9065	299.8114	205.7128	90.7675	2.5228	1.3971	77.3283
47.2655	9989.0000	-0.1120	1.4536	0.0000	212.0750	179.5600	230.4630	1.2457	196.4200	66.5903	NOT CONNECTED	10000.0000	500.0000	0.0000	10028.1532	0.0971	0.1006	0.0396	0.0391	-1.6190	0.2661	-2.2433	0.2785	-32.1373	167.9065	299.8114	205.7128	90.7675	2.5228	1.3971	77.3283
47.8548	9998.0000	-0.1130	1.4564	0.0000	212.1520	186.1900	230.4750	1.2849	203.4200	66.7071	NOT CONNECTED	10000.0000	500.0000	0.0000	10011.6087	0.1967	0.1267	0.0395	0.0393	-2.0249	0.7923	-2.4652	0.2602	-9.8295	158.8552	299.5184	214.5201	90.8240	1.9146	1.4748	77.3283
47.9474	9998.0000	-0.1130	1.4564	0.0000	212.1520	186.1900	230.4750	1.2849	203.4200	66.7071	NOT CONNECTED	10000.0000	500.0000	0.0000	10011.6087	0.1967	0.1267	0.0395	0.0393	-2.0249	0.7923	-2.4652	0.2602	-9.8295	158.8552	299.5184	214.5201	90.8240	1.9146	1.4748	77.3283
48.4596	9990.0000	-0.1280	1.4489	0.0000	211.9230	196.8100	230.5240	1.3470	214.4300	66.8110	NOT CONNECTED	10000.0000	500.0000	0.0000	10014.7082	0.0988	0.1312	0.0393	0.0386	-1.9211	0.4067	-2.0805	0.2638	-18.1013	170.4661	299.2404	226.6062	90.8963	2.4032	1.4634	77.2847
48.6857	9990.0000	-0.1280	1.4489	0.0000	211.9230	196.8100	230.5240	1.3470	214.4300	66.8110	NOT CONNECTED	10000.0000	500.0000	0.0000	10014.7082	0.0988	0.1312	0.0393	0.0386	-1.9211	0.4067	-2.0805	0.2638	-18.1013	170.4661	299.2404	226.6062	90.8963	2.4032	1.4634	77.2847
49.0500	9990.0000	-0.1280	1.4489	0.0000	211.9230	196.8100	230.5240	1.3470	214.4300	66.8110	NOT CONNECTED	10000.0000	500.0000	0.0000	10008.4683	0.1629	0.1473	0.0403	0.0389	-2.0186	0.6549	-1.8438	0.2776	-23.3265	167.6589	298.7216	228.9538	90.9447	1.9055	1.4714	77.2847
49.4265	9998.0000	-0.1400	1.4742	0.0000	211.2040	206.9900	230.5560	1.4078	225.2000	66.8984	NOT CONNECTED	10000.0000	500.0000	0.0000	10009.5396	0.1375	0.1529	0.0379	0.0398	-2.2321	0.6751	-1.7591	0.2178	-26.5017	176.8726	298.6014	218.6186	90.9901	2.3109	1.4755	77.2512
49.6559	9998.0000	-0.1400	1.4742	0.0000	211.2040	206.9900	230.5560	1.4078	225.2000	66.8984	NOT CONNECTED	10000.0000	500.0000	0.0000	10009.5396	0.1375	0.1529	0.0379	0.0398	-2.2321	0.6751	-1.7591	0.2178	-26.5017	176.8726	298.6014	218.6186	90.9901	2.3109	1.4755	77.2512
50.2604	10004.0000	-0.1490	1.4600	0.0000	211.3560	216.0100	230.6360	1.4611	234.6500	67.0194	NOT CONNECTED	10000.0000	500.0000	0.0000	9994.9837	0.1744	0.1803	0.0370	0.0382	-1.9508	0.7631	-2.1977	0.2762	-17.9808	166.6047	297.9757	230.5259	91.0451	2.0647	1.4319	77.2239
50.2834	10004.0000	-0.1490	1.4600	0.0000	211.3560	216.0100	230.6360	1.4611	234.6500	67.0194	NOT CONNECTED	10000.0000	500.0000	0.0000	9994.9837	0.1744	0.1803	0.0370	0.0382	-1.9508	0.7631	-2.1977	0.2762	-17.9808	166.6047	297.9757	230.5259	91.0451	2.0647	1.4319	77.2239
50.8666	9986.0000	-0.1630	1.4788	0.0000	210.9840	226.6400	230.6760	1.5221	245.6200	67.1099	NOT CONNECTED	10000.0000	500.0000	0.0000	9976.7943	0.1838	0.2175	0.0400	0.0394	-2.0488	0.7890	-1.8753	0.2990	-2.3596	168.2085	297.1914	257.9860	91.0947	2.4867	1.5415	77.2239
51.0242	9986.0000	-0.1630	1.4788	0.0000	210.9840	226.6400	230.6760	1.5221	245.6200	67.1099	NOT CONNECTED	10000.0000	500.0000	0.0000	9976.7943	0.1838	0.2175	0.0400	0.0394	-2.0488	0.7890	-1.8753	0.2990	-2.3596	168.2085	297.1914	257.9860	91.0947	2.4867	1.5415	77.2239
51.4720	10003.0000	-0.1810	1.5092	0.0000	209.9360	252.4700	230.7460	1.6751	273.1700	67.2033	NOT CONNECTED	10000.0000	500.0000	0.0000	10002.6352	0.2018	0.1948	0.0364	0.0376	-2.0641	0.9203	-2.1793	0.3112	-15.3671	166.6753	297.0578	254.9114	91.1590	2.0689	1.4777	77.1912
51.7643	10003.0000	-0.1810	1.5092	0.0000	209.9360	252.4700	230.7460	1.6751	273.1700	67.2033	NOT CONNECTED	10000.0000	500.0000	0.0000	10002.6352	0.2018	0.1948	0.0364	0.0376	-2.0641	0.9203	-2.1793	0.3112	-15.3671	166.6753	297.0578	254.9114	91.1590	2.0689	1.4777	77.1912
52.0780	10003.0000	-0.1810	1.5092	0.0000	209.9360	252.4700	230.7460	1.6751	273.1700	67.2033	NOT CONNECTED	10000.0000	500.0000	0.0000	9980.5443	0.1875	0.2308	0.0363	0.0393	-1.5503	0.6587	-2.4952	0.2968	-26.6597	172.5269	296.7936	284.3006	91.2079	2.7505	1.4667	77.1912
52.6564	9995.0000	-0.1900	1.5075	0.0000	210.0490	258.2000	230.7790	1.7078	279.0700	67.2987	NOT CONNECTED	10000.0000	500.0000	0.0000	10017.7868	0.1816	0.1925	0.0406	0.0368	-2.1756	0.8434	-2.2380	0.3110	-28.2524	173.6042	295.9951	299.5587	91.2568	2.5113	1.4925	77.1640
52.6838	9995.0000	-0.1900	1.5075	0.0000	210.0490	258.2000	230.7790	1.7078	279.0700	67.2987	NOT CONNECTED	10000.0000	500.0000	0.0000	10017.7868	0.1816	0.1925	0.0406	0.0368	-2.1756	0.8434	-2.2380	0.3110	-28.2524	173.6042	295.9951	299.5587	91.2568	2.5113	1.4925	77.1640
53.2725	9987.0000	-0.2070	1.5164	0.0000	209.5280	275.6500	230.8290	1.8097	297.4900	67.4255	0.0000	10000.0000	500.0000	0.0000	10015.5708	0.2859	0.2096	0.0397	0.0363	-2.0139	1.3336	-1.9174	0.2770	-13.1812	175.8540	295.7592	301.9295	91.3088	1.7988	1.5193	77.1455
53.4089	9987.0000	-0.2070	1.5164	0.0000	209.5280	275.6500	230.8290	1.8097	297.4900	67.4255	0.0000	10000.0000	500.0000	0.0000	10015.5708	0.2859	0.2096	0.0397	0.0363	-2.0139	1.3336	-1.9174	0.2770	-13.1812	175.8540	295.7592	301.9295	91.3088	1.7988	1.5193	77.1455
53.8626	9991.0000	-0.2180	1.5481	0.0000	208.9270	299.9800	230.8490	1.9519	323.4000	67.5564	0.0000	10000.0000	500.0000	0.0000	9971.2282	0.2833	0.2773	0.0379	0.0357	-2.3539	1.5218	-1.7941	0.3974	-20.4438	158.9211	295.4886	328.1568	91.3608	2.2316	1.5348	77.1455
54.1628	9991.0000	-0.2180	1.5481	0.0000	208.9270	299.9800	230.8490	1.9519	323.4000	67.5564	0.0000	10000.0000	500.0000	0.0000	9971.2282	0.2833	0.2773	0.0379	0.0357	-2.3539	1.5218	-1.7941	0.3974	-20.4438	158.9211	295.4886	328.1568	91.3608	2.2316	1.5348	77.1455
54.4687	9991.0000	-0.2180	1.5481	0.0000	208.9270	299.9800	230.8490	1.9519	323.4000	67.5564	0.0000	10000.0000	500.0000	0.0000	9996.2181	0.2301	0.2514	0.0362	0.0384	-1.8209	0.9063	-2.1199	0.4596	-18.6387	162.5103	295.3533	326.1038	91.4340	2.3075	1.5246	77.1215
54.9044	9989.0000	-0.2270	1.5410	0.0000	208.9600	303.2900	230.8520	1.9716	326.9200	67.6456	0.0000	10000.0000	500.0000	0.0000	9984.5892	0.2803	0.2702	0.0377	0.0362	-2.3221	1.4655	-2.1694	0.2848	-9.5399	184.4914	295.2561	328.5902	91.4757	2.0202	1.5446	77.1215
55.0744	9989.0000	-0.2270	1.5410	0.0000	208.9600	303.2900	230.8520	1.9716	326.9200	67.6456	0.0000	10000.0000	500.0000	0.0000	9984.5892	0.2803	0.2702	0.0377	0.0362	-2.3221	1.4655	-2.1694	0.2848	-9.5399	184.4914	295.2561	328.5902	91.4757	2.0202	1.5446	77.1215
55.6564	10002.0000	-0.2290	1.5621	0.0000	208.4470	311.2400	230.8260	2.0174	335.1000	67.7873	0.0000	10000.0000	500.0000	0.0000	9997.0364	0.2636	0.2554	0.0397	0.0380	-1.7780	1.0938	-2.0011	0.3770	0.7403	166.0071	295.2831	320.3108	91.5339	2.2877	1.5581	77.1043
55.6795	10002.0000	-0.2290	1.5621	0.0000	208.4470	311.2400	230.8260	2.0174	335.1000	67.7873	0.0000	10000.0000	500.0000	0.0000	9997.0364	0.2636	0.2554	0.0397	0.0380	-1.7780	1.0938	-2.0011	0.3770	0.7403	166.0071	295.2831	320.3108	91.5339	2.2877	1.5581	77.1043
56.2853	10002.0000	-0.2320	1.5457	0.0000	209.2940	310.7100	230.8070	2.0146	334.4700	67.8793	1.0000	10000.0000	500.0000	0.0000	9985.1313	0.2247	0.2739	0.0356	0.0378	-1.7335	0.9191	-2.3670	0.3399	-20.7425	179.1053	295.1537	321.9585	91.5911	2.4131	1.5565	77.0996
56.4055	10002.0000	-0.2320	1.5457	0.0000	209.2940	310.7100	230.8070	2.0146	334.4700	67.8793	1.0000	10000.0000	500.0000	0.0000	9985.1313	0.2247	0.2739	0.0356	0.0378	-1.7335	0.9191	-2.3670	0.3399	-20.7425	179.1053	295.1537	321.9585	91.5911	2.4131	1.5565	77.0996
56.8899	9990.0000	-0.2340	1.5708	0.0000	208.4470	316.1100	230.7450	2.0454	339.9000	67.9992	1.0000	10000.0000	500.0000	0.0000	9985.3178	0.2621	0.2744	0.0368	0.0375	-2.0773	1.2138	-2.1316	0.4561	-2.8340	162.1184	295.2221	332.5141	91.6425	2.4917	1.6272	77.0996
57.2565	9990.0000	-0.2340	1.5708	0.0000	208.4470	316.1100	230.7450	2.0454	339.9000	67.9992	1.0000	10000.0000	500.0000	0.0000	10009.9254	0.2379	0.2440	0.0389	0.0391	-2.0772	1.0733	-2.1937	0.4237	-31.4249	162.6365	295.1169	323.7375	91.7125	2.2725	1.5685	77.0854
57.4966	9990.0000	-0.2340	1.5708	0.0000	208.4470	316.1100	230.7450	2.0454	339.9000	67.9992	1.0000	10000.0000	500.0000	0.0000	10009.9254	0.2379	0.2440	0.0389	0.0391	-2.0772	1.0733	-2.1937	0.4237	-31.4249	162.6365	295.1169	323.7375	91.7125	2.2725	1.5685	77.0854
58.0055	9998.0000	-0.2330	1.5487	0.0000	209.2350	314.6800	230.7110	2.0380	338.3700	68.1012	1.0000	10000.0000	500.0000	0.0000	9997.4712	0.2715	0.2608	0.0394	0.0368	-1.9012	1.1711	-2.0751	0.3918	-28.6855	164.1690	295.1993	317.8266	91.7622	2.2573	1.5693	77.0854
58.1022	9998.0000	-0.2330	1.5487	0.0000	209.2350	314.6800	230.7110	2.0380	338.3700	68.1012	1.0000	10000.0000	500.0000	0.0000	9997.4712	0.2715	0.2608	0.0394	0.0368	-1.9012	1.1711	-2.0751	0.3918	-28.6855	164.1690	295.1993	317.8266	91.7622	2.2573	1.5693	77.0854
58.7078	9998.0000	-0.2330	1.5541	0.0000	208.6470	316.2400	230.6280	2.0480	339.9900	68.2051	1.0000	10000.0000	500.0000	0.0000	10007.5789	0.2365	0.2479	0.0348	0.0390	-1.7859	0.9203	-2.3449	0.4013	-21.1705	168.9781	295.1748	316.5563	91.8068	2.2738	1.5707	77.0734
58.7528	9998.0000	-0.2330	1.5541	0.0000	208.6470	316.2400	230.6280	2.0480	339.9900	68.2051	1.0000	10000.0000	500.0000	0.0000	10007.5789	0.2365	0.2479	0.0348	0.0390	-1.7859	0.9203	-2.3449	0.4013	-21.1705	168.9781	295.1748	316.5563	91.8068	2.2738	1.5707	77.0734
59.3129	10001.0000	-0.2340	1.5551	0.0000	208.5340	317.1200	230.5820	2.0529	340.8000	68.2772	1.0000	10000.0000	500.0000	0.0000	9996.1260	0.2496	0.2627	0.0375	0.0362	-1.9726	1.1142	-2.2017	0.4176	-0.8969	171.5065	295.0760	317.0299	91.8446	2.3035	1.5612	77.0624
59.4897	10001.0000	-0.2340	1.5551	0.0000	208.5340	317.1200	230.5820	2.0529	340.8000	68.2772	1.0000	10000.0000	500.0000	0.0000	9996.1260	0.2496	0.2627	0.0375	0.0362	-1.9726	1.1142	-2.2017	0.4176	-0.8969	171.5065	295.0760	317.0299	91.8446	2.3035	1.5612	77.0624
59.9186	10005.0000	-0.2340	1.5555	0.0000	208.4930	317.3300	230.4970	2.0549	340.8400	68.3854	1.0000	10000.0000	500.0000	0.0000	10002.9756	0.2592	0.2541	0.0367	0.0384	-1.8803	1.2027	-2.2849	0.4267	-22.8026	167.6680	295.1234	347.8144	91.8839	2.3063	1.6103	77.0624
60.2453	10005.0000	-0.2340	1.5555	0.0000	208.4930	317.3300	230.4970	2.0549	340.8400	68.3854	1.0000	10000.0000	500.0000	0.0000	9996.3312	0.2678	0.2626	0.0393	0.0361	-2.0279	1.2105	-2.2272	0.3470	-6.2446	177.4576	295.0643	352.4336	91.9193	2.1757	1.5147	77.0491
60.5237	10005.0000	-0.2340	1.5555	0.0000	208.4930	317.3300	230.4970	2.0549	340.8400	68.3854	1.0000	10000.0000	500.0000	0.0000	9996.3312	0.2678	0.2626	0.0393	0.0361	-2.0279	1.2105	-2.2272	0.3470	-6.2446	177.4576	295.0643	352.4336	91.9193	2.1757	1.5147	77.0491
60.9827	9991.0000	-0.2340	1.5557	0.0000	208.4740	317.7600	230.4610	2.0576	341.2400	68.5282	1.0000	10000.0000	500.0000	0.0000	9985.4157	0.2586	0.2769	0.0365	0.0381	-1.9159	1.0889	-2.3922	0.4500	-24.6053	163.1143	295.1699	348.3601	91.9276	2.2558	1.5150	77.0491
61.1296	9991.0000	-0.2340	1.5557	0.0000	208.4740	317.7600	230.4610	2.0576	341.2400	68.5282	1.0000	10000.0000	500.0000	0.0000	9985.4157	0.2586	0.2769	0.0365	0.0381	-1.9159	1.0889	-2.3922	0.4500	-24.6053	163.1143	295.1699	348.3601	91.9276	2.2558	1.5150	77.0491
61.7197	10011.0000	-0.2330	1.5557	0.0000	208.4700	317.9200	230.4190	2.0586	341.3000	68.6127	1.0000	10000.0000	500.0000	0.0000	10005.8863	0.2421	0.2502	0.0384	0.0383	-1.8769	1.0404	-2.1856	0.4636	-23.7728	160.9852	295.1546	348.7616	91.9363	2.1554	1.5151	77.0401
61.7282	10011.0000	-0.2330	1.5557	0.0000	208.4700	317.9200	230.4190	2.0586	341.3000	68.6127	1.0000	10000.0000	500.0000	0.0000	10005.8863	0.2421	0.2502	0.0384	0.0383	-1.8769	1.0404	-2.1856	0.4636	-23.7728	160.9852	295.1546	348.7616	91.9363	2.1554	1.5151	77.0401
62.4692	10002.0000	-0.2330	1.5555	0.0000	208.4820	317.7500	230.3990	2.0581	341.1000	68.7288	2.0000	10000.0000	500.0000	0.0000	9997.9585	0.2680	0.2605	0.0379	0.0369	-1.9327	1.1638	-2.1646	0.3998	4.9832	170.1916	295.2290	320.1693	91.9573	2.2649	1.5387	77.0368
62.8351	10002.0000	-0.2330	1.5555	0.0000	208.4820	317.7500	230.3990	2.0581	341.1000	68.7288	2.0000	10000.0000	500.0000	0.0000	9997.9585	0.2680	0.2605	0.0379	0.0369	-1.9327	1.1638	-2.1646	0.3998	4.9832	170.1916	295.2290	320.1693	91.9573	2.2649	1.5387	77.0368
63.3492	9998.0000	-0.2340	1.5557	0.0000	208.4890	318.0800	230.4090	2.0596	341.3200	68.8118	2.0000	10000.0000	500.0000	0.0000	10001.3250	0.2496	0.2560	0.0380	0.0377	-1.9825	1.1108	-2.1770	0.3868	1.3562	164.1588	295.2848	314.8255	91.9876	2.0890	1.5634	77.0149
63.4408	9998.0000	-0.2340	1.5557	0.0000	208.4890	318.0800	230.4090	2.0596	341.3200	68.8118	2.0000	10000.0000	500.0000	0.0000	10001.3250	0.2496	0.2560	0.0380	0.0377	-1.9825	1.1108	-2.1770	0.3868	1.3562	164.1588	295.2848	314.8255	91.9876	2.0890	1.5634	77.0149
64.0453	10011.0000	-0.2350	1.5545	0.0000	208.6430	317.8300	230.4220	2.0572	340.9800	68.9630	2.0000	10000.0000	500.0000	0.0000	10001.3401	0.2532	0.2559	0.0365	0.0391	-1.7615	0.9758	-2.2573	0.4256	-25.2206	167.1254	295.3861	320.0266	92.0210	2.1480	1.5649	77.0149
64.0951	10011.0000	-0.2350	1.5545	0.0000	208.6430	317.8300	230.4220	2.0572	340.9800	68.9630	2.0000	10000.0000	500.0000	0.0000	10001.3401	0.2532	0.2559	0.0365	0.0391	-1.7615	0.9758	-2.2573	0.4256	-25.2206	167.1254	295.3861	320.0266	92.0210	2.1480	1.5649	77.0149
64.6520	9999.0000	-0.2350	1.5528	0.0000	208.7780	316.5600	230.4670	2.0505	339.6500	68.9908	2.0000	10000.0000	500.0000	0.0000	9999.7268	0.2439	0.2580	0.0392	0.0372	-2.0340	1.1122	-2.1004	0.3959	10.2930	163.2276	295.4510	315.4600	92.0535	2.1888	1.5657	76.9963
64.8370	9999.0000	-0.2350	1.5528	0.0000	208.7780	316.5600	230.4670	2.0505	339.6500	68.9908	2.0000	10000.0000	500.0000	0.0000	9999.7268	0.2439	0.2580	0.0392	0.0372	-2.0340	1.1122	-2.1004	0.3959	10.2930	163.2276	295.4510	315.4600	92.0535	2.1888	1.5657	76.9963
65.2565	10001.0000	-0.2330	1.5533	0.0000	208.7530	317.0900	230.4990	2.0531	340.1400	69.1051	2.0000	10000.0000	500.0000	0.0000	9994.4171	0.2316	0.2650	0.0386	0.0391	-1.8658	0.9877	-2.1292	0.4341	-5.2418	172.7163	295.5694	318.7043	92.0836	2.1977	1.5680	76.9839
65.5828	10001.0000	-0.2330	1.5533	0.0000	208.7530	317.0900	230.4990	2.0531	340.1400	69.1051	2.0000	10000.0000	500.0000	0.0000	10001.2655	0.2737	0.2560	0.0382	0.0361	-1.9200	1.3348	-2.0266	0.4198	-20.0169	170.4311	295.7254	348.0373	92.1168	2.3083	1.5961	76.9839
65.8623	10001.0000	-0.2330	1.5533	0.0000	208.7530	317.0900	230.4990	2.0531	340.1400	69.1051	2.0000	10000.0000	500.0000	0.0000	10001.2655	0.2737	0.2560	0.0382	0.0361	-1.9200	1.3348	-2.0266	0.4198	-20.0169	170.4311	295.7254	348.0373	92.1168	2.3083	1.5961	76.9839
66.3175	9991.0000	-0.2330	1.5524	0.0000	208.8990	316.9200	230.5680	2.0523	339.9800	69.2086	2.0000	10000.0000	500.0000	0.0000	9992.4226	0.2625	0.2673	0.0378	0.0385	-1.9126	1.2290	-2.2910	0.4025	-8.9462	165.0015	295.8236	344.3042	92.1422	2.2695	1.5061	76.9713
66.4685	9991.0000	-0.2330	1.5524	0.0000	208.8990	316.9200	230.5680	2.0523	339.9800	69.2086	2.0000	10000.0000	500.0000	0.0000	9992.4226	0.2625	0.2673	0.0378	0.0385	-1.9126	1.2290	-2.2910	0.4025	-8.9462	165.0015	295.8236	344.3042	92.1422	2.2695	1.5061	76.9713
67.0528	9997.0000	-0.2310	1.5511	0.0000	209.0260	316.3200	230.6070	2.0480	339.2500	69.2554	2.0000	10000.0000	500.0000	0.0000	9995.3485	0.2836	0.2637	0.0395	0.0360	-1.8937	1.3890	-2.1726	0.4283	-19.2078	173.3884	295.8735	348.3073	92.1398	2.1938	1.5085	76.9713
67.0728	9997.0000	-0.2310	1.5511	0.0000	209.0260	316.3200	230.6070	2.0480	339.2500	69.2554	2.0000	10000.0000	500.0000	0.0000	9995.3485	0.2836	0.2637	0.0395	0.0360	-1.8937	1.3890	-2.1726	0.4283	-19.2078	173.3884	295.8735	348.3073	92.1398	2.1938	1.5085	76.9713
67.6787	10001.0000	-0.2310	1.5507	0.0000	209.0630	316.4500	230.6880	2.0485	339.3900	69.3490	2.0000	10000.0000	500.0000	0.0000	9997.9177	0.2421	0.2603	0.0395	0.0383	-1.9630	1.0380	-2.1857	0.3775	-10.1490	167.9376	295.9685	344.5363	92.1396	2.2096	1.5069	76.9619
67.8007	10001.0000	-0.2310	1.5507	0.0000	209.0630	316.4500	230.6880	2.0485	339.3900	69.3490	2.0000	10000.0000	500.0000	0.0000	9997.9177	0.2421	0.2603	0.0395	0.0383	-1.9630	1.0380	-2.1857	0.3775	-10.1490	167.9376	295.9685	344.5363	92.1396	2.2096	1.5069	76.9619
68.2840	9996.0000	-0.2340	1.5508	0.0000	209.0760	316.8900	230.7220	2.0502	339.7000	69.4611	3.0000	10000.0000	500.0000	0.0000	9997.1751	0.2856	0.2612	0.0383	0.0363	-1.9087	1.3903	-2.2288	0.3838	-11.0293	173.0743	296.0449	350.5965	92.1408	2.1863	1.5048	76.9564
68.5448	9996.0000	-0.2340	1.5508	0.0000	209.0760	316.8900	230.7220	2.0502	339.7000	69.4611	3.0000	10000.0000	500.0000	0.0000	9997.1751	0.2856	0.2612	0.0383	0.0363	-1.9087	1.3903	-2.2288	0.3838	-11.0293	173.0743	296.0449	350.5965	92.1408	2.1863	1.5048	76.9564
68.8901	9996.0000	-0.2340	1.5508	0.0000	209.0760	316.8900	230.7220	2.0502	339.7000	69.4611	3.0000	10000.0000	500.0000	0.0000	10001.7085	0.2681	0.2554	0.0363	0.0380	-1.8892	1.1442	-2.2627	0.4307	-30.0936	157.9474	296.0581	313.5022	92.1456	2.4004	1.5630	76.9564
69.3955	10002.0000	-0.2340	1.5498	0.0000	209.2320	316.4800	230.7780	2.0476	339.2500	69.5556	3.0000	10000.0000	500.0000	0.0000	10003.5188	0.2574	0.2529	0.0396	0.0389	-1.8257	1.0608	-2.1220	0.3919	-26.0022	167.8721	296.1579	321.4395	92.1777	2.2044	1.5654	76.9328
69.4951	10002.0000	-0.2340	1.5498	0.0000	209.2320	316.4800	230.7780	2.0476	339.2500	69.5556	3.0000	10000.0000	500.0000	0.0000	10003.5188	0.2574	0.2529	0.0396	0.0389	-1.8257	1.0608	-2.1220	0.3919	-26.0022	167.8721	296.1579	321.4395	92.1777	2.2044	1.5654	76.9328
70.1006	10000.0000	-0.2320	1.5485	0.0000	209.3930	316.0900	230.8250	2.0444	338.7500	69.6581	3.0000	10000.0000	500.0000	0.0000	10006.4750	0.2494	0.2492	0.0382	0.0374	-2.0592	1.1366	-2.1828	0.3972	4.6227	163.2057	296.1160	315.3680	92.2114	2.3709	1.5686	76.9328
70.1609	10000.0000	-0.2320	1.5485	0.0000	209.3930	316.0900	230.8250	2.0444	338.7500	69.6581	3.0000	10000.0000	500.0000	0.0000	10006.4750	0.2494	0.2492	0.0382	0.0374	-2.0592	1.1366	-2.1828	0.3972	4.6227	163.2057	296.1160	315.3680	92.2114	2.3709	1.5686	76.9328
70.7068	9992.0000	-0.2310	1.5493	0.0000	209.2930	316.5900	230.8370	2.0475	339.2900	69.7498	3.0000	10000.0000	500.0000	0.0000	10000.1803	0.2375	0.2571	0.0392	0.0390	-1.9563	1.0221	-2.1767	0.4345	-31.4582	163.7666	296.1620	320.0455	92.2422	2.3113	1.5699	76.9138
70.8991	9992.0000	-0.2310	1.5493	0.0000	209.2930	316.5900	230.8370	2.0475	339.2900	69.7498	3.0000	10000.0000	500.0000	0.0000	10000.1803	0.2375	0.2571	0.0392	0.0390	-1.9563	1.0221	-2.1767	0.4345	-31.4582	163.7666	296.1620	320.0455	92.2422	2.3113	1.5699	76.9138
71.3117	10002.0000	-0.2310	1.5480	0.0000	209.4240	315.9000	230.8450	2.0435	338.5200	69.7865	3.0000	10000.0000	500.0000	0.0000	10005.0762	0.2467	0.2506	0.0367	0.0368	-1.9911	1.0997	-2.1638	0.3712	-24.8638	164.6868	296.1517	319.3724	92.2724	2.2717	1.5708	76.9020
71.6549	10002.0000	-0.2310	1.5480	0.0000	209.4240	315.9000	230.8450	2.0435	338.5200	69.7865	3.0000	10000.0000	500.0000	0.0000	10002.7168	0.2520	0.2538	0.0390	0.0385	-1.9869	1.0682	-2.1625	0.4426	-21.1670	166.2531	296.2107	342.4673	92.3019	2.1987	1.5882	76.9020
71.9185	10002.0000	-0.2310	1.5480	0.0000	209.4240	315.9000	230.8450	2.0435	338.5200	69.7865	3.0000	10000.0000	500.0000	0.0000	10002.7168	0.2520	0.2538	0.0390	0.0385	-1.9869	1.0682	-2.1625	0.4426	-21.1670	166.2531	296.2107	342.4673	92.3019	2.1987	1.5882	76.9020
72.3998	9995.0000	-0.2320	1.5474	0.0000	209.5350	315.6700	230.8430	2.0414	338.2200	69.8525	3.0000	10000.0000	500.0000	0.0000	9996.2974	0.2648	0.2621	0.0359	0.0369	-1.9312	1.1512	-2.3423	0.4360	-17.9431	170.4299	296.2578	346.7346	92.3167	2.3538	1.5025	76.8908
72.5233	9995.0000	-0.2320	1.5474	0.0000	209.5350	315.6700	230.8430	2.0414	338.2200	69.8525	3.0000	10000.0000	500.0000	0.0000	9996.2974	0.2648	0.2621	0.0359	0.0369	-1.9312	1.1512	-2.3423	0.4360	-17.9431	170.4299	296.2578	346.7346	92.3167	2.3538	1.5025	76.8908
73.1294	9994.0000	-0.2320	1.5475	0.0000	209.4830	315.7400	230.8230	2.0426	338.3000	69.9540	3.0000	10000.0000	500.0000	0.0000	10007.8423	0.2740	0.2470	0.0375	0.0378	-1.9129	1.3237	-2.1325	0.4621	-21.9006	161.4581	296.2361	344.4753	92.3103	2.3015	1.5009	76.8908
73.1618	9994.0000	-0.2320	1.5475	0.0000	209.4830	315.7400	230.8230	2.0426	338.3000	69.9540	3.0000	10000.0000	500.0000	0.0000	10007.8423	0.2740	0.2470	0.0375	0.0378	-1.9129	1.3237	-2.1325	0.4621	-21.9006	161.4581	296.2361	344.4753	92.3103	2.3015	1.5009	76.8908
73.7358	10009.0000	-0.2330	1.5472	0.0000	209.5230	315.6700	230.8110	2.0420	338.1700	70.0160	3.0000	10000.0000	500.0000	0.0000	9992.6733	0.2366	0.2666	0.0391	0.0389	-1.9265	0.9954	-2.2089	0.3644	-15.7973	172.3651	296.2350	343.5931	92.3056	2.1542	1.4995	76.8816
73.9139	10009.0000	-0.2330	1.5472	0.0000	209.5230	315.6700	230.8110	2.0420	338.1700	70.0160	3.0000	10000.0000	500.0000	0.0000	9992.6733	0.2366	0.2666	0.0391	0.0389	-1.9265	0.9954	-2.2089	0.3644	-15.7973	172.3651	296.2350	343.5931	92.3056	2.1542	1.4995	76.8816
74.3413	9993.0000	-0.2330	1.5473	0.0000	209.5090	315.6300	230.7750	2.0423	338.1100	70.1041	4.0000	10000.0000	500.0000	0.0000	9994.0569	0.2815	0.2512	0.0369	0.0375	-1.9460	1.3367	-2.1476	0.4078	-9.3096	162.0501	296.1667	342.2547	92.3025	2.2586	1.5000	76.8739
74.6583	9993.0000	-0.2330	1.5473	0.0000	209.5090	315.6300	230.7750	2.0423	338.1100	70.1041	4.0000	10000.0000	500.0000	0.0000	10004.9491	0.2533	0.2508	0.0400	0.0396	-1.8458	1.0514	-2.1068	0.3634	3.2414	171.9627	296.1378	319.4798	92.3102	2.0844	1.5736	76.8739
74.9462	9993.0000	-0.2330	1.5473	0.0000	209.5090	315.6300	230.7750	2.0423	338.1100	70.1041	4.0000	10000.0000	500.0000	0.0000	10004.9491	0.2533	0.2508	0.0400	0.0396	-1.8458	1.0514	-2.1068	0.3634	3.2414	171.9627	296.1378	319.4798	92.3102	2.0844	1.5736	76.8739
75.5072	10002.0000	-0.2330	1.5472	0.0000	209.5050	315.4800	230.7580	2.0415	337.9400	70.1792	4.0000	10000.0000	500.0000	0.0000	10003.4244	0.2372	0.2526	0.0352	0.0394	-1.9118	0.9961	-2.3400	0.3947	-32.3638	165.1743	296.0848	322.1017	92.3453	2.2424	1.5735	76.8493
75.5351	10002.0000	-0.2330	1.5472	0.0000	209.5050	315.4800	230.7580	2.0415	337.9400	70.1792	4.0000	10000.0000	500.0000	0.0000	10003.4244	0.2372	0.2526	0.0352	0.0394	-1.9118	0.9961	-2.3400	0.3947	-32.3638	165.1743	296.0848	322.1017	92.3453	2.2424	1.5735	76.8493
76.1408	9994.0000	-0.2320	1.5464	0.0000	209.5670	314.9300	230.7100	2.0385	337.3200	70.2666	4.0000	10000.0000	500.0000	0.0000	9995.8311	0.2826	0.2622	0.0371	0.0373	-1.8715	1.2181	-2.2034	0.4127	6.7134	161.9247	296.0722	322.7063	92.3782	2.1584	1.5738	76.8493
76.2463	9994.0000	-0.2320	1.5464	0.0000	209.5670	314.9300	230.7100	2.0385	337.3200	70.2666	4.0000	10000.0000	500.0000	0.0000	9995.8311	0.2826	0.2622	0.0371	0.0373	-1.8715	1.2181	-2.2034	0.4127	6.7134	161.9247	296.0722	322.7063	92.3782	2.1584	1.5738	76.8493
76.7465	9994.0000	-0.2320	1.5464	0.0000	209.5670	314.9300	230.7100	2.0385	337.3200	70.2666	4.0000	10000.0000	500.0000	0.0000	10000.2362	0.2299	0.2566	0.0356	0.0395	-1.8999	0.9629	-2.3113	0.4117	-34.9404	164.0903	296.0331	323.0566	92.4111	2.2391	1.5747	76.8308
77.3512	9997.0000	-0.2310	1.5465	0.0000	209.6010	314.8700	230.6550	2.0381	337.1700	70.3659	4.0000	10000.0000	500.0000	0.0000	9996.7765	0.2543	0.2610	0.0365	0.0368	-1.7692	1.1609	-2.1861	0.4369	12.9565	171.3596	296.0121	322.9516	92.4434	2.1414	1.5740	76.8221
77.5067	9997.0000	-0.2310	1.5465	0.0000	209.6010	314.8700	230.6550	2.0381	337.1700	70.3659	4.0000	10000.0000	500.0000	0.0000	9996.7765	0.2543	0.2610	0.0365	0.0368	-1.7692	1.1609	-2.1861	0.4369	12.9565	171.3596	296.0121	322.9516	92.4434	2.1414	1.5740	76.8221
77.9581	9998.0000	-0.2320	1.5451	0.0000	209.7120	314.2300	230.6010	2.0345	336.4400	70.4259	4.0000	10000.0000	500.0000	0.0000	9998.4084	0.2388	0.2585	0.0361	0.0383	-1.8781	1.0967	-2.2487	0.4050	-13.1722	165.7844	296.0203	335.5425	92.4721	2.1400	1.5698	76.8221
78.2507	9998.0000	-0.2320	1.5451	0.0000	209.7120	314.2300	230.6010	2.0345	336.4400	70.4259	4.0000	10000.0000	500.0000	0.0000	9998.4084	0.2388	0.2585	0.0361	0.0383	-1.8781	1.0967	-2.2487	0.4050	-13.1722	165.7844	296.0203	335.5425	92.4721	2.1400	1.5698	76.8221
78.5639	9998.0000	-0.2320	1.5451	0.0000	209.7120	314.2300	230.6010	2.0345	336.4400	70.4259	4.0000	10000.0000	500.0000	0.0000	9998.0622	0.2694	0.2588	0.0395	0.0364	-1.8135	1.1391	-2.1396	0.4431	-14.2976	169.0699	296.0062	335.8263	92.4784	2.0391	1.4992	76.8125
78.9912	9998.0000	-0.2300	1.5452	0.0000	209.7700	314.3800	230.5750	2.0356	336.6100	70.5138	4.0000	10000.0000	500.0000	0.0000	9985.9205	0.2505	0.2744	0.0361	0.0383	-1.7913	0.9789	-2.2597	0.4790	-17.0031	162.0099	295.9263	332.1703	92.4707	2.3302	1.5038	76.8125
79.1685	9998.0000	-0.2300	1.5452	0.0000	209.7700	314.3800	230.5750	2.0356	336.6100	70.5138	4.0000	10000.0000	500.0000	0.0000	9985.9205	0.2505	0.2744	0.0361	0.0383	-1.7913	0.9789	-2.2597	0.4790	-17.0031	162.0099	295.9263	332.1703	92.4707	2.3302	1.5038	76.8125
79.7422	10001.0000	-0.2300	1.5445	0.0000	209.7340	313.9300	230.5260	2.0338	336.1700	70.5731	4.0000	10000.0000	500.0000	0.0000	10001.9918	0.2395	0.2534	0.0387	0.0381	-1.8536	1.0995	-2.0423	0.4442	-18.3935	164.4294	296.0057	332.1702	92.4670	2.0850	1.5046	76.8014
79.7591	10001.0000	-0.2300	1.5445	0.0000	209.7340	313.9300	230.5260	2.0338	336.1700	70.5731	4.0000	10000.0000	500.0000	0.0000	10001.9918	0.2395	0.2534	0.0387	0.0381	-1.8536	1.0995	-2.0423	0.4442	-18.3935	164.4294	296.0057	332.1702	92.4670	2.0850	1.5046	76.8014
80.3648	9995.0000	-0.2300	1.5435	0.0000	209.7350	313.7100	230.5020	2.0334	335.9700	70.6262	5.0000	10000.0000	500.0000	0.0000	9992.7933	0.2791	0.2658	0.0380	0.0372	-1.9475	1.2059	-2.0542	0.4190	-14.6374	169.2688	295.8588	335.9882	92.4649	2.1783	1.5012	76.7874
80.4768	9995.0000	-0.2300	1.5435	0.0000	209.7350	313.7100	230.5020	2.0334	335.9700	70.6262	5.0000	10000.0000	500.0000	0.0000	9992.7933	0.2791	0.2658	0.0380	0.0372	-1.9475	1.2059	-2.0542	0.4190	-14.6374	169.2688	295.8588	335.9882	92.4649	2.1783	1.5012	76.7874
80.9696	10000.0000	-0.2310	1.5453	0.0000	209.6550	314.2400	230.4540	2.0360	336.4400	70.6969	5.0000	10000.0000	500.0000	0.0000	9992.2746	0.2513	0.2665	0.0354	0.0380	-2.0492	1.1192	-2.3807	0.3799	1.9120	165.9433	295.7843	324.7612	92.4727	2.4119	1.5923	76.7874
81.3351	10000.0000	-0.2310	1.5453	0.0000	209.6550	314.2400	230.4540	2.0360	336.4400	70.6969	5.0000	10000.0000	500.0000	0.0000	9998.8456	0.2533	0.2571	0.0368	0.0386	-1.8809	1.1320	-2.4095	0.4201	-32.9336	163.3961	295.8535	333.9021	92.5107	2.2586	1.5682	76.7635
81.5750	10000.0000	-0.2310	1.5453	0.0000	209.6550	314.2400	230.4540	2.0360	336.4400	70.6969	5.0000	10000.0000	500.0000	0.0000	9998.8456	0.2533	0.2571	0.0368	0.0386	-1.8809	1.1320	-2.4095	0.4201	-32.9336	163.3961	295.8535	333.9021	92.5107	2.2586	1.5682	76.7635
82.0863	10006.0000	-0.2310	1.5448	0.0000	209.6750	313.8300	230.4350	2.0338	336.0000	70.7042	5.0000	10000.0000	500.0000	0.0000	10019.5680	0.2705	0.2288	0.0371	0.0368	-2.2532	1.3888	-2.2016	0.4152	-3.2919	167.5109	295.8779	342.6714	92.5365	1.9761	1.5465	76.7635
82.1819	10006.0000	-0.2310	1.5448	0.0000	209.6750	313.8300	230.4350	2.0338	336.0000	70.7042	5.0000	10000.0000	500.0000	0.0000	10019.5680	0.2705	0.2288	0.0371	0.0368	-2.2532	1.3888	-2.2016	0.4152	-3.2919	167.5109	295.8779	342.6714	92.5365	1.9761	1.5465	76.7635
82.7870	9992.0000	-0.2300	1.5620	0.0000	209.1750	314.2800	230.4080	2.0362	336.3700	70.7899	5.0000	10000.0000	500.0000	0.0000	10011.4781	0.2400	0.2392	0.0381	0.0394	-1.5725	0.8723	-1.9519	0.4389	-22.0513	163.3549	295.9090	345.1111	92.5528	2.6061	1.5396	76.7477
82.8235	9992.0000	-0.2300	1.5620	0.0000	209.1750	314.2800	230.4080	2.0362	336.3700	70.7899	5.0000	10000.0000	500.0000	0.0000	10011.4781	0.2400	0.2392	0.0381	0.0394	-1.5725	0.8723	-1.9519	0.4389	-22.0513	163.3549	295.9090	345.1111	92.5528	2.6061	1.5396	76.7477
83.3927	10003.0000	-0.2300	1.5608	0.0000	209.2900	314.3200	230.4040	2.0368	336.4600	70.9075	5.0000	10000.0000	500.0000	0.0000	10012.3559	0.3025	0.2235	0.0384	0.0363	-2.3336	1.4424	-1.8844	0.4798	-13.6721	164.4172	295.9298	342.2899	92.5678	1.9436	1.5429	76.7482
83.5720	10003.0000	-0.2300	1.5608	0.0000	209.2900	314.3200	230.4040	2.0368	336.4600	70.9075	5.0000	10000.0000	500.0000	0.0000	10012.3559	0.3025	0.2235	0.0384	0.0363	-2.3336	1.4424	-1.8844	0.4798	-13.6721	164.4172	295.9298	342.2899	92.5678	1.9436	1.5429	76.7482
83.9968	9991.0000	-0.2300	1.5613	0.0000	209.2640	314.0800	230.4080	2.0355	336.2000	70.8965	5.0000	10000.0000	500.0000	0.0000	9996.4932	0.2065	0.2585	0.0402	0.0387	-2.1377	0.9762	-2.3069	0.3353	-31.2270	172.7940	295.9101	309.8270	92.5851	1.9120	1.5519	76.7482
84.3164	9991.0000	-0.2300	1.5613	0.0000	209.2640	314.0800	230.4080	2.0355	336.2000	70.8965	5.0000	10000.0000	500.0000	0.0000	10008.7865	0.2757	0.2418	0.0376	0.0362	-2.0100	1.3043	-2.1743	0.3791	-19.1554	172.9402	295.9511	312.2436	92.6008	2.2153	1.5293	76.7327
84.6036	9991.0000	-0.2300	1.5613	0.0000	209.2640	314.0800	230.4080	2.0355	336.2000	70.8965	5.0000	10000.0000	500.0000	0.0000	10008.7865	0.2757	0.2418	0.0376	0.0362	-2.0100	1.3043	-2.1743	0.3791	-19.1554	172.9402	295.9511	312.2436	92.6008	2.2153	1.5293	76.7327
85.0556	9996.0000	-0.2310	1.5564	0.0000	209.1560	313.5900	230.4210	2.0331	335.7700	70.9666	5.0000	10000.0000	500.0000	0.0000	10007.9064	0.2406	0.2429	0.0375	0.0381	-1.8841	1.0323	-2.1759	0.4091	0.9463	165.0066	296.0309	309.9356	92.6136	2.1603	1.5432	76.7171
85.2092	9996.0000	-0.2310	1.5564	0.0000	209.1560	313.5900	230.4210	2.0331	335.7700	70.9666	5.0000	10000.0000	500.0000	0.0000	10007.9064	0.2406	0.2429	0.0375	0.0381	-1.8841	1.0323	-2.1759	0.4091	0.9463	165.0066	296.0309	309.9356	92.6136	2.1603	1.5432	76.7171
85.8047	10010.0000	-0.2320	1.5449	0.0000	209.1100	312.7500	230.4640	2.0274	334.7800	71.0543	5.0000	10000.0000	500.0000	0.0000	10007.0135	0.2614	0.2440	0.0395	0.0382	-1.8763	1.0760	-2.0806	0.3700	0.8041	172.1198	296.0927	312.7617	92.6285	2.1020	1.5391	76.7171
85.8143	10010.0000	-0.2320	1.5449	0.0000	209.1100	312.7500	230.4640	2.0274	334.7800	71.0543	5.0000	10000.0000	500.0000	0.0000	10007.0135	0.2614	0.2440	0.0395	0.0382	-1.8763	1.0760	-2.0806	0.3700	0.8041	172.1198	296.0927	312.7617	92.6285	2.1020	1.5391	76.7171
86.4043	9997.0000	-0.2300	1.5437	0.0000	209.2380	312.5800	230.4920	2.0258	334.6100	71.0832	6.0000	10000.0000	500.0000	0.0000	9993.6128	0.2692	0.2712	0.0362	0.0376	-1.9098	1.2111	-2.2678	0.3554	-23.4390	177.3915	296.1945	313.2798	92.6430	2.3723	1.5390	76.7029
86.5501	9997.0000	-0.2300	1.5437	0.0000	209.2380	312.5800	230.4920	2.0258	334.6100	71.0832	6.0000	10000.0000	500.0000	0.0000	9993.6128	0.2692	0.2712	0.0362	0.0376	-1.9098	1.2111	-2.2678	0.3554	-23.4390	177.3915	296.1945	313.2798	92.6430	2.3723	1.5390	76.7029
87.0098	10002.0000	-0.2300	1.5434	0.0000	209.2480	312.4800	230.5630	2.0252	334.5200	71.1699	NOT CONNECTED	10000.0000	500.0000	0.0000	9997.4852	0.2499	0.2565	0.0370	0.0380	-1.9259	1.0644	-2.2577	0.4521	-24.5891	161.7574	296.2220	343.1830	92.6669	2.3159	1.5881	76.7029
87.2934	10002.0000	-0.2300	1.5434	0.0000	209.2480	312.4800	230.5630	2.0252	334.5200	71.1699	NOT CONNECTED	10000.0000	500.0000	0.0000	9997.4852	0.2499	0.2565	0.0370	0.0380	-1.9259	1.0644	-2.2577	0.4521	-24.5891	161.7574	296.2220	343.1830	92.6669	2.3159	1.5881	76.7029
87.6154	10002.0000	-0.2300	1.5434	0.0000	209.2480	312.4800	230.5630	2.0252	334.5200	71.1699	NOT CONNECTED	10000.0000	500.0000	0.0000	10000.3785	0.2360	0.2526	0.0381	0.0393	-1.8713	0.9705	-2.2376	0.4536	-20.6186	168.1204	296.4069	344.9466	92.6805	2.2086	1.5021	76.6867
88.0369	9994.0000	-0.2310	1.5427	0.0000	209.3260	312.2700	230.6020	2.0234	334.2400	71.2219	NOT CONNECTED	0.0000	500.0000	0.0000	9995.0105	0.2367	0.2596	0.0380	0.0391	-1.9216	0.9972	-2.1078	0.4237	-20.7904	167.7316	296.4219	342.0192	92.6754	2.2766	1.5021	76.6761
88.2368	9994.0000	-0.2310	1.5427	0.0000	209.3260	312.2700	230.6020	2.0234	334.2400	71.2219	NOT CONNECTED	0.0000	500.0000	0.0000	9995.0105	0.2367	0.2596	0.0380	0.0391	-1.9216	0.9972	-2.1078	0.4237	-20.7904	167.7316	296.4219	342.0192	92.6754	2.2766	1.5021	76.6761
88.8586	10056.0000	-0.1520	1.5419	0.0000	209.4120	312.1300	230.6870	2.0228	334.1300	71.2977	NOT CONNECTED	0.0000	500.0000	0.0000	10066.7922	0.0971	0.0945	0.0401	0.0396	-2.4582	0.6280	-1.4901	0.2951	-29.3545	158.7584	303.5729	164.7123	92.6685	1.6440	1.4468	76.6761
89.0037	10056.0000	-0.1520	1.5419	0.0000	209.4120	312.1300	230.6870	2.0228	334.1300	71.2977	NOT CONNECTED	0.0000	500.0000	0.0000	10066.7922	0.0971	0.0945	0.0401	0.0396	-2.4582	0.6280	-1.4901	0.2951	-29.3545	158.7584	303.5729	164.7123	92.6685	1.6440	1.4468	76.6761
89.4643	10008.0000	-0.1040	1.4279	0.0000	214.8450	155.6800	230.8520	1.1008	170.0700	71.3240	NOT CONNECTED	0.0000	500.0000	0.0000	10000.9963	0.0848	0.1268	0.0406	0.0398	-1.6162	0.2531	-1.4860	0.1223	-17.9874	182.0368	302.8646	182.1528	92.6323	1.8983	1.4144	76.6718
89.7505	10008.0000	-0.1040	1.4279	0.0000	214.8450	155.6800	230.8520	1.1008	170.0700	71.3240	NOT CONNECTED	0.0000	500.0000	0.0000	10000.9963	0.0848	0.1268	0.0406	0.0398	-1.6162	0.2531	-1.4860	0.1223	-17.9874	182.0368	302.8646	182.1528	92.6323	1.8983	1.4144	76.6718
90.0692	10008.0000	-0.1040	1.4279	0.0000	214.8450	155.6800	230.8520	1.1008	170.0700	71.3240	NOT CONNECTED	0.0000	500.0000	0.0000	9974.9420	0.1832	0.1613	0.0392	0.0396	-1.6879	0.7600	-2.2810	0.2537	-22.3995	168.5576	302.5878	190.7979	92.6012	1.7296	1.4197	76.6718
90.4862	10003.0000	-0.1080	1.4314	0.0000	214.3220	173.0700	230.8440	1.2048	188.0900	71.3738	NOT CONNECTED	0.0000	500.0000	0.0000	9968.0423	0.1556	0.1719	0.0399	0.0403	-2.2671	0.7850	-1.8093	0.1213	-15.4544	184.2789	302.5847	200.3934	92.5620	2.4354	1.3811	76.6364
90.6751	10003.0000	-0.1080	1.4314	0.0000	214.3220	173.0700	230.8440	1.2048	188.0900	71.3738	NOT CONNECTED	0.0000	500.0000	0.0000	9968.0423	0.1556	0.1719	0.0399	0.0403	-2.2671	0.7850	-1.8093	0.1213	-15.4544	184.2789	302.5847	200.3934	92.5620	2.4354	1.3811	76.6364
91.2333	9994.0000	-0.1080	1.4371	0.0000	214.0460	175.8700	230.8910	1.2219	191.1900	71.4136	NOT CONNECTED	0.0000	500.0000	0.0000	9958.6784	0.2137	0.1843	0.0376	0.0389	-1.6879	0.9692	-1.9127	0.0988	-25.6358	190.1482	302.5141	201.2149	92.5197	1.7578	1.3747	76.5968
91.2801	9994.0000	-0.1080	1.4371	0.0000	214.0460	175.8700	230.8910	1.2219	191.1900	71.4136	NOT CONNECTED	0.0000	500.0000	0.0000	9958.6784	0.2137	0.1843	0.0376	0.0389	-1.6879	0.9692	-1.9127	0.0988	-25.6358	190.1482	302.5141	201.2149	92.5197	1.7578	1.3747	76.5968
91.9012	10005.0000	-0.1090	1.4291	0.0000	214.3940	175.4900	230.9080	1.2204	190.9100	71.4472	NOT CONNECTED	0.0000	500.0000	0.0000	10000.8832	0.1886	0.1270	0.0399	0.0390	-1.7291	0.8481	-1.4179	0.2424	5.1908	167.6075	302.9800	183.2841	92.4902	2.6509	1.4042	76.5968
91.9853	10005.0000	-0.1090	1.4291	0.0000	214.3940	175.4900	230.9080	1.2204	190.9100	71.4472	NOT CONNECTED	0.0000	500.0000	0.0000	10000.8832	0.1886	0.1270	0.0399	0.0390	-1.7291	0.8481	-1.4179	0.2424	5.1908	167.6075	302.9800	183.2841	92.4902	2.6509	1.4042	76.5968
92.5081	9782.0000	-0.0210	1.3766	0.0000	217.3970	87.9300	230.9880	0.7091	102.8600	71.4442	NOT CONNECTED	0.0000	500.0000	0.0000	9728.9398	-0.0508	0.0214	0.0410	0.0418	-2.2344	-0.1093	-1.3729	0.1742	16.2487	160.3526	310.3267	62.7425	92.4587	2.3815	1.3588	76.5653
92.7281	9782.0000	-0.0210	1.3766	0.0000	217.3970	87.9300	230.9880	0.7091	102.8600	71.4442	NOT CONNECTED	0.0000	500.0000	0.0000	9728.9398	-0.0508	0.0214	0.0410	0.0418	-2.2344	-0.1093	-1.3729	0.1742	16.2487	160.3526	310.3267	62.7425	92.4587	2.3815	1.3588	76.5653
93.4781	9409.0000	-0.0210	1.3449	0.0000	217.5460	61.7400	230.9720	0.5218	73.7300	71.4708	NOT CONNECTED	0.0000	500.0000	0.0000	9116.9438	0.0760	0.0545	0.0453	0.0455	-1.8852	0.2939	-1.4543	-0.0116	1.7415	173.9378	311.0171	61.8140	92.3592	2.0320	1.1987	76.5120
93.6396	9409.0000	-0.0210	1.3449	0.0000	217.5460	61.7400	230.9720	0.5218	73.7300	71.4708	NOT CONNECTED	0.0000	500.0000	0.0000	9116.9438	0.0760	0.0545	0.0453	0.0455	-1.8852	0.2939	-1.4543	-0.0116	1.7415	173.9378	311.0171	61.8140	92.3592	2.0320	1.1987	76.5120
94.2225	9018.0000	-0.0210	1.2175	0.0000	219.5760	53.2400	230.9210	0.4641	64.6300	71.4432	NOT CONNECTED	0.0000	500.0000	0.0000	8821.1347	0.0131	0.0332	0.0477	0.0476	-1.5528	0.0383	-1.6547	0.0573	-11.4658	173.7549	311.4359	55.5693	92.2586	1.5854	1.1319	76.4407
94.2447	9018.0000	-0.0210	1.2175	0.0000	219.5760	53.2400	230.9210	0.4641	64.6300	71.4432	NOT CONNECTED	0.0000	500.0000	0.0000	8821.1347	0.0131	0.0332	0.0477	0.0476	-1.5528	0.0383	-1.6547	0.0573	-11.4658	173.7549	311.4359	55.5693	92.2586	1.5854	1.1319	76.4407
94.8505	8641.0000	-0.0180	1.1480	0.0000	221.2590	49.8000	230.9030	0.4401	60.8700	71.4425	NOT CONNECTED	0.0000	500.0000	0.0000	8503.7757	0.0498	0.0504	0.0486	0.0488	-1.7970	0.2118	-1.5965	0.0937	-16.8919	169.7350	311.8291	51.7546	92.1470	1.7736	1.0978	76.4407
94.9642	8641.0000	-0.0180	1.1480	0.0000	221.2590	49.8000	230.9030	0.4401	60.8700	71.4425	NOT CONNECTED	0.0000	500.0000	0.0000	8503.7757	0.0498	0.0504	0.0486	0.0488	-1.7970	0.2118	-1.5965	0.0937	-16.8919	169.7350	311.8291	51.7546	92.1470	1.7736	1.0978	76.4407
95.4559	8274.0000	-0.0170	1.0541	0.0000	221.5740	40.5400	230.8460	0.3768	51.0800	71.3931	NOT CONNECTED	0.0000	500.0000	0.0000	8221.4140	0.0108	0.0210	0.0508	0.0514	-1.3335	-0.0175	-1.4217	-0.0269	-14.6933	179.6343	312.5444	42.4028	92.0307	1.5616	1.0091	76.3461
95.7066	8274.0000	-0.0170	1.0541	0.0000	221.5740	40.5400	230.8460	0.3768	51.0800	71.3931	NOT CONNECTED	0.0000	500.0000	0.0000	8221.4140	0.0108	0.0210	0.0508	0.0514	-1.3335	-0.0175	-1.4217	-0.0269	-14.6933	179.6343	312.5444	42.4028	92.0307	1.5616	1.0091	76.3461
96.0608	8274.0000	-0.0170	1.0541	0.0000	221.5740	40.5400	230.8460	0.3768	51.0800	71.3931	NOT CONNECTED	0.0000	500.0000	0.0000	7924.0278	0.0277	0.0122	0.0528	0.0530	-1.4514	0.1081	-1.3767	0.0220	-12.3311	179.3103	313.1447	36.1194	91.9083	1.3534	1.0033	76.3461
96.4535	7898.0000	-0.0150	1.0003	0.0000	221.8830	34.9200	230.8120	0.3367	44.9700	71.3715	NOT CONNECTED	0.0000	500.0000	0.0000	7620.4663	0.0388	0.0110	0.0535	0.0531	-1.3697	0.1392	-1.4199	0.0407	-20.9454	164.7934	313.1473	33.1914	91.7815	1.3426	0.9332	76.2258
96.6673	7898.0000	-0.0150	1.0003	0.0000	221.8830	34.9200	230.8120	0.3367	44.9700	71.3715	NOT CONNECTED	0.0000	500.0000	0.0000	7620.4663	0.0388	0.0110	0.0535	0.0531	-1.3697	0.1392	-1.4199	0.0407	-20.9454	164.7934	313.1473	33.1914	91.7815	1.3426	0.9332	76.2258
97.2043	7525.0000	-0.0120	0.9514	0.0000	214.6450	29.8000	230.7320	0.3044	40.1500	71.3552	NOT CONNECTED	0.0000	500.0000	0.0000	7311.8423	0.0280	0.0272	0.0535	0.0531	-1.6184	0.0937	-1.3324	0.0682	-12.7408	154.0033	313.3285	30.8856	91.6608	1.6110	0.9336	76.0900
97.2567	7525.0000	-0.0120	0.9514	0.0000	214.6450	29.8000	230.7320	0.3044	40.1500	71.3552	NOT CONNECTED	0.0000	500.0000	0.0000	7311.8423	0.0280	0.0272	0.0535	0.0531	-1.6184	0.0937	-1.3324	0.0682	-12.7408	154.0033	313.3285	30.8856	91.6608	1.6110	0.9336	76.0900
97.8459	7155.0000	-0.0120	0.9518	0.0000	207.9190	28.5000	230.6940	0.2988	39.2300	71.2711	NOT CONNECTED	0.0000	500.0000	0.0000	7040.9492	-0.0132	-0.0000	0.0524	0.0531	-1.2772	-0.0260	-1.5084	-0.0259	-7.5354	164.6186	313.1648	30.0216	91.5534	1.2351	0.9378	76.0900
97.9481	7155.0000	-0.0120	0.9518	0.0000	207.9190	28.5000	230.6940	0.2988	39.2300	71.2711	NOT CONNECTED	0.0000	500.0000	0.0000	7040.9492	-0.0132	-0.0000	0.0524	0.0531	-1.2772	-0.0260	-1.5084	-0.0259	-7.5354	164.6186	313.1648	30.0216	91.5534	1.2351	0.9378	76.0900
98.4514	6798.0000	-0.0000	0.9545	0.0000	194.2780	26.9600	230.6290	0.2943	38.6100	71.2226	NOT CONNECTED	0.0000	500.0000	0.0000	6727.8839	-0.0252	0.0193	0.0532	0.0531	-1.2300	-0.0837	-1.3285	0.0160	-9.3904	149.9936	313.6544	25.4029	91.4620	1.4479	0.9407	75.9505
98.6966	6798.0000	-0.0000	0.9545	0.0000	194.2780	26.9600	230.6290	0.2943	38.6100	71.2226	NOT CONNECTED	0.0000	500.0000	0.0000	6727.8839	-0.0252	0.0193	0.0532	0.0531	-1.2300	-0.0837	-1.3285	0.0160	-9.3904	149.9936	313.6544	25.4029	91.4620	1.4479	0.9407	75.9505
99.0565	6798.0000	-0.0000	0.9545	0.0000	194.2780	26.9600	230.6290	0.2943	38.6100	71.2226	NOT CONNECTED	0.0000	500.0000	0.0000	6449.5293	0.0215	-0.0000	0.0532	0.0531	-1.4794	0.0437	-1.3317	0.0263	-9.5989	139.9950	314.0913	22.0193	91.3759	1.2326	0.9617	75.9505
99.4400	6424.0000	-0.0060	0.9496	0.0000	187.2180	21.9000	230.6030	0.2598	33.5700	71.1973	NOT CONNECTED	0.0000	500.0000	0.0000	6152.6490	-0.0111	-0.0000	0.0529	0.0531	-1.3084	-0.0258	-1.5283	-0.0046	-9.7042	138.1487	314.1996	21.1964	91.3010	1.2104	0.9425	75.8033
99.6621	6424.0000	-0.0060	0.9496	0.0000	187.2180	21.9000	230.6030	0.2598	33.5700	71.1973	NOT CONNECTED	0.0000	500.0000	0.0000	6152.6490	-0.0111	-0.0000	0.0529	0.0531	-1.3084	-0.0258	-1.5283	-0.0046	-9.7042	138.1487	314.1996	21.1964	91.3010	1.2104	0.9425	75.8033
100.1704	6071.0000	-0.0030	0.9488	0.0000	173.3320	18.8900	230.5580	0.2404	30.7000	71.1361	NOT CONNECTED	0.0000	500.0000	0.0000	5876.1577	0.0051	-0.0000	0.0531	0.0531	-1.3656	-0.0106	-1.3637	0.0451	-9.2171	120.9350	314.1670	22.2128	91.2312	1.3173	0.9436	75.6554
100.2671	6071.0000	-0.0030	0.9488	0.0000	173.3320	18.8900	230.5580	0.2404	30.7000	71.1361	NOT CONNECTED	0.0000	500.0000	0.0000	5876.1577	0.0051	-0.0000	0.0531	0.0531	-1.3656	-0.0106	-1.3637	0.0451	-9.2171	120.9350	314.1670	22.2128	91.2312	1.3173	0.9436	75.6554
100.8742	5731.0000	-0.0010	0.9498	0.0000	166.8200	18.3800	230.5450	0.2378	30.3300	71.0956	NOT CONNECTED	0.0000	500.0000	0.0000	5584.7782	-0.0166	-0.0000	0.0531	0.0531	-1.2279	-0.0013	-1.4927	0.0239	-10.4658	120.9966	313.9952	20.9393	91.1674	1.3945	0.9477	75.6554
100.9050	5731.0000	-0.0010	0.9498	0.0000	166.8200	18.3800	230.5450	0.2378	30.3300	71.0956	NOT CONNECTED	0.0000	500.0000	0.0000	5584.7782	-0.0166	-0.0000	0.0531	0.0531	-1.2279	-0.0013	-1.4927	0.0239	-10.4658	120.9966	313.9952	20.9393	91.1674	1.3945	0.9477	75.6554
101.4798	5404.0000	-0.0020	0.9541	0.0000	154.5580	19.1300	230.5390	0.2432	31.2100	71.0899	NOT CONNECTED	0.0000	500.0000	0.0000	5311.1085	-0.0185	-0.0000	0.0531	0.0531	-1.1644	-0.0300	-1.4089	-0.0135	-9.2630	117.0283	313.9844	21.4591	91.1117	1.5237	0.9501	75.5072
101.6604	5404.0000	-0.0020	0.9541	0.0000	154.5580	19.1300	230.5390	0.2432	31.2100	71.0899	NOT CONNECTED	0.0000	500.0000	0.0000	5311.1085	-0.0185	-0.0000	0.0531	0.0531	-1.1644	-0.0300	-1.4089	-0.0135	-9.2630	117.0283	313.9844	21.4591	91.1117	1.5237	0.9501	75.5072
102.0852	5091.0000	-0.0020	0.9541	0.0000	148.4460	19.2400	230.5450	0.2445	31.3300	71.0648	NOT CONNECTED	0.0000	500.0000	0.0000	5070.8642	0.0188	-0.0000	0.0531	0.0531	-1.5050	0.0663	-1.0961	0.0189	-11.0556	108.8547	314.0006	21.1147	91.0639	1.3793	0.9564	75.5072
102.3961	5091.0000	-0.0020	0.9541	0.0000	148.4460	19.2400	230.5450	0.2445	31.3300	71.0648	NOT CONNECTED	0.0000	500.0000	0.0000	4823.0187	-0.0152	-0.0000	0.0528	0.0531	-1.2257	-0.0454	-1.3405	-0.0082	-8.7777	109.4023	314.0493	21.1216	91.0193	1.4496	0.9546	75.3551
102.6907	5091.0000	-0.0020	0.9541	0.0000	148.4460	19.2400	230.5450	0.2445	31.3300	71.0648	NOT CONNECTED	0.0000	500.0000	0.0000	4823.0187	-0.0152	-0.0000	0.0528	0.0531	-1.2257	-0.0454	-1.3405	-0.0082	-8.7777	109.4023	314.0493	21.1216	91.0193	1.4496	0.9546	75.3551
103.1645	4792.0000	-0.0020	0.9548	0.0000	136.9500	19.1200	230.5730	0.2437	31.2900	71.0777	NOT CONNECTED	0.0000	500.0000	0.0000	4581.6641	-0.0131	-0.0000	0.0531	0.0531	-1.1699	-0.0186	-1.4879	0.0077	-12.4074	103.2101	314.1522	21.3509	90.9779	1.5821	0.9565	75.3809
103.2959	4792.0000	-0.0020	0.9548	0.0000	136.9500	19.1200	230.5730	0.2437	31.2900	71.0777	NOT CONNECTED	0.0000	500.0000	0.0000	4581.6641	-0.0131	-0.0000	0.0531	0.0531	-1.1699	-0.0186	-1.4879	0.0077	-12.4074	103.2101	314.1522	21.3509	90.9779	1.5821	0.9565	75.3809
103.9020	4498.0000	-0.0000	0.9567	0.0000	131.4960	19.0900	230.5950	0.2432	31.2300	71.0560	NOT CONNECTED	0.0000	500.0000	0.0000	4381.2195	0.0064	-0.0000	0.0531	0.0531	-1.5742	0.0302	-1.0538	0.0227	-12.1616	94.6425	314.1157	21.4095	90.9403	1.0499	0.9585	75.3809
103.9202	4498.0000	-0.0000	0.9567	0.0000	131.4960	19.0900	230.5950	0.2432	31.2300	71.0560	NOT CONNECTED	0.0000	500.0000	0.0000	4381.2195	0.0064	-0.0000	0.0531	0.0531	-1.5742	0.0302	-1.0538	0.0227	-12.1616	94.6425	314.1157	21.4095	90.9403	1.0499	0.9585	75.3809
104.4918	4218.0000	-0.0000	0.9631	0.0000	120.9320	18.8900	230.6470	0.2424	31.1300	71.0597	NOT CONNECTED	0.0000	500.0000	0.0000	4161.8960	0.0157	-0.0000	0.0532	0.0531	-1.6516	0.0399	-1.2123	-0.0224	-10.4567	95.3220	314.2117	21.5746	90.9064	1.2124	0.9617	75.4061
104.6597	4218.0000	-0.0000	0.9631	0.0000	120.9320	18.8900	230.6470	0.2424	31.1300	71.0597	NOT CONNECTED	0.0000	500.0000	0.0000	4161.8960	0.0157	-0.0000	0.0532	0.0531	-1.6516	0.0399	-1.2123	-0.0224	-10.4567	95.3220	314.2117	21.5746	90.9064	1.2124	0.9617	75.4061
105.0971	3948.0000	0.0000	0.9579	0.0000	115.6530	18.6000	230.6810	0.2401	30.8100	71.0879	NOT CONNECTED	0.0000	500.0000	0.0000	3917.8970	-0.0115	-0.0000	0.0532	0.0531	-1.1185	-0.0398	-1.5622	-0.0128	-9.2277	87.3295	314.2550	21.4208	90.8765	1.5479	0.9705	75.4061
105.4022	3948.0000	0.0000	0.9579	0.0000	115.6530	18.6000	230.6810	0.2401	30.8100	71.0879	NOT CONNECTED	0.0000	500.0000	0.0000	3739.0855	-0.0227	-0.0000	0.0530	0.0531	-1.1136	-0.0774	-1.3005	0.0026	-10.8294	83.9756	314.3551	22.0507	90.8477	1.2426	0.9617	75.4282
105.7031	3948.0000	0.0000	0.9579	0.0000	115.6530	18.6000	230.6810	0.2401	30.8100	71.0879	NOT CONNECTED	0.0000	500.0000	0.0000	3739.0855	-0.0227	-0.0000	0.0530	0.0531	-1.1136	-0.0774	-1.3005	0.0026	-10.8294	83.9756	314.3551	22.0507	90.8477	1.2426	0.9617	75.4282
106.1650	3686.0000	-0.0020	0.9577	0.0000	105.6790	18.6900	230.7520	0.2400	30.8000	71.1021	NOT CONNECTED	0.0000	500.0000	0.0000	3510.3678	0.0142	-0.0000	0.0530	0.0531	-1.6253	0.0589	-1.1598	-0.0026	-10.3304	78.1717	314.4187	21.7740	90.8195	1.3481	0.9623	75.4495
106.3071	3686.0000	-0.0020	0.9577	0.0000	105.6790	18.6900	230.7520	0.2400	30.8000	71.1021	NOT CONNECTED	0.0000	500.0000	0.0000	3510.3678	0.0142	-0.0000	0.0530	0.0531	-1.6253	0.0589	-1.1598	-0.0026	-10.3304	78.1717	314.4187	21.7740	90.8195	1.3481	0.9623	75.4495
106.9075	3421.0000	-0.0020	0.9569	0.0000	100.8740	18.5400	230.7870	0.2388	30.7200	71.1346	NOT CONNECTED	0.0000	500.0000	0.0000	3300.7880	0.0053	-0.0000	0.0531	0.0531	-1.5610	-0.0019	-1.5579	-0.0179	-9.2922	74.1561	314.4620	21.5740	90.7943	1.4902	0.9639	75.4495
106.9136	3421.0000	-0.0020	0.9569	0.0000	100.8740	18.5400	230.7870	0.2388	30.7200	71.1346	NOT CONNECTED	0.0000	500.0000	0.0000	3300.7880	0.0053	-0.0000	0.0531	0.0531	-1.5610	-0.0019	-1.5579	-0.0179	-9.2922	74.1561	314.4620	21.5740	90.7943	1.4902	0.9639	75.4495
107.5182	3170.0000	-0.0040	0.9579	0.0000	91.3860	18.5000	230.8540	0.2379	30.5500	71.1200	NOT CONNECTED	0.0000	500.0000	0.0000	3117.6649	0.0047	-0.0000	0.0530	0.0531	-1.6294	0.0281	-1.1444	0.0108	-9.8717	67.6424	314.5242	21.7847	90.7707	1.1101	0.9645	75.4700
107.6597	3170.0000	-0.0040	0.9579	0.0000	91.3860	18.5000	230.8540	0.2379	30.5500	71.1200	NOT CONNECTED	0.0000	500.0000	0.0000	3117.6649	0.0047	-0.0000	0.0530	0.0531	-1.6294	0.0281	-1.1444	0.0108	-9.8717	67.6424	314.5242	21.7847	90.7707	1.1101	0.9645	75.4700
108.1243	2936.0000	-0.0050	0.9595	0.0000	86.8540	18.4900	230.8850	0.2378	30.5600	71.1626	NOT CONNECTED	0.0000	500.0000	0.0000	2923.6063	0.0055	-0.0000	0.0531	0.0531	-1.5435	0.0056	-1.5533	-0.0012	-9.2921	65.4082	314.6393	21.4721	90.7497	1.2630	0.9690	75.4700
108.3966	2936.0000	-0.0050	0.9595	0.0000	86.8540	18.4900	230.8850	0.2378	30.5600	71.1626	NOT CONNECTED	0.0000	500.0000	0.0000	2923.6063	0.0055	-0.0000	0.0531	0.0531	-1.5435	0.0056	-1.5533	-0.0012	-9.2921	65.4082	314.6393	21.4721	90.7497	1.2630	0.9690	75.4700
108.7303	2936.0000	-0.0050	0.9595	0.0000	86.8540	18.4900	230.8850	0.2378	30.5600	71.1626	NOT CONNECTED	0.0000	500.0000	0.0000	2727.2489	-0.0004	-0.0000	0.0530	0.0531	-1.3792	-0.0194	-1.1520	-0.0247	-10.6589	63.2756	314.7082	22.5602	90.7292	1.1369	0.9671	75.4886
109.1651	2702.0000	-0.0020	0.9595	0.0000	78.1500	18.4500	230.9340	0.2361	30.4800	71.2277	NOT CONNECTED	0.0000	500.0000	0.0000	2556.9999	-0.0039	-0.0000	0.0531	0.0531	-1.3602	-0.0255	-1.2609	0.0147	-11.8789	55.4135	314.7178	22.5819	90.7086	1.1152	0.9677	75.5069
109.3354	2702.0000	-0.0020	0.9595	0.0000	78.1500	18.4500	230.9340	0.2361	30.4800	71.2277	NOT CONNECTED	0.0000	500.0000	0.0000	2556.9999	-0.0039	-0.0000	0.0531	0.0531	-1.3602	-0.0255	-1.2609	0.0147	-11.8789	55.4135	314.7178	22.5819	90.7086	1.1152	0.9677	75.5069
109.9023	2471.0000	0.0020	0.9582	0.0000	73.9650	18.4000	230.9530	0.2355	30.2600	71.2589	NOT CONNECTED	0.0000	500.0000	0.0000	2298.9612	0.0125	-0.0000	0.0531	0.0531	-1.1347	0.1720	-1.4519	0.0340	-4.2935	45.5516	316.2288	11.6144	90.6908	1.2932	0.9767	75.5069
109.9411	2471.0000	0.0020	0.9582	0.0000	73.9650	18.4000	230.9530	0.2355	30.2600	71.2589	NOT CONNECTED	0.0000	500.0000	0.0000	2298.9612	0.0125	-0.0000	0.0531	0.0531	-1.1347	0.1720	-1.4519	0.0340	-4.2935	45.5516	316.2288	11.6144	90.6908	1.2932	0.9767	75.5069
110.5469	2077.0000	0.0400	0.9707	0.0000	63.1270	8.1600	230.9860	0.1625	19.8400	71.3184	NOT CONNECTED	0.0000	500.0000	0.0000	1926.7221	-0.0050	-0.1424	0.0532	0.0531	-1.4455	-0.0283	-1.7309	-0.2061	-10.5575	40.2332	316.7131	10.6623	90.6763	1.7034	0.9852	75.5244
110.6581	2077.0000	0.0400	0.9707	0.0000	63.1270	8.1600	230.9860	0.1625	19.8400	71.3184	NOT CONNECTED	0.0000	500.0000	0.0000	1926.7221	-0.0050	-0.1424	0.0532	0.0531	-1.4455	-0.0283	-1.7309	-0.2061	-10.5575	40.2332	316.7131	10.6623	90.6763	1.7034	0.9852	75.5244
111.1526	1585.0000	0.0650	0.9756	0.0000	55.2150	6.8000	230.9890	0.1505	18.2300	71.4017	NOT CONNECTED	0.0000	500.0000	0.0000	1506.5229	-0.1497	-0.0860	0.0530	0.0535	-1.6189	-0.4085	-0.9274	-0.2646	-10.1884	26.3158	317.3043	7.6481	90.6637	1.1735	0.9881	75.5244
111.4039	1585.0000	0.0650	0.9756	0.0000	55.2150	6.8000	230.9890	0.1505	18.2300	71.4017	NOT CONNECTED	0.0000	500.0000	0.0000	1506.5229	-0.1497	-0.0860	0.0530	0.0535	-1.6189	-0.4085	-0.9274	-0.2646	-10.1884	26.3158	317.3043	7.6481	90.6637	1.1735	0.9881	75.5244
111.7580	1585.0000	0.0650	0.9756	0.0000	55.2150	6.8000	230.9890	0.1505	18.2300	71.4017	NOT CONNECTED	0.0000	500.0000	0.0000	944.2764	-0.1943	-0.1107	0.0532	0.0538	-1.2881	-0.6005	-1.0621	-0.3242	-10.4326	13.7319	317.9443	6.8826	90.6526	1.0608	0.9911	75.5417
112.1615	900.0000	0.1340	0.9705	0.0000	32.0320	2.3600	230.9840	0.1180	13.8200	71.5161	NOT CONNECTED	0.0000	500.0000	0.0000	0.0000	0.0000	0.0000	0.0931	0.0538	-1.1520	-0.5984	-1.2506	-0.3478	-9.1370	-0.9796	317.1346	0.0000	90.6353	1.2981	0.8620	75.5595
112.3631	900.0000	0.1340	0.9705	0.0000	32.0320	2.3600	230.9840	0.1180	13.8200	71.5161	NOT CONNECTED	0.0000	500.0000	0.0000	0.0000	0.0000	0.0000	0.0931	0.0538	-1.1520	-0.5984	-1.2506	-0.3478	-9.1370	-0.9796	317.1346	0.0000	90.6353	1.2981	0.8620	75.5595
112.8975	29.0000	0.0310	0.9307	0.0000	14.5330	6.4700	230.9690	0.1365	16.3900	71.7094	NOT CONNECTED	0.0000	500.0000	0.0000	0.0000	0.0000	0.0000	0.0931	0.0538	-1.1520	-0.5984	-1.2506	-0.3478	-9.1370	-0.9796	321.5826	0.0000	90.5225	1.2981	0.0059	75.5595
112.9534	29.0000	0.0310	0.9307	0.0000	14.5330	6.4700	230.9690	0.1365	16.3900	71.7094	NOT CONNECTED	0.0000	500.0000	0.0000	0.0000	0.0000	0.0000	0.0931	0.0538	-1.1520	-0.5984	-1.2506	-0.3478	-9.1370	-0.9796	321.5826	0.0000	90.5225	1.2981	0.0059	75.5595
113.5578	0.0000	-0.0140	0.0147	0.0000	0.6770	-0.0400	230.9350	0.0000	1.4500	71.8482	NOT CONNECTED	0.0000	500.0000	0.0000	0.0000	0.0000	0.0000	0.0931	0.0538	-1.1520	-0.5984	-1.2506	-0.3478	-9.1370	-0.9796	321.5001	0.0000	90.3666	1.2981	0.0053	75.5693
113.6391	0.0000	-0.0140	0.0147	0.0000	0.6770	-0.0400	230.9350	0.0000	1.4500	71.8482	NOT CONNECTED	0.0000	500.0000	0.0000	0.0000	0.0000	0.0000	0.0931	0.0538	-1.1520	-0.5984	-1.2506	-0.3478	-9.1370	-0.9796	321.5001	0.0000	90.3666	1.2981	0.0053	75.5693
114.1635	0.0000	-0.0140	0.0147	0.0000	0.6770	-0.0400	230.9350	0.0000	1.4500	71.8482	NOT CONNECTED	0.0000	500.0000	0.0000	0.0000	0.0000	0.0000	0.0931	0.0538	-1.1520	-0.5984	-1.2506	-0.3478	0.0000	0.0000	321.5367	0.0000	90.2253	1.2981	0.0051	75.5693
114.7705	0.0000	-0.0140	0.0147	0.0000	0.6750	-0.0400	230.7750	0.0000	1.3000	71.8428	NOT CONNECTED	0.0000	500.0000	0.0000	0.0000	0.0000	0.0000	0.0931	0.0538	-1.1520	-0.5984	-1.2506	-0.3478	0.0000	0.0000	321.4203	0.0000	90.0966	1.2981	0.0055	75.5228
115.3757	0.0000	-0.0140	0.0147	0.0000	0.6750	-0.0400	230.7750	0.0000	1.3000	71.8428	NOT CONNECTED	0.0000	500.0000	0.0000	0.0000	0.0000	0.0000	0.0931	0.0538	-1.1520	-0.5984	-1.2506	-0.3478	0.0000	0.0000	321.3703	0.0000	89.9746	1.2981	0.0053	75.4765
115.8932	0.0000	-0.0140	0.0147	0.0000	0.6750	-0.0400	230.7750	0.0000	1.3000	71.8428	NOT CONNECTED	0.0000	500.0000	0.0000	0.0000	0.0000	0.0000	0.0931	0.0538	-1.1520	-0.5984	-1.2506	-0.3478	0.0000	0.0000	321.2391	0.0000	89.8678	1.2981	0.0051	75.4765
115.9814	NOT CONNECTED	NOT CONNECTED	NOT CONNECTED	NOT CONNECTED	NOT CONNECTED	NOT CONNECTED	NOT CONNECTED	NOT CONNECTED	NOT CONNECTED	NOT CONNECTED	NOT CONNECTED	0.0000	500.0000	0.0000	0.0000	0.0000	0.0000	0.0931	0.0538	-1.1520	-0.5984	-1.2506	-0.3478	0.0000	0.0000	321.2391	0.0000	89.8678	1.2981	0.0051	75.4765
