Time	speed	torque	motor_current	motor_current_thd	motor_voltage	motor_power	line_voltage	line_current	line_power	motor_temperature	Test_Marker	BD_Target_Speed	BD_Target_Accel	BD_Update_Cmd	Mcl_Quantities.Speed_Rot_Mech	Mcl_Quantities.Torque	Mcl_Quantities.Torque_Ref	Mcl_Quantities.Stator_Flux_Mag	Mcl_Quantities.Flux_Ref	Mcl_Quantities.Id_stator_current	Mcl_Quantities.Iq_stator_current	Mcl_Quantities.Id_rotor_current	Rotor_Curr_Iq	Flux_Controller.Out	Torque_Controller.Out	DC_Bus_RMS	Mcl_Quantities.Electrical_Power	Mcl_Quantities.Stator_Temperature	Mcl_Quantities.Is_Abs	Mcl_Quantities.IsRMS	SR_Overheating_Temp
0.7452	0.0000	-0.0140	0.0148	0.0000	0.6780	-0.0400	230.9910	0.0000	1.3300	64.7429	NOT CONNECTED	NOT CONNECTED	NOT CONNECTED	NOT CONNECTED	NOT CONNECTED	NOT CONNECTED	NOT CONNECTED	NOT CONNECTED	NOT CONNECTED	NOT CONNECTED	NOT CONNECTED	NOT CONNECTED	NOT CONNECTED	NOT CONNECTED	NOT CONNECTED	NOT CONNECTED	NOT CONNECTED	NOT CONNECTED	NOT CONNECTED	NOT CONNECTED	NOT CONNECTED
1.4909	0.0000	-0.0140	0.0148	0.0000	0.6780	-0.0400	230.9970	0.0000	1.3300	64.6762	NOT CONNECTED	NOT CONNECTED	NOT CONNECTED	NOT CONNECTED	NOT CONNECTED	NOT CONNECTED	NOT CONNECTED	NOT CONNECTED	NOT CONNECTED	NOT CONNECTED	NOT CONNECTED	NOT CONNECTED	NOT CONNECTED	NOT CONNECTED	NOT CONNECTED	NOT CONNECTED	NOT CONNECTED	NOT CONNECTED	NOT CONNECTED	NOT CONNECTED	NOT CONNECTED
1.5645	0.0000	-0.0140	0.0148	0.0000	0.6780	-0.0400	230.9970	0.0000	1.3300	64.6762	NOT CONNECTED	0.0000	500.0000	0.0000	0.0000	0.0000	0.0000	0.0931	0.0538	-0.9143	-0.6094	-1.0292	-0.3846	0.0000	0.0000	321.6206	0.0000	85.0132	1.0987	0.0051	62.5784
2.1703	0.0000	-0.0140	0.0148	0.0000	0.6790	-0.0400	230.9950	0.0000	1.3300	64.6043	NOT CONNECTED	0.0000	500.0000	0.0000	0.0000	0.0000	0.0000	0.0931	0.0538	-0.9143	-0.6094	-1.0292	-0.3846	0.0000	0.0000	321.6003	0.0000	84.9607	1.0987	0.0051	62.5565
2.2253	0.0000	-0.0140	0.0148	0.0000	0.6790	-0.0400	230.9950	0.0000	1.3300	64.6043	NOT CONNECTED	0.0000	500.0000	0.0000	0.0000	0.0000	0.0000	0.0931	0.0538	-0.9143	-0.6094	-1.0292	-0.3846	0.0000	0.0000	321.6003	0.0000	84.9607	1.0987	0.0051	62.5565
2.7759	0.0000	-0.0140	0.0148	0.0000	0.6790	-0.0400	230.9790	0.0000	1.3200	64.5438	NOT CONNECTED	0.0000	500.0000	0.0000	0.0000	0.0000	0.0000	0.0931	0.0538	-0.9143	-0.6094	-1.0292	-0.3846	0.0000	0.0000	321.6003	0.0000	84.9118	1.0987	0.0053	62.5565
2.9684	0.0000	-0.0140	0.0148	0.0000	0.6790	-0.0400	230.9790	0.0000	1.3200	64.5438	NOT CONNECTED	0.0000	500.0000	0.0000	0.0000	0.0000	0.0000	0.0931	0.0538	-0.9143	-0.6094	-1.0292	-0.3846	0.0000	0.0000	321.6003	0.0000	84.9118	1.0987	0.0053	62.5565
3.3806	0.0000	-0.0140	0.0148	0.0000	0.6780	-0.0400	230.9680	0.0000	1.3300	64.4124	NOT CONNECTED	0.0000	500.0000	0.0000	0.0000	0.0000	0.0000	0.0931	0.0538	-0.9143	-0.6094	-1.0292	-0.3846	0.0000	0.0000	321.5447	0.0000	84.8662	1.0987	0.0049	62.5347
3.7095	0.0000	-0.0140	0.0148	0.0000	0.6780	-0.0400	230.9680	0.0000	1.3300	64.4124	NOT CONNECTED	0.0000	500.0000	0.0000	0.0000	0.0000	0.0000	0.0931	0.0538	-0.9143	-0.6094	-1.0292	-0.3846	0.0000	0.0000	321.5488	0.0000	84.8235	1.0987	0.0053	62.5347
3.9709	0.0000	-0.0140	0.0148	0.0000	0.6780	-0.0400	230.9680	0.0000	1.3300	64.4124	NOT CONNECTED	0.0000	500.0000	0.0000	0.0000	0.0000	0.0000	0.0931	0.0538	-0.9143	-0.6094	-1.0292	-0.3846	0.0000	0.0000	321.5488	0.0000	84.8235	1.0987	0.0053	62.5347
4.4433	0.0000	-0.0140	0.0148	0.0000	0.6780	-0.0400	230.9340	0.0000	1.3100	64.3892	NOT CONNECTED	0.0000	500.0000	0.0000	0.0000	0.0000	0.0000	0.0931	0.0538	-0.9143	-0.6094	-1.0292	-0.3846	0.0000	0.0000	321.5110	0.0000	84.7834	1.0987	0.0053	62.5129
4.5776	0.0000	-0.0140	0.0148	0.0000	0.6780	-0.0400	230.9340	0.0000	1.3100	64.3892	NOT CONNECTED	0.0000	500.0000	0.0000	0.0000	0.0000	0.0000	0.0931	0.0538	-0.9143	-0.6094	-1.0292	-0.3846	0.0000	0.0000	321.5110	0.0000	84.7834	1.0987	0.0053	62.5129
5.1826	0.0000	-0.0140	0.0148	0.0000	0.6780	-0.0400	230.9160	0.0000	1.3200	64.2717	NOT CONNECTED	0.0000	500.0000	0.0000	0.0000	0.0000	0.0000	0.0931	0.0538	-0.9143	-0.6094	-1.0292	-0.3846	0.0000	0.0000	321.4596	0.0000	84.7455	1.0987	0.0053	62.4911
5.1826	0.0000	-0.0140	0.0148	0.0000	0.6780	-0.0400	230.9160	0.0000	1.3200	64.2717	NOT CONNECTED	0.0000	500.0000	0.0000	0.0000	0.0000	0.0000	0.0931	0.0538	-0.9143	-0.6094	-1.0292	-0.3846	0.0000	0.0000	321.4596	0.0000	84.7455	1.0987	0.0053	62.4911
5.7875	0.0000	-0.0140	0.0148	0.0000	0.6790	-0.0400	230.8680	0.0000	1.3100	64.2512	NOT CONNECTED	0.0000	500.0000	0.0000	0.0000	0.0000	0.0000	0.0931	0.0538	-0.9143	-0.6094	-1.0292	-0.3846	0.0000	0.0000	321.4001	0.0000	84.7082	1.0987	0.0055	62.4911
5.9308	0.0000	-0.0140	0.0148	0.0000	0.6790	-0.0400	230.8680	0.0000	1.3100	64.2512	NOT CONNECTED	0.0000	500.0000	0.0000	0.0000	0.0000	0.0000	0.0931	0.0538	-0.9143	-0.6094	-1.0292	-0.3846	0.0000	0.0000	321.4001	0.0000	84.7082	1.0987	0.0055	62.4911
6.3934	0.0000	-0.0140	0.0148	0.0000	0.6790	-0.0400	230.8430	0.0000	1.3100	64.1534	NOT CONNECTED	0.0000	500.0000	0.0000	0.0000	0.0000	0.0000	0.0931	0.0538	-0.9143	-0.6094	-1.0292	-0.3846	0.0000	0.0000	321.3798	0.0000	84.6743	1.0987	0.0055	62.4694
6.6807	0.0000	-0.0140	0.0148	0.0000	0.6790	-0.0400	230.8430	0.0000	1.3100	64.1534	NOT CONNECTED	0.0000	500.0000	0.0000	0.0000	0.0000	0.0000	0.0931	0.0538	-0.9143	-0.6094	-1.0292	-0.3846	0.0000	0.0000	321.3798	0.0000	84.6743	1.0987	0.0055	62.4694
6.9993	0.0000	-0.0140	0.0148	0.0000	0.6790	-0.0400	230.8430	0.0000	1.3100	64.1534	NOT CONNECTED	0.0000	500.0000	0.0000	0.0000	0.0000	0.0000	0.0931	0.0538	-0.9143	-0.6094	-1.0292	-0.3846	0.0000	0.0000	321.3514	0.0000	84.6420	1.0987	0.0053	62.4694
7.4241	0.0000	-0.0140	0.0148	0.0000	0.6790	-0.0400	230.7870	0.0000	1.3000	64.0504	NOT CONNECTED	0.0000	500.0000	0.0000	0.0000	0.0000	0.0000	0.0931	0.0538	-0.9143	-0.6094	-1.0292	-0.3846	0.0000	0.0000	321.2513	0.0000	84.6098	1.0987	0.0051	62.4477
7.6210	0.0000	-0.0140	0.0148	0.0000	0.6790	-0.0400	230.7870	0.0000	1.3000	64.0504	NOT CONNECTED	0.0000	500.0000	0.0000	0.0000	0.0000	0.0000	0.0931	0.0538	-0.9143	-0.6094	-1.0292	-0.3846	0.0000	0.0000	321.2513	0.0000	84.6098	1.0987	0.0051	62.4477
8.1767	0.0000	-0.0140	0.0148	0.0000	0.6790	-0.0400	230.7550	0.0000	1.2900	64.0463	NOT CONNECTED	0.0000	500.0000	0.0000	0.0000	0.0000	0.0000	0.0931	0.0538	-0.9143	-0.6094	-1.0292	-0.3846	0.0000	0.0000	321.1944	0.0000	84.5802	1.0987	0.0053	62.4260
8.2265	0.0000	-0.0140	0.0148	0.0000	0.6790	-0.0400	230.7550	0.0000	1.2900	64.0463	NOT CONNECTED	0.0000	500.0000	0.0000	0.0000	0.0000	0.0000	0.0931	0.0538	-0.9143	-0.6094	-1.0292	-0.3846	0.0000	0.0000	321.1944	0.0000	84.5802	1.0987	0.0053	62.4260
8.8321	0.0000	-0.0140	0.0148	0.0000	0.6790	-0.0400	230.7550	0.0000	1.2900	64.0463	NOT CONNECTED	0.0000	500.0000	0.0000	0.0000	0.0000	0.0000	0.0931	0.0538	-0.9143	-0.6094	-1.0292	-0.3846	0.0000	0.0000	321.1512	0.0000	84.5519	1.0987	0.0050	62.4260
9.4380	0.0000	-0.0140	0.0148	0.0000	0.6790	-0.0400	230.6170	0.0000	1.2900	63.7792	NOT CONNECTED	0.0000	500.0000	0.0000	0.0000	0.0000	0.0000	0.0931	0.0538	-0.9143	-0.6094	-1.0292	-0.3846	0.0000	0.0000	321.0997	0.0000	84.5245	1.0987	0.0050	62.4043
10.0433	0.0000	-0.0140	0.0148	0.0000	0.6790	-0.0400	230.6170	0.0000	1.2900	63.7792	NOT CONNECTED	0.0000	500.0000	0.0000	0.0000	0.0000	0.0000	0.0931	0.0538	-0.9143	-0.6094	-1.0292	-0.3846	0.0000	0.0000	321.0889	0.0000	84.4980	1.0987	0.0055	62.4043
10.4268	0.0000	-0.0140	0.0148	0.0000	0.6790	-0.0400	230.6170	0.0000	1.2900	63.7792	NOT CONNECTED	0.0000	500.0000	0.0000	0.0000	0.0000	0.0000	0.0931	0.0538	-0.9143	-0.6094	-1.0292	-0.3846	0.0000	0.0000	321.0226	0.0000	84.4715	1.0987	0.0052	62.3827
10.6490	0.0000	-0.0140	0.0148	0.0000	0.6790	-0.0400	230.6170	0.0000	1.2900	63.7792	NOT CONNECTED	0.0000	500.0000	0.0000	0.0000	0.0000	0.0000	0.0931	0.0538	-0.9143	-0.6094	-1.0292	-0.3846	0.0000	0.0000	321.0226	0.0000	84.4715	1.0987	0.0052	62.3827
11.1768	0.0000	-0.0140	0.0148	0.0000	0.6790	-0.0400	230.5950	0.0000	1.2900	63.6974	NOT CONNECTED	0.0000	500.0000	0.0000	0.0000	0.0000	0.0000	0.0931	0.0538	-0.9143	-0.6094	-1.0292	-0.3846	0.0000	0.0000	320.9793	0.0000	84.4457	1.0987	0.0057	62.3612
11.2708	0.0000	-0.0140	0.0148	0.0000	0.6790	-0.0400	230.5950	0.0000	1.2900	63.6974	NOT CONNECTED	0.0000	500.0000	0.0000	0.0000	0.0000	0.0000	0.0931	0.0538	-0.9143	-0.6094	-1.0292	-0.3846	0.0000	0.0000	320.9793	0.0000	84.4457	1.0987	0.0057	62.3612
11.8763	0.0000	-0.0140	0.0148	0.0000	0.6800	-0.0400	230.5640	0.0000	1.3100	63.6275	NOT CONNECTED	0.0000	500.0000	0.0000	0.0000	0.0000	0.0000	0.0931	0.0538	-0.9143	-0.6094	-1.0292	-0.3846	0.0000	0.0000	320.9509	0.0000	84.4217	1.0987	0.0059	62.3612
11.9179	0.0000	-0.0140	0.0148	0.0000	0.6800	-0.0400	230.5640	0.0000	1.3100	63.6275	NOT CONNECTED	0.0000	500.0000	0.0000	0.0000	0.0000	0.0000	0.0931	0.0538	-0.9143	-0.6094	-1.0292	-0.3846	0.0000	0.0000	320.9509	0.0000	84.4217	1.0987	0.0059	62.3612
12.4813	0.0000	-0.0140	0.0148	0.0000	0.6800	-0.0400	230.5640	0.0000	1.3100	63.6275	NOT CONNECTED	0.0000	500.0000	0.0000	0.0000	0.0000	0.0000	0.0931	0.0538	-0.9143	-0.6094	-1.0292	-0.3846	0.0000	0.0000	320.9279	0.0000	84.3982	1.0987	0.0057	62.3396
13.0878	0.0000	-0.0140	0.0148	0.0000	0.6800	-0.0400	230.5640	0.0000	1.3100	63.6275	NOT CONNECTED	0.0000	500.0000	0.0000	0.0000	0.0000	0.0000	0.0931	0.0538	-0.9143	-0.6094	-1.0292	-0.3846	0.0000	0.0000	320.9901	0.0000	84.3755	1.0987	0.0050	62.3181
13.6919	0.0000	-0.0140	0.0148	0.0000	0.6790	-0.0400	230.5610	0.0000	1.3100	63.3858	NOT CONNECTED	0.0000	500.0000	0.0000	0.0000	0.0000	0.0000	0.0931	0.0538	-0.9143	-0.6094	-1.0292	-0.3846	0.0000	0.0000	320.9550	0.0000	84.3531	1.0987	0.0055	62.3181
14.2984	0.0000	-0.0140	0.0148	0.0000	0.6790	-0.0400	230.5610	0.0000	1.3100	63.3858	NOT CONNECTED	0.0000	500.0000	0.0000	0.0000	0.0000	0.0000	0.0931	0.0538	-0.9143	-0.6094	-1.0292	-0.3846	0.0000	0.0000	320.9712	0.0000	84.3302	1.0987	0.0050	62.2966
14.4257	0.0000	-0.0140	0.0148	0.0000	0.6790	-0.0400	230.5610	0.0000	1.3100	63.3858	NOT CONNECTED	0.0000	500.0000	0.0000	0.0000	0.0000	0.0000	0.0931	0.0538	-0.9143	-0.6094	-1.0292	-0.3846	0.0000	0.0000	320.9712	0.0000	84.3302	1.0987	0.0050	62.2966
14.9040	0.0000	-0.0140	0.0147	0.0000	0.6800	-0.0400	230.5720	0.0000	1.3000	63.3194	NOT CONNECTED	0.0000	500.0000	0.0000	0.0000	0.0000	0.0000	0.0931	0.0538	-0.9143	-0.6094	-1.0292	-0.3846	0.0000	0.0000	320.9942	0.0000	84.3088	1.0987	0.0054	62.2966
15.1640	0.0000	-0.0140	0.0147	0.0000	0.6800	-0.0400	230.5720	0.0000	1.3000	63.3194	NOT CONNECTED	0.0000	500.0000	0.0000	0.0000	0.0000	0.0000	0.0931	0.0538	-0.9143	-0.6094	-1.0292	-0.3846	0.0000	0.0000	320.9942	0.0000	84.3088	1.0987	0.0054	62.2966
15.5262	0.0000	-0.0140	0.0147	0.0000	0.6800	-0.0400	230.5720	0.0000	1.3000	63.3194	NOT CONNECTED	4000.0000	500.0000	0.0000	0.0000	0.0000	0.0000	0.0931	0.0538	-0.9143	-0.6094	-1.0292	-0.3846	0.0000	0.0000	321.0307	0.0000	84.2867	1.0987	0.0053	62.2752
15.8970	0.0000	-0.0140	0.0147	0.0000	0.6790	-0.0400	230.6050	0.0000	1.3000	63.2384	NOT CONNECTED	4000.0000	500.0000	0.0000	0.0000	0.0000	0.0000	0.0931	0.0538	-0.9143	-0.6094	-1.0292	-0.3846	0.0000	0.0000	321.1106	0.0000	84.2660	1.0987	0.0053	62.2538
16.1314	0.0000	-0.0140	0.0147	0.0000	0.6790	-0.0400	230.6050	0.0000	1.3000	63.2384	NOT CONNECTED	4000.0000	500.0000	0.0000	0.0000	0.0000	0.0000	0.0931	0.0538	-0.9143	-0.6094	-1.0292	-0.3846	0.0000	0.0000	321.1106	0.0000	84.2660	1.0987	0.0053	62.2538
16.6341	0.0000	-0.0140	0.0147	0.0000	0.6790	-0.0400	230.6260	0.0000	1.2900	63.1596	NOT CONNECTED	4000.0000	500.0000	0.0000	0.0000	0.0000	0.0000	0.0931	0.0538	-0.9143	-0.6094	-1.0292	-0.3846	0.0000	0.0000	321.1295	0.0000	84.2446	1.0987	0.0054	62.2538
16.7533	0.0000	-0.0140	0.0147	0.0000	0.6790	-0.0400	230.6260	0.0000	1.2900	63.1596	NOT CONNECTED	4000.0000	500.0000	0.0000	0.0000	0.0000	0.0000	0.0931	0.0538	-0.9143	-0.6094	-1.0292	-0.3846	0.0000	0.0000	321.1295	0.0000	84.2446	1.0987	0.0054	62.2538
17.3583	0.0000	-0.0140	0.0148	0.0000	0.6790	-0.0400	230.6770	0.0000	1.2800	63.1277	NOT CONNECTED	4000.0000	500.0000	0.0000	0.0000	0.0000	0.0000	0.0931	0.0538	-0.9143	-0.6094	-1.0292	-0.3846	0.0000	0.0000	321.2026	0.0000	84.2245	1.0987	0.0054	62.2324
17.3753	0.0000	-0.0140	0.0148	0.0000	0.6790	-0.0400	230.6770	0.0000	1.2800	63.1277	NOT CONNECTED	4000.0000	500.0000	0.0000	0.0000	0.0000	0.0000	0.0931	0.0538	-0.9143	-0.6094	-1.0292	-0.3846	0.0000	0.0000	321.2026	0.0000	84.2245	1.0987	0.0054	62.2324
17.9481	0.0000	-0.0140	0.0148	0.0000	0.6790	-0.0400	230.7080	0.0000	1.2900	63.0542	NOT CONNECTED	4000.0000	500.0000	0.0000	0.0000	0.0000	0.0000	0.0931	0.0538	-0.9143	-0.6094	-1.0292	-0.3846	0.0000	0.0000	321.2580	0.0000	84.2047	1.0987	0.0051	62.2324
18.1081	0.0000	-0.0140	0.0148	0.0000	0.6790	-0.0400	230.7080	0.0000	1.2900	63.0542	NOT CONNECTED	4000.0000	500.0000	0.0000	0.0000	0.0000	0.0000	0.0931	0.0538	-0.9143	-0.6094	-1.0292	-0.3846	0.0000	0.0000	321.2580	0.0000	84.2047	1.0987	0.0051	62.2324
18.5539	0.0000	-0.0140	0.0148	0.0000	0.6780	-0.0400	230.7710	0.0000	1.2800	63.0054	NOT CONNECTED	4000.0000	500.0000	0.0000	0.0000	0.0000	0.0000	0.0931	0.0538	-0.9143	-0.6094	-1.0292	-0.3846	0.0000	0.0000	321.2905	0.0000	84.1849	1.0987	0.0051	62.2111
18.8770	0.0000	-0.0140	0.0148	0.0000	0.6780	-0.0400	230.7710	0.0000	1.2800	63.0054	NOT CONNECTED	4000.0000	500.0000	0.0000	0.0000	0.0000	0.0000	0.0931	0.0538	-0.9143	-0.6094	-1.0292	-0.3846	0.0000	0.0000	321.3649	0.0000	84.1653	1.0987	0.0052	62.1897
19.1593	0.0000	-0.0140	0.0148	0.0000	0.6780	-0.0400	230.7710	0.0000	1.2800	63.0054	NOT CONNECTED	4000.0000	500.0000	0.0000	0.0000	0.0000	0.0000	0.0931	0.0538	-0.9143	-0.6094	-1.0292	-0.3846	0.0000	0.0000	321.3649	0.0000	84.1653	1.0987	0.0052	62.1897
19.6155	0.0000	-0.0140	0.0148	0.0000	0.6780	-0.0400	230.8030	0.0000	1.2800	62.9204	NOT CONNECTED	4000.0000	500.0000	0.0000	0.0000	0.0000	0.0000	0.0931	0.0538	-0.9143	-0.6094	-1.0292	-0.0163	0.7000	0.0000	316.4365	0.0000	84.1463	1.0987	0.0053	62.1897
19.7650	0.0000	-0.0140	0.0148	0.0000	0.6780	-0.0400	230.8030	0.0000	1.2800	62.9204	NOT CONNECTED	4000.0000	500.0000	0.0000	0.0000	0.0000	0.0000	0.0931	0.0538	-0.9143	-0.6094	-1.0292	-0.0163	0.7000	0.0000	316.4365	0.0000	84.1463	1.0987	0.0053	62.1897
20.3707	46.0000	-0.0770	0.1847	0.0000	2.9040	0.8400	230.8650	0.0506	3.2000	62.9000	NOT CONNECTED	4000.0000	500.0000	0.0000	-0.8861	0.1201	0.0000	0.1507	0.0538	2.0312	0.1311	2.0511	0.2447	15.2950	0.0000	309.8240	46.7288	84.1501	2.0391	0.7450	62.1685
20.9760	0.0000	-0.0550	1.3386	0.0000	14.8490	41.8000	230.8530	0.4026	56.2500	62.8355	NOT CONNECTED	4000.0000	500.0000	0.0000	0.0262	0.0944	0.0000	0.1682	0.0538	3.0450	0.0920	3.0310	0.2246	22.1899	0.0000	303.2000	101.2239	84.4214	3.0183	1.8559	62.1685
21.1072	0.0000	-0.0550	1.3386	0.0000	14.8490	41.8000	230.8530	0.4026	56.2500	62.8355	NOT CONNECTED	4000.0000	500.0000	0.0000	0.0262	0.0944	0.0000	0.1682	0.0538	3.0450	0.0920	3.0310	0.2246	22.1899	0.0000	303.2000	101.2239	84.4214	3.0183	1.8559	62.1685
21.5826	0.0000	-0.0550	1.9996	0.0000	21.8690	94.0400	230.8870	0.7792	118.0900	62.8627	NOT CONNECTED	4000.0000	500.0000	0.0000	0.1208	0.0876	0.0000	0.1684	0.0538	2.9970	0.0868	3.0355	0.1650	19.2299	0.0000	303.3936	100.5719	85.0206	2.9982	2.1478	62.1821
21.8773	0.0000	-0.0550	1.9996	0.0000	21.8690	94.0400	230.8870	0.7792	118.0900	62.8627	NOT CONNECTED	4000.0000	500.0000	0.0000	0.1208	0.0876	0.0000	0.1684	0.0538	2.9970	0.0868	3.0355	0.1650	19.2299	0.0000	303.3936	100.5719	85.0206	2.9982	2.1478	62.1821
22.1872	0.0000	-0.0550	1.9996	0.0000	21.8690	94.0400	230.8870	0.7792	118.0900	62.8627	NOT CONNECTED	4000.0000	500.0000	0.0000	-0.3914	0.0340	0.0025	0.1049	0.1117	0.9741	0.0500	0.6502	0.0845	8.5676	0.3465	316.9923	9.1533	85.3184	0.7948	0.7527	62.3842
22.6203	0.0000	-0.0580	0.6325	0.0000	7.5040	9.2600	231.0060	0.1436	17.2400	62.8916	NOT CONNECTED	4000.0000	500.0000	0.0000	192.5982	0.2512	0.2952	0.1117	0.1106	0.9598	0.3737	0.9305	0.5188	6.3602	14.0126	314.9880	18.3348	85.2479	1.0976	0.7675	62.3842
22.7927	0.0000	-0.0580	0.6325	0.0000	7.5040	9.2600	231.0060	0.1436	17.2400	62.8916	NOT CONNECTED	4000.0000	500.0000	0.0000	192.5982	0.2512	0.2952	0.1117	0.1106	0.9598	0.3737	0.9305	0.5188	6.3602	14.0126	314.9880	18.3348	85.2479	1.0976	0.7675	62.3842
23.3706	381.0000	-0.1080	0.5381	0.0000	17.1590	10.2100	230.9820	0.1568	19.2300	62.9874	NOT CONNECTED	4000.0000	500.0000	0.0000	516.9332	0.1668	0.1780	0.0936	0.0937	0.3883	0.2993	0.3444	0.2485	2.2225	23.5021	316.8929	9.7215	85.1639	0.4660	0.2824	62.4690
23.3984	381.0000	-0.1080	0.5381	0.0000	17.1590	10.2100	230.9820	0.1568	19.2300	62.9874	NOT CONNECTED	4000.0000	500.0000	0.0000	516.9332	0.1668	0.1780	0.0936	0.0937	0.3883	0.2993	0.3444	0.2485	2.2225	23.5021	316.8929	9.7215	85.1639	0.4660	0.2824	62.4690
24.0039	753.0000	-0.1130	0.3004	0.0000	27.0250	8.8700	230.9900	0.1270	15.1500	62.9941	NOT CONNECTED	4000.0000	500.0000	0.0000	823.7068	0.1321	0.1491	0.0934	0.0934	0.3420	0.2362	0.4016	0.2684	1.9508	35.1431	315.6442	13.7569	85.0442	0.4891	0.3125	62.4690
24.1107	753.0000	-0.1130	0.3004	0.0000	27.0250	8.8700	230.9900	0.1270	15.1500	62.9941	NOT CONNECTED	4000.0000	500.0000	0.0000	823.7068	0.1321	0.1491	0.0934	0.0934	0.3420	0.2362	0.4016	0.2684	1.9508	35.1431	315.6442	13.7569	85.0442	0.4891	0.3125	62.4690
24.6085	1128.0000	-0.1130	0.3150	0.0000	50.8330	16.6100	230.9780	0.1881	23.7500	63.0312	NOT CONNECTED	4000.0000	500.0000	0.0000	1126.6201	0.1424	0.1542	0.0937	0.0935	0.3029	0.2561	0.3009	0.3218	2.3613	47.2707	314.6403	18.5735	84.9374	0.3921	0.3176	62.4679
24.8762	1128.0000	-0.1130	0.3150	0.0000	50.8330	16.6100	230.9780	0.1881	23.7500	63.0312	NOT CONNECTED	4000.0000	500.0000	0.0000	1126.6201	0.1424	0.1542	0.0937	0.0935	0.3029	0.2561	0.3009	0.3218	2.3613	47.2707	314.6403	18.5735	84.9374	0.3921	0.3176	62.4679
25.2143	1128.0000	-0.1130	0.3150	0.0000	50.8330	16.6100	230.9780	0.1881	23.7500	63.0312	NOT CONNECTED	4000.0000	500.0000	0.0000	1416.9037	0.1508	0.1842	0.0935	0.0935	0.3114	0.2706	0.4046	0.2965	2.0588	59.0506	313.5607	23.2419	84.8416	0.5386	0.3246	62.4523
25.6115	1508.0000	-0.1140	0.3205	0.0000	62.7140	20.7700	230.9670	0.2195	28.3000	63.0475	NOT CONNECTED	4000.0000	500.0000	0.0000	1722.1584	0.1788	0.1715	0.0936	0.0937	0.3423	0.3269	0.2845	0.3502	2.2942	70.9965	312.6720	28.8565	84.7552	0.4337	0.3289	62.4523
25.8201	1508.0000	-0.1140	0.3205	0.0000	62.7140	20.7700	230.9670	0.2195	28.3000	63.0475	NOT CONNECTED	4000.0000	500.0000	0.0000	1722.1584	0.1788	0.1715	0.0936	0.0937	0.3423	0.3269	0.2845	0.3502	2.2942	70.9965	312.6720	28.8565	84.7552	0.4337	0.3289	62.4523
26.3723	1882.0000	-0.1140	0.3282	0.0000	86.7100	29.2600	230.9300	0.2816	37.4200	63.0710	NOT CONNECTED	4000.0000	500.0000	0.0000	2019.3541	0.1417	0.1981	0.0937	0.0935	0.3677	0.2537	0.3580	0.3666	2.8285	84.2203	311.6873	34.6692	84.6741	0.4375	0.3333	62.4378
26.4261	1882.0000	-0.1140	0.3282	0.0000	86.7100	29.2600	230.9300	0.2816	37.4200	63.0710	NOT CONNECTED	4000.0000	500.0000	0.0000	2019.3541	0.1417	0.1981	0.0937	0.0935	0.3677	0.2537	0.3580	0.3666	2.8285	84.2203	311.6873	34.6692	84.6741	0.4375	0.3333	62.4378
27.0308	2253.0000	-0.1190	0.3326	0.0000	98.8730	33.8200	230.9040	0.3135	42.2600	63.0857	NOT CONNECTED	4000.0000	500.0000	0.0000	2334.5200	0.1408	0.1601	0.0936	0.0935	0.3898	0.2562	0.3171	0.2837	2.5770	94.8057	310.8408	40.6362	84.6037	0.4356	0.3336	62.4378
27.1064	2253.0000	-0.1190	0.3326	0.0000	98.8730	33.8200	230.9040	0.3135	42.2600	63.0857	NOT CONNECTED	4000.0000	500.0000	0.0000	2334.5200	0.1408	0.1601	0.0936	0.0935	0.3898	0.2562	0.3171	0.2837	2.5770	94.8057	310.8408	40.6362	84.6037	0.4356	0.3336	62.4378
27.6370	2617.0000	-0.1230	0.3396	0.0000	122.9450	43.3100	230.8430	0.3783	52.2800	63.0432	NOT CONNECTED	4000.0000	500.0000	0.0000	2640.4338	0.1550	0.1498	0.0934	0.0935	0.4313	0.2632	0.4190	0.3280	2.4907	106.5685	309.9362	46.3088	84.5402	0.5321	0.3425	62.4247
27.8770	2617.0000	-0.1230	0.3396	0.0000	122.9450	43.3100	230.8430	0.3783	52.2800	63.0432	NOT CONNECTED	4000.0000	500.0000	0.0000	2640.4338	0.1550	0.1498	0.0934	0.0935	0.4313	0.2632	0.4190	0.3280	2.4907	106.5685	309.9362	46.3088	84.5402	0.5321	0.3425	62.4247
28.2429	2617.0000	-0.1230	0.3396	0.0000	122.9450	43.3100	230.8430	0.3783	52.2800	63.0432	NOT CONNECTED	4000.0000	500.0000	0.0000	2943.7190	0.1486	0.1574	0.0936	0.0935	0.3191	0.2691	0.3036	0.3160	2.1993	119.7772	308.9897	51.8991	84.4804	0.4213	0.3473	62.4131
28.6216	3013.0000	-0.1260	0.3435	0.0000	134.8790	48.1800	230.8110	0.4112	57.4200	63.0145	NOT CONNECTED	4000.0000	500.0000	0.0000	3241.0499	0.1447	0.1496	0.0935	0.0935	0.3450	0.2555	0.3982	0.3493	1.0155	127.7527	308.1554	58.3131	84.4306	0.4914	0.3525	62.4131
28.8315	3013.0000	-0.1260	0.3435	0.0000	134.8790	48.1800	230.8110	0.4112	57.4200	63.0145	NOT CONNECTED	4000.0000	500.0000	0.0000	3241.0499	0.1447	0.1496	0.0935	0.0935	0.3450	0.2555	0.3982	0.3493	1.0155	127.7527	308.1554	58.3131	84.4306	0.4914	0.3525	62.4131
29.3704	3384.0000	-0.1300	0.3514	0.0000	159.0240	58.7100	230.7380	0.4793	68.2300	62.9910	NOT CONNECTED	4000.0000	500.0000	0.0000	3529.1866	0.1543	0.1772	0.0936	0.0935	0.3277	0.2788	0.3518	0.3180	2.2925	141.7570	307.2673	64.2827	84.3833	0.4322	0.3564	62.4036
29.4380	3384.0000	-0.1300	0.3514	0.0000	159.0240	58.7100	230.7380	0.4793	68.2300	62.9910	NOT CONNECTED	4000.0000	500.0000	0.0000	3529.1866	0.1543	0.1772	0.0936	0.0935	0.3277	0.2788	0.3518	0.3180	2.2925	141.7570	307.2673	64.2827	84.3833	0.4322	0.3564	62.4036
30.0431	3756.0000	-0.1320	0.3550	0.0000	171.2210	64.2900	230.7040	0.5146	73.8700	62.9976	NOT CONNECTED	4000.0000	500.0000	0.0000	3832.0099	0.1848	0.1774	0.0944	0.0936	0.4935	0.3226	0.4397	0.3872	2.9619	152.9946	306.4981	69.3226	84.3397	0.4843	0.3574	62.4036
30.1167	3756.0000	-0.1320	0.3550	0.0000	171.2210	64.2900	230.7040	0.5146	73.8700	62.9976	NOT CONNECTED	4000.0000	500.0000	0.0000	3832.0099	0.1848	0.1774	0.0944	0.0936	0.4935	0.3226	0.4397	0.3872	2.9619	152.9946	306.4981	69.3226	84.3397	0.4843	0.3574	62.4036
30.6487	4014.0000	-0.0500	0.3281	0.0000	194.2030	54.2600	230.6630	0.4767	66.6600	62.8970	NOT CONNECTED	4000.0000	500.0000	0.0000	4022.3125	0.0710	0.0353	0.0930	0.0930	0.3787	0.1087	0.4295	0.1585	4.3835	159.0704	311.6222	30.2253	84.2986	0.4416	0.3562	62.3967
30.8784	4014.0000	-0.0500	0.3281	0.0000	194.2030	54.2600	230.6630	0.4767	66.6600	62.8970	NOT CONNECTED	4000.0000	500.0000	0.0000	4022.3125	0.0710	0.0353	0.0930	0.0930	0.3787	0.1087	0.4295	0.1585	4.3835	159.0704	311.6222	30.2253	84.2986	0.4416	0.3562	62.3967
31.2585	3999.0000	-0.0560	0.2924	0.0000	192.8860	33.8700	230.6530	0.3144	42.1900	62.8461	NOT CONNECTED	4000.0000	500.0000	0.0000	4002.1726	0.0743	0.0731	0.0933	0.0931	0.4549	0.1115	0.3220	0.1415	2.4435	159.9683	311.2018	33.8065	84.2561	0.3589	0.2981	62.3906
31.6349	3999.0000	-0.0560	0.2924	0.0000	192.8860	33.8700	230.6530	0.3144	42.1900	62.8461	NOT CONNECTED	4000.0000	500.0000	0.0000	4002.1726	0.0743	0.0731	0.0933	0.0931	0.4549	0.1115	0.3220	0.1415	2.4435	159.9683	311.2018	33.8065	84.2561	0.3589	0.2981	62.3906
32.3695	4001.0000	-0.0550	0.2937	0.0000	192.7150	35.1700	230.6000	0.3238	43.6300	62.8153	NOT CONNECTED	4000.0000	500.0000	0.0000	4003.9200	0.0482	0.0616	0.0931	0.0930	0.4169	0.0654	0.4206	0.1603	0.6586	159.0390	311.0299	33.2450	84.1840	0.4020	0.2977	62.3816
32.3747	4001.0000	-0.0550	0.2937	0.0000	192.7150	35.1700	230.6000	0.3238	43.6300	62.8153	NOT CONNECTED	4000.0000	500.0000	0.0000	4003.9200	0.0482	0.0616	0.0931	0.0930	0.4169	0.0654	0.4206	0.1603	0.6586	159.0390	311.0299	33.2450	84.1840	0.4020	0.2977	62.3816
32.9740	3996.0000	-0.0550	0.2937	0.0000	192.6820	35.1900	230.5850	0.3241	43.6900	62.7960	NOT CONNECTED	4000.0000	500.0000	0.0000	4000.8455	0.0749	0.0734	0.0929	0.0931	0.3063	0.1409	0.3392	0.1393	1.7360	154.6749	310.9378	33.5978	84.1487	0.3863	0.2955	62.3816
33.1071	3996.0000	-0.0550	0.2937	0.0000	192.6820	35.1900	230.5850	0.3241	43.6900	62.7960	NOT CONNECTED	4000.0000	500.0000	0.0000	4000.8455	0.0749	0.0734	0.0929	0.0931	0.3063	0.1409	0.3392	0.1393	1.7360	154.6749	310.9378	33.5978	84.1487	0.3863	0.2955	62.3816
33.5801	4000.0000	-0.0550	0.2936	0.0000	192.6970	35.4000	230.5550	0.3255	43.9000	62.7127	NOT CONNECTED	4000.0000	500.0000	0.0000	4000.3900	0.0725	0.0749	0.0933	0.0931	0.3784	0.1343	0.3229	0.2204	-7.5446	153.7875	310.9947	33.8340	84.1162	0.4078	0.2996	62.3731
33.9498	4000.0000	-0.0550	0.2936	0.0000	192.6970	35.4000	230.5550	0.3255	43.9000	62.7127	NOT CONNECTED	4000.0000	500.0000	0.0000	3995.5020	0.0624	0.0936	0.0940	0.0931	0.4191	0.0971	0.4693	0.1713	6.7433	158.4381	310.9297	33.5286	84.0861	0.3801	0.2997	62.3643
34.1860	4000.0000	-0.0550	0.2936	0.0000	192.6970	35.4000	230.5550	0.3255	43.9000	62.7127	NOT CONNECTED	4000.0000	500.0000	0.0000	3995.5020	0.0624	0.0936	0.0940	0.0931	0.4191	0.0971	0.4693	0.1713	6.7433	158.4381	310.9297	33.5286	84.0861	0.3801	0.2997	62.3643
34.6918	4000.0000	-0.0550	0.2939	0.0000	192.7020	35.3000	230.5450	0.3248	43.7800	62.6886	NOT CONNECTED	4000.0000	500.0000	0.0000	4001.8477	0.0619	0.0697	0.0932	0.0931	0.3647	0.1289	0.3770	0.1704	1.3043	157.0605	310.8716	34.5216	84.0576	0.3872	0.3001	62.3643
34.7908	4000.0000	-0.0550	0.2939	0.0000	192.7020	35.3000	230.5450	0.3248	43.7800	62.6886	NOT CONNECTED	4000.0000	500.0000	0.0000	4001.8477	0.0619	0.0697	0.0932	0.0931	0.3647	0.1289	0.3770	0.1704	1.3043	157.0605	310.8716	34.5216	84.0576	0.3872	0.3001	62.3643
35.3978	4001.0000	-0.0550	0.2940	0.0000	192.7130	35.3500	230.5330	0.3252	43.8900	62.6471	NOT CONNECTED	4000.0000	500.0000	0.0000	4001.8725	0.0731	0.0695	0.0932	0.0931	0.4462	0.1391	0.3563	0.1150	1.3393	159.1067	310.8946	33.1948	84.0297	0.3333	0.3003	62.3554
35.4316	4001.0000	-0.0550	0.2940	0.0000	192.7130	35.3500	230.5330	0.3252	43.8900	62.6471	NOT CONNECTED	4000.0000	500.0000	0.0000	4001.8725	0.0731	0.0695	0.0932	0.0931	0.4462	0.1391	0.3563	0.1150	1.3393	159.1067	310.8946	33.1948	84.0297	0.3333	0.3003	62.3554
36.0023	4002.0000	-0.0550	0.2940	0.0000	192.7290	35.2000	230.5300	0.3243	43.7300	62.6175	NOT CONNECTED	4000.0000	500.0000	0.0000	4001.8392	0.0685	0.0695	0.0926	0.0931	0.3820	0.1178	0.3727	0.2107	-0.3419	158.7051	310.8771	33.2160	84.0036	0.4057	0.2858	62.3554
36.2816	4002.0000	-0.0550	0.2940	0.0000	192.7290	35.2000	230.5300	0.3243	43.7300	62.6175	NOT CONNECTED	4000.0000	500.0000	0.0000	4001.8392	0.0685	0.0695	0.0926	0.0931	0.3820	0.1178	0.3727	0.2107	-0.3419	158.7051	310.8771	33.2160	84.0036	0.4057	0.2858	62.3554
36.5921	4002.0000	-0.0550	0.2940	0.0000	192.7290	35.2000	230.5300	0.3243	43.7300	62.6175	NOT CONNECTED	4000.0000	500.0000	0.0000	3992.6682	0.0918	0.1066	0.0934	0.0932	0.3828	0.1698	0.3329	0.2080	5.6537	151.5477	310.6363	35.0929	83.9792	0.4365	0.3003	62.3469
37.0235	3995.0000	-0.0560	0.2959	0.0000	192.8120	36.4200	230.5280	0.3318	44.8900	62.5436	NOT CONNECTED	4000.0000	500.0000	0.0000	4000.8781	0.0737	0.0791	0.0933	0.0931	0.3158	0.1295	0.3755	0.1353	0.2328	158.8523	310.4376	37.6263	83.9563	0.4727	0.3032	62.3382
37.1979	3995.0000	-0.0560	0.2959	0.0000	192.8120	36.4200	230.5280	0.3318	44.8900	62.5436	NOT CONNECTED	4000.0000	500.0000	0.0000	4000.8781	0.0737	0.0791	0.0933	0.0931	0.3158	0.1295	0.3755	0.1353	0.2328	158.8523	310.4376	37.6263	83.9563	0.4727	0.3032	62.3382
37.8036	4004.0000	-0.0630	0.3004	0.0000	192.9640	39.4700	230.5390	0.3520	48.0100	62.5310	NOT CONNECTED	4000.0000	500.0000	0.0000	3995.6279	0.0748	0.1046	0.0932	0.0931	0.4187	0.1303	0.3072	0.1370	2.1482	148.6882	309.9344	40.6012	83.9346	0.3864	0.3040	62.3382
37.8756	4004.0000	-0.0630	0.3004	0.0000	192.9640	39.4700	230.5390	0.3520	48.0100	62.5310	NOT CONNECTED	4000.0000	500.0000	0.0000	3995.6279	0.0748	0.1046	0.0932	0.0931	0.4187	0.1303	0.3072	0.1370	2.1482	148.6882	309.9344	40.6012	83.9346	0.3864	0.3040	62.3382
38.3936	3996.0000	-0.0820	0.3059	0.0000	193.1950	42.6800	230.5470	0.3724	51.2100	62.4388	NOT CONNECTED	4000.0000	500.0000	0.0000	4002.4157	0.1033	0.0882	0.0932	0.0933	0.4168	0.1579	0.3393	0.1580	1.1573	158.0547	309.4868	45.8545	83.9138	0.5419	0.3124	62.3294
38.6138	3996.0000	-0.0820	0.3059	0.0000	193.1950	42.6800	230.5470	0.3724	51.2100	62.4388	NOT CONNECTED	4000.0000	500.0000	0.0000	4002.4157	0.1033	0.0882	0.0932	0.0933	0.4168	0.1579	0.3393	0.1580	1.1573	158.0547	309.4868	45.8545	83.9138	0.5419	0.3124	62.3294
38.9991	3999.0000	-0.0910	0.3181	0.0000	193.6050	50.1400	230.5770	0.4218	58.9800	62.4097	NOT CONNECTED	4000.0000	500.0000	0.0000	4003.9098	0.1303	0.0936	0.0929	0.0934	0.3775	0.2212	0.3572	0.2329	4.5342	159.0203	308.7730	49.8211	83.8939	0.3940	0.3068	62.3294
39.3635	3999.0000	-0.0910	0.3181	0.0000	193.6050	50.1400	230.5770	0.4218	58.9800	62.4097	NOT CONNECTED	4000.0000	500.0000	0.0000	3997.6731	0.1137	0.1283	0.0927	0.0933	0.3852	0.1673	0.2979	0.2524	12.1191	158.6505	308.2768	53.9589	83.8757	0.4413	0.3223	62.3214
39.5875	3999.0000	-0.0910	0.3181	0.0000	193.6050	50.1400	230.5770	0.4218	58.9800	62.4097	NOT CONNECTED	4000.0000	500.0000	0.0000	3997.6731	0.1137	0.1283	0.0927	0.0933	0.3852	0.1673	0.2979	0.2524	12.1191	158.6505	308.2768	53.9589	83.8757	0.4413	0.3223	62.3214
40.1939	4000.0000	-0.1080	0.3246	0.0000	193.7830	54.1300	230.5970	0.4470	63.0200	62.3775	NOT CONNECTED	4000.0000	500.0000	0.0000	3996.0898	0.1528	0.1474	0.0929	0.0935	0.4846	0.2456	0.2900	0.2463	1.6178	161.8031	307.4401	63.5820	83.8588	0.4672	0.3342	62.3135
40.2469	4000.0000	-0.1080	0.3246	0.0000	193.7830	54.1300	230.5970	0.4470	63.0200	62.3775	NOT CONNECTED	4000.0000	500.0000	0.0000	3996.0898	0.1528	0.1474	0.0929	0.0935	0.4846	0.2456	0.2900	0.2463	1.6178	161.8031	307.4401	63.5820	83.8588	0.4672	0.3342	62.3135
40.7842	3995.0000	-0.1360	0.3465	0.0000	194.4000	65.7100	230.6380	0.5219	75.1000	62.3262	NOT CONNECTED	4000.0000	500.0000	0.0000	4001.3456	0.1406	0.1465	0.0933	0.0934	0.4272	0.2240	0.3599	0.3312	0.9380	153.4225	306.5793	72.1668	83.8443	0.6109	0.3522	62.3135
40.9978	3995.0000	-0.1360	0.3465	0.0000	194.4000	65.7100	230.6380	0.5219	75.1000	62.3262	NOT CONNECTED	4000.0000	500.0000	0.0000	4001.3456	0.1406	0.1465	0.0933	0.0934	0.4272	0.2240	0.3599	0.3312	0.9380	153.4225	306.5793	72.1668	83.8443	0.6109	0.3522	62.3135
41.3901	3995.0000	-0.1360	0.3465	0.0000	194.4000	65.7100	230.6380	0.5219	75.1000	62.3262	NOT CONNECTED	4000.0000	500.0000	0.0000	3992.2509	0.1742	0.1979	0.0934	0.0937	0.4094	0.3170	0.2860	0.3718	-6.9811	152.7278	305.8188	76.2623	83.8309	0.4666	0.3594	62.3062
41.9947	3998.0000	-0.1670	0.3789	0.0000	195.2730	81.8700	230.7230	0.6248	92.0300	62.2773	NOT CONNECTED	4000.0000	500.0000	0.0000	3999.8497	0.2148	0.1833	0.0934	0.0938	0.4842	0.3597	0.2887	0.4529	-5.7897	159.9740	305.3877	83.3282	83.8187	0.4834	0.3703	62.3062
42.3643	3998.0000	-0.1670	0.3789	0.0000	195.2730	81.8700	230.7230	0.6248	92.0300	62.2773	NOT CONNECTED	4000.0000	500.0000	0.0000	4000.5549	0.1785	0.2014	0.0941	0.0936	0.5088	0.2340	0.3662	0.4309	-10.3513	153.8891	304.3437	95.8376	83.8075	0.5668	0.3890	62.3003
42.5837	3998.0000	-0.1670	0.3789	0.0000	195.2730	81.8700	230.7230	0.6248	92.0300	62.2773	NOT CONNECTED	4000.0000	500.0000	0.0000	4000.5549	0.1785	0.2014	0.0941	0.0936	0.5088	0.2340	0.3662	0.4309	-10.3513	153.8891	304.3437	95.8376	83.8075	0.5668	0.3890	62.3003
43.1101	3998.0000	-0.1970	0.3978	0.0000	195.6300	90.6600	230.7520	0.6793	101.1000	62.2579	NOT CONNECTED	4000.0000	500.0000	0.0000	3997.7118	0.2329	0.2325	0.0934	0.0939	0.4693	0.4146	0.3129	0.4698	17.7677	160.8389	303.7360	101.4221	83.7980	0.7027	0.4003	62.2952
43.1899	3998.0000	-0.1970	0.3978	0.0000	195.6300	90.6600	230.7520	0.6793	101.1000	62.2579	NOT CONNECTED	4000.0000	500.0000	0.0000	3997.7118	0.2329	0.2325	0.0934	0.0939	0.4693	0.4146	0.3129	0.4698	17.7677	160.8389	303.7360	101.4221	83.7980	0.7027	0.4003	62.2952
43.7955	4002.0000	-0.2150	0.4259	0.0000	196.2640	103.0200	230.8100	0.7570	114.2400	62.2457	0.0000	4000.0000	500.0000	0.0000	4000.3166	0.2965	0.2378	0.0932	0.0943	0.5801	0.5427	0.2778	0.5767	0.5255	158.8242	303.2921	107.0020	83.7899	0.6346	0.4118	62.2952
43.8802	4002.0000	-0.2150	0.4259	0.0000	196.2640	103.0200	230.8100	0.7570	114.2400	62.2457	0.0000	4000.0000	500.0000	0.0000	4000.3166	0.2965	0.2378	0.0932	0.0943	0.5801	0.5427	0.2778	0.5767	0.5255	158.8242	303.2921	107.0020	83.7899	0.6346	0.4118	62.2952
44.4013	3999.0000	-0.2230	0.4343	0.0000	196.4580	106.7000	230.8350	0.7806	118.2500	62.2200	0.0000	4000.0000	500.0000	0.0000	4000.4256	0.2262	0.2473	0.0939	0.0939	0.3943	0.4159	0.3542	0.5046	3.9198	161.2959	303.1058	110.1996	83.7828	0.6786	0.4266	62.2917
44.6198	3999.0000	-0.2230	0.4343	0.0000	196.4580	106.7000	230.8350	0.7806	118.2500	62.2200	0.0000	4000.0000	500.0000	0.0000	4000.4256	0.2262	0.2473	0.0939	0.0939	0.3943	0.4159	0.3542	0.5046	3.9198	161.2959	303.1058	110.1996	83.7828	0.6786	0.4266	62.2917
45.0071	4000.0000	-0.2290	0.4436	0.0000	196.6970	110.7000	230.8640	0.8052	122.3600	62.1939	0.0000	4000.0000	500.0000	0.0000	3998.5048	0.2776	0.2602	0.0939	0.0942	0.5177	0.5003	0.3141	0.5510	-8.6507	156.4796	303.0509	111.3919	83.7757	0.6771	0.4211	62.2917
45.3693	4000.0000	-0.2290	0.4436	0.0000	196.6970	110.7000	230.8640	0.8052	122.3600	62.1939	0.0000	4000.0000	500.0000	0.0000	3994.7204	0.2639	0.2771	0.0941	0.0941	0.3882	0.4474	0.2764	0.4455	11.2692	161.6869	303.2052	111.9559	83.7675	0.6737	0.4354	62.2890
45.6124	4000.0000	-0.2290	0.4436	0.0000	196.6970	110.7000	230.8640	0.8052	122.3600	62.1939	0.0000	4000.0000	500.0000	0.0000	3994.7204	0.2639	0.2771	0.0941	0.0941	0.3882	0.4474	0.2764	0.4455	11.2692	161.6869	303.2052	111.9559	83.7675	0.6737	0.4354	62.2890
46.1099	3997.0000	-0.2330	0.4457	0.0000	196.8190	111.4300	230.9080	0.8098	123.1600	62.1617	0.0000	4000.0000	500.0000	0.0000	4003.6697	0.2451	0.2446	0.0933	0.0940	0.2930	0.4392	0.2432	0.4904	-7.0743	152.4094	303.2245	112.5399	83.7606	0.6175	0.4452	62.2871
46.2187	3997.0000	-0.2330	0.4457	0.0000	196.8190	111.4300	230.9080	0.8098	123.1600	62.1617	0.0000	4000.0000	500.0000	0.0000	4003.6697	0.2451	0.2446	0.0933	0.0940	0.2930	0.4392	0.2432	0.4904	-7.0743	152.4094	303.2245	112.5399	83.7606	0.6175	0.4452	62.2871
46.8234	3999.0000	-0.2320	0.4465	0.0000	196.7620	112.0200	230.9230	0.8135	123.6600	62.1017	1.0000	4000.0000	500.0000	0.0000	3998.3442	0.2681	0.2657	0.0941	0.0941	0.4514	0.4918	0.3085	0.6057	3.5520	162.6953	303.2310	112.5305	83.7540	0.6506	0.4473	62.2871
46.8802	3999.0000	-0.2320	0.4465	0.0000	196.7620	112.0200	230.9230	0.8135	123.6600	62.1017	1.0000	4000.0000	500.0000	0.0000	3998.3442	0.2681	0.2657	0.0941	0.0941	0.4514	0.4918	0.3085	0.6057	3.5520	162.6953	303.2310	112.5305	83.7540	0.6506	0.4473	62.2871
47.4288	3999.0000	-0.2340	0.4474	0.0000	196.7980	112.2500	230.9340	0.8146	123.8500	62.1074	1.0000	4000.0000	500.0000	0.0000	4002.6366	0.2643	0.2500	0.0939	0.0941	0.3622	0.4486	0.2656	0.4965	9.0117	157.8283	303.2678	114.4963	83.7468	0.5447	0.4486	62.2854
47.7353	3999.0000	-0.2340	0.4474	0.0000	196.7980	112.2500	230.9340	0.8146	123.8500	62.1074	1.0000	4000.0000	500.0000	0.0000	4007.3404	0.2557	0.2330	0.0943	0.0941	0.3496	0.4698	0.3316	0.5534	-9.5544	156.4839	303.3350	112.9179	83.7387	0.7051	0.4399	62.2854
48.0192	3999.0000	-0.2340	0.4474	0.0000	196.7980	112.2500	230.9340	0.8146	123.8500	62.1074	1.0000	4000.0000	500.0000	0.0000	4007.3404	0.2557	0.2330	0.0943	0.0941	0.3496	0.4698	0.3316	0.5534	-9.5544	156.4839	303.3350	112.9179	83.7387	0.7051	0.4399	62.2854
48.4745	4000.0000	-0.2330	0.4490	0.0000	196.9050	112.7600	230.9260	0.8177	124.3600	62.1017	1.0000	4000.0000	500.0000	0.0000	3998.6788	0.2532	0.2657	0.0939	0.0941	0.4016	0.4489	0.2677	0.6051	-7.4532	158.1986	303.4003	112.6032	83.7277	0.5522	0.4236	62.2841
48.6092	4000.0000	-0.2330	0.4490	0.0000	196.9050	112.7600	230.9260	0.8177	124.3600	62.1017	1.0000	4000.0000	500.0000	0.0000	3998.6788	0.2532	0.2657	0.0939	0.0941	0.4016	0.4489	0.2677	0.6051	-7.4532	158.1986	303.4003	112.6032	83.7277	0.5522	0.4236	62.2841
49.1981	4000.0000	-0.2340	0.4482	0.0000	196.8780	112.4500	230.9280	0.8161	123.9600	62.0271	1.0000	4000.0000	500.0000	0.0000	3995.9922	0.2852	0.2760	0.0941	0.0942	0.5037	0.5169	0.2977	0.5033	8.5669	157.7436	303.4543	113.5852	83.7160	0.5826	0.4244	62.2827
49.2205	4000.0000	-0.2340	0.4482	0.0000	196.8780	112.4500	230.9280	0.8161	123.9600	62.0271	1.0000	4000.0000	500.0000	0.0000	3995.9922	0.2852	0.2760	0.0941	0.0942	0.5037	0.5169	0.2977	0.5033	8.5669	157.7436	303.4543	113.5852	83.7160	0.5826	0.4244	62.2827
49.8037	4001.0000	-0.2340	0.4482	0.0000	196.8760	112.4700	230.8920	0.8162	123.9700	62.0251	1.0000	4000.0000	500.0000	0.0000	4002.2979	0.2399	0.2521	0.0943	0.0940	0.4239	0.4221	0.4063	0.4271	9.9490	155.6685	303.4235	113.3941	83.7043	0.6128	0.4256	62.2827
49.9724	4001.0000	-0.2340	0.4482	0.0000	196.8760	112.4700	230.8920	0.8162	123.9700	62.0251	1.0000	4000.0000	500.0000	0.0000	4002.2979	0.2399	0.2521	0.0943	0.0940	0.4239	0.4221	0.4063	0.4271	9.9490	155.6685	303.4235	113.3941	83.7043	0.6128	0.4256	62.2827
50.4092	3997.0000	-0.2350	0.4489	0.0000	196.9020	112.7000	230.8710	0.8178	124.1800	61.9725	1.0000	4000.0000	500.0000	0.0000	4001.6530	0.2804	0.2548	0.0941	0.0942	0.3453	0.4947	0.3460	0.5560	-0.1740	155.8122	303.3951	113.1420	83.6923	0.6099	0.4278	62.2811
50.7229	3997.0000	-0.2350	0.4489	0.0000	196.9020	112.7000	230.8710	0.8178	124.1800	61.9725	1.0000	4000.0000	500.0000	0.0000	3992.5618	0.2289	0.2896	0.0951	0.0940	0.4044	0.3835	0.3947	0.4483	-7.8019	155.4170	303.4002	113.9068	83.6813	0.6142	0.4424	62.2811
51.0148	3997.0000	-0.2350	0.4489	0.0000	196.9020	112.7000	230.8710	0.8178	124.1800	61.9725	1.0000	4000.0000	500.0000	0.0000	3992.5618	0.2289	0.2896	0.0951	0.0940	0.4044	0.3835	0.3947	0.4483	-7.8019	155.4170	303.4002	113.9068	83.6813	0.6142	0.4424	62.2811
51.4634	3996.0000	-0.2330	0.4492	0.0000	196.9140	112.8400	230.8210	0.8189	124.2600	61.9779	1.0000	4000.0000	500.0000	0.0000	4007.7329	0.2798	0.2320	0.0938	0.0943	0.4447	0.5102	0.3430	0.5830	0.6305	160.0904	303.4181	112.6506	83.6712	0.5946	0.4436	62.2786
51.6201	3996.0000	-0.2330	0.4492	0.0000	196.9140	112.8400	230.8210	0.8189	124.2600	61.9779	1.0000	4000.0000	500.0000	0.0000	4007.7329	0.2798	0.2320	0.0938	0.0943	0.4447	0.5102	0.3430	0.5830	0.6305	160.0904	303.4181	112.6506	83.6712	0.5946	0.4436	62.2786
52.2109	4001.0000	-0.2340	0.4493	0.0000	196.9060	112.8400	230.7870	0.8197	124.3300	61.9483	1.0000	4000.0000	500.0000	0.0000	3998.1525	0.2591	0.2681	0.0935	0.0940	0.4129	0.4807	0.3626	0.5609	3.1598	159.3114	303.3083	112.6138	83.6606	0.5840	0.4478	62.2766
52.2257	4001.0000	-0.2340	0.4493	0.0000	196.9060	112.8400	230.7870	0.8197	124.3300	61.9483	1.0000	4000.0000	500.0000	0.0000	3998.1525	0.2591	0.2681	0.0935	0.0940	0.4129	0.4807	0.3626	0.5609	3.1598	159.3114	303.3083	112.6138	83.6606	0.5840	0.4478	62.2766
52.8316	4001.0000	-0.2330	0.4483	0.0000	196.8610	112.5300	230.6930	0.8179	123.9600	61.9289	2.0000	4000.0000	500.0000	0.0000	3999.0885	0.2628	0.2647	0.0934	0.0941	0.4771	0.4480	0.3387	0.5310	-6.6146	161.7590	303.3042	114.0459	83.6503	0.6724	0.4487	62.2766
52.9582	4001.0000	-0.2330	0.4483	0.0000	196.8610	112.5300	230.6930	0.8179	123.9600	61.9289	2.0000	4000.0000	500.0000	0.0000	3999.0885	0.2628	0.2647	0.0934	0.0941	0.4771	0.4480	0.3387	0.5310	-6.6146	161.7590	303.3042	114.0459	83.6503	0.6724	0.4487	62.2766
53.4371	3999.0000	-0.2340	0.4483	0.0000	196.8860	112.5500	230.6480	0.8177	123.9100	61.9204	2.0000	4000.0000	500.0000	0.0000	4002.4751	0.2307	0.2515	0.0941	0.0940	0.3366	0.4108	0.3666	0.5225	9.3718	157.0030	303.3189	113.1916	83.6397	0.6394	0.4477	62.2751
53.8094	3999.0000	-0.2340	0.4483	0.0000	196.8860	112.5500	230.6480	0.8177	123.9100	61.9204	2.0000	4000.0000	500.0000	0.0000	4002.5567	0.2400	0.2510	0.0938	0.0940	0.3844	0.4246	0.3009	0.5145	5.7479	162.2798	303.2826	113.3006	83.6283	0.6051	0.4262	62.2751
54.0266	3999.0000	-0.2340	0.4483	0.0000	196.8860	112.5500	230.6480	0.8177	123.9100	61.9204	2.0000	4000.0000	500.0000	0.0000	4002.5567	0.2400	0.2510	0.0938	0.0940	0.3844	0.4246	0.3009	0.5145	5.7479	162.2798	303.2826	113.3006	83.6283	0.6051	0.4262	62.2751
54.5561	4003.0000	-0.2340	0.4482	0.0000	196.8750	112.4400	230.5750	0.8171	123.7000	61.8978	2.0000	4000.0000	500.0000	0.0000	4005.8603	0.2859	0.2383	0.0933	0.0943	0.3828	0.5255	0.3111	0.5267	5.0710	159.2315	303.2773	114.4505	83.6142	0.6328	0.4213	62.2738
54.6324	4003.0000	-0.2340	0.4482	0.0000	196.8750	112.4400	230.5750	0.8171	123.7000	61.8978	2.0000	4000.0000	500.0000	0.0000	4005.8603	0.2859	0.2383	0.0933	0.0943	0.3828	0.5255	0.3111	0.5267	5.0710	159.2315	303.2773	114.4505	83.6142	0.6328	0.4213	62.2738
55.2370	4001.0000	-0.2330	0.4480	0.0000	196.8550	112.3900	230.5440	0.8167	123.6800	61.8976	2.0000	4000.0000	500.0000	0.0000	3999.5743	0.2418	0.2620	0.0939	0.0940	0.3538	0.4346	0.2923	0.5458	3.3920	155.6509	303.2434	113.7393	83.5999	0.6168	0.4233	62.2723
55.3019	4001.0000	-0.2330	0.4480	0.0000	196.8550	112.3900	230.5440	0.8167	123.6800	61.8976	2.0000	4000.0000	500.0000	0.0000	3999.5743	0.2418	0.2620	0.0939	0.0940	0.3538	0.4346	0.2923	0.5458	3.3920	155.6509	303.2434	113.7393	83.5999	0.6168	0.4233	62.2723
55.8423	3998.0000	-0.2320	0.4477	0.0000	196.8490	112.3200	230.4980	0.8172	123.6200	61.8723	2.0000	4000.0000	500.0000	0.0000	3994.7749	0.2566	0.2801	0.0937	0.0942	0.4295	0.4565	0.3685	0.5508	7.3546	159.0017	303.2488	113.8976	83.5859	0.6305	0.4242	62.2723
56.0531	3998.0000	-0.2320	0.4477	0.0000	196.8490	112.3200	230.4980	0.8172	123.6200	61.8723	2.0000	4000.0000	500.0000	0.0000	3994.7749	0.2566	0.2801	0.0937	0.0942	0.4295	0.4565	0.3685	0.5508	7.3546	159.0017	303.2488	113.8976	83.5859	0.6305	0.4242	62.2723
56.4485	4001.0000	-0.2340	0.4479	0.0000	196.8410	112.4100	230.4980	0.8174	123.6600	61.8423	2.0000	4000.0000	500.0000	0.0000	4001.2366	0.2439	0.2556	0.0942	0.0940	0.3813	0.4624	0.3044	0.5356	3.1201	161.9882	303.3232	112.7190	83.5714	0.6584	0.4254	62.2706
56.7946	4001.0000	-0.2340	0.4479	0.0000	196.8410	112.4100	230.4980	0.8174	123.6600	61.8423	2.0000	4000.0000	500.0000	0.0000	3996.2760	0.2503	0.2743	0.0943	0.0941	0.3574	0.4415	0.3321	0.4794	-9.9339	154.2663	303.4019	112.7896	83.5595	0.5643	0.4477	62.2706
57.0542	4001.0000	-0.2340	0.4479	0.0000	196.8410	112.4100	230.4980	0.8174	123.6600	61.8423	2.0000	4000.0000	500.0000	0.0000	3996.2760	0.2503	0.2743	0.0943	0.0941	0.3574	0.4415	0.3321	0.4794	-9.9339	154.2663	303.4019	112.7896	83.5595	0.5643	0.4477	62.2706
57.5340	4000.0000	-0.2340	0.4475	0.0000	196.8370	112.2800	230.5080	0.8165	123.5000	61.8377	2.0000	4000.0000	500.0000	0.0000	4006.4312	0.2662	0.2355	0.0939	0.0942	0.5107	0.4825	0.2970	0.4998	2.2905	160.4363	303.4533	113.5016	83.5480	0.5351	0.4484	62.2681
57.6600	4000.0000	-0.2340	0.4475	0.0000	196.8370	112.2800	230.5080	0.8165	123.5000	61.8377	2.0000	4000.0000	500.0000	0.0000	4006.4312	0.2662	0.2355	0.0939	0.0942	0.5107	0.4825	0.2970	0.4998	2.2905	160.4363	303.4533	113.5016	83.5480	0.5351	0.4484	62.2681
58.2651	4003.0000	-0.2340	0.4474	0.0000	196.8310	112.1300	230.5330	0.8160	123.3700	61.8190	2.0000	4000.0000	500.0000	0.0000	4002.2076	0.2713	0.2515	0.0939	0.0941	0.4070	0.4978	0.2835	0.4584	14.3770	160.6919	303.5670	112.9293	83.5370	0.6531	0.4483	62.2661
58.2827	4003.0000	-0.2340	0.4474	0.0000	196.8310	112.1300	230.5330	0.8160	123.3700	61.8190	2.0000	4000.0000	500.0000	0.0000	4002.2076	0.2713	0.2515	0.0939	0.0941	0.4070	0.4978	0.2835	0.4584	14.3770	160.6919	303.5670	112.9293	83.5370	0.6531	0.4483	62.2661
58.8713	4000.0000	-0.2330	0.4474	0.0000	196.8100	112.2100	230.6020	0.8164	123.4500	61.8022	3.0000	4000.0000	500.0000	0.0000	4003.2797	0.2477	0.2473	0.0942	0.0941	0.3596	0.4511	0.2735	0.6172	1.4533	160.1575	303.5748	113.7432	83.5258	0.5379	0.4481	62.2661
59.0273	4000.0000	-0.2330	0.4474	0.0000	196.8100	112.2100	230.6020	0.8164	123.4500	61.8022	3.0000	4000.0000	500.0000	0.0000	4003.2797	0.2477	0.2473	0.0942	0.0941	0.3596	0.4511	0.2735	0.6172	1.4533	160.1575	303.5748	113.7432	83.5258	0.5379	0.4481	62.2661
59.4765	4002.0000	-0.2320	0.4473	0.0000	196.8070	112.1600	230.7040	0.8159	123.3900	61.7994	3.0000	4000.0000	500.0000	0.0000	4006.0587	0.2660	0.2366	0.0942	0.0941	0.4927	0.4644	0.2964	0.4663	9.5751	155.6274	303.7506	114.6119	83.5135	0.7081	0.4486	62.2645
59.8916	4002.0000	-0.2320	0.4473	0.0000	196.8070	112.1600	230.7040	0.8159	123.3900	61.7994	3.0000	4000.0000	500.0000	0.0000	4005.4902	0.2592	0.2386	0.0941	0.0941	0.4320	0.4701	0.2716	0.6568	-7.7694	159.8598	303.8357	113.7390	83.5008	0.5718	0.4357	62.2633
60.0824	4002.0000	-0.2320	0.4473	0.0000	196.8070	112.1600	230.7040	0.8159	123.3900	61.7994	3.0000	4000.0000	500.0000	0.0000	4005.4902	0.2592	0.2386	0.0941	0.0941	0.4320	0.4701	0.2716	0.6568	-7.7694	159.8598	303.8357	113.7390	83.5008	0.5718	0.4357	62.2633
60.6386	4002.0000	-0.2330	0.4474	0.0000	196.8180	112.1400	230.7420	0.8155	123.3200	61.7576	3.0000	4000.0000	500.0000	0.0000	3995.2852	0.2281	0.2773	0.0939	0.0940	0.3709	0.4330	0.2633	0.4785	9.5873	157.7839	303.8954	111.2137	83.4856	0.6023	0.4233	62.2633
60.6881	4002.0000	-0.2330	0.4474	0.0000	196.8180	112.1400	230.7420	0.8155	123.3200	61.7576	3.0000	4000.0000	500.0000	0.0000	3995.2852	0.2281	0.2773	0.0939	0.0940	0.3709	0.4330	0.2633	0.4785	9.5873	157.7839	303.8954	111.2137	83.4856	0.6023	0.4233	62.2633
61.2930	4002.0000	-0.2330	0.4465	0.0000	196.7730	111.8700	230.8110	0.8140	123.1000	61.7546	3.0000	4000.0000	500.0000	0.0000	4000.2376	0.3073	0.2579	0.0938	0.0943	0.5632	0.5367	0.2483	0.5720	-0.8446	152.6122	304.0185	113.4392	83.4703	0.5533	0.4229	62.2618
61.3862	4002.0000	-0.2330	0.4465	0.0000	196.7730	111.8700	230.8110	0.8140	123.1000	61.7546	3.0000	4000.0000	500.0000	0.0000	4000.2376	0.3073	0.2579	0.0938	0.0943	0.5632	0.5367	0.2483	0.5720	-0.8446	152.6122	304.0185	113.4392	83.4703	0.5533	0.4229	62.2618
61.8987	4001.0000	-0.2320	0.4463	0.0000	196.7630	111.8500	230.8680	0.8141	123.1300	61.7352	3.0000	4000.0000	500.0000	0.0000	4004.4938	0.2493	0.2419	0.0932	0.0940	0.3792	0.4358	0.2638	0.5426	7.3228	161.1978	304.0888	112.1780	83.4554	0.5891	0.4232	62.2618
62.1308	4001.0000	-0.2320	0.4463	0.0000	196.7630	111.8500	230.8680	0.8141	123.1300	61.7352	3.0000	4000.0000	500.0000	0.0000	4004.4938	0.2493	0.2419	0.0932	0.0940	0.3792	0.4358	0.2638	0.5426	7.3228	161.1978	304.0888	112.1780	83.4554	0.5891	0.4232	62.2618
62.8787	3999.0000	-0.2310	0.4460	0.0000	196.7570	111.7500	230.9130	0.8132	123.0200	61.7498	3.0000	4000.0000	500.0000	0.0000	4003.7740	0.2958	0.2444	0.0948	0.0942	0.5310	0.5103	0.4136	0.5128	-6.7606	153.6603	304.1497	113.7503	83.4291	0.7268	0.4430	62.2599
63.0143	3999.0000	-0.2310	0.4460	0.0000	196.7570	111.7500	230.9130	0.8132	123.0200	61.7498	3.0000	4000.0000	500.0000	0.0000	4003.7740	0.2958	0.2444	0.0948	0.0942	0.5310	0.5103	0.4136	0.5128	-6.7606	153.6603	304.1497	113.7503	83.4291	0.7268	0.4430	62.2599
63.6203	4000.0000	-0.2310	0.4459	0.0000	196.7670	111.6800	230.9240	0.8127	122.8500	61.7530	3.0000	4000.0000	500.0000	0.0000	4004.6573	0.2080	0.2410	0.0952	0.0938	0.3860	0.3486	0.4278	0.5785	-0.9081	153.0830	304.2295	112.4302	83.4174	0.6250	0.4454	62.2573
63.6231	4000.0000	-0.2310	0.4459	0.0000	196.7670	111.6800	230.9240	0.8127	122.8500	61.7530	3.0000	4000.0000	500.0000	0.0000	4004.6573	0.2080	0.2410	0.0952	0.0938	0.3860	0.3486	0.4278	0.5785	-0.9081	153.0830	304.2295	112.4302	83.4174	0.6250	0.4454	62.2573
64.2098	3999.0000	-0.2320	0.4462	0.0000	196.7730	111.7100	230.9440	0.8127	122.9100	61.7139	3.0000	4000.0000	500.0000	0.0000	3998.1694	0.2482	0.2656	0.0942	0.0940	0.3451	0.4338	0.3804	0.5353	-1.5680	151.6557	304.2214	112.7349	83.4056	0.7159	0.4460	62.2553
64.3738	3999.0000	-0.2320	0.4462	0.0000	196.7730	111.7100	230.9440	0.8127	122.9100	61.7139	3.0000	4000.0000	500.0000	0.0000	3998.1694	0.2482	0.2656	0.0942	0.0940	0.3451	0.4338	0.3804	0.5353	-1.5680	151.6557	304.2214	112.7349	83.4056	0.7159	0.4460	62.2553
64.8139	4002.0000	-0.2320	0.4460	0.0000	196.7780	111.7000	230.9290	0.8127	122.8800	61.6638	4.0000	4000.0000	500.0000	0.0000	3998.5823	0.2611	0.2643	0.0942	0.0940	0.4389	0.4520	0.3012	0.5404	0.8754	160.8081	304.2310	112.1206	83.3937	0.5946	0.4467	62.2553
65.1226	4002.0000	-0.2320	0.4460	0.0000	196.7780	111.7000	230.9290	0.8127	122.8800	61.6638	4.0000	4000.0000	500.0000	0.0000	3993.4297	0.2346	0.2835	0.0949	0.0940	0.3395	0.4123	0.4408	0.4839	7.8451	167.2164	304.2162	112.2786	83.3817	0.6573	0.4459	62.2536
65.4204	4002.0000	-0.2320	0.4460	0.0000	196.7780	111.7000	230.9290	0.8127	122.8800	61.6638	4.0000	4000.0000	500.0000	0.0000	3993.4297	0.2346	0.2835	0.0949	0.0940	0.3395	0.4123	0.4408	0.4839	7.8451	167.2164	304.2162	112.2786	83.3817	0.6573	0.4459	62.2536
65.9638	4001.0000	-0.2320	0.4455	0.0000	196.7610	111.5200	230.9030	0.8126	122.7600	61.6642	4.0000	4000.0000	500.0000	0.0000	3994.7332	0.2446	0.2787	0.0939	0.0940	0.4441	0.4159	0.3084	0.5051	2.8969	160.3176	304.1850	112.6620	83.3691	0.6450	0.4245	62.2536
66.0254	4001.0000	-0.2320	0.4455	0.0000	196.7610	111.5200	230.9030	0.8126	122.7600	61.6642	4.0000	4000.0000	500.0000	0.0000	3994.7332	0.2446	0.2787	0.0939	0.0940	0.4441	0.4159	0.3084	0.5051	2.8969	160.3176	304.1850	112.6620	83.3691	0.6450	0.4245	62.2536
66.6160	3998.0000	-0.2320	0.4457	0.0000	196.7780	111.5700	230.8710	0.8127	122.8400	61.6287	4.0000	4000.0000	500.0000	0.0000	4000.1531	0.3005	0.2577	0.0934	0.0943	0.4303	0.5390	0.2130	0.5303	2.4028	161.0789	304.1839	112.3825	83.3538	0.6290	0.4243	62.2523
66.7000	3998.0000	-0.2320	0.4457	0.0000	196.7780	111.5700	230.8710	0.8127	122.8400	61.6287	4.0000	4000.0000	500.0000	0.0000	4000.1531	0.3005	0.2577	0.0934	0.0943	0.4303	0.5390	0.2130	0.5303	2.4028	161.0789	304.1839	112.3825	83.3538	0.6290	0.4243	62.2523
67.2206	4002.0000	-0.2330	0.4458	0.0000	196.7840	111.5000	230.7990	0.8123	122.6600	61.6529	4.0000	4000.0000	500.0000	0.0000	3999.4496	0.2263	0.2603	0.0937	0.0940	0.3698	0.4057	0.2357	0.5328	-5.4206	149.3013	304.1011	112.8953	83.3392	0.6195	0.4243	62.2508
67.4396	4002.0000	-0.2330	0.4458	0.0000	196.7840	111.5000	230.7990	0.8123	122.6600	61.6529	4.0000	4000.0000	500.0000	0.0000	3999.4496	0.2263	0.2603	0.0937	0.0940	0.3698	0.4057	0.2357	0.5328	-5.4206	149.3013	304.1011	112.8953	83.3392	0.6195	0.4243	62.2508
67.8267	3999.0000	-0.2320	0.4453	0.0000	196.7560	111.4300	230.7430	0.8114	122.5000	61.6285	4.0000	4000.0000	500.0000	0.0000	3990.0390	0.2556	0.2963	0.0952	0.0941	0.3704	0.4597	0.4395	0.5662	0.9705	155.8493	304.0239	112.4155	83.3245	0.6376	0.4258	62.2508
68.1862	3999.0000	-0.2320	0.4453	0.0000	196.7560	111.4300	230.7430	0.8114	122.5000	61.6285	4.0000	4000.0000	500.0000	0.0000	4005.2649	0.2656	0.2379	0.0947	0.0942	0.3150	0.4756	0.3335	0.4666	1.6441	159.2879	303.9534	112.6213	83.3093	0.6440	0.4258	62.2490
68.4327	3999.0000	-0.2320	0.4453	0.0000	196.7560	111.4300	230.7430	0.8114	122.5000	61.6285	4.0000	4000.0000	500.0000	0.0000	4005.2649	0.2656	0.2379	0.0947	0.0942	0.3150	0.4756	0.3335	0.4666	1.6441	159.2879	303.9534	112.6213	83.3093	0.6440	0.4258	62.2490
68.9255	3999.0000	-0.2310	0.4455	0.0000	196.7490	111.4400	230.6700	0.8118	122.5400	61.6006	4.0000	4000.0000	500.0000	0.0000	4004.5853	0.2802	0.2409	0.0933	0.0942	0.4937	0.5000	0.4184	0.5651	0.6979	156.1552	303.9102	111.9106	83.2959	0.6110	0.4401	62.2490
69.0383	3999.0000	-0.2310	0.4455	0.0000	196.7490	111.4400	230.6700	0.8118	122.5400	61.6006	4.0000	4000.0000	500.0000	0.0000	4004.5853	0.2802	0.2409	0.0933	0.0942	0.4937	0.5000	0.4184	0.5651	0.6979	156.1552	303.9102	111.9106	83.2959	0.6110	0.4401	62.2490
69.6433	4001.0000	-0.2300	0.4454	0.0000	196.7560	111.4300	230.6270	0.8121	122.5300	61.5982	4.0000	4000.0000	500.0000	0.0000	4002.7033	0.2552	0.2476	0.0941	0.0941	0.4100	0.4721	0.2519	0.4536	14.1533	162.5173	303.8725	111.3621	83.2841	0.5621	0.4429	62.2465
69.6789	4001.0000	-0.2300	0.4454	0.0000	196.7560	111.4300	230.6270	0.8121	122.5300	61.5982	4.0000	4000.0000	500.0000	0.0000	4002.7033	0.2552	0.2476	0.0941	0.0941	0.4100	0.4721	0.2519	0.4536	14.1533	162.5173	303.8725	111.3621	83.2841	0.5621	0.4429	62.2465
70.2480	3998.0000	-0.2300	0.4455	0.0000	196.7580	111.4400	230.5520	0.8121	122.5200	61.5950	4.0000	4000.0000	500.0000	0.0000	3998.3681	0.2784	0.2642	0.0944	0.0942	0.3807	0.5082	0.2621	0.4839	10.9296	159.9875	303.8236	112.6411	83.2716	0.6114	0.4428	62.2445
70.4163	3998.0000	-0.2300	0.4455	0.0000	196.7580	111.4400	230.5520	0.8121	122.5200	61.5950	4.0000	4000.0000	500.0000	0.0000	3998.3681	0.2784	0.2642	0.0944	0.0942	0.3807	0.5082	0.2621	0.4839	10.9296	159.9875	303.8236	112.6411	83.2716	0.6114	0.4428	62.2445
70.8542	4002.0000	-0.2310	0.4452	0.0000	196.7380	111.4400	230.5240	0.8126	122.5400	61.5630	5.0000	4000.0000	500.0000	0.0000	4004.2796	0.2568	0.2420	0.0943	0.0941	0.4697	0.4550	0.3448	0.4870	12.4217	161.1530	303.7679	112.3227	83.2595	0.6157	0.4435	62.2445
71.1671	4002.0000	-0.2310	0.4452	0.0000	196.7380	111.4400	230.5240	0.8126	122.5400	61.5630	5.0000	4000.0000	500.0000	0.0000	4001.7941	0.2528	0.2510	0.0942	0.0941	0.4884	0.4491	0.2933	0.4905	14.7165	163.4959	303.7653	111.8086	83.2465	0.7147	0.4432	62.2430
71.4603	4002.0000	-0.2310	0.4452	0.0000	196.7380	111.4400	230.5240	0.8126	122.5400	61.5630	5.0000	4000.0000	500.0000	0.0000	4001.7941	0.2528	0.2510	0.0942	0.0941	0.4884	0.4491	0.2933	0.4905	14.7165	163.4959	303.7653	111.8086	83.2465	0.7147	0.4432	62.2430
72.0390	4000.0000	-0.2310	0.4448	0.0000	196.7370	111.2900	230.4820	0.8119	122.4200	61.5340	5.0000	4000.0000	500.0000	0.0000	3996.4893	0.2981	0.2712	0.0940	0.0943	0.5681	0.5189	0.3488	0.4992	10.0830	157.9439	303.7867	113.7329	83.2334	0.6562	0.4320	62.2430
72.0661	4000.0000	-0.2310	0.4448	0.0000	196.7370	111.2900	230.4820	0.8119	122.4200	61.5340	5.0000	4000.0000	500.0000	0.0000	3996.4893	0.2981	0.2712	0.0940	0.0943	0.5681	0.5189	0.3488	0.4992	10.0830	157.9439	303.7867	113.7329	83.2334	0.6562	0.4320	62.2430
72.6713	4001.0000	-0.2300	0.4448	0.0000	196.7500	111.2100	230.5040	0.8112	122.3000	61.5242	5.0000	4000.0000	500.0000	0.0000	4001.5840	0.2671	0.2513	0.0938	0.0941	0.3204	0.4772	0.3431	0.4803	12.7209	159.8170	303.8790	112.1045	83.2186	0.7036	0.4258	62.2415
72.7871	4001.0000	-0.2300	0.4448	0.0000	196.7500	111.2100	230.5040	0.8112	122.3000	61.5242	5.0000	4000.0000	500.0000	0.0000	4001.5840	0.2671	0.2513	0.0938	0.0941	0.3204	0.4772	0.3431	0.4803	12.7209	159.8170	303.8790	112.1045	83.2186	0.7036	0.4258	62.2415
73.2770	4000.0000	-0.2300	0.4449	0.0000	196.7510	111.1200	230.5050	0.8108	122.1800	61.5410	5.0000	4000.0000	500.0000	0.0000	3996.8227	0.2499	0.2693	0.0943	0.0940	0.3988	0.4081	0.2671	0.5321	2.9772	164.2193	303.9059	112.4012	83.2033	0.6679	0.4263	62.2399
73.5289	4000.0000	-0.2300	0.4449	0.0000	196.7510	111.1200	230.5050	0.8108	122.1800	61.5410	5.0000	4000.0000	500.0000	0.0000	3996.8227	0.2499	0.2693	0.0943	0.0940	0.3988	0.4081	0.2671	0.5321	2.9772	164.2193	303.9059	112.4012	83.2033	0.6679	0.4263	62.2399
73.8827	4000.0000	-0.2300	0.4449	0.0000	196.7510	111.1200	230.5050	0.8108	122.1800	61.5410	5.0000	4000.0000	500.0000	0.0000	4001.3698	0.2505	0.2519	0.0941	0.0940	0.4081	0.4212	0.2574	0.4738	9.8924	154.6229	303.9305	112.2238	83.1889	0.6425	0.4268	62.2399
74.2680	3998.0000	-0.2290	0.4442	0.0000	196.7370	110.9900	230.5230	0.8099	122.0300	61.4854	5.0000	4000.0000	500.0000	0.0000	4005.1888	0.2802	0.2376	0.0933	0.0942	0.3577	0.5199	0.3597	0.5887	0.3940	159.1476	303.9469	110.8783	83.1747	0.6402	0.4279	62.2380
74.4878	3998.0000	-0.2290	0.4442	0.0000	196.7370	110.9900	230.5230	0.8099	122.0300	61.4854	5.0000	4000.0000	500.0000	0.0000	4005.1888	0.2802	0.2376	0.0933	0.0942	0.3577	0.5199	0.3597	0.5887	0.3940	159.1476	303.9469	110.8783	83.1747	0.6402	0.4279	62.2380
75.0099	4000.0000	-0.2320	0.4446	0.0000	196.7480	111.1400	230.5770	0.8107	122.2200	61.5170	5.0000	4000.0000	500.0000	0.0000	3998.4526	0.2585	0.2630	0.0943	0.0941	0.4352	0.4506	0.2513	0.5091	2.9025	158.0813	304.0712	111.8176	83.1616	0.5888	0.4403	62.2356
75.0939	4000.0000	-0.2320	0.4446	0.0000	196.7480	111.1400	230.5770	0.8107	122.2200	61.5170	5.0000	4000.0000	500.0000	0.0000	3998.4526	0.2585	0.2630	0.0943	0.0941	0.4352	0.4506	0.2513	0.5091	2.9025	158.0813	304.0712	111.8176	83.1616	0.5888	0.4403	62.2356
75.6992	4002.0000	-0.2300	0.4448	0.0000	196.7540	111.2000	230.6050	0.8116	122.3700	61.4617	5.0000	4000.0000	500.0000	0.0000	4005.5700	0.2558	0.2362	0.0942	0.0940	0.4088	0.4463	0.3674	0.5463	5.7396	158.2449	304.1496	111.6914	83.1492	0.6891	0.4403	62.2356
75.7475	4002.0000	-0.2300	0.4448	0.0000	196.7540	111.2000	230.6050	0.8116	122.3700	61.4617	5.0000	4000.0000	500.0000	0.0000	4005.5700	0.2558	0.2362	0.0942	0.0940	0.4088	0.4463	0.3674	0.5463	5.7396	158.2449	304.1496	111.6914	83.1492	0.6891	0.4403	62.2356
76.3047	3998.0000	-0.2320	0.4454	0.0000	196.7440	111.4000	230.6850	0.8120	122.5100	61.4514	5.0000	4000.0000	500.0000	0.0000	4000.4019	0.2482	0.2562	0.0936	0.0941	0.4336	0.4573	0.3440	0.5679	-9.5559	154.1928	304.2064	110.9976	83.1362	0.6387	0.4421	62.2337
76.4930	3998.0000	-0.2320	0.4454	0.0000	196.7440	111.4000	230.6850	0.8120	122.5100	61.4514	5.0000	4000.0000	500.0000	0.0000	4000.4019	0.2482	0.2562	0.0936	0.0941	0.4336	0.4573	0.3440	0.5679	-9.5559	154.1928	304.2064	110.9976	83.1362	0.6387	0.4421	62.2337
76.9101	4002.0000	-0.2320	0.4448	0.0000	196.7320	111.1900	230.7250	0.8110	122.2900	61.4120	6.0000	4000.0000	500.0000	0.0000	3991.7791	0.2598	0.2888	0.0943	0.0941	0.3458	0.4867	0.3476	0.5198	0.0352	161.7680	304.2688	111.8658	83.1237	0.5965	0.4401	62.2337
77.2436	4002.0000	-0.2320	0.4448	0.0000	196.7320	111.1900	230.7250	0.8110	122.2900	61.4120	6.0000	4000.0000	500.0000	0.0000	3990.9386	0.2392	0.2914	0.0957	0.0940	0.5460	0.4195	0.4890	0.4706	10.7586	159.4258	304.3512	111.9730	83.1113	0.6346	0.4385	62.2320
77.5162	4002.0000	-0.2320	0.4448	0.0000	196.7320	111.1900	230.7250	0.8110	122.2900	61.4120	6.0000	4000.0000	500.0000	0.0000	3990.9386	0.2392	0.2914	0.0957	0.0940	0.5460	0.4195	0.4890	0.4706	10.7586	159.4258	304.3512	111.9730	83.1113	0.6346	0.4385	62.2320
77.9874	3994.0000	-0.2310	0.4444	0.0000	196.7210	111.1300	230.8000	0.8101	122.1600	61.4336	NOT CONNECTED	4000.0000	500.0000	0.0000	3993.1849	0.2347	0.2830	0.0950	0.0940	0.5423	0.4199	0.3984	0.5851	8.6215	159.8753	304.4530	112.0586	83.0983	0.5432	0.4266	62.2304
78.1056	3994.0000	-0.2310	0.4444	0.0000	196.7210	111.1300	230.8000	0.8101	122.1600	61.4336	NOT CONNECTED	4000.0000	500.0000	0.0000	3993.1849	0.2347	0.2830	0.0950	0.0940	0.5423	0.4199	0.3984	0.5851	8.6215	159.8753	304.4530	112.0586	83.0983	0.5432	0.4266	62.2304
78.7273	4032.0000	-0.0730	0.4448	0.0000	196.7590	111.1900	230.8650	0.8106	122.2400	61.4044	NOT CONNECTED	0.0000	500.0000	0.0000	4033.6409	0.0554	0.0636	0.0929	0.0930	0.3058	0.0968	0.3529	0.0671	-5.6359	158.4152	312.8550	27.4582	83.0837	0.3881	0.4240	62.2304
78.9583	4032.0000	-0.0730	0.4448	0.0000	196.7590	111.1900	230.8650	0.8106	122.2400	61.4044	NOT CONNECTED	0.0000	500.0000	0.0000	4033.6409	0.0554	0.0636	0.0929	0.0930	0.3058	0.0968	0.3529	0.0671	-5.6359	158.4152	312.8550	27.4582	83.0837	0.3881	0.4240	62.2304
79.3487	4004.0000	-0.0550	0.2869	0.0000	193.3120	30.2600	230.9710	0.2917	38.5800	61.4040	NOT CONNECTED	0.0000	500.0000	0.0000	4006.8747	0.1076	0.0621	0.0928	0.0933	0.3512	0.2280	0.3165	0.1466	2.9744	157.3065	312.4776	31.1425	83.0567	0.4043	0.2972	62.2288
79.7092	4004.0000	-0.0550	0.2869	0.0000	193.3120	30.2600	230.9710	0.2917	38.5800	61.4040	NOT CONNECTED	0.0000	500.0000	0.0000	4004.4110	0.0243	0.0604	0.0931	0.0929	0.3386	0.0674	0.3984	0.1892	1.9303	160.8070	312.3342	33.1649	83.0293	0.4037	0.2981	62.2288
79.9528	4004.0000	-0.0550	0.2869	0.0000	193.3120	30.2600	230.9710	0.2917	38.5800	61.4040	NOT CONNECTED	0.0000	500.0000	0.0000	4004.4110	0.0243	0.0604	0.0931	0.0929	0.3386	0.0674	0.3984	0.1892	1.9303	160.8070	312.3342	33.1649	83.0293	0.4037	0.2981	62.2288
80.5593	4000.0000	-0.0560	0.2927	0.0000	192.5930	34.9300	230.9720	0.3232	43.3600	61.4026	NOT CONNECTED	0.0000	500.0000	0.0000	3992.6239	0.0812	0.1040	0.0932	0.0931	0.4122	0.1381	0.3301	0.1401	0.9996	161.4939	312.2842	33.1108	83.0023	0.4870	0.2995	62.2209
80.9682	4000.0000	-0.0560	0.2927	0.0000	192.5930	34.9300	230.9720	0.3232	43.3600	61.4026	NOT CONNECTED	0.0000	500.0000	0.0000	3998.5019	0.0726	0.0811	0.0928	0.0931	0.4088	0.1156	0.3902	0.1020	3.5700	158.3254	312.3275	33.9977	82.9769	0.4237	0.2992	62.2127
81.1651	4000.0000	-0.0560	0.2927	0.0000	192.5930	34.9300	230.9720	0.3232	43.3600	61.4026	NOT CONNECTED	0.0000	500.0000	0.0000	3998.5019	0.0726	0.0811	0.0928	0.0931	0.4088	0.1156	0.3902	0.1020	3.5700	158.3254	312.3275	33.9977	82.9769	0.4237	0.2992	62.2127
81.7160	4000.0000	-0.0550	0.2931	0.0000	192.6040	35.0400	230.9770	0.3244	43.5600	61.3379	NOT CONNECTED	0.0000	500.0000	0.0000	3996.1822	0.0602	0.0898	0.0930	0.0930	0.3147	0.0982	0.3979	0.1569	-2.1182	155.3836	312.3247	33.3152	82.9536	0.4291	0.2996	62.2127
81.7549	4000.0000	-0.0550	0.2931	0.0000	192.6040	35.0400	230.9770	0.3244	43.5600	61.3379	NOT CONNECTED	0.0000	500.0000	0.0000	3996.1822	0.0602	0.0898	0.0930	0.0930	0.3147	0.0982	0.3979	0.1569	-2.1182	155.3836	312.3247	33.3152	82.9536	0.4291	0.2996	62.2127
82.3605	4001.0000	-0.0550	0.2928	0.0000	192.5930	35.0800	230.9680	0.3241	43.4600	61.3395	NOT CONNECTED	0.0000	500.0000	0.0000	4000.9064	0.0373	0.0623	0.0933	0.0900	0.3091	0.0695	0.3461	0.1033	-2.7202	122.1180	312.5284	16.8511	82.9312	0.4450	0.2991	62.2041
82.4670	4001.0000	-0.0550	0.2928	0.0000	192.5930	35.0800	230.9680	0.3241	43.4600	61.3395	NOT CONNECTED	0.0000	500.0000	0.0000	4000.9064	0.0373	0.0623	0.0933	0.0900	0.3091	0.0695	0.3461	0.1033	-2.7202	122.1180	312.5284	16.8511	82.9312	0.4450	0.2991	62.2041
82.9492	3814.0000	-0.0020	0.4179	0.0000	166.3710	22.8300	230.9650	0.2555	32.8100	61.3292	NOT CONNECTED	0.0000	500.0000	0.0000	3811.8433	0.0135	-0.0000	0.0532	0.0531	-1.7108	0.0548	-1.6452	-0.0030	-8.2963	81.9866	314.1818	21.0425	82.9541	1.6154	0.9661	62.2041
83.2075	3814.0000	-0.0020	0.4179	0.0000	166.3710	22.8300	230.9650	0.2555	32.8100	61.3292	NOT CONNECTED	0.0000	500.0000	0.0000	3811.8433	0.0135	-0.0000	0.0532	0.0531	-1.7108	0.0548	-1.6452	-0.0030	-8.2963	81.9866	314.1818	21.0425	82.9541	1.6154	0.9661	62.2041
83.5547	3814.0000	-0.0020	0.4179	0.0000	166.3710	22.8300	230.9650	0.2555	32.8100	61.3292	NOT CONNECTED	0.0000	500.0000	0.0000	3625.6961	-0.0100	-0.0000	0.0531	0.0531	-1.0175	-0.0367	-1.5958	-0.0537	-8.3608	87.2536	314.1629	21.8366	83.0561	1.5259	0.9658	62.1944
83.9428	3563.0000	-0.0020	0.9616	0.0000	103.0820	17.6400	230.9280	0.2313	29.8100	61.3314	NOT CONNECTED	0.0000	500.0000	0.0000	3397.8238	0.0131	-0.0000	0.0530	0.0531	-1.5895	0.0525	-1.6677	-0.0364	-9.6625	80.1019	314.1115	20.6700	83.1554	1.5542	0.9691	62.2344
84.1607	3563.0000	-0.0020	0.9616	0.0000	103.0820	17.6400	230.9280	0.2313	29.8100	61.3314	NOT CONNECTED	0.0000	500.0000	0.0000	3397.8238	0.0131	-0.0000	0.0530	0.0531	-1.5895	0.0525	-1.6677	-0.0364	-9.6625	80.1019	314.1115	20.6700	83.1554	1.5542	0.9691	62.2344
84.6885	3310.0000	-0.0060	0.9615	0.0000	98.3400	17.7500	230.9040	0.2317	29.8200	61.4053	NOT CONNECTED	0.0000	500.0000	0.0000	3193.7702	0.0070	-0.0000	0.0531	0.0531	-1.6853	0.0447	-1.6081	-0.0055	-10.0804	68.4617	314.0980	21.2528	83.2386	1.6219	0.9671	62.2344
84.7666	3310.0000	-0.0060	0.9615	0.0000	98.3400	17.7500	230.9040	0.2317	29.8200	61.4053	NOT CONNECTED	0.0000	500.0000	0.0000	3193.7702	0.0070	-0.0000	0.0531	0.0531	-1.6853	0.0447	-1.6081	-0.0055	-10.0804	68.4617	314.0980	21.2528	83.2386	1.6219	0.9671	62.2344
85.3563	3074.0000	-0.0050	0.9624	0.0000	89.2280	17.7000	230.8490	0.2310	29.7500	61.4523	NOT CONNECTED	0.0000	500.0000	0.0000	2996.5689	0.0228	-0.0000	0.0530	0.0531	-1.6625	0.0692	-1.4442	-0.0067	-9.0756	69.8987	314.0614	21.5571	83.3123	1.5824	0.9681	62.2769
85.4278	3074.0000	-0.0050	0.9624	0.0000	89.2280	17.7000	230.8490	0.2310	29.7500	61.4523	NOT CONNECTED	0.0000	500.0000	0.0000	2996.5689	0.0228	-0.0000	0.0530	0.0531	-1.6625	0.0692	-1.4442	-0.0067	-9.0756	69.8987	314.0614	21.5571	83.3123	1.5824	0.9681	62.2769
85.9617	2842.0000	-0.0040	0.9623	0.0000	84.7600	17.8500	230.8180	0.2309	29.8100	61.5309	NOT CONNECTED	0.0000	500.0000	0.0000	2856.9541	-0.0110	-0.0000	0.0529	0.0531	-1.1493	-0.0422	-1.0829	0.0144	-11.8467	61.1779	313.9153	20.7618	83.3756	1.0543	0.9701	62.2769
86.1779	2842.0000	-0.0040	0.9623	0.0000	84.7600	17.8500	230.8180	0.2309	29.8100	61.5309	NOT CONNECTED	0.0000	500.0000	0.0000	2856.9541	-0.0110	-0.0000	0.0529	0.0531	-1.1493	-0.0422	-1.0829	0.0144	-11.8467	61.1779	313.9153	20.7618	83.3756	1.0543	0.9701	62.2769
86.5667	2579.0000	0.0180	0.9667	0.0000	76.4090	15.0700	230.7540	0.2154	27.4600	61.5499	NOT CONNECTED	0.0000	500.0000	0.0000	2643.2047	0.0163	-0.0000	0.0531	0.0531	-1.6836	0.0391	-1.6555	0.0113	-10.7836	57.0770	315.0654	13.6261	83.4369	1.5455	0.9752	62.3185
86.9205	2579.0000	0.0180	0.9667	0.0000	76.4090	15.0700	230.7540	0.2154	27.4600	61.5499	NOT CONNECTED	0.0000	500.0000	0.0000	2322.6349	-0.0112	-0.1200	0.0535	0.0531	-1.0502	-0.0507	-1.7363	0.0156	-10.0919	49.7967	315.7740	11.1528	83.4920	1.7359	0.9811	62.3586
87.1727	2579.0000	0.0180	0.9667	0.0000	76.4090	15.0700	230.7540	0.2154	27.4600	61.5499	NOT CONNECTED	0.0000	500.0000	0.0000	2322.6349	-0.0112	-0.1200	0.0535	0.0531	-1.0502	-0.0507	-1.7363	0.0156	-10.0919	49.7967	315.7740	11.1528	83.4920	1.7359	0.9811	62.3586
87.6678	2198.0000	0.0380	0.9723	0.0000	70.6750	8.7500	230.7260	0.1666	20.5500	61.6612	NOT CONNECTED	0.0000	500.0000	0.0000	1995.3689	-0.0005	-0.1339	0.0536	0.0531	-0.9361	0.1292	-1.7570	-0.0030	-10.7282	43.0219	315.8755	8.8707	83.5421	1.6988	0.9858	62.3586
87.7783	2198.0000	0.0380	0.9723	0.0000	70.6750	8.7500	230.7260	0.1666	20.5500	61.6612	NOT CONNECTED	0.0000	500.0000	0.0000	1995.3689	-0.0005	-0.1339	0.0536	0.0531	-0.9361	0.1292	-1.7570	-0.0030	-10.7282	43.0219	315.8755	8.8707	83.5421	1.6988	0.9858	62.3586
88.3829	1749.0000	0.0510	0.9772	0.0000	55.7140	6.2000	230.6630	0.1468	17.8100	61.7402	NOT CONNECTED	0.0000	500.0000	0.0000	1620.4078	-0.0001	-0.0000	0.0528	0.0531	-1.4352	-0.0025	-0.9594	-0.2772	-10.9747	29.5869	316.3287	8.0891	83.5885	0.8983	0.9842	62.3994
88.4173	1749.0000	0.0510	0.9772	0.0000	55.7140	6.2000	230.6630	0.1468	17.8100	61.7402	NOT CONNECTED	0.0000	500.0000	0.0000	1620.4078	-0.0001	-0.0000	0.0528	0.0531	-1.4352	-0.0025	-0.9594	-0.2772	-10.9747	29.5869	316.3287	8.0891	83.5885	0.8983	0.9842	62.3994
88.9885	1169.0000	0.0890	0.9759	0.0000	46.2400	4.4100	230.6360	0.1317	15.7300	61.8319	NOT CONNECTED	0.0000	500.0000	0.0000	1136.3758	-0.1869	-0.0000	0.0530	0.0538	-1.6559	-0.5372	-1.1014	-0.3155	-10.6892	18.3588	316.4275	7.7045	83.6289	0.9597	0.9994	62.3994
89.1578	1169.0000	0.0890	0.9759	0.0000	46.2400	4.4100	230.6360	0.1317	15.7300	61.8319	NOT CONNECTED	0.0000	500.0000	0.0000	1136.3758	-0.1869	-0.0000	0.0530	0.0538	-1.6559	-0.5372	-1.1014	-0.3155	-10.6892	18.3588	316.4275	7.7045	83.6289	0.9597	0.9994	62.3994
89.5948	369.0000	0.1030	0.9473	0.0000	17.2170	5.0800	230.5900	0.1276	15.2200	61.9457	NOT CONNECTED	0.0000	500.0000	0.0000	414.9355	-0.0704	-0.1352	0.0533	0.0532	-1.1157	-0.2318	-1.1957	-0.0416	-9.8023	5.5552	315.8850	17.0981	83.6638	1.2164	0.9508	62.4394
89.8986	369.0000	0.1030	0.9473	0.0000	17.2170	5.0800	230.5900	0.1276	15.2200	61.9457	NOT CONNECTED	0.0000	500.0000	0.0000	0.0000	0.0000	0.0000	0.0931	0.0531	-1.2223	-0.1163	-1.2260	-0.0670	-9.4297	2.3835	320.8075	0.0000	83.6669	1.2279	0.6344	62.4794
90.2005	369.0000	0.1030	0.9473	0.0000	17.2170	5.0800	230.5900	0.1276	15.2200	61.9457	NOT CONNECTED	0.0000	500.0000	0.0000	0.0000	0.0000	0.0000	0.0931	0.0531	-1.2223	-0.1163	-1.2260	-0.0670	-9.4297	2.3835	320.8075	0.0000	83.6669	1.2279	0.6344	62.4794
90.6424	7.0000	-0.0110	0.8183	0.0000	10.4200	10.9000	230.5650	0.1817	21.8600	62.0645	NOT CONNECTED	0.0000	500.0000	0.0000	0.0000	0.0000	0.0000	0.0931	0.0531	-1.2223	-0.1163	-1.2260	-0.0670	-9.4297	2.3835	320.8941	0.0000	83.5572	1.2279	0.0060	62.4794
90.8061	7.0000	-0.0110	0.8183	0.0000	10.4200	10.9000	230.5650	0.1817	21.8600	62.0645	NOT CONNECTED	0.0000	500.0000	0.0000	0.0000	0.0000	0.0000	0.0931	0.0531	-1.2223	-0.1163	-1.2260	-0.0670	-9.4297	2.3835	320.8941	0.0000	83.5572	1.2279	0.0060	62.4794
91.3869	0.0000	-0.0410	0.0148	0.0000	0.6810	-0.0400	230.5560	0.0000	1.4400	62.0826	NOT CONNECTED	0.0000	500.0000	0.0000	0.0000	0.0000	0.0000	0.0931	0.0531	-1.2223	-0.1163	-1.2260	-0.0670	-9.4297	2.3835	320.8508	0.0000	83.4503	1.2279	0.0060	62.4849
91.4118	0.0000	-0.0410	0.0148	0.0000	0.6810	-0.0400	230.5560	0.0000	1.4400	62.0826	NOT CONNECTED	0.0000	500.0000	0.0000	0.0000	0.0000	0.0000	0.0931	0.0531	-1.2223	-0.1163	-1.2260	-0.0670	-9.4297	2.3835	320.8508	0.0000	83.4503	1.2279	0.0060	62.4849
92.0172	0.0000	-0.0410	0.0148	0.0000	0.6810	-0.0400	230.5480	0.0000	1.4400	62.1267	NOT CONNECTED	0.0000	500.0000	0.0000	0.0000	0.0000	0.0000	0.0931	0.0531	-1.2223	-0.1163	-1.2260	-0.0670	0.0000	0.0000	320.9211	0.0000	83.3451	1.2279	0.0056	62.4849
92.1346	0.0000	-0.0410	0.0148	0.0000	0.6810	-0.0400	230.5480	0.0000	1.4400	62.1267	NOT CONNECTED	0.0000	500.0000	0.0000	0.0000	0.0000	0.0000	0.0931	0.0531	-1.2223	-0.1163	-1.2260	-0.0670	0.0000	0.0000	320.9211	0.0000	83.3451	1.2279	0.0056	62.4849
92.6219	NOT CONNECTED	NOT CONNECTED	NOT CONNECTED	NOT CONNECTED	NOT CONNECTED	NOT CONNECTED	NOT CONNECTED	NOT CONNECTED	NOT CONNECTED	NOT CONNECTED	NOT CONNECTED	0.0000	500.0000	0.0000	0.0000	0.0000	0.0000	0.0931	0.0531	-1.2223	-0.1163	-1.2260	-0.0670	0.0000	0.0000	320.9874	0.0000	83.2535	1.2279	0.0056	62.4632
