Time	speed	torque	motor_current	motor_current_thd	motor_voltage	motor_power	line_voltage	line_current	line_power	motor_temperature	Test_Marker	BD_Target_Speed	BD_Target_Accel	BD_Update_Cmd	Mcl_Quantities.Speed_Rot_Mech	Mcl_Quantities.Torque	Mcl_Quantities.Torque_Ref	Mcl_Quantities.Stator_Flux_Mag	Mcl_Quantities.Flux_Ref	Mcl_Quantities.Id_stator_current	Mcl_Quantities.Iq_stator_current	Mcl_Quantities.Id_rotor_current	Rotor_Curr_Iq	Flux_Controller.Out	Torque_Controller.Out	DC_Bus_RMS	Mcl_Quantities.Electrical_Power	Mcl_Quantities.Stator_Temperature	Mcl_Quantities.Is_Abs	Mcl_Quantities.IsRMS	SR_Overheating_Temp
0.7399	0.0000	0.0000	0.0146	0.0000	0.6720	-0.0400	230.6340	0.0000	1.2800	68.7604	NOT CONNECTED	NOT CONNECTED	NOT CONNECTED	NOT CONNECTED	NOT CONNECTED	NOT CONNECTED	NOT CONNECTED	NOT CONNECTED	NOT CONNECTED	NOT CONNECTED	NOT CONNECTED	NOT CONNECTED	NOT CONNECTED	NOT CONNECTED	NOT CONNECTED	NOT CONNECTED	NOT CONNECTED	NOT CONNECTED	NOT CONNECTED	NOT CONNECTED	NOT CONNECTED
1.4872	0.0000	0.0000	0.0147	0.0000	0.6720	-0.0400	230.6280	0.0000	1.3200	68.6290	NOT CONNECTED	NOT CONNECTED	NOT CONNECTED	NOT CONNECTED	NOT CONNECTED	NOT CONNECTED	NOT CONNECTED	NOT CONNECTED	NOT CONNECTED	NOT CONNECTED	NOT CONNECTED	NOT CONNECTED	NOT CONNECTED	NOT CONNECTED	NOT CONNECTED	NOT CONNECTED	NOT CONNECTED	NOT CONNECTED	NOT CONNECTED	NOT CONNECTED	NOT CONNECTED
1.6676	0.0000	0.0000	0.0147	0.0000	0.6720	-0.0400	230.6280	0.0000	1.3200	68.6290	NOT CONNECTED	0.0000	500.0000	0.0000	0.0000	0.0000	0.0000	0.0931	0.0531	-1.3272	0.0138	-1.3272	0.0076	0.0000	0.0000	321.1349	0.0000	82.6524	1.3272	0.0054	80.9246
2.2283	0.0000	0.0000	0.0147	0.0000	0.6720	-0.0400	230.6160	0.0000	1.2900	68.4697	NOT CONNECTED	0.0000	500.0000	0.0000	0.0000	0.0000	0.0000	0.0931	0.0531	-1.3272	0.0138	-1.3272	0.0076	0.0000	0.0000	321.1119	0.0000	82.5903	1.3272	0.0051	80.8655
2.2723	0.0000	0.0000	0.0147	0.0000	0.6720	-0.0400	230.6160	0.0000	1.2900	68.4697	NOT CONNECTED	0.0000	500.0000	0.0000	0.0000	0.0000	0.0000	0.0931	0.0531	-1.3272	0.0138	-1.3272	0.0076	0.0000	0.0000	321.1119	0.0000	82.5903	1.3272	0.0051	80.8655
2.8782	0.0000	0.0000	0.0146	0.0000	0.6720	-0.0400	230.6090	0.0000	1.2900	68.2772	NOT CONNECTED	0.0000	500.0000	0.0000	0.0000	0.0000	0.0000	0.0931	0.0531	-1.3272	0.0138	-1.3272	0.0076	0.0000	0.0000	321.1525	0.0000	82.5322	1.3272	0.0053	80.8065
2.9772	0.0000	0.0000	0.0146	0.0000	0.6720	-0.0400	230.6090	0.0000	1.2900	68.2772	NOT CONNECTED	0.0000	500.0000	0.0000	0.0000	0.0000	0.0000	0.0931	0.0531	-1.3272	0.0138	-1.3272	0.0076	0.0000	0.0000	321.1525	0.0000	82.5322	1.3272	0.0053	80.8065
3.4838	0.0000	0.0000	0.0146	0.0000	0.6720	-0.0400	230.5960	0.0000	1.2900	68.0932	NOT CONNECTED	0.0000	500.0000	0.0000	0.0000	0.0000	0.0000	0.0931	0.0531	-1.3272	0.0138	-1.3272	0.0076	0.0000	0.0000	321.1092	0.0000	82.4775	1.3272	0.0051	80.8065
3.7212	0.0000	0.0000	0.0146	0.0000	0.6720	-0.0400	230.5960	0.0000	1.2900	68.0932	NOT CONNECTED	0.0000	500.0000	0.0000	0.0000	0.0000	0.0000	0.0931	0.0531	-1.3272	0.0138	-1.3272	0.0076	0.0000	0.0000	321.1092	0.0000	82.4775	1.3272	0.0051	80.8065
4.0895	0.0000	0.0000	0.0146	0.0000	0.6720	-0.0400	230.5960	0.0000	1.2900	68.0932	NOT CONNECTED	0.0000	500.0000	0.0000	0.0000	0.0000	0.0000	0.0931	0.0531	-1.3272	0.0138	-1.3272	0.0076	0.0000	0.0000	321.1051	0.0000	82.4240	1.3272	0.0052	80.7477
4.4730	0.0000	0.0000	0.0146	0.0000	0.6720	-0.0400	230.5880	0.0000	1.2900	67.9320	NOT CONNECTED	0.0000	500.0000	0.0000	0.0000	0.0000	0.0000	0.0931	0.0531	-1.3272	0.0138	-1.3272	0.0076	0.0000	0.0000	321.0673	0.0000	82.3753	1.3272	0.0049	80.7477
4.6951	0.0000	0.0000	0.0146	0.0000	0.6720	-0.0400	230.5880	0.0000	1.2900	67.9320	NOT CONNECTED	0.0000	500.0000	0.0000	0.0000	0.0000	0.0000	0.0931	0.0531	-1.3272	0.0138	-1.3272	0.0076	0.0000	0.0000	321.0673	0.0000	82.3753	1.3272	0.0049	80.7477
5.2095	0.0000	0.0000	0.0146	0.0000	0.6720	-0.0400	230.5710	0.0000	1.3000	67.7473	NOT CONNECTED	0.0000	500.0000	0.0000	0.0000	0.0000	0.0000	0.0931	0.0531	-1.3272	0.0138	-1.3272	0.0076	0.0000	0.0000	321.0605	0.0000	82.3292	1.3272	0.0053	80.6890
5.3002	0.0000	0.0000	0.0146	0.0000	0.6720	-0.0400	230.5710	0.0000	1.3000	67.7473	NOT CONNECTED	0.0000	500.0000	0.0000	0.0000	0.0000	0.0000	0.0931	0.0531	-1.3272	0.0138	-1.3272	0.0076	0.0000	0.0000	321.0605	0.0000	82.3292	1.3272	0.0053	80.6890
5.8903	0.0000	0.0000	0.0146	0.0000	0.6720	-0.0400	230.5630	0.0000	1.3000	67.5687	NOT CONNECTED	0.0000	500.0000	0.0000	0.0000	0.0000	0.0000	0.0931	0.0531	-1.3272	0.0138	-1.3272	0.0076	0.0000	0.0000	321.0822	0.0000	82.2853	1.3272	0.0054	80.6305
5.9487	0.0000	0.0000	0.0146	0.0000	0.6720	-0.0400	230.5630	0.0000	1.3000	67.5687	NOT CONNECTED	0.0000	500.0000	0.0000	0.0000	0.0000	0.0000	0.0931	0.0531	-1.3272	0.0138	-1.3272	0.0076	0.0000	0.0000	321.0822	0.0000	82.2853	1.3272	0.0054	80.6305
6.4962	0.0000	0.0000	0.0146	0.0000	0.6720	-0.0400	230.5520	0.0000	1.3000	67.4173	NOT CONNECTED	0.0000	500.0000	0.0000	0.0000	0.0000	0.0000	0.0931	0.0531	-1.3272	0.0138	-1.3272	0.0076	0.0000	0.0000	321.0186	0.0000	82.2434	1.3272	0.0055	80.6305
6.6950	0.0000	0.0000	0.0146	0.0000	0.6720	-0.0400	230.5520	0.0000	1.3000	67.4173	NOT CONNECTED	0.0000	500.0000	0.0000	0.0000	0.0000	0.0000	0.0931	0.0531	-1.3272	0.0138	-1.3272	0.0076	0.0000	0.0000	321.0186	0.0000	82.2434	1.3272	0.0055	80.6305
7.0860	0.0000	0.0000	0.0146	0.0000	0.6720	-0.0400	230.5470	0.0000	1.3100	67.2401	NOT CONNECTED	0.0000	500.0000	0.0000	0.0000	0.0000	0.0000	0.0931	0.0531	-1.3272	0.0138	-1.3272	0.0076	0.0000	0.0000	321.0091	0.0000	82.2033	1.3272	0.0053	80.5721
7.4400	0.0000	0.0000	0.0146	0.0000	0.6720	-0.0400	230.5470	0.0000	1.3100	67.2401	NOT CONNECTED	0.0000	500.0000	0.0000	0.0000	0.0000	0.0000	0.0931	0.0531	-1.3272	0.0138	-1.3272	0.0076	0.0000	0.0000	320.9983	0.0000	82.1647	1.3272	0.0053	80.5721
7.6913	0.0000	0.0000	0.0146	0.0000	0.6720	-0.0400	230.5470	0.0000	1.3100	67.2401	NOT CONNECTED	0.0000	500.0000	0.0000	0.0000	0.0000	0.0000	0.0931	0.0531	-1.3272	0.0138	-1.3272	0.0076	0.0000	0.0000	320.9983	0.0000	82.1647	1.3272	0.0053	80.5721
8.1730	0.0000	0.0000	0.0147	0.0000	0.6720	-0.0400	230.5380	0.0000	1.3100	67.0780	NOT CONNECTED	0.0000	500.0000	0.0000	0.0000	0.0000	0.0000	0.0931	0.0531	-1.3272	0.0138	-1.3272	0.0076	0.0000	0.0000	321.0010	0.0000	82.1277	1.3272	0.0055	80.5139
8.2964	0.0000	0.0000	0.0147	0.0000	0.6720	-0.0400	230.5380	0.0000	1.3100	67.0780	NOT CONNECTED	0.0000	500.0000	0.0000	0.0000	0.0000	0.0000	0.0931	0.0531	-1.3272	0.0138	-1.3272	0.0076	0.0000	0.0000	321.0010	0.0000	82.1277	1.3272	0.0055	80.5139
8.9012	0.0000	0.0000	0.0146	0.0000	0.6720	-0.0400	230.5370	0.0000	1.3200	66.8878	NOT CONNECTED	0.0000	500.0000	0.0000	0.0000	0.0000	0.0000	0.0931	0.0531	-1.3272	0.0138	-1.3272	0.0076	0.0000	0.0000	321.0132	0.0000	82.0919	1.3272	0.0054	80.4558
8.9132	0.0000	0.0000	0.0146	0.0000	0.6720	-0.0400	230.5370	0.0000	1.3200	66.8878	NOT CONNECTED	0.0000	500.0000	0.0000	0.0000	0.0000	0.0000	0.0931	0.0531	-1.3272	0.0138	-1.3272	0.0076	0.0000	0.0000	321.0132	0.0000	82.0919	1.3272	0.0054	80.4558
9.5084	0.0000	0.0000	0.0146	0.0000	0.6720	-0.0400	230.5380	0.0000	1.3200	66.7256	NOT CONNECTED	0.0000	500.0000	0.0000	0.0000	0.0000	0.0000	0.0931	0.0531	-1.3272	0.0138	-1.3272	0.0076	0.0000	0.0000	321.0104	0.0000	82.0559	1.3272	0.0054	80.4558
9.6609	0.0000	0.0000	0.0146	0.0000	0.6720	-0.0400	230.5380	0.0000	1.3200	66.7256	NOT CONNECTED	0.0000	500.0000	0.0000	0.0000	0.0000	0.0000	0.0931	0.0531	-1.3272	0.0138	-1.3272	0.0076	0.0000	0.0000	321.0104	0.0000	82.0559	1.3272	0.0054	80.4558
10.1125	0.0000	0.0000	0.0146	0.0000	0.6720	-0.0400	230.5420	0.0000	1.3100	66.5575	NOT CONNECTED	0.0000	500.0000	0.0000	0.0000	0.0000	0.0000	0.0931	0.0531	-1.3272	0.0138	-1.3272	0.0076	0.0000	0.0000	321.0240	0.0000	82.0225	1.3272	0.0054	80.3979
10.4028	0.0000	0.0000	0.0146	0.0000	0.6720	-0.0400	230.5420	0.0000	1.3100	66.5575	NOT CONNECTED	0.0000	500.0000	0.0000	0.0000	0.0000	0.0000	0.0931	0.0531	-1.3272	0.0138	-1.3272	0.0076	0.0000	0.0000	321.0240	0.0000	82.0225	1.3272	0.0054	80.3979
10.7187	0.0000	0.0000	0.0146	0.0000	0.6720	-0.0400	230.5420	0.0000	1.3100	66.5575	NOT CONNECTED	0.0000	500.0000	0.0000	0.0000	0.0000	0.0000	0.0931	0.0531	-1.3272	0.0138	-1.3272	0.0076	0.0000	0.0000	321.0267	0.0000	81.9899	1.3272	0.0053	80.3979
11.1553	0.0000	0.0000	0.0146	0.0000	0.6720	-0.0400	230.5540	0.0000	1.3000	66.4142	NOT CONNECTED	0.0000	500.0000	0.0000	0.0000	0.0000	0.0000	0.0931	0.0531	-1.3272	0.0138	-1.3272	0.0076	0.0000	0.0000	321.0483	0.0000	81.9569	1.3272	0.0050	80.3401
11.3400	0.0000	0.0000	0.0146	0.0000	0.6720	-0.0400	230.5540	0.0000	1.3000	66.4142	NOT CONNECTED	0.0000	500.0000	0.0000	0.0000	0.0000	0.0000	0.0931	0.0531	-1.3272	0.0138	-1.3272	0.0076	0.0000	0.0000	321.0483	0.0000	81.9569	1.3272	0.0050	80.3401
11.8932	0.0000	0.0000	0.0146	0.0000	0.6720	-0.0400	230.5620	0.0000	1.3100	66.2225	NOT CONNECTED	0.0000	500.0000	0.0000	0.0000	0.0000	0.0000	0.0931	0.0531	-1.3272	0.0138	-1.3272	0.0076	0.0000	0.0000	321.0605	0.0000	81.9261	1.3272	0.0053	80.2825
11.9454	0.0000	0.0000	0.0146	0.0000	0.6720	-0.0400	230.5620	0.0000	1.3100	66.2225	NOT CONNECTED	0.0000	500.0000	0.0000	0.0000	0.0000	0.0000	0.0931	0.0531	-1.3272	0.0138	-1.3272	0.0076	0.0000	0.0000	321.0605	0.0000	81.9261	1.3272	0.0053	80.2825
12.5511	0.0000	0.0000	0.0146	0.0000	0.6720	-0.0400	230.5700	0.0000	1.3000	66.0467	NOT CONNECTED	0.0000	500.0000	0.0000	0.0000	0.0000	0.0000	0.0931	0.0531	-1.3272	0.0138	-1.3272	0.0076	0.0000	0.0000	321.0781	0.0000	81.8960	1.3272	0.0053	80.2825
12.6524	0.0000	0.0000	0.0146	0.0000	0.6720	-0.0400	230.5700	0.0000	1.3000	66.0467	NOT CONNECTED	0.0000	500.0000	0.0000	0.0000	0.0000	0.0000	0.0931	0.0531	-1.3272	0.0138	-1.3272	0.0076	0.0000	0.0000	321.0781	0.0000	81.8960	1.3272	0.0053	80.2825
13.1412	0.0000	0.0000	0.0146	0.0000	0.6720	-0.0400	230.5700	0.0000	1.3000	66.0467	NOT CONNECTED	0.0000	500.0000	0.0000	0.0000	0.0000	0.0000	0.0931	0.0531	-1.3272	0.0138	-1.3272	0.0076	0.0000	0.0000	321.0957	0.0000	81.8666	1.3272	0.0055	80.2249
13.6672	0.0000	0.0000	0.0146	0.0000	0.6720	-0.0400	230.6030	0.0000	1.3000	65.8086	NOT CONNECTED	0.0000	500.0000	0.0000	0.0000	0.0000	0.0000	0.0931	0.0531	-1.3272	0.0138	-1.3272	0.0076	0.0000	0.0000	321.1038	0.0000	81.8378	1.3272	0.0052	80.2249
13.7470	0.0000	0.0000	0.0146	0.0000	0.6720	-0.0400	230.6030	0.0000	1.3000	65.8086	NOT CONNECTED	0.0000	500.0000	0.0000	0.0000	0.0000	0.0000	0.0931	0.0531	-1.3272	0.0138	-1.3272	0.0076	0.0000	0.0000	321.1038	0.0000	81.8378	1.3272	0.0052	80.2249
14.3513	0.0000	0.0000	0.0146	0.0000	0.6720	-0.0400	230.6160	0.0000	1.3000	65.6567	NOT CONNECTED	0.0000	500.0000	0.0000	0.0000	0.0000	0.0000	0.0931	0.0531	-1.3272	0.0138	-1.3272	0.0076	0.0000	0.0000	321.1241	0.0000	81.8094	1.3272	0.0051	80.1676
14.4044	0.0000	0.0000	0.0146	0.0000	0.6720	-0.0400	230.6160	0.0000	1.3000	65.6567	NOT CONNECTED	0.0000	500.0000	0.0000	0.0000	0.0000	0.0000	0.0931	0.0531	-1.3272	0.0138	-1.3272	0.0076	0.0000	0.0000	321.1241	0.0000	81.8094	1.3272	0.0051	80.1676
14.9573	0.0000	0.0000	0.0146	0.0000	0.6720	-0.0400	230.6440	0.0000	1.3000	65.5142	NOT CONNECTED	0.0000	500.0000	0.0000	0.0000	0.0000	0.0000	0.0931	0.0531	-1.3272	0.0138	-1.3272	0.0076	0.0000	0.0000	321.1620	0.0000	81.7816	1.3272	0.0053	80.1104
15.1605	0.0000	0.0000	0.0146	0.0000	0.6720	-0.0400	230.6440	0.0000	1.3000	65.5142	NOT CONNECTED	0.0000	500.0000	0.0000	0.0000	0.0000	0.0000	0.0931	0.0531	-1.3272	0.0138	-1.3272	0.0076	0.0000	0.0000	321.1620	0.0000	81.7816	1.3272	0.0053	80.1104
15.5792	0.0000	0.0000	0.0146	0.0000	0.6720	-0.0400	230.6590	0.0000	1.3100	65.3641	NOT CONNECTED	14000.0000	500.0000	0.0000	0.0000	0.0000	0.0000	0.0931	0.0531	-1.3272	0.0138	-1.3272	0.0076	0.0000	0.0000	321.1863	0.0000	81.7532	1.3272	0.0056	80.1104
15.8944	0.0000	0.0000	0.0146	0.0000	0.6720	-0.0400	230.6590	0.0000	1.3100	65.3641	NOT CONNECTED	14000.0000	500.0000	0.0000	0.0000	0.0000	0.0000	0.0931	0.0531	-1.3272	0.0138	-1.3272	0.0076	0.0000	0.0000	321.2215	0.0000	81.7251	1.3272	0.0051	80.0533
16.1847	0.0000	0.0000	0.0146	0.0000	0.6720	-0.0400	230.6590	0.0000	1.3100	65.3641	NOT CONNECTED	14000.0000	500.0000	0.0000	0.0000	0.0000	0.0000	0.0931	0.0531	-1.3272	0.0138	-1.3272	0.0076	0.0000	0.0000	321.2215	0.0000	81.7251	1.3272	0.0051	80.0533
16.6639	0.0000	0.0000	0.0146	0.0000	0.6720	-0.0400	230.6720	0.0000	1.3000	65.1922	NOT CONNECTED	14000.0000	500.0000	0.0000	0.0000	0.0000	0.0000	0.0931	0.0531	-1.3272	0.0138	-1.3272	0.0076	0.0000	0.0000	321.2553	0.0000	81.6988	1.3272	0.0052	80.0533
16.7911	0.0000	0.0000	0.0146	0.0000	0.6720	-0.0400	230.6720	0.0000	1.3000	65.1922	NOT CONNECTED	14000.0000	500.0000	0.0000	0.0000	0.0000	0.0000	0.0931	0.0531	-1.3272	0.0138	-1.3272	0.0076	0.0000	0.0000	321.2553	0.0000	81.6988	1.3272	0.0052	80.0533
17.3804	0.0000	0.0000	0.0146	0.0000	0.6720	-0.0400	230.6950	0.0000	1.3000	65.0401	NOT CONNECTED	14000.0000	500.0000	0.0000	0.0000	0.0000	0.0000	0.0931	0.0531	-1.3272	0.0138	-1.3272	0.0076	0.0000	0.0000	321.2432	0.0000	81.6736	1.3272	0.0056	79.9963
17.4074	0.0000	0.0000	0.0146	0.0000	0.6720	-0.0400	230.6950	0.0000	1.3000	65.0401	NOT CONNECTED	14000.0000	500.0000	0.0000	0.0000	0.0000	0.0000	0.0931	0.0531	-1.3272	0.0138	-1.3272	0.0076	0.0000	0.0000	321.2432	0.0000	81.6736	1.3272	0.0056	79.9963
17.9857	0.0000	0.0000	0.0146	0.0000	0.6720	-0.0400	230.7140	0.0000	1.3000	64.8922	NOT CONNECTED	14000.0000	500.0000	0.0000	0.0000	0.0000	0.0000	0.0931	0.0531	-1.3272	0.0138	-1.3272	0.0076	0.0000	0.0000	321.2743	0.0000	81.6480	1.3272	0.0050	79.9395
18.1646	0.0000	0.0000	0.0146	0.0000	0.6720	-0.0400	230.7140	0.0000	1.3000	64.8922	NOT CONNECTED	14000.0000	500.0000	0.0000	0.0000	0.0000	0.0000	0.0931	0.0531	-1.3272	0.0138	-1.3272	0.0076	0.0000	0.0000	321.2743	0.0000	81.6480	1.3272	0.0050	79.9395
18.5917	0.0000	0.0000	0.0146	0.0000	0.6720	-0.0400	230.7240	0.0000	1.3000	64.7420	NOT CONNECTED	14000.0000	500.0000	0.0000	0.0000	0.0000	0.0000	0.0931	0.0531	-1.3272	0.0138	-1.3272	0.0076	0.0000	0.0000	321.2743	0.0000	81.6213	1.3272	0.0058	79.9395
18.8984	0.0000	0.0000	0.0146	0.0000	0.6720	-0.0400	230.7240	0.0000	1.3000	64.7420	NOT CONNECTED	14000.0000	500.0000	0.0000	0.0000	0.0000	0.0000	0.0931	0.0531	-1.3272	0.0138	-1.3272	0.0076	0.0000	0.0000	321.3081	0.0000	81.5963	1.3272	0.0051	79.8829
19.1972	0.0000	0.0000	0.0146	0.0000	0.6720	-0.0400	230.7240	0.0000	1.3000	64.7420	NOT CONNECTED	14000.0000	500.0000	0.0000	0.0000	0.0000	0.0000	0.0931	0.0531	-1.3272	0.0138	-1.3272	0.0076	0.0000	0.0000	321.3081	0.0000	81.5963	1.3272	0.0051	79.8829
19.6678	0.0000	0.0000	0.0146	0.0000	0.6710	-0.0400	230.7430	0.0000	1.3100	64.5900	NOT CONNECTED	14000.0000	500.0000	0.0000	0.0000	0.0070	0.0000	0.0931	0.0531	0.0121	0.0115	-1.3272	0.0031	1.2600	0.0000	318.5073	-0.0045	81.5714	1.3272	0.0057	79.8829
19.8022	0.0000	0.0000	0.0146	0.0000	0.6710	-0.0400	230.7430	0.0000	1.3100	64.5900	NOT CONNECTED	14000.0000	500.0000	0.0000	0.0000	0.0070	0.0000	0.0931	0.0531	0.0121	0.0115	-1.3272	0.0031	1.2600	0.0000	318.5073	-0.0045	81.5714	1.3272	0.0057	79.8829
20.4084	12.0000	-0.0370	0.0146	0.0000	0.3750	-0.0400	230.7490	0.0337	1.6700	64.4416	NOT CONNECTED	14000.0000	500.0000	0.0000	2.6251	-0.0174	0.0000	0.1572	0.0531	2.0308	-0.0210	2.0420	0.0165	15.5750	0.0000	310.3287	47.6389	81.5694	2.0511	0.6931	79.8275
21.0141	0.0000	0.0000	1.6290	0.0000	17.2690	64.0600	230.7070	0.5523	78.7500	64.3038	NOT CONNECTED	14000.0000	500.0000	0.0000	-0.1668	-0.0181	0.0000	0.1766	0.0531	3.0222	-0.0170	3.0181	-0.0404	22.4699	0.0000	304.5009	102.2027	81.8274	3.0183	1.8289	79.8818
21.1645	0.0000	0.0000	1.6290	0.0000	17.2690	64.0600	230.7070	0.5523	78.7500	64.3038	NOT CONNECTED	14000.0000	500.0000	0.0000	-0.1668	-0.0181	0.0000	0.1766	0.0531	3.0222	-0.0170	3.0181	-0.0404	22.4699	0.0000	304.5009	102.2027	81.8274	3.0183	1.8289	79.8818
21.6195	0.0000	0.0000	2.0237	0.0000	21.3990	98.4100	230.7020	0.8053	121.3900	64.2980	NOT CONNECTED	14000.0000	500.0000	0.0000	0.1212	-0.0165	0.0000	0.1772	0.0531	2.8296	-0.0171	3.0340	-0.0306	18.4149	0.0000	304.6176	96.3723	82.4349	3.0343	2.1523	79.8818
21.9106	0.0000	0.0000	2.0237	0.0000	21.3990	98.4100	230.7020	0.8053	121.3900	64.2980	NOT CONNECTED	14000.0000	500.0000	0.0000	0.1212	-0.0165	0.0000	0.1772	0.0531	2.8296	-0.0171	3.0340	-0.0306	18.4149	0.0000	304.6176	96.3723	82.4349	3.0343	2.1523	79.8818
22.2252	0.0000	0.0000	2.0237	0.0000	21.3990	98.4100	230.7020	0.8053	121.3900	64.2980	NOT CONNECTED	14000.0000	500.0000	0.0000	-0.3253	0.0097	0.0120	0.1068	0.1117	1.0200	0.0151	0.7504	0.0168	9.0413	0.4285	316.3708	12.0809	87.5667	0.7185	0.6560	80.0845
22.6709	15.0000	-0.0250	0.6615	0.0000	8.6670	11.1900	230.8030	0.1528	18.6500	64.2381	NOT CONNECTED	14000.0000	500.0000	0.0000	140.7760	0.2747	0.2724	0.1116	0.1117	1.0462	0.4125	0.9374	0.5511	7.1062	11.7566	315.2965	18.0311	87.4907	1.0817	0.7438	80.0845
22.8148	15.0000	-0.0250	0.6615	0.0000	8.6670	11.1900	230.8030	0.1528	18.6500	64.2381	NOT CONNECTED	14000.0000	500.0000	0.0000	140.7760	0.2747	0.2724	0.1116	0.1117	1.0462	0.4125	0.9374	0.5511	7.1062	11.7566	315.2965	18.0311	87.4907	1.0817	0.7438	80.0845
23.4034	398.0000	-0.1090	0.7657	0.0000	13.5870	14.4300	230.7760	0.1840	23.1800	64.1922	NOT CONNECTED	14000.0000	500.0000	0.0000	457.5676	0.1232	0.1801	0.0937	0.0934	0.2808	0.2200	0.2386	0.2609	1.6823	20.8803	317.3854	7.9016	87.4203	0.3906	0.3138	80.0618
23.4203	398.0000	-0.1090	0.7657	0.0000	13.5870	14.4300	230.7760	0.1840	23.1800	64.1922	NOT CONNECTED	14000.0000	500.0000	0.0000	457.5676	0.1232	0.1801	0.0937	0.0934	0.2808	0.2200	0.2386	0.2609	1.6823	20.8803	317.3854	7.9016	87.4203	0.3906	0.3138	80.0618
24.0103	773.0000	-0.1130	0.2716	0.0000	33.6310	10.6900	230.7930	0.1411	16.9700	64.0970	NOT CONNECTED	14000.0000	500.0000	0.0000	754.9795	0.1654	0.1667	0.0935	0.0937	0.2519	0.2940	0.3220	0.3118	1.6988	32.7989	316.1786	12.5156	87.2924	0.4449	0.2749	80.0134
24.1809	773.0000	-0.1130	0.2716	0.0000	33.6310	10.6900	230.7930	0.1411	16.9700	64.0970	NOT CONNECTED	14000.0000	500.0000	0.0000	754.9795	0.1654	0.1667	0.0935	0.0937	0.2519	0.2940	0.3220	0.3118	1.6988	32.7989	316.1786	12.5156	87.2924	0.4449	0.2749	80.0134
24.6153	1150.0000	-0.1150	0.2784	0.0000	45.7130	14.7400	230.7960	0.1734	21.4800	63.9516	NOT CONNECTED	14000.0000	500.0000	0.0000	1058.6204	0.1466	0.1623	0.0937	0.0936	0.3346	0.2674	0.2259	0.2636	1.6056	44.5688	315.1328	17.9123	87.1764	0.3842	0.2808	80.0134
24.9300	1150.0000	-0.1150	0.2784	0.0000	45.7130	14.7400	230.7960	0.1734	21.4800	63.9516	NOT CONNECTED	14000.0000	500.0000	0.0000	1367.0983	0.1869	0.1346	0.0935	0.0937	0.2916	0.3393	0.2480	0.3361	1.8957	56.8176	314.0925	23.0696	87.0677	0.3481	0.2870	79.9616
25.2210	1150.0000	-0.1150	0.2784	0.0000	45.7130	14.7400	230.7960	0.1734	21.4800	63.9516	NOT CONNECTED	14000.0000	500.0000	0.0000	1367.0983	0.1869	0.1346	0.0935	0.0937	0.2916	0.3393	0.2480	0.3361	1.8957	56.8176	314.0925	23.0696	87.0677	0.3481	0.2870	79.9616
25.6910	1523.0000	-0.1190	0.2884	0.0000	69.7280	23.2100	230.8020	0.2375	30.7100	63.8093	NOT CONNECTED	14000.0000	500.0000	0.0000	1666.8700	0.1635	0.1694	0.0937	0.0936	0.2490	0.2872	0.2117	0.2856	1.6482	67.9079	313.2931	27.2708	86.9732	0.3848	0.2917	79.9616
25.8264	1523.0000	-0.1190	0.2884	0.0000	69.7280	23.2100	230.8020	0.2375	30.7100	63.8093	NOT CONNECTED	14000.0000	500.0000	0.0000	1666.8700	0.1635	0.1694	0.0937	0.0936	0.2490	0.2872	0.2117	0.2856	1.6482	67.9079	313.2931	27.2708	86.9732	0.3848	0.2917	79.9616
26.4319	1902.0000	-0.1210	0.2924	0.0000	81.6020	27.6200	230.8040	0.2694	35.4300	63.6657	NOT CONNECTED	14000.0000	500.0000	0.0000	1960.3122	0.1664	0.1827	0.0937	0.0936	0.2479	0.3034	0.1824	0.2642	2.2951	80.8604	312.4342	34.0091	86.8877	0.3831	0.2968	79.9109
26.4334	1902.0000	-0.1210	0.2924	0.0000	81.6020	27.6200	230.8040	0.2694	35.4300	63.6657	NOT CONNECTED	14000.0000	500.0000	0.0000	1960.3122	0.1664	0.1827	0.0937	0.0936	0.2479	0.3034	0.1824	0.2642	2.2951	80.8604	312.4342	34.0091	86.8877	0.3831	0.2968	79.9109
27.0216	2273.0000	-0.1240	0.3018	0.0000	105.7020	37.0800	230.8040	0.3361	45.4300	63.5008	NOT CONNECTED	14000.0000	500.0000	0.0000	2271.1338	0.1622	0.1536	0.0935	0.0936	0.2766	0.2872	0.3686	0.3020	1.5227	91.0577	311.6756	39.3279	86.8100	0.4402	0.3021	79.8615
27.1812	2273.0000	-0.1240	0.3018	0.0000	105.7020	37.0800	230.8040	0.3361	45.4300	63.5008	NOT CONNECTED	14000.0000	500.0000	0.0000	2271.1338	0.1622	0.1536	0.0935	0.0936	0.2766	0.2872	0.3686	0.3020	1.5227	91.0577	311.6756	39.3279	86.8100	0.4402	0.3021	79.8615
27.6107	2649.0000	-0.1300	0.3055	0.0000	117.8890	42.1000	230.8020	0.3704	50.6700	63.2885	NOT CONNECTED	14000.0000	500.0000	0.0000	2558.9871	0.1631	0.1789	0.0937	0.0936	0.3572	0.2939	0.3247	0.3622	1.9203	102.6741	310.7548	45.6427	86.7392	0.4963	0.3070	79.8615
27.9245	2649.0000	-0.1300	0.3055	0.0000	117.8890	42.1000	230.8020	0.3704	50.6700	63.2885	NOT CONNECTED	14000.0000	500.0000	0.0000	2868.2243	0.1498	0.1503	0.0935	0.0935	0.2943	0.2731	0.3170	0.3185	3.2560	118.4460	310.0707	50.6296	86.6745	0.4888	0.3114	79.8138
28.2168	2649.0000	-0.1300	0.3055	0.0000	117.8890	42.1000	230.8020	0.3704	50.6700	63.2885	NOT CONNECTED	14000.0000	500.0000	0.0000	2868.2243	0.1498	0.1503	0.0935	0.0935	0.2943	0.2731	0.3170	0.3185	3.2560	118.4460	310.0707	50.6296	86.6745	0.4888	0.3114	79.8138
28.6887	3018.0000	-0.1360	0.3132	0.0000	142.0170	52.1900	230.7950	0.4376	61.1100	63.0936	NOT CONNECTED	14000.0000	500.0000	0.0000	3162.5095	0.1549	0.1836	0.0936	0.0935	0.2886	0.2780	0.3451	0.3322	1.8322	127.0620	309.1932	57.5265	86.6151	0.4419	0.3114	79.8138
28.8216	3018.0000	-0.1360	0.3132	0.0000	142.0170	52.1900	230.7950	0.4376	61.1100	63.0936	NOT CONNECTED	14000.0000	500.0000	0.0000	3162.5095	0.1549	0.1836	0.0936	0.0935	0.2886	0.2780	0.3451	0.3322	1.8322	127.0620	309.1932	57.5265	86.6151	0.4419	0.3114	79.8138
29.4278	3394.0000	-0.1380	0.3184	0.0000	153.9950	57.9200	230.7750	0.4745	67.0200	62.8494	NOT CONNECTED	14000.0000	500.0000	0.0000	3471.0370	0.1664	0.1609	0.0936	0.0936	0.3724	0.2788	0.2424	0.3161	4.0575	140.3939	308.5811	63.8824	86.5609	0.4115	0.3228	79.7681
29.4279	3394.0000	-0.1380	0.3184	0.0000	153.9950	57.9200	230.7750	0.4745	67.0200	62.8494	NOT CONNECTED	14000.0000	500.0000	0.0000	3471.0370	0.1664	0.1609	0.0936	0.0936	0.3724	0.2788	0.2424	0.3161	4.0575	140.3939	308.5811	63.8824	86.5609	0.4115	0.3228	79.7681
30.0326	3767.0000	-0.1400	0.3286	0.0000	178.2250	70.2300	230.7980	0.5536	79.6400	62.6212	NOT CONNECTED	14000.0000	500.0000	0.0000	3775.9818	0.1543	0.1508	0.0936	0.0935	0.2336	0.2819	0.2576	0.3694	1.7016	152.2350	307.8000	69.8492	86.5112	0.3696	0.3296	79.7245
30.1783	3767.0000	-0.1400	0.3286	0.0000	178.2250	70.2300	230.7980	0.5536	79.6400	62.6212	NOT CONNECTED	14000.0000	500.0000	0.0000	3775.9818	0.1543	0.1508	0.0936	0.0935	0.2336	0.2819	0.2576	0.3694	1.7016	152.2350	307.8000	69.8492	86.5112	0.3696	0.3296	79.7245
30.6224	4143.0000	-0.1390	0.3300	0.0000	190.5540	75.2400	230.7970	0.5845	84.6800	62.4434	NOT CONNECTED	14000.0000	500.0000	0.0000	4072.0193	0.1975	0.1536	0.0943	0.0938	0.2636	0.3354	0.3491	0.3985	5.4161	159.2569	307.1677	78.7356	86.4653	0.5005	0.3289	79.7245
30.9127	4143.0000	-0.1390	0.3300	0.0000	190.5540	75.2400	230.7970	0.5845	84.6800	62.4434	NOT CONNECTED	14000.0000	500.0000	0.0000	4072.0193	0.1975	0.1536	0.0943	0.0938	0.2636	0.3354	0.3491	0.3985	5.4161	159.2569	307.1677	78.7356	86.4653	0.5005	0.3289	79.7245
31.2277	4143.0000	-0.1390	0.3300	0.0000	190.5540	75.2400	230.7970	0.5845	84.6800	62.4434	NOT CONNECTED	14000.0000	500.0000	0.0000	4353.4558	0.1885	0.2225	0.0933	0.0921	0.3063	0.3372	0.2677	0.3131	2.3377	177.9386	306.4545	87.3039	86.4228	0.4433	0.3388	79.6839
31.6849	4506.0000	-0.1410	0.3208	0.0000	212.5380	87.8300	230.7900	0.6567	96.5300	62.2535	NOT CONNECTED	14000.0000	500.0000	0.0000	4353.4558	0.1885	0.2225	0.0933	0.0921	0.3063	0.3372	0.2677	0.3131	2.3377	177.9386	306.4545	87.3039	86.4228	0.4433	0.3388	79.6839
32.3438	4900.0000	-0.1460	0.2600	0.0000	212.7510	91.3100	230.7920	0.6751	99.5800	62.0232	NOT CONNECTED	14000.0000	500.0000	0.0000	4922.6490	0.2364	0.1730	0.0821	0.0824	-0.0598	0.4626	-0.1838	0.3550	-2.7564	163.2986	305.6375	98.4594	86.3439	0.3923	0.2511	79.6449
32.4291	4900.0000	-0.1460	0.2600	0.0000	212.7510	91.3100	230.7920	0.6751	99.5800	62.0232	NOT CONNECTED	14000.0000	500.0000	0.0000	4922.6490	0.2364	0.1730	0.0821	0.0824	-0.0598	0.4626	-0.1838	0.3550	-2.7564	163.2986	305.6375	98.4594	86.3439	0.3923	0.2511	79.6449
32.9498	5266.0000	-0.1500	0.3512	0.0000	212.9650	102.4300	230.7900	0.7455	111.3600	61.8384	NOT CONNECTED	14000.0000	500.0000	0.0000	5224.0119	0.1693	0.1750	0.0771	0.0782	-0.3368	0.3578	-0.4574	0.2993	-1.0676	175.5989	305.0447	104.2904	86.3017	0.5645	0.3058	79.4137
33.1838	5266.0000	-0.1500	0.3512	0.0000	212.9650	102.4300	230.7900	0.7455	111.3600	61.8384	NOT CONNECTED	14000.0000	500.0000	0.0000	5224.0119	0.1693	0.1750	0.0771	0.0782	-0.3368	0.3578	-0.4574	0.2993	-1.0676	175.5989	305.0447	104.2904	86.3017	0.5645	0.3058	79.4137
33.5551	5266.0000	-0.1500	0.3512	0.0000	212.9650	102.4300	230.7900	0.7455	111.3600	61.8384	NOT CONNECTED	14000.0000	500.0000	0.0000	5527.1765	0.2147	0.1734	0.0739	0.0726	-0.4436	0.4815	-0.4726	0.3154	5.5691	168.8226	304.2946	115.1354	86.2727	0.7188	0.4458	79.4137
33.9322	5653.0000	-0.1490	0.4430	0.0000	212.8040	109.2700	230.7860	0.7906	118.8900	61.6579	NOT CONNECTED	14000.0000	500.0000	0.0000	5827.8114	0.1917	0.1793	0.0690	0.0699	-0.6747	0.4550	-0.6906	0.4232	-8.7673	167.3116	303.5681	127.1673	86.2600	0.8757	0.5368	79.1946
34.1614	5653.0000	-0.1490	0.4430	0.0000	212.8040	109.2700	230.7860	0.7906	118.8900	61.6579	NOT CONNECTED	14000.0000	500.0000	0.0000	5827.8114	0.1917	0.1793	0.0690	0.0699	-0.6747	0.4550	-0.6906	0.4232	-8.7673	167.3116	303.5681	127.1673	86.2600	0.8757	0.5368	79.1946
34.6874	6022.0000	-0.1500	0.6266	0.0000	212.3790	124.2400	230.7880	0.8863	135.2000	61.4708	NOT CONNECTED	14000.0000	500.0000	0.0000	6121.2979	0.1975	0.2120	0.0657	0.0643	-1.0789	0.5475	-1.0343	0.2416	6.2295	168.2715	302.7302	134.1539	86.2674	1.0393	0.6830	79.1946
34.7665	6022.0000	-0.1500	0.6266	0.0000	212.3790	124.2400	230.7880	0.8863	135.2000	61.4708	NOT CONNECTED	14000.0000	500.0000	0.0000	6121.2979	0.1975	0.2120	0.0657	0.0643	-1.0789	0.5475	-1.0343	0.2416	6.2295	168.2715	302.7302	134.1539	86.2674	1.0393	0.6830	79.1946
35.3714	6390.0000	-0.1530	0.7118	0.0000	212.2320	132.0100	230.7870	0.9372	143.8800	61.3199	NOT CONNECTED	14000.0000	500.0000	0.0000	6416.0281	0.2782	0.2458	0.0602	0.0616	-1.1730	0.8009	-0.8691	0.4536	5.9609	167.0645	301.9098	148.4769	86.2937	1.2083	0.7776	78.9943
35.4282	6390.0000	-0.1530	0.7118	0.0000	212.2320	132.0100	230.7870	0.9372	143.8800	61.3199	NOT CONNECTED	14000.0000	500.0000	0.0000	6416.0281	0.2782	0.2458	0.0602	0.0616	-1.1730	0.8009	-0.8691	0.4536	5.9609	167.0645	301.9098	148.4769	86.2937	1.2083	0.7776	78.9943
35.9779	6765.0000	-0.1560	0.8729	0.0000	211.7630	149.5900	230.7900	1.0481	163.0500	61.1649	NOT CONNECTED	14000.0000	500.0000	0.0000	6725.3404	0.1847	0.2114	0.0589	0.0575	-1.2891	0.5533	-1.2537	0.3294	-12.1431	170.9862	301.4641	159.2390	86.3455	1.3975	0.8695	78.8204
36.1808	6765.0000	-0.1560	0.8729	0.0000	211.7630	149.5900	230.7900	1.0481	163.0500	61.1649	NOT CONNECTED	14000.0000	500.0000	0.0000	6725.3404	0.1847	0.2114	0.0589	0.0575	-1.2891	0.5533	-1.2537	0.3294	-12.1431	170.9862	301.4641	159.2390	86.3455	1.3975	0.8695	78.8204
36.5838	7132.0000	-0.1570	0.9392	0.0000	211.4280	159.3100	230.7910	1.1084	173.5500	61.0588	NOT CONNECTED	14000.0000	500.0000	0.0000	7036.5767	0.1960	0.1965	0.0566	0.0565	-1.2963	0.5599	-1.3477	0.3476	-11.7247	168.4837	300.4812	172.9280	86.4044	1.4600	0.9451	78.8204
36.9242	7132.0000	-0.1570	0.9392	0.0000	211.4280	159.3100	230.7910	1.1084	173.5500	61.0588	NOT CONNECTED	14000.0000	500.0000	0.0000	7337.1254	0.2090	0.2030	0.0527	0.0530	-1.4499	0.6863	-1.4562	0.3401	-10.7649	168.1267	299.9363	185.5853	86.4803	1.5030	1.0174	78.6628
37.1894	7132.0000	-0.1570	0.9392	0.0000	211.4280	159.3100	230.7910	1.1084	173.5500	61.0588	NOT CONNECTED	14000.0000	500.0000	0.0000	7337.1254	0.2090	0.2030	0.0527	0.0530	-1.4499	0.6863	-1.4562	0.3401	-10.7649	168.1267	299.9363	185.5853	86.4803	1.5030	1.0174	78.6628
37.6869	7505.0000	-0.1650	1.0721	0.0000	210.8230	178.0800	230.7980	1.2247	193.9700	60.9694	NOT CONNECTED	14000.0000	500.0000	0.0000	7640.0714	0.1999	0.1997	0.0498	0.0512	-1.4496	0.6568	-1.7286	0.3438	-6.9906	165.2027	299.3500	194.5939	86.5776	1.5798	1.1141	78.6628
37.7946	7505.0000	-0.1650	1.0721	0.0000	210.8230	178.0800	230.7980	1.2247	193.9700	60.9694	NOT CONNECTED	14000.0000	500.0000	0.0000	7640.0714	0.1999	0.1997	0.0498	0.0512	-1.4496	0.6568	-1.7286	0.3438	-6.9906	165.2027	299.3500	194.5939	86.5776	1.5798	1.1141	78.6628
38.3996	8140.0000	-0.1690	1.1846	0.0000	210.5540	196.3800	230.7950	1.3369	213.7600	60.8743	NOT CONNECTED	14000.0000	500.0000	0.0000	7942.7796	0.2322	0.2002	0.0497	0.0484	-1.5229	0.8373	-1.6564	0.3206	-4.6322	172.1071	298.7003	209.0361	86.6877	1.7162	1.1650	78.5294
38.9401	8140.0000	-0.1690	1.1846	0.0000	210.5540	196.3800	230.7950	1.3369	213.7600	60.8743	NOT CONNECTED	14000.0000	500.0000	0.0000	8238.0273	0.2092	0.2118	0.0462	0.0470	-1.6101	0.7251	-1.6783	0.3557	-14.2657	163.2337	298.2044	219.8114	86.8045	1.8862	1.2212	78.4225
39.0058	8140.0000	-0.1690	1.1846	0.0000	210.5540	196.3800	230.7950	1.3369	213.7600	60.8743	NOT CONNECTED	14000.0000	500.0000	0.0000	8238.0273	0.2092	0.2118	0.0462	0.0470	-1.6101	0.7251	-1.6783	0.3557	-14.2657	163.2337	298.2044	219.8114	86.8045	1.8862	1.2212	78.4225
39.6109	8511.0000	-0.1730	1.2890	0.0000	210.0490	216.2800	230.7990	1.4577	235.2100	60.8715	NOT CONNECTED	14000.0000	500.0000	0.0000	8543.4043	0.2117	0.2104	0.0447	0.0466	-1.7176	0.7409	-1.9739	0.3290	-6.8891	166.4886	297.5866	235.3785	86.9315	1.7977	1.2719	78.4225
39.6867	8511.0000	-0.1730	1.2890	0.0000	210.0490	216.2800	230.7990	1.4577	235.2100	60.8715	NOT CONNECTED	14000.0000	500.0000	0.0000	8543.4043	0.2117	0.2104	0.0447	0.0466	-1.7176	0.7409	-1.9739	0.3290	-6.8891	166.4886	297.5866	235.3785	86.9315	1.7977	1.2719	78.4225
40.2170	8883.0000	-0.1730	1.3379	0.0000	209.7020	227.1000	230.8010	1.5229	246.8400	60.8632	NOT CONNECTED	14000.0000	500.0000	0.0000	8843.3236	0.2153	0.2156	0.0419	0.0428	-1.8794	0.8516	-1.9635	0.2918	-17.2004	170.4806	297.0900	244.7940	87.0692	2.1476	1.3451	78.3343
40.4345	8883.0000	-0.1730	1.3379	0.0000	209.7020	227.1000	230.8010	1.5229	246.8400	60.8632	NOT CONNECTED	14000.0000	500.0000	0.0000	8843.3236	0.2153	0.2156	0.0419	0.0428	-1.8794	0.8516	-1.9635	0.2918	-17.2004	170.4806	297.0900	244.7940	87.0692	2.1476	1.3451	78.3343
40.8224	9263.0000	-0.1760	1.4267	0.0000	209.3500	247.5900	230.8060	1.6450	268.7700	60.9332	NOT CONNECTED	14000.0000	500.0000	0.0000	9152.0636	0.2064	0.2123	0.0407	0.0431	-1.8584	0.7965	-2.1144	0.3685	1.7539	162.8121	296.5842	260.3634	87.2313	2.0516	1.4235	78.3343
41.1888	9263.0000	-0.1760	1.4267	0.0000	209.3500	247.5900	230.8060	1.6450	268.7700	60.9332	NOT CONNECTED	14000.0000	500.0000	0.0000	9455.5568	0.2225	0.2122	0.0419	0.0391	-1.9487	0.9563	-2.2259	0.2963	-7.9759	175.5663	296.1277	274.7354	87.3868	1.8881	1.4544	78.2691
41.4267	9263.0000	-0.1760	1.4267	0.0000	209.3500	247.5900	230.8060	1.6450	268.7700	60.9332	NOT CONNECTED	14000.0000	500.0000	0.0000	9455.5568	0.2225	0.2122	0.0419	0.0391	-1.9487	0.9563	-2.2259	0.2963	-7.9759	175.5663	296.1277	274.7354	87.3868	1.8881	1.4544	78.2691
41.9261	9633.0000	-0.1790	1.4676	0.0000	209.2550	258.5300	230.8060	1.7098	280.4400	60.9448	NOT CONNECTED	14000.0000	500.0000	0.0000	9736.6945	0.2417	0.2393	0.0408	0.0375	-2.1477	1.1380	-1.9705	0.3259	-22.3730	171.5517	295.7031	291.0206	87.5457	2.1744	1.4934	78.2323
42.0177	9633.0000	-0.1790	1.4676	0.0000	209.2550	258.5300	230.8060	1.7098	280.4400	60.9448	NOT CONNECTED	14000.0000	500.0000	0.0000	9736.6945	0.2417	0.2393	0.0408	0.0375	-2.1477	1.1380	-1.9705	0.3259	-22.3730	171.5517	295.7031	291.0206	87.5457	2.1744	1.4934	78.2323
42.6223	10002.0000	-0.1860	1.5457	0.0000	208.9530	280.7100	230.8040	1.8414	304.1600	61.0254	NOT CONNECTED	14000.0000	500.0000	0.0000	10052.9369	0.2476	0.2265	0.0370	0.0382	-1.9839	1.0651	-2.1069	0.3925	-32.7659	160.1072	295.2397	295.7804	87.7103	2.3675	1.5333	78.2323
42.6869	10002.0000	-0.1860	1.5457	0.0000	208.9530	280.7100	230.8040	1.8414	304.1600	61.0254	NOT CONNECTED	14000.0000	500.0000	0.0000	10052.9369	0.2476	0.2265	0.0370	0.0382	-1.9839	1.0651	-2.1069	0.3925	-32.7659	160.1072	295.2397	295.7804	87.7103	2.3675	1.5333	78.2323
43.2278	10402.0000	-0.1940	1.5853	0.0000	208.7070	292.3600	230.8040	1.9100	316.5700	61.1004	NOT CONNECTED	14000.0000	500.0000	0.0000	10361.3505	0.2318	0.2252	0.0362	0.0357	-1.9982	1.0481	-2.4023	0.3697	-19.9313	165.7296	294.6666	319.7458	87.8790	2.5343	1.5964	78.2102
43.4262	10402.0000	-0.1940	1.5853	0.0000	208.7070	292.3600	230.8040	1.9100	316.5700	61.1004	NOT CONNECTED	14000.0000	500.0000	0.0000	10361.3505	0.2318	0.2252	0.0362	0.0357	-1.9982	1.0481	-2.4023	0.3697	-19.9313	165.7296	294.6666	319.7458	87.8790	2.5343	1.5964	78.2102
43.8343	10758.0000	-0.1940	1.6493	0.0000	208.5440	314.1500	230.8010	2.0370	339.6900	61.1767	NOT CONNECTED	14000.0000	500.0000	0.0000	10663.4542	0.2486	0.2291	0.0379	0.0354	-2.0617	1.1465	-2.3641	0.3796	2.0591	161.7219	294.3481	330.1116	88.0668	2.4071	1.6498	78.2102
44.1771	10758.0000	-0.1940	1.6493	0.0000	208.5440	314.1500	230.8010	2.0370	339.6900	61.1767	NOT CONNECTED	14000.0000	500.0000	0.0000	10954.8570	0.2228	0.2457	0.0352	0.0337	-2.0750	1.0989	-2.3967	0.3809	-7.3151	168.4557	293.8849	352.4409	88.2479	2.5351	1.6563	78.2110
44.4400	10758.0000	-0.1940	1.6493	0.0000	208.5440	314.1500	230.8010	2.0370	339.6900	61.1767	NOT CONNECTED	14000.0000	500.0000	0.0000	10954.8570	0.2228	0.2457	0.0352	0.0337	-2.0750	1.0989	-2.3967	0.3809	-7.3151	168.4557	293.8849	352.4409	88.2479	2.5351	1.6563	78.2110
44.9208	11152.0000	-0.1960	1.6920	0.0000	208.2440	325.8900	230.7970	2.1055	352.1500	61.3514	NOT CONNECTED	14000.0000	500.0000	0.0000	11247.2378	0.2181	0.2635	0.0331	0.0334	-1.9047	0.9200	-2.6675	0.4050	-17.1493	171.7985	293.6268	366.3906	88.4274	2.6077	1.7040	78.2419
45.0285	11152.0000	-0.1960	1.6920	0.0000	208.2440	325.8900	230.7970	2.1055	352.1500	61.3514	NOT CONNECTED	14000.0000	500.0000	0.0000	11247.2378	0.2181	0.2635	0.0331	0.0334	-1.9047	0.9200	-2.6675	0.4050	-17.1493	171.7985	293.6268	366.3906	88.4274	2.6077	1.7040	78.2419
45.6352	11504.0000	-0.1990	1.7500	0.0000	207.9680	348.7500	230.7940	2.2387	376.3600	61.4813	NOT CONNECTED	14000.0000	500.0000	0.0000	11584.2433	0.2309	0.2229	0.0312	0.0317	-2.5665	1.2736	-2.5066	0.4407	-6.4919	158.0989	293.1763	375.0228	88.6104	2.9244	1.7360	78.2419
45.6886	11504.0000	-0.1990	1.7500	0.0000	207.9680	348.7500	230.7940	2.2387	376.3600	61.4813	NOT CONNECTED	14000.0000	500.0000	0.0000	11584.2433	0.2309	0.2229	0.0312	0.0317	-2.5665	1.2736	-2.5066	0.4407	-6.4919	158.0989	293.1763	375.0228	88.6104	2.9244	1.7360	78.2419
46.2410	11896.0000	-0.2020	1.7747	0.0000	207.9440	360.0300	230.7930	2.3037	388.3200	61.6448	NOT CONNECTED	14000.0000	500.0000	0.0000	11847.1357	0.2657	0.2766	0.0292	0.0321	-2.4098	1.3506	-2.7278	0.3311	-10.5816	172.3571	292.7223	398.8800	88.7956	2.9331	1.7671	78.2840
46.4337	11896.0000	-0.2020	1.7747	0.0000	207.9440	360.0300	230.7930	2.3037	388.3200	61.6448	NOT CONNECTED	14000.0000	500.0000	0.0000	11847.1357	0.2657	0.2766	0.0292	0.0321	-2.4098	1.3506	-2.7278	0.3311	-10.5816	172.3571	292.7223	398.8800	88.7956	2.9331	1.7671	78.2840
46.8456	12279.0000	-0.2120	1.8348	0.0000	207.7460	385.6400	230.7840	2.4499	415.2000	61.7927	NOT CONNECTED	14000.0000	500.0000	0.0000	12175.0023	0.2267	0.2515	0.0299	0.0295	-2.2809	1.2504	-2.9194	0.3938	-24.4990	155.7478	292.3659	406.4069	89.0089	2.5322	1.8242	78.2840
47.1794	12279.0000	-0.2120	1.8348	0.0000	207.7460	385.6400	230.7840	2.4499	415.2000	61.7927	NOT CONNECTED	14000.0000	500.0000	0.0000	12473.0728	0.2214	0.2625	0.0280	0.0309	-2.5833	1.2061	-2.8954	0.3804	-16.2512	168.0613	292.0339	425.6746	89.1987	2.6958	1.8298	78.3497
47.4523	12279.0000	-0.2120	1.8348	0.0000	207.7460	385.6400	230.7840	2.4499	415.2000	61.7927	NOT CONNECTED	14000.0000	500.0000	0.0000	12473.0728	0.2214	0.2625	0.0280	0.0309	-2.5833	1.2061	-2.8954	0.3804	-16.2512	168.0613	292.0339	425.6746	89.1987	2.6958	1.8298	78.3497
47.9271	12630.0000	-0.2150	1.8493	0.0000	207.7270	397.1500	230.7820	2.5165	427.4500	61.9542	NOT CONNECTED	14000.0000	500.0000	0.0000	12781.8734	0.2862	0.2632	0.0280	0.0268	-2.0316	1.7835	-2.5288	0.4505	-17.5985	166.2324	291.6018	443.2576	89.3831	2.7083	1.8564	78.4439
48.0576	12630.0000	-0.2150	1.8493	0.0000	207.7270	397.1500	230.7820	2.5165	427.4500	61.9542	NOT CONNECTED	14000.0000	500.0000	0.0000	12781.8734	0.2862	0.2632	0.0280	0.0268	-2.0316	1.7835	-2.5288	0.4505	-17.5985	166.2324	291.6018	443.2576	89.3831	2.7083	1.8564	78.4439
48.6632	13078.0000	-0.2180	1.9009	0.0000	207.4490	423.8100	230.7730	2.6686	455.5600	62.1783	NOT CONNECTED	14000.0000	500.0000	0.0000	13095.0838	0.2353	0.2578	0.0274	0.0288	-2.3023	1.3224	-2.7003	0.3960	-21.4533	169.0222	291.2751	457.4973	89.5701	2.7930	1.8943	78.4439
48.6875	13078.0000	-0.2180	1.9009	0.0000	207.4490	423.8100	230.7730	2.6686	455.5600	62.1783	NOT CONNECTED	14000.0000	500.0000	0.0000	13095.0838	0.2353	0.2578	0.0274	0.0288	-2.3023	1.3224	-2.7003	0.3960	-21.4533	169.0222	291.2751	457.4973	89.5701	2.7930	1.8943	78.4439
49.2685	13413.0000	-0.2190	1.9234	0.0000	207.4420	435.0000	230.7710	2.7321	467.3600	62.3592	NOT CONNECTED	14000.0000	500.0000	0.0000	13398.3800	0.2906	0.2589	0.0268	0.0251	-2.3644	1.9737	-2.6291	0.4104	-16.9732	170.2944	290.8333	474.6331	89.7582	2.9452	1.9180	78.5463
49.4240	13413.0000	-0.2190	1.9234	0.0000	207.4420	435.0000	230.7710	2.7321	467.3600	62.3592	NOT CONNECTED	14000.0000	500.0000	0.0000	13398.3800	0.2906	0.2589	0.0268	0.0251	-2.3644	1.9737	-2.6291	0.4104	-16.9732	170.2944	290.8333	474.6331	89.7582	2.9452	1.9180	78.5463
49.8742	13764.0000	-0.2210	1.9742	0.0000	206.6660	462.9900	230.7560	2.8893	496.8700	62.5582	NOT CONNECTED	14000.0000	500.0000	0.0000	13702.1250	0.2661	0.2647	0.0272	0.0268	-2.3767	1.6725	-2.6545	0.3775	-19.4601	174.2596	290.3651	491.1692	89.9766	2.7922	1.9595	78.6697
50.1776	13764.0000	-0.2210	1.9742	0.0000	206.6660	462.9900	230.7560	2.8893	496.8700	62.5582	NOT CONNECTED	14000.0000	500.0000	0.0000	14008.7260	0.2569	0.2604	0.0253	0.0251	-2.3263	1.7291	-2.7607	0.2939	-24.3524	179.8334	290.9187	485.3093	90.1709	3.0223	1.9843	78.6697
50.4796	13764.0000	-0.2210	1.9742	0.0000	206.6660	462.9900	230.7560	2.8893	496.8700	62.5582	NOT CONNECTED	14000.0000	500.0000	0.0000	14008.7260	0.2569	0.2604	0.0253	0.0251	-2.3263	1.7291	-2.7607	0.2939	-24.3524	179.8334	290.9187	485.3093	90.1709	3.0223	1.9843	78.6697
50.9169	14037.0000	-0.1560	2.0012	0.0000	206.3130	479.0300	230.7490	2.9783	513.7300	62.8012	NOT CONNECTED	14000.0000	500.0000	0.0000	14017.1912	0.1566	0.1698	0.0271	0.0270	-2.7805	1.0383	-2.8031	0.2522	-8.1526	176.7894	295.9727	336.5789	90.3289	2.9603	1.8591	78.8118
51.0840	14037.0000	-0.1560	2.0012	0.0000	206.3130	479.0300	230.7490	2.9783	513.7300	62.8012	NOT CONNECTED	14000.0000	500.0000	0.0000	14017.1912	0.1566	0.1698	0.0271	0.0270	-2.7805	1.0383	-2.8031	0.2522	-8.1526	176.7894	295.9727	336.5789	90.3289	2.9603	1.8591	78.8118
51.6897	13997.0000	-0.1550	1.8794	0.0000	211.2080	326.1000	230.8350	2.1015	349.5100	62.9930	NOT CONNECTED	14000.0000	500.0000	0.0000	13986.5395	0.1614	0.1974	0.0248	0.0280	-2.6045	1.0005	-2.9014	0.2420	-26.7206	176.2970	295.1246	361.6048	90.4259	2.6851	1.8628	78.8118
51.6900	13997.0000	-0.1550	1.8794	0.0000	211.2080	326.1000	230.8350	2.1015	349.5100	62.9930	NOT CONNECTED	14000.0000	500.0000	0.0000	13986.5395	0.1614	0.1974	0.0248	0.0280	-2.6045	1.0005	-2.9014	0.2420	-26.7206	176.2970	295.1246	361.6048	90.4259	2.6851	1.8628	78.8118
52.2965	14005.0000	-0.1570	1.8872	0.0000	210.8120	336.9500	230.8120	2.1652	361.1700	63.2106	NOT CONNECTED	14000.0000	500.0000	0.0000	14003.4886	0.1903	0.1771	0.0288	0.0265	-2.2720	1.1192	-2.6972	0.3294	-25.0898	165.4357	295.0312	356.8535	90.5229	2.5853	1.8681	78.9176
52.5543	14005.0000	-0.1570	1.8872	0.0000	210.8120	336.9500	230.8120	2.1652	361.1700	63.2106	NOT CONNECTED	14000.0000	500.0000	0.0000	14003.4886	0.1903	0.1771	0.0288	0.0265	-2.2720	1.1192	-2.6972	0.3294	-25.0898	165.4357	295.0312	356.8535	90.5229	2.5853	1.8681	78.9176
52.9017	14005.0000	-0.1570	1.8872	0.0000	210.8120	336.9500	230.8120	2.1652	361.1700	63.2106	NOT CONNECTED	14000.0000	500.0000	0.0000	13998.3631	0.1711	0.1836	0.0264	0.0280	-2.5285	1.0545	-2.8392	0.2639	-9.5596	178.9306	295.1297	359.9034	90.6364	2.6875	1.9096	79.0265
53.2954	13991.0000	-0.1580	1.8861	0.0000	210.8870	336.4000	230.8180	2.1620	360.5500	63.4116	NOT CONNECTED	14000.0000	500.0000	0.0000	14007.9054	0.1946	0.1712	0.0282	0.0261	-2.3652	1.1750	-2.5449	0.3371	-23.1096	166.8433	295.1448	359.5810	90.7291	2.7661	1.8624	79.0265
53.5066	13991.0000	-0.1580	1.8861	0.0000	210.8870	336.4000	230.8180	2.1620	360.5500	63.4116	NOT CONNECTED	14000.0000	500.0000	0.0000	14007.9054	0.1946	0.1712	0.0282	0.0261	-2.3652	1.1750	-2.5449	0.3371	-23.1096	166.8433	295.1448	359.5810	90.7291	2.7661	1.8624	79.0265
54.1133	13999.0000	-0.1570	1.8855	0.0000	210.8930	336.4800	230.8130	2.1627	360.6500	63.6228	NOT CONNECTED	14000.0000	500.0000	0.0000	14010.5724	0.1681	0.1678	0.0286	0.0278	-2.3168	0.9480	-2.5723	0.2908	-8.3130	178.7053	295.1038	358.6330	90.8075	2.6053	1.8617	79.1448
54.1822	13999.0000	-0.1570	1.8855	0.0000	210.8930	336.4800	230.8130	2.1627	360.6500	63.6228	NOT CONNECTED	14000.0000	500.0000	0.0000	14010.5724	0.1681	0.1678	0.0286	0.0278	-2.3168	0.9480	-2.5723	0.2908	-8.3130	178.7053	295.1038	358.6330	90.8075	2.6053	1.8617	79.1448
54.7185	13999.0000	-0.1600	1.8877	0.0000	210.8570	339.4800	230.8060	2.1792	363.6900	63.8108	NOT CONNECTED	14000.0000	500.0000	0.0000	13999.1954	0.1947	0.1845	0.0275	0.0256	-2.4369	1.2049	-2.7855	0.2769	-20.4458	175.8260	294.9252	366.0046	90.8835	2.9038	1.8671	79.1448
54.9302	13999.0000	-0.1600	1.8877	0.0000	210.8570	339.4800	230.8060	2.1792	363.6900	63.8108	NOT CONNECTED	14000.0000	500.0000	0.0000	13999.1954	0.1947	0.1845	0.0275	0.0256	-2.4369	1.2049	-2.7855	0.2769	-20.4458	175.8260	294.9252	366.0046	90.8835	2.9038	1.8671	79.1448
55.3246	13991.0000	-0.1620	1.8939	0.0000	210.6060	346.3100	230.7980	2.2187	370.9100	64.0158	NOT CONNECTED	14000.0000	500.0000	0.0000	14000.9917	0.1698	0.1848	0.0271	0.0272	-2.4845	1.0341	-2.4781	0.2799	-33.0831	173.3768	294.8304	371.7918	90.9590	3.0026	1.8807	79.2506
55.6877	13991.0000	-0.1620	1.8939	0.0000	210.6060	346.3100	230.7980	2.2187	370.9100	64.0158	NOT CONNECTED	14000.0000	500.0000	0.0000	13992.0614	0.1965	0.1991	0.0245	0.0262	-2.4269	1.2415	-2.7039	0.2971	-11.4537	179.1799	294.6758	370.0179	91.0578	2.9205	1.9010	79.3623
55.9287	13991.0000	-0.1620	1.8939	0.0000	210.6060	346.3100	230.7980	2.2187	370.9100	64.0158	NOT CONNECTED	14000.0000	500.0000	0.0000	13992.0614	0.1965	0.1991	0.0245	0.0262	-2.4269	1.2415	-2.7039	0.2971	-11.4537	179.1799	294.6758	370.0179	91.0578	2.9205	1.9010	79.3623
56.5353	13999.0000	-0.1630	1.8963	0.0000	210.5220	349.5800	230.7910	2.2369	374.3000	64.2327	NOT CONNECTED	14000.0000	500.0000	0.0000	13991.8760	0.2026	0.2017	0.0256	0.0265	-2.4551	1.2378	-2.7161	0.2910	-16.3464	169.6953	294.5368	378.4754	91.1314	2.6775	1.8769	79.3623
56.5473	13999.0000	-0.1630	1.8963	0.0000	210.5220	349.5800	230.7910	2.2369	374.3000	64.2327	NOT CONNECTED	14000.0000	500.0000	0.0000	13991.8760	0.2026	0.2017	0.0256	0.0265	-2.4551	1.2378	-2.7161	0.2910	-16.3464	169.6953	294.5368	378.4754	91.1314	2.6775	1.8769	79.3623
57.1414	14008.0000	-0.1660	1.9040	0.0000	210.2130	361.0100	230.7740	2.3025	386.3400	64.3896	NOT CONNECTED	14000.0000	500.0000	0.0000	13993.4392	0.1824	0.2054	0.0264	0.0278	-2.5206	1.0737	-2.8575	0.3135	-18.4091	181.3643	294.0807	392.3447	91.2018	2.5159	1.8853	79.4853
57.2866	14008.0000	-0.1660	1.9040	0.0000	210.2130	361.0100	230.7740	2.3025	386.3400	64.3896	NOT CONNECTED	14000.0000	500.0000	0.0000	13993.4392	0.1824	0.2054	0.0264	0.0278	-2.5206	1.0737	-2.8575	0.3135	-18.4091	181.3643	294.0807	392.3447	91.2018	2.5159	1.8853	79.4853
57.7466	13992.0000	-0.1720	1.9106	0.0000	209.9470	369.9000	230.7610	2.3539	395.8000	64.5482	NOT CONNECTED	14000.0000	500.0000	0.0000	14003.7602	0.2106	0.1988	0.0249	0.0256	-2.3453	1.2916	-2.8293	0.3546	-28.0150	170.8473	293.7654	401.1684	91.2746	2.6416	1.8923	79.4853
58.0330	13992.0000	-0.1720	1.9106	0.0000	209.9470	369.9000	230.7610	2.3539	395.8000	64.5482	NOT CONNECTED	14000.0000	500.0000	0.0000	14003.7602	0.2106	0.1988	0.0249	0.0256	-2.3453	1.2916	-2.8293	0.3546	-28.0150	170.8473	293.7654	401.1684	91.2746	2.6416	1.8923	79.4853
58.3354	13992.0000	-0.1720	1.9106	0.0000	209.9470	369.9000	230.7610	2.3539	395.8000	64.5482	NOT CONNECTED	14000.0000	500.0000	0.0000	14008.3320	0.2142	0.1990	0.0284	0.0257	-2.4484	1.3527	-2.6088	0.3655	-6.4437	167.4981	293.4687	409.9643	91.3491	2.9309	1.9292	79.5954
58.9012	13999.0000	-0.1810	1.9229	0.0000	209.4430	386.1700	230.7420	2.4475	413.1100	64.7628	NOT CONNECTED	14000.0000	500.0000	0.0000	14001.4346	0.2019	0.2143	0.0271	0.0272	-2.6527	1.3202	-2.5384	0.3389	-7.5401	177.9193	293.0365	423.2746	91.4478	2.7579	1.9158	79.7101
58.9421	13999.0000	-0.1810	1.9229	0.0000	209.4430	386.1700	230.7420	2.4475	413.1100	64.7628	NOT CONNECTED	14000.0000	500.0000	0.0000	14001.4346	0.2019	0.2143	0.0271	0.0272	-2.6527	1.3202	-2.5384	0.3389	-7.5401	177.9193	293.0365	423.2746	91.4478	2.7579	1.9158	79.7101
59.5477	14002.0000	-0.1970	1.9280	0.0000	209.2850	394.7700	230.7300	2.4956	422.0500	64.9857	NOT CONNECTED	14000.0000	500.0000	0.0000	13994.0162	0.2255	0.2320	0.0285	0.0250	-2.2979	1.4046	-2.7848	0.3839	-25.9020	164.3818	292.7079	436.8993	91.5291	2.8841	1.9181	79.7101
59.6859	14002.0000	-0.1970	1.9280	0.0000	209.2850	394.7700	230.7300	2.4956	422.0500	64.9857	NOT CONNECTED	14000.0000	500.0000	0.0000	13994.0162	0.2255	0.2320	0.0285	0.0250	-2.2979	1.4046	-2.7848	0.3839	-25.9020	164.3818	292.7079	436.8993	91.5291	2.8841	1.9181	79.7101
60.1532	14015.0000	-0.2060	1.9432	0.0000	208.8100	413.0600	230.7040	2.6002	441.4700	65.1870	NOT CONNECTED	14000.0000	500.0000	0.0000	13998.7058	0.2416	0.2313	0.0262	0.0268	-2.4613	1.5845	-2.9155	0.3620	-20.4924	178.1726	292.5103	443.5244	91.6083	2.9304	1.9276	79.8386
60.5420	14015.0000	-0.2060	1.9432	0.0000	208.8100	413.0600	230.7040	2.6002	441.4700	65.1870	NOT CONNECTED	14000.0000	500.0000	0.0000	14000.1535	0.2661	0.2361	0.0277	0.0245	-2.1141	1.8214	-2.8804	0.3425	-13.7828	178.7688	292.1076	459.1800	91.6881	2.9493	1.9342	79.8386
60.7582	14015.0000	-0.2060	1.9432	0.0000	208.8100	413.0600	230.7040	2.6002	441.4700	65.1870	NOT CONNECTED	14000.0000	500.0000	0.0000	14000.1535	0.2661	0.2361	0.0277	0.0245	-2.1141	1.8214	-2.8804	0.3425	-13.7828	178.7688	292.1076	459.1800	91.6881	2.9493	1.9342	79.8386
61.2903	13983.0000	-0.2160	1.9599	0.0000	208.1550	432.4100	230.6770	2.7112	462.0800	65.3678	NOT CONNECTED	14000.0000	500.0000	0.0000	13981.0456	0.2522	0.2696	0.0252	0.0266	-2.4089	1.6865	-2.8098	0.3642	-17.5482	173.5193	291.6650	470.0348	91.7717	2.6977	1.9460	79.9576
61.3643	13983.0000	-0.2160	1.9599	0.0000	208.1550	432.4100	230.6770	2.7112	462.0800	65.3678	NOT CONNECTED	14000.0000	500.0000	0.0000	13981.0456	0.2522	0.2696	0.0252	0.0266	-2.4089	1.6865	-2.8098	0.3642	-17.5482	173.5193	291.6650	470.0348	91.7717	2.6977	1.9460	79.9576
61.9696	13985.0000	-0.2210	1.9682	0.0000	207.8430	442.6800	230.6640	2.7699	473.0500	65.5337	0.0000	14000.0000	500.0000	0.0000	13995.8428	0.2741	0.2569	0.0281	0.0251	-2.2025	1.8688	-2.7383	0.3693	-22.4953	179.1344	291.4439	486.1074	91.8823	2.5679	1.9555	80.0826
62.0208	13985.0000	-0.2210	1.9682	0.0000	207.8430	442.6800	230.6640	2.7699	473.0500	65.5337	0.0000	14000.0000	500.0000	0.0000	13995.8428	0.2741	0.2569	0.0281	0.0251	-2.2025	1.8688	-2.7383	0.3693	-22.4953	179.1344	291.4439	486.1074	91.8823	2.5679	1.9555	80.0826
62.7617	14001.0000	-0.2230	1.9807	0.0000	207.4570	456.9800	230.6410	2.8517	488.2600	65.7209	0.0000	14000.0000	500.0000	0.0000	13988.7473	0.2715	0.2752	0.0261	0.0254	-2.3393	1.7707	-2.6060	0.4126	-29.9507	171.1906	291.0373	493.6244	92.0409	3.0626	1.9698	80.2202
63.0859	14001.0000	-0.2230	1.9807	0.0000	207.4570	456.9800	230.6410	2.8517	488.2600	65.7209	0.0000	14000.0000	500.0000	0.0000	13988.7473	0.2715	0.2752	0.0261	0.0254	-2.3393	1.7707	-2.6060	0.4126	-29.9507	171.1906	291.0373	493.6244	92.0409	3.0626	1.9698	80.2202
63.5035	13997.0000	-0.2260	1.9857	0.0000	207.3690	463.7700	230.6260	2.8895	495.3500	65.8929	0.0000	14000.0000	500.0000	0.0000	14001.9301	0.2733	0.2620	0.0267	0.0273	-2.4217	1.7470	-2.8678	0.3842	-5.1543	180.0719	290.8509	504.7593	92.1263	2.7722	1.9730	80.2202
63.6912	13997.0000	-0.2260	1.9857	0.0000	207.3690	463.7700	230.6260	2.8895	495.3500	65.8929	0.0000	14000.0000	500.0000	0.0000	14001.9301	0.2733	0.2620	0.0267	0.0273	-2.4217	1.7470	-2.8678	0.3842	-5.1543	180.0719	290.8509	504.7593	92.1263	2.7722	1.9730	80.2202
64.2467	13984.0000	-0.2310	1.9919	0.0000	207.2370	472.0800	230.5960	2.9367	504.0700	66.0737	0.0000	14000.0000	500.0000	0.0000	13992.2607	0.2789	0.2773	0.0275	0.0245	-2.2580	1.9687	-2.7724	0.3980	-12.0542	164.9859	290.8436	503.9443	92.2138	3.0410	1.9833	80.3476
64.2969	13984.0000	-0.2310	1.9919	0.0000	207.2370	472.0800	230.5960	2.9367	504.0700	66.0737	0.0000	14000.0000	500.0000	0.0000	13992.2607	0.2789	0.2773	0.0275	0.0245	-2.2580	1.9687	-2.7724	0.3980	-12.0542	164.9859	290.8436	503.9443	92.2138	3.0410	1.9833	80.3476
64.9013	13995.0000	-0.2310	1.9960	0.0000	206.9990	474.3600	230.5780	2.9510	506.5700	66.2458	1.0000	14000.0000	500.0000	0.0000	14003.6168	0.2777	0.2638	0.0247	0.0275	-2.0745	1.6477	-3.1167	0.3848	-30.9911	176.6194	290.8254	513.2131	92.3166	2.8013	2.0111	80.4777
64.9917	13995.0000	-0.2310	1.9960	0.0000	206.9990	474.3600	230.5780	2.9510	506.5700	66.2458	1.0000	14000.0000	500.0000	0.0000	14003.6168	0.2777	0.2638	0.0247	0.0275	-2.0745	1.6477	-3.1167	0.3848	-30.9911	176.6194	290.8254	513.2131	92.3166	2.8013	2.0111	80.4777
65.5078	13985.0000	-0.2340	1.9977	0.0000	206.9180	477.1000	230.5460	2.9650	509.1700	66.4507	1.0000	14000.0000	500.0000	0.0000	13997.7382	0.2828	0.2726	0.0248	0.0239	-2.2137	2.0437	-2.9880	0.3780	-0.2455	175.9191	290.7176	505.5991	92.3974	2.9389	1.9834	80.4777
65.8703	13985.0000	-0.2340	1.9977	0.0000	206.9180	477.1000	230.5460	2.9650	509.1700	66.4507	1.0000	14000.0000	500.0000	0.0000	13996.3569	0.2486	0.2750	0.0267	0.0269	-2.3730	1.5127	-2.7024	0.4214	-28.7356	175.6724	290.6971	507.8288	92.4734	2.6092	1.9843	80.6205
66.1129	13985.0000	-0.2340	1.9977	0.0000	206.9180	477.1000	230.5460	2.9650	509.1700	66.4507	1.0000	14000.0000	500.0000	0.0000	13996.3569	0.2486	0.2750	0.0267	0.0269	-2.3730	1.5127	-2.7024	0.4214	-28.7356	175.6724	290.6971	507.8288	92.4734	2.6092	1.9843	80.6205
66.6181	14001.0000	-0.2330	1.9990	0.0000	207.0750	478.8000	230.5290	2.9753	510.9200	66.6318	1.0000	14000.0000	500.0000	0.0000	14006.4972	0.2547	0.2615	0.0278	0.0243	-2.4422	1.7012	-2.8762	0.4046	-21.9691	174.2287	290.7504	505.8839	92.5457	2.6939	1.9799	80.6205
66.7192	14001.0000	-0.2330	1.9990	0.0000	207.0750	478.8000	230.5290	2.9753	510.9200	66.6318	1.0000	14000.0000	500.0000	0.0000	14006.4972	0.2547	0.2615	0.0278	0.0243	-2.4422	1.7012	-2.8762	0.4046	-21.9691	174.2287	290.7504	505.8839	92.5457	2.6939	1.9799	80.6205
67.3239	14018.0000	-0.2330	1.9972	0.0000	207.0630	477.2800	230.4960	2.9670	509.1800	66.8128	1.0000	14000.0000	500.0000	0.0000	13992.0532	0.2705	0.2807	0.0243	0.0259	-2.1790	1.6621	-2.8836	0.4147	-25.0826	172.2032	290.7552	508.0625	92.6189	2.7207	1.9992	80.7479
67.3624	14018.0000	-0.2330	1.9972	0.0000	207.0630	477.2800	230.4960	2.9670	509.1800	66.8128	1.0000	14000.0000	500.0000	0.0000	13992.0532	0.2705	0.2807	0.0243	0.0259	-2.1790	1.6621	-2.8836	0.4147	-25.0826	172.2032	290.7552	508.0625	92.6189	2.7207	1.9992	80.7479
67.9132	13993.0000	-0.2350	1.9980	0.0000	207.0030	479.0200	230.4770	2.9771	511.0800	67.0105	1.0000	14000.0000	500.0000	0.0000	14000.7515	0.2577	0.2701	0.0239	0.0262	-2.1339	1.5267	-2.8008	0.3903	-30.0861	177.1750	290.7324	509.3545	92.7046	3.2234	1.9986	80.8766
68.1000	13993.0000	-0.2350	1.9980	0.0000	207.0030	479.0200	230.4770	2.9771	511.0800	67.0105	1.0000	14000.0000	500.0000	0.0000	14000.7515	0.2577	0.2701	0.0239	0.0262	-2.1339	1.5267	-2.8008	0.3903	-30.0861	177.1750	290.7324	509.3545	92.7046	3.2234	1.9986	80.8766
68.5200	14000.0000	-0.2330	1.9992	0.0000	206.8450	479.1100	230.4370	2.9780	511.0000	67.1806	1.0000	14000.0000	500.0000	0.0000	14007.6664	0.2910	0.2611	0.0264	0.0257	-2.1577	1.8484	-2.9886	0.3730	-5.0608	180.5554	290.7551	511.1931	92.7726	2.6854	1.9818	80.8766
68.8509	14000.0000	-0.2330	1.9992	0.0000	206.8450	479.1100	230.4370	2.9780	511.0000	67.1806	1.0000	14000.0000	500.0000	0.0000	13996.2951	0.2697	0.2760	0.0245	0.0256	-2.1305	1.7368	-3.0039	0.4362	-32.3700	172.5475	290.7065	508.3700	92.8386	2.7220	1.9815	81.0151
69.1254	14000.0000	-0.2330	1.9992	0.0000	206.8450	479.1100	230.4370	2.9780	511.0000	67.1806	1.0000	14000.0000	500.0000	0.0000	13996.2951	0.2697	0.2760	0.0245	0.0256	-2.1305	1.7368	-3.0039	0.4362	-32.3700	172.5475	290.7065	508.3700	92.8386	2.7220	1.9815	81.0151
69.5873	13996.0000	-0.2340	2.0003	0.0000	206.8430	479.7100	230.4220	2.9821	511.6900	67.3304	1.0000	14000.0000	500.0000	0.0000	13983.9843	0.2823	0.2919	0.0266	0.0270	-2.1745	1.6996	-2.7819	0.3874	-26.6169	178.2910	290.7582	515.6661	92.8988	3.1430	1.9805	81.0151
69.7308	13996.0000	-0.2340	2.0003	0.0000	206.8430	479.7100	230.4220	2.9821	511.6900	67.3304	1.0000	14000.0000	500.0000	0.0000	13983.9843	0.2823	0.2919	0.0266	0.0270	-2.1745	1.6996	-2.7819	0.3874	-26.6169	178.2910	290.7582	515.6661	92.8988	3.1430	1.9805	81.0151
70.3355	13987.0000	-0.2350	1.9975	0.0000	206.9560	478.5700	230.3920	2.9755	510.2600	67.5493	1.0000	14000.0000	500.0000	0.0000	14014.5113	0.2628	0.2516	0.0239	0.0251	-2.2350	1.6564	-2.8612	0.4129	-2.5199	170.1768	290.8741	505.0632	92.9576	3.0078	1.9820	81.1404
70.3360	13987.0000	-0.2350	1.9975	0.0000	206.9560	478.5700	230.3920	2.9755	510.2600	67.5493	1.0000	14000.0000	500.0000	0.0000	14014.5113	0.2628	0.2516	0.0239	0.0251	-2.2350	1.6564	-2.8612	0.4129	-2.5199	170.1768	290.8741	505.0632	92.9576	3.0078	1.9820	81.1404
70.9409	13984.0000	-0.2340	1.9969	0.0000	207.0500	477.3400	230.3810	2.9683	508.9100	67.6934	2.0000	14000.0000	500.0000	0.0000	14000.4321	0.2456	0.2699	0.0264	0.0271	-2.4075	1.4973	-2.7233	0.3942	-12.2098	177.1904	290.8294	508.4640	93.0373	3.0128	1.9836	81.2669
71.0751	13984.0000	-0.2340	1.9969	0.0000	207.0500	477.3400	230.3810	2.9683	508.9100	67.6934	2.0000	14000.0000	500.0000	0.0000	14000.4321	0.2456	0.2699	0.0264	0.0271	-2.4075	1.4973	-2.7233	0.3942	-12.2098	177.1904	290.8294	508.4640	93.0373	3.0128	1.9836	81.2669
71.5467	13991.0000	-0.2340	1.9965	0.0000	207.0330	478.0500	230.3570	2.9730	509.6500	67.8640	2.0000	14000.0000	500.0000	0.0000	14002.2739	0.2567	0.2675	0.0229	0.0243	-2.4163	1.8351	-2.8886	0.3917	-7.3811	172.0102	290.8647	505.5846	93.0915	2.8619	1.9805	81.2669
71.9312	13991.0000	-0.2340	1.9965	0.0000	207.0330	478.0500	230.3570	2.9730	509.6500	67.8640	2.0000	14000.0000	500.0000	0.0000	14007.4006	0.2763	0.2607	0.0258	0.0243	-2.2252	1.8404	-2.9086	0.4206	-0.0578	163.6327	290.7738	506.2386	93.1444	2.6216	1.9806	81.4021
72.1374	13991.0000	-0.2340	1.9965	0.0000	207.0330	478.0500	230.3570	2.9730	509.6500	67.8640	2.0000	14000.0000	500.0000	0.0000	14007.4006	0.2763	0.2607	0.0258	0.0243	-2.2252	1.8404	-2.9086	0.4206	-0.0578	163.6327	290.7738	506.2386	93.1444	2.6216	1.9806	81.4021
72.6880	13995.0000	-0.2320	1.9966	0.0000	207.0450	477.6300	230.3390	2.9701	509.0500	68.0280	2.0000	14000.0000	500.0000	0.0000	14000.9777	0.2601	0.2691	0.0262	0.0274	-2.1153	1.4933	-2.6641	0.4070	-12.8469	176.8812	290.8062	511.7903	93.1970	3.0587	1.9820	81.4021
72.7429	13995.0000	-0.2320	1.9966	0.0000	207.0450	477.6300	230.3390	2.9701	509.0500	68.0280	2.0000	14000.0000	500.0000	0.0000	14000.9777	0.2601	0.2691	0.0262	0.0274	-2.1153	1.4933	-2.6641	0.4070	-12.8469	176.8812	290.8062	511.7903	93.1970	3.0587	1.9820	81.4021
73.3480	13997.0000	-0.2320	1.9958	0.0000	207.0010	477.5100	230.3340	2.9688	508.8800	68.1487	2.0000	14000.0000	500.0000	0.0000	13995.1131	0.2884	0.2763	0.0279	0.0243	-2.1781	1.9235	-2.7923	0.3801	-20.6161	178.2025	290.8738	503.6142	93.2494	2.9475	1.9808	81.5247
73.4282	13997.0000	-0.2320	1.9958	0.0000	207.0010	477.5100	230.3340	2.9688	508.8800	68.1487	2.0000	14000.0000	500.0000	0.0000	13995.1131	0.2884	0.2763	0.0279	0.0243	-2.1781	1.9235	-2.7923	0.3801	-20.6161	178.2025	290.8738	503.6142	93.2494	2.9475	1.9808	81.5247
73.9536	14015.0000	-0.2320	1.9957	0.0000	206.9760	477.5800	230.3260	2.9694	508.8800	68.3415	2.0000	14000.0000	500.0000	0.0000	13995.6190	0.2619	0.2758	0.0245	0.0268	-2.2698	1.5812	-2.8590	0.3640	-13.5120	179.5405	290.8271	507.5065	93.3204	2.8384	1.9771	81.6483
74.1791	14015.0000	-0.2320	1.9957	0.0000	206.9760	477.5800	230.3260	2.9694	508.8800	68.3415	2.0000	14000.0000	500.0000	0.0000	13995.6190	0.2619	0.2758	0.0245	0.0268	-2.2698	1.5812	-2.8590	0.3640	-13.5120	179.5405	290.8271	507.5065	93.3204	2.8384	1.9771	81.6483
74.5599	13995.0000	-0.2330	1.9959	0.0000	207.0240	478.3600	230.3250	2.9737	509.7200	68.4959	2.0000	14000.0000	500.0000	0.0000	14007.1092	0.2887	0.2610	0.0258	0.0243	-2.2063	2.0874	-2.9961	0.3999	-17.7251	184.0177	290.7952	504.0745	93.3724	2.8970	1.9791	81.6483
74.9180	13995.0000	-0.2330	1.9959	0.0000	207.0240	478.3600	230.3250	2.9737	509.7200	68.4959	2.0000	14000.0000	500.0000	0.0000	13995.2903	0.2711	0.2763	0.0267	0.0256	-2.1746	1.7898	-2.6883	0.3627	-23.6880	181.3795	290.8035	506.2238	93.4218	2.9806	1.9796	81.7810
75.1651	13995.0000	-0.2330	1.9959	0.0000	207.0240	478.3600	230.3250	2.9737	509.7200	68.4959	2.0000	14000.0000	500.0000	0.0000	13995.2903	0.2711	0.2763	0.0267	0.0256	-2.1746	1.7898	-2.6883	0.3627	-23.6880	181.3795	290.8035	506.2238	93.4218	2.9806	1.9796	81.7810
75.6903	13995.0000	-0.2310	1.9953	0.0000	206.9520	477.0700	230.3270	2.9659	508.2600	68.6260	2.0000	14000.0000	500.0000	0.0000	14005.1578	0.2879	0.2634	0.0235	0.0268	-1.9973	1.8016	-3.0543	0.3609	-19.2059	183.5074	290.8556	512.2022	93.4709	3.1090	1.9792	81.7810
75.7696	13995.0000	-0.2310	1.9953	0.0000	206.9520	477.0700	230.3270	2.9659	508.2600	68.6260	2.0000	14000.0000	500.0000	0.0000	14005.1578	0.2879	0.2634	0.0235	0.0268	-1.9973	1.8016	-3.0543	0.3609	-19.2059	183.5074	290.8556	512.2022	93.4709	3.1090	1.9792	81.7810
76.3764	14009.0000	-0.2330	1.9959	0.0000	206.9730	477.4200	230.3280	2.9681	508.5800	68.7645	3.0000	14000.0000	500.0000	0.0000	14007.4216	0.2552	0.2603	0.0256	0.0251	-2.2153	1.6672	-2.7954	0.4791	-22.6423	170.2183	290.9196	505.8779	93.5200	2.8696	1.9840	81.9042
76.4303	14009.0000	-0.2330	1.9959	0.0000	206.9730	477.4200	230.3280	2.9681	508.5800	68.7645	3.0000	14000.0000	500.0000	0.0000	14007.4216	0.2552	0.2603	0.0256	0.0251	-2.2153	1.6672	-2.7954	0.4791	-22.6423	170.2183	290.9196	505.8779	93.5200	2.8696	1.9840	81.9042
76.9811	14009.0000	-0.2330	1.9959	0.0000	206.9730	477.4200	230.3280	2.9681	508.5800	68.7645	3.0000	14000.0000	500.0000	0.0000	14008.1373	0.2575	0.2590	0.0266	0.0276	-2.2143	1.5170	-2.7841	0.3445	-20.0302	182.6148	290.9028	510.0264	93.5912	2.6802	2.0031	82.0254
77.5871	14003.0000	-0.2340	1.9933	0.0000	207.1890	476.8400	230.3400	2.9645	507.8400	69.0395	3.0000	14000.0000	500.0000	0.0000	14011.0247	0.2550	0.2554	0.0265	0.0245	-2.3063	1.6858	-2.7637	0.4029	-5.2181	166.3985	290.9282	505.0826	93.6402	3.1434	1.9804	82.0254
77.7998	14003.0000	-0.2340	1.9933	0.0000	207.1890	476.8400	230.3400	2.9645	507.8400	69.0395	3.0000	14000.0000	500.0000	0.0000	14011.0247	0.2550	0.2554	0.0265	0.0245	-2.3063	1.6858	-2.7637	0.4029	-5.2181	166.3985	290.9282	505.0826	93.6402	3.1434	1.9804	82.0254
78.1924	14005.0000	-0.2330	1.9923	0.0000	207.2790	476.4700	230.3460	2.9622	507.4300	69.1605	3.0000	14000.0000	500.0000	0.0000	13996.8523	0.2761	0.2734	0.0267	0.0269	-2.4107	1.7722	-2.9437	0.3807	-29.3021	175.4733	290.9243	504.8871	93.6873	2.5848	1.9786	82.1562
78.5453	14005.0000	-0.2330	1.9923	0.0000	207.2790	476.4700	230.3460	2.9622	507.4300	69.1605	3.0000	14000.0000	500.0000	0.0000	13992.1010	0.2643	0.2791	0.0237	0.0244	-2.1203	1.6924	-3.0828	0.4168	1.8437	170.6843	291.0284	502.1727	93.7329	2.7167	1.9759	82.1562
78.7987	14005.0000	-0.2330	1.9923	0.0000	207.2790	476.4700	230.3460	2.9622	507.4300	69.1605	3.0000	14000.0000	500.0000	0.0000	13992.1010	0.2643	0.2791	0.0237	0.0244	-2.1203	1.6924	-3.0828	0.4168	1.8437	170.6843	291.0284	502.1727	93.7329	2.7167	1.9759	82.1562
79.2939	13994.0000	-0.2340	1.9912	0.0000	207.3070	475.0700	230.3610	2.9541	505.8200	69.3407	3.0000	14000.0000	500.0000	0.0000	14001.1304	0.2624	0.2672	0.0246	0.0267	-2.3057	1.5937	-2.7250	0.4075	-27.1233	171.3782	291.0837	506.3928	93.7769	2.8961	1.9969	82.2736
79.4044	13994.0000	-0.2340	1.9912	0.0000	207.3070	475.0700	230.3610	2.9541	505.8200	69.3407	3.0000	14000.0000	500.0000	0.0000	14001.1304	0.2624	0.2672	0.0246	0.0267	-2.3057	1.5937	-2.7250	0.4075	-27.1233	171.3782	291.0837	506.3928	93.7769	2.8961	1.9969	82.2736
80.0092	13998.0000	-0.2320	1.9902	0.0000	207.3230	475.2400	230.3690	2.9548	506.0300	69.4214	3.0000	14000.0000	500.0000	0.0000	13994.8334	0.2793	0.2754	0.0261	0.0249	-2.2284	1.8061	-2.6918	0.3717	-10.5666	179.6379	291.1098	503.5649	93.8451	2.5851	1.9875	82.3920
80.0379	13998.0000	-0.2320	1.9902	0.0000	207.3230	475.2400	230.3690	2.9548	506.0300	69.4214	3.0000	14000.0000	500.0000	0.0000	13994.8334	0.2793	0.2754	0.0261	0.0249	-2.2284	1.8061	-2.6918	0.3717	-10.5666	179.6379	291.1098	503.5649	93.8451	2.5851	1.9875	82.3920
80.6157	13994.0000	-0.2320	1.9890	0.0000	207.4050	475.2200	230.3860	2.9547	505.9800	69.5485	3.0000	14000.0000	500.0000	0.0000	13995.8941	0.2717	0.2738	0.0246	0.0257	-2.2573	1.7449	-2.9665	0.3775	-22.1000	179.5335	291.1390	500.9025	93.8902	3.1113	1.9737	82.3920
80.7833	13994.0000	-0.2320	1.9890	0.0000	207.4050	475.2200	230.3860	2.9547	505.9800	69.5485	3.0000	14000.0000	500.0000	0.0000	13995.8941	0.2717	0.2738	0.0246	0.0257	-2.2573	1.7449	-2.9665	0.3775	-22.1000	179.5335	291.1390	500.9025	93.8902	3.1113	1.9737	82.3920
81.2204	13996.0000	-0.2320	1.9885	0.0000	207.4310	474.6400	230.3970	2.9510	505.3500	69.7039	3.0000	14000.0000	500.0000	0.0000	14005.5087	0.2958	0.2611	0.0269	0.0259	-2.1979	1.9159	-2.7783	0.3968	-21.5749	177.6850	291.1775	503.9843	93.9330	2.9996	1.9784	82.5196
81.5286	13996.0000	-0.2320	1.9885	0.0000	207.4310	474.6400	230.3970	2.9510	505.3500	69.7039	3.0000	14000.0000	500.0000	0.0000	13992.4157	0.2597	0.2783	0.0245	0.0252	-2.4078	1.6817	-2.8051	0.4322	-2.5562	168.4575	291.1819	501.6015	93.9771	2.7617	1.9764	82.5196
81.8259	13996.0000	-0.2320	1.9885	0.0000	207.4310	474.6400	230.3970	2.9510	505.3500	69.7039	3.0000	14000.0000	500.0000	0.0000	13992.4157	0.2597	0.2783	0.0245	0.0252	-2.4078	1.6817	-2.8051	0.4322	-2.5562	168.4575	291.1819	501.6015	93.9771	2.7617	1.9764	82.5196
82.2694	13997.0000	-0.2320	1.9902	0.0000	207.3240	475.4600	230.4200	2.9562	506.2800	69.8339	3.0000	14000.0000	500.0000	0.0000	13997.1134	0.2766	0.2725	0.0276	0.0272	-2.2454	1.7978	-2.8424	0.3866	-19.8002	185.2513	291.2275	508.2963	94.0227	2.5158	2.0132	82.6378
82.4314	13997.0000	-0.2320	1.9902	0.0000	207.3240	475.4600	230.4200	2.9562	506.2800	69.8339	3.0000	14000.0000	500.0000	0.0000	13997.1134	0.2766	0.2725	0.0276	0.0272	-2.2454	1.7978	-2.8424	0.3866	-19.8002	185.2513	291.2275	508.2963	94.0227	2.5158	2.0132	82.6378
83.0113	14007.0000	-0.2330	1.9908	0.0000	207.3190	475.4400	230.4330	2.9558	506.1900	69.9452	4.0000	14000.0000	500.0000	0.0000	13999.9787	0.2628	0.2688	0.0262	0.0251	-2.1067	1.6305	-2.9716	0.4741	-24.5375	159.8197	291.2982	503.1331	94.0905	2.7307	1.9739	82.7574
83.0376	14007.0000	-0.2330	1.9908	0.0000	207.3190	475.4400	230.4330	2.9558	506.1900	69.9452	4.0000	14000.0000	500.0000	0.0000	13999.9787	0.2628	0.2688	0.0262	0.0251	-2.1067	1.6305	-2.9716	0.4741	-24.5375	159.8197	291.2982	503.1331	94.0905	2.7307	1.9739	82.7574
83.6432	14013.0000	-0.2310	1.9912	0.0000	207.3060	476.0900	230.4590	2.9594	506.8100	70.0945	4.0000	14000.0000	500.0000	0.0000	13997.8478	0.2512	0.2720	0.0256	0.0275	-2.1496	1.4057	-2.8940	0.4058	-22.6516	173.0608	291.2855	507.1165	94.1302	3.0147	1.9725	82.7574
83.8944	14013.0000	-0.2310	1.9912	0.0000	207.3060	476.0900	230.4590	2.9594	506.8100	70.0945	4.0000	14000.0000	500.0000	0.0000	13997.8478	0.2512	0.2720	0.0256	0.0275	-2.1496	1.4057	-2.8940	0.4058	-22.6516	173.0608	291.2855	507.1165	94.1302	3.0147	1.9725	82.7574
84.2485	14013.0000	-0.2310	1.9912	0.0000	207.3060	476.0900	230.4590	2.9594	506.8100	70.0945	4.0000	14000.0000	500.0000	0.0000	14003.1494	0.2614	0.2648	0.0281	0.0244	-2.0919	1.7322	-2.8556	0.3973	-24.7810	176.0090	291.3692	502.1302	94.1709	2.8093	1.9716	82.8826
84.6830	14012.0000	-0.2310	1.9895	0.0000	207.3660	475.6600	230.4720	2.9566	506.3800	70.2448	4.0000	14000.0000	500.0000	0.0000	14006.5811	0.2658	0.2600	0.0231	0.0265	-2.3753	1.7609	-3.0914	0.4019	-30.3968	173.6243	291.4139	504.1357	94.2121	2.8630	1.9713	82.8826
84.8538	14012.0000	-0.2310	1.9895	0.0000	207.3660	475.6600	230.4720	2.9566	506.3800	70.2448	4.0000	14000.0000	500.0000	0.0000	14006.5811	0.2658	0.2600	0.0231	0.0265	-2.3753	1.7609	-3.0914	0.4019	-30.3968	173.6243	291.4139	504.1357	94.2121	2.8630	1.9713	82.8826
85.4306	13999.0000	-0.2310	1.9888	0.0000	207.4760	474.9400	230.4990	2.9524	505.5900	70.3607	4.0000	14000.0000	500.0000	0.0000	14009.7926	0.2721	0.2559	0.0262	0.0244	-2.6281	2.0079	-2.7127	0.4067	-28.5937	181.6292	291.4551	500.9592	94.2537	2.8692	1.9743	82.9949
85.4595	13999.0000	-0.2310	1.9888	0.0000	207.4760	474.9400	230.4990	2.9524	505.5900	70.3607	4.0000	14000.0000	500.0000	0.0000	14009.7926	0.2721	0.2559	0.0262	0.0244	-2.6281	2.0079	-2.7127	0.4067	-28.5937	181.6292	291.4551	500.9592	94.2537	2.8692	1.9743	82.9949
86.0494	13998.0000	-0.2290	1.9881	0.0000	207.4690	474.5300	230.5280	2.9496	505.1000	70.4692	4.0000	14000.0000	500.0000	0.0000	14006.7676	0.2561	0.2595	0.0257	0.0249	-2.0647	1.7152	-2.8963	0.3830	-16.0327	185.6492	291.4364	503.6463	94.3209	3.0347	1.9711	83.1086
86.1795	13998.0000	-0.2290	1.9881	0.0000	207.4690	474.5300	230.5280	2.9496	505.1000	70.4692	4.0000	14000.0000	500.0000	0.0000	14006.7676	0.2561	0.2595	0.0257	0.0249	-2.0647	1.7152	-2.8963	0.3830	-16.0327	185.6492	291.4364	503.6463	94.3209	3.0347	1.9711	83.1086
86.6550	14007.0000	-0.2330	1.9870	0.0000	207.5280	474.0300	230.5460	2.9459	504.5100	70.5992	4.0000	14000.0000	500.0000	0.0000	13992.8587	0.2509	0.2775	0.0242	0.0263	-2.5538	1.6324	-2.8227	0.3876	-30.2027	178.7043	291.4409	501.1274	94.3584	2.7947	1.9689	83.1086
86.9208	14007.0000	-0.2330	1.9870	0.0000	207.5280	474.0300	230.5460	2.9459	504.5100	70.5992	4.0000	14000.0000	500.0000	0.0000	13992.8587	0.2509	0.2775	0.0242	0.0263	-2.5538	1.6324	-2.8227	0.3876	-30.2027	178.7043	291.4409	501.1274	94.3584	2.7947	1.9689	83.1086
87.2607	14007.0000	-0.2330	1.9870	0.0000	207.5280	474.0300	230.5460	2.9459	504.5100	70.5992	4.0000	14000.0000	500.0000	0.0000	13987.0011	0.2953	0.2853	0.0251	0.0257	-1.9064	1.9618	-2.8024	0.3584	-22.8256	181.4391	291.4590	504.3508	94.3978	2.9031	1.9689	83.2311
87.6884	13997.0000	-0.2310	1.9877	0.0000	207.4800	474.7400	230.5800	2.9495	505.2800	70.7012	4.0000	14000.0000	500.0000	0.0000	14000.6455	0.2708	0.2675	0.0232	0.0256	-2.2815	1.8327	-3.1312	0.4646	-8.0779	178.9447	291.4947	502.9013	94.4398	2.8656	1.9692	83.2311
87.8653	13997.0000	-0.2310	1.9877	0.0000	207.4800	474.7400	230.5800	2.9495	505.2800	70.7012	4.0000	14000.0000	500.0000	0.0000	14000.6455	0.2708	0.2675	0.0232	0.0256	-2.2815	1.8327	-3.1312	0.4646	-8.0779	178.9447	291.4947	502.9013	94.4398	2.8656	1.9692	83.2311
88.4285	13998.0000	-0.2320	1.9878	0.0000	207.4910	474.4300	230.5960	2.9472	504.8900	70.7946	4.0000	14000.0000	500.0000	0.0000	13999.4320	0.2827	0.2687	0.0258	0.0268	-2.3630	1.8097	-2.6180	0.3722	-13.2221	176.4391	291.5811	507.4803	94.4825	2.7965	1.9839	83.3438
88.4720	13998.0000	-0.2320	1.9878	0.0000	207.4910	474.4300	230.5960	2.9472	504.8900	70.7946	4.0000	14000.0000	500.0000	0.0000	13999.4320	0.2827	0.2687	0.0258	0.0268	-2.3630	1.8097	-2.6180	0.3722	-13.2221	176.4391	291.5811	507.4803	94.4825	2.7965	1.9839	83.3438
89.0607	13992.0000	-0.2310	1.9849	0.0000	207.6200	472.4900	230.6220	2.9360	502.8200	70.9359	5.0000	14000.0000	500.0000	0.0000	13992.7141	0.2630	0.2769	0.0233	0.0272	-2.4096	1.6060	-2.8892	0.3995	-23.4437	175.0460	291.5832	503.4485	94.5442	2.6591	1.9681	83.4576
89.1765	13992.0000	-0.2310	1.9849	0.0000	207.6200	472.4900	230.6220	2.9360	502.8200	70.9359	5.0000	14000.0000	500.0000	0.0000	13992.7141	0.2630	0.2769	0.0233	0.0272	-2.4096	1.6060	-2.8892	0.3995	-23.4437	175.0460	291.5832	503.4485	94.5442	2.6591	1.9681	83.4576
89.6659	14003.0000	-0.2290	1.9860	0.0000	207.6290	473.6200	230.6310	2.9428	504.0900	71.0209	5.0000	14000.0000	500.0000	0.0000	13997.1414	0.2580	0.2709	0.0264	0.0253	-2.2387	1.7199	-2.9414	0.4039	-10.0553	174.3119	291.6266	497.2418	94.5832	3.0424	1.9690	83.4576
90.0308	14003.0000	-0.2290	1.9860	0.0000	207.6290	473.6200	230.6310	2.9428	504.0900	71.0209	5.0000	14000.0000	500.0000	0.0000	14013.3887	0.2634	0.2500	0.0262	0.0276	-2.0643	1.5199	-2.8314	0.3997	-25.1120	177.5718	291.6040	505.2767	94.6222	2.6716	1.9677	83.5777
90.2715	14003.0000	-0.2290	1.9860	0.0000	207.6290	473.6200	230.6310	2.9428	504.0900	71.0209	5.0000	14000.0000	500.0000	0.0000	14013.3887	0.2634	0.2500	0.0262	0.0276	-2.0643	1.5199	-2.8314	0.3997	-25.1120	177.5718	291.6040	505.2767	94.6222	2.6716	1.9677	83.5777
90.7664	13997.0000	-0.2300	1.9849	0.0000	207.6040	473.0500	230.6550	2.9390	503.4700	71.1648	5.0000	14000.0000	500.0000	0.0000	13992.9589	0.2509	0.2766	0.0232	0.0277	-2.4115	1.4539	-2.9095	0.3749	-18.2908	183.0415	291.6952	507.1120	94.6623	2.6999	1.9691	83.5777
90.8613	13997.0000	-0.2300	1.9849	0.0000	207.6040	473.0500	230.6550	2.9390	503.4700	71.1648	5.0000	14000.0000	500.0000	0.0000	13992.9589	0.2509	0.2766	0.0232	0.0277	-2.4115	1.4539	-2.9095	0.3749	-18.2908	183.0415	291.6952	507.1120	94.6623	2.6999	1.9691	83.5777
91.4674	13995.0000	-0.2300	1.9844	0.0000	207.5880	472.9100	230.6670	2.9372	503.2300	71.2530	5.0000	14000.0000	500.0000	0.0000	13995.7333	0.2613	0.2731	0.0257	0.0251	-2.0911	1.6883	-2.9262	0.4544	-23.3833	169.7876	291.6715	504.2464	94.7049	3.1149	1.9977	83.6972
91.5097	13995.0000	-0.2300	1.9844	0.0000	207.5880	472.9100	230.6670	2.9372	503.2300	71.2530	5.0000	14000.0000	500.0000	0.0000	13995.7333	0.2613	0.2731	0.0257	0.0251	-2.0911	1.6883	-2.9262	0.4544	-23.3833	169.7876	291.6715	504.2464	94.7049	3.1149	1.9977	83.6972
92.0723	14003.0000	-0.2300	1.9830	0.0000	207.7790	473.2000	230.6840	2.9387	503.4700	71.3676	5.0000	14000.0000	500.0000	0.0000	14005.3350	0.2331	0.2605	0.0271	0.0268	-2.4270	1.4444	-2.9109	0.3948	-11.8902	176.7468	291.6723	504.5727	94.7656	2.6688	1.9704	83.8041
92.2591	14003.0000	-0.2300	1.9830	0.0000	207.7790	473.2000	230.6840	2.9387	503.4700	71.3676	5.0000	14000.0000	500.0000	0.0000	14005.3350	0.2331	0.2605	0.0271	0.0268	-2.4270	1.4444	-2.9109	0.3948	-11.8902	176.7468	291.6723	504.5727	94.7656	2.6688	1.9704	83.8041
92.6781	13998.0000	-0.2300	1.9843	0.0000	207.8220	473.1400	230.6930	2.9382	503.3600	71.4449	5.0000	14000.0000	500.0000	0.0000	14008.6386	0.2652	0.2559	0.0240	0.0242	-2.4724	1.9397	-2.8499	0.3908	-22.4036	174.0684	291.7231	500.5390	94.8052	3.1474	1.9683	83.8041
92.9988	13998.0000	-0.2300	1.9843	0.0000	207.8220	473.1400	230.6930	2.9382	503.3600	71.4449	5.0000	14000.0000	500.0000	0.0000	14008.6386	0.2652	0.2559	0.0240	0.0242	-2.4724	1.9397	-2.8499	0.3908	-22.4036	174.0684	291.7231	500.5390	94.8052	3.1474	1.9683	83.8041
93.7432	14000.0000	-0.2330	1.9825	0.0000	207.8740	472.6800	230.7090	2.9361	502.8800	71.5326	5.0000	14000.0000	500.0000	0.0000	13993.3459	0.2401	0.2758	0.0240	0.0263	-2.3952	1.4471	-2.8124	0.3647	-6.6659	178.5789	291.7601	500.6598	94.8792	2.5953	1.9676	83.9155
93.7941	14000.0000	-0.2330	1.9825	0.0000	207.8740	472.6800	230.7090	2.9361	502.8800	71.5326	5.0000	14000.0000	500.0000	0.0000	13993.3459	0.2401	0.2758	0.0240	0.0263	-2.3952	1.4471	-2.8124	0.3647	-6.6659	178.5789	291.7601	500.6598	94.8792	2.5953	1.9676	83.9155
94.4000	14015.0000	-0.2280	1.9823	0.0000	207.8040	472.5400	230.7150	2.9353	502.7800	71.6515	5.0000	14000.0000	500.0000	0.0000	13992.4484	0.3013	0.2772	0.0262	0.0246	-1.9931	2.0542	-2.7547	0.3789	-20.6716	180.1124	291.8109	503.8466	94.9197	2.9057	1.9682	84.0360
94.4869	14015.0000	-0.2280	1.9823	0.0000	207.8040	472.5400	230.7150	2.9353	502.7800	71.6515	5.0000	14000.0000	500.0000	0.0000	13992.4484	0.3013	0.2772	0.0262	0.0246	-1.9931	2.0542	-2.7547	0.3789	-20.6716	180.1124	291.8109	503.8466	94.9197	2.9057	1.9682	84.0360
95.0053	14007.0000	-0.2310	1.9841	0.0000	207.7400	473.9500	230.7260	2.9435	504.2900	71.7607	6.0000	14000.0000	500.0000	0.0000	13994.8520	0.2577	0.2746	0.0233	0.0262	-2.3431	1.6208	-2.9287	0.4164	-25.8958	176.8837	291.7552	502.2362	94.9862	2.9378	1.9695	84.1437
95.2336	14007.0000	-0.2310	1.9841	0.0000	207.7400	473.9500	230.7260	2.9435	504.2900	71.7607	6.0000	14000.0000	500.0000	0.0000	13994.8520	0.2577	0.2746	0.0233	0.0262	-2.3431	1.6208	-2.9287	0.4164	-25.8958	176.8837	291.7552	502.2362	94.9862	2.9378	1.9695	84.1437
95.6106	14016.0000	-0.2310	1.9847	0.0000	207.7140	474.2900	230.7270	2.9453	504.5900	71.8696	NOT CONNECTED	14000.0000	500.0000	0.0000	14011.7265	0.2827	0.2532	0.0274	0.0268	-2.1580	1.7206	-2.7452	0.3929	-26.4711	178.4247	291.7542	508.9973	95.0262	2.7574	1.9696	84.1437
95.9824	14016.0000	-0.2310	1.9847	0.0000	207.7140	474.2900	230.7270	2.9453	504.5900	71.8696	NOT CONNECTED	14000.0000	500.0000	0.0000	14001.1794	0.2705	0.2668	0.0260	0.0252	-2.4754	1.8836	-2.9115	0.4234	-19.0799	173.1183	291.7639	501.3054	95.0660	3.1076	1.9680	84.2503
96.2164	14016.0000	-0.2310	1.9847	0.0000	207.7140	474.2900	230.7270	2.9453	504.5900	71.8696	NOT CONNECTED	14000.0000	500.0000	0.0000	14001.1794	0.2705	0.2668	0.0260	0.0252	-2.4754	1.8836	-2.9115	0.4234	-19.0799	173.1183	291.7639	501.3054	95.0660	3.1076	1.9680	84.2503
96.8385	14041.0000	-0.1670	1.9834	0.0000	207.7270	474.0300	230.7360	2.9442	504.3700	71.9809	NOT CONNECTED	0.0000	500.0000	0.0000	14043.7455	0.1876	0.1883	0.0262	0.0258	-2.5634	1.2364	-2.8808	0.2838	-28.8918	167.6975	295.7756	370.0502	95.1056	2.6749	1.9432	84.2503
97.0021	14041.0000	-0.1670	1.9834	0.0000	207.7270	474.0300	230.7360	2.9442	504.3700	71.9809	NOT CONNECTED	0.0000	500.0000	0.0000	14043.7455	0.1876	0.1883	0.0262	0.0258	-2.5634	1.2364	-2.8808	0.2838	-28.8918	167.6975	295.7756	370.0502	95.1056	2.6749	1.9432	84.2503
97.4592	14009.0000	-0.1520	1.8599	0.0000	212.3510	318.7400	230.8330	2.0566	339.7700	72.0536	NOT CONNECTED	0.0000	500.0000	0.0000	13995.1866	0.1945	0.1881	0.0246	0.0266	-2.4280	1.2276	-2.8931	0.2449	-30.2517	178.0617	296.7578	351.9325	95.0907	2.7765	1.8443	84.3693
97.7500	14009.0000	-0.1520	1.8599	0.0000	212.3510	318.7400	230.8330	2.0566	339.7700	72.0536	NOT CONNECTED	0.0000	500.0000	0.0000	13995.1866	0.1945	0.1881	0.0246	0.0266	-2.4280	1.2276	-2.8931	0.2449	-30.2517	178.0617	296.7578	351.9325	95.0907	2.7765	1.8443	84.3693
98.0656	14009.0000	-0.1520	1.8599	0.0000	212.3510	318.7400	230.8330	2.0566	339.7700	72.0536	NOT CONNECTED	0.0000	500.0000	0.0000	14005.3024	0.1718	0.1729	0.0268	0.0270	-2.4125	0.9775	-2.5271	0.2683	-28.9932	173.6281	296.3333	359.1091	95.0852	2.6901	1.8493	84.4654
98.4972	14014.0000	-0.1560	1.8696	0.0000	211.8300	333.9100	230.8010	2.1445	355.8500	72.1076	NOT CONNECTED	0.0000	500.0000	0.0000	13995.9035	0.1783	0.1859	0.0273	0.0281	-2.4437	1.0667	-2.6823	0.2770	-21.2934	174.8149	296.3294	361.9401	95.0636	2.6370	1.8487	84.4654
98.6701	14014.0000	-0.1560	1.8696	0.0000	211.8300	333.9100	230.8010	2.1445	355.8500	72.1076	NOT CONNECTED	0.0000	500.0000	0.0000	13995.9035	0.1783	0.1859	0.0273	0.0281	-2.4437	1.0667	-2.6823	0.2770	-21.2934	174.8149	296.3294	361.9401	95.0636	2.6370	1.8487	84.4654
99.2417	14005.0000	-0.1550	1.8701	0.0000	211.7260	336.0300	230.8130	2.1576	358.1500	72.1775	NOT CONNECTED	0.0000	500.0000	0.0000	14006.2058	0.1748	0.1726	0.0276	0.0266	-2.6027	1.1996	-2.5097	0.3201	-32.2634	166.8079	296.2619	357.4106	95.0473	2.7593	1.8458	84.5407
99.2764	14005.0000	-0.1550	1.8701	0.0000	211.7260	336.0300	230.8130	2.1576	358.1500	72.1775	NOT CONNECTED	0.0000	500.0000	0.0000	14006.2058	0.1748	0.1726	0.0276	0.0266	-2.6027	1.1996	-2.5097	0.3201	-32.2634	166.8079	296.2619	357.4106	95.0473	2.7593	1.8458	84.5407
99.8818	14006.0000	-0.1550	1.8696	0.0000	211.7440	335.3800	230.8160	2.1536	357.5400	72.2044	NOT CONNECTED	0.0000	500.0000	0.0000	13995.2740	0.1601	0.1869	0.0269	0.0281	-2.4901	0.9453	-2.7922	0.2799	-32.0368	174.7156	296.2243	359.7060	95.0358	2.6054	1.8459	84.6248
99.9861	14006.0000	-0.1550	1.8696	0.0000	211.7440	335.3800	230.8160	2.1536	357.5400	72.2044	NOT CONNECTED	0.0000	500.0000	0.0000	13995.2740	0.1601	0.1869	0.0269	0.0281	-2.4901	0.9453	-2.7922	0.2799	-32.0368	174.7156	296.2243	359.7060	95.0358	2.6054	1.8459	84.6248
100.5036	13967.0000	-0.1320	1.8699	0.0000	211.7330	335.9100	230.8150	2.1563	358.0800	72.2548	NOT CONNECTED	0.0000	500.0000	0.0000	13986.3880	0.1397	0.1863	0.0279	0.0277	-2.6370	0.9371	-2.5974	0.1847	-28.4350	177.4459	297.3300	316.8817	95.0338	2.5240	1.8706	84.6248
100.7307	13967.0000	-0.1320	1.8699	0.0000	211.7330	335.9100	230.8150	2.1563	358.0800	72.2548	NOT CONNECTED	0.0000	500.0000	0.0000	13986.3880	0.1397	0.1863	0.0279	0.0277	-2.6370	0.9371	-2.5974	0.1847	-28.4350	177.4459	297.3300	316.8817	95.0338	2.5240	1.8706	84.6248
101.1078	13596.0000	-0.0540	1.7621	0.0000	217.4230	170.9500	230.9430	1.2027	187.2100	72.3343	NOT CONNECTED	0.0000	500.0000	0.0000	13702.5470	0.0642	0.0720	0.0295	0.0287	-2.6587	0.4485	-2.5475	0.1003	-19.9908	177.7930	304.1191	174.8753	95.0268	2.5665	1.7212	84.6921
101.4735	13596.0000	-0.0540	1.7621	0.0000	217.4230	170.9500	230.9430	1.2027	187.2100	72.3343	NOT CONNECTED	0.0000	500.0000	0.0000	13387.6056	0.0679	0.0702	0.0307	0.0301	-2.4672	0.3694	-2.3491	0.1169	-22.4716	174.6259	303.5940	182.9955	94.9560	2.4757	1.7037	84.6921
101.7142	13596.0000	-0.0540	1.7621	0.0000	217.4230	170.9500	230.9430	1.2027	187.2100	72.3343	NOT CONNECTED	0.0000	500.0000	0.0000	13387.6056	0.0679	0.0702	0.0307	0.0301	-2.4672	0.3694	-2.3491	0.1169	-22.4716	174.6259	303.5940	182.9955	94.9560	2.4757	1.7037	84.6921
102.2159	13181.0000	-0.0560	1.7228	0.0000	217.1550	165.9700	230.8900	1.1689	181.4600	72.3386	NOT CONNECTED	0.0000	500.0000	0.0000	13078.7595	0.0895	0.0726	0.0298	0.0303	-2.4714	0.5195	-2.5022	0.1116	-15.7567	175.3726	303.9641	172.1306	94.8851	2.4027	1.6854	84.7445
102.3201	13181.0000	-0.0560	1.7228	0.0000	217.1550	165.9700	230.8900	1.1689	181.4600	72.3386	NOT CONNECTED	0.0000	500.0000	0.0000	13078.7595	0.0895	0.0726	0.0298	0.0303	-2.4714	0.5195	-2.5022	0.1116	-15.7567	175.3726	303.9641	172.1306	94.8851	2.4027	1.6854	84.7445
102.9245	12821.0000	-0.0560	1.6980	0.0000	217.7980	157.4900	230.8970	1.1180	172.7000	72.4144	NOT CONNECTED	0.0000	500.0000	0.0000	12773.7450	0.0742	0.0706	0.0323	0.0314	-2.3587	0.4279	-2.3630	0.1200	-17.4103	172.6601	304.5207	157.9969	94.8116	2.4119	1.6519	84.7735
102.9618	12821.0000	-0.0560	1.6980	0.0000	217.7980	157.4900	230.8970	1.1180	172.7000	72.4144	NOT CONNECTED	0.0000	500.0000	0.0000	12773.7450	0.0742	0.0706	0.0323	0.0314	-2.3587	0.4279	-2.3630	0.1200	-17.4103	172.6601	304.5207	157.9969	94.8116	2.4119	1.6519	84.7735
103.5304	12443.0000	-0.0560	1.6528	0.0000	218.0630	142.7000	230.9090	1.0293	157.5400	72.4206	NOT CONNECTED	0.0000	500.0000	0.0000	12477.3683	0.0879	0.0547	0.0320	0.0327	-2.3656	0.5530	-2.3941	0.0854	-10.5803	178.0147	305.0055	153.7949	94.7380	2.4610	1.6708	84.7735
103.7158	12443.0000	-0.0560	1.6528	0.0000	218.0630	142.7000	230.9090	1.0293	157.5400	72.4206	NOT CONNECTED	0.0000	500.0000	0.0000	12477.3683	0.0879	0.0547	0.0320	0.0327	-2.3656	0.5530	-2.3941	0.0854	-10.5803	178.0147	305.0055	153.7949	94.7380	2.4610	1.6708	84.7735
104.1364	12075.0000	-0.0520	1.6295	0.0000	218.2040	135.3600	230.9120	0.9853	149.9900	72.4251	NOT CONNECTED	0.0000	500.0000	0.0000	12167.0954	0.0648	0.0586	0.0344	0.0333	-2.1431	0.2591	-2.1961	0.1022	-8.7362	172.6343	305.4877	145.1448	94.6765	2.3378	1.6066	84.7736
104.4503	12075.0000	-0.0520	1.6295	0.0000	218.2040	135.3600	230.9120	0.9853	149.9900	72.4251	NOT CONNECTED	0.0000	500.0000	0.0000	11848.7583	0.0468	0.0717	0.0349	0.0345	-2.3534	0.2734	-2.3442	0.0794	-23.2749	176.9992	306.0605	132.3318	94.5868	2.2524	1.5679	84.7736
104.7414	12075.0000	-0.0520	1.6295	0.0000	218.2040	135.3600	230.9120	0.9853	149.9900	72.4251	NOT CONNECTED	0.0000	500.0000	0.0000	11848.7583	0.0468	0.0717	0.0349	0.0345	-2.3534	0.2734	-2.3442	0.0794	-23.2749	176.9992	306.0605	132.3318	94.5868	2.2524	1.5679	84.7736
105.1863	11701.0000	-0.0500	1.5790	0.0000	218.5090	121.1400	230.9180	0.8982	135.3000	72.4167	NOT CONNECTED	0.0000	500.0000	0.0000	11552.2534	0.0306	0.0573	0.0345	0.0348	-2.2813	0.1573	-2.3593	0.0011	-22.6251	181.9113	306.5188	122.0859	94.4970	2.1917	1.5409	84.7568
105.3480	11701.0000	-0.0500	1.5790	0.0000	218.5090	121.1400	230.9180	0.8982	135.3000	72.4167	NOT CONNECTED	0.0000	500.0000	0.0000	11552.2534	0.0306	0.0573	0.0345	0.0348	-2.2813	0.1573	-2.3593	0.0011	-22.6251	181.9113	306.5188	122.0859	94.4970	2.1917	1.5409	84.7568
105.9349	11328.0000	-0.0470	1.5522	0.0000	218.6920	113.6400	230.9230	0.8524	127.6100	72.4227	NOT CONNECTED	0.0000	500.0000	0.0000	11254.6748	0.0742	0.0443	0.0379	0.0364	-2.4827	0.4870	-1.8009	0.1360	-14.1811	173.6822	307.0609	115.5754	94.4046	2.2563	1.5038	84.7321
105.9525	11328.0000	-0.0470	1.5522	0.0000	218.6920	113.6400	230.9230	0.8524	127.6100	72.4227	NOT CONNECTED	0.0000	500.0000	0.0000	11254.6748	0.0742	0.0443	0.0379	0.0364	-2.4827	0.4870	-1.8009	0.1360	-14.1811	173.6822	307.0609	115.5754	94.4046	2.2563	1.5038	84.7321
106.5587	10948.0000	-0.0470	1.5065	0.0000	218.7160	101.4900	230.9290	0.7776	115.1500	72.4052	NOT CONNECTED	0.0000	500.0000	0.0000	10939.2578	0.0881	0.0521	0.0381	0.0366	-2.2937	0.4582	-1.8513	-0.0488	-8.3606	190.8300	307.4536	115.0508	94.3079	2.3620	1.5317	84.7321
106.6886	10948.0000	-0.0470	1.5065	0.0000	218.7160	101.4900	230.9290	0.7776	115.1500	72.4052	NOT CONNECTED	0.0000	500.0000	0.0000	10939.2578	0.0881	0.0521	0.0381	0.0366	-2.2937	0.4582	-1.8513	-0.0488	-8.3606	190.8300	307.4536	115.0508	94.3079	2.3620	1.5317	84.7321
107.1631	10561.0000	-0.0420	1.4863	0.0000	218.3980	96.1000	230.9310	0.7442	109.6400	72.4313	NOT CONNECTED	0.0000	500.0000	0.0000	10631.9446	-0.0166	0.0548	0.0394	0.0382	-2.2265	-0.0354	-1.6238	0.0050	-25.9497	186.5365	307.9099	99.7430	94.2255	2.4397	1.4573	84.6783
107.4354	10561.0000	-0.0420	1.4863	0.0000	218.3980	96.1000	230.9310	0.7442	109.6400	72.4313	NOT CONNECTED	0.0000	500.0000	0.0000	10631.9446	-0.0166	0.0548	0.0394	0.0382	-2.2265	-0.0354	-1.6238	0.0050	-25.9497	186.5365	307.9099	99.7430	94.2255	2.4397	1.4573	84.6783
107.7695	10561.0000	-0.0420	1.4863	0.0000	218.3980	96.1000	230.9310	0.7442	109.6400	72.4313	NOT CONNECTED	0.0000	500.0000	0.0000	10309.1861	0.0656	0.0720	0.0394	0.0403	-1.6019	0.1696	-2.0637	0.0839	-13.5501	179.8045	308.3241	98.2285	94.1278	1.6233	1.4204	84.6783
108.1847	10170.0000	-0.0360	1.4266	0.0000	218.4980	85.1500	230.9360	0.6756	98.4000	72.3785	NOT CONNECTED	0.0000	500.0000	0.0000	10008.0463	-0.0030	0.0650	0.0399	0.0410	-2.0935	0.0310	-2.1032	0.0460	-24.2232	174.4043	308.9773	78.8031	94.0254	2.3318	1.3841	84.6094
108.3750	10170.0000	-0.0360	1.4266	0.0000	218.4980	85.1500	230.9360	0.6756	98.4000	72.3785	NOT CONNECTED	0.0000	500.0000	0.0000	10008.0463	-0.0030	0.0650	0.0399	0.0410	-2.0935	0.0310	-2.1032	0.0460	-24.2232	174.4043	308.9773	78.8031	94.0254	2.3318	1.3841	84.6094
108.9355	9827.0000	-0.0350	1.3889	0.0000	218.7850	78.6900	230.9410	0.6338	91.6100	72.3384	NOT CONNECTED	0.0000	500.0000	0.0000	9694.1622	0.0257	0.0795	0.0418	0.0427	-2.3287	0.2978	-1.4980	0.1042	1.1357	160.2563	309.3529	82.1184	93.9218	1.7020	1.3779	84.5329
108.9815	9827.0000	-0.0350	1.3889	0.0000	218.7850	78.6900	230.9410	0.6338	91.6100	72.3384	NOT CONNECTED	0.0000	500.0000	0.0000	9694.1622	0.0257	0.0795	0.0418	0.0427	-2.3287	0.2978	-1.4980	0.1042	1.1357	160.2563	309.3529	82.1184	93.9218	1.7020	1.3779	84.5329
109.5863	9445.0000	-0.0270	1.3251	0.0000	218.3720	69.2500	230.9450	0.5714	81.5300	72.3465	NOT CONNECTED	0.0000	500.0000	0.0000	9413.3129	0.0615	0.0487	0.0442	0.0434	-2.1670	0.3333	-2.1528	0.1495	4.4724	165.1067	309.9405	73.3430	93.8170	2.2200	1.3455	84.5329
109.6910	9445.0000	-0.0270	1.3251	0.0000	218.3720	69.2500	230.9450	0.5714	81.5300	72.3465	NOT CONNECTED	0.0000	500.0000	0.0000	9413.3129	0.0615	0.0487	0.0442	0.0434	-2.1670	0.3333	-2.1528	0.1495	4.4724	165.1067	309.9405	73.3430	93.8170	2.2200	1.3455	84.5329
110.1917	9075.0000	-0.0250	1.2711	0.0000	219.1770	63.2300	230.9490	0.5319	75.3100	72.3065	NOT CONNECTED	0.0000	500.0000	0.0000	9105.2945	0.0253	0.0522	0.0463	0.0460	-1.5299	0.0115	-1.5622	0.0845	-1.9503	172.4868	310.5793	67.5388	93.6994	2.0401	1.2404	84.4320
110.4340	9075.0000	-0.0250	1.2711	0.0000	219.1770	63.2300	230.9490	0.5319	75.3100	72.3065	NOT CONNECTED	0.0000	500.0000	0.0000	9105.2945	0.0253	0.0522	0.0463	0.0460	-1.5299	0.0115	-1.5622	0.0845	-1.9503	172.4868	310.5793	67.5388	93.6994	2.0401	1.2404	84.4320
110.7975	9075.0000	-0.0250	1.2711	0.0000	219.1770	63.2300	230.9490	0.5319	75.3100	72.3065	NOT CONNECTED	0.0000	500.0000	0.0000	8812.5792	0.0015	0.0322	0.0484	0.0470	-1.6747	-0.0656	-1.5930	0.0416	-11.9108	174.8144	311.3214	58.1797	93.5612	1.7760	1.1716	84.4320
111.1852	8694.0000	-0.0210	1.1579	0.0000	221.1960	51.2100	230.9550	0.4500	62.3600	72.1920	NOT CONNECTED	0.0000	500.0000	0.0000	8530.3929	0.0473	0.0060	0.0500	0.0492	-1.8430	0.1776	-1.5091	0.1403	-4.2795	166.7610	311.8457	53.0251	93.4129	1.3594	1.1127	84.3119
111.4031	8694.0000	-0.0210	1.1579	0.0000	221.1960	51.2100	230.9550	0.4500	62.3600	72.1920	NOT CONNECTED	0.0000	500.0000	0.0000	8530.3929	0.0473	0.0060	0.0500	0.0492	-1.8430	0.1776	-1.5091	0.1403	-4.2795	166.7610	311.8457	53.0251	93.4129	1.3594	1.1127	84.3119
111.9322	8321.0000	-0.0190	1.1305	0.0000	220.1480	46.0000	230.9570	0.4153	56.9700	72.1852	NOT CONNECTED	0.0000	500.0000	0.0000	8218.6408	0.0190	0.0212	0.0501	0.0509	-1.4587	0.0659	-1.6360	0.0165	-11.0997	182.6044	312.5878	46.9470	93.2631	1.5153	1.0496	84.1732
112.0085	8321.0000	-0.0190	1.1305	0.0000	220.1480	46.0000	230.9570	0.4153	56.9700	72.1852	NOT CONNECTED	0.0000	500.0000	0.0000	8218.6408	0.0190	0.0212	0.0501	0.0509	-1.4587	0.0659	-1.6360	0.0165	-11.0997	182.6044	312.5878	46.9470	93.2631	1.5153	1.0496	84.1732
112.6133	7936.0000	-0.0170	1.0063	0.0000	221.8550	36.1800	230.9610	0.3462	46.4200	72.0910	NOT CONNECTED	0.0000	500.0000	0.0000	7908.2549	0.0292	0.0264	0.0527	0.0531	-1.4079	0.1143	-1.4582	0.0145	2.8802	174.2742	313.1734	38.9123	93.1072	1.4119	1.0091	84.1732
112.6899	7936.0000	-0.0170	1.0063	0.0000	221.8550	36.1800	230.9610	0.3462	46.4200	72.0910	NOT CONNECTED	0.0000	500.0000	0.0000	7908.2549	0.0292	0.0264	0.0527	0.0531	-1.4079	0.1143	-1.4582	0.0145	2.8802	174.2742	313.1734	38.9123	93.1072	1.4119	1.0091	84.1732
113.2202	7571.0000	-0.0150	0.9775	0.0000	218.7940	33.4200	230.9600	0.3303	44.0300	71.9724	NOT CONNECTED	0.0000	500.0000	0.0000	7612.1328	0.0160	0.0178	0.0539	0.0531	-1.4526	0.0149	-1.3821	0.0246	-14.8452	164.6739	313.2964	37.0160	92.9486	1.4741	0.9574	84.0086
113.4362	7571.0000	-0.0150	0.9775	0.0000	218.7940	33.4200	230.9600	0.3303	44.0300	71.9724	NOT CONNECTED	0.0000	500.0000	0.0000	7612.1328	0.0160	0.0178	0.0539	0.0531	-1.4526	0.0149	-1.3821	0.0246	-14.8452	164.6739	313.2964	37.0160	92.9486	1.4741	0.9574	84.0086
113.8253	7199.0000	-0.0130	0.9778	0.0000	205.1610	30.8800	230.9590	0.3181	42.1700	71.8798	NOT CONNECTED	0.0000	500.0000	0.0000	7300.6815	0.0194	0.0186	0.0528	0.0531	-1.4461	0.0681	-1.4843	0.0217	-12.3800	159.1059	313.3842	33.2603	92.8031	1.5059	0.9565	84.0086
114.1857	7199.0000	-0.0130	0.9778	0.0000	205.1610	30.8800	230.9590	0.3181	42.1700	71.8798	NOT CONNECTED	0.0000	500.0000	0.0000	7020.0246	0.0138	-0.0000	0.0537	0.0531	-1.5372	0.0147	-1.4103	0.0076	-6.3244	157.0164	313.3693	32.3276	92.6726	1.1723	0.9658	83.8268
114.4312	7199.0000	-0.0130	0.9778	0.0000	205.1610	30.8800	230.9590	0.3181	42.1700	71.8798	NOT CONNECTED	0.0000	500.0000	0.0000	7020.0246	0.0138	-0.0000	0.0537	0.0531	-1.5372	0.0147	-1.4103	0.0076	-6.3244	157.0164	313.3693	32.3276	92.6726	1.1723	0.9658	83.8268
114.9325	6823.0000	-0.0030	0.9778	0.0000	198.2240	29.6900	230.9590	0.3120	41.3000	71.8101	NOT CONNECTED	0.0000	500.0000	0.0000	6719.7032	0.0256	-0.0000	0.0532	0.0531	-1.4715	0.1168	-1.4434	-0.0033	-12.3979	153.8001	313.8698	28.7262	92.5573	1.3486	0.9652	83.6428
115.0209	6823.0000	-0.0030	0.9778	0.0000	198.2240	29.6900	230.9590	0.3120	41.3000	71.8101	NOT CONNECTED	0.0000	500.0000	0.0000	6719.7032	0.0256	-0.0000	0.0532	0.0531	-1.4715	0.1168	-1.4434	-0.0033	-12.3979	153.8001	313.8698	28.7262	92.5573	1.3486	0.9652	83.6428
115.6103	6201.0000	-0.0060	0.9738	0.0000	177.1690	21.4500	230.9570	0.2591	33.5000	71.6425	NOT CONNECTED	0.0000	500.0000	0.0000	6410.3745	0.0038	0.0150	0.0532	0.0531	-1.5008	0.0147	-1.4824	0.0469	-11.7347	145.8736	314.3473	24.9760	92.4553	1.4333	0.9894	83.6428
116.1948	6201.0000	-0.0060	0.9738	0.0000	177.1690	21.4500	230.9570	0.2591	33.5000	71.6425	NOT CONNECTED	0.0000	500.0000	0.0000	6131.0855	-0.0106	-0.0000	0.0533	0.0531	-1.2144	-0.0295	-1.2447	-0.0056	-11.7609	138.1918	314.5542	23.1533	92.3651	1.3304	0.9684	83.4519
116.2147	6201.0000	-0.0060	0.9738	0.0000	177.1690	21.4500	230.9570	0.2591	33.5000	71.6425	NOT CONNECTED	0.0000	500.0000	0.0000	6131.0855	-0.0106	-0.0000	0.0533	0.0531	-1.2144	-0.0295	-1.2447	-0.0056	-11.7609	138.1918	314.5542	23.1533	92.3651	1.3304	0.9684	83.4519
116.8200	5836.0000	0.0030	0.9748	0.0000	170.1620	20.2900	230.9560	0.2521	32.4200	71.5833	NOT CONNECTED	0.0000	500.0000	0.0000	5828.9550	0.0172	-0.0000	0.0528	0.0531	-1.5798	0.0582	-1.1570	-0.0472	-12.0349	138.0406	314.4933	23.6172	92.2804	1.2000	0.9708	83.4519
116.9389	5836.0000	0.0030	0.9748	0.0000	170.1620	20.2900	230.9560	0.2521	32.4200	71.5833	NOT CONNECTED	0.0000	500.0000	0.0000	5828.9550	0.0172	-0.0000	0.0528	0.0531	-1.5798	0.0582	-1.1570	-0.0472	-12.0349	138.0406	314.4933	23.6172	92.2804	1.2000	0.9708	83.4519
117.4275	5490.0000	-0.0000	0.9788	0.0000	157.0470	20.3200	230.9530	0.2531	32.6200	71.5516	NOT CONNECTED	0.0000	500.0000	0.0000	5546.2850	0.0199	-0.0000	0.0533	0.0531	-1.6638	0.0813	-1.1965	0.0264	-10.0357	118.4011	314.5420	22.7159	92.2052	1.5117	0.9760	83.2593
117.6902	5490.0000	-0.0000	0.9788	0.0000	157.0470	20.3200	230.9530	0.2531	32.6200	71.5516	NOT CONNECTED	0.0000	500.0000	0.0000	5546.2850	0.0199	-0.0000	0.0533	0.0531	-1.6638	0.0813	-1.1965	0.0264	-10.0357	118.4011	314.5420	22.7159	92.2052	1.5117	0.9760	83.2593
118.0326	5490.0000	-0.0000	0.9788	0.0000	157.0470	20.3200	230.9530	0.2531	32.6200	71.5516	NOT CONNECTED	0.0000	500.0000	0.0000	5248.8626	-0.0156	-0.0000	0.0530	0.0531	-1.2306	-0.0460	-1.5579	0.0318	-9.5063	110.9742	314.4486	22.4776	92.1373	1.4697	0.9765	83.0672
118.4318	5148.0000	-0.0040	0.9788	0.0000	150.6060	20.2600	230.9520	0.2526	32.5900	71.4742	NOT CONNECTED	0.0000	500.0000	0.0000	4982.0605	0.0172	-0.0000	0.0531	0.0531	-1.5598	0.0687	-1.2505	0.0084	-9.3607	107.8379	314.5014	22.7554	92.0742	1.5967	0.9953	83.0672
118.6384	5148.0000	-0.0040	0.9788	0.0000	150.6060	20.2600	230.9520	0.2526	32.5900	71.4742	NOT CONNECTED	0.0000	500.0000	0.0000	4982.0605	0.0172	-0.0000	0.0531	0.0531	-1.5598	0.0687	-1.2505	0.0084	-9.3607	107.8379	314.5014	22.7554	92.0742	1.5967	0.9953	83.0672
119.1809	4827.0000	-0.0030	0.9803	0.0000	138.1580	20.2400	230.9480	0.2529	32.6400	71.4316	NOT CONNECTED	0.0000	500.0000	0.0000	4712.0699	0.0111	-0.0000	0.0531	0.0531	-1.6036	0.0320	-1.4577	-0.0223	-11.7280	109.2116	314.5312	23.3208	92.0203	1.5670	0.9813	83.0799
119.2433	4827.0000	-0.0030	0.9803	0.0000	138.1580	20.2400	230.9480	0.2529	32.6400	71.4316	NOT CONNECTED	0.0000	500.0000	0.0000	4712.0699	0.0111	-0.0000	0.0531	0.0531	-1.6036	0.0320	-1.4577	-0.0223	-11.7280	109.2116	314.5312	23.3208	92.0203	1.5670	0.9813	83.0799
119.8493	4515.0000	-0.0020	0.9813	0.0000	132.1170	20.1800	230.9460	0.2527	32.6200	71.3944	NOT CONNECTED	0.0000	500.0000	0.0000	4485.9986	-0.0095	-0.0000	0.0532	0.0531	-1.2885	-0.0384	-1.1769	-0.0215	-13.0164	106.3003	314.5569	22.5933	91.9698	1.1508	0.9838	83.0799
119.9210	4515.0000	-0.0020	0.9813	0.0000	132.1170	20.1800	230.9460	0.2527	32.6200	71.3944	NOT CONNECTED	0.0000	500.0000	0.0000	4485.9986	-0.0095	-0.0000	0.0532	0.0531	-1.2885	-0.0384	-1.1769	-0.0215	-13.0164	106.3003	314.5569	22.5933	91.9698	1.1508	0.9838	83.0799
120.4548	4208.0000	-0.0000	0.9913	0.0000	120.7400	20.0900	230.9390	0.2518	32.5000	71.3664	NOT CONNECTED	0.0000	500.0000	0.0000	4258.0998	0.0167	-0.0000	0.0531	0.0531	-1.7136	0.0526	-1.3182	-0.0365	-8.0412	98.0712	314.5027	23.0316	91.9238	1.0949	0.9873	83.0909
120.6890	4208.0000	-0.0000	0.9913	0.0000	120.7400	20.0900	230.9390	0.2518	32.5000	71.3664	NOT CONNECTED	0.0000	500.0000	0.0000	4258.0998	0.0167	-0.0000	0.0531	0.0531	-1.7136	0.0526	-1.3182	-0.0365	-8.0412	98.0712	314.5027	23.0316	91.9238	1.0949	0.9873	83.0909
121.0596	3914.0000	-0.0000	0.9819	0.0000	115.1210	19.8600	230.9360	0.2501	32.2900	71.3963	NOT CONNECTED	0.0000	500.0000	0.0000	3991.6581	0.0002	-0.0000	0.0530	0.0531	-1.3715	0.0027	-1.5731	-0.0307	-10.9921	96.9874	314.5095	22.3284	91.8810	1.6348	0.9861	83.1016
121.4222	3914.0000	-0.0000	0.9819	0.0000	115.1210	19.8600	230.9360	0.2501	32.2900	71.3963	NOT CONNECTED	0.0000	500.0000	0.0000	3769.4720	0.0046	-0.0000	0.0532	0.0531	-1.4253	-0.0062	-1.6573	-0.0167	-11.3760	89.0428	314.5108	23.7633	91.8444	1.5582	0.9969	83.1016
121.6493	3914.0000	-0.0000	0.9819	0.0000	115.1210	19.8600	230.9360	0.2501	32.2900	71.3963	NOT CONNECTED	0.0000	500.0000	0.0000	3769.4720	0.0046	-0.0000	0.0532	0.0531	-1.4253	-0.0062	-1.6573	-0.0167	-11.3760	89.0428	314.5108	23.7633	91.8444	1.5582	0.9969	83.1016
122.1765	3636.0000	-0.0020	0.9829	0.0000	104.3830	19.6400	230.9250	0.2481	32.0700	71.4316	NOT CONNECTED	0.0000	500.0000	0.0000	3537.4240	-0.0064	-0.0000	0.0531	0.0531	-1.2913	-0.0090	-1.6239	-0.0248	-9.1587	82.0663	314.5663	22.3767	91.8096	1.5875	0.9880	83.1096
122.2394	3636.0000	-0.0020	0.9829	0.0000	104.3830	19.6400	230.9250	0.2481	32.0700	71.4316	NOT CONNECTED	0.0000	500.0000	0.0000	3537.4240	-0.0064	-0.0000	0.0531	0.0531	-1.2913	-0.0090	-1.6239	-0.0248	-9.1587	82.0663	314.5663	22.3767	91.8096	1.5875	0.9880	83.1096
122.8285	3346.0000	-0.0030	0.9834	0.0000	99.0360	19.6900	230.9210	0.2480	32.0100	71.4301	NOT CONNECTED	0.0000	500.0000	0.0000	3325.3423	-0.0075	-0.0000	0.0530	0.0531	-1.1529	-0.0059	-1.1272	0.0288	-12.5417	70.1798	314.5379	22.6935	91.7774	1.3563	0.9886	83.1096
122.9188	3346.0000	-0.0030	0.9834	0.0000	99.0360	19.6900	230.9210	0.2480	32.0100	71.4301	NOT CONNECTED	0.0000	500.0000	0.0000	3325.3423	-0.0075	-0.0000	0.0530	0.0531	-1.1529	-0.0059	-1.1272	0.0288	-12.5417	70.1798	314.5379	22.6935	91.7774	1.3563	0.9886	83.1096
123.4340	3085.0000	-0.0050	0.9837	0.0000	88.9170	19.6000	230.9070	0.2471	31.9000	71.4661	NOT CONNECTED	0.0000	500.0000	0.0000	3123.4290	0.0171	-0.0000	0.0531	0.0531	-1.6205	0.0638	-1.6221	-0.0061	-10.9693	67.9730	314.5041	22.8868	91.7464	1.5659	0.9902	83.1163
123.6887	3085.0000	-0.0050	0.9837	0.0000	88.9170	19.6000	230.9070	0.2471	31.9000	71.4661	NOT CONNECTED	0.0000	500.0000	0.0000	3123.4290	0.0171	-0.0000	0.0531	0.0531	-1.6205	0.0638	-1.6221	-0.0061	-10.9693	67.9730	314.5041	22.8868	91.7464	1.5659	0.9902	83.1163
124.4330	2826.0000	-0.0060	0.9858	0.0000	84.1600	19.5700	230.8990	0.2460	31.7200	71.4939	NOT CONNECTED	0.0000	500.0000	0.0000	2714.6714	-0.0015	-0.0000	0.0530	0.0531	-1.4278	-0.0142	-1.4521	0.0260	-12.0107	56.4428	314.5176	22.2580	91.6936	1.6024	0.9949	83.1226
124.5495	2826.0000	-0.0060	0.9858	0.0000	84.1600	19.5700	230.8990	0.2460	31.7200	71.4939	NOT CONNECTED	0.0000	500.0000	0.0000	2714.6714	-0.0015	-0.0000	0.0530	0.0531	-1.4278	-0.0142	-1.4521	0.0260	-12.0107	56.4428	314.5176	22.2580	91.6936	1.6024	0.9949	83.1226
125.1548	2503.0000	0.0260	0.9930	0.0000	74.7740	12.3300	230.8900	0.1993	24.9500	71.5264	NOT CONNECTED	0.0000	500.0000	0.0000	2416.7564	-0.0869	-0.1018	0.0533	0.0532	-1.5217	-0.2538	-1.4893	-0.0558	-7.6567	63.6980	316.1666	11.4677	91.6696	1.6120	1.0037	83.1273
125.1814	2503.0000	0.0260	0.9930	0.0000	74.7740	12.3300	230.8900	0.1993	24.9500	71.5264	NOT CONNECTED	0.0000	500.0000	0.0000	2416.7564	-0.0869	-0.1018	0.0533	0.0532	-1.5217	-0.2538	-1.4893	-0.0558	-7.6567	63.6980	316.1666	11.4677	91.6696	1.6120	1.0037	83.1273
125.7610	2075.0000	0.0460	0.9942	0.0000	67.2480	8.9400	230.8820	0.1701	20.9300	71.6171	NOT CONNECTED	0.0000	500.0000	0.0000	2103.0465	-0.1341	-0.0000	0.0531	0.0534	-1.7072	-0.4111	-1.0423	0.0217	-8.9567	43.9816	316.5589	11.2321	91.6483	1.0117	1.0072	83.1273
125.9196	2075.0000	0.0460	0.9942	0.0000	67.2480	8.9400	230.8820	0.1701	20.9300	71.6171	NOT CONNECTED	0.0000	500.0000	0.0000	2103.0465	-0.1341	-0.0000	0.0531	0.0534	-1.7072	-0.4111	-1.0423	0.0217	-8.9567	43.9816	316.5589	11.2321	91.6483	1.0117	1.0072	83.1273
126.3669	1542.0000	0.0750	0.9992	0.0000	49.2450	4.6600	230.8630	0.1364	16.2500	71.7407	NOT CONNECTED	0.0000	500.0000	0.0000	1701.1270	-0.1155	-0.0000	0.0530	0.0532	-1.0713	-0.3383	-1.2263	-0.2622	-14.0665	31.0869	317.1311	6.3382	91.6294	1.1075	1.0097	83.1312
126.6897	1542.0000	0.0750	0.9992	0.0000	49.2450	4.6600	230.8630	0.1364	16.2500	71.7407	NOT CONNECTED	0.0000	500.0000	0.0000	1097.5040	-0.1547	-0.2000	0.0538	0.0536	-1.2275	-0.4524	-1.5050	-0.2271	-9.4112	19.1847	317.5736	5.7399	91.6104	1.6184	1.0144	83.1358
126.9725	1542.0000	0.0750	0.9992	0.0000	49.2450	4.6600	230.8630	0.1364	16.2500	71.7407	NOT CONNECTED	0.0000	500.0000	0.0000	1097.5040	-0.1547	-0.2000	0.0538	0.0536	-1.2275	-0.4524	-1.5050	-0.2271	-9.4112	19.1847	317.5736	5.7399	91.6104	1.6184	1.0144	83.1358
127.4331	726.0000	0.1520	1.0018	0.0000	37.4110	3.7000	230.8520	0.1277	15.1000	71.8334	NOT CONNECTED	0.0000	500.0000	0.0000	453.0696	-0.0093	-0.0976	0.0532	0.0531	-1.2345	-0.0288	-1.2463	-0.0194	-10.4129	8.9201	315.3238	21.0502	91.5901	1.2428	0.9766	83.1358
127.5781	726.0000	0.1520	1.0018	0.0000	37.4110	3.7000	230.8520	0.1277	15.1000	71.8334	NOT CONNECTED	0.0000	500.0000	0.0000	453.0696	-0.0093	-0.0976	0.0532	0.0531	-1.2345	-0.0288	-1.2463	-0.0194	-10.4129	8.9201	315.3238	21.0502	91.5901	1.2428	0.9766	83.1358
128.1777	186.0000	0.0510	0.9395	0.0000	13.9700	16.9600	230.8250	0.2140	27.3400	72.0444	NOT CONNECTED	0.0000	500.0000	0.0000	0.0000	0.0000	0.0000	0.0931	0.0532	-1.4988	0.2503	-1.5139	0.1314	-11.4155	6.0366	321.1647	0.0000	91.5581	1.5196	0.9665	83.1402
128.1837	186.0000	0.0510	0.9395	0.0000	13.9700	16.9600	230.8250	0.2140	27.3400	72.0444	NOT CONNECTED	0.0000	500.0000	0.0000	0.0000	0.0000	0.0000	0.0931	0.0532	-1.4988	0.2503	-1.5139	0.1314	-11.4155	6.0366	321.1647	0.0000	91.5581	1.5196	0.9665	83.1402
128.7882	0.0000	0.0000	0.0214	0.0000	0.3600	-0.0200	230.8350	0.0000	1.5400	72.2326	NOT CONNECTED	0.0000	500.0000	0.0000	0.0000	0.0000	0.0000	0.0931	0.0532	-1.4988	0.2503	-1.5139	0.1314	-11.4155	6.0366	321.4217	0.0000	91.4053	1.5196	0.0056	83.1402
128.9182	0.0000	0.0000	0.0214	0.0000	0.3600	-0.0200	230.8350	0.0000	1.5400	72.2326	NOT CONNECTED	0.0000	500.0000	0.0000	0.0000	0.0000	0.0000	0.0931	0.0532	-1.4988	0.2503	-1.5139	0.1314	-11.4155	6.0366	321.4217	0.0000	91.4053	1.5196	0.0056	83.1402
129.3947	0.0000	0.0000	0.0147	0.0000	0.6730	-0.0400	230.8090	0.0000	1.4400	72.3140	NOT CONNECTED	0.0000	500.0000	0.0000	0.0000	0.0000	0.0000	0.0931	0.0532	-1.4988	0.2503	-1.5139	0.1314	-11.4155	6.0366	321.4339	0.0000	91.2412	1.5196	0.0056	83.1395
129.6680	0.0000	0.0000	0.0147	0.0000	0.6730	-0.0400	230.8090	0.0000	1.4400	72.3140	NOT CONNECTED	0.0000	500.0000	0.0000	0.0000	0.0000	0.0000	0.0931	0.0532	-1.4988	0.2503	-1.5139	0.1314	-11.4155	6.0366	321.4339	0.0000	91.2412	1.5196	0.0056	83.1395
130.0003	0.0000	0.0000	0.0147	0.0000	0.6730	-0.0400	230.8090	0.0000	1.4400	72.3140	NOT CONNECTED	0.0000	500.0000	0.0000	0.0000	0.0000	0.0000	0.0931	0.0532	-1.4988	0.2503	-1.5139	0.1314	0.0000	0.0000	321.4258	0.0000	91.0921	1.5196	0.0055	83.0795
130.4088	0.0000	0.0000	0.0147	0.0000	0.6730	-0.0400	230.7990	0.0000	1.3400	72.2999	NOT CONNECTED	0.0000	500.0000	0.0000	0.0000	0.0000	0.0000	0.0931	0.0532	-1.4988	0.2503	-1.5139	0.1314	0.0000	0.0000	321.4258	0.0000	90.9563	1.5196	0.0050	83.0795
130.6059	NOT CONNECTED	NOT CONNECTED	NOT CONNECTED	NOT CONNECTED	NOT CONNECTED	NOT CONNECTED	NOT CONNECTED	NOT CONNECTED	NOT CONNECTED	NOT CONNECTED	NOT CONNECTED	0.0000	500.0000	0.0000	0.0000	0.0000	0.0000	0.0931	0.0532	-1.4988	0.2503	-1.5139	0.1314	0.0000	0.0000	321.4258	0.0000	90.9563	1.5196	0.0050	83.0795
