Time	speed	torque	motor_current	motor_current_thd	motor_voltage	motor_power	line_voltage	line_current	line_power	motor_temperature	Test_Marker	BD_Target_Speed	BD_Target_Accel	BD_Update_Cmd	Mcl_Quantities.Speed_Rot_Mech	Mcl_Quantities.Torque	Mcl_Quantities.Torque_Ref	Mcl_Quantities.Stator_Flux_Mag	Mcl_Quantities.Flux_Ref	Mcl_Quantities.Id_stator_current	Mcl_Quantities.Iq_stator_current	Mcl_Quantities.Id_rotor_current	Rotor_Curr_Iq	Flux_Controller.Out	Torque_Controller.Out	DC_Bus_RMS	Mcl_Quantities.Electrical_Power	Mcl_Quantities.Stator_Temperature	Mcl_Quantities.Is_Abs	Mcl_Quantities.IsRMS	SR_Overheating_Temp
0.7402	0.0000	-0.0410	0.0148	0.0000	0.6810	-0.0400	230.6500	0.0000	1.2900	61.9457	NOT CONNECTED	NOT CONNECTED	NOT CONNECTED	NOT CONNECTED	NOT CONNECTED	NOT CONNECTED	NOT CONNECTED	NOT CONNECTED	NOT CONNECTED	NOT CONNECTED	NOT CONNECTED	NOT CONNECTED	NOT CONNECTED	NOT CONNECTED	NOT CONNECTED	NOT CONNECTED	NOT CONNECTED	NOT CONNECTED	NOT CONNECTED	NOT CONNECTED	NOT CONNECTED
1.4741	0.0000	-0.0440	0.0148	0.0000	0.6810	-0.0400	230.7090	0.0000	1.2800	61.8974	NOT CONNECTED	NOT CONNECTED	NOT CONNECTED	NOT CONNECTED	NOT CONNECTED	NOT CONNECTED	NOT CONNECTED	NOT CONNECTED	NOT CONNECTED	NOT CONNECTED	NOT CONNECTED	NOT CONNECTED	NOT CONNECTED	NOT CONNECTED	NOT CONNECTED	NOT CONNECTED	NOT CONNECTED	NOT CONNECTED	NOT CONNECTED	NOT CONNECTED	NOT CONNECTED
1.5791	0.0000	-0.0440	0.0148	0.0000	0.6810	-0.0400	230.7090	0.0000	1.2800	61.8974	NOT CONNECTED	0.0000	500.0000	0.0000	0.0000	0.0000	0.0000	0.0931	0.0531	-1.2223	-0.1163	-1.2260	-0.0670	0.0000	0.0000	321.2662	0.0000	82.7815	1.2279	0.0053	62.3766
2.1848	0.0000	-0.0410	0.0148	0.0000	0.6820	-0.0400	230.7390	0.0000	1.3200	61.8545	NOT CONNECTED	0.0000	500.0000	0.0000	0.0000	0.0000	0.0000	0.0931	0.0531	-1.2223	-0.1163	-1.2260	-0.0670	0.0000	0.0000	321.2756	0.0000	82.7349	1.2279	0.0055	62.3550
2.2126	0.0000	-0.0410	0.0148	0.0000	0.6820	-0.0400	230.7390	0.0000	1.3200	61.8545	NOT CONNECTED	0.0000	500.0000	0.0000	0.0000	0.0000	0.0000	0.0931	0.0531	-1.2223	-0.1163	-1.2260	-0.0670	0.0000	0.0000	321.2756	0.0000	82.7349	1.2279	0.0055	62.3550
2.7904	0.0000	-0.0410	0.0148	0.0000	0.6810	-0.0400	230.7970	0.0000	1.3100	61.8094	NOT CONNECTED	0.0000	500.0000	0.0000	0.0000	0.0000	0.0000	0.0931	0.0531	-1.2223	-0.1163	-1.2260	-0.0670	0.0000	0.0000	321.3338	0.0000	82.6932	1.2279	0.0053	62.3335
2.9501	0.0000	-0.0410	0.0148	0.0000	0.6810	-0.0400	230.7970	0.0000	1.3100	61.8094	NOT CONNECTED	0.0000	500.0000	0.0000	0.0000	0.0000	0.0000	0.0931	0.0531	-1.2223	-0.1163	-1.2260	-0.0670	0.0000	0.0000	321.3338	0.0000	82.6932	1.2279	0.0053	62.3335
3.3948	0.0000	-0.0410	0.0148	0.0000	0.6810	-0.0400	230.8270	0.0000	1.3300	61.7909	NOT CONNECTED	0.0000	500.0000	0.0000	0.0000	0.0000	0.0000	0.0931	0.0531	-1.2223	-0.1163	-1.2260	-0.0670	0.0000	0.0000	321.3554	0.0000	82.6544	1.2279	0.0054	62.3335
3.7033	0.0000	-0.0410	0.0148	0.0000	0.6810	-0.0400	230.8270	0.0000	1.3300	61.7909	NOT CONNECTED	0.0000	500.0000	0.0000	0.0000	0.0000	0.0000	0.0931	0.0531	-1.2223	-0.1163	-1.2260	-0.0670	0.0000	0.0000	321.4312	0.0000	82.6165	1.2279	0.0053	62.3120
4.0009	0.0000	-0.0410	0.0148	0.0000	0.6810	-0.0400	230.8270	0.0000	1.3300	61.7909	NOT CONNECTED	0.0000	500.0000	0.0000	0.0000	0.0000	0.0000	0.0931	0.0531	-1.2223	-0.1163	-1.2260	-0.0670	0.0000	0.0000	321.4312	0.0000	82.6165	1.2279	0.0053	62.3120
4.4469	0.0000	-0.0410	0.0148	0.0000	0.6810	-0.0400	230.8840	0.0000	1.3100	61.7282	NOT CONNECTED	0.0000	500.0000	0.0000	0.0000	0.0000	0.0000	0.0931	0.0531	-1.2223	-0.1163	-1.2260	-0.0670	0.0000	0.0000	321.4948	0.0000	82.5823	1.2279	0.0049	62.2905
4.6063	0.0000	-0.0410	0.0148	0.0000	0.6810	-0.0400	230.8840	0.0000	1.3100	61.7282	NOT CONNECTED	0.0000	500.0000	0.0000	0.0000	0.0000	0.0000	0.0931	0.0531	-1.2223	-0.1163	-1.2260	-0.0670	0.0000	0.0000	321.4948	0.0000	82.5823	1.2279	0.0049	62.2905
5.1948	0.0000	-0.0410	0.0148	0.0000	0.6800	-0.0400	230.9110	0.0000	1.3200	61.6910	NOT CONNECTED	0.0000	500.0000	0.0000	0.0000	0.0000	0.0000	0.0931	0.0531	-1.2223	-0.1163	-1.2260	-0.0670	0.0000	0.0000	321.4839	0.0000	82.5501	1.2279	0.0054	62.2905
5.1967	0.0000	-0.0410	0.0148	0.0000	0.6800	-0.0400	230.9110	0.0000	1.3200	61.6910	NOT CONNECTED	0.0000	500.0000	0.0000	0.0000	0.0000	0.0000	0.0931	0.0531	-1.2223	-0.1163	-1.2260	-0.0670	0.0000	0.0000	321.4839	0.0000	82.5501	1.2279	0.0054	62.2905
5.7863	0.0000	-0.0410	0.0148	0.0000	0.6800	-0.0400	230.9550	0.0000	1.3500	61.6148	NOT CONNECTED	0.0000	500.0000	0.0000	0.0000	0.0000	0.0000	0.0931	0.0531	-1.2223	-0.1163	-1.2260	-0.0670	0.0000	0.0000	321.5204	0.0000	82.5209	1.2279	0.0053	62.2691
5.9379	0.0000	-0.0410	0.0148	0.0000	0.6800	-0.0400	230.9550	0.0000	1.3500	61.6148	NOT CONNECTED	0.0000	500.0000	0.0000	0.0000	0.0000	0.0000	0.0931	0.0531	-1.2223	-0.1163	-1.2260	-0.0670	0.0000	0.0000	321.5204	0.0000	82.5209	1.2279	0.0053	62.2691
6.3920	0.0000	-0.0410	0.0148	0.0000	0.6790	-0.0400	230.9720	0.0000	1.3300	61.5701	NOT CONNECTED	0.0000	500.0000	0.0000	0.0000	0.0000	0.0000	0.0931	0.0531	-1.2223	-0.1163	-1.2260	-0.0670	0.0000	0.0000	321.5353	0.0000	82.4919	1.2279	0.0055	62.2691
6.6710	0.0000	-0.0410	0.0148	0.0000	0.6790	-0.0400	230.9720	0.0000	1.3300	61.5701	NOT CONNECTED	0.0000	500.0000	0.0000	0.0000	0.0000	0.0000	0.0931	0.0531	-1.2223	-0.1163	-1.2260	-0.0670	0.0000	0.0000	321.5353	0.0000	82.4919	1.2279	0.0055	62.2691
6.9974	0.0000	-0.0410	0.0148	0.0000	0.6790	-0.0400	230.9720	0.0000	1.3300	61.5701	NOT CONNECTED	0.0000	500.0000	0.0000	0.0000	0.0000	0.0000	0.0931	0.0531	-1.2223	-0.1163	-1.2260	-0.0670	0.0000	0.0000	321.5515	0.0000	82.4643	1.2279	0.0052	62.2477
7.4069	0.0000	-0.0410	0.0148	0.0000	0.6790	-0.0400	230.9930	0.0000	1.3300	61.5028	NOT CONNECTED	0.0000	500.0000	0.0000	0.0000	0.0000	0.0000	0.0931	0.0531	-1.2223	-0.1163	-1.2260	-0.0670	0.0000	0.0000	321.6030	0.0000	82.4368	1.2279	0.0052	62.2263
7.6179	0.0000	-0.0410	0.0148	0.0000	0.6790	-0.0400	230.9930	0.0000	1.3300	61.5028	NOT CONNECTED	0.0000	500.0000	0.0000	0.0000	0.0000	0.0000	0.0931	0.0531	-1.2223	-0.1163	-1.2260	-0.0670	0.0000	0.0000	321.6030	0.0000	82.4368	1.2279	0.0052	62.2263
8.1497	0.0000	-0.0410	0.0148	0.0000	0.6790	-0.0400	230.9960	0.0000	1.3200	61.4798	NOT CONNECTED	0.0000	500.0000	0.0000	0.0000	0.0000	0.0000	0.0931	0.0531	-1.2223	-0.1163	-1.2260	-0.0670	0.0000	0.0000	321.5434	0.0000	82.4116	1.2279	0.0055	62.2263
8.2245	0.0000	-0.0410	0.0148	0.0000	0.6790	-0.0400	230.9960	0.0000	1.3200	61.4798	NOT CONNECTED	0.0000	500.0000	0.0000	0.0000	0.0000	0.0000	0.0931	0.0531	-1.2223	-0.1163	-1.2260	-0.0670	0.0000	0.0000	321.5434	0.0000	82.4116	1.2279	0.0055	62.2263
8.8301	0.0000	-0.0410	0.0148	0.0000	0.6780	-0.0400	230.9920	0.0000	1.3300	61.4397	NOT CONNECTED	0.0000	500.0000	0.0000	0.0000	0.0000	0.0000	0.0931	0.0531	-1.2223	-0.1163	-1.2260	-0.0670	0.0000	0.0000	321.5569	0.0000	82.3872	1.2279	0.0054	62.2050
8.8915	0.0000	-0.0410	0.0148	0.0000	0.6780	-0.0400	230.9920	0.0000	1.3300	61.4397	NOT CONNECTED	0.0000	500.0000	0.0000	0.0000	0.0000	0.0000	0.0931	0.0531	-1.2223	-0.1163	-1.2260	-0.0670	0.0000	0.0000	321.5569	0.0000	82.3872	1.2279	0.0054	62.2050
9.4199	0.0000	-0.0410	0.0148	0.0000	0.6780	-0.0400	230.9920	0.0000	1.3300	61.4397	NOT CONNECTED	0.0000	500.0000	0.0000	0.0000	0.0000	0.0000	0.0931	0.0531	-1.2223	-0.1163	-1.2260	-0.0670	0.0000	0.0000	321.5231	0.0000	82.3638	1.2279	0.0055	62.2050
10.0256	0.0000	-0.0410	0.0148	0.0000	0.6780	-0.0400	230.9280	0.0000	1.3100	61.2530	NOT CONNECTED	0.0000	500.0000	0.0000	0.0000	0.0000	0.0000	0.0931	0.0531	-1.2223	-0.1163	-1.2260	-0.0670	0.0000	0.0000	321.4825	0.0000	82.3412	1.2279	0.0052	62.1837
10.6315	0.0000	-0.0410	0.0148	0.0000	0.6780	-0.0400	230.9280	0.0000	1.3100	61.2530	NOT CONNECTED	0.0000	500.0000	0.0000	0.0000	0.0000	0.0000	0.0931	0.0531	-1.2223	-0.1163	-1.2260	-0.0670	0.0000	0.0000	321.5069	0.0000	82.3183	1.2279	0.0052	62.1624
11.1500	0.0000	-0.0410	0.0148	0.0000	0.6780	-0.0400	230.9280	0.0000	1.3100	61.2530	NOT CONNECTED	0.0000	500.0000	0.0000	0.0000	0.0000	0.0000	0.0931	0.0531	-1.2223	-0.1163	-1.2260	-0.0670	0.0000	0.0000	321.4177	0.0000	82.2971	1.2279	0.0059	62.1624
11.2524	0.0000	-0.0410	0.0148	0.0000	0.6780	-0.0400	230.9280	0.0000	1.3100	61.2530	NOT CONNECTED	0.0000	500.0000	0.0000	0.0000	0.0000	0.0000	0.0931	0.0531	-1.2223	-0.1163	-1.2260	-0.0670	0.0000	0.0000	321.4177	0.0000	82.2971	1.2279	0.0059	62.1624
11.8582	0.0000	-0.0410	0.0147	0.0000	0.6780	-0.0400	230.8750	0.0000	1.3100	61.2560	NOT CONNECTED	0.0000	500.0000	0.0000	0.0000	0.0000	0.0000	0.0931	0.0531	-1.2223	-0.1163	-1.2260	-0.0670	0.0000	0.0000	321.3947	0.0000	82.2756	1.2279	0.0053	62.1412
11.8977	0.0000	-0.0410	0.0147	0.0000	0.6780	-0.0400	230.8750	0.0000	1.3100	61.2560	NOT CONNECTED	0.0000	500.0000	0.0000	0.0000	0.0000	0.0000	0.0931	0.0531	-1.2223	-0.1163	-1.2260	-0.0670	0.0000	0.0000	321.3947	0.0000	82.2756	1.2279	0.0053	62.1412
12.4634	0.0000	-0.0410	0.0147	0.0000	0.6780	-0.0400	230.8750	0.0000	1.3100	61.2560	NOT CONNECTED	0.0000	500.0000	0.0000	0.0000	0.0000	0.0000	0.0931	0.0531	-1.2223	-0.1163	-1.2260	-0.0670	0.0000	0.0000	321.3081	0.0000	82.2553	1.2279	0.0051	62.1412
13.0702	0.0000	-0.0410	0.0147	0.0000	0.6780	-0.0400	230.8750	0.0000	1.3100	61.2560	NOT CONNECTED	0.0000	500.0000	0.0000	0.0000	0.0000	0.0000	0.0931	0.0531	-1.2223	-0.1163	-1.2260	-0.0670	0.0000	0.0000	321.2391	0.0000	82.2355	1.2279	0.0055	62.1200
13.6757	0.0000	-0.0410	0.0148	0.0000	0.6780	-0.0400	230.7170	0.0000	1.2900	61.0368	NOT CONNECTED	0.0000	500.0000	0.0000	0.0000	0.0000	0.0000	0.0931	0.0531	-1.2223	-0.1163	-1.2260	-0.0670	0.0000	0.0000	321.1836	0.0000	82.2155	1.2279	0.0052	62.0988
14.2813	0.0000	-0.0410	0.0148	0.0000	0.6780	-0.0400	230.7170	0.0000	1.2900	61.0368	NOT CONNECTED	0.0000	500.0000	0.0000	0.0000	0.0000	0.0000	0.0931	0.0531	-1.2223	-0.1163	-1.2260	-0.0670	0.0000	0.0000	321.1403	0.0000	82.1965	1.2279	0.0050	62.0988
14.4008	0.0000	-0.0410	0.0148	0.0000	0.6780	-0.0400	230.7170	0.0000	1.2900	61.0368	NOT CONNECTED	0.0000	500.0000	0.0000	0.0000	0.0000	0.0000	0.0931	0.0531	-1.2223	-0.1163	-1.2260	-0.0670	0.0000	0.0000	321.1403	0.0000	82.1965	1.2279	0.0050	62.0988
14.8866	0.0000	-0.0410	0.0147	0.0000	0.6780	-0.0400	230.6850	0.0000	1.2900	61.0130	NOT CONNECTED	0.0000	500.0000	0.0000	0.0000	0.0000	0.0000	0.0931	0.0531	-1.2223	-0.1163	-1.2260	-0.0670	0.0000	0.0000	321.0903	0.0000	82.1781	1.2279	0.0054	62.0777
15.1471	0.0000	-0.0410	0.0147	0.0000	0.6780	-0.0400	230.6850	0.0000	1.2900	61.0130	NOT CONNECTED	0.0000	500.0000	0.0000	0.0000	0.0000	0.0000	0.0931	0.0531	-1.2223	-0.1163	-1.2260	-0.0670	0.0000	0.0000	321.0903	0.0000	82.1781	1.2279	0.0054	62.0777
15.5082	0.0000	-0.0410	0.0147	0.0000	0.6780	-0.0400	230.6850	0.0000	1.2900	61.0130	NOT CONNECTED	2000.0000	500.0000	0.0000	0.0000	0.0000	0.0000	0.0931	0.0531	-1.2223	-0.1163	-1.2260	-0.0670	0.0000	0.0000	321.0375	0.0000	82.1591	1.2279	0.0053	62.0777
15.8949	0.0000	-0.0410	0.0148	0.0000	0.6780	-0.0400	230.6260	0.0000	1.2900	60.9912	NOT CONNECTED	2000.0000	500.0000	0.0000	0.0000	0.0000	0.0000	0.0931	0.0531	-1.2223	-0.1163	-1.2260	-0.0670	0.0000	0.0000	320.9604	0.0000	82.1412	1.2279	0.0054	62.0566
16.0974	0.0000	-0.0410	0.0148	0.0000	0.6780	-0.0400	230.6260	0.0000	1.2900	60.9912	NOT CONNECTED	2000.0000	500.0000	0.0000	0.0000	0.0000	0.0000	0.0931	0.0531	-1.2223	-0.1163	-1.2260	-0.0670	0.0000	0.0000	320.9604	0.0000	82.1412	1.2279	0.0054	62.0566
16.7193	0.0000	-0.0410	0.0148	0.0000	0.6780	-0.0400	230.6260	0.0000	1.2900	60.9912	NOT CONNECTED	2000.0000	500.0000	0.0000	0.0000	0.0000	0.0000	0.0931	0.0531	-1.2223	-0.1163	-1.2260	-0.0670	0.0000	0.0000	320.9414	0.0000	82.1236	1.2279	0.0054	62.0355
17.3258	0.0000	-0.0410	0.0148	0.0000	0.6770	-0.0400	230.5550	0.0000	1.3000	60.8970	NOT CONNECTED	2000.0000	500.0000	0.0000	0.0000	0.0000	0.0000	0.0931	0.0531	-1.2223	-0.1163	-1.2260	-0.0670	0.0000	0.0000	320.8995	0.0000	82.1060	1.2279	0.0051	62.0355
17.9305	0.0000	-0.0410	0.0148	0.0000	0.6770	-0.0400	230.5550	0.0000	1.3000	60.8970	NOT CONNECTED	2000.0000	500.0000	0.0000	0.0000	0.0000	0.0000	0.0931	0.0531	-1.2223	-0.1163	-1.2260	-0.0670	0.0000	0.0000	320.9035	0.0000	82.0888	1.2279	0.0055	62.0144
18.1516	0.0000	-0.0410	0.0148	0.0000	0.6770	-0.0400	230.5550	0.0000	1.3000	60.8970	NOT CONNECTED	2000.0000	500.0000	0.0000	0.0000	0.0000	0.0000	0.0931	0.0531	-1.2223	-0.1163	-1.2260	-0.0670	0.0000	0.0000	320.9035	0.0000	82.0888	1.2279	0.0055	62.0144
18.5368	0.0000	-0.0410	0.0148	0.0000	0.6770	-0.0400	230.5490	0.0000	1.3100	60.8418	NOT CONNECTED	2000.0000	500.0000	0.0000	0.0000	0.0000	0.0000	0.0931	0.0531	-1.2223	-0.1163	-1.2260	-0.0670	0.0000	0.0000	320.9211	0.0000	82.0712	1.2279	0.0054	62.0144
18.8818	0.0000	-0.0410	0.0148	0.0000	0.6770	-0.0400	230.5490	0.0000	1.3100	60.8418	NOT CONNECTED	2000.0000	500.0000	0.0000	0.0000	0.0000	0.0000	0.0931	0.0531	-1.2223	-0.1163	-1.2260	-0.0670	0.0000	0.0000	320.8737	0.0000	82.0544	1.2279	0.0057	61.9934
19.1416	0.0000	-0.0410	0.0148	0.0000	0.6770	-0.0400	230.5490	0.0000	1.3100	60.8418	NOT CONNECTED	2000.0000	500.0000	0.0000	0.0000	0.0000	0.0000	0.0931	0.0531	-1.2223	-0.1163	-1.2260	-0.0670	0.0000	0.0000	320.8737	0.0000	82.0544	1.2279	0.0057	61.9934
19.6184	0.0000	-0.0410	0.0148	0.0000	0.6770	-0.0400	230.5530	0.0000	1.3100	60.8048	NOT CONNECTED	2000.0000	500.0000	0.0000	0.0000	0.0000	0.0000	0.0931	0.0531	-1.2223	-0.1163	-1.2260	0.0000	1.1200	0.0000	316.1644	0.0000	82.0368	1.2279	0.0055	61.9725
19.7628	0.0000	-0.0410	0.0148	0.0000	0.6770	-0.0400	230.5530	0.0000	1.3100	60.8048	NOT CONNECTED	2000.0000	500.0000	0.0000	0.0000	0.0000	0.0000	0.0931	0.0531	-1.2223	-0.1163	-1.2260	0.0000	1.1200	0.0000	316.1644	0.0000	82.0368	1.2279	0.0055	61.9725
20.3689	43.0000	0.0600	0.2361	0.0000	3.0130	1.5700	230.5700	0.0547	3.7200	60.7633	NOT CONNECTED	2000.0000	500.0000	0.0000	6.2414	-0.0731	0.0000	0.1539	0.0531	2.0258	-0.0775	2.0267	-0.0627	15.3300	0.0000	308.6495	46.5829	82.0463	2.0193	0.8641	61.9725
20.9587	0.0000	-0.0410	1.3474	0.0000	14.0120	43.1000	230.5380	0.4085	57.3600	60.7369	NOT CONNECTED	2000.0000	500.0000	0.0000	-0.0374	-0.0215	0.0000	0.1715	0.0531	3.0262	-0.0191	3.0460	-0.0447	22.2249	0.0000	301.4901	101.2819	82.3065	3.0303	1.9506	61.9528
21.1200	0.0000	-0.0410	1.3474	0.0000	14.0120	43.1000	230.5380	0.4085	57.3600	60.7369	NOT CONNECTED	2000.0000	500.0000	0.0000	-0.0374	-0.0215	0.0000	0.1715	0.0531	3.0262	-0.0191	3.0460	-0.0447	22.2249	0.0000	301.4901	101.2819	82.3065	3.0303	1.9506	61.9528
21.5638	0.0000	-0.0410	2.0217	0.0000	21.1110	97.0000	230.5530	0.7949	121.2200	60.8117	NOT CONNECTED	2000.0000	500.0000	0.0000	-0.0789	-0.0207	0.0000	0.1720	0.0531	3.0584	-0.0181	3.0379	-0.0374	19.6549	0.0000	301.7229	101.5471	82.9057	3.0303	2.1488	61.9528
21.8612	0.0000	-0.0410	2.0217	0.0000	21.1110	97.0000	230.5530	0.7949	121.2200	60.8117	NOT CONNECTED	2000.0000	500.0000	0.0000	-0.0789	-0.0207	0.0000	0.1720	0.0531	3.0584	-0.0181	3.0379	-0.0374	19.6549	0.0000	301.7229	101.5471	82.9057	3.0303	2.1488	61.9528
22.1694	0.0000	-0.0410	2.0217	0.0000	21.1110	97.0000	230.5530	0.7949	121.2200	60.8117	NOT CONNECTED	2000.0000	500.0000	0.0000	0.0644	0.0079	0.0000	0.1419	0.1117	0.9433	0.0125	0.9190	0.0144	8.4888	0.3477	316.1330	7.1686	83.2612	0.9432	0.6785	62.0700
22.6149	34.0000	-0.0760	0.6291	0.0000	6.9050	9.6100	230.6880	0.1423	17.2300	60.8405	NOT CONNECTED	2000.0000	500.0000	0.0000	141.8636	0.3165	0.2901	0.1116	0.1117	1.0261	0.4617	0.9261	0.5743	7.0135	12.0818	314.2966	18.3575	83.3554	1.1027	0.7602	62.2614
22.7744	34.0000	-0.0760	0.6291	0.0000	6.9050	9.6100	230.6880	0.1423	17.2300	60.8405	NOT CONNECTED	2000.0000	500.0000	0.0000	141.8636	0.3165	0.2901	0.1116	0.1117	1.0261	0.4617	0.9261	0.5743	7.0135	12.0818	314.2966	18.3575	83.3554	1.1027	0.7602	62.2614
23.3807	350.0000	-0.1120	0.6331	0.0000	16.7150	12.0700	230.6660	0.1724	21.4900	60.9051	NOT CONNECTED	2000.0000	500.0000	0.0000	476.3304	0.1245	0.1475	0.0935	0.0934	0.3289	0.2221	0.3224	0.2752	1.8635	21.5266	316.5722	8.5153	83.2862	0.4218	0.2746	62.2614
23.3882	350.0000	-0.1120	0.6331	0.0000	16.7150	12.0700	230.6660	0.1724	21.4900	60.9051	NOT CONNECTED	2000.0000	500.0000	0.0000	476.3304	0.1245	0.1475	0.0935	0.0934	0.3289	0.2221	0.3224	0.2752	1.8635	21.5266	316.5722	8.5153	83.2862	0.4218	0.2746	62.2614
23.9865	731.0000	-0.1120	0.2933	0.0000	25.6040	8.3300	230.6940	0.1219	14.5200	60.9572	NOT CONNECTED	2000.0000	500.0000	0.0000	780.5561	0.1311	0.1428	0.0934	0.0934	0.3011	0.2353	0.3297	0.2832	2.1911	33.5227	315.2815	12.9205	83.1689	0.4375	0.3010	62.2720
24.1230	731.0000	-0.1120	0.2933	0.0000	25.6040	8.3300	230.6940	0.1219	14.5200	60.9572	NOT CONNECTED	2000.0000	500.0000	0.0000	780.5561	0.1311	0.1428	0.0934	0.0934	0.3011	0.2353	0.3297	0.2832	2.1911	33.5227	315.2815	12.9205	83.1689	0.4375	0.3010	62.2720
24.5758	1097.0000	-0.1120	0.3104	0.0000	49.3840	16.0700	230.7400	0.1838	23.1900	60.9838	NOT CONNECTED	2000.0000	500.0000	0.0000	1074.4263	0.1250	0.1535	0.0936	0.0934	0.3686	0.2193	0.2924	0.3170	1.8230	44.8994	314.2560	18.1049	83.0648	0.4016	0.3129	62.2720
24.8820	1097.0000	-0.1120	0.3104	0.0000	49.3840	16.0700	230.7400	0.1838	23.1900	60.9838	NOT CONNECTED	2000.0000	500.0000	0.0000	1363.4261	0.1272	0.1850	0.0937	0.0934	0.3696	0.2269	0.3391	0.2519	1.9569	56.6029	313.1832	23.2518	82.9753	0.4297	0.3190	62.2562
25.1817	1097.0000	-0.1120	0.3104	0.0000	49.3840	16.0700	230.7400	0.1838	23.1900	60.9838	NOT CONNECTED	2000.0000	500.0000	0.0000	1363.4261	0.1272	0.1850	0.0937	0.0934	0.3696	0.2269	0.3391	0.2519	1.9569	56.6029	313.1832	23.2518	82.9753	0.4297	0.3190	62.2562
25.6176	1475.0000	-0.1130	0.3169	0.0000	61.5110	20.3000	230.7630	0.2155	27.7300	61.0311	NOT CONNECTED	2000.0000	500.0000	0.0000	1674.6786	0.1406	0.1487	0.0935	0.0934	0.3431	0.2439	0.3079	0.2878	2.2220	69.0510	312.3445	27.8875	82.8880	0.4133	0.3226	62.2412
25.7872	1475.0000	-0.1130	0.3169	0.0000	61.5110	20.3000	230.7630	0.2155	27.7300	61.0311	NOT CONNECTED	2000.0000	500.0000	0.0000	1674.6786	0.1406	0.1487	0.0935	0.0934	0.3431	0.2439	0.3079	0.2878	2.2220	69.0510	312.3445	27.8875	82.8880	0.4133	0.3226	62.2412
26.3893	1853.0000	-0.1160	0.3248	0.0000	85.4960	28.7500	230.8060	0.2775	36.9400	61.0649	NOT CONNECTED	2000.0000	500.0000	0.0000	1979.6118	0.1586	0.1411	0.0934	0.0936	0.3988	0.2765	0.3434	0.1705	1.8797	78.9617	311.3301	33.3651	82.8126	0.4586	0.3291	62.2412
26.3927	1853.0000	-0.1160	0.3248	0.0000	85.4960	28.7500	230.8060	0.2775	36.9400	61.0649	NOT CONNECTED	2000.0000	500.0000	0.0000	1979.6118	0.1586	0.1411	0.0934	0.0936	0.3988	0.2765	0.3434	0.1705	1.8797	78.9617	311.3301	33.3651	82.8126	0.4586	0.3291	62.2412
26.9983	2006.0000	-0.0420	0.3173	0.0000	96.9520	29.4400	230.8270	0.2941	39.2800	61.0738	NOT CONNECTED	2000.0000	500.0000	0.0000	2009.3857	0.0589	0.0375	0.0929	0.0930	0.3948	0.0983	0.4105	0.0887	1.9369	78.5233	315.2301	12.9445	82.7423	0.4175	0.2676	62.2274
27.1252	2006.0000	-0.0420	0.3173	0.0000	96.9520	29.4400	230.8270	0.2941	39.2800	61.0738	NOT CONNECTED	2000.0000	500.0000	0.0000	2009.3857	0.0589	0.0375	0.0929	0.0930	0.3948	0.0983	0.4105	0.0887	1.9369	78.5233	315.2301	12.9445	82.7423	0.4175	0.2676	62.2274
27.5877	2002.0000	-0.0480	0.2683	0.0000	96.1500	13.1700	230.8810	0.1697	21.0400	61.0939	NOT CONNECTED	2000.0000	500.0000	0.0000	2000.8036	0.0779	0.0559	0.0930	0.0931	0.4031	0.1280	0.3208	0.0860	1.6432	79.3385	315.0515	13.3790	82.6749	0.3670	0.2658	62.2274
27.8775	2002.0000	-0.0480	0.2683	0.0000	96.1500	13.1700	230.8810	0.1697	21.0400	61.0939	NOT CONNECTED	2000.0000	500.0000	0.0000	2000.8036	0.0779	0.0559	0.0930	0.0931	0.4031	0.1280	0.3208	0.0860	1.6432	79.3385	315.0515	13.3790	82.6749	0.3670	0.2658	62.2274
28.1928	2002.0000	-0.0480	0.2683	0.0000	96.1500	13.1700	230.8810	0.1697	21.0400	61.0939	NOT CONNECTED	2000.0000	500.0000	0.0000	1996.3118	0.0365	0.0714	0.0931	0.0929	0.3270	0.0685	0.3907	0.1146	0.8210	78.3045	315.0732	12.8148	82.6139	0.4096	0.2704	62.2127
28.6199	2003.0000	-0.0480	0.2681	0.0000	96.1090	13.2700	230.8970	0.1704	21.1400	61.1455	NOT CONNECTED	2000.0000	500.0000	0.0000	1993.3717	0.0473	0.0824	0.0931	0.0929	0.3533	0.0817	0.2919	0.1254	2.4004	78.7512	315.0651	13.5337	82.5583	0.3355	0.2702	62.1969
28.7989	2003.0000	-0.0480	0.2681	0.0000	96.1090	13.2700	230.8970	0.1704	21.1400	61.1455	NOT CONNECTED	2000.0000	500.0000	0.0000	1993.3717	0.0473	0.0824	0.0931	0.0929	0.3533	0.0817	0.2919	0.1254	2.4004	78.7512	315.0651	13.5337	82.5583	0.3355	0.2702	62.1969
29.3896	2003.0000	-0.0490	0.2684	0.0000	96.1080	13.3100	230.9320	0.1709	21.2700	61.1244	NOT CONNECTED	2000.0000	500.0000	0.0000	1995.4466	0.0564	0.0747	0.0931	0.0930	0.4080	0.1014	0.4041	0.1149	2.4695	77.9601	315.0705	13.6940	82.5074	0.4324	0.2704	62.1969
29.4039	2003.0000	-0.0490	0.2684	0.0000	96.1080	13.3100	230.9320	0.1709	21.2700	61.1244	NOT CONNECTED	2000.0000	500.0000	0.0000	1995.4466	0.0564	0.0747	0.0931	0.0930	0.4080	0.1014	0.4041	0.1149	2.4695	77.9601	315.0705	13.6940	82.5074	0.4324	0.2704	62.1969
30.0095	1999.0000	-0.0500	0.2688	0.0000	96.1160	13.3000	230.9450	0.1707	21.2500	61.1100	NOT CONNECTED	2000.0000	500.0000	0.0000	2002.8482	0.0693	0.0465	0.0929	0.0931	0.3079	0.1301	0.3554	0.1367	1.7732	78.2417	315.1003	12.9837	82.4589	0.4386	0.2704	62.1811
30.2441	1999.0000	-0.0500	0.2688	0.0000	96.1160	13.3000	230.9450	0.1707	21.2500	61.1100	NOT CONNECTED	2000.0000	500.0000	0.0000	2002.8482	0.0693	0.0465	0.0929	0.0931	0.3079	0.1301	0.3554	0.1367	1.7732	78.2417	315.1003	12.9837	82.4589	0.4386	0.2704	62.1811
30.6154	1999.0000	-0.0500	0.2688	0.0000	96.1160	13.3000	230.9450	0.1707	21.2500	61.1100	NOT CONNECTED	2000.0000	500.0000	0.0000	1998.8276	0.0494	0.0619	0.0931	0.0930	0.3119	0.0951	0.3171	0.1715	1.5776	77.9088	315.1097	12.8587	82.4159	0.3232	0.2679	62.1655
30.9900	2003.0000	-0.0490	0.2689	0.0000	96.1260	13.3100	230.9680	0.1707	21.2100	61.1000	NOT CONNECTED	2000.0000	500.0000	0.0000	2006.0383	0.0452	0.0343	0.0929	0.0929	0.3688	0.0844	0.3551	0.1187	2.0562	77.6217	315.1286	12.9170	82.3763	0.4043	0.2702	62.1655
31.2202	2003.0000	-0.0490	0.2689	0.0000	96.1260	13.3100	230.9680	0.1707	21.2100	61.1000	NOT CONNECTED	2000.0000	500.0000	0.0000	2006.0383	0.0452	0.0343	0.0929	0.0929	0.3688	0.0844	0.3551	0.1187	2.0562	77.6217	315.1286	12.9170	82.3763	0.4043	0.2702	62.1655
31.8783	1997.0000	-0.0490	0.2682	0.0000	96.1080	13.3100	230.9750	0.1706	21.2100	61.0797	NOT CONNECTED	2000.0000	500.0000	0.0000	1998.9117	0.0729	0.0640	0.0931	0.0931	0.4117	0.1227	0.3303	0.0768	2.5928	77.8969	314.8797	14.4773	82.3099	0.3803	0.2711	62.1497
32.3366	2000.0000	-0.0530	0.2693	0.0000	96.1280	13.7100	230.9820	0.1735	21.6400	61.0518	NOT CONNECTED	2000.0000	500.0000	0.0000	1998.9117	0.0729	0.0640	0.0931	0.0931	0.4117	0.1227	0.3303	0.0768	2.5928	77.8969	314.8797	14.4773	82.3099	0.3803	0.2711	62.1497
32.6159	2000.0000	-0.0530	0.2693	0.0000	96.1280	13.7100	230.9820	0.1735	21.6400	61.0518	NOT CONNECTED	2000.0000	500.0000	0.0000	1998.9117	0.0729	0.0640	0.0931	0.0931	0.4117	0.1227	0.3303	0.0768	2.5928	77.8969	314.8797	14.4773	82.3099	0.3803	0.2711	62.1497
32.9422	2000.0000	-0.0530	0.2693	0.0000	96.1280	13.7100	230.9820	0.1735	21.6400	61.0518	NOT CONNECTED	2000.0000	500.0000	0.0000	1995.1104	0.0830	0.0813	0.0931	0.0932	0.2950	0.1710	0.3727	0.0822	1.9567	78.1730	314.7742	14.4676	82.2781	0.4142	0.2727	62.1340
33.3898	1998.0000	-0.0540	0.2714	0.0000	96.2060	14.7800	230.9850	0.1806	22.6800	61.0378	NOT CONNECTED	2000.0000	500.0000	0.0000	1999.0931	0.0594	0.0693	0.0931	0.0930	0.3073	0.1178	0.3128	0.1711	1.6071	80.3704	314.6254	15.2497	82.2483	0.3592	0.2731	62.1340
33.5480	1998.0000	-0.0540	0.2714	0.0000	96.2060	14.7800	230.9850	0.1806	22.6800	61.0378	NOT CONNECTED	2000.0000	500.0000	0.0000	1999.0931	0.0594	0.0693	0.0931	0.0930	0.3073	0.1178	0.3128	0.1711	1.6071	80.3704	314.6254	15.2497	82.2483	0.3592	0.2731	62.1340
34.1526	2003.0000	-0.0560	0.2723	0.0000	96.2460	15.3500	230.9840	0.1849	23.3100	61.0069	NOT CONNECTED	2000.0000	500.0000	0.0000	1995.9459	0.0477	0.0857	0.0932	0.0930	0.4116	0.0813	0.3117	0.1759	1.9459	77.8539	314.3251	16.9364	82.2206	0.3345	0.2765	62.1185
34.2340	2003.0000	-0.0560	0.2723	0.0000	96.2460	15.3500	230.9840	0.1849	23.3100	61.0069	NOT CONNECTED	2000.0000	500.0000	0.0000	1995.9459	0.0477	0.0857	0.0932	0.0930	0.4116	0.0813	0.3117	0.1759	1.9459	77.8539	314.3251	16.9364	82.2206	0.3345	0.2765	62.1185
34.7591	1999.0000	-0.0690	0.2792	0.0000	96.4340	18.0100	230.9760	0.2027	25.9400	60.9428	NOT CONNECTED	2000.0000	500.0000	0.0000	2001.7411	0.1235	0.0730	0.0930	0.0933	0.3876	0.2155	0.3200	0.1253	2.3177	78.4824	313.8854	19.3620	82.1939	0.3556	0.2807	62.1030
34.9866	1999.0000	-0.0690	0.2792	0.0000	96.4340	18.0100	230.9760	0.2027	25.9400	60.9428	NOT CONNECTED	2000.0000	500.0000	0.0000	2001.7411	0.1235	0.0730	0.0930	0.0933	0.3876	0.2155	0.3200	0.1253	2.3177	78.4824	313.8854	19.3620	82.1939	0.3556	0.2807	62.1030
35.3642	2000.0000	-0.0900	0.2849	0.0000	96.5940	20.0400	230.9680	0.2179	28.0600	60.9308	NOT CONNECTED	2000.0000	500.0000	0.0000	2003.8168	0.0831	0.0766	0.0931	0.0932	0.3424	0.1430	0.3436	0.2603	2.5818	79.9487	313.2684	21.6469	82.1701	0.4389	0.2900	62.1030
35.7284	2000.0000	-0.0900	0.2849	0.0000	96.5940	20.0400	230.9680	0.2179	28.0600	60.9308	NOT CONNECTED	2000.0000	500.0000	0.0000	1990.2523	0.1084	0.1391	0.0934	0.0932	0.4241	0.1787	0.3949	0.2182	2.0424	80.6555	312.9397	24.4597	82.1482	0.4637	0.2961	62.0877
35.9698	2000.0000	-0.0900	0.2849	0.0000	96.5940	20.0400	230.9680	0.2179	28.0600	60.9308	NOT CONNECTED	2000.0000	500.0000	0.0000	1990.2523	0.1084	0.1391	0.0934	0.0932	0.4241	0.1787	0.3949	0.2182	2.0424	80.6555	312.9397	24.4597	82.1482	0.4637	0.2961	62.0877
36.5756	1995.0000	-0.1070	0.2962	0.0000	96.9150	23.8600	230.9540	0.2443	32.1300	60.9153	NOT CONNECTED	2000.0000	500.0000	0.0000	2000.3672	0.1362	0.1133	0.0933	0.0934	0.4081	0.2346	0.3341	0.2251	1.8346	78.3094	312.2254	28.6328	82.1277	0.4369	0.3066	62.0877
36.6195	1995.0000	-0.1070	0.2962	0.0000	96.9150	23.8600	230.9540	0.2443	32.1300	60.9153	NOT CONNECTED	2000.0000	500.0000	0.0000	2000.3672	0.1362	0.1133	0.0933	0.0934	0.4081	0.2346	0.3341	0.2251	1.8346	78.3094	312.2254	28.6328	82.1277	0.4369	0.3066	62.0877
37.1810	1996.0000	-0.1260	0.3179	0.0000	97.3550	30.4600	230.9310	0.2893	38.8300	60.8939	NOT CONNECTED	2000.0000	500.0000	0.0000	1988.4937	0.1510	0.1786	0.0937	0.0935	0.3482	0.2814	0.3805	0.3555	1.8433	80.0655	311.4179	32.7214	82.1086	0.4612	0.3203	62.0730
37.3931	1996.0000	-0.1260	0.3179	0.0000	97.3550	30.4600	230.9310	0.2893	38.8300	60.8939	NOT CONNECTED	2000.0000	500.0000	0.0000	1988.4937	0.1510	0.1786	0.0937	0.0935	0.3482	0.2814	0.3805	0.3555	1.8433	80.0655	311.4179	32.7214	82.1086	0.4612	0.3203	62.0730
37.7869	1996.0000	-0.1260	0.3179	0.0000	97.3550	30.4600	230.9310	0.2893	38.8300	60.8939	NOT CONNECTED	2000.0000	500.0000	0.0000	1998.3821	0.1418	0.1599	0.0935	0.0935	0.3713	0.2568	0.2770	0.3333	1.6919	78.0001	310.8405	36.4550	82.0924	0.4252	0.3336	62.0587
38.2485	2000.0000	-0.1550	0.3306	0.0000	97.6380	33.8800	230.9190	0.3135	42.4700	60.8420	NOT CONNECTED	2000.0000	500.0000	0.0000	2001.8172	0.2138	0.1695	0.0935	0.0939	0.4286	0.3725	0.3399	0.3573	2.3663	80.8580	309.7667	42.6415	82.0779	0.4943	0.3596	62.0587
38.3920	2000.0000	-0.1550	0.3306	0.0000	97.6380	33.8800	230.9190	0.3135	42.4700	60.8420	NOT CONNECTED	2000.0000	500.0000	0.0000	2001.8172	0.2138	0.1695	0.0935	0.0939	0.4286	0.3725	0.3399	0.3573	2.3663	80.8580	309.7667	42.6415	82.0779	0.4943	0.3596	62.0587
38.9821	1997.0000	-0.1890	0.3639	0.0000	98.2140	42.2900	230.8890	0.3695	51.3000	60.8301	NOT CONNECTED	2000.0000	500.0000	0.0000	2002.5235	0.1951	0.1916	0.0938	0.0938	0.3591	0.3477	0.3324	0.4671	2.0584	80.7517	309.0419	47.9332	82.0664	0.5430	0.3779	62.0455
39.0009	1997.0000	-0.1890	0.3639	0.0000	98.2140	42.2900	230.8890	0.3695	51.3000	60.8301	NOT CONNECTED	2000.0000	500.0000	0.0000	2002.5235	0.1951	0.1916	0.0938	0.0938	0.3591	0.3477	0.3324	0.4671	2.0584	80.7517	309.0419	47.9332	82.0664	0.5430	0.3779	62.0455
39.5877	1996.0000	-0.2110	0.3811	0.0000	98.5450	46.4400	230.8720	0.3979	55.6900	60.7797	0.0000	2000.0000	500.0000	0.0000	1987.0328	0.2631	0.2692	0.0942	0.0942	0.3960	0.4816	0.2747	0.4174	2.1506	79.8669	308.5145	51.5743	82.0572	0.5632	0.3908	62.0455
39.7428	1996.0000	-0.2110	0.3811	0.0000	98.5450	46.4400	230.8720	0.3979	55.6900	60.7797	0.0000	2000.0000	500.0000	0.0000	1987.0328	0.2631	0.2692	0.0942	0.0942	0.3960	0.4816	0.2747	0.4174	2.1506	79.8669	308.5145	51.5743	82.0572	0.5632	0.3908	62.0455
40.1932	1999.0000	-0.2220	0.4029	0.0000	98.9810	51.4600	230.8350	0.4317	61.0600	60.8050	0.0000	2000.0000	500.0000	0.0000	1997.1243	0.2228	0.2429	0.0941	0.0939	0.3847	0.3897	0.3469	0.5082	1.8877	81.9991	308.2549	52.8034	82.0490	0.6066	0.4054	62.0340
40.4741	1999.0000	-0.2220	0.4029	0.0000	98.9810	51.4600	230.8350	0.4317	61.0600	60.8050	0.0000	2000.0000	500.0000	0.0000	1997.1243	0.2228	0.2429	0.0941	0.0939	0.3847	0.3897	0.3469	0.5082	1.8877	81.9991	308.2549	52.8034	82.0490	0.6066	0.4054	62.0340
40.7986	1999.0000	-0.2220	0.4029	0.0000	98.9810	51.4600	230.8350	0.4317	61.0600	60.8050	0.0000	2000.0000	500.0000	0.0000	1998.9260	0.2259	0.2430	0.0940	0.0939	0.3967	0.4095	0.2892	0.4772	2.2468	82.6548	308.0805	53.6909	82.0417	0.5478	0.4112	62.0238
41.2272	2001.0000	-0.2290	0.4086	0.0000	99.1090	52.6700	230.8140	0.4393	62.2600	60.7428	0.0000	2000.0000	500.0000	0.0000	2004.8691	0.2669	0.2245	0.0939	0.0942	0.4384	0.4720	0.3307	0.4590	2.5532	82.3549	307.9331	54.2857	82.0343	0.5655	0.4144	62.0238
41.4043	2001.0000	-0.2290	0.4086	0.0000	99.1090	52.6700	230.8140	0.4393	62.2600	60.7428	0.0000	2000.0000	500.0000	0.0000	2004.8691	0.2669	0.2245	0.0939	0.0942	0.4384	0.4720	0.3307	0.4590	2.5532	82.3549	307.9331	54.2857	82.0343	0.5655	0.4144	62.0238
41.9724	2002.0000	-0.2320	0.4137	0.0000	99.2200	53.8700	230.7690	0.4483	63.6400	60.6940	0.0000	2000.0000	500.0000	0.0000	2004.6578	0.2590	0.2277	0.0939	0.0941	0.3460	0.4652	0.3276	0.5134	2.9940	82.2095	307.8750	54.6399	82.0267	0.5588	0.4157	62.0142
42.0098	2002.0000	-0.2320	0.4137	0.0000	99.2200	53.8700	230.7690	0.4483	63.6400	60.6940	0.0000	2000.0000	500.0000	0.0000	2004.6578	0.2590	0.2277	0.0939	0.0941	0.3460	0.4652	0.3276	0.5134	2.9940	82.2095	307.8750	54.6399	82.0267	0.5588	0.4157	62.0142
42.6147	1997.0000	-0.2310	0.4144	0.0000	99.2120	54.1600	230.7470	0.4498	63.9200	60.6870	1.0000	2000.0000	500.0000	0.0000	2000.3484	0.2252	0.2464	0.0940	0.0939	0.3727	0.3948	0.3776	0.5224	2.3312	81.9553	307.8141	55.8871	82.0188	0.6188	0.4177	62.0051
42.7122	1997.0000	-0.2310	0.4144	0.0000	99.2120	54.1600	230.7470	0.4498	63.9200	60.6870	1.0000	2000.0000	500.0000	0.0000	2000.3484	0.2252	0.2464	0.0940	0.0939	0.3727	0.3948	0.3776	0.5224	2.3312	81.9553	307.8141	55.8871	82.0188	0.6188	0.4177	62.0051
43.2196	1997.0000	-0.2310	0.4144	0.0000	99.2120	54.1600	230.7470	0.4498	63.9200	60.6870	1.0000	2000.0000	500.0000	0.0000	2001.1946	0.2349	0.2441	0.0941	0.0940	0.3515	0.4279	0.2494	0.4587	2.2690	81.4198	307.7682	55.6528	82.0108	0.5380	0.4191	62.0051
43.8255	2000.0000	-0.2340	0.4186	0.0000	99.3090	55.0200	230.6760	0.4562	64.8800	60.6732	1.0000	2000.0000	500.0000	0.0000	1993.6593	0.2601	0.2736	0.0942	0.0941	0.4010	0.4549	0.3052	0.5074	2.8178	83.9448	307.6788	55.6256	82.0027	0.5654	0.4205	61.9961
43.9720	2000.0000	-0.2340	0.4186	0.0000	99.3090	55.0200	230.6760	0.4562	64.8800	60.6732	1.0000	2000.0000	500.0000	0.0000	1993.6593	0.2601	0.2736	0.0942	0.0941	0.4010	0.4549	0.3052	0.5074	2.8178	83.9448	307.6788	55.6256	82.0027	0.5654	0.4205	61.9961
44.4316	2003.0000	-0.2340	0.4197	0.0000	99.3560	55.1000	230.6530	0.4565	64.9400	60.6492	1.0000	2000.0000	500.0000	0.0000	2000.1159	0.2517	0.2497	0.0940	0.0940	0.3404	0.4573	0.2499	0.4826	1.4669	83.5249	307.6654	55.2778	81.9939	0.5382	0.4214	61.9961
44.7047	2003.0000	-0.2340	0.4197	0.0000	99.3560	55.1000	230.6530	0.4565	64.9400	60.6492	1.0000	2000.0000	500.0000	0.0000	2000.1159	0.2517	0.2497	0.0940	0.0940	0.3404	0.4573	0.2499	0.4826	1.4669	83.5249	307.6654	55.2778	81.9939	0.5382	0.4214	61.9961
45.0373	2003.0000	-0.2340	0.4197	0.0000	99.3560	55.1000	230.6530	0.4565	64.9400	60.6492	1.0000	2000.0000	500.0000	0.0000	1997.9005	0.2322	0.2581	0.0941	0.0939	0.3840	0.4073	0.3365	0.5189	2.2810	82.8873	307.6436	55.7941	81.9851	0.6376	0.4205	61.9870
45.4437	1998.0000	-0.2340	0.4197	0.0000	99.3580	55.0800	230.6100	0.4566	64.9200	60.6351	1.0000	2000.0000	500.0000	0.0000	2004.9067	0.2552	0.2316	0.0940	0.0941	0.4237	0.4655	0.3330	0.4920	1.7375	81.6609	307.6357	56.6845	81.9760	0.5872	0.4214	61.9783
45.6433	1998.0000	-0.2340	0.4197	0.0000	99.3580	55.0800	230.6100	0.4566	64.9200	60.6351	1.0000	2000.0000	500.0000	0.0000	2004.9067	0.2552	0.2316	0.0940	0.0941	0.4237	0.4655	0.3330	0.4920	1.7375	81.6609	307.6357	56.6845	81.9760	0.5872	0.4214	61.9783
46.1961	1998.0000	-0.2360	0.4201	0.0000	99.3570	55.1100	230.5900	0.4574	65.0200	60.6316	1.0000	2000.0000	500.0000	0.0000	2000.0370	0.2868	0.2499	0.0941	0.0942	0.3574	0.5108	0.3734	0.4764	2.3629	81.8516	307.6274	56.3291	81.9666	0.6619	0.4219	61.9783
46.2478	1998.0000	-0.2360	0.4201	0.0000	99.3570	55.1100	230.5900	0.4574	65.0200	60.6316	1.0000	2000.0000	500.0000	0.0000	2000.0370	0.2868	0.2499	0.0941	0.0942	0.3574	0.5108	0.3734	0.4764	2.3629	81.8516	307.6274	56.3291	81.9666	0.6619	0.4219	61.9783
46.8539	2000.0000	-0.2340	0.4200	0.0000	99.3700	55.0700	230.5580	0.4566	64.8600	60.5851	1.0000	2000.0000	500.0000	0.0000	2006.1549	0.2341	0.2268	0.0939	0.0940	0.3532	0.4077	0.3116	0.5511	2.8056	83.1036	307.5651	55.5559	81.9571	0.5824	0.4211	61.9695
46.9409	2000.0000	-0.2340	0.4200	0.0000	99.3700	55.0700	230.5580	0.4566	64.8600	60.5851	1.0000	2000.0000	500.0000	0.0000	2006.1549	0.2341	0.2268	0.0939	0.0940	0.3532	0.4077	0.3116	0.5511	2.8056	83.1036	307.5651	55.5559	81.9571	0.5824	0.4211	61.9695
47.4586	2005.0000	-0.2340	0.4200	0.0000	99.3590	55.1400	230.5470	0.4573	64.9700	60.6141	1.0000	2000.0000	500.0000	0.0000	2003.6636	0.2243	0.2365	0.0940	0.0939	0.4011	0.3883	0.2689	0.4863	1.9132	80.3739	307.5760	55.7964	81.9475	0.5668	0.4213	61.9695
47.6751	2005.0000	-0.2340	0.4200	0.0000	99.3590	55.1400	230.5470	0.4573	64.9700	60.6141	1.0000	2000.0000	500.0000	0.0000	2003.6636	0.2243	0.2365	0.0940	0.0939	0.4011	0.3883	0.2689	0.4863	1.9132	80.3739	307.5760	55.7964	81.9475	0.5668	0.4213	61.9695
48.0649	1999.0000	-0.2330	0.4199	0.0000	99.3410	55.1700	230.5290	0.4575	65.0400	60.5567	2.0000	2000.0000	500.0000	0.0000	2000.4557	0.2333	0.2485	0.0940	0.0940	0.4420	0.4073	0.2728	0.5166	1.3632	79.9371	307.6206	55.9094	81.9371	0.5534	0.4212	61.9606
48.4156	1999.0000	-0.2330	0.4199	0.0000	99.3410	55.1700	230.5290	0.4575	65.0400	60.5567	2.0000	2000.0000	500.0000	0.0000	2000.5868	0.2714	0.2482	0.0940	0.0942	0.3416	0.4814	0.2246	0.4887	1.9570	81.3087	307.6125	55.6904	81.9266	0.5344	0.4212	61.9519
48.6701	1999.0000	-0.2330	0.4199	0.0000	99.3410	55.1700	230.5290	0.4575	65.0400	60.5567	2.0000	2000.0000	500.0000	0.0000	2000.5868	0.2714	0.2482	0.0940	0.0942	0.3416	0.4814	0.2246	0.4887	1.9570	81.3087	307.6125	55.6904	81.9266	0.5344	0.4212	61.9519
49.2584	2001.0000	-0.2340	0.4198	0.0000	99.3400	55.1900	230.5210	0.4577	65.0500	60.5554	2.0000	2000.0000	500.0000	0.0000	2000.4230	0.2465	0.2488	0.0940	0.0940	0.3377	0.4313	0.2349	0.5243	2.2404	80.8983	307.6287	55.9619	81.9164	0.5386	0.4211	61.9519
49.2757	2001.0000	-0.2340	0.4198	0.0000	99.3400	55.1900	230.5210	0.4577	65.0500	60.5554	2.0000	2000.0000	500.0000	0.0000	2000.4230	0.2465	0.2488	0.0940	0.0940	0.3377	0.4313	0.2349	0.5243	2.2404	80.8983	307.6287	55.9619	81.9164	0.5386	0.4211	61.9519
49.8816	1998.0000	-0.2340	0.4196	0.0000	99.3320	55.1900	230.5150	0.4579	65.0800	60.5207	2.0000	2000.0000	500.0000	0.0000	2001.6499	0.2379	0.2440	0.0939	0.0940	0.3875	0.4255	0.2966	0.4987	2.0603	81.0959	307.5746	56.3818	81.9057	0.5499	0.4214	61.9431
50.0005	1998.0000	-0.2340	0.4196	0.0000	99.3320	55.1900	230.5150	0.4579	65.0800	60.5207	2.0000	2000.0000	500.0000	0.0000	2001.6499	0.2379	0.2440	0.0939	0.0940	0.3875	0.4255	0.2966	0.4987	2.0603	81.0959	307.5746	56.3818	81.9057	0.5499	0.4214	61.9431
50.4866	2000.0000	-0.2320	0.4197	0.0000	99.3480	55.1200	230.5120	0.4571	65.0000	60.5079	2.0000	2000.0000	500.0000	0.0000	2005.2525	0.2672	0.2302	0.0939	0.0942	0.4000	0.4738	0.3235	0.4484	2.2762	82.3623	307.6180	55.6442	81.8951	0.6056	0.4214	61.9431
50.7529	2000.0000	-0.2320	0.4197	0.0000	99.3480	55.1200	230.5120	0.4571	65.0000	60.5079	2.0000	2000.0000	500.0000	0.0000	2005.2525	0.2672	0.2302	0.0939	0.0942	0.4000	0.4738	0.3235	0.4484	2.2762	82.3623	307.6180	55.6442	81.8951	0.6056	0.4214	61.9431
51.0921	2000.0000	-0.2320	0.4197	0.0000	99.3480	55.1200	230.5120	0.4571	65.0000	60.5079	2.0000	2000.0000	500.0000	0.0000	2000.6002	0.2524	0.2477	0.0940	0.0940	0.3535	0.4471	0.2503	0.4741	2.3719	80.7060	307.6802	55.1488	81.8844	0.5276	0.4217	61.9342
51.4993	1999.0000	-0.2340	0.4197	0.0000	99.3630	55.0300	230.5230	0.4567	64.8800	60.5316	2.0000	2000.0000	500.0000	0.0000	1999.9200	0.2438	0.2501	0.0941	0.0940	0.3632	0.4351	0.3543	0.5709	2.1282	82.5524	307.7032	55.3896	81.8734	0.6253	0.4210	61.9256
51.6984	1999.0000	-0.2340	0.4197	0.0000	99.3630	55.0300	230.5230	0.4567	64.8800	60.5316	2.0000	2000.0000	500.0000	0.0000	1999.9200	0.2438	0.2501	0.0941	0.0940	0.3632	0.4351	0.3543	0.5709	2.1282	82.5524	307.7032	55.3896	81.8734	0.6253	0.4210	61.9256
52.2365	2002.0000	-0.2330	0.4197	0.0000	99.3680	55.0200	230.5300	0.4567	64.9200	60.4581	2.0000	2000.0000	500.0000	0.0000	2002.4789	0.2396	0.2402	0.0939	0.0940	0.3980	0.4242	0.2790	0.4949	2.3366	81.6468	307.6749	56.4900	81.8620	0.5490	0.4207	61.9256
52.3036	2002.0000	-0.2330	0.4197	0.0000	99.3680	55.0200	230.5300	0.4567	64.9200	60.4581	2.0000	2000.0000	500.0000	0.0000	2002.4789	0.2396	0.2402	0.0939	0.0940	0.3980	0.4242	0.2790	0.4949	2.3366	81.6468	307.6749	56.4900	81.8620	0.5490	0.4207	61.9256
52.9093	2001.0000	-0.2330	0.4194	0.0000	99.3620	55.0100	230.5450	0.4565	64.8400	60.4943	2.0000	2000.0000	500.0000	0.0000	2002.7425	0.2485	0.2393	0.0940	0.0940	0.4504	0.4233	0.2806	0.4401	2.0123	82.4243	307.6707	56.4954	81.8510	0.5540	0.4212	61.9168
52.9872	2001.0000	-0.2330	0.4194	0.0000	99.3620	55.0100	230.5450	0.4565	64.8400	60.4943	2.0000	2000.0000	500.0000	0.0000	2002.7425	0.2485	0.2393	0.0940	0.0940	0.4504	0.4233	0.2806	0.4401	2.0123	82.4243	307.6707	56.4954	81.8510	0.5540	0.4212	61.9168
53.5146	2000.0000	-0.2310	0.4192	0.0000	99.3560	55.0000	230.5600	0.4559	64.7700	60.4468	2.0000	2000.0000	500.0000	0.0000	2001.3674	0.2479	0.2447	0.0940	0.0940	0.3359	0.4370	0.3275	0.5171	2.5368	81.0083	307.7939	55.3880	81.8400	0.6402	0.4206	61.9168
53.7346	2000.0000	-0.2310	0.4192	0.0000	99.3560	55.0000	230.5600	0.4559	64.7700	60.4468	2.0000	2000.0000	500.0000	0.0000	2001.3674	0.2479	0.2447	0.0940	0.0940	0.3359	0.4370	0.3275	0.5171	2.5368	81.0083	307.7939	55.3880	81.8400	0.6402	0.4206	61.9168
54.1203	1999.0000	-0.2320	0.4194	0.0000	99.3540	55.0100	230.6010	0.4562	64.8600	60.4825	3.0000	2000.0000	500.0000	0.0000	2002.1228	0.2415	0.2418	0.0940	0.0940	0.3673	0.4291	0.3397	0.5396	2.7947	82.7564	307.8426	55.0309	81.8290	0.6125	0.4201	61.9080
54.4780	1999.0000	-0.2320	0.4194	0.0000	99.3540	55.0100	230.6010	0.4562	64.8600	60.4825	3.0000	2000.0000	500.0000	0.0000	1998.8714	0.2516	0.2542	0.0940	0.0940	0.4198	0.4496	0.3277	0.4616	3.3198	83.4108	307.9292	56.4242	81.8177	0.5972	0.4200	61.8993
54.7101	1999.0000	-0.2320	0.4194	0.0000	99.3540	55.0100	230.6010	0.4562	64.8600	60.4825	3.0000	2000.0000	500.0000	0.0000	1998.8714	0.2516	0.2542	0.0940	0.0940	0.4198	0.4496	0.3277	0.4616	3.3198	83.4108	307.9292	56.4242	81.8177	0.5972	0.4200	61.8993
55.2995	2003.0000	-0.2330	0.4195	0.0000	99.3600	55.0700	230.6390	0.4559	64.8500	60.4579	3.0000	2000.0000	500.0000	0.0000	2000.4743	0.2634	0.2479	0.0941	0.0941	0.3260	0.4696	0.2551	0.5163	2.4269	82.5853	307.9413	55.6172	81.8067	0.5428	0.4212	61.8993
55.3900	2003.0000	-0.2330	0.4195	0.0000	99.3600	55.0700	230.6390	0.4559	64.8500	60.4579	3.0000	2000.0000	500.0000	0.0000	2000.4743	0.2634	0.2479	0.0941	0.0941	0.3260	0.4696	0.2551	0.5163	2.4269	82.5853	307.9413	55.6172	81.8067	0.5428	0.4212	61.8993
55.9057	2002.0000	-0.2340	0.4192	0.0000	99.3610	54.9600	230.6650	0.4558	64.7400	60.4118	3.0000	2000.0000	500.0000	0.0000	1990.4398	0.2259	0.2859	0.0943	0.0939	0.3614	0.3985	0.3286	0.5625	2.4758	82.2358	307.9509	56.0445	81.7959	0.6523	0.4204	61.8905
56.1270	2002.0000	-0.2340	0.4192	0.0000	99.3610	54.9600	230.6650	0.4558	64.7400	60.4118	3.0000	2000.0000	500.0000	0.0000	1990.4398	0.2259	0.2859	0.0943	0.0939	0.3614	0.3985	0.3286	0.5625	2.4758	82.2358	307.9509	56.0445	81.7959	0.6523	0.4204	61.8905
56.5100	1998.0000	-0.2330	0.4187	0.0000	99.3520	54.8800	230.7050	0.4545	64.6400	60.3902	3.0000	2000.0000	500.0000	0.0000	2002.4404	0.2557	0.2402	0.0940	0.0941	0.4660	0.4466	0.2769	0.4735	2.8225	82.2528	308.0199	56.4403	81.7841	0.5567	0.4205	61.8905
56.8817	1998.0000	-0.2330	0.4187	0.0000	99.3520	54.8800	230.7050	0.4545	64.6400	60.3902	3.0000	2000.0000	500.0000	0.0000	2006.1721	0.2570	0.2259	0.0940	0.0941	0.3941	0.4531	0.3037	0.4799	2.4598	80.7144	308.1200	55.5765	81.7725	0.5558	0.4183	61.8817
57.1158	1998.0000	-0.2330	0.4187	0.0000	99.3520	54.8800	230.7050	0.4545	64.6400	60.3902	3.0000	2000.0000	500.0000	0.0000	2006.1721	0.2570	0.2259	0.0940	0.0941	0.3941	0.4531	0.3037	0.4799	2.4598	80.7144	308.1200	55.5765	81.7725	0.5558	0.4183	61.8817
57.6088	2003.0000	-0.2320	0.4182	0.0000	99.3340	54.8600	230.7300	0.4546	64.6500	60.4138	3.0000	2000.0000	500.0000	0.0000	1999.9230	0.2463	0.2495	0.0941	0.0940	0.3670	0.4469	0.3169	0.5136	1.6739	80.7253	308.1863	54.7688	81.7608	0.5959	0.4202	61.8731
57.7214	2003.0000	-0.2320	0.4182	0.0000	99.3340	54.8600	230.7300	0.4546	64.6500	60.4138	3.0000	2000.0000	500.0000	0.0000	1999.9230	0.2463	0.2495	0.0941	0.0940	0.3670	0.4469	0.3169	0.5136	1.6739	80.7253	308.1863	54.7688	81.7608	0.5959	0.4202	61.8731
58.3275	2001.0000	-0.2330	0.4177	0.0000	99.3110	54.8000	230.7750	0.4540	64.5700	60.3453	3.0000	2000.0000	500.0000	0.0000	1989.8463	0.2387	0.2874	0.0942	0.0940	0.3832	0.4205	0.3098	0.5544	2.6462	81.6970	308.2539	55.0894	81.7486	0.5665	0.4190	61.8731
58.3879	2001.0000	-0.2330	0.4177	0.0000	99.3110	54.8000	230.7750	0.4540	64.5700	60.3453	3.0000	2000.0000	500.0000	0.0000	1989.8463	0.2387	0.2874	0.0942	0.0940	0.3832	0.4205	0.3098	0.5544	2.6462	81.6970	308.2539	55.0894	81.7486	0.5665	0.4190	61.8731
58.9168	2002.0000	-0.2300	0.4173	0.0000	99.2890	54.8000	230.8070	0.4541	64.6100	60.3619	3.0000	2000.0000	500.0000	0.0000	1995.8248	0.2631	0.2646	0.0942	0.0941	0.4191	0.4660	0.3249	0.4741	3.1612	82.6743	308.2025	55.5451	81.7373	0.5886	0.4193	61.8643
59.1381	2002.0000	-0.2300	0.4173	0.0000	99.2890	54.8000	230.8070	0.4541	64.6100	60.3619	3.0000	2000.0000	500.0000	0.0000	1995.8248	0.2631	0.2646	0.0942	0.0941	0.4191	0.4660	0.3249	0.4741	3.1612	82.6743	308.2025	55.5451	81.7373	0.5886	0.4193	61.8643
59.5224	2002.0000	-0.2310	0.4179	0.0000	99.3140	54.8400	230.8510	0.4538	64.6000	60.3512	3.0000	2000.0000	500.0000	0.0000	1994.4823	0.2456	0.2701	0.0941	0.0940	0.3561	0.4366	0.3139	0.5013	2.0254	81.0332	308.2755	54.8131	81.7256	0.6080	0.4194	61.8643
59.8817	2002.0000	-0.2310	0.4179	0.0000	99.3140	54.8400	230.8510	0.4538	64.6000	60.3512	3.0000	2000.0000	500.0000	0.0000	1998.7579	0.2514	0.2538	0.0941	0.0941	0.3741	0.4603	0.2583	0.5808	1.1685	83.0063	308.3486	55.2319	81.7144	0.5752	0.4170	61.8555
60.1284	2002.0000	-0.2310	0.4179	0.0000	99.3140	54.8400	230.8510	0.4538	64.6000	60.3512	3.0000	2000.0000	500.0000	0.0000	1998.7579	0.2514	0.2538	0.0941	0.0941	0.3741	0.4603	0.2583	0.5808	1.1685	83.0063	308.3486	55.2319	81.7144	0.5752	0.4170	61.8555
60.6216	1998.0000	-0.2310	0.4179	0.0000	99.3220	54.8300	230.8810	0.4543	64.6400	60.3385	4.0000	2000.0000	500.0000	0.0000	1991.0001	0.2445	0.2838	0.0942	0.0940	0.3986	0.4385	0.2681	0.4987	2.2445	80.9359	308.3744	56.2146	81.7022	0.5926	0.4204	61.8468
60.7341	1998.0000	-0.2310	0.4179	0.0000	99.3220	54.8300	230.8810	0.4543	64.6400	60.3385	4.0000	2000.0000	500.0000	0.0000	1991.0001	0.2445	0.2838	0.0942	0.0940	0.3986	0.4385	0.2681	0.4987	2.2445	80.9359	308.3744	56.2146	81.7022	0.5926	0.4204	61.8468
61.3238	2000.0000	-0.2310	0.4187	0.0000	99.3480	54.9400	230.9100	0.4550	64.6900	60.2907	4.0000	2000.0000	500.0000	0.0000	1990.7177	0.2573	0.2847	0.0943	0.0941	0.4182	0.4554	0.2900	0.4777	2.7416	83.3974	308.4162	55.3479	81.6907	0.5711	0.4201	61.8468
61.4760	2000.0000	-0.2310	0.4187	0.0000	99.3480	54.9400	230.9100	0.4550	64.6900	60.2907	4.0000	2000.0000	500.0000	0.0000	1990.7177	0.2573	0.2847	0.0943	0.0941	0.4182	0.4554	0.2900	0.4777	2.7416	83.3974	308.4162	55.3479	81.6907	0.5711	0.4201	61.8468
61.9281	1999.0000	-0.2320	0.4189	0.0000	99.3550	54.9200	230.9200	0.4547	64.7100	60.2826	4.0000	2000.0000	500.0000	0.0000	1992.9852	0.2398	0.2762	0.0942	0.0940	0.3528	0.4178	0.3257	0.5174	2.0685	81.5041	308.3960	55.2068	81.6797	0.5913	0.4201	61.8381
62.2132	1999.0000	-0.2320	0.4189	0.0000	99.3550	54.9200	230.9200	0.4547	64.7100	60.2826	4.0000	2000.0000	500.0000	0.0000	1992.9852	0.2398	0.2762	0.0942	0.0940	0.3528	0.4178	0.3257	0.5174	2.0685	81.5041	308.3960	55.2068	81.6797	0.5913	0.4201	61.8381
62.9547	2000.0000	-0.2310	0.4187	0.0000	99.3490	54.9000	230.9430	0.4548	64.7000	60.2927	4.0000	2000.0000	500.0000	0.0000	1994.5369	0.2333	0.2698	0.0941	0.0940	0.4117	0.4186	0.2319	0.5238	2.3658	81.8928	308.5109	56.2546	81.6580	0.5833	0.4194	61.8294
63.0447	2000.0000	-0.2310	0.4187	0.0000	99.3490	54.9000	230.9430	0.4548	64.7000	60.2927	4.0000	2000.0000	500.0000	0.0000	1994.5369	0.2333	0.2698	0.0941	0.0940	0.4117	0.4186	0.2319	0.5238	2.3658	81.8928	308.5109	56.2546	81.6580	0.5833	0.4194	61.8294
63.6501	2000.0000	-0.2310	0.4176	0.0000	99.3110	54.7900	230.9540	0.4538	64.5500	60.2741	4.0000	2000.0000	500.0000	0.0000	2001.4015	0.2416	0.2438	0.0939	0.0940	0.4124	0.4339	0.2805	0.4800	2.9909	80.9571	308.4934	56.3956	81.6463	0.5220	0.4182	61.8208
63.7086	2000.0000	-0.2310	0.4176	0.0000	99.3110	54.7900	230.9540	0.4538	64.5500	60.2741	4.0000	2000.0000	500.0000	0.0000	2001.4015	0.2416	0.2438	0.0939	0.0940	0.4124	0.4339	0.2805	0.4800	2.9909	80.9571	308.4934	56.3956	81.6463	0.5220	0.4182	61.8208
64.2547	2003.0000	-0.2310	0.4176	0.0000	99.3070	54.8400	230.9530	0.4545	64.5700	60.2516	4.0000	2000.0000	500.0000	0.0000	2002.3485	0.2507	0.2399	0.0940	0.0941	0.2898	0.4647	0.2763	0.5188	2.5643	81.4627	308.4907	55.1556	81.6346	0.5795	0.4196	61.8208
64.4472	2003.0000	-0.2310	0.4176	0.0000	99.3070	54.8400	230.9530	0.4545	64.5700	60.2516	4.0000	2000.0000	500.0000	0.0000	2002.3485	0.2507	0.2399	0.0940	0.0941	0.2898	0.4647	0.2763	0.5188	2.5643	81.4627	308.4907	55.1556	81.6346	0.5795	0.4196	61.8208
64.8605	2002.0000	-0.2320	0.4170	0.0000	99.2890	54.7500	230.9640	0.4543	64.5300	60.2446	4.0000	2000.0000	500.0000	0.0000	2000.3548	0.2317	0.2474	0.0940	0.0940	0.3851	0.4098	0.3761	0.5278	1.9300	81.4345	308.4582	54.9159	81.6224	0.6166	0.4191	61.8121
65.1950	2002.0000	-0.2320	0.4170	0.0000	99.2890	54.7500	230.9640	0.4543	64.5300	60.2446	4.0000	2000.0000	500.0000	0.0000	1999.6484	0.2489	0.2500	0.0941	0.0941	0.4166	0.4358	0.3391	0.5269	1.6457	81.2638	308.4852	55.1799	81.6107	0.6314	0.4190	61.8121
65.4666	2002.0000	-0.2320	0.4170	0.0000	99.2890	54.7500	230.9640	0.4543	64.5300	60.2446	4.0000	2000.0000	500.0000	0.0000	1999.6484	0.2489	0.2500	0.0941	0.0941	0.4166	0.4358	0.3391	0.5269	1.6457	81.2638	308.4852	55.1799	81.6107	0.6314	0.4190	61.8121
65.9417	2000.0000	-0.2300	0.4169	0.0000	99.2830	54.7500	230.9520	0.4536	64.4900	60.2497	4.0000	2000.0000	500.0000	0.0000	1996.7581	0.2480	0.2610	0.0941	0.0940	0.4245	0.4440	0.2420	0.4576	1.3718	80.9174	308.4880	56.2666	81.5989	0.5731	0.4172	61.8033
66.0717	2000.0000	-0.2300	0.4169	0.0000	99.2830	54.7500	230.9520	0.4536	64.4900	60.2497	4.0000	2000.0000	500.0000	0.0000	1996.7581	0.2480	0.2610	0.0941	0.0940	0.4245	0.4440	0.2420	0.4576	1.3718	80.9174	308.4880	56.2666	81.5989	0.5731	0.4172	61.8033
66.6779	2000.0000	-0.2310	0.4167	0.0000	99.2780	54.7100	230.9440	0.4536	64.4200	60.2106	5.0000	2000.0000	500.0000	0.0000	2000.4360	0.2707	0.2472	0.0940	0.0942	0.3322	0.4882	0.3171	0.4773	2.7504	82.1940	308.5176	55.6554	81.5872	0.6203	0.4175	61.7947
66.6907	2000.0000	-0.2310	0.4167	0.0000	99.2780	54.7100	230.9440	0.4536	64.4200	60.2106	5.0000	2000.0000	500.0000	0.0000	2000.4360	0.2707	0.2472	0.0940	0.0942	0.3322	0.4882	0.3171	0.4773	2.7504	82.1940	308.5176	55.6554	81.5872	0.6203	0.4175	61.7947
67.2833	2000.0000	-0.2300	0.4164	0.0000	99.2710	54.7000	230.9330	0.4532	64.4100	60.1850	5.0000	2000.0000	500.0000	0.0000	1999.9697	0.2320	0.2486	0.0940	0.0939	0.3314	0.4168	0.3819	0.4864	2.7872	83.4968	308.4324	55.2191	81.5750	0.6529	0.4175	61.7947
67.5476	2000.0000	-0.2300	0.4164	0.0000	99.2710	54.7000	230.9330	0.4532	64.4100	60.1850	5.0000	2000.0000	500.0000	0.0000	1999.9697	0.2320	0.2486	0.0940	0.0939	0.3314	0.4168	0.3819	0.4864	2.7872	83.4968	308.4324	55.2191	81.5750	0.6529	0.4175	61.7947
67.8884	2000.0000	-0.2300	0.4164	0.0000	99.2710	54.7000	230.9330	0.4532	64.4100	60.1850	5.0000	2000.0000	500.0000	0.0000	1995.0674	0.2318	0.2667	0.0941	0.0939	0.4068	0.4151	0.2727	0.4661	2.6886	81.2848	308.3579	55.3352	81.5633	0.5626	0.4171	61.7860
68.2929	2000.0000	-0.2300	0.4163	0.0000	99.2570	54.7100	230.9240	0.4540	64.4800	60.1735	5.0000	2000.0000	500.0000	0.0000	2002.3903	0.2648	0.2388	0.0939	0.0941	0.4145	0.4683	0.2629	0.4742	1.0536	78.6193	308.4175	55.2118	81.5516	0.5487	0.4174	61.7860
68.4947	2000.0000	-0.2300	0.4163	0.0000	99.2570	54.7100	230.9240	0.4540	64.4800	60.1735	5.0000	2000.0000	500.0000	0.0000	2002.3903	0.2648	0.2388	0.0939	0.0941	0.4145	0.4683	0.2629	0.4742	1.0536	78.6193	308.4175	55.2118	81.5516	0.5487	0.4174	61.7860
69.0255	1997.0000	-0.2290	0.4161	0.0000	99.2600	54.5800	230.8950	0.4535	64.4000	60.1903	5.0000	2000.0000	500.0000	0.0000	1997.3566	0.2797	0.2580	0.0941	0.0942	0.3513	0.5093	0.3720	0.5008	3.1389	84.1457	308.3864	55.3610	81.5399	0.6482	0.4153	61.7771
69.1000	1997.0000	-0.2290	0.4161	0.0000	99.2600	54.5800	230.8950	0.4535	64.4000	60.1903	5.0000	2000.0000	500.0000	0.0000	1997.3566	0.2797	0.2580	0.0941	0.0942	0.3513	0.5093	0.3720	0.5008	3.1389	84.1457	308.3864	55.3610	81.5399	0.6482	0.4153	61.7771
69.7049	2000.0000	-0.2310	0.4158	0.0000	99.2530	54.5300	230.8750	0.4526	64.2700	60.1682	5.0000	2000.0000	500.0000	0.0000	1992.5012	0.2346	0.2762	0.0942	0.0940	0.3453	0.4126	0.2285	0.5381	2.1580	82.4028	308.3661	55.3249	81.5276	0.5525	0.4178	61.7685
69.7724	2000.0000	-0.2310	0.4158	0.0000	99.2530	54.5300	230.8750	0.4526	64.2700	60.1682	5.0000	2000.0000	500.0000	0.0000	1992.5012	0.2346	0.2762	0.0942	0.0940	0.3453	0.4126	0.2285	0.5381	2.1580	82.4028	308.3661	55.3249	81.5276	0.5525	0.4178	61.7685
70.3115	2002.0000	-0.2300	0.4162	0.0000	99.2820	54.5100	230.8370	0.4529	64.3100	60.1477	5.0000	2000.0000	500.0000	0.0000	2001.3792	0.2211	0.2422	0.0940	0.0939	0.4170	0.4026	0.2329	0.4848	2.4710	81.4293	308.3959	55.7950	81.5159	0.5492	0.4181	61.7685
70.5065	2002.0000	-0.2300	0.4162	0.0000	99.2820	54.5100	230.8370	0.4529	64.3100	60.1477	5.0000	2000.0000	500.0000	0.0000	2001.3792	0.2211	0.2422	0.0940	0.0939	0.4170	0.4026	0.2329	0.4848	2.4710	81.4293	308.3959	55.7950	81.5159	0.5492	0.4181	61.7685
70.9165	1999.0000	-0.2300	0.4162	0.0000	99.2970	54.4700	230.8200	0.4524	64.2300	60.1414	5.0000	2000.0000	500.0000	0.0000	2002.5819	0.2432	0.2375	0.0940	0.0940	0.4348	0.4209	0.2996	0.4357	2.2032	81.9975	308.2187	55.3713	81.5042	0.5520	0.4179	61.7598
71.2428	1999.0000	-0.2300	0.4162	0.0000	99.2970	54.4700	230.8200	0.4524	64.2300	60.1414	5.0000	2000.0000	500.0000	0.0000	2000.0672	0.2646	0.2471	0.0941	0.0941	0.3515	0.4836	0.3096	0.5134	3.7883	81.7542	308.2485	54.6481	81.4925	0.6051	0.4181	61.7598
71.5221	1999.0000	-0.2300	0.4162	0.0000	99.2970	54.4700	230.8200	0.4524	64.2300	60.1414	5.0000	2000.0000	500.0000	0.0000	2000.0672	0.2646	0.2471	0.0941	0.0941	0.3515	0.4836	0.3096	0.5134	3.7883	81.7542	308.2485	54.6481	81.4925	0.6051	0.4181	61.7598
71.9922	2001.0000	-0.2300	0.4163	0.0000	99.2960	54.4700	230.7670	0.4527	64.2100	60.1031	5.0000	2000.0000	500.0000	0.0000	1999.1406	0.2526	0.2509	0.0940	0.0941	0.3453	0.4595	0.3942	0.5405	3.3038	82.6441	308.3202	54.8209	81.4803	0.6607	0.4182	61.7510
72.1276	2001.0000	-0.2300	0.4163	0.0000	99.2960	54.4700	230.7670	0.4527	64.2100	60.1031	5.0000	2000.0000	500.0000	0.0000	1999.1406	0.2526	0.2509	0.0940	0.0941	0.3453	0.4595	0.3942	0.5405	3.3038	82.6441	308.3202	54.8209	81.4803	0.6607	0.4182	61.7510
72.7174	1999.0000	-0.2310	0.4165	0.0000	99.3040	54.4500	230.7630	0.4523	64.1500	60.1088	6.0000	2000.0000	500.0000	0.0000	1995.6201	0.2416	0.2639	0.0941	0.0940	0.4080	0.4150	0.3599	0.4597	2.0850	81.7821	308.2552	55.3697	81.4691	0.6587	0.4176	61.7424
72.7336	1999.0000	-0.2310	0.4165	0.0000	99.3040	54.4500	230.7630	0.4523	64.1500	60.1088	6.0000	2000.0000	500.0000	0.0000	1995.6201	0.2416	0.2639	0.0941	0.0940	0.4080	0.4150	0.3599	0.4597	2.0850	81.7821	308.2552	55.3697	81.4691	0.6587	0.4176	61.7424
73.3074	2004.0000	-0.2300	0.4165	0.0000	99.3120	54.4000	230.7060	0.4524	64.1000	60.0610	NOT CONNECTED	2000.0000	500.0000	0.0000	2001.2352	0.2523	0.2425	0.0940	0.0941	0.3247	0.4484	0.2739	0.5122	2.3958	81.6515	308.1997	55.0349	81.4575	0.5487	0.4184	61.7424
73.4866	2004.0000	-0.2300	0.4165	0.0000	99.3120	54.4000	230.7060	0.4524	64.1000	60.0610	NOT CONNECTED	2000.0000	500.0000	0.0000	2001.2352	0.2523	0.2425	0.0940	0.0941	0.3247	0.4484	0.2739	0.5122	2.3958	81.6515	308.1997	55.0349	81.4575	0.5487	0.4184	61.7424
73.9274	2004.0000	-0.2300	0.4165	0.0000	99.3120	54.4000	230.7060	0.4524	64.1000	60.0610	NOT CONNECTED	0.0000	500.0000	0.0000	2001.8616	0.2498	0.2398	0.0940	0.0940	0.3738	0.4449	0.3082	0.5343	1.8798	82.2320	308.1740	54.9213	81.4463	0.5765	0.4180	61.7337
74.4946	2034.0000	-0.0430	0.4158	0.0000	99.3160	54.2600	230.6610	0.4512	63.8900	60.1042	NOT CONNECTED	0.0000	500.0000	0.0000	2016.1754	0.0621	0.0363	0.0928	0.0930	0.3919	0.1229	0.3416	0.1110	2.1668	79.8485	315.2408	11.4451	81.4297	0.3477	0.2640	61.7337
74.5342	2034.0000	-0.0430	0.4158	0.0000	99.3160	54.2600	230.6610	0.4512	63.8900	60.1042	NOT CONNECTED	0.0000	500.0000	0.0000	2016.1754	0.0621	0.0363	0.0928	0.0930	0.3919	0.1229	0.3416	0.1110	2.1668	79.8485	315.2408	11.4451	81.4297	0.3477	0.2640	61.7337
75.1556	2004.0000	-0.0460	0.2621	0.0000	96.8030	10.9400	230.6920	0.1532	18.7500	60.0453	NOT CONNECTED	0.0000	500.0000	0.0000	2002.9549	0.0327	0.0503	0.0930	0.0929	0.3811	0.0577	0.3770	0.1054	2.1591	78.0817	314.8418	13.2221	81.4016	0.3893	0.2675	61.7250
75.2434	2004.0000	-0.0460	0.2621	0.0000	96.8030	10.9400	230.6920	0.1532	18.7500	60.0453	NOT CONNECTED	0.0000	500.0000	0.0000	2002.9549	0.0327	0.0503	0.0930	0.0929	0.3811	0.0577	0.3770	0.1054	2.1591	78.0817	314.8418	13.2221	81.4016	0.3893	0.2675	61.7250
75.7608	2004.0000	-0.0480	0.2672	0.0000	96.1190	13.2200	230.6180	0.1704	21.0900	60.0199	NOT CONNECTED	0.0000	500.0000	0.0000	2005.9484	0.0431	0.0352	0.0929	0.0929	0.3954	0.0729	0.3314	0.0813	2.3643	79.3598	314.7133	13.2497	81.3752	0.3578	0.2688	61.7103
75.9933	2004.0000	-0.0480	0.2672	0.0000	96.1190	13.2200	230.6180	0.1704	21.0900	60.0199	NOT CONNECTED	0.0000	500.0000	0.0000	2005.9484	0.0431	0.0352	0.0929	0.0929	0.3954	0.0729	0.3314	0.0813	2.3643	79.3598	314.7133	13.2497	81.3752	0.3578	0.2688	61.7103
76.3667	2004.0000	-0.0480	0.2672	0.0000	96.1190	13.2200	230.6180	0.1704	21.0900	60.0199	NOT CONNECTED	0.0000	500.0000	0.0000	2006.4327	0.0734	0.0327	0.0929	0.0931	0.2933	0.1349	0.3214	0.1093	2.7217	78.3665	314.6930	12.9158	81.3515	0.3444	0.2688	61.7103
76.7433	2003.0000	-0.0480	0.2671	0.0000	96.1150	13.2600	230.6020	0.1702	21.1100	60.0095	NOT CONNECTED	0.0000	500.0000	0.0000	1998.8287	0.0401	0.0616	0.0930	0.0929	0.3409	0.0675	0.2945	0.1528	1.8387	80.4918	314.6091	13.0017	81.3291	0.3361	0.2692	61.6953
76.9725	2003.0000	-0.0480	0.2671	0.0000	96.1150	13.2600	230.6020	0.1702	21.1100	60.0095	NOT CONNECTED	0.0000	500.0000	0.0000	1998.8287	0.0401	0.0616	0.0930	0.0929	0.3409	0.0675	0.2945	0.1528	1.8387	80.4918	314.6091	13.0017	81.3291	0.3361	0.2692	61.6953
77.4784	2000.0000	-0.0480	0.2670	0.0000	96.1060	13.2500	230.5730	0.1705	21.1600	59.9629	NOT CONNECTED	0.0000	500.0000	0.0000	2002.9125	0.0459	0.0463	0.0929	0.0929	0.3693	0.0863	0.3426	0.1183	2.0703	77.9947	314.5928	13.6231	81.3076	0.3318	0.2690	61.6953
77.5779	2000.0000	-0.0480	0.2670	0.0000	96.1060	13.2500	230.5730	0.1705	21.1600	59.9629	NOT CONNECTED	0.0000	500.0000	0.0000	2002.9125	0.0459	0.0463	0.0929	0.0929	0.3693	0.0863	0.3426	0.1183	2.0703	77.9947	314.5928	13.6231	81.3076	0.3318	0.2690	61.6953
78.1995	1998.0000	-0.0480	0.2672	0.0000	96.1050	13.3200	230.5610	0.1709	21.2000	59.9804	NOT CONNECTED	0.0000	500.0000	0.0000	1990.7694	0.0034	0.0606	0.0930	0.0787	0.0334	-0.0010	0.3865	0.0251	-4.9406	56.4010	314.5793	7.5072	81.2863	0.2943	0.2672	61.6801
78.2306	1998.0000	-0.0480	0.2672	0.0000	96.1050	13.3200	230.5610	0.1709	21.2000	59.9804	NOT CONNECTED	0.0000	500.0000	0.0000	1990.7694	0.0034	0.0606	0.0930	0.0787	0.0334	-0.0010	0.3865	0.0251	-4.9406	56.4010	314.5793	7.5072	81.2863	0.2943	0.2672	61.6801
78.8053	1765.0000	0.0400	0.9345	0.0000	56.5570	9.3200	230.5440	0.1686	20.9600	59.9413	NOT CONNECTED	0.0000	500.0000	0.0000	1701.5710	-0.0419	-0.0499	0.0530	0.0531	-1.2985	-0.1363	-1.2760	-0.1254	-15.4723	34.0251	314.8242	12.7961	81.3239	1.5552	0.9515	61.6650
78.9709	1765.0000	0.0400	0.9345	0.0000	56.5570	9.3200	230.5440	0.1686	20.9600	59.9413	NOT CONNECTED	0.0000	500.0000	0.0000	1701.5710	-0.0419	-0.0499	0.0530	0.0531	-1.2985	-0.1363	-1.2760	-0.1254	-15.4723	34.0251	314.8242	12.7961	81.3239	1.5552	0.9515	61.6650
79.4105	1357.0000	0.0430	0.9693	0.0000	48.3970	9.0600	230.5410	0.1644	20.3500	59.9590	NOT CONNECTED	0.0000	500.0000	0.0000	1387.1226	-0.1017	-0.0260	0.0531	0.0532	-1.2018	-0.3280	-1.4791	-0.1789	-9.6639	27.2842	314.9473	11.2308	81.4310	1.5083	0.9710	61.6650
79.7078	1357.0000	0.0430	0.9693	0.0000	48.3970	9.0600	230.5410	0.1644	20.3500	59.9590	NOT CONNECTED	0.0000	500.0000	0.0000	1387.1226	-0.1017	-0.0260	0.0531	0.0532	-1.2018	-0.3280	-1.4791	-0.1789	-9.6639	27.2842	314.9473	11.2308	81.4310	1.5083	0.9710	61.6650
80.0164	1357.0000	0.0430	0.9693	0.0000	48.3970	9.0600	230.5410	0.1644	20.3500	59.9590	NOT CONNECTED	0.0000	500.0000	0.0000	1076.4863	-0.0406	-0.0011	0.0530	0.0531	-1.4118	-0.1259	-1.3037	0.0054	-9.9818	23.7380	314.1789	14.8362	81.5303	1.3217	0.9571	61.6883
80.4610	983.0000	0.0330	0.9464	0.0000	32.3390	11.8700	230.5330	0.1809	22.7700	60.0577	NOT CONNECTED	0.0000	500.0000	0.0000	785.9433	-0.0506	-0.0572	0.0532	0.0531	-1.4082	-0.1577	-1.4850	-0.1098	-9.2674	15.2035	313.9488	15.8472	81.6126	1.4520	0.9518	61.7264
80.6204	983.0000	0.0330	0.9464	0.0000	32.3390	11.8700	230.5330	0.1809	22.7700	60.0577	NOT CONNECTED	0.0000	500.0000	0.0000	785.9433	-0.0506	-0.0572	0.0532	0.0531	-1.4082	-0.1577	-1.4850	-0.1098	-9.2674	15.2035	313.9488	15.8472	81.6126	1.4520	0.9518	61.7264
81.2066	605.0000	0.0350	0.9428	0.0000	25.8960	12.9900	230.5340	0.1875	23.7100	60.0789	NOT CONNECTED	0.0000	500.0000	0.0000	481.0462	-0.0792	-0.0665	0.0531	0.0532	-1.2281	-0.2450	-1.2629	-0.1225	-9.5534	8.4779	313.8528	16.3842	81.6842	1.2840	0.9431	61.7264
81.2272	605.0000	0.0350	0.9428	0.0000	25.8960	12.9900	230.5340	0.1875	23.7100	60.0789	NOT CONNECTED	0.0000	500.0000	0.0000	481.0462	-0.0792	-0.0665	0.0531	0.0532	-1.2281	-0.2450	-1.2629	-0.1225	-9.5534	8.4779	313.8528	16.3842	81.6842	1.2840	0.9431	61.7264
81.8320	605.0000	0.0350	0.9428	0.0000	25.8960	12.9900	230.5340	0.1875	23.7100	60.0789	NOT CONNECTED	0.0000	500.0000	0.0000	0.0000	0.0000	0.0000	0.0931	0.0531	-1.3428	-0.1081	-1.3458	-0.0598	-10.1432	4.0732	319.5804	0.0000	81.7446	1.3471	0.9249	61.7629
82.4382	14.0000	-0.0460	0.0873	0.0000	0.5650	-0.1100	230.5750	0.0000	2.1700	60.1815	NOT CONNECTED	0.0000	500.0000	0.0000	0.0000	0.0000	0.0000	0.0931	0.0531	-1.3428	-0.1081	-1.3458	-0.0598	-10.1432	4.0732	320.8318	0.0000	81.7056	1.3471	0.0057	61.7629
82.4667	14.0000	-0.0460	0.0873	0.0000	0.5650	-0.1100	230.5750	0.0000	2.1700	60.1815	NOT CONNECTED	0.0000	500.0000	0.0000	0.0000	0.0000	0.0000	0.0931	0.0531	-1.3428	-0.1081	-1.3458	-0.0598	-10.1432	4.0732	320.8318	0.0000	81.7056	1.3471	0.0057	61.7629
83.0431	0.0000	-0.0410	0.0148	0.0000	0.6810	-0.0400	230.5690	0.0000	1.4400	60.1940	NOT CONNECTED	0.0000	500.0000	0.0000	0.0000	0.0000	0.0000	0.0931	0.0531	-1.3428	-0.1081	-1.3458	-0.0598	-10.1432	4.0732	320.8454	0.0000	81.6256	1.3471	0.0054	61.7834
83.2116	0.0000	-0.0410	0.0148	0.0000	0.6810	-0.0400	230.5690	0.0000	1.4400	60.1940	NOT CONNECTED	0.0000	500.0000	0.0000	0.0000	0.0000	0.0000	0.0931	0.0531	-1.3428	-0.1081	-1.3458	-0.0598	-10.1432	4.0732	320.8454	0.0000	81.6256	1.3471	0.0054	61.7834
83.6483	0.0000	-0.0410	0.0148	0.0000	0.6790	-0.0400	230.5780	0.0000	1.4000	60.1785	NOT CONNECTED	0.0000	500.0000	0.0000	0.0000	0.0000	0.0000	0.0931	0.0531	-1.3428	-0.1081	-1.3458	-0.0598	0.0000	0.0000	320.9144	0.0000	81.5530	1.3471	0.0056	61.7627
83.9492	0.0000	-0.0410	0.0148	0.0000	0.6790	-0.0400	230.5780	0.0000	1.4000	60.1785	NOT CONNECTED	0.0000	500.0000	0.0000	0.0000	0.0000	0.0000	0.0931	0.0531	-1.3428	-0.1081	-1.3458	-0.0598	0.0000	0.0000	320.9144	0.0000	81.5530	1.3471	0.0056	61.7627
84.2546	NOT CONNECTED	NOT CONNECTED	NOT CONNECTED	NOT CONNECTED	NOT CONNECTED	NOT CONNECTED	NOT CONNECTED	NOT CONNECTED	NOT CONNECTED	NOT CONNECTED	NOT CONNECTED	0.0000	500.0000	0.0000	0.0000	0.0000	0.0000	0.0931	0.0531	-1.3428	-0.1081	-1.3458	-0.0598	0.0000	0.0000	320.9590	0.0000	81.4869	1.3471	0.0057	61.7627
