WindyBPMp50_330uF__HefeiH24_ID12__HighSpeedPower_196Vac_20250603_161424
Report created on: 2025/06/03: 16:23:50


Step N. = 	0
Target Speed = 	16300

Speed Mainboard (rpm_M)	Speed TestBench (rpm_M)	Speed Error (rpm_M)	Speed Error %	Torque TestBench (Nm_M)	Torque Ref (Nm)	Torque MainBoard (Nm_M)	Torque MainBoard Error (Nm_M)	Torque MainBoard Error %	Flux Ref (V/rad/s)	Flux (V/rad/s)	Id * Iq (A^2)	Id (Apeak)	Iq (Apeak)	Id Rotor (Apeak)	Iq Rotor (Apeak)	IMotor Measured (Arms)	IMotor MainBoard (Arms)	IMotor Error (Arms)	IMotor Error %	Motor Current THD %	Vsdref (Vpeak)	Vsqref (Vpeak)	Vout MainBoard (Vrms)	Vout Measured (Vrms)	Vout Error (Vrms)	Vout Error %	Motor Power MainBoard (W)	Motor Power Measured (W)	Motor Power Error (W)	Motor Power Error %	Line Voltage (Vrms)	Line Current (Arms)	Line Power (W)	Line Power Factor	Bulk Ripple (V)	DC Bus Voltage (Vrms)	Motor Mechanical Power (W)	Motor Efficiency	Inverter Efficiency	Overall Efficiency	Temperature (deg C)	Estimated Temperature (deg C)	Motor cos-phi	Electrical Power Alpha-Beta [W]	Electrical Power Error [W]	Electrical Power Error [%]	Bus Voltage Usage [%]	Rotational Losses [W]	Kt [Nm/Arms]	
16305.3189	16305.3189	0.0000	0.0000	0.1779	0.1812	0.1857	-0.0078	-4.3630	0.0192	0.0199	-4.1423	-2.5502	1.6244	-2.9485	0.3077	2.0780	2.0584	0.0196	0.9431	0.0000	-10.1754	146.7963	180.2736	175.8257	-4.4479	-2.5297	396.5582	365.0567	-31.5016	-8.6292	196.3513	2.6788	394.1844	0.7494	nan	174.1868	303.7439	83.2055	92.6106	77.0572	39.9235	78.5419	0.5768	389.0569	-24.0003	-6.5744	100.9409	21.8799	0.0856	
16299.3720	16299.3720	0.0000	0.0000	0.1945	0.1976	0.1833	0.0112	5.7605	0.0204	0.0190	-3.8191	-2.5800	1.4804	-3.0189	0.3623	2.0920	2.0769	0.0151	0.7205	0.0000	-7.8232	151.6190	185.9451	175.2067	-10.7384	-6.1290	367.0145	385.3000	18.2855	4.7458	196.4500	2.8117	415.7425	0.7527	nan	173.9512	331.9863	86.1599	92.6775	79.8509	40.3188	78.9127	0.6069	418.3446	-33.0446	-8.5763	100.7218	13.2862	0.0930	
16298.7509	16298.7509	0.0000	0.0000	0.2108	0.2110	0.2220	-0.0113	-5.3445	0.0196	0.0192	-4.2849	-2.3371	1.8432	-3.0524	0.3964	2.1114	2.0934	0.0180	0.8532	0.0000	-9.0860	150.0035	184.1312	174.4003	-9.7308	-5.5796	445.9498	410.9322	-35.0175	-8.5215	196.4622	2.9813	443.1333	0.7566	nan	173.5869	359.7557	87.5507	92.7332	81.1886	40.7250	79.2507	0.6443	433.9690	-23.0368	-5.6060	100.4687	10.3349	0.0998	
16297.8910	16297.8910	0.0000	0.0000	0.2285	0.2303	0.2161	0.0124	5.4410	0.0184	0.0201	-4.6885	-2.3873	1.9664	-2.9773	0.3395	2.1424	2.1200	0.0224	1.0473	0.0000	-11.9685	146.7035	180.3624	172.9957	-7.3666	-4.2583	475.4328	446.4200	-29.0128	-6.4990	196.2835	3.2187	481.3150	0.7618	nan	172.8010	389.9829	87.3571	92.7500	81.0238	41.1487	79.5821	0.6954	458.7030	-12.2830	-2.7514	100.1128	14.3151	0.1067	
16299.0332	16299.0332	0.0000	0.0000	0.2468	0.2457	0.2899	-0.0431	-17.4764	0.0199	0.0177	-4.6295	-1.8926	2.4574	-3.1462	0.4439	2.1708	2.1461	0.0247	1.1375	0.0000	-10.0207	150.8507	185.2239	171.7377	-13.4862	-7.8528	585.3952	475.4100	-109.9852	-23.1348	196.0554	3.4143	512.5822	0.7657	nan	172.0186	421.2078	88.5998	92.7480	82.1746	41.5554	79.9131	0.7362	509.0463	-33.6363	-7.0752	99.8368	10.8853	0.1137	
16299.0949	16299.0949	0.0000	0.0000	0.2632	0.2637	0.2362	0.0270	10.2479	0.0184	0.0178	-4.7365	-2.2256	2.1317	-3.1719	0.3742	2.2044	2.1851	0.0193	0.8769	0.0000	-10.9256	148.6787	182.6347	170.5627	-12.0720	-7.0778	511.5460	507.1544	-4.3916	-0.8659	196.0306	3.6257	546.9689	0.7696	nan	171.3286	449.2770	88.5878	92.7209	82.1394	41.9734	80.2642	0.7788	528.7973	-21.6428	-4.2675	99.5531	13.1354	0.1194	
16299.0057	16299.0057	0.0000	0.0000	0.2812	0.2819	0.3433	-0.0621	-22.0748	0.0186	0.0183	-3.4523	-1.0846	3.2047	-3.1745	0.4551	2.2382	2.2250	0.0132	0.5904	0.0000	-1.4893	144.0066	176.4903	169.6310	-6.8593	-4.0436	694.1088	537.2925	-156.8163	-29.1864	196.2320	3.8220	579.7025	0.7729	nan	170.8980	480.0463	89.3459	92.6842	82.8095	42.3806	80.6255	0.8170	569.6777	-32.3852	-6.0275	99.2587	11.0451	0.1257	
16297.8978	16297.8978	0.0000	0.0000	0.2977	0.2988	0.3456	-0.0479	-16.0832	0.0194	0.0178	-3.6168	-1.1979	3.0916	-3.2797	0.5133	2.2747	2.2526	0.0221	0.9720	0.0000	-9.3774	149.6636	183.6977	168.6712	-15.0265	-8.9087	710.5460	566.0850	-144.4610	-25.5193	196.3653	4.0114	611.2125	0.7759	nan	170.6401	508.1734	89.7695	92.6167	83.1415	42.7964	81.0021	0.8518	600.2000	-34.1150	-6.0265	98.8463	10.1110	0.1309	
16297.9218	16297.9218	0.0000	0.0000	0.3159	0.3210	0.2847	0.0312	9.8701	0.0175	0.0173	-4.7898	-1.7932	2.6766	-3.4018	0.4609	2.3326	2.3107	0.0219	0.9406	0.0000	-7.2505	146.1452	179.2730	167.0618	-12.2112	-7.3094	605.9053	603.0589	-2.8464	-0.4720	196.3280	4.2612	652.1611	0.7795	nan	169.9428	539.1317	89.3994	92.4708	82.6684	43.2436	81.4198	0.8935	629.1129	-26.0541	-4.3203	98.3049	13.5743	0.1354	
16299.8039	16299.8039	0.0000	0.0000	0.3318	0.3403	0.3058	0.0260	7.8373	0.0166	0.0171	-4.4327	-1.4848	2.9949	-3.4873	0.4830	2.3904	2.3749	0.0155	0.6466	0.0000	-5.7099	146.4295	179.5075	165.5754	-13.9320	-8.4143	670.6894	632.7278	-37.9616	-5.9997	196.0928	4.4724	685.5256	0.7817	nan	169.3219	566.3153	89.5045	92.2982	82.6111	43.7485	81.8998	0.9230	660.5598	-27.8320	-4.3987	97.7875	13.4277	0.1388	
16282.7790	16282.7790	0.0000	0.0000	0.3490	0.3965	0.3115	0.0375	10.7363	0.0151	0.0182	2.2516	0.5869	3.4564	-3.6352	0.5172	2.5772	2.5056	0.0716	2.7768	0.0000	-1.8696	150.5828	184.4662	164.3256	-20.1407	-12.2566	782.0647	674.5771	-107.4876	-15.9341	195.9186	5.0643	739.7871	0.7456	nan	169.6059	595.0911	88.2172	91.1851	80.4409	44.2748	82.4157	0.9196	705.6706	-31.0935	-4.6093	96.8869	17.7657	0.1354	
16285.0673	16285.0673	0.0000	0.0000	0.3692	0.4227	0.3115	0.0577	15.6262	0.0148	0.0182	4.7278	1.2910	3.6683	-3.5341	0.5158	2.6003	2.5928	0.0075	0.2887	0.0000	-1.8959	150.1230	183.9389	163.9242	-20.0146	-12.2097	823.4242	707.8000	-115.6242	-16.3357	196.1527	5.0708	772.9644	0.7771	nan	169.3537	629.6596	88.9715	91.5693	81.4703	44.8613	83.2273	0.9587	742.1956	-34.3956	-4.8595	96.7947	15.1643	0.1420	
16255.8214	16255.8214	0.0000	0.0000	0.3839	0.4077	0.3221	0.0618	16.0982	0.0158	0.0176	0.7388	0.1185	3.4376	-3.7093	0.5403	2.6555	2.6436	0.0119	0.4475	0.0000	-1.2625	144.2771	176.8718	164.0357	-12.8361	-7.8252	742.0663	725.3967	-16.6697	-2.2980	196.2897	5.1251	792.5956	0.7879	nan	168.9530	653.4934	90.0905	91.5219	82.4527	45.4951	83.9124	0.9615	753.4348	-28.0381	-3.8652	97.0895	6.0583	0.1446	
16010.8697	16010.8697	0.0000	0.0000	0.4016	0.3808	0.4130	-0.0114	-2.8467	0.0189	0.0174	0.3033	0.0677	3.5835	-3.6787	0.6857	2.6662	2.6753	-0.0091	-0.3426	0.0000	0.2903	147.8491	181.0810	163.4698	-17.6112	-10.7734	795.1451	724.3689	-70.7762	-9.7707	196.1853	5.1259	791.8178	0.7874	nan	168.7708	673.2705	92.9480	91.4819	85.0307	46.1385	84.5707	0.9596	773.7487	-49.3798	-6.8169	96.8590	-15.4477	0.1506	
15409.0978	15409.0978	0.0000	0.0000	0.4168	0.4562	0.4125	0.0042	1.0167	0.0190	0.0196	4.3858	1.2122	3.6463	-3.8366	0.5790	2.6913	2.6928	-0.0015	-0.0547	0.0000	5.1403	146.5376	179.6051	162.7391	-16.8660	-10.3638	809.9924	728.1522	-81.8402	-11.2394	195.9152	5.1607	796.7744	0.7881	nan	168.4599	672.4940	92.3559	91.3875	84.4018	46.7546	85.1411	0.9599	754.4079	-26.2557	-3.6058	96.6041	-12.3117	0.1549	

Torque compensated Offset = 	0
Mean Torque Mainboard Error perc = 	0.9630435908957942


